1,9,49,183,198,87,1,4,-1,-1
1,11,1250,423,57,91,1,2,-1,-1
1,39,690,479,50,116,1,1,-1,-1
1,40,1674,115,128,57,1,4,-1,-1
1,52,177,650,75,112,1,2,-1,-1
1,87,122,234,212,76,1,4,-1,-1
1,114,335,162,193,82,1,4,-1,-1
1,115,1358,12,17,41,1,1,-1,-1
1,154,1353,177,157,81,1,4,-1,-1
1,196,1007,416,48,73,1,2,-1,-1
1,268,983,437,106,67,1,3,-1,-1
2,9,56,182,198,87,1,4,-1,-1
2,11,1257,422,57,91,1,2,-1,-1
2,39,695,497,40,93,1,1,-1,-1
2,40,1604,105,184,65,1,4,-1,-1
2,52,177,647,76,110,1,2,-1,-1
2,87,131,233,212,76,1,4,-1,-1
2,88,1211,314,59,58,1,10,-1,-1
2,114,368,191,169,72,1,4,-1,-1
2,115,1358,11,17,41,1,1,-1,-1
2,116,1648,137,129,58,1,4,-1,-1
2,154,1346,179,157,81,1,4,-1,-1
2,196,1014,414,48,73,1,2,-1,-1
2,268,989,436,106,67,1,3,-1,-1
3,9,63,181,198,87,1,4,-1,-1
3,11,1262,440,66,105,1,2,-1,-1
3,39,702,476,50,116,1,1,-1,-1
3,40,1610,105,150,53,1,4,-1,-1
3,41,879,28,23,35,1,2,-1,-1
3,52,177,644,77,109,1,2,-1,-1
3,53,895,198,169,85,1,4,-1,-1
3,87,141,232,212,76,1,4,-1,-1
3,88,1199,309,59,56,1,10,-1,-1
3,114,374,190,169,72,1,4,-1,-1
3,115,1359,10,17,41,1,1,-1,-1
3,116,1641,138,129,59,1,4,-1,-1
3,154,1340,181,157,81,1,4,-1,-1
3,155,358,19,23,48,1,2,-1,-1
3,196,1022,413,48,73,1,2,-1,-1
3,268,996,436,106,67,1,3,-1,-1
4,9,70,180,198,87,1,4,-1,-1
4,11,1288,440,64,100,1,2,-1,-1
4,39,709,475,50,116,1,1,-1,-1
4,40,1601,92,174,62,1,4,-1,-1
4,41,880,28,23,35,1,2,-1,-1
4,52,178,641,78,107,1,2,-1,-1
4,53,888,196,169,85,1,4,-1,-1
4,87,151,231,212,76,1,4,-1,-1
4,88,1187,303,59,55,1,10,-1,-1
4,114,380,190,169,72,1,4,-1,-1
4,115,1359,5,18,41,1,1,-1,-1
4,116,1634,139,129,59,1,4,-1,-1
4,154,1334,183,157,81,1,4,-1,-1
4,155,359,18,23,48,1,2,-1,-1
4,196,1029,411,48,73,1,2,-1,-1
4,197,1288,7,19,45,1,2,-1,-1
4,268,1003,435,106,67,1,3,-1,-1
5,9,77,180,198,87,1,4,-1,-1
5,11,1280,419,57,91,1,2,-1,-1
5,39,715,474,50,116,1,1,-1,-1
5,40,1594,105,150,54,1,4,-1,-1
5,41,881,29,23,35,1,2,-1,-1
5,52,178,639,79,105,1,2,-1,-1
5,53,880,193,170,85,1,4,-1,-1
5,87,161,231,212,76,1,4,-1,-1
5,88,1175,298,59,53,1,10,-1,-1
5,114,386,189,169,72,1,4,-1,-1
5,115,1358,5,18,41,1,1,-1,-1
5,116,1627,122,147,69,1,4,-1,-1
5,154,1328,185,157,81,1,4,-1,-1
5,155,357,-9,28,56,1,2,-1,-1
5,196,1037,410,48,73,1,2,-1,-1
5,197,1289,8,19,44,1,2,-1,-1
6,9,84,179,198,87,1,4,-1,-1
6,11,1288,418,57,91,1,2,-1,-1
6,26,845,40,34,34,1,10,-1,-1
6,39,733,438,61,144,1,1,-1,-1
6,40,1587,105,149,54,1,4,-1,-1
6,41,882,29,23,35,1,2,-1,-1
6,52,188,655,63,109,1,10,-1,-1
6,53,873,191,169,85,1,4,-1,-1
6,54,393,13,17,43,1,2,-1,-1
6,87,171,230,212,76,1,4,-1,-1
6,88,1163,292,58,52,1,10,-1,-1
6,114,392,189,169,72,1,4,-1,-1
6,115,1356,4,18,41,1,1,-1,-1
6,116,1608,138,149,69,1,4,-1,-1
6,117,1278,14,17,40,1,1,-1,-1
6,154,1322,187,157,81,1,4,-1,-1
6,155,360,17,23,48,1,2,-1,-1
6,197,1289,8,19,44,1,2,-1,-1
7,2,1044,395,99,62,1,3,-1,-1
7,9,92,178,197,87,1,4,-1,-1
7,11,1295,417,58,91,1,2,-1,-1
7,26,846,40,34,34,1,10,-1,-1
7,39,748,469,53,118,1,1,-1,-1
7,40,1579,105,149,54,1,4,-1,-1
7,41,883,30,23,35,1,2,-1,-1
7,52,179,633,81,102,1,2,-1,-1
7,53,866,189,169,85,1,4,-1,-1
7,54,393,12,17,43,1,2,-1,-1
7,87,181,229,212,76,1,4,-1,-1
7,88,1159,269,45,61,1,2,-1,-1
7,114,399,188,169,72,1,4,-1,-1
7,115,1355,4,18,41,1,1,-1,-1
7,116,1612,142,129,61,1,4,-1,-1
7,117,1279,14,17,40,1,1,-1,-1
7,118,1269,450,95,66,1,3,-1,-1
7,155,360,16,23,48,1,2,-1,-1
7,197,1290,8,19,45,1,2,-1,-1
7,198,853,26,23,34,1,2,-1,-1
8,1,508,78,25,54,1,1,-1,-1
8,2,1059,406,48,73,1,2,-1,-1
8,9,99,177,197,87,1,4,-1,-1
8,11,1303,416,57,91,1,2,-1,-1
8,26,846,40,34,34,1,10,-1,-1
8,39,735,470,49,116,1,1,-1,-1
8,40,1571,105,149,55,1,4,-1,-1
8,41,884,41,25,35,1,10,-1,-1
8,52,180,630,81,101,1,2,-1,-1
8,53,858,186,170,85,1,4,-1,-1
8,54,393,12,17,43,1,2,-1,-1
8,87,190,229,212,76,1,4,-1,-1
8,88,1139,281,58,49,1,10,-1,-1
8,116,1605,143,128,61,1,4,-1,-1
8,117,1280,14,17,40,1,1,-1,-1
8,118,1278,448,94,66,1,3,-1,-1
8,155,361,15,23,48,1,2,-1,-1
8,197,1291,8,18,45,1,2,-1,-1
8,198,854,27,23,34,1,2,-1,-1
8,199,722,196,130,85,1,7,-1,-1
9,1,509,78,25,54,1,1,-1,-1
9,2,1067,404,48,73,1,2,-1,-1
9,9,106,177,197,87,1,4,-1,-1
9,11,1310,415,58,91,1,2,-1,-1
9,26,847,41,34,34,1,10,-1,-1
9,39,760,467,53,118,1,1,-1,-1
9,40,1563,105,149,55,1,4,-1,-1
9,41,885,31,23,35,1,2,-1,-1
9,52,180,628,82,99,1,2,-1,-1
9,53,851,184,170,85,1,4,-1,-1
9,54,394,11,17,43,1,2,-1,-1
9,88,1137,258,45,61,1,2,-1,-1
9,117,1281,14,17,40,1,1,-1,-1
9,118,1261,460,98,68,1,3,-1,-1
9,156,186,670,52,67,1,2,-1,-1
9,198,855,28,23,34,1,2,-1,-1
9,199,729,196,131,85,1,7,-1,-1
9,200,1353,4,18,41,1,1,-1,-1
10,1,510,78,25,54,1,1,-1,-1
10,2,1074,403,48,73,1,2,-1,-1
10,9,113,176,197,87,1,4,-1,-1
10,11,1318,414,58,91,1,2,-1,-1
10,26,848,41,34,34,1,10,-1,-1
10,39,766,466,53,118,1,1,-1,-1
10,40,1556,105,148,55,1,4,-1,-1
10,41,886,31,23,35,1,2,-1,-1
10,42,362,14,23,48,1,2,-1,-1
10,52,175,597,103,120,1,2,-1,-1
10,53,844,182,170,85,1,4,-1,-1
10,54,394,11,17,43,1,2,-1,-1
10,55,1656,399,68,109,1,1,-1,-1
10,117,1281,13,17,40,1,1,-1,-1
10,118,1295,444,94,66,1,3,-1,-1
10,119,1118,270,58,48,1,10,-1,-1
10,156,187,667,52,67,1,2,-1,-1
10,198,856,29,23,34,1,2,-1,-1
10,199,736,195,131,85,1,7,-1,-1
10,200,1351,3,18,41,1,1,-1,-1
11,1,511,78,25,54,1,1,-1,-1
11,2,1082,402,48,73,1,2,-1,-1
11,9,120,175,197,87,1,4,-1,-1
11,11,1326,414,58,91,1,2,-1,-1
11,26,848,41,35,34,1,10,-1,-1
11,32,1289,196,157,81,1,4,-1,-1
11,39,754,467,49,115,1,1,-1,-1
11,40,1548,105,148,55,1,4,-1,-1
11,41,887,41,25,35,1,10,-1,-1
11,42,362,13,23,48,1,2,-1,-1
11,53,836,178,170,85,1,4,-1,-1
11,54,394,10,17,43,1,2,-1,-1
11,55,1638,391,58,94,1,1,-1,-1
11,117,1282,13,17,40,1,1,-1,-1
11,118,1304,443,94,66,1,3,-1,-1
11,119,1109,265,58,48,1,10,-1,-1
11,120,346,11,22,45,1,2,-1,-1
11,121,1265,7,19,41,1,1,-1,-1
11,156,188,664,52,67,1,2,-1,-1
11,198,858,30,23,34,1,2,-1,-1
11,199,744,195,131,85,1,7,-1,-1
11,200,1350,3,18,41,1,1,-1,-1
11,201,909,1,49,48,1,4,-1,-1
12,1,511,76,25,54,1,1,-1,-1
12,2,1090,402,48,74,1,2,-1,-1
12,9,128,175,197,87,1,4,-1,-1
12,11,1334,412,56,91,1,2,-1,-1
12,26,849,41,35,34,1,10,-1,-1
12,32,1283,198,157,81,1,4,-1,-1
12,41,887,32,23,35,1,2,-1,-1
12,42,363,13,23,48,1,2,-1,-1
12,53,829,175,169,85,1,4,-1,-1
12,54,395,10,17,43,1,2,-1,-1
12,55,1643,391,58,94,1,1,-1,-1
12,89,542,149,162,70,1,4,-1,-1
12,117,1283,13,17,40,1,1,-1,-1
12,118,1312,442,94,66,1,3,-1,-1
12,119,1100,260,58,48,1,10,-1,-1
12,120,347,11,22,45,1,2,-1,-1
12,121,1266,7,19,41,1,1,-1,-1
12,156,190,661,52,67,1,2,-1,-1
12,199,750,195,131,85,1,7,-1,-1
12,200,1349,3,18,41,1,1,-1,-1
12,201,909,1,49,48,1,4,-1,-1
13,1,511,74,25,54,1,1,-1,-1
13,2,1098,403,48,75,1,2,-1,-1
13,9,154,170,169,75,1,4,-1,-1
13,11,1343,411,53,91,1,2,-1,-1
13,19,767,464,49,116,1,1,-1,-1
13,26,850,42,35,34,1,10,-1,-1
13,32,1278,198,157,83,1,4,-1,-1
13,41,888,32,23,35,1,2,-1,-1
13,42,363,12,23,48,1,2,-1,-1
13,54,395,9,17,44,1,2,-1,-1
13,55,1648,390,58,94,1,1,-1,-1
13,89,532,148,163,70,1,4,-1,-1
13,118,1320,441,94,66,1,3,-1,-1
13,119,1092,255,58,48,1,10,-1,-1
13,120,347,10,22,45,1,2,-1,-1
13,121,1267,7,19,41,1,1,-1,-1
13,156,192,656,52,67,1,2,-1,-1
13,200,1348,3,18,41,1,1,-1,-1
13,201,909,1,49,48,1,4,-1,-1
14,1,512,73,25,54,1,1,-1,-1
14,2,1106,404,48,76,1,2,-1,-1
14,9,140,175,197,87,1,4,-1,-1
14,11,1351,409,51,91,1,2,-1,-1
14,19,773,463,49,115,1,1,-1,-1
14,26,860,29,23,34,1,2,-1,-1
14,32,1273,199,158,84,1,4,-1,-1
14,42,363,12,23,48,1,2,-1,-1
14,54,395,9,17,44,1,2,-1,-1
14,55,1653,389,58,94,1,1,-1,-1
14,89,522,147,164,70,1,4,-1,-1
14,119,1080,250,58,48,1,10,-1,-1
14,120,347,10,22,45,1,2,-1,-1
14,121,1268,7,19,41,1,1,-1,-1
14,156,194,651,52,67,1,2,-1,-1
14,201,910,1,49,48,1,4,-1,-1
15,1,512,71,25,54,1,1,-1,-1
15,2,1114,405,48,76,1,2,-1,-1
15,9,146,175,197,87,1,4,-1,-1
15,11,1360,408,49,91,1,2,-1,-1
15,19,780,462,49,115,1,1,-1,-1
15,26,861,29,23,34,1,2,-1,-1
15,32,1269,200,157,85,1,4,-1,-1
15,42,363,12,23,48,1,2,-1,-1
15,54,395,9,17,44,1,2,-1,-1
15,55,1658,388,58,94,1,1,-1,-1
15,68,379,9,23,47,1,2,-1,-1
15,89,512,146,165,70,1,4,-1,-1
15,90,448,184,169,72,1,4,-1,-1
15,119,1069,245,58,48,1,10,-1,-1
15,120,347,10,23,45,1,2,-1,-1
15,121,1269,7,19,41,1,1,-1,-1
15,201,910,1,49,48,1,4,-1,-1
16,1,513,70,25,54,1,1,-1,-1
16,2,1122,406,48,77,1,2,-1,-1
16,7,181,607,83,94,1,2,-1,-1
16,9,153,165,176,78,1,4,-1,-1
16,19,786,461,49,115,1,1,-1,-1
16,26,862,29,23,34,1,2,-1,-1
16,32,1264,201,158,86,1,4,-1,-1
16,42,363,12,23,48,1,2,-1,-1
16,55,1669,387,48,77,1,1,-1,-1
16,68,379,9,23,47,1,2,-1,-1
16,89,502,145,166,70,1,4,-1,-1
16,90,454,183,169,72,1,4,-1,-1
16,119,1058,240,58,48,1,10,-1,-1
16,120,347,10,23,44,1,2,-1,-1
16,121,1270,7,19,41,1,1,-1,-1
17,1,524,71,27,58,1,1,-1,-1
17,2,1131,407,47,78,1,2,-1,-1
17,7,181,604,83,94,1,2,-1,-1
17,19,809,459,53,118,1,1,-1,-1
17,26,862,28,23,34,1,2,-1,-1
17,32,1259,202,158,87,1,4,-1,-1
17,42,363,12,23,48,1,2,-1,-1
17,55,1669,390,58,94,1,1,-1,-1
17,68,379,9,23,47,1,2,-1,-1
17,89,491,144,168,70,1,4,-1,-1
17,90,461,183,169,72,1,4,-1,-1
17,120,347,10,23,44,1,2,-1,-1
17,121,1271,7,19,41,1,1,-1,-1
18,1,523,72,27,58,1,1,-1,-1
18,2,1139,408,47,79,1,2,-1,-1
18,7,178,607,83,94,1,2,-1,-1
18,19,817,464,53,118,1,1,-1,-1
18,26,863,28,23,34,1,2,-1,-1
18,32,1255,203,158,88,1,4,-1,-1
18,42,363,12,23,48,1,2,-1,-1
18,55,1675,393,58,94,1,1,-1,-1
18,68,379,9,23,47,1,2,-1,-1
18,89,466,126,190,79,1,4,-1,-1
18,90,466,184,169,72,1,4,-1,-1
18,91,331,20,26,46,1,2,-1,-1
18,202,97,125,163,66,1,4,-1,-1
18,203,1076,110,154,58,1,4,-1,-1
18,204,1300,4,18,45,1,2,-1,-1
18,205,1585,380,54,90,1,1,-1,-1
19,1,522,73,27,58,1,1,-1,-1
19,2,1147,409,47,79,1,2,-1,-1
19,7,191,632,67,113,1,10,-1,-1
19,19,826,469,53,118,1,1,-1,-1
19,32,1251,207,158,89,1,4,-1,-1
19,42,363,12,23,48,1,2,-1,-1
19,55,1681,395,58,94,1,1,-1,-1
19,68,378,9,23,47,1,2,-1,-1
19,69,799,197,131,85,1,7,-1,-1
19,89,471,142,170,70,1,4,-1,-1
19,90,472,185,168,73,1,4,-1,-1
19,91,330,19,27,47,1,2,-1,-1
19,202,83,126,160,66,1,4,-1,-1
19,203,1067,111,154,58,1,4,-1,-1
19,204,1301,5,18,45,1,2,-1,-1
19,205,1590,381,55,91,1,1,-1,-1
20,1,512,68,25,55,1,1,-1,-1
20,2,1155,410,47,80,1,2,-1,-1
20,7,172,614,83,94,1,2,-1,-1
20,19,835,474,53,118,1,1,-1,-1
20,32,1247,211,158,90,1,4,-1,-1
20,33,1480,107,146,58,1,4,-1,-1
20,42,363,12,23,48,1,2,-1,-1
20,68,378,9,23,47,1,2,-1,-1
20,69,823,216,145,94,1,7,-1,-1
20,90,477,186,169,74,1,4,-1,-1
20,91,330,19,28,47,1,2,-1,-1
20,157,913,1,48,48,1,4,-1,-1
20,202,69,126,158,67,1,4,-1,-1
20,203,1055,112,155,58,1,4,-1,-1
20,204,1303,6,18,45,1,2,-1,-1
20,205,1595,383,57,91,1,1,-1,-1
20,206,1390,437,88,63,1,3,-1,-1
21,1,510,69,25,55,1,1,-1,-1
21,2,1163,411,47,81,1,2,-1,-1
21,7,186,638,69,113,1,10,-1,-1
21,19,824,482,49,115,1,1,-1,-1
21,20,1011,228,61,46,1,10,-1,-1
21,32,1244,215,157,91,1,4,-1,-1
21,33,1473,108,146,58,1,4,-1,-1
21,43,1342,5,21,41,1,1,-1,-1
21,68,378,9,23,47,1,2,-1,-1
21,69,813,197,131,85,1,7,-1,-1
21,90,483,187,168,75,1,4,-1,-1
21,91,330,19,28,46,1,2,-1,-1
21,157,913,1,49,48,1,4,-1,-1
21,158,1625,643,278,237,1,4,-1,-1
21,202,55,126,155,68,1,4,-1,-1
21,203,1044,113,156,58,1,4,-1,-1
21,204,1305,7,18,45,1,2,-1,-1
21,205,1600,384,58,92,1,1,-1,-1
21,206,1390,448,93,66,1,3,-1,-1
22,1,520,77,27,57,1,1,-1,-1
22,2,1172,412,46,82,1,2,-1,-1
22,7,166,621,83,94,1,2,-1,-1
22,19,832,488,49,114,1,1,-1,-1
22,20,1003,228,61,46,1,10,-1,-1
22,32,1240,219,157,92,1,4,-1,-1
22,33,1467,109,146,58,1,4,-1,-1
22,43,1342,6,22,41,1,1,-1,-1
22,68,378,9,23,47,1,2,-1,-1
22,69,820,197,131,85,1,7,-1,-1
22,70,405,7,22,53,1,2,-1,-1
22,90,488,188,168,76,1,4,-1,-1
22,91,330,18,28,47,1,2,-1,-1
22,157,914,1,48,48,1,4,-1,-1
22,158,1633,651,269,238,1,4,-1,-1
22,202,41,127,152,68,1,4,-1,-1
22,203,1033,114,157,58,1,4,-1,-1
22,204,1306,8,18,45,1,2,-1,-1
22,205,1605,386,59,92,1,1,-1,-1
22,206,1400,451,93,66,1,3,-1,-1
22,207,1424,416,47,91,1,2,-1,-1
23,1,519,78,27,58,1,1,-1,-1
23,2,1182,417,46,84,1,2,-1,-1
23,7,176,650,71,114,1,10,-1,-1
23,19,847,506,59,138,1,1,-1,-1
23,20,995,227,61,46,1,10,-1,-1
23,33,1460,110,146,58,1,4,-1,-1
23,43,1342,7,23,41,1,1,-1,-1
23,68,378,9,23,47,1,2,-1,-1
23,69,827,198,131,85,1,7,-1,-1
23,70,405,7,22,53,1,2,-1,-1
23,91,330,18,28,47,1,2,-1,-1
23,92,363,12,23,48,1,2,-1,-1
23,122,896,47,25,35,1,10,-1,-1
23,157,914,1,48,48,1,4,-1,-1
23,158,1641,659,261,239,1,4,-1,-1
23,159,867,30,23,34,1,2,-1,-1
23,206,1410,455,93,66,1,3,-1,-1
23,207,1433,419,49,91,1,2,-1,-1
24,1,519,79,27,58,1,1,-1,-1
24,2,1192,422,46,86,1,2,-1,-1
24,7,154,635,83,94,1,2,-1,-1
24,19,848,499,48,114,1,1,-1,-1
24,20,987,227,61,46,1,10,-1,-1
24,33,1453,111,146,58,1,4,-1,-1
24,43,1342,8,23,41,1,1,-1,-1
24,69,833,201,131,85,1,7,-1,-1
24,70,405,7,22,53,1,2,-1,-1
24,91,330,18,29,47,1,2,-1,-1
24,92,364,12,23,48,1,2,-1,-1
24,122,896,36,23,35,1,2,-1,-1
24,123,861,50,31,33,1,10,-1,-1
24,157,915,1,48,48,1,4,-1,-1
24,158,1649,667,252,240,1,4,-1,-1
24,159,867,31,23,34,1,2,-1,-1
24,206,1420,459,93,66,1,3,-1,-1
24,207,1443,422,50,91,1,2,-1,-1
25,1,518,80,27,58,1,1,-1,-1
25,2,1202,428,46,87,1,2,-1,-1
25,7,148,643,83,94,1,2,-1,-1
25,19,856,505,48,114,1,1,-1,-1
25,20,979,227,61,46,1,10,-1,-1
25,33,1447,113,146,58,1,4,-1,-1
25,43,1342,9,23,41,1,1,-1,-1
25,69,840,205,131,85,1,7,-1,-1
25,70,404,8,22,53,1,2,-1,-1
25,91,328,19,28,47,1,2,-1,-1
25,92,362,13,23,48,1,2,-1,-1
25,122,898,50,25,35,1,10,-1,-1
25,123,861,51,31,33,1,10,-1,-1
25,124,1412,466,137,97,1,3,-1,-1
25,157,915,1,48,48,1,4,-1,-1
25,158,1657,675,244,241,1,4,-1,-1
25,159,868,32,23,34,1,2,-1,-1
25,207,1462,404,61,108,1,2,-1,-1
26,1,517,82,27,57,1,1,-1,-1
26,7,142,650,84,94,1,2,-1,-1
26,19,864,511,48,113,1,1,-1,-1
26,20,969,228,61,46,1,10,-1,-1
26,33,1440,114,147,58,1,4,-1,-1
26,43,1342,10,23,41,1,1,-1,-1
26,56,209,180,197,89,1,4,-1,-1
26,69,847,209,131,85,1,7,-1,-1
26,70,403,9,22,53,1,2,-1,-1
26,92,360,14,23,48,1,2,-1,-1
26,122,899,52,25,35,1,10,-1,-1
26,123,862,53,30,33,1,10,-1,-1
26,124,1438,468,119,80,1,3,-1,-1
26,158,1665,683,235,242,1,4,-1,-1
26,159,869,33,23,34,1,2,-1,-1
26,207,1464,432,53,92,1,2,-1,-1
27,1,516,83,27,57,1,1,-1,-1
27,7,136,658,84,94,1,2,-1,-1
27,20,960,229,61,46,1,10,-1,-1
27,33,1433,116,149,58,1,4,-1,-1
27,43,1342,12,23,41,1,1,-1,-1
27,56,211,183,197,90,1,4,-1,-1
27,69,854,212,131,85,1,7,-1,-1
27,70,402,10,22,53,1,2,-1,-1
27,92,358,15,23,48,1,2,-1,-1
27,93,375,146,178,70,1,4,-1,-1
27,122,899,53,25,35,1,10,-1,-1
27,123,863,55,30,33,1,10,-1,-1
27,124,1450,476,103,65,1,3,-1,-1
27,159,869,34,23,34,1,2,-1,-1
27,208,1510,183,126,74,1,4,-1,-1
28,1,516,84,27,57,1,1,-1,-1
28,7,130,665,84,94,1,2,-1,-1
28,20,957,208,41,55,1,2,-1,-1
28,33,1426,118,151,58,1,4,-1,-1
28,43,1342,13,23,41,1,1,-1,-1
28,56,214,186,196,91,1,4,-1,-1
28,70,401,12,22,53,1,2,-1,-1
28,92,357,17,23,48,1,2,-1,-1
28,93,362,148,179,69,1,4,-1,-1
28,122,899,39,23,35,1,2,-1,-1
28,123,864,57,30,33,1,10,-1,-1
28,124,1460,483,108,65,1,3,-1,-1
28,159,870,35,23,34,1,2,-1,-1
28,160,970,123,161,57,1,4,-1,-1
28,208,1506,187,128,77,1,4,-1,-1
29,7,125,673,84,94,1,2,-1,-1
29,8,1497,450,61,95,1,2,-1,-1
29,20,948,207,45,60,1,2,-1,-1
29,33,1419,120,152,58,1,4,-1,-1
29,34,337,14,24,41,1,2,-1,-1
29,43,1333,8,28,50,1,1,-1,-1
29,56,216,189,196,92,1,4,-1,-1
29,70,402,4,25,50,1,2,-1,-1
29,92,355,18,23,48,1,2,-1,-1
29,93,349,149,180,69,1,4,-1,-1
29,122,899,40,23,35,1,2,-1,-1
29,123,865,59,30,33,1,10,-1,-1
29,124,1470,490,113,64,1,3,-1,-1
29,125,1295,20,18,41,1,1,-1,-1
29,160,961,125,161,57,1,4,-1,-1
29,161,904,507,53,126,1,1,-1,-1
29,208,1503,191,128,79,1,4,-1,-1
30,5,1210,263,171,106,1,4,-1,-1
30,7,126,710,73,117,1,10,-1,-1
30,8,1508,456,64,96,1,2,-1,-1
30,20,939,209,45,60,1,2,-1,-1
30,33,1412,122,154,58,1,4,-1,-1
30,34,335,15,24,40,1,2,-1,-1
30,43,1343,15,23,41,1,1,-1,-1
30,56,218,192,196,93,1,4,-1,-1
30,70,406,2,19,45,1,2,-1,-1
30,92,353,19,23,48,1,2,-1,-1
30,93,336,151,181,69,1,4,-1,-1
30,123,866,61,30,33,1,10,-1,-1
30,124,1480,497,118,64,1,3,-1,-1
30,125,1297,21,18,41,1,1,-1,-1
30,126,1690,436,64,96,1,1,-1,-1
30,127,871,37,23,34,1,2,-1,-1
30,160,951,127,161,58,1,4,-1,-1
30,161,925,525,53,118,1,1,-1,-1
30,208,1499,195,130,82,1,4,-1,-1
31,5,1206,269,173,108,1,4,-1,-1
31,7,118,719,74,117,1,10,-1,-1
31,8,1524,464,65,98,1,2,-1,-1
31,20,931,210,45,60,1,2,-1,-1
31,33,1405,124,156,58,1,4,-1,-1
31,34,333,16,24,40,1,2,-1,-1
31,43,1343,17,23,41,1,1,-1,-1
31,56,221,195,196,94,1,4,-1,-1
31,93,318,153,184,69,1,4,-1,-1
31,124,1495,507,119,64,1,3,-1,-1
31,125,1300,23,18,41,1,1,-1,-1
31,126,1703,444,64,97,1,1,-1,-1
31,127,872,38,23,34,1,2,-1,-1
31,128,1680,115,143,61,1,4,-1,-1
31,160,941,129,161,60,1,4,-1,-1
31,161,933,535,53,118,1,1,-1,-1
31,162,899,61,25,35,1,10,-1,-1
31,208,1496,199,130,84,1,4,-1,-1
32,5,1203,275,175,110,1,4,-1,-1
32,7,111,727,74,118,1,10,-1,-1
32,8,1541,473,65,99,1,2,-1,-1
32,20,922,212,45,60,1,2,-1,-1
32,34,331,17,24,40,1,2,-1,-1
32,56,221,199,198,93,1,4,-1,-1
32,93,301,156,186,69,1,4,-1,-1
32,125,1303,25,17,41,1,1,-1,-1
32,126,1715,451,64,98,1,1,-1,-1
32,127,876,50,20,29,1,2,-1,-1
32,128,1676,117,143,63,1,4,-1,-1
32,129,369,17,23,47,1,2,-1,-1
32,160,931,131,161,62,1,4,-1,-1
32,161,941,545,53,118,1,1,-1,-1
32,162,901,44,23,35,1,2,-1,-1
32,163,869,65,30,33,1,10,-1,-1
33,5,1199,281,177,112,1,4,-1,-1
33,8,1557,481,66,101,1,2,-1,-1
33,20,913,213,45,60,1,2,-1,-1
33,34,328,18,23,41,1,2,-1,-1
33,56,222,203,200,93,1,4,-1,-1
33,93,284,159,188,69,1,4,-1,-1
33,125,1306,27,17,41,1,1,-1,-1
33,126,1727,459,65,98,1,1,-1,-1
33,127,872,41,23,34,1,2,-1,-1
33,128,1672,119,143,65,1,4,-1,-1
33,129,366,18,23,47,1,2,-1,-1
33,160,922,134,161,63,1,4,-1,-1
33,161,926,565,48,113,1,1,-1,-1
33,162,901,46,23,35,1,2,-1,-1
33,163,869,67,30,33,1,10,-1,-1
33,209,1343,19,23,41,1,1,-1,-1
34,5,1195,287,180,114,1,4,-1,-1
34,8,1574,490,66,102,1,2,-1,-1
34,20,925,219,46,62,1,2,-1,-1
34,34,325,20,23,41,1,2,-1,-1
34,56,223,207,202,93,1,4,-1,-1
34,93,267,162,190,69,1,4,-1,-1
34,125,1308,28,18,41,1,1,-1,-1
34,126,1740,467,65,98,1,1,-1,-1
34,127,872,43,23,34,1,2,-1,-1
34,128,1668,122,143,65,1,4,-1,-1
34,129,363,20,23,47,1,2,-1,-1
34,161,918,581,45,106,1,1,-1,-1
34,162,902,48,23,35,1,2,-1,-1
34,163,869,70,30,33,1,10,-1,-1
34,164,97,745,75,118,1,10,-1,-1
34,209,1343,21,23,41,1,1,-1,-1
35,5,1192,294,182,116,1,4,-1,-1
35,8,1591,499,66,103,1,2,-1,-1
35,34,322,22,23,41,1,2,-1,-1
35,44,909,242,132,87,1,7,-1,-1
35,56,224,211,204,93,1,4,-1,-1
35,125,1311,30,17,41,1,1,-1,-1
35,126,1752,475,66,99,1,1,-1,-1
35,127,872,44,23,34,1,2,-1,-1
35,128,1664,124,143,67,1,4,-1,-1
35,129,361,22,23,47,1,2,-1,-1
35,162,902,50,23,35,1,2,-1,-1
35,163,869,73,30,33,1,10,-1,-1
35,164,83,762,75,119,1,10,-1,-1
35,165,1326,36,17,41,1,1,-1,-1
35,166,895,216,45,60,1,2,-1,-1
35,209,1344,22,23,41,1,1,-1,-1
35,210,921,-12,60,60,1,4,-1,-1
35,211,946,586,48,113,1,1,-1,-1
36,5,1187,302,185,121,1,4,-1,-1
36,8,1615,521,58,90,1,2,-1,-1
36,34,319,23,23,42,1,2,-1,-1
36,44,916,245,133,89,1,7,-1,-1
36,57,233,168,194,69,1,4,-1,-1
36,126,1765,483,66,99,1,1,-1,-1
36,127,874,33,19,28,1,2,-1,-1
36,128,1688,134,151,73,1,4,-1,-1
36,129,358,24,23,47,1,2,-1,-1
36,162,903,52,23,35,1,2,-1,-1
36,163,869,75,30,33,1,10,-1,-1
36,164,69,780,75,120,1,10,-1,-1
36,165,1329,38,17,41,1,1,-1,-1
36,166,886,218,45,60,1,2,-1,-1
36,167,506,94,27,60,1,1,-1,-1
36,209,1344,23,23,41,1,1,-1,-1
36,210,924,12,48,49,1,4,-1,-1
36,211,958,600,48,117,1,1,-1,-1
36,212,338,29,23,48,1,2,-1,-1
37,5,1183,311,188,126,1,4,-1,-1
37,8,1635,500,66,102,1,2,-1,-1
37,34,316,25,23,42,1,2,-1,-1
37,44,923,249,134,91,1,7,-1,-1
37,57,212,171,198,70,1,4,-1,-1
37,94,1350,517,50,108,1,2,-1,-1
37,128,1676,113,125,62,1,4,-1,-1
37,129,355,26,23,47,1,2,-1,-1
37,163,869,78,30,33,1,10,-1,-1
37,164,62,831,71,114,1,10,-1,-1
37,165,1332,40,17,41,1,1,-1,-1
37,166,877,220,45,60,1,2,-1,-1
37,167,503,95,27,62,1,1,-1,-1
37,209,1344,24,23,41,1,1,-1,-1
37,210,925,13,48,49,1,4,-1,-1
37,211,971,615,47,121,1,1,-1,-1
37,212,335,31,23,48,1,2,-1,-1
38,5,1179,320,190,131,1,4,-1,-1
38,6,1490,242,140,97,1,4,-1,-1
38,8,1654,533,66,103,1,2,-1,-1
38,34,313,27,23,42,1,2,-1,-1
38,44,932,253,135,92,1,7,-1,-1
38,57,192,174,201,71,1,4,-1,-1
38,71,617,188,188,84,1,4,-1,-1
38,94,1364,528,53,108,1,2,-1,-1
38,95,904,57,23,35,1,2,-1,-1
38,96,1350,145,173,64,1,4,-1,-1
38,129,353,27,23,47,1,2,-1,-1
38,164,41,816,76,121,1,10,-1,-1
38,165,1335,41,17,41,1,1,-1,-1
38,166,868,221,45,60,1,2,-1,-1
38,167,501,96,27,64,1,1,-1,-1
38,210,926,14,48,49,1,4,-1,-1
38,211,983,630,48,125,1,1,-1,-1
38,212,332,32,23,48,1,2,-1,-1
38,213,299,43,24,46,1,2,-1,-1
38,214,1415,25,23,41,1,1,-1,-1
39,5,1174,328,194,136,1,4,-1,-1
39,6,1489,249,142,98,1,4,-1,-1
39,8,1675,545,66,103,1,2,-1,-1
39,27,869,83,30,33,1,10,-1,-1
39,34,310,28,23,43,1,2,-1,-1
39,44,942,257,136,94,1,7,-1,-1
39,57,171,177,205,72,1,4,-1,-1
39,71,605,190,189,84,1,4,-1,-1
39,94,1378,539,55,107,1,2,-1,-1
39,95,904,58,23,35,1,2,-1,-1
39,96,1341,148,173,64,1,4,-1,-1
39,164,47,810,77,123,1,10,-1,-1
39,165,1338,43,17,41,1,1,-1,-1
39,166,859,223,45,60,1,2,-1,-1
39,167,499,99,27,64,1,1,-1,-1
39,168,1344,27,23,41,1,1,-1,-1
39,210,927,15,48,49,1,4,-1,-1
39,211,996,644,47,129,1,1,-1,-1
39,212,329,34,23,48,1,2,-1,-1
39,213,296,46,24,46,1,2,-1,-1
39,214,1417,27,23,41,1,1,-1,-1
39,215,845,153,174,66,1,4,-1,-1
39,216,1352,39,18,47,1,2,-1,-1
40,5,1170,337,196,141,1,4,-1,-1
40,6,1489,256,143,100,1,4,-1,-1
40,8,1696,557,66,103,1,2,-1,-1
40,27,863,91,29,32,1,10,-1,-1
40,34,307,30,23,43,1,2,-1,-1
40,44,952,261,137,96,1,7,-1,-1
40,57,151,181,209,72,1,4,-1,-1
40,71,593,193,190,84,1,4,-1,-1
40,94,1392,550,58,107,1,2,-1,-1
40,95,902,73,23,35,1,2,-1,-1
40,96,1332,152,173,64,1,4,-1,-1
40,130,347,31,23,47,1,2,-1,-1
40,131,374,31,22,53,1,2,-1,-1
40,165,1341,45,17,41,1,1,-1,-1
40,166,853,207,48,64,1,2,-1,-1
40,167,497,102,27,64,1,1,-1,-1
40,168,1344,28,23,41,1,1,-1,-1
40,212,326,36,23,48,1,2,-1,-1
40,213,293,48,24,46,1,2,-1,-1
40,214,1420,28,23,41,1,1,-1,-1
40,215,833,156,176,66,1,4,-1,-1
40,216,1354,41,18,47,1,2,-1,-1
40,217,1639,137,148,71,1,4,-1,-1
41,5,1166,346,199,146,1,4,-1,-1
41,6,1489,264,144,104,1,4,-1,-1
41,8,1720,572,65,103,1,2,-1,-1
41,21,1371,611,134,67,1,3,-1,-1
41,27,870,87,30,33,1,10,-1,-1
41,44,962,265,137,97,1,7,-1,-1
41,57,126,186,211,73,1,4,-1,-1
41,71,581,196,191,83,1,4,-1,-1
41,94,1407,562,60,106,1,2,-1,-1
41,95,901,83,24,35,1,10,-1,-1
41,96,1324,156,173,64,1,4,-1,-1
41,130,360,31,16,47,1,2,-1,-1
41,131,371,33,22,53,1,2,-1,-1
41,167,495,105,27,64,1,1,-1,-1
41,168,1345,30,23,41,1,1,-1,-1
41,213,282,44,24,45,1,2,-1,-1
41,214,1423,30,23,41,1,1,-1,-1
41,215,821,159,177,67,1,4,-1,-1
41,216,1356,43,18,47,1,2,-1,-1
41,217,1632,140,151,71,1,4,-1,-1
41,218,1012,658,61,117,1,1,-1,-1
42,5,1162,358,203,151,1,4,-1,-1
42,6,1490,273,145,107,1,4,-1,-1
42,8,1744,587,65,103,1,2,-1,-1
42,21,1388,625,133,69,1,3,-1,-1
42,27,870,89,30,33,1,10,-1,-1
42,44,972,269,138,99,1,7,-1,-1
42,57,102,191,213,74,1,4,-1,-1
42,71,569,199,192,83,1,4,-1,-1
42,94,1425,577,60,106,1,2,-1,-1
42,95,901,86,24,35,1,10,-1,-1
42,96,1315,160,173,64,1,4,-1,-1
42,130,357,33,16,47,1,2,-1,-1
42,131,369,35,22,53,1,2,-1,-1
42,168,1345,32,23,41,1,1,-1,-1
42,169,1392,34,23,34,1,3,-1,-1
42,213,288,54,24,46,1,2,-1,-1
42,214,1425,31,25,42,1,1,-1,-1
42,215,809,162,179,68,1,4,-1,-1
42,216,1348,49,17,41,1,1,-1,-1
42,217,1626,143,153,71,1,4,-1,-1
42,218,1026,675,60,120,1,1,-1,-1
43,5,1158,370,207,156,1,4,-1,-1
43,6,1490,282,146,110,1,4,-1,-1
43,8,1768,602,64,103,1,2,-1,-1
43,21,1405,639,132,71,1,3,-1,-1
43,27,870,91,30,33,1,10,-1,-1
43,44,982,274,139,100,1,7,-1,-1
43,57,78,196,215,75,1,4,-1,-1
43,71,557,202,193,82,1,4,-1,-1
43,94,1443,592,60,106,1,2,-1,-1
43,95,901,89,24,35,1,10,-1,-1
43,96,1310,171,190,70,1,4,-1,-1
43,130,354,34,16,48,1,2,-1,-1
43,131,366,36,22,53,1,2,-1,-1
43,132,491,111,27,64,1,1,-1,-1
43,168,1346,34,23,41,1,1,-1,-1
43,169,1395,35,23,35,1,3,-1,-1
43,170,926,17,51,55,1,4,-1,-1
43,215,797,165,181,69,1,4,-1,-1
43,216,1351,51,17,41,1,1,-1,-1
43,217,1619,146,155,70,1,4,-1,-1
43,218,1040,693,59,123,1,1,-1,-1
43,219,802,258,69,46,1,10,-1,-1
44,5,1154,383,211,160,1,4,-1,-1
44,6,1491,291,147,113,1,4,-1,-1
44,8,1792,617,64,103,1,2,-1,-1
44,21,1423,653,131,73,1,3,-1,-1
44,27,871,94,30,33,1,10,-1,-1
44,44,993,279,141,101,1,7,-1,-1
44,57,14,208,261,92,1,4,-1,-1
44,71,546,205,194,82,1,4,-1,-1
44,94,1462,607,60,106,1,2,-1,-1
44,95,902,92,24,35,1,10,-1,-1
44,96,1298,168,173,64,1,4,-1,-1
44,130,352,36,16,47,1,2,-1,-1
44,131,363,38,22,53,1,2,-1,-1
44,132,487,114,27,64,1,1,-1,-1
44,168,1346,36,23,41,1,1,-1,-1
44,169,1398,37,23,35,1,3,-1,-1
44,170,926,17,52,58,1,4,-1,-1
44,171,337,38,23,47,1,2,-1,-1
44,172,797,240,46,60,1,2,-1,-1
44,217,1612,149,158,70,1,4,-1,-1
44,218,1054,711,59,125,1,1,-1,-1
44,219,789,262,69,46,1,10,-1,-1
45,5,1150,395,215,165,1,4,-1,-1
45,6,1491,300,148,116,1,4,-1,-1
45,8,1816,632,63,103,1,2,-1,-1
45,21,1441,670,134,73,1,3,-1,-1
45,27,870,96,29,33,1,10,-1,-1
45,44,994,282,167,119,1,7,-1,-1
45,57,29,206,219,77,1,4,-1,-1
45,71,530,208,199,82,1,4,-1,-1
45,95,902,93,24,35,1,10,-1,-1
45,96,1290,172,173,64,1,4,-1,-1
45,130,349,37,16,48,1,2,-1,-1
45,131,360,40,22,53,1,2,-1,-1
45,132,484,118,27,64,1,1,-1,-1
45,169,1398,42,22,33,1,1,-1,-1
45,170,925,17,53,60,1,4,-1,-1
45,171,334,40,23,47,1,2,-1,-1
45,172,783,243,46,60,1,2,-1,-1
45,173,772,150,215,82,1,4,-1,-1
45,174,905,70,23,35,1,2,-1,-1
45,218,1068,729,58,128,1,1,-1,-1
45,219,775,266,69,46,1,10,-1,-1
46,5,1147,408,219,170,1,4,-1,-1
46,6,1492,309,149,119,1,4,-1,-1
46,21,1460,688,136,73,1,3,-1,-1
46,27,869,98,29,33,1,10,-1,-1
46,71,515,212,203,82,1,4,-1,-1
46,72,574,279,197,91,1,4,-1,-1
46,73,1098,772,47,137,1,1,-1,-1
46,130,346,39,16,48,1,2,-1,-1
46,131,357,42,22,53,1,2,-1,-1
46,132,486,110,28,67,1,1,-1,-1
46,133,308,47,23,48,1,2,-1,-1
46,169,1405,42,23,35,1,3,-1,-1
46,170,925,17,54,62,1,4,-1,-1
46,171,331,42,23,47,1,2,-1,-1
46,172,770,246,46,60,1,2,-1,-1
46,173,760,176,181,69,1,4,-1,-1
46,174,891,69,28,42,1,2,-1,-1
46,219,761,270,69,46,1,10,-1,-1
47,5,1142,422,223,177,1,4,-1,-1
47,6,1486,318,149,122,1,4,-1,-1
47,21,1478,705,139,73,1,3,-1,-1
47,27,868,100,29,34,1,10,-1,-1
47,72,573,286,200,91,1,4,-1,-1
47,73,1102,796,53,139,1,1,-1,-1
47,74,268,52,24,46,1,2,-1,-1
47,132,477,125,27,64,1,1,-1,-1
47,133,305,49,23,48,1,2,-1,-1
47,169,1408,45,23,35,1,3,-1,-1
47,170,925,18,55,64,1,4,-1,-1
47,171,329,44,23,47,1,2,-1,-1
47,172,756,250,46,60,1,2,-1,-1
47,173,748,180,181,69,1,4,-1,-1
47,174,905,75,23,35,1,2,-1,-1
47,219,747,275,69,46,1,10,-1,-1
48,6,1480,328,150,125,1,4,-1,-1
48,21,1497,723,142,73,1,3,-1,-1
48,27,867,102,29,34,1,10,-1,-1
48,28,484,220,212,82,1,4,-1,-1
48,72,573,293,203,91,1,4,-1,-1
48,73,1106,821,59,141,1,1,-1,-1
48,74,264,57,24,47,1,2,-1,-1
48,132,474,128,28,64,1,1,-1,-1
48,133,302,50,23,47,1,2,-1,-1
48,170,914,20,55,64,1,4,-1,-1
48,171,321,38,23,48,1,2,-1,-1
48,172,743,253,46,60,1,2,-1,-1
48,173,736,184,181,69,1,4,-1,-1
48,174,904,79,23,35,1,2,-1,-1
49,6,1474,338,151,128,1,4,-1,-1
49,21,1506,738,142,76,1,3,-1,-1
49,27,866,104,29,35,1,10,-1,-1
49,28,438,214,264,102,1,4,-1,-1
49,72,572,300,206,91,1,4,-1,-1
49,73,1110,845,65,143,1,1,-1,-1
49,74,260,63,24,47,1,2,-1,-1
49,75,1566,168,163,75,1,4,-1,-1
49,132,472,132,29,64,1,1,-1,-1
49,133,300,51,23,47,1,2,-1,-1
49,171,319,43,23,47,1,2,-1,-1
49,172,730,257,46,60,1,2,-1,-1
49,173,710,188,185,72,1,4,-1,-1
49,174,903,83,23,35,1,2,-1,-1
50,6,1468,348,152,131,1,4,-1,-1
50,21,1516,754,142,79,1,3,-1,-1
50,27,860,105,30,33,1,10,-1,-1
50,28,421,231,221,86,1,4,-1,-1
50,72,571,307,209,91,1,4,-1,-1
50,73,1114,870,71,145,1,1,-1,-1
50,74,252,53,23,46,1,2,-1,-1
50,75,1563,174,141,66,1,4,-1,-1
50,133,295,47,23,47,1,2,-1,-1
50,173,684,193,190,74,1,4,-1,-1
50,174,895,85,23,35,1,2,-1,-1
51,6,1463,358,152,134,1,4,-1,-1
51,21,1525,769,142,82,1,3,-1,-1
51,27,876,103,24,35,1,10,-1,-1
51,28,390,236,225,88,1,4,-1,-1
51,72,571,314,212,91,1,4,-1,-1
51,73,1118,894,77,147,1,1,-1,-1
51,74,250,59,23,48,1,2,-1,-1
51,75,1526,174,163,77,1,4,-1,-1
51,133,286,53,21,48,1,2,-1,-1
51,134,654,296,69,46,1,10,-1,-1
52,6,1446,368,163,141,1,4,-1,-1
52,21,1535,785,142,85,1,3,-1,-1
52,28,359,242,230,90,1,4,-1,-1
52,45,1304,67,21,41,1,1,-1,-1
52,72,573,322,214,92,1,4,-1,-1
52,73,1123,919,82,149,1,1,-1,-1
52,74,247,55,23,47,1,2,-1,-1
52,75,1498,175,163,78,1,4,-1,-1
52,133,279,56,23,53,1,2,-1,-1
52,134,622,302,69,46,1,10,-1,-1
52,220,632,213,186,73,1,4,-1,-1
53,6,1429,378,174,148,1,4,-1,-1
53,21,1545,801,142,88,1,3,-1,-1
53,28,327,245,232,93,1,4,-1,-1
53,35,158,73,24,49,1,2,-1,-1
53,45,1309,71,17,41,1,1,-1,-1
53,72,575,330,217,94,1,4,-1,-1
53,73,1127,908,58,131,1,1,-1,-1
53,74,237,60,22,47,1,2,-1,-1
53,75,1470,176,163,79,1,4,-1,-1
53,134,594,306,72,46,1,10,-1,-1
53,135,841,112,23,35,1,10,-1,-1
53,175,201,68,23,48,1,2,-1,-1
53,220,601,209,202,78,1,4,-1,-1
53,221,356,148,24,70,1,1,-1,-1
54,6,1432,392,174,153,1,4,-1,-1
54,12,367,156,29,65,1,1,-1,-1
54,21,1573,829,144,85,1,3,-1,-1
54,28,303,250,235,95,1,4,-1,-1
54,35,150,76,24,49,1,2,-1,-1
54,45,1308,69,25,50,1,1,-1,-1
54,72,577,338,220,95,1,4,-1,-1
54,73,1143,944,58,126,1,1,-1,-1
54,74,231,62,21,48,1,2,-1,-1
54,75,1461,181,167,79,1,4,-1,-1
54,134,566,311,76,45,1,10,-1,-1
54,135,832,115,24,35,1,10,-1,-1
54,136,216,62,23,47,1,2,-1,-1
54,175,194,71,23,48,1,2,-1,-1
54,220,582,214,205,79,1,4,-1,-1
54,221,348,151,24,70,1,1,-1,-1
55,6,1436,407,174,158,1,4,-1,-1
55,12,364,162,29,65,1,1,-1,-1
55,28,279,255,238,97,1,4,-1,-1
55,35,143,79,24,50,1,2,-1,-1
55,45,1314,76,17,41,1,1,-1,-1
55,74,226,65,20,48,1,2,-1,-1
55,75,1452,186,171,79,1,4,-1,-1
55,134,539,316,79,45,1,10,-1,-1
55,135,832,117,24,35,1,10,-1,-1
55,136,210,65,23,47,1,2,-1,-1
55,175,188,74,23,48,1,2,-1,-1
55,220,564,220,207,79,1,4,-1,-1
55,221,340,159,24,69,1,1,-1,-1
55,222,243,66,23,53,1,2,-1,-1
55,223,797,94,23,35,1,2,-1,-1
56,12,362,169,28,64,1,1,-1,-1
56,28,255,260,241,99,1,4,-1,-1
56,35,136,82,24,51,1,2,-1,-1
56,45,1317,79,17,41,1,1,-1,-1
56,75,1443,192,175,79,1,4,-1,-1
56,134,515,325,82,45,1,10,-1,-1
56,135,833,120,24,35,1,10,-1,-1
56,136,204,69,23,47,1,2,-1,-1
56,175,181,78,23,48,1,2,-1,-1
56,176,1621,218,184,91,1,4,-1,-1
56,220,548,226,211,79,1,4,-1,-1
56,221,334,163,25,70,1,1,-1,-1
56,222,237,69,23,53,1,2,-1,-1
56,223,797,97,23,35,1,2,-1,-1
56,224,1023,592,272,264,1,4,-1,-1
57,12,356,171,29,67,1,1,-1,-1
57,28,232,266,243,100,1,4,-1,-1
57,35,129,85,23,52,1,2,-1,-1
57,45,1320,82,17,41,1,1,-1,-1
57,75,1434,197,179,79,1,4,-1,-1
57,134,491,334,86,46,1,10,-1,-1
57,135,833,123,24,35,1,10,-1,-1
57,136,197,72,23,47,1,2,-1,-1
57,175,175,81,23,48,1,2,-1,-1
57,176,1598,218,201,97,1,4,-1,-1
57,221,328,172,30,77,1,1,-1,-1
57,222,231,72,22,53,1,2,-1,-1
57,223,797,101,23,35,1,2,-1,-1
57,224,1011,620,281,279,1,4,-1,-1
58,3,1087,233,200,77,1,4,-1,-1
58,12,350,174,30,69,1,1,-1,-1
58,28,198,273,250,105,1,4,-1,-1
58,35,122,88,23,53,1,2,-1,-1
58,45,1323,85,17,41,1,1,-1,-1
58,76,1448,452,173,171,1,4,-1,-1
58,135,834,126,24,35,1,10,-1,-1
58,136,191,75,23,47,1,2,-1,-1
58,175,168,84,23,48,1,2,-1,-1
58,176,1616,233,192,90,1,4,-1,-1
58,222,225,75,22,53,1,2,-1,-1
58,223,792,104,23,35,1,2,-1,-1
58,224,1000,648,288,293,1,4,-1,-1
59,3,1062,223,234,91,1,4,-1,-1
59,12,344,177,31,71,1,1,-1,-1
59,28,165,281,256,109,1,4,-1,-1
59,35,115,91,23,54,1,2,-1,-1
59,45,1320,86,17,41,1,1,-1,-1
59,46,1304,82,21,44,1,1,-1,-1
59,76,1452,467,173,176,1,4,-1,-1
59,135,828,129,24,35,1,10,-1,-1
59,136,185,79,23,47,1,2,-1,-1
59,176,1614,241,196,89,1,4,-1,-1
59,222,219,78,22,53,1,2,-1,-1
59,223,787,107,23,35,1,2,-1,-1
59,224,988,676,297,308,1,4,-1,-1
59,225,437,352,90,47,1,10,-1,-1
60,3,1051,245,210,83,1,4,-1,-1
60,12,331,181,33,72,1,1,-1,-1
60,28,132,289,262,113,1,4,-1,-1
60,35,124,84,22,48,1,2,-1,-1
60,45,1318,88,17,41,1,1,-1,-1
60,46,1300,84,21,46,1,1,-1,-1
60,76,1449,487,177,184,1,4,-1,-1
60,136,188,81,17,48,1,2,-1,-1
60,176,1598,246,199,89,1,4,-1,-1
60,177,1360,68,23,35,1,3,-1,-1
60,224,976,704,305,322,1,4,-1,-1
60,225,407,361,90,48,1,10,-1,-1
60,226,818,109,23,35,1,2,-1,-1
61,3,1033,252,215,85,1,4,-1,-1
61,12,315,188,33,72,1,1,-1,-1
61,35,131,96,23,48,1,2,-1,-1
61,45,1315,90,17,41,1,1,-1,-1
61,46,1297,86,21,49,1,1,-1,-1
61,76,1447,507,180,192,1,4,-1,-1
61,77,777,113,23,35,1,2,-1,-1
61,137,1381,217,192,83,1,4,-1,-1
61,176,1582,251,203,90,1,4,-1,-1
61,177,1354,69,23,35,1,3,-1,-1
61,178,111,387,295,125,1,4,-1,-1
61,179,108,87,22,50,1,2,-1,-1
61,225,377,370,91,49,1,10,-1,-1
61,226,813,113,23,35,1,2,-1,-1
62,3,1012,259,217,87,1,4,-1,-1
62,12,300,195,33,72,1,1,-1,-1
62,29,594,406,243,108,1,4,-1,-1
62,35,140,91,23,47,1,2,-1,-1
62,45,1313,92,17,41,1,1,-1,-1
62,46,1293,88,21,51,1,1,-1,-1
62,76,1445,527,184,200,1,4,-1,-1
62,77,773,116,23,35,1,2,-1,-1
62,137,1363,221,194,85,1,4,-1,-1
62,177,1349,71,23,35,1,3,-1,-1
62,178,107,396,300,127,1,4,-1,-1
62,179,116,100,23,48,1,2,-1,-1
62,225,347,379,91,50,1,10,-1,-1
62,226,809,117,23,35,1,2,-1,-1
63,3,992,267,218,88,1,4,-1,-1
63,12,285,202,33,73,1,1,-1,-1
63,29,596,417,248,112,1,4,-1,-1
63,35,143,94,19,47,1,2,-1,-1
63,46,1290,91,21,53,1,1,-1,-1
63,76,1442,547,188,208,1,4,-1,-1
63,77,763,120,23,35,1,2,-1,-1
63,137,1323,206,226,100,1,4,-1,-1
63,138,57,108,23,53,1,2,-1,-1
63,177,1344,73,23,35,1,3,-1,-1
63,178,98,411,303,129,1,4,-1,-1
63,179,112,78,28,58,1,2,-1,-1
63,180,814,56,66,64,1,4,-1,-1
63,225,318,388,91,51,1,10,-1,-1
63,226,800,121,23,35,1,2,-1,-1
63,227,1547,243,187,85,1,4,-1,-1
64,3,972,274,220,91,1,4,-1,-1
64,12,269,208,33,73,1,1,-1,-1
64,29,598,428,253,116,1,4,-1,-1
64,35,143,98,22,53,1,2,-1,-1
64,46,1286,93,21,53,1,1,-1,-1
64,76,1440,567,192,216,1,4,-1,-1
64,77,754,124,23,35,1,2,-1,-1
64,137,1284,214,266,120,1,4,-1,-1
64,138,58,97,22,54,1,2,-1,-1
64,177,1339,75,23,35,1,3,-1,-1
64,178,89,427,306,130,1,4,-1,-1
64,179,109,101,23,47,1,2,-1,-1
64,180,804,59,69,64,1,4,-1,-1
64,226,791,125,23,35,1,2,-1,-1
64,227,1539,268,207,97,1,4,-1,-1
64,228,11,538,287,132,1,4,-1,-1
64,229,794,145,24,35,1,10,-1,-1
65,3,988,269,194,81,1,4,-1,-1
65,4,519,538,324,155,1,4,-1,-1
65,12,253,214,33,73,1,1,-1,-1
65,29,600,439,257,120,1,4,-1,-1
65,46,1282,96,21,53,1,1,-1,-1
65,76,1438,587,195,224,1,4,-1,-1
65,77,745,128,23,35,1,2,-1,-1
65,137,1259,230,258,117,1,4,-1,-1
65,138,65,111,23,48,1,2,-1,-1
65,177,1334,78,23,35,1,3,-1,-1
65,178,31,420,369,156,1,4,-1,-1
65,179,109,102,18,47,1,2,-1,-1
65,180,797,62,69,64,1,4,-1,-1
65,227,1526,273,206,101,1,4,-1,-1
65,228,8,553,290,135,1,4,-1,-1
65,229,784,149,24,35,1,10,-1,-1
66,3,932,289,222,94,1,4,-1,-1
66,4,524,553,329,157,1,4,-1,-1
66,12,238,221,33,73,1,1,-1,-1
66,29,602,450,262,124,1,4,-1,-1
66,46,1278,98,21,53,1,1,-1,-1
66,76,1436,608,199,231,1,4,-1,-1
66,77,737,133,23,35,1,2,-1,-1
66,137,1282,216,248,114,1,4,-1,-1
66,138,77,112,23,47,1,2,-1,-1
66,139,775,134,23,35,1,2,-1,-1
66,178,71,459,313,133,1,4,-1,-1
66,179,114,106,22,53,1,2,-1,-1
66,180,792,72,85,78,1,4,-1,-1
66,227,1513,279,206,104,1,4,-1,-1
66,228,6,568,293,138,1,4,-1,-1
66,229,774,154,24,35,1,10,-1,-1
66,230,1372,78,28,48,1,1,-1,-1
67,3,912,297,224,96,1,4,-1,-1
67,4,528,569,336,159,1,4,-1,-1
67,12,224,227,33,75,1,1,-1,-1
67,29,604,461,267,128,1,4,-1,-1
67,46,1274,101,21,53,1,1,-1,-1
67,77,729,138,23,35,1,2,-1,-1
67,137,1235,225,255,118,1,4,-1,-1
67,138,79,108,17,47,1,2,-1,-1
67,139,768,138,23,35,1,2,-1,-1
67,180,784,68,69,64,1,4,-1,-1
67,227,1501,286,210,103,1,4,-1,-1
67,228,4,583,295,141,1,4,-1,-1
67,229,766,158,26,36,1,10,-1,-1
67,230,1369,81,28,48,1,1,-1,-1
68,3,887,305,228,98,1,4,-1,-1
68,4,533,584,341,161,1,4,-1,-1
68,12,211,233,32,77,1,1,-1,-1
68,29,610,473,270,131,1,4,-1,-1
68,46,1270,103,21,53,1,1,-1,-1
68,77,721,143,23,35,1,2,-1,-1
68,138,83,117,22,53,1,2,-1,-1
68,139,761,142,23,35,1,2,-1,-1
68,180,777,71,70,64,1,4,-1,-1
68,228,2,598,298,144,1,4,-1,-1
68,229,759,162,27,38,1,10,-1,-1
68,230,1366,83,28,48,1,1,-1,-1
69,3,863,314,231,99,1,4,-1,-1
69,4,537,599,348,164,1,4,-1,-1
69,29,616,486,274,133,1,4,-1,-1
69,46,1276,108,21,58,1,2,-1,-1
69,77,713,149,23,35,1,2,-1,-1
69,138,72,119,22,53,1,2,-1,-1
69,139,754,147,23,35,1,2,-1,-1
69,140,714,168,28,41,1,10,-1,-1
69,230,1364,86,28,48,1,1,-1,-1
69,231,1440,680,226,293,1,4,-1,-1
70,3,839,323,235,100,1,4,-1,-1
70,4,542,615,354,166,1,4,-1,-1
70,13,1263,109,21,53,1,1,-1,-1
70,29,623,498,277,137,1,4,-1,-1
70,58,155,244,31,82,1,1,-1,-1
70,78,194,337,278,108,1,4,-1,-1
70,139,747,151,23,35,1,2,-1,-1
70,140,709,173,28,41,1,10,-1,-1
70,230,1361,87,28,50,1,1,-1,-1
70,231,1450,718,217,291,1,4,-1,-1
71,3,814,332,239,101,1,4,-1,-1
71,4,553,632,361,170,1,4,-1,-1
71,13,1261,113,21,53,1,1,-1,-1
71,29,629,511,281,139,1,4,-1,-1
71,58,160,240,35,90,1,1,-1,-1
71,78,161,346,283,110,1,4,-1,-1
71,139,740,156,23,35,1,2,-1,-1
71,140,701,176,28,44,1,10,-1,-1
71,231,1454,746,222,306,1,4,-1,-1
71,232,756,79,72,66,1,4,-1,-1
71,233,1281,113,17,47,1,2,-1,-1
72,3,790,341,242,102,1,4,-1,-1
72,4,565,649,368,174,1,4,-1,-1
72,13,1259,117,22,53,1,1,-1,-1
72,22,1441,322,229,107,1,4,-1,-1
72,29,636,524,284,142,1,4,-1,-1
72,58,157,259,31,82,1,1,-1,-1
72,78,127,355,289,113,1,4,-1,-1
72,79,692,159,23,35,1,2,-1,-1
72,80,1311,93,23,35,1,3,-1,-1
72,139,733,161,23,35,1,2,-1,-1
72,140,694,180,27,47,1,10,-1,-1
72,231,1458,780,228,276,1,4,-1,-1
72,232,748,81,75,69,1,4,-1,-1
72,233,1279,117,17,47,1,2,-1,-1
72,234,1190,278,219,105,1,4,-1,-1
73,3,746,359,285,121,1,4,-1,-1
73,4,577,667,375,177,1,4,-1,-1
73,13,1257,121,22,53,1,1,-1,-1
73,22,1428,330,232,111,1,4,-1,-1
73,29,650,536,286,146,1,4,-1,-1
73,58,143,267,31,82,1,1,-1,-1
73,78,94,365,294,115,1,4,-1,-1
73,79,685,162,23,35,1,2,-1,-1
73,80,1309,96,23,35,1,3,-1,-1
73,140,686,184,27,49,1,10,-1,-1
73,231,1463,814,233,247,1,4,-1,-1
73,232,740,82,77,72,1,4,-1,-1
73,233,1277,120,17,47,1,2,-1,-1
73,234,1173,285,222,107,1,4,-1,-1
74,3,741,360,252,107,1,4,-1,-1
74,4,589,684,382,181,1,4,-1,-1
74,13,1255,125,23,53,1,1,-1,-1
74,22,1415,338,236,116,1,4,-1,-1
74,29,664,549,289,149,1,4,-1,-1
74,58,129,275,31,82,1,1,-1,-1
74,78,78,375,282,117,1,4,-1,-1
74,79,678,166,23,35,1,2,-1,-1
74,80,1307,99,23,35,1,3,-1,-1
74,140,679,188,27,52,1,10,-1,-1
74,232,733,84,79,75,1,4,-1,-1
74,233,1274,124,17,47,1,2,-1,-1
74,234,1156,293,225,108,1,4,-1,-1
75,3,716,371,259,110,1,4,-1,-1
75,4,601,702,389,184,1,4,-1,-1
75,13,1253,129,23,53,1,1,-1,-1
75,22,1408,347,237,116,1,4,-1,-1
75,58,120,281,31,85,1,1,-1,-1
75,78,62,385,271,119,1,4,-1,-1
75,79,676,170,23,35,1,2,-1,-1
75,80,1311,101,28,42,1,3,-1,-1
75,140,676,192,28,52,1,10,-1,-1
75,232,732,87,79,75,1,4,-1,-1
75,233,1272,127,17,47,1,2,-1,-1
75,234,1139,300,228,111,1,4,-1,-1
75,235,1259,147,17,41,1,1,-1,-1
76,3,691,381,266,113,1,4,-1,-1
76,4,613,719,396,188,1,4,-1,-1
76,13,1252,133,23,53,1,1,-1,-1
76,22,1401,357,238,116,1,4,-1,-1
76,58,111,287,31,88,1,1,-1,-1
76,78,47,395,259,121,1,4,-1,-1
76,79,674,174,23,35,1,2,-1,-1
76,80,1309,104,23,35,1,3,-1,-1
76,234,1122,308,231,112,1,4,-1,-1
76,235,1258,152,17,41,1,1,-1,-1
77,4,625,737,403,191,1,4,-1,-1
77,13,1253,136,23,53,1,1,-1,-1
77,14,715,583,254,136,1,4,-1,-1
77,22,1394,367,239,115,1,4,-1,-1
77,58,103,293,30,91,1,1,-1,-1
77,78,31,405,247,123,1,4,-1,-1
77,79,673,179,23,35,1,2,-1,-1
77,80,1313,107,23,35,1,3,-1,-1
77,97,672,201,30,52,1,10,-1,-1
77,235,1259,155,17,41,1,1,-1,-1
77,236,730,94,79,76,1,4,-1,-1
78,4,646,758,411,192,1,4,-1,-1
78,13,1255,140,23,53,1,1,-1,-1
78,14,720,600,300,163,1,4,-1,-1
78,22,1387,377,240,115,1,4,-1,-1
78,58,90,300,32,91,1,1,-1,-1
78,78,15,415,236,125,1,4,-1,-1
78,79,671,183,23,35,1,2,-1,-1
78,80,1316,110,23,35,1,3,-1,-1
78,97,670,206,31,51,1,10,-1,-1
78,235,1260,159,17,41,1,1,-1,-1
78,236,729,98,79,76,1,4,-1,-1
79,4,668,779,419,194,1,4,-1,-1
79,13,1257,143,23,53,1,1,-1,-1
79,14,735,612,305,168,1,4,-1,-1
79,22,1380,387,242,115,1,4,-1,-1
79,58,77,307,34,91,1,1,-1,-1
79,79,670,188,23,35,1,2,-1,-1
79,80,1320,113,23,35,1,3,-1,-1
79,97,668,210,32,51,1,10,-1,-1
79,235,1261,163,17,41,1,1,-1,-1
79,236,729,102,78,76,1,4,-1,-1
79,237,609,414,287,124,1,4,-1,-1
80,4,690,801,427,194,1,4,-1,-1
80,13,1262,147,17,47,1,2,-1,-1
80,14,750,625,310,172,1,4,-1,-1
80,22,1367,396,249,119,1,4,-1,-1
80,79,665,193,25,34,1,2,-1,-1
80,80,1323,115,23,35,1,3,-1,-1
80,97,666,215,33,51,1,10,-1,-1
80,236,726,104,81,76,1,4,-1,-1
80,237,577,425,295,130,1,4,-1,-1
80,238,1630,602,184,162,1,7,-1,-1
81,4,712,822,435,196,1,4,-1,-1
81,13,1263,170,17,41,1,1,-1,-1
81,14,711,662,371,208,1,4,-1,-1
81,22,1355,406,256,123,1,4,-1,-1
81,97,662,220,33,51,1,10,-1,-1
81,236,724,107,83,76,1,4,-1,-1
81,237,544,437,304,135,1,4,-1,-1
81,238,1663,615,180,163,1,7,-1,-1
82,4,734,844,443,197,1,4,-1,-1
82,13,1264,174,17,41,1,1,-1,-1
82,14,781,651,319,180,1,4,-1,-1
82,22,1343,416,262,126,1,4,-1,-1
82,97,658,225,33,52,1,10,-1,-1
82,237,535,459,269,122,1,4,-1,-1
82,238,1696,627,176,165,1,7,-1,-1
83,4,757,866,427,200,1,4,-1,-1
83,13,1266,178,17,41,1,1,-1,-1
83,14,796,664,324,184,1,4,-1,-1
83,22,1331,426,269,130,1,4,-1,-1
83,97,654,230,33,52,1,10,-1,-1
83,237,479,459,320,147,1,4,-1,-1
83,238,1729,640,173,167,1,7,-1,-1
84,13,1264,179,17,41,1,1,-1,-1
84,14,812,677,328,188,1,4,-1,-1
84,22,1312,439,271,132,1,4,-1,-1
84,97,651,236,33,52,1,10,-1,-1
84,238,1724,644,178,170,1,7,-1,-1
85,14,802,670,370,215,1,4,-1,-1
85,22,1263,441,272,135,1,4,-1,-1
86,14,785,694,332,195,1,4,-1,-1
86,239,629,122,93,81,1,4,-1,-1
87,14,772,702,333,199,1,4,-1,-1
87,36,1007,62,89,54,1,4,-1,-1
87,98,1162,447,275,142,1,4,-1,-1
87,239,583,129,95,77,1,4,-1,-1
88,14,759,711,335,202,1,4,-1,-1
88,36,967,64,91,55,1,4,-1,-1
88,98,1111,452,277,145,1,4,-1,-1
88,239,537,136,97,73,1,4,-1,-1
89,14,746,719,336,206,1,4,-1,-1
89,36,930,64,91,55,1,4,-1,-1
89,98,1059,456,279,148,1,4,-1,-1
89,239,489,137,99,81,1,4,-1,-1
90,14,733,728,338,209,1,4,-1,-1
90,36,893,65,91,55,1,4,-1,-1
90,98,1008,461,281,151,1,4,-1,-1
90,239,441,139,101,89,1,4,-1,-1
91,14,720,737,340,212,1,4,-1,-1
91,36,856,65,91,55,1,4,-1,-1
91,47,596,431,276,163,1,4,-1,-1
91,98,966,468,284,154,1,4,-1,-1
92,36,819,66,91,55,1,4,-1,-1
92,47,542,442,279,168,1,4,-1,-1
92,48,1754,487,69,92,1,2,-1,-1
92,98,925,476,287,156,1,4,-1,-1
93,36,782,67,91,55,1,4,-1,-1
93,47,488,453,283,173,1,4,-1,-1
93,48,1719,484,69,92,1,2,-1,-1
93,49,799,941,450,124,1,4,-1,-1
93,98,884,484,289,158,1,4,-1,-1
94,36,755,67,91,55,1,4,-1,-1
94,47,434,464,286,178,1,4,-1,-1
94,48,1684,480,69,93,1,2,-1,-1
94,49,799,936,457,129,1,4,-1,-1
94,98,843,492,292,160,1,4,-1,-1
94,181,1322,400,218,112,1,4,-1,-1
95,36,729,68,91,55,1,4,-1,-1
95,47,380,475,290,183,1,4,-1,-1
95,48,1649,477,69,92,1,2,-1,-1
95,49,799,930,464,134,1,4,-1,-1
95,141,-45,875,530,189,1,4,-1,-1
95,181,1286,403,218,112,1,4,-1,-1
96,36,702,69,91,55,1,4,-1,-1
96,47,326,487,293,188,1,4,-1,-1
96,48,1614,474,69,92,1,2,-1,-1
96,49,799,925,471,139,1,4,-1,-1
96,141,2,905,480,163,1,4,-1,-1
96,181,1251,407,218,112,1,4,-1,-1
96,240,676,698,455,284,1,4,-1,-1
97,36,676,70,91,55,1,4,-1,-1
97,47,272,498,296,193,1,4,-1,-1
97,48,1528,493,140,75,1,10,-1,-1
97,49,799,919,478,144,1,4,-1,-1
97,141,0,912,487,157,1,4,-1,-1
97,181,1209,409,220,113,1,4,-1,-1
97,240,659,773,413,258,1,4,-1,-1
98,36,650,71,91,55,1,4,-1,-1
98,47,218,509,300,198,1,4,-1,-1
98,48,1493,489,140,75,1,10,-1,-1
98,49,799,914,485,149,1,4,-1,-1
98,141,1,912,489,156,1,4,-1,-1
98,181,1168,411,222,114,1,4,-1,-1
98,240,699,746,340,212,1,4,-1,-1
99,47,164,520,303,203,1,4,-1,-1
99,48,1509,463,69,93,1,2,-1,-1
99,49,799,909,493,154,1,4,-1,-1
99,141,2,913,492,155,1,4,-1,-1
99,181,1126,413,224,115,1,4,-1,-1
99,240,693,743,340,212,1,4,-1,-1
100,47,110,531,307,208,1,4,-1,-1
100,48,1425,481,140,75,1,10,-1,-1
100,49,824,899,475,165,1,4,-1,-1
100,141,3,913,495,154,1,4,-1,-1
100,240,687,740,340,212,1,4,-1,-1
100,241,590,71,93,55,1,4,-1,-1
101,47,56,542,310,213,1,4,-1,-1
101,48,1391,477,140,75,1,10,-1,-1
101,49,850,889,456,176,1,4,-1,-1
101,141,4,914,497,153,1,4,-1,-1
101,142,1585,518,191,164,1,7,-1,-1
101,241,560,72,94,55,1,4,-1,-1
101,242,531,534,323,189,1,4,-1,-1
102,48,1373,475,139,75,1,10,-1,-1
102,49,875,879,438,187,1,4,-1,-1
102,81,808,129,29,59,1,1,-1,-1
102,142,1586,507,185,164,1,7,-1,-1
102,241,530,72,95,55,1,4,-1,-1
102,242,486,540,328,194,1,4,-1,-1
102,243,675,734,340,212,1,4,-1,-1
103,23,18,350,53,47,1,10,-1,-1
103,49,901,869,419,198,1,4,-1,-1
103,81,794,127,29,59,1,1,-1,-1
103,82,6,915,503,151,1,4,-1,-1
103,142,1587,496,179,164,1,7,-1,-1
103,241,500,73,97,55,1,4,-1,-1
103,242,461,545,331,197,1,4,-1,-1
103,243,669,732,340,212,1,4,-1,-1
104,23,16,349,53,47,1,10,-1,-1
104,81,792,127,29,59,1,1,-1,-1
104,82,28,909,499,157,1,4,-1,-1
104,142,1589,486,173,163,1,7,-1,-1
104,182,1752,147,122,72,1,4,-1,-1
104,241,498,73,97,56,1,4,-1,-1
104,242,436,551,334,199,1,4,-1,-1
104,243,686,724,335,212,1,4,-1,-1
104,244,518,30,23,41,1,1,-1,-1
104,245,1337,473,139,75,1,10,-1,-1
105,23,14,349,53,47,1,10,-1,-1
105,81,791,127,29,59,1,1,-1,-1
105,82,50,903,496,163,1,4,-1,-1
105,142,1630,455,161,153,1,7,-1,-1
105,182,1748,147,121,72,1,4,-1,-1
105,183,644,187,23,65,1,1,-1,-1
105,242,411,557,337,201,1,4,-1,-1
105,243,703,717,331,212,1,4,-1,-1
105,244,518,29,23,41,1,1,-1,-1
105,245,1328,473,139,75,1,10,-1,-1
106,23,12,349,53,47,1,10,-1,-1
106,81,791,128,29,59,1,1,-1,-1
106,82,72,898,493,168,1,4,-1,-1
106,142,1615,473,169,162,1,7,-1,-1
106,182,1743,147,120,72,1,4,-1,-1
106,183,643,187,23,65,1,1,-1,-1
106,184,940,435,222,128,1,4,-1,-1
106,243,755,719,302,195,1,4,-1,-1
106,244,518,29,23,41,1,1,-1,-1
106,245,1357,452,70,93,1,2,-1,-1
107,23,10,349,53,47,1,10,-1,-1
107,81,790,128,29,59,1,1,-1,-1
107,82,94,892,490,175,1,4,-1,-1
107,142,1629,467,166,161,1,7,-1,-1
107,143,362,569,342,206,1,4,-1,-1
107,182,1738,147,119,72,1,4,-1,-1
107,183,642,187,23,65,1,1,-1,-1
107,184,929,430,200,115,1,4,-1,-1
107,244,519,29,23,41,1,1,-1,-1
107,245,1311,475,139,75,1,10,-1,-1
107,246,7,320,40,71,1,2,-1,-1
108,23,8,349,53,47,1,10,-1,-1
108,81,790,129,29,59,1,1,-1,-1
108,82,65,855,532,198,1,4,-1,-1
108,99,1285,89,28,48,1,1,-1,-1
108,143,334,577,347,211,1,4,-1,-1
108,182,1734,147,118,73,1,4,-1,-1
108,183,641,187,23,65,1,1,-1,-1
108,184,910,448,222,128,1,4,-1,-1
108,185,669,185,23,47,1,2,-1,-1
108,244,518,29,23,41,1,1,-1,-1
108,245,1305,465,138,74,1,10,-1,-1
108,246,6,319,40,71,1,2,-1,-1
108,247,1320,95,116,50,1,4,-1,-1
109,15,1339,454,70,93,1,2,-1,-1
109,23,6,349,53,47,1,10,-1,-1
109,81,790,129,29,59,1,1,-1,-1
109,82,138,881,483,186,1,4,-1,-1
109,99,1286,90,28,48,1,1,-1,-1
109,143,306,585,352,216,1,4,-1,-1
109,144,733,137,23,37,1,3,-1,-1
109,182,1733,148,118,73,1,4,-1,-1
109,183,640,187,23,65,1,1,-1,-1
109,184,895,454,222,128,1,4,-1,-1
109,185,668,185,23,47,1,2,-1,-1
109,246,4,318,40,71,1,2,-1,-1
109,247,1321,96,116,50,1,4,-1,-1
110,15,1286,479,138,75,1,10,-1,-1
110,23,5,349,53,47,1,10,-1,-1
110,81,789,130,29,59,1,1,-1,-1
110,82,160,875,480,192,1,4,-1,-1
110,99,1286,90,28,48,1,1,-1,-1
110,143,278,593,357,221,1,4,-1,-1
110,144,733,138,23,38,1,3,-1,-1
110,183,639,187,23,65,1,1,-1,-1
110,184,847,466,266,154,1,4,-1,-1
110,185,667,185,23,47,1,2,-1,-1
110,246,3,317,40,71,1,2,-1,-1
110,247,1322,96,116,51,1,4,-1,-1
111,15,1278,481,136,75,1,10,-1,-1
111,23,3,349,53,47,1,10,-1,-1
111,82,182,869,477,199,1,4,-1,-1
111,83,1855,118,39,29,1,10,-1,-1
111,99,1286,91,28,48,1,1,-1,-1
111,143,278,593,296,185,1,4,-1,-1
111,144,733,139,23,38,1,3,-1,-1
111,184,865,467,222,128,1,4,-1,-1
111,185,666,184,23,47,1,2,-1,-1
111,246,2,317,38,71,1,2,-1,-1
111,247,1323,96,116,52,1,4,-1,-1
112,15,1312,461,70,93,1,2,-1,-1
112,23,2,349,53,47,1,10,-1,-1
112,83,1854,119,39,29,1,10,-1,-1
112,99,1286,91,28,48,1,1,-1,-1
112,143,223,610,366,230,1,4,-1,-1
112,144,732,140,23,38,1,3,-1,-1
112,185,665,184,23,47,1,2,-1,-1
112,247,1325,97,115,52,1,4,-1,-1
112,248,1348,128,118,65,1,4,-1,-1
113,15,1262,485,133,75,1,10,-1,-1
113,23,1,349,52,47,1,10,-1,-1
113,30,651,202,22,47,1,1,-1,-1
113,83,1852,121,39,29,1,10,-1,-1
113,99,1286,92,28,48,1,1,-1,-1
113,143,191,622,368,237,1,4,-1,-1
113,144,732,141,23,39,1,3,-1,-1
113,185,664,184,23,47,1,2,-1,-1
113,248,1350,129,117,65,1,4,-1,-1
113,249,493,186,24,49,1,1,-1,-1
114,15,1254,487,131,75,1,10,-1,-1
114,23,0,349,52,47,1,10,-1,-1
114,30,650,203,22,47,1,1,-1,-1
114,83,1851,122,39,29,1,10,-1,-1
114,99,1287,93,28,48,1,1,-1,-1
114,100,1283,267,196,138,1,5,-1,-1
114,144,731,142,23,39,1,3,-1,-1
114,248,1351,129,118,66,1,4,-1,-1
114,249,488,188,25,51,1,1,-1,-1
115,15,1246,490,130,75,1,10,-1,-1
115,23,0,352,47,47,1,10,-1,-1
115,30,655,201,20,42,1,1,-1,-1
115,83,1857,107,22,36,1,2,-1,-1
115,99,1288,93,28,48,1,1,-1,-1
115,100,1266,307,179,127,1,5,-1,-1
115,144,731,143,23,39,1,3,-1,-1
115,248,1315,108,137,64,1,4,-1,-1
115,249,483,190,26,52,1,1,-1,-1
115,250,1288,196,175,89,1,4,-1,-1
116,15,1237,495,130,75,1,10,-1,-1
116,23,0,356,42,47,1,10,-1,-1
116,30,657,189,24,50,1,2,-1,-1
116,83,1848,106,48,35,1,10,-1,-1
116,100,1252,311,182,131,1,5,-1,-1
116,101,1726,161,118,72,1,4,-1,-1
116,145,0,188,116,93,1,4,-1,-1
116,248,1274,106,155,74,1,4,-1,-1
116,249,478,191,27,55,1,1,-1,-1
116,250,1282,198,175,89,1,4,-1,-1
117,15,1228,500,131,76,1,10,-1,-1
117,30,653,191,25,53,1,2,-1,-1
117,83,1854,109,22,36,1,2,-1,-1
117,100,1238,316,185,134,1,5,-1,-1
117,101,1725,163,118,72,1,4,-1,-1
117,102,303,853,463,215,1,4,-1,-1
117,145,0,188,110,92,1,4,-1,-1
117,249,473,193,28,56,1,1,-1,-1
117,250,1268,179,203,104,1,4,-1,-1
117,251,639,211,22,47,1,1,-1,-1
118,15,1220,506,130,75,1,10,-1,-1
118,30,650,194,25,54,1,2,-1,-1
118,83,1853,111,22,36,1,2,-1,-1
118,84,1845,128,39,29,1,10,-1,-1
118,100,1224,321,188,138,1,5,-1,-1
118,101,1725,165,118,72,1,4,-1,-1
118,102,319,856,463,211,1,4,-1,-1
118,145,21,206,85,75,1,4,-1,-1
118,250,1276,204,171,89,1,4,-1,-1
118,251,636,214,22,47,1,1,-1,-1
118,252,735,500,263,155,1,4,-1,-1
119,15,1211,511,131,76,1,10,-1,-1
119,30,647,196,25,57,1,2,-1,-1
119,83,1852,114,22,36,1,2,-1,-1
119,84,1843,131,39,29,1,10,-1,-1
119,100,1210,326,191,141,1,5,-1,-1
119,101,1726,167,118,72,1,4,-1,-1
119,102,336,859,463,208,1,4,-1,-1
119,145,0,189,101,91,1,4,-1,-1
119,250,1277,209,167,87,1,4,-1,-1
119,251,633,217,22,47,1,1,-1,-1
119,252,703,519,278,166,1,4,-1,-1
120,15,1203,517,131,76,1,10,-1,-1
120,30,643,199,26,58,1,2,-1,-1
120,59,458,197,28,63,1,1,-1,-1
120,60,940,674,300,200,1,4,-1,-1
120,84,1842,134,39,29,1,10,-1,-1
120,100,1196,331,194,145,1,5,-1,-1
120,101,1727,170,118,72,1,4,-1,-1
120,102,352,862,463,204,1,4,-1,-1
120,145,0,190,98,91,1,4,-1,-1
120,186,617,201,23,65,1,1,-1,-1
120,251,629,219,22,47,1,1,-1,-1
120,252,694,521,275,166,1,4,-1,-1
121,15,1227,504,70,94,1,2,-1,-1
121,30,640,201,26,61,1,2,-1,-1
121,59,453,198,28,66,1,1,-1,-1
121,60,955,677,300,200,1,4,-1,-1
121,84,1841,137,39,29,1,10,-1,-1
121,100,1209,367,190,141,1,5,-1,-1
121,101,1729,173,118,72,1,4,-1,-1
121,102,368,865,463,201,1,4,-1,-1
121,145,13,185,76,73,1,4,-1,-1
121,186,614,203,23,65,1,1,-1,-1
121,251,626,222,22,47,1,1,-1,-1
121,252,674,532,281,171,1,4,-1,-1
121,253,1294,103,28,48,1,1,-1,-1
121,254,1360,135,118,67,1,4,-1,-1
122,15,1218,511,70,96,1,2,-1,-1
122,30,636,204,27,62,1,2,-1,-1
122,59,448,199,28,68,1,1,-1,-1
122,60,970,679,300,200,1,4,-1,-1
122,84,1850,124,22,36,1,2,-1,-1
122,101,1730,176,118,72,1,4,-1,-1
122,102,385,869,463,197,1,4,-1,-1
122,145,0,192,92,91,1,4,-1,-1
122,186,611,205,23,65,1,1,-1,-1
122,187,1337,101,113,57,1,4,-1,-1
122,252,654,543,287,176,1,4,-1,-1
122,253,1295,106,28,48,1,1,-1,-1
122,254,1361,136,119,67,1,4,-1,-1
122,255,1429,200,79,63,1,10,-1,-1
122,256,1474,185,32,47,1,2,-1,-1
123,15,1210,519,69,97,1,2,-1,-1
123,30,633,206,27,65,1,2,-1,-1
123,59,443,200,28,71,1,1,-1,-1
123,60,985,682,300,200,1,4,-1,-1
123,61,1839,143,39,29,1,10,-1,-1
123,84,1850,128,22,36,1,2,-1,-1
123,101,1731,179,118,72,1,4,-1,-1
123,102,401,876,463,190,1,4,-1,-1
123,186,608,208,23,65,1,1,-1,-1
123,187,1338,101,113,58,1,4,-1,-1
123,253,1296,110,28,48,1,1,-1,-1
123,254,1362,137,119,67,1,4,-1,-1
123,255,1425,204,79,63,1,10,-1,-1
123,256,1471,188,32,47,1,2,-1,-1
124,30,630,209,27,66,1,2,-1,-1
124,59,438,202,28,73,1,1,-1,-1
124,60,1001,684,300,200,1,4,-1,-1
124,61,1840,146,39,29,1,10,-1,-1
124,84,1851,131,22,36,1,2,-1,-1
124,102,417,884,463,182,1,4,-1,-1
124,186,605,210,23,65,1,1,-1,-1
124,187,1339,101,113,59,1,4,-1,-1
124,253,1297,112,28,48,1,1,-1,-1
124,254,1364,138,118,67,1,4,-1,-1
124,255,1421,209,79,63,1,10,-1,-1
124,256,1468,192,32,46,1,2,-1,-1
124,257,608,568,298,186,1,4,-1,-1
125,30,626,211,28,69,1,2,-1,-1
125,59,432,206,29,73,1,1,-1,-1
125,60,1016,687,300,200,1,4,-1,-1
125,61,1841,150,40,29,1,10,-1,-1
125,84,1852,134,22,36,1,2,-1,-1
125,186,602,212,23,65,1,1,-1,-1
125,187,1340,102,113,59,1,4,-1,-1
125,188,475,86,97,64,1,4,-1,-1
125,189,461,931,368,138,1,4,-1,-1
125,253,1299,115,28,48,1,1,-1,-1
125,254,1365,139,119,67,1,4,-1,-1
125,255,1417,213,79,64,1,10,-1,-1
125,256,1465,195,32,46,1,2,-1,-1
125,257,585,581,303,191,1,4,-1,-1
126,37,1138,564,131,76,1,10,-1,-1
126,59,426,210,30,73,1,1,-1,-1
126,60,1031,689,300,200,1,4,-1,-1
126,61,1843,154,39,29,1,10,-1,-1
126,84,1853,138,22,36,1,2,-1,-1
126,187,1341,102,113,60,1,4,-1,-1
126,188,474,87,97,64,1,4,-1,-1
126,189,450,899,462,167,1,4,-1,-1
126,255,1413,218,79,64,1,10,-1,-1
126,256,1462,199,33,46,1,2,-1,-1
126,257,562,594,309,196,1,4,-1,-1
127,37,1128,572,131,76,1,10,-1,-1
127,59,420,214,32,74,1,1,-1,-1
127,60,1047,692,300,200,1,4,-1,-1
127,61,1844,157,40,29,1,10,-1,-1
127,62,1170,551,69,102,1,2,-1,-1
127,187,1343,103,112,60,1,4,-1,-1
127,188,473,87,97,65,1,4,-1,-1
127,189,466,907,462,159,1,4,-1,-1
127,190,1435,208,33,51,1,2,-1,-1
127,257,533,610,318,204,1,4,-1,-1
127,258,726,155,23,44,1,3,-1,-1
128,37,1120,588,131,76,1,10,-1,-1
128,59,414,218,33,74,1,1,-1,-1
128,60,1065,696,300,203,1,4,-1,-1
128,61,1845,161,40,29,1,10,-1,-1
128,62,1157,561,68,103,1,2,-1,-1
128,188,472,88,97,65,1,4,-1,-1
128,189,483,915,461,151,1,4,-1,-1
128,190,1423,210,37,57,1,2,-1,-1
128,257,505,627,327,212,1,4,-1,-1
128,258,725,156,23,44,1,3,-1,-1
129,37,1112,604,131,76,1,10,-1,-1
129,59,408,222,34,74,1,1,-1,-1
129,60,1083,700,300,206,1,4,-1,-1
129,61,1857,148,22,36,1,2,-1,-1
129,62,1144,571,67,104,1,2,-1,-1
129,188,470,89,97,65,1,4,-1,-1
129,189,499,922,461,144,1,4,-1,-1
129,190,1425,215,33,51,1,2,-1,-1
129,258,725,157,23,44,1,3,-1,-1
130,37,1104,620,131,76,1,10,-1,-1
130,61,1857,150,22,36,1,2,-1,-1
130,62,1131,582,67,104,1,2,-1,-1
130,188,469,89,97,66,1,4,-1,-1
130,189,515,930,461,136,1,4,-1,-1
130,190,1420,219,33,51,1,2,-1,-1
130,258,725,158,23,45,1,3,-1,-1
131,16,1848,170,40,29,1,10,-1,-1
131,37,1093,633,131,79,1,10,-1,-1
131,61,1858,153,22,36,1,2,-1,-1
131,62,1121,595,67,105,1,2,-1,-1
131,146,1119,709,300,212,1,4,-1,-1
131,190,1417,221,33,51,1,2,-1,-1
131,258,724,159,23,45,1,3,-1,-1
131,259,1356,114,112,61,1,4,-1,-1
132,16,1849,173,40,29,1,10,-1,-1
132,37,1082,647,131,81,1,10,-1,-1
132,61,1859,156,22,36,1,2,-1,-1
132,62,1112,609,67,106,1,2,-1,-1
132,146,1137,713,300,215,1,4,-1,-1
132,147,380,699,367,241,1,4,-1,-1
132,190,1414,223,33,51,1,2,-1,-1
132,259,1359,117,112,61,1,4,-1,-1
132,260,1026,443,243,182,1,5,-1,-1
133,10,1399,237,34,54,1,2,-1,-1
133,16,1849,175,40,29,1,10,-1,-1
133,37,1071,661,131,83,1,10,-1,-1
133,62,1103,622,67,107,1,2,-1,-1
133,146,1155,717,300,218,1,4,-1,-1
133,147,346,718,379,248,1,4,-1,-1
133,259,1363,120,112,61,1,4,-1,-1
133,260,1011,453,248,188,1,5,-1,-1
134,10,1409,227,33,52,1,2,-1,-1
134,16,1850,178,40,29,1,10,-1,-1
134,37,1060,675,131,85,1,10,-1,-1
134,62,1094,636,67,108,1,2,-1,-1
134,146,1174,722,300,221,1,4,-1,-1
134,147,300,743,392,239,1,4,-1,-1
134,148,1376,239,70,57,1,10,-1,-1
134,259,1366,123,112,61,1,4,-1,-1
134,260,997,480,213,164,1,5,-1,-1
135,10,1406,229,33,52,1,2,-1,-1
135,16,1862,165,22,36,1,2,-1,-1
135,37,1049,688,131,88,1,10,-1,-1
135,62,1084,650,67,109,1,2,-1,-1
135,146,1193,727,300,222,1,4,-1,-1
135,147,255,769,405,230,1,4,-1,-1
135,148,1381,248,79,64,1,10,-1,-1
135,259,1370,126,112,61,1,4,-1,-1
135,260,969,474,262,204,1,5,-1,-1
136,10,1404,232,33,52,1,2,-1,-1
136,16,1860,167,22,36,1,2,-1,-1
136,37,1038,702,131,90,1,10,-1,-1
136,62,1075,663,67,110,1,2,-1,-1
136,146,1212,732,300,223,1,4,-1,-1
136,147,209,794,418,221,1,4,-1,-1
136,148,1378,251,78,64,1,10,-1,-1
136,260,948,484,269,213,1,5,-1,-1
137,10,1398,237,33,52,1,2,-1,-1
137,16,1859,169,22,36,1,2,-1,-1
137,37,1087,668,64,105,1,2,-1,-1
137,63,1398,161,120,67,1,4,-1,-1
137,146,1231,737,300,225,1,4,-1,-1
137,147,164,820,431,212,1,4,-1,-1
137,148,1374,255,79,64,1,10,-1,-1
137,149,1571,369,194,140,1,4,-1,-1
138,10,1392,242,33,52,1,2,-1,-1
138,16,1858,171,22,36,1,2,-1,-1
138,17,902,510,281,227,1,5,-1,-1
138,63,1398,163,121,67,1,4,-1,-1
138,64,544,266,22,62,1,1,-1,-1
138,147,118,845,444,203,1,4,-1,-1
138,148,1371,259,79,64,1,10,-1,-1
138,149,1570,381,194,140,1,4,-1,-1
139,10,1386,247,33,52,1,2,-1,-1
139,16,1857,173,22,36,1,2,-1,-1
139,17,872,521,290,236,1,5,-1,-1
139,63,1398,165,122,67,1,4,-1,-1
139,64,543,290,22,52,1,1,-1,-1
139,65,1139,282,200,91,1,4,-1,-1
139,148,1363,263,79,64,1,10,-1,-1
139,149,1563,391,197,141,1,4,-1,-1
140,10,1381,253,33,52,1,2,-1,-1
140,16,1855,175,23,36,1,2,-1,-1
140,17,853,540,291,239,1,5,-1,-1
140,63,1399,168,121,66,1,4,-1,-1
140,64,533,293,22,54,1,1,-1,-1
140,65,1127,297,203,79,1,4,-1,-1
140,148,1397,264,50,68,1,2,-1,-1
140,149,1557,401,199,142,1,4,-1,-1
141,10,1376,256,33,52,1,2,-1,-1
141,16,1854,177,23,36,1,2,-1,-1
141,17,829,555,296,245,1,5,-1,-1
141,63,1399,170,122,66,1,4,-1,-1
141,64,536,296,25,64,1,1,-1,-1
141,65,1115,299,207,82,1,4,-1,-1
141,85,517,274,23,65,1,1,-1,-1
141,149,1550,411,202,144,1,4,-1,-1
141,191,702,179,26,46,1,3,-1,-1
141,261,966,788,139,92,1,10,-1,-1
142,10,1371,259,33,52,1,2,-1,-1
142,16,1853,179,23,36,1,2,-1,-1
142,17,806,548,320,267,1,5,-1,-1
142,63,1399,172,123,66,1,4,-1,-1
142,64,531,283,32,77,1,2,-1,-1
142,65,1104,301,210,85,1,4,-1,-1
142,85,507,280,23,65,1,1,-1,-1
142,149,1544,421,204,145,1,4,-1,-1
142,191,699,182,26,46,1,3,-1,-1
142,261,949,807,142,92,1,10,-1,-1
143,10,1387,260,34,46,1,2,-1,-1
143,16,1852,182,23,36,1,2,-1,-1
143,17,779,588,311,259,1,5,-1,-1
143,24,1731,242,144,88,1,4,-1,-1
143,63,1399,174,124,66,1,4,-1,-1
143,64,521,289,34,77,1,2,-1,-1
143,65,1092,304,214,87,1,4,-1,-1
143,85,497,286,23,65,1,1,-1,-1
143,149,1538,432,206,146,1,4,-1,-1
143,191,695,184,27,47,1,3,-1,-1
143,261,932,826,145,92,1,10,-1,-1
144,10,1382,264,34,46,1,2,-1,-1
144,16,1851,188,23,36,1,2,-1,-1
144,17,754,605,321,268,1,5,-1,-1
144,24,1729,245,146,90,1,4,-1,-1
144,63,1400,177,124,66,1,4,-1,-1
144,64,512,294,34,77,1,2,-1,-1
144,65,1081,306,217,90,1,4,-1,-1
144,85,496,310,22,61,1,1,-1,-1
144,191,692,187,27,46,1,3,-1,-1
144,261,959,812,66,113,1,2,-1,-1
145,10,1378,268,34,46,1,2,-1,-1
145,16,1851,194,23,36,1,2,-1,-1
145,17,728,622,332,276,1,5,-1,-1
145,24,1727,248,147,91,1,4,-1,-1
145,63,1398,179,124,66,1,4,-1,-1
145,64,504,300,34,77,1,2,-1,-1
145,65,1069,309,222,92,1,4,-1,-1
145,85,489,318,22,61,1,1,-1,-1
145,191,688,190,28,46,1,3,-1,-1
145,261,943,832,65,114,1,2,-1,-1
146,10,1375,273,34,46,1,2,-1,-1
146,17,703,639,342,285,1,5,-1,-1
146,24,1725,251,149,93,1,4,-1,-1
146,25,1326,296,79,64,1,10,-1,-1
146,63,1396,181,124,66,1,4,-1,-1
146,64,495,306,35,76,1,2,-1,-1
146,65,1058,311,225,95,1,4,-1,-1
146,85,482,326,22,61,1,1,-1,-1
146,191,685,192,28,47,1,3,-1,-1
147,10,1372,278,34,46,1,2,-1,-1
147,17,667,669,351,291,1,5,-1,-1
147,24,1713,253,148,95,1,4,-1,-1
147,25,1322,301,79,64,1,10,-1,-1
147,64,487,311,35,77,1,2,-1,-1
147,65,1046,314,229,97,1,4,-1,-1
147,85,477,341,27,75,1,1,-1,-1
148,10,1369,284,34,46,1,2,-1,-1
148,17,632,699,359,297,1,5,-1,-1
148,24,1701,256,148,97,1,4,-1,-1
148,25,1318,306,79,64,1,10,-1,-1
148,50,1377,198,118,63,1,4,-1,-1
148,65,1035,316,232,100,1,4,-1,-1
148,85,468,341,22,61,1,1,-1,-1
148,262,462,74,23,41,1,1,-1,-1
149,17,597,729,367,303,1,5,-1,-1
149,24,1689,259,147,99,1,4,-1,-1
149,25,1302,310,81,64,1,10,-1,-1
149,50,1390,187,124,66,1,4,-1,-1
149,85,461,349,22,61,1,1,-1,-1
149,103,1507,494,226,168,1,4,-1,-1
149,262,455,75,23,41,1,1,-1,-1
150,17,562,760,376,309,1,5,-1,-1
150,24,1677,262,147,101,1,4,-1,-1
150,25,1286,314,83,64,1,10,-1,-1
150,50,1388,189,124,66,1,4,-1,-1
150,103,1492,502,229,173,1,4,-1,-1
150,262,448,76,23,41,1,1,-1,-1
151,17,519,785,386,284,1,5,-1,-1
151,24,1665,265,147,103,1,4,-1,-1
151,25,1297,315,33,61,1,2,-1,-1
151,50,1324,162,167,75,1,4,-1,-1
151,103,1477,510,232,178,1,4,-1,-1
151,192,141,337,46,85,1,1,-1,-1
151,262,441,78,23,41,1,1,-1,-1
152,17,489,812,370,242,1,5,-1,-1
152,24,1653,268,146,105,1,4,-1,-1
152,25,1255,323,86,64,1,10,-1,-1
152,38,1780,235,40,29,1,10,-1,-1
152,50,1373,190,124,70,1,4,-1,-1
152,103,1462,518,234,183,1,4,-1,-1
152,192,118,345,48,87,1,1,-1,-1
152,262,437,64,21,40,1,1,-1,-1
152,263,1743,386,157,112,1,4,-1,-1
153,24,1641,271,146,107,1,4,-1,-1
153,25,1240,327,87,64,1,10,-1,-1
153,38,1765,237,40,29,1,10,-1,-1
153,50,1360,190,124,74,1,4,-1,-1
153,103,1427,492,279,221,1,4,-1,-1
153,104,669,213,30,72,1,1,-1,-1
153,192,98,352,48,87,1,1,-1,-1
153,263,1737,393,161,115,1,4,-1,-1
154,24,1629,274,146,109,1,4,-1,-1
154,25,1250,315,38,73,1,2,-1,-1
154,38,1762,242,40,29,1,10,-1,-1
154,50,1342,189,135,85,1,4,-1,-1
154,103,1425,500,251,204,1,4,-1,-1
154,104,660,216,32,72,1,1,-1,-1
154,105,384,81,22,49,1,1,-1,-1
154,106,1861,239,47,26,1,10,-1,-1
154,192,78,360,48,87,1,1,-1,-1
154,263,1732,401,164,118,1,4,-1,-1
155,24,1626,279,148,109,1,4,-1,-1
155,25,1237,321,31,61,1,2,-1,-1
155,38,1770,227,23,36,1,2,-1,-1
155,50,1334,189,124,82,1,4,-1,-1
155,103,1431,546,242,200,1,4,-1,-1
155,104,651,220,34,72,1,1,-1,-1
155,105,383,80,25,56,1,1,-1,-1
155,106,1860,245,44,25,1,10,-1,-1
155,192,59,367,48,87,1,1,-1,-1
155,263,1727,408,167,121,1,4,-1,-1
156,24,1623,284,150,109,1,4,-1,-1
156,25,1248,316,33,55,1,2,-1,-1
156,38,1769,231,23,36,1,2,-1,-1
156,50,1335,191,124,82,1,4,-1,-1
156,103,1430,559,245,205,1,4,-1,-1
156,104,649,223,34,74,1,1,-1,-1
156,105,381,84,22,49,1,1,-1,-1
156,106,1843,238,50,28,1,10,-1,-1
156,192,39,375,48,87,1,1,-1,-1
156,263,1722,416,170,124,1,4,-1,-1
157,25,1235,320,33,55,1,2,-1,-1
157,38,1768,234,23,36,1,2,-1,-1
157,50,1337,194,124,82,1,4,-1,-1
157,104,647,226,34,76,1,1,-1,-1
157,105,379,86,22,49,1,1,-1,-1
157,106,1846,238,41,23,1,10,-1,-1
158,25,1229,323,33,55,1,2,-1,-1
158,38,1767,238,23,36,1,2,-1,-1
158,50,1339,197,124,82,1,4,-1,-1
158,104,649,235,30,67,1,1,-1,-1
158,105,378,88,22,49,1,1,-1,-1
158,106,1844,244,41,23,1,10,-1,-1
158,107,213,42,29,48,1,1,-1,-1
158,150,1617,294,154,110,1,4,-1,-1
159,25,1224,326,33,55,1,2,-1,-1
159,38,1767,244,23,36,1,2,-1,-1
159,86,1754,269,40,29,1,10,-1,-1
159,104,643,229,34,76,1,1,-1,-1
159,105,376,90,22,49,1,1,-1,-1
159,106,1843,250,41,23,1,10,-1,-1
159,107,211,44,29,48,1,1,-1,-1
159,150,1614,299,156,111,1,4,-1,-1
160,38,1767,250,23,36,1,2,-1,-1
160,86,1754,273,41,29,1,10,-1,-1
160,104,651,216,34,76,1,1,-1,-1
160,105,375,92,22,49,1,1,-1,-1
160,106,1841,253,41,23,1,10,-1,-1
160,107,209,46,29,48,1,1,-1,-1
160,150,1611,304,158,111,1,4,-1,-1
160,264,279,383,24,69,1,1,-1,-1
161,38,1767,256,23,36,1,2,-1,-1
161,86,1755,278,40,29,1,10,-1,-1
161,105,371,93,22,49,1,1,-1,-1
161,106,1840,257,41,23,1,10,-1,-1
161,107,208,48,29,48,1,1,-1,-1
161,108,1179,347,30,61,1,2,-1,-1
161,150,1608,309,160,111,1,4,-1,-1
161,264,269,388,25,70,1,1,-1,-1
162,38,1767,262,23,36,1,2,-1,-1
162,86,1755,282,41,29,1,10,-1,-1
162,107,206,50,29,48,1,1,-1,-1
162,108,1167,351,30,61,1,2,-1,-1
162,150,1605,314,162,112,1,4,-1,-1
162,264,259,394,26,69,1,1,-1,-1
163,38,1768,269,23,36,1,2,-1,-1
163,86,1756,287,41,29,1,10,-1,-1
163,107,205,52,29,48,1,1,-1,-1
163,108,1155,354,30,61,1,2,-1,-1
163,150,1602,319,164,112,1,4,-1,-1
163,264,249,399,27,69,1,1,-1,-1
164,86,1749,290,41,29,1,10,-1,-1
164,107,203,54,29,48,1,1,-1,-1
164,108,1143,358,30,61,1,2,-1,-1
164,150,1600,324,166,113,1,4,-1,-1
164,264,240,405,28,69,1,1,-1,-1
165,66,232,156,111,73,1,4,-1,-1
165,86,1742,293,41,29,1,10,-1,-1
165,107,202,56,29,48,1,1,-1,-1
165,108,1131,361,30,61,1,2,-1,-1
165,109,1823,268,41,23,1,10,-1,-1
166,66,217,158,110,74,1,4,-1,-1
166,86,1726,293,41,29,1,10,-1,-1
166,108,1119,365,30,61,1,2,-1,-1
166,109,1809,268,41,23,1,10,-1,-1
166,110,761,373,255,115,1,4,-1,-1
166,111,821,346,35,61,1,2,-1,-1
167,18,1625,495,195,155,1,4,-1,-1
167,66,202,159,110,76,1,4,-1,-1
167,67,1057,385,103,60,1,10,-1,-1
167,86,1711,293,41,29,1,10,-1,-1
167,108,1107,369,30,61,1,2,-1,-1
167,109,1795,268,41,23,1,10,-1,-1
167,110,737,376,255,115,1,4,-1,-1
167,111,806,347,35,61,1,2,-1,-1
168,18,1613,502,197,158,1,4,-1,-1
168,31,1234,185,161,79,1,4,-1,-1
168,66,187,161,110,76,1,4,-1,-1
168,67,1033,387,107,59,1,10,-1,-1
168,108,1107,358,33,55,1,2,-1,-1
168,109,1781,268,41,23,1,10,-1,-1
168,110,714,379,255,115,1,4,-1,-1
168,111,791,348,35,61,1,2,-1,-1
169,18,1567,490,222,180,1,4,-1,-1
169,31,1246,175,134,66,1,4,-1,-1
169,66,172,162,109,78,1,4,-1,-1
169,67,1010,389,111,59,1,10,-1,-1
169,109,1760,268,41,23,1,10,-1,-1
169,110,690,382,255,115,1,4,-1,-1
169,111,777,349,35,61,1,2,-1,-1
170,18,1572,509,198,163,1,4,-1,-1
170,31,1232,173,134,67,1,4,-1,-1
170,51,1269,207,148,91,1,4,-1,-1
170,66,157,164,109,78,1,4,-1,-1
170,67,987,391,114,59,1,10,-1,-1
170,109,1740,268,41,23,1,10,-1,-1
170,110,667,386,255,115,1,4,-1,-1
170,111,763,350,35,61,1,2,-1,-1
170,112,1707,278,143,107,1,4,-1,-1
171,18,1551,513,199,165,1,4,-1,-1
171,31,1218,172,134,67,1,4,-1,-1
171,51,1254,206,148,91,1,4,-1,-1
171,66,142,165,109,80,1,4,-1,-1
171,67,964,393,118,59,1,10,-1,-1
171,109,1720,268,41,23,1,10,-1,-1
171,110,647,385,258,115,1,4,-1,-1
171,111,750,351,35,61,1,2,-1,-1
171,112,1690,279,143,107,1,4,-1,-1
171,193,1024,362,33,55,1,2,-1,-1
172,18,1531,517,200,167,1,4,-1,-1
172,31,1204,171,134,67,1,4,-1,-1
172,51,1239,205,148,91,1,4,-1,-1
172,66,127,167,109,81,1,4,-1,-1
172,67,941,396,122,58,1,10,-1,-1
172,109,1730,264,41,23,1,10,-1,-1
172,110,628,385,261,114,1,4,-1,-1
172,111,737,353,35,60,1,2,-1,-1
172,112,1673,280,143,107,1,4,-1,-1
172,113,1039,342,40,73,1,1,-1,-1
172,151,52,474,23,64,1,1,-1,-1
172,193,1011,363,33,55,1,2,-1,-1
173,18,1525,521,201,169,1,4,-1,-1
173,31,1204,171,134,67,1,4,-1,-1
173,51,1239,205,148,91,1,4,-1,-1
173,66,124,166,112,81,1,4,-1,-1
173,67,928,398,122,58,1,10,-1,-1
173,110,609,385,263,113,1,4,-1,-1
173,111,736,352,35,60,1,2,-1,-1
173,112,1656,281,143,107,1,4,-1,-1
173,113,1037,341,40,76,1,1,-1,-1
173,151,44,478,23,64,1,1,-1,-1
173,193,998,365,33,55,1,2,-1,-1
174,18,1519,525,202,171,1,4,-1,-1
174,31,1210,182,137,68,1,4,-1,-1
174,51,1239,205,148,91,1,4,-1,-1
174,66,122,166,114,81,1,4,-1,-1
174,67,916,400,122,58,1,10,-1,-1
174,112,1649,283,146,109,1,4,-1,-1
174,113,1035,340,40,78,1,1,-1,-1
174,151,35,461,28,70,1,1,-1,-1
174,193,985,367,33,55,1,2,-1,-1
174,265,71,63,29,48,1,1,-1,-1
175,18,1514,529,203,173,1,4,-1,-1
175,31,1204,171,134,67,1,4,-1,-1
175,51,1226,206,176,108,1,4,-1,-1
175,67,913,418,100,48,1,10,-1,-1
175,112,1642,285,149,111,1,4,-1,-1
175,113,1033,340,40,80,1,1,-1,-1
175,151,26,462,28,70,1,1,-1,-1
175,152,745,347,41,52,1,1,-1,-1
175,153,1417,342,175,115,1,4,-1,-1
175,193,966,366,39,65,1,2,-1,-1
175,265,71,63,29,48,1,1,-1,-1
176,18,1509,533,203,175,1,4,-1,-1
176,31,1204,171,134,67,1,4,-1,-1
176,51,1239,205,148,91,1,4,-1,-1
176,67,891,405,122,58,1,10,-1,-1
176,112,1635,287,152,113,1,4,-1,-1
176,113,1032,338,40,82,1,1,-1,-1
176,151,18,464,28,70,1,1,-1,-1
176,152,733,352,35,60,1,2,-1,-1
176,153,1410,345,175,116,1,4,-1,-1
176,193,963,360,44,74,1,2,-1,-1
176,194,118,166,118,80,1,4,-1,-1
176,195,744,347,41,52,1,1,-1,-1
176,265,71,63,29,48,1,1,-1,-1
177,18,1505,537,202,178,1,4,-1,-1
177,31,1204,171,134,67,1,4,-1,-1
177,51,1239,205,148,91,1,4,-1,-1
177,112,1631,290,152,113,1,4,-1,-1
177,113,1032,337,40,83,1,1,-1,-1
177,151,6,467,28,70,1,1,-1,-1
177,152,732,352,35,60,1,2,-1,-1
177,153,1403,347,175,117,1,4,-1,-1
177,194,116,166,120,80,1,4,-1,-1
177,195,743,347,41,52,1,1,-1,-1
177,265,71,63,29,48,1,1,-1,-1
177,266,957,369,33,56,1,2,-1,-1
177,267,1592,302,41,29,1,10,-1,-1
178,18,1501,542,202,180,1,4,-1,-1
178,31,1204,171,134,67,1,4,-1,-1
178,51,1239,205,148,91,1,4,-1,-1
178,113,1031,343,38,77,1,1,-1,-1
178,151,3,467,24,70,1,1,-1,-1
178,152,731,353,35,59,1,2,-1,-1
178,153,1396,350,175,118,1,4,-1,-1
178,194,114,166,122,80,1,4,-1,-1
178,195,742,347,41,52,1,1,-1,-1
178,265,71,63,29,48,1,1,-1,-1
178,266,950,370,33,56,1,2,-1,-1
178,267,1588,305,41,29,1,10,-1,-1
179,18,1491,528,207,187,1,4,-1,-1
179,31,1204,171,134,67,1,4,-1,-1
179,51,1239,205,148,91,1,4,-1,-1
179,113,1031,345,38,75,1,1,-1,-1
179,152,730,353,35,59,1,2,-1,-1
179,153,1389,352,175,119,1,4,-1,-1
179,194,112,166,124,79,1,4,-1,-1
179,195,741,347,41,52,1,1,-1,-1
179,266,943,370,33,56,1,2,-1,-1
179,267,1584,306,41,29,1,10,-1,-1
180,18,1493,550,200,185,1,4,-1,-1
180,31,1204,171,134,67,1,4,-1,-1
180,51,1239,205,148,91,1,4,-1,-1
180,152,729,353,35,59,1,2,-1,-1
180,153,1382,355,175,120,1,4,-1,-1
180,194,110,166,126,79,1,4,-1,-1
180,195,740,347,41,52,1,1,-1,-1
180,266,936,370,33,57,1,2,-1,-1
180,267,1580,307,41,29,1,10,-1,-1
181,18,1489,555,200,187,1,4,-1,-1
181,152,728,354,35,59,1,2,-1,-1
181,153,1375,358,176,121,1,4,-1,-1
181,194,108,166,128,79,1,4,-1,-1
181,195,739,347,41,52,1,1,-1,-1
181,266,929,371,33,57,1,2,-1,-1
181,267,1577,309,41,29,1,10,-1,-1
