1,-1,238,648,82,107,1,1,-1,0
1,-1,371,565,47,65,1,2,-1,1
1,-1,377,553,49,90,1,1,-1,0
1,-1,588,190,26,47,1,1,-1,0
1,-1,625,417,91,120,1,10,-1,1
1,-1,631,475,122,181,1,10,-1,0
1,-1,677,151,17,60,1,1,-1,1
1,-1,697,288,43,132,1,1,-1,0
1,-1,722,162,18,40,1,1,-1,1
1,-1,739,148,19,59,1,1,-1,0
1,-1,764,284,43,114,1,1,-1,0
1,-1,822,300,33,80,1,2,-1,1
1,-1,829,272,41,105,1,1,-1,1
1,-1,837,320,28,58,1,1,-1,1
1,-1,1063,228,42,104,1,1,-1,1
1,-1,1093,236,41,97,1,1,-1,1
1,-1,1176,388,110,122,1,10,-1,1
1,-1,1189,361,85,119,1,2,-1,1
1,-1,1202,373,47,90,1,2,-1,1
1,-1,700,286,47,144,1,1,-1,0
1,-1,682,242,41,47,1,10,-1,1
1,-1,603,423,121,159,1,10,-1,1
1,-1,654,228,38,43,1,10,-1,1
1,-1,724,199,11,40,1,1,-1,1
1,-1,1161,409,120,133,1,10,-1,1
1,-1,666,509,74,109,1,10,-1,0
1,-1,197,626,73,95,1,1,-1,0
2,-1,226,668,82,87,1,1,-1,0
2,-1,364,579,47,63,1,2,-1,1
2,-1,378,567,49,88,1,1,-1,0
2,-1,569,184,24,27,1,2,-1,0
2,-1,624,428,93,123,1,10,-1,1
2,-1,650,239,37,65,1,2,-1,0
2,-1,660,236,43,49,1,10,-1,1
2,-1,677,153,17,60,1,1,-1,1
2,-1,698,291,46,135,1,1,-1,0
2,-1,723,163,18,40,1,1,-1,1
2,-1,740,149,19,59,1,1,-1,0
2,-1,821,305,40,81,1,2,-1,1
2,-1,831,278,42,107,1,1,-1,1
2,-1,841,329,28,59,1,1,-1,1
2,-1,1068,233,43,105,1,1,-1,1
2,-1,1099,241,42,98,1,1,-1,1
2,-1,1176,390,109,123,1,10,-1,1
2,-1,1189,365,84,117,1,2,-1,1
2,-1,1201,376,47,90,1,2,-1,1
2,-1,655,267,27,30,1,10,-1,1
2,-1,1208,379,50,96,1,2,-1,1
2,-1,381,562,39,71,1,1,-1,0
2,-1,600,211,29,53,1,1,-1,0
2,-1,841,334,29,60,1,1,-1,1
2,-1,1173,351,56,108,1,2,-1,1
2,-1,680,312,41,120,1,1,-1,0
2,-1,1209,388,37,71,1,2,-1,1
3,-1,215,688,82,67,1,1,-1,0
3,-1,358,593,47,62,1,2,-1,1
3,-1,370,583,50,86,1,1,-1,0
3,-1,569,185,24,27,1,2,-1,0
3,-1,586,192,27,47,1,1,-1,0
3,-1,623,439,95,127,1,10,-1,1
3,-1,650,243,37,64,1,2,-1,0
3,-1,660,240,43,48,1,10,-1,1
3,-1,677,155,18,60,1,1,-1,1
3,-1,698,298,49,138,1,1,-1,0
3,-1,741,151,19,59,1,1,-1,0
3,-1,768,298,41,120,1,1,-1,0
3,-1,808,168,32,77,1,1,-1,0
3,-1,820,310,47,83,1,2,-1,1
3,-1,834,285,43,108,1,1,-1,1
3,-1,845,339,28,60,1,2,-1,1
3,-1,1106,246,42,99,1,1,-1,1
3,-1,1176,392,109,124,1,10,-1,1
3,-1,1189,369,84,116,1,2,-1,1
3,-1,1200,380,47,90,1,2,-1,1
3,-1,802,150,32,76,1,1,-1,0
3,-1,693,279,63,177,1,1,-1,0
3,-1,1112,236,45,106,1,1,-1,1
3,-1,712,148,16,52,1,1,-1,1
3,-1,1177,419,88,101,1,10,-1,1
3,-1,785,313,32,92,1,1,-1,0
3,-1,671,235,41,46,1,10,-1,1
3,-1,675,234,22,38,1,2,-1,0
4,-1,203,708,82,47,1,1,-1,0
4,-1,351,607,47,60,1,2,-1,1
4,-1,362,600,51,84,1,1,-1,0
4,-1,650,247,37,64,1,2,-1,0
4,-1,660,243,43,49,1,10,-1,1
4,-1,678,157,18,60,1,1,-1,1
4,-1,699,306,51,140,1,1,-1,0
4,-1,726,165,18,40,1,1,-1,1
4,-1,742,152,19,60,1,1,-1,0
4,-1,770,305,40,123,1,1,-1,0
4,-1,810,171,32,77,1,1,-1,0
4,-1,823,319,47,84,1,2,-1,1
4,-1,837,293,44,110,1,1,-1,1
4,-1,849,348,28,62,1,2,-1,1
4,-1,1113,251,42,100,1,1,-1,1
4,-1,1176,394,109,125,1,10,-1,1
4,-1,1189,373,84,115,1,2,-1,1
4,-1,1200,384,47,90,1,2,-1,1
4,-1,890,343,16,35,1,2,-1,1
4,-1,840,345,16,36,1,2,-1,1
4,-1,784,284,43,133,1,1,-1,0
4,-1,827,266,65,163,1,1,-1,1
4,-1,611,492,165,231,1,10,-1,0
4,-1,629,270,34,59,1,2,-1,0
4,-1,366,606,26,43,1,1,-1,0
4,-1,713,169,11,25,1,1,-1,1
5,-1,192,728,82,27,1,1,-1,0
5,-1,345,621,47,59,1,2,-1,1
5,-1,355,617,52,82,1,1,-1,0
5,-1,568,188,24,28,1,2,-1,0
5,-1,586,196,27,47,1,1,-1,0
5,-1,621,462,100,133,1,10,-1,1
5,-1,636,540,131,179,1,10,-1,0
5,-1,650,251,37,63,1,2,-1,0
5,-1,678,159,18,61,1,1,-1,1
5,-1,699,313,54,143,1,1,-1,0
5,-1,728,166,18,40,1,1,-1,1
5,-1,743,154,20,60,1,1,-1,0
5,-1,812,174,32,78,1,1,-1,0
5,-1,827,329,46,85,1,2,-1,1
5,-1,840,302,45,112,1,1,-1,1
5,-1,1189,377,84,114,1,2,-1,1
5,-1,1199,387,47,90,1,2,-1,1
5,-1,648,485,89,119,1,10,-1,1
5,-1,1213,402,29,56,1,2,-1,1
5,-1,587,185,27,47,1,1,-1,0
5,-1,851,328,48,120,1,1,-1,1
5,-1,331,597,74,117,1,1,-1,0
5,-1,622,449,118,156,1,10,-1,1
5,-1,837,300,53,132,1,1,-1,1
5,-1,865,291,54,134,1,1,-1,1
6,-1,348,637,52,86,1,1,-1,0
6,-1,568,190,23,29,1,2,-1,0
6,-1,620,474,102,136,1,10,-1,1
6,-1,634,555,133,173,1,10,-1,0
6,-1,650,255,38,63,1,2,-1,0
6,-1,661,251,43,47,1,10,-1,1
6,-1,678,161,18,62,1,1,-1,1
6,-1,700,321,56,145,1,1,-1,0
6,-1,728,168,18,40,1,1,-1,1
6,-1,743,155,20,61,1,1,-1,0
6,-1,774,315,41,127,1,1,-1,0
6,-1,814,177,32,79,1,1,-1,0
6,-1,831,338,46,87,1,2,-1,1
6,-1,843,311,46,113,1,1,-1,1
6,-1,858,367,28,64,1,2,-1,1
6,-1,1090,253,46,110,1,1,-1,1
6,-1,1177,402,108,126,1,10,-1,1
6,-1,1189,382,83,112,1,2,-1,1
6,-1,1198,391,47,90,1,2,-1,1
6,-1,1117,240,41,97,1,1,-1,1
6,-1,1189,425,72,84,1,10,-1,1
6,-1,672,319,62,162,1,1,-1,0
6,-1,808,193,43,105,1,1,-1,0
6,-1,576,195,18,23,1,2,-1,0
6,-1,690,155,15,51,1,1,-1,1
6,-1,652,231,51,56,1,10,-1,1
6,-1,734,150,13,39,1,1,-1,0
7,-1,332,653,46,57,1,2,-1,1
7,-1,342,657,52,91,1,1,-1,0
7,-1,567,192,24,29,1,2,-1,0
7,-1,586,200,28,47,1,1,-1,0
7,-1,619,485,104,140,1,10,-1,1
7,-1,632,571,136,166,1,10,-1,0
7,-1,650,259,38,63,1,2,-1,0
7,-1,661,254,43,48,1,10,-1,1
7,-1,678,163,18,63,1,1,-1,1
7,-1,701,329,58,147,1,1,-1,0
7,-1,743,157,20,61,1,1,-1,0
7,-1,775,322,43,129,1,1,-1,0
7,-1,816,180,31,79,1,1,-1,0
7,-1,846,320,47,115,1,1,-1,1
7,-1,1096,259,47,111,1,1,-1,1
7,-1,1133,267,43,103,1,1,-1,1
7,-1,1178,409,107,124,1,10,-1,1
7,-1,1189,386,83,111,1,2,-1,1
7,-1,1198,395,47,90,1,2,-1,1
7,-1,641,554,137,168,1,10,-1,0
7,-1,840,362,42,81,1,2,-1,1
7,-1,575,201,27,46,1,1,-1,0
7,-1,564,185,29,35,1,2,-1,0
7,-1,1205,375,61,117,1,2,-1,1
7,-1,334,662,24,30,1,2,-1,1
7,-1,335,633,56,70,1,2,-1,1
7,-1,1174,386,114,152,1,2,-1,1
8,-1,325,670,47,55,1,2,-1,1
8,-1,337,679,53,76,1,1,-1,0
8,-1,585,202,28,49,1,1,-1,0
8,-1,618,496,107,143,1,10,-1,1
8,-1,630,586,139,160,1,10,-1,0
8,-1,650,263,38,63,1,2,-1,0
8,-1,661,258,43,47,1,10,-1,1
8,-1,678,165,18,63,1,1,-1,1
8,-1,702,338,58,150,1,1,-1,0
8,-1,730,173,18,40,1,1,-1,1
8,-1,744,159,20,61,1,1,-1,0
8,-1,777,329,44,131,1,1,-1,0
8,-1,818,183,31,80,1,1,-1,0
8,-1,839,358,45,89,1,2,-1,1
8,-1,849,329,48,116,1,1,-1,1
8,-1,867,386,27,67,1,2,-1,1
8,-1,1103,266,48,113,1,1,-1,1
8,-1,1142,274,43,104,1,1,-1,1
8,-1,1178,416,108,122,1,10,-1,1
8,-1,1189,390,83,110,1,2,-1,1
8,-1,372,696,34,49,1,1,-1,0
8,-1,1105,263,46,108,1,1,-1,1
8,-1,668,301,84,217,1,1,-1,0
8,-1,602,205,33,58,1,1,-1,0
8,-1,615,589,154,177,1,10,-1,0
8,-1,597,201,21,37,1,1,-1,0
8,-1,728,167,12,38,1,1,-1,0
8,-1,682,174,20,69,1,1,-1,1
9,-1,567,196,23,31,1,2,-1,0
9,-1,585,204,27,51,1,1,-1,0
9,-1,617,508,109,146,1,10,-1,1
9,-1,629,602,141,153,1,10,-1,0
9,-1,650,268,39,63,1,2,-1,0
9,-1,678,167,18,63,1,1,-1,1
9,-1,703,347,58,153,1,1,-1,0
9,-1,731,176,18,40,1,1,-1,1
9,-1,744,161,20,61,1,1,-1,0
9,-1,819,185,32,81,1,1,-1,0
9,-1,843,367,44,91,1,2,-1,1
9,-1,852,338,50,118,1,1,-1,1
9,-1,871,396,27,67,1,2,-1,1
9,-1,1111,273,48,115,1,1,-1,1
9,-1,1152,282,43,104,1,1,-1,1
9,-1,1179,423,107,120,1,10,-1,1
9,-1,1189,394,83,109,1,2,-1,1
9,-1,1196,402,47,90,1,2,-1,1
9,-1,534,219,23,43,1,1,-1,0
9,-1,1149,276,31,74,1,1,-1,1
9,-1,862,404,34,84,1,2,-1,1
9,-1,309,705,47,52,1,1,-1,0
9,-1,774,339,41,121,1,1,-1,0
9,-1,1141,306,39,93,1,1,-1,1
9,-1,824,200,26,66,1,1,-1,0
9,-1,743,186,16,50,1,1,-1,0
10,-1,567,197,23,31,1,2,-1,0
10,-1,586,205,27,51,1,1,-1,0
10,-1,616,519,111,150,1,10,-1,1
10,-1,628,626,141,129,1,10,-1,0
10,-1,650,272,39,64,1,2,-1,0
10,-1,662,266,43,47,1,10,-1,1
10,-1,678,169,18,63,1,1,-1,1
10,-1,704,357,59,155,1,1,-1,0
10,-1,732,178,18,40,1,1,-1,1
10,-1,744,163,21,61,1,1,-1,0
10,-1,783,349,46,134,1,1,-1,0
10,-1,855,347,51,119,1,1,-1,1
10,-1,875,405,27,69,1,2,-1,1
10,-1,1118,281,49,116,1,1,-1,1
10,-1,1180,430,107,118,1,10,-1,1
10,-1,1189,399,83,107,1,2,-1,1
10,-1,1196,406,47,90,1,2,-1,1
10,-1,847,380,56,117,1,2,-1,1
10,-1,879,361,27,63,1,1,-1,1
10,-1,778,341,24,68,1,1,-1,0
10,-1,574,193,33,45,1,2,-1,0
10,-1,561,200,30,41,1,2,-1,0
10,-1,1157,320,31,76,1,1,-1,1
10,-1,644,238,57,94,1,2,-1,0
11,-1,319,733,53,22,1,1,-1,0
11,-1,568,199,23,31,1,2,-1,0
11,-1,587,207,28,51,1,1,-1,0
11,-1,615,531,114,153,1,10,-1,1
11,-1,628,651,141,104,1,10,-1,0
11,-1,650,277,39,65,1,2,-1,0
11,-1,663,270,43,47,1,10,-1,1
11,-1,678,171,18,63,1,1,-1,1
11,-1,705,368,55,156,1,1,-1,0
11,-1,733,181,18,40,1,1,-1,1
11,-1,745,165,20,61,1,1,-1,0
11,-1,786,359,47,136,1,1,-1,0
11,-1,823,191,32,83,1,1,-1,0
11,-1,851,386,43,94,1,2,-1,1
11,-1,859,356,51,121,1,1,-1,1
11,-1,879,415,28,70,1,2,-1,1
11,-1,1126,288,50,119,1,1,-1,1
11,-1,1171,297,44,105,1,1,-1,1
11,-1,1180,434,106,118,1,10,-1,1
11,-1,1196,409,47,90,1,2,-1,1
11,-1,739,187,18,53,1,1,-1,0
11,-1,1177,454,110,122,1,10,-1,1
11,-1,690,342,61,174,1,1,-1,0
11,-1,658,275,42,45,1,10,-1,1
11,-1,614,547,130,175,1,10,-1,1
11,-1,585,202,30,54,1,1,-1,0
11,-1,762,180,11,34,1,1,-1,0
12,-1,566,201,23,31,1,2,-1,0
12,-1,587,209,29,52,1,1,-1,0
12,-1,614,549,116,149,1,10,-1,1
12,-1,628,676,141,79,1,10,-1,0
12,-1,650,282,39,65,1,2,-1,0
12,-1,663,274,43,47,1,10,-1,1
12,-1,679,173,18,63,1,1,-1,1
12,-1,734,183,18,40,1,1,-1,1
12,-1,745,167,21,61,1,1,-1,0
12,-1,825,194,31,83,1,1,-1,0
12,-1,855,396,43,95,1,2,-1,1
12,-1,862,365,52,123,1,1,-1,1
12,-1,884,424,27,71,1,2,-1,1
12,-1,1133,295,51,121,1,1,-1,1
12,-1,1181,305,44,105,1,1,-1,1
12,-1,1181,438,105,118,1,10,-1,1
12,-1,1190,402,85,119,1,2,-1,1
12,-1,1196,413,47,90,1,2,-1,1
12,-1,839,352,55,130,1,1,-1,1
12,-1,609,568,81,104,1,10,-1,1
12,-1,664,277,29,32,1,10,-1,1
12,-1,693,386,49,153,1,1,-1,0
12,-1,1198,417,79,110,1,2,-1,1
12,-1,887,419,16,43,1,2,-1,1
12,-1,714,191,12,27,1,1,-1,1
13,-1,564,203,23,31,1,2,-1,0
13,-1,613,567,119,145,1,10,-1,1
13,-1,627,701,141,54,1,10,-1,0
13,-1,650,287,39,66,1,2,-1,0
13,-1,664,278,43,47,1,10,-1,1
13,-1,705,390,53,160,1,1,-1,0
13,-1,735,186,18,40,1,1,-1,1
13,-1,745,169,21,61,1,1,-1,0
13,-1,793,379,49,140,1,1,-1,0
13,-1,827,197,31,84,1,1,-1,0
13,-1,865,374,53,124,1,1,-1,1
13,-1,1182,442,103,118,1,10,-1,1
13,-1,1190,411,84,111,1,2,-1,1
13,-1,1191,312,44,106,1,1,-1,1
13,-1,1196,417,47,90,1,2,-1,1
13,-1,735,218,16,36,1,1,-1,1
13,-1,660,276,60,66,1,10,-1,1
13,-1,770,365,64,183,1,1,-1,0
13,-1,1177,416,44,85,1,2,-1,1
13,-1,1212,466,63,72,1,10,-1,1
13,-1,1156,380,70,134,1,2,-1,1
13,-1,760,369,58,166,1,1,-1,0
14,-1,563,206,23,31,1,2,-1,0
14,-1,589,214,30,54,1,1,-1,0
14,-1,613,585,121,141,1,10,-1,1
14,-1,650,292,39,67,1,2,-1,0
14,-1,665,282,43,47,1,10,-1,1
14,-1,679,177,18,64,1,1,-1,1
14,-1,705,401,54,162,1,1,-1,0
14,-1,736,189,18,40,1,1,-1,1
14,-1,746,171,21,62,1,1,-1,0
14,-1,829,200,31,84,1,1,-1,0
14,-1,863,415,42,98,1,2,-1,1
14,-1,868,383,55,126,1,1,-1,1
14,-1,892,443,27,74,1,2,-1,1
14,-1,1148,310,52,124,1,1,-1,1
14,-1,1182,446,103,118,1,10,-1,1
14,-1,1190,415,84,110,1,2,-1,1
14,-1,1196,420,47,90,1,2,-1,1
14,-1,1162,444,146,168,1,10,-1,1
14,-1,795,416,34,98,1,1,-1,0
14,-1,673,283,33,36,1,10,-1,1
14,-1,1123,281,73,173,1,1,-1,1
14,-1,899,393,39,89,1,1,-1,1
14,-1,679,271,24,26,1,10,-1,1
14,-1,651,287,43,46,1,10,-1,1
15,-1,564,207,23,32,1,2,-1,0
15,-1,588,218,31,55,1,1,-1,0
15,-1,612,603,124,137,1,10,-1,1
15,-1,649,296,40,69,1,2,-1,0
15,-1,665,286,43,47,1,10,-1,1
15,-1,704,412,56,164,1,1,-1,0
15,-1,736,192,17,39,1,1,-1,1
15,-1,746,174,21,62,1,1,-1,0
15,-1,801,399,51,145,1,1,-1,0
15,-1,831,203,31,85,1,1,-1,0
15,-1,867,425,41,99,1,2,-1,1
15,-1,871,392,56,127,1,1,-1,1
15,-1,1156,318,53,126,1,1,-1,0
15,-1,1183,450,101,118,1,10,-1,1
15,-1,1191,419,83,109,1,2,-1,1
15,-1,1197,424,47,90,1,2,-1,1
15,-1,1210,327,45,107,1,1,-1,1
15,-1,738,192,17,50,1,1,-1,0
15,-1,759,201,13,37,1,1,-1,0
15,-1,759,170,21,62,1,1,-1,0
15,-1,825,205,36,99,1,1,-1,0
15,-1,881,385,59,134,1,1,-1,1
15,-1,661,160,27,96,1,1,-1,1
15,-1,571,243,22,39,1,1,-1,0
16,-1,565,209,23,32,1,2,-1,0
16,-1,588,223,31,56,1,1,-1,0
16,-1,649,300,40,71,1,2,-1,0
16,-1,704,424,57,166,1,1,-1,0
16,-1,736,195,17,39,1,1,-1,1
16,-1,746,177,21,63,1,1,-1,0
16,-1,805,410,52,147,1,1,-1,0
16,-1,833,206,31,86,1,1,-1,0
16,-1,871,435,41,100,1,2,-1,1
16,-1,874,401,57,129,1,1,-1,1
16,-1,900,465,28,77,1,2,-1,1
16,-1,1165,324,54,126,1,1,-1,0
16,-1,1184,455,100,118,1,10,-1,1
16,-1,1192,423,82,109,1,2,-1,1
16,-1,1197,428,47,90,1,2,-1,1
16,-1,1220,335,45,107,1,1,-1,1
16,-1,882,460,18,50,1,2,-1,1
16,-1,894,410,49,110,1,1,-1,1
16,-1,755,192,10,23,1,1,-1,1
16,-1,809,214,31,86,1,1,-1,0
16,-1,1203,303,62,148,1,1,-1,1
16,-1,1197,491,72,85,1,10,-1,1
17,-1,563,211,23,33,1,2,-1,0
17,-1,587,226,31,57,1,1,-1,0
17,-1,648,305,40,71,1,2,-1,0
17,-1,703,435,59,176,1,1,-1,0
17,-1,736,198,16,39,1,1,-1,1
17,-1,746,180,21,63,1,1,-1,0
17,-1,807,422,53,149,1,1,-1,0
17,-1,872,446,43,103,1,2,-1,1
17,-1,903,477,30,79,1,2,-1,1
17,-1,1175,331,55,126,1,1,-1,0
17,-1,1182,459,100,118,1,10,-1,1
17,-1,1193,427,81,108,1,2,-1,1
17,-1,1230,343,45,108,1,1,-1,1
17,-1,765,182,23,69,1,1,-1,0
17,-1,733,175,17,51,1,1,-1,0
17,-1,875,504,23,59,1,2,-1,1
17,-1,660,139,27,90,1,1,-1,1
17,-1,755,171,16,38,1,1,-1,1
17,-1,691,204,12,40,1,1,-1,1
18,-1,561,213,23,34,1,2,-1,0
18,-1,586,229,32,58,1,1,-1,0
18,-1,677,186,19,64,1,1,-1,1
18,-1,837,211,31,91,1,1,-1,0
18,-1,874,458,45,106,1,2,-1,1
18,-1,880,419,59,132,1,1,-1,1
18,-1,1180,463,100,118,1,10,-1,1
18,-1,1185,338,56,126,1,1,-1,0
18,-1,1197,435,47,90,1,2,-1,1
18,-1,1235,348,45,112,1,1,-1,1
18,-1,677,322,26,46,1,2,-1,0
18,-1,697,436,83,243,1,1,-1,0
18,-1,683,159,22,73,1,1,-1,1
18,-1,1179,489,67,79,1,10,-1,1
18,-1,914,503,16,43,1,2,-1,1
18,-1,935,500,36,95,1,2,-1,1
19,-1,555,213,23,35,1,2,-1,0
19,-1,580,230,32,59,1,1,-1,0
19,-1,641,314,41,72,1,2,-1,0
19,-1,672,188,19,64,1,1,-1,1
19,-1,703,459,65,186,1,1,-1,0
19,-1,734,201,18,40,1,1,-1,1
19,-1,740,183,22,65,1,1,-1,0
19,-1,832,213,31,90,1,1,-1,0
19,-1,876,469,47,110,1,2,-1,1
19,-1,884,428,60,134,1,1,-1,1
19,-1,910,502,33,83,1,2,-1,1
19,-1,1179,467,100,119,1,10,-1,1
19,-1,1188,344,57,126,1,1,-1,0
19,-1,1195,436,79,106,1,2,-1,1
19,-1,1198,439,47,90,1,2,-1,1
19,-1,1241,354,44,116,1,1,-1,1
19,-1,742,163,33,97,1,1,-1,0
19,-1,663,309,23,26,1,10,-1,1
19,-1,832,228,18,54,1,1,-1,0
19,-1,879,439,69,154,1,1,-1,1
19,-1,555,196,25,38,1,2,-1,0
19,-1,694,191,23,51,1,1,-1,1
19,-1,1192,437,55,106,1,2,-1,1
20,-1,654,306,43,50,1,10,-1,1
20,-1,667,190,19,64,1,1,-1,0
20,-1,693,178,24,69,1,1,-1,0
20,-1,704,472,67,190,1,1,-1,0
20,-1,726,201,18,41,1,1,-1,1
20,-1,807,456,57,158,1,1,-1,0
20,-1,828,216,31,90,1,1,-1,0
20,-1,878,481,48,112,1,2,-1,1
20,-1,889,437,61,136,1,1,-1,1
20,-1,913,514,35,85,1,2,-1,1
20,-1,1173,464,100,119,1,10,-1,1
20,-1,1190,436,79,107,1,2,-1,1
20,-1,1192,351,57,125,1,1,-1,1
20,-1,1192,439,47,90,1,2,-1,1
20,-1,1246,360,44,119,1,1,-1,1
20,-1,1262,382,35,95,1,1,-1,1
20,-1,903,504,44,106,1,2,-1,1
20,-1,711,201,17,39,1,1,-1,1
20,-1,867,444,70,163,1,2,-1,1
20,-1,657,181,21,72,1,1,-1,0
20,-1,895,482,51,124,1,2,-1,1
20,-1,635,300,60,105,1,2,-1,0
21,-1,541,217,23,35,1,2,-1,0
21,-1,629,322,42,72,1,2,-1,0
21,-1,648,309,43,51,1,10,-1,1
21,-1,660,192,19,65,1,1,-1,0
21,-1,704,484,69,193,1,1,-1,0
21,-1,729,185,23,65,1,1,-1,0
21,-1,802,465,58,164,1,1,-1,0
21,-1,822,219,31,90,1,1,-1,0
21,-1,880,492,50,116,1,2,-1,1
21,-1,894,447,63,138,1,1,-1,1
21,-1,917,526,36,88,1,2,-1,1
21,-1,1167,462,100,119,1,10,-1,1
21,-1,1186,439,47,90,1,2,-1,1
21,-1,1202,357,58,130,1,1,-1,1
21,-1,1252,366,44,123,1,1,-1,1
21,-1,1269,389,24,67,1,1,-1,1
21,-1,662,204,11,39,1,1,-1,0
21,-1,1169,413,66,126,1,2,-1,1
21,-1,1199,445,63,84,1,2,-1,1
21,-1,642,200,17,58,1,1,-1,0
21,-1,553,222,22,33,1,2,-1,0
21,-1,833,211,33,95,1,1,-1,0
22,-1,540,217,23,35,1,2,-1,0
22,-1,565,234,35,62,1,1,-1,0
22,-1,629,325,42,74,1,2,-1,0
22,-1,648,312,43,51,1,10,-1,1
22,-1,687,180,21,69,1,1,-1,0
22,-1,704,496,72,196,1,1,-1,0
22,-1,719,202,18,43,1,1,-1,1
22,-1,729,185,23,66,1,1,-1,0
22,-1,807,474,59,172,1,1,-1,0
22,-1,825,222,31,91,1,1,-1,0
22,-1,882,504,52,119,1,2,-1,1
22,-1,899,457,65,139,1,1,-1,1
22,-1,920,538,38,90,1,2,-1,1
22,-1,1162,460,100,119,1,10,-1,1
22,-1,1180,440,47,90,1,2,-1,1
22,-1,1181,437,80,108,1,2,-1,1
22,-1,1213,363,59,135,1,1,-1,1
22,-1,1264,371,43,127,1,1,-1,1
22,-1,790,464,60,175,1,1,-1,0
22,-1,1168,450,33,63,1,2,-1,1
22,-1,808,205,41,121,1,1,-1,0
22,-1,1269,370,42,123,1,1,-1,1
22,-1,1104,448,106,126,1,10,-1,1
22,-1,885,512,55,126,1,2,-1,1
22,-1,716,191,21,51,1,1,-1,1
23,-1,540,217,23,36,1,2,-1,0
23,-1,563,235,35,62,1,1,-1,0
23,-1,629,327,43,76,1,2,-1,0
23,-1,649,316,43,51,1,10,-1,1
23,-1,688,181,21,69,1,1,-1,0
23,-1,705,509,74,199,1,1,-1,0
23,-1,720,203,18,43,1,1,-1,1
23,-1,730,186,23,66,1,1,-1,0
23,-1,813,484,60,179,1,1,-1,0
23,-1,827,225,31,92,1,1,-1,0
23,-1,890,515,54,123,1,2,-1,1
23,-1,904,467,67,141,1,1,-1,1
23,-1,924,551,39,92,1,2,-1,1
23,-1,1164,459,100,120,1,10,-1,1
23,-1,1182,436,80,109,1,2,-1,1
23,-1,1182,439,47,90,1,2,-1,1
23,-1,1223,369,61,140,1,1,-1,1
23,-1,710,183,24,78,1,1,-1,0
23,-1,796,475,74,222,1,1,-1,0
23,-1,812,217,41,121,1,1,-1,0
23,-1,660,316,44,52,1,10,-1,1
23,-1,567,207,35,62,1,1,-1,0
23,-1,605,210,44,78,1,1,-1,0
23,-1,657,336,41,48,1,10,-1,1
24,-1,540,218,23,36,1,2,-1,0
24,-1,562,236,35,63,1,1,-1,0
24,-1,650,320,43,51,1,10,-1,1
24,-1,660,193,19,67,1,1,-1,0
24,-1,709,522,77,201,1,1,-1,0
24,-1,721,204,17,43,1,1,-1,1
24,-1,731,187,23,66,1,1,-1,0
24,-1,819,494,61,186,1,1,-1,0
24,-1,830,226,31,93,1,1,-1,0
24,-1,898,527,56,126,1,2,-1,1
24,-1,935,565,41,97,1,2,-1,1
24,-1,1183,435,80,110,1,2,-1,1
24,-1,1184,439,47,90,1,2,-1,1
24,-1,1288,383,42,134,1,1,-1,1
24,-1,846,508,45,138,1,1,-1,0
24,-1,941,526,37,77,1,1,-1,1
24,-1,703,496,70,184,1,1,-1,0
24,-1,640,318,64,76,1,10,-1,1
24,-1,1186,461,92,111,1,10,-1,1
24,-1,1177,424,58,110,1,2,-1,1
24,-1,704,200,12,38,1,1,-1,0
25,-1,539,218,23,37,1,2,-1,0
25,-1,560,237,35,63,1,1,-1,0
25,-1,653,320,43,49,1,10,-1,1
25,-1,689,183,22,70,1,1,-1,0
25,-1,722,205,17,44,1,1,-1,1
25,-1,833,228,31,94,1,1,-1,0
25,-1,906,539,59,130,1,2,-1,1
25,-1,914,487,71,144,1,1,-1,1
25,-1,947,580,43,102,1,2,-1,1
25,-1,1170,459,100,121,1,10,-1,1
25,-1,1184,434,81,111,1,2,-1,1
25,-1,1186,439,47,90,1,2,-1,1
25,-1,1245,381,63,151,1,1,-1,1
25,-1,719,512,93,233,1,1,-1,0
25,-1,815,197,46,141,1,1,-1,0
25,-1,636,184,26,96,1,1,-1,0
25,-1,1204,446,31,59,1,2,-1,1
25,-1,550,246,42,75,1,1,-1,0
25,-1,798,502,75,234,1,1,-1,0
26,-1,539,219,23,36,1,2,-1,0
26,-1,559,238,35,64,1,1,-1,0
26,-1,689,184,23,70,1,1,-1,0
26,-1,718,548,84,206,1,1,-1,0
26,-1,722,205,18,45,1,1,-1,1
26,-1,732,189,24,66,1,1,-1,0
26,-1,831,516,63,195,1,1,-1,0
26,-1,837,230,31,95,1,1,-1,0
26,-1,914,553,61,133,1,2,-1,1
26,-1,923,500,73,146,1,1,-1,1
26,-1,959,598,45,94,1,2,-1,1
26,-1,1185,433,81,113,1,2,-1,1
26,-1,1259,387,65,155,1,1,-1,1
26,-1,873,566,32,99,1,1,-1,0
26,-1,585,328,54,95,1,2,-1,0
26,-1,513,199,31,49,1,2,-1,0
26,-1,531,206,17,27,1,2,-1,0
26,-1,936,499,65,130,1,1,-1,1
26,-1,693,604,47,115,1,1,-1,0
27,-1,558,239,35,65,1,1,-1,0
27,-1,652,324,44,53,1,10,-1,1
27,-1,661,195,18,68,1,1,-1,0
27,-1,690,185,23,71,1,1,-1,0
27,-1,723,206,17,45,1,1,-1,1
27,-1,723,562,90,193,1,1,-1,0
27,-1,743,188,22,55,1,1,-1,1
27,-1,783,158,24,39,1,10,-1,0
27,-1,837,529,65,195,1,1,-1,0
27,-1,923,567,63,136,1,2,-1,1
27,-1,971,616,47,86,1,2,-1,1
27,-1,1176,458,100,122,1,10,-1,1
27,-1,1186,432,82,114,1,2,-1,1
27,-1,1190,438,47,90,1,2,-1,1
27,-1,1273,394,67,159,1,1,-1,0
27,-1,619,322,65,116,1,2,-1,0
27,-1,1203,467,59,72,1,10,-1,1
27,-1,1273,355,98,232,1,1,-1,0
27,-1,948,592,61,112,1,2,-1,1
27,-1,1198,467,73,89,1,10,-1,1
27,-1,708,215,17,51,1,1,-1,0
27,-1,1212,446,64,88,1,2,-1,1
28,-1,558,240,33,66,1,1,-1,0
28,-1,631,340,48,84,1,2,-1,0
28,-1,653,327,45,54,1,10,-1,1
28,-1,661,195,18,69,1,1,-1,0
28,-1,724,207,17,45,1,1,-1,1
28,-1,726,580,94,174,1,1,-1,0
28,-1,741,190,24,55,1,1,-1,1
28,-1,843,542,67,195,1,1,-1,0
28,-1,845,235,31,97,1,1,-1,0
28,-1,931,581,66,139,1,2,-1,1
28,-1,943,526,77,150,1,1,-1,1
28,-1,984,634,48,78,1,2,-1,1
28,-1,1192,438,47,90,1,2,-1,1
28,-1,1286,407,55,159,1,1,-1,0
28,-1,681,167,35,103,1,1,-1,0
28,-1,962,611,39,83,1,2,-1,1
28,-1,1014,652,45,73,1,2,-1,1
28,-1,1170,427,91,128,1,2,-1,1
28,-1,554,231,40,80,1,1,-1,0
28,-1,755,190,18,51,1,1,-1,0
28,-1,638,318,68,120,1,2,-1,0
29,-1,538,220,23,38,1,2,-1,0
29,-1,558,242,31,66,1,1,-1,0
29,-1,631,343,48,86,1,2,-1,0
29,-1,654,330,46,55,1,10,-1,1
29,-1,662,196,18,69,1,1,-1,0
29,-1,729,598,98,156,1,1,-1,0
29,-1,739,192,26,55,1,1,-1,1
29,-1,784,160,24,40,1,10,-1,0
29,-1,849,238,31,97,1,1,-1,0
29,-1,849,555,69,188,1,1,-1,0
29,-1,996,652,50,71,1,2,-1,1
29,-1,1194,438,47,90,1,2,-1,1
29,-1,942,547,97,202,1,2,-1,1
29,-1,1003,646,51,73,1,2,-1,1
29,-1,1186,452,50,96,1,2,-1,1
29,-1,735,204,19,55,1,1,-1,0
29,-1,648,196,12,44,1,1,-1,0
29,-1,652,338,56,67,1,10,-1,1
29,-1,1209,473,95,117,1,10,-1,1
30,-1,631,347,48,87,1,2,-1,0
30,-1,655,333,46,56,1,10,-1,1
30,-1,691,188,25,72,1,1,-1,0
30,-1,726,209,17,47,1,1,-1,1
30,-1,733,616,102,138,1,1,-1,0
30,-1,736,193,24,68,1,1,-1,0
30,-1,741,192,26,56,1,1,-1,1
30,-1,853,241,31,98,1,1,-1,0
30,-1,855,568,72,181,1,1,-1,0
30,-1,949,609,70,146,1,2,-1,1
30,-1,963,553,80,153,1,1,-1,1
30,-1,1009,670,51,63,1,2,-1,1
30,-1,1192,430,84,117,1,2,-1,1
30,-1,1157,395,98,136,1,2,-1,1
30,-1,738,179,21,58,1,1,-1,0
30,-1,762,185,26,56,1,1,-1,1
30,-1,662,178,23,89,1,1,-1,0
30,-1,712,191,33,93,1,1,-1,0
30,-1,723,193,27,76,1,1,-1,0
30,-1,864,218,28,88,1,1,-1,0
31,-1,538,221,23,38,1,2,-1,0
31,-1,556,245,31,67,1,1,-1,0
31,-1,656,336,47,57,1,10,-1,1
31,-1,662,198,18,70,1,1,-1,0
31,-1,691,189,26,72,1,1,-1,0
31,-1,737,194,24,69,1,1,-1,0
31,-1,743,193,26,56,1,1,-1,1
31,-1,785,163,25,41,1,10,-1,0
31,-1,856,243,32,100,1,1,-1,0
31,-1,862,581,74,174,1,1,-1,0
31,-1,1188,458,100,124,1,10,-1,1
31,-1,1197,430,84,118,1,2,-1,1
31,-1,1204,437,47,90,1,2,-1,1
31,-1,622,362,56,102,1,2,-1,0
31,-1,744,187,27,77,1,1,-1,0
31,-1,776,180,22,36,1,10,-1,0
31,-1,1187,432,64,89,1,2,-1,1
31,-1,562,264,25,54,1,1,-1,0
31,-1,1188,367,125,175,1,2,-1,1
31,-1,963,615,99,180,1,2,-1,1
32,-1,538,221,23,38,1,2,-1,0
32,-1,556,247,31,67,1,1,-1,0
32,-1,633,354,50,90,1,2,-1,0
32,-1,692,190,26,73,1,1,-1,0
32,-1,728,211,17,49,1,1,-1,1
32,-1,739,195,24,70,1,1,-1,0
32,-1,786,165,25,41,1,10,-1,0
32,-1,860,246,33,101,1,1,-1,0
32,-1,875,595,74,159,1,1,-1,0
32,-1,983,580,84,156,1,1,-1,1
32,-1,1191,458,99,124,1,10,-1,1
32,-1,1202,430,85,119,1,2,-1,1
32,-1,1209,437,47,90,1,2,-1,1
32,-1,864,263,18,57,1,1,-1,0
32,-1,628,367,43,78,1,2,-1,0
32,-1,1019,590,63,118,1,1,-1,1
32,-1,976,583,86,161,1,1,-1,1
32,-1,872,266,39,118,1,1,-1,0
32,-1,669,218,13,37,1,1,-1,0
33,-1,555,248,31,67,1,1,-1,0
33,-1,635,358,50,91,1,2,-1,0
33,-1,658,342,48,59,1,10,-1,1
33,-1,664,201,18,70,1,1,-1,0
33,-1,692,191,27,73,1,1,-1,0
33,-1,729,212,17,50,1,1,-1,1
33,-1,747,194,26,58,1,1,-1,1
33,-1,864,248,34,103,1,1,-1,0
33,-1,888,615,74,139,1,1,-1,0
33,-1,993,666,70,89,1,2,-1,1
33,-1,995,598,88,142,1,1,-1,1
33,-1,1194,459,99,123,1,10,-1,1
33,-1,1204,430,84,119,1,2,-1,1
33,-1,1214,436,47,90,1,2,-1,1
33,-1,621,363,30,54,1,2,-1,0
33,-1,1192,452,122,152,1,10,-1,1
33,-1,535,224,24,40,1,2,-1,0
33,-1,987,638,69,88,1,2,-1,1
33,-1,682,214,24,66,1,1,-1,0
33,-1,565,243,37,79,1,1,-1,0
34,-1,536,223,24,39,1,2,-1,0
34,-1,554,249,32,67,1,1,-1,0
34,-1,635,361,50,91,1,2,-1,0
34,-1,659,345,49,60,1,10,-1,1
34,-1,665,202,18,71,1,1,-1,0
34,-1,730,213,17,51,1,1,-1,1
34,-1,741,197,25,70,1,1,-1,0
34,-1,787,168,25,42,1,10,-1,0
34,-1,868,251,34,104,1,1,-1,0
34,-1,902,635,74,119,1,1,-1,0
34,-1,1008,616,91,129,1,1,-1,1
34,-1,1197,459,97,123,1,10,-1,1
34,-1,1206,431,84,119,1,2,-1,1
34,-1,1219,436,47,90,1,2,-1,1
34,-1,553,234,38,80,1,1,-1,0
34,-1,1181,400,114,162,1,2,-1,1
34,-1,697,166,26,103,1,1,-1,0
34,-1,1199,448,89,126,1,2,-1,1
34,-1,897,648,76,122,1,1,-1,0
34,-1,808,150,23,39,1,10,-1,0
35,-1,536,225,24,39,1,2,-1,0
35,-1,636,365,50,91,1,2,-1,0
35,-1,666,203,18,71,1,1,-1,0
35,-1,693,193,28,74,1,1,-1,0
35,-1,732,214,17,52,1,1,-1,1
35,-1,742,198,25,70,1,1,-1,0
35,-1,749,195,27,62,1,1,-1,1
35,-1,788,169,25,43,1,10,-1,0
35,-1,872,254,35,105,1,1,-1,0
35,-1,916,655,74,99,1,1,-1,0
35,-1,1200,459,96,123,1,10,-1,1
35,-1,1208,432,84,119,1,2,-1,1
35,-1,1224,436,47,90,1,2,-1,1
35,-1,633,345,44,80,1,2,-1,0
35,-1,556,228,42,88,1,1,-1,0
35,-1,1192,458,109,139,1,10,-1,1
35,-1,787,165,34,58,1,10,-1,0
35,-1,1210,433,93,132,1,2,-1,1
36,-1,553,251,32,68,1,1,-1,0
36,-1,637,369,50,91,1,2,-1,0
36,-1,661,351,51,63,1,10,-1,1
36,-1,667,204,18,72,1,1,-1,0
36,-1,694,194,28,74,1,1,-1,0
36,-1,731,215,17,53,1,1,-1,1
36,-1,750,196,27,63,1,1,-1,1
36,-1,788,171,26,42,1,10,-1,0
36,-1,875,256,37,107,1,1,-1,0
36,-1,1203,460,95,123,1,10,-1,1
36,-1,1211,433,83,119,1,2,-1,1
36,-1,1230,436,47,90,1,2,-1,1
36,-1,661,306,54,67,1,10,-1,1
36,-1,654,333,71,88,1,10,-1,1
36,-1,701,235,13,50,1,1,-1,0
36,-1,631,338,52,65,1,10,-1,1
36,-1,749,147,31,83,1,1,-1,0
37,-1,536,228,24,38,1,2,-1,0
37,-1,553,253,32,69,1,1,-1,0
37,-1,661,355,51,64,1,10,-1,1
37,-1,695,195,28,75,1,1,-1,0
37,-1,731,216,16,54,1,1,-1,1
37,-1,744,200,27,70,1,1,-1,0
37,-1,752,197,27,65,1,1,-1,1
37,-1,789,172,26,43,1,10,-1,0
37,-1,879,259,37,108,1,1,-1,0
37,-1,943,695,74,59,1,1,-1,0
37,-1,1207,461,94,123,1,10,-1,1
37,-1,1216,433,82,119,1,2,-1,1
37,-1,1230,437,47,90,1,2,-1,1
37,-1,653,366,42,53,1,10,-1,1
37,-1,673,234,23,63,1,1,-1,0
37,-1,560,265,18,40,1,1,-1,0
37,-1,550,220,30,65,1,1,-1,0
37,-1,1220,458,36,69,1,2,-1,1
38,-1,536,229,24,38,1,2,-1,0
38,-1,552,255,32,69,1,1,-1,0
38,-1,639,380,51,94,1,2,-1,0
38,-1,662,359,51,66,1,10,-1,1
38,-1,669,205,18,73,1,1,-1,0
38,-1,694,195,29,75,1,1,-1,0
38,-1,732,217,17,56,1,1,-1,1
38,-1,745,201,27,71,1,1,-1,0
38,-1,754,198,27,65,1,1,-1,1
38,-1,790,174,26,43,1,10,-1,0
38,-1,883,261,38,110,1,1,-1,0
38,-1,1211,462,93,123,1,10,-1,1
38,-1,1231,438,47,90,1,2,-1,1
38,-1,1211,382,110,160,1,2,-1,1
38,-1,878,218,41,119,1,1,-1,0
38,-1,740,177,39,94,1,1,-1,1
38,-1,669,214,33,86,1,1,-1,0
38,-1,741,202,25,65,1,1,-1,0
39,-1,552,257,32,70,1,1,-1,0
39,-1,662,363,52,67,1,10,-1,1
39,-1,670,205,18,73,1,1,-1,0
39,-1,694,195,29,76,1,1,-1,0
39,-1,734,219,17,57,1,1,-1,1
39,-1,790,175,26,44,1,10,-1,0
39,-1,887,264,39,111,1,1,-1,0
39,-1,1216,464,91,122,1,10,-1,1
39,-1,1226,433,82,119,1,2,-1,1
39,-1,1232,440,47,90,1,2,-1,1
39,-1,777,192,35,86,1,1,-1,1
39,-1,549,259,21,45,1,1,-1,0
39,-1,615,394,76,140,1,2,-1,0
39,-1,1162,443,128,171,1,10,-1,1
39,-1,567,245,32,51,1,2,-1,0
40,-1,663,368,52,68,1,10,-1,1
40,-1,669,207,18,73,1,1,-1,0
40,-1,693,196,30,77,1,1,-1,0
40,-1,731,221,17,58,1,1,-1,1
40,-1,747,203,25,73,1,1,-1,0
40,-1,757,201,26,64,1,1,-1,1
40,-1,891,267,40,112,1,1,-1,0
40,-1,1218,465,91,122,1,10,-1,1
40,-1,1234,441,47,90,1,2,-1,1
40,-1,694,188,35,90,1,1,-1,0
40,-1,648,374,43,56,1,10,-1,1
40,-1,669,227,14,58,1,1,-1,0
40,-1,563,237,40,89,1,1,-1,0
40,-1,676,224,13,51,1,1,-1,0
41,-1,533,233,26,38,1,2,-1,0
41,-1,550,263,32,71,1,1,-1,0
41,-1,640,395,54,99,1,2,-1,0
41,-1,663,372,53,69,1,10,-1,1
41,-1,668,209,18,73,1,1,-1,0
41,-1,693,198,30,77,1,1,-1,0
41,-1,732,223,17,58,1,1,-1,1
41,-1,747,204,25,74,1,1,-1,0
41,-1,758,202,25,65,1,1,-1,1
41,-1,792,178,26,45,1,10,-1,0
41,-1,892,271,40,114,1,1,-1,0
41,-1,1221,467,90,122,1,10,-1,1
41,-1,1232,435,82,118,1,2,-1,1
41,-1,1236,442,47,90,1,2,-1,1
41,-1,751,239,17,51,1,1,-1,0
41,-1,756,228,20,60,1,1,-1,0
41,-1,543,240,45,100,1,1,-1,0
41,-1,1246,474,86,117,1,10,-1,1
41,-1,773,204,13,38,1,1,-1,0
42,-1,532,235,27,38,1,2,-1,0
42,-1,640,401,54,101,1,2,-1,0
42,-1,663,376,54,70,1,10,-1,1
42,-1,668,211,18,74,1,1,-1,0
42,-1,693,200,31,78,1,1,-1,0
42,-1,733,226,18,58,1,1,-1,1
42,-1,747,206,25,74,1,1,-1,0
42,-1,759,203,25,66,1,1,-1,1
42,-1,792,180,27,45,1,10,-1,0
42,-1,893,276,41,115,1,1,-1,0
42,-1,1235,436,83,118,1,2,-1,1
42,-1,1239,443,47,90,1,2,-1,1
42,-1,1233,478,103,140,1,10,-1,1
42,-1,769,223,13,40,1,1,-1,0
42,-1,920,254,49,137,1,1,-1,0
42,-1,1238,413,55,106,1,2,-1,1
42,-1,671,230,16,66,1,1,-1,0
43,-1,528,236,27,38,1,2,-1,0
43,-1,545,268,31,72,1,1,-1,0
43,-1,666,213,18,75,1,1,-1,0
43,-1,693,202,31,78,1,1,-1,0
43,-1,745,207,24,74,1,1,-1,0
43,-1,793,181,27,46,1,10,-1,0
43,-1,894,281,42,117,1,1,-1,0
43,-1,1224,468,89,121,1,10,-1,1
43,-1,1233,436,83,118,1,2,-1,1
43,-1,1238,443,47,90,1,2,-1,1
43,-1,751,149,30,52,1,10,-1,0
43,-1,1258,451,57,109,1,2,-1,1
43,-1,1276,469,30,58,1,2,-1,1
43,-1,758,170,31,78,1,1,-1,1
43,-1,509,241,24,34,1,2,-1,0
44,-1,524,238,27,38,1,2,-1,0
44,-1,540,270,32,73,1,1,-1,0
44,-1,637,413,55,105,1,2,-1,0
44,-1,661,387,54,71,1,10,-1,1
44,-1,664,215,18,76,1,1,-1,0
44,-1,693,204,32,79,1,1,-1,0
44,-1,726,229,19,58,1,1,-1,1
44,-1,743,208,24,75,1,1,-1,0
44,-1,794,183,27,46,1,10,-1,0
44,-1,895,286,43,118,1,1,-1,0
44,-1,1224,468,89,120,1,10,-1,1
44,-1,1231,437,83,117,1,2,-1,1
44,-1,1237,443,47,90,1,2,-1,1
44,-1,1261,487,47,63,1,10,-1,1
44,-1,565,312,31,71,1,1,-1,0
44,-1,542,233,46,105,1,1,-1,0
44,-1,794,168,26,45,1,10,-1,0
44,-1,869,275,64,177,1,1,-1,0
45,-1,520,239,27,38,1,2,-1,0
45,-1,535,271,32,74,1,1,-1,0
45,-1,635,419,55,107,1,2,-1,0
45,-1,663,218,18,76,1,1,-1,0
45,-1,687,205,31,80,1,1,-1,0
45,-1,723,231,19,58,1,1,-1,1
45,-1,741,209,24,76,1,1,-1,0
45,-1,752,208,26,64,1,1,-1,1
45,-1,790,179,27,50,1,10,-1,0
45,-1,896,291,44,120,1,1,-1,0
45,-1,1224,467,88,120,1,10,-1,1
45,-1,1229,437,83,117,1,2,-1,1
45,-1,1236,443,47,90,1,2,-1,1
45,-1,644,433,41,81,1,2,-1,0
45,-1,1232,468,59,83,1,2,-1,1
45,-1,674,414,34,44,1,10,-1,1
45,-1,1249,452,46,89,1,2,-1,1
45,-1,688,190,18,77,1,1,-1,0
46,-1,516,241,27,38,1,2,-1,0
46,-1,531,273,32,75,1,1,-1,0
46,-1,630,425,56,108,1,2,-1,0
46,-1,650,398,58,72,1,10,-1,1
46,-1,656,219,19,77,1,1,-1,0
46,-1,682,207,30,80,1,1,-1,0
46,-1,720,233,19,58,1,1,-1,1
46,-1,739,210,24,77,1,1,-1,0
46,-1,786,176,27,53,1,10,-1,0
46,-1,894,294,45,121,1,1,-1,0
46,-1,1228,438,83,116,1,2,-1,1
46,-1,1223,410,69,132,1,2,-1,1
46,-1,754,183,34,80,1,1,-1,1
46,-1,670,413,49,61,1,10,-1,1
46,-1,896,296,50,135,1,1,-1,0
46,-1,668,422,48,60,1,10,-1,1
47,-1,507,242,27,38,1,2,-1,0
47,-1,520,276,32,76,1,1,-1,0
47,-1,643,403,59,74,1,10,-1,1
47,-1,677,209,29,80,1,1,-1,0
47,-1,713,234,20,58,1,1,-1,1
47,-1,733,212,24,77,1,1,-1,0
47,-1,745,212,26,62,1,1,-1,1
47,-1,1219,437,83,116,1,2,-1,1
47,-1,784,212,16,51,1,1,-1,0
47,-1,521,263,38,91,1,1,-1,0
47,-1,613,230,23,88,1,1,-1,0
47,-1,598,450,46,91,1,2,-1,0
47,-1,608,392,76,150,1,2,-1,0
48,-1,498,244,27,37,1,2,-1,0
48,-1,510,279,32,77,1,1,-1,0
48,-1,616,441,57,112,1,2,-1,0
48,-1,637,409,59,76,1,10,-1,1
48,-1,643,223,20,78,1,1,-1,0
48,-1,672,211,28,80,1,1,-1,0
48,-1,728,214,24,78,1,1,-1,0
48,-1,776,178,22,54,1,10,-1,0
48,-1,1208,465,87,119,1,10,-1,1
48,-1,1211,437,83,115,1,2,-1,1
48,-1,1219,442,47,90,1,2,-1,1
48,-1,877,281,65,174,1,1,-1,0
48,-1,648,237,15,59,1,1,-1,0
48,-1,712,218,15,48,1,1,-1,0
48,-1,1244,457,27,51,1,2,-1,1
48,-1,1204,465,43,59,1,2,-1,1
49,-1,490,245,27,38,1,2,-1,0
49,-1,500,282,31,78,1,1,-1,0
49,-1,609,449,58,115,1,2,-1,0
49,-1,630,414,61,78,1,10,-1,1
49,-1,634,224,21,79,1,1,-1,0
49,-1,699,237,20,58,1,1,-1,1
49,-1,718,216,25,79,1,1,-1,0
49,-1,735,216,24,62,1,1,-1,1
49,-1,767,180,25,48,1,2,-1,1
49,-1,767,195,28,48,1,10,-1,1
49,-1,886,304,47,126,1,1,-1,0
49,-1,1200,464,87,119,1,10,-1,1
49,-1,1203,437,83,114,1,2,-1,1
49,-1,642,218,31,118,1,1,-1,0
49,-1,783,196,17,34,1,2,-1,1
49,-1,604,447,84,166,1,2,-1,0
49,-1,505,311,20,50,1,1,-1,0
49,-1,872,333,40,107,1,1,-1,0
50,-1,481,247,27,37,1,2,-1,0
50,-1,603,456,59,117,1,2,-1,0
50,-1,624,420,61,80,1,10,-1,1
50,-1,626,226,21,79,1,1,-1,0
50,-1,657,214,29,81,1,1,-1,0
50,-1,691,239,20,58,1,1,-1,1
50,-1,709,219,25,79,1,1,-1,0
50,-1,726,218,24,63,1,1,-1,1
50,-1,759,182,24,47,1,2,-1,1
50,-1,759,200,26,44,1,10,-1,1
50,-1,882,308,48,127,1,1,-1,0
50,-1,1193,463,86,119,1,10,-1,1
50,-1,1195,437,83,114,1,2,-1,1
50,-1,1203,440,47,91,1,2,-1,1
50,-1,1206,468,108,149,1,10,-1,1
50,-1,615,199,30,114,1,1,-1,0
50,-1,1195,405,94,130,1,2,-1,1
50,-1,1198,430,58,113,1,2,-1,1
50,-1,771,200,35,60,1,10,-1,1
51,-1,598,463,59,119,1,2,-1,0
51,-1,617,425,62,82,1,10,-1,1
51,-1,618,228,21,80,1,1,-1,0
51,-1,650,216,29,82,1,1,-1,0
51,-1,700,222,25,80,1,1,-1,0
51,-1,718,220,24,65,1,1,-1,1
51,-1,751,185,24,45,1,2,-1,1
51,-1,752,206,23,39,1,10,-1,1
51,-1,879,312,50,129,1,1,-1,0
51,-1,1202,440,46,90,1,2,-1,1
51,-1,498,279,27,69,1,1,-1,0
51,-1,755,174,31,59,1,2,-1,1
51,-1,593,468,63,128,1,2,-1,0
51,-1,608,416,83,110,1,10,-1,1
51,-1,620,401,32,43,1,10,-1,1
52,-1,593,470,59,121,1,2,-1,0
52,-1,611,431,63,84,1,10,-1,1
52,-1,644,218,29,82,1,1,-1,0
52,-1,681,243,20,57,1,1,-1,1
52,-1,697,224,26,80,1,1,-1,0
52,-1,716,221,24,67,1,1,-1,1
52,-1,749,208,23,39,1,10,-1,1
52,-1,877,317,51,131,1,1,-1,0
52,-1,1190,436,83,111,1,2,-1,1
52,-1,1201,440,46,90,1,2,-1,1
52,-1,738,147,32,60,1,2,-1,1
52,-1,886,339,29,74,1,1,-1,0
52,-1,441,225,33,46,1,2,-1,0
52,-1,676,241,34,106,1,1,-1,0
52,-1,873,301,63,163,1,1,-1,0
53,-1,462,252,27,37,1,2,-1,0
53,-1,467,296,34,78,1,1,-1,0
53,-1,588,477,59,123,1,2,-1,0
53,-1,609,438,65,86,1,10,-1,1
53,-1,610,233,22,80,1,1,-1,0
53,-1,638,220,29,83,1,1,-1,0
53,-1,695,226,26,81,1,1,-1,0
53,-1,714,223,24,69,1,1,-1,1
53,-1,747,189,24,46,1,2,-1,1
53,-1,880,323,52,132,1,1,-1,0
53,-1,1187,435,83,110,1,2,-1,1
53,-1,1193,462,80,117,1,10,-1,1
53,-1,1200,440,46,89,1,2,-1,1
53,-1,727,222,22,63,1,1,-1,1
53,-1,878,321,47,119,1,1,-1,0
53,-1,1185,464,87,127,1,10,-1,1
53,-1,670,253,25,68,1,1,-1,1
53,-1,1221,460,92,134,1,10,-1,1
54,-1,465,299,35,78,1,1,-1,0
54,-1,586,486,59,121,1,2,-1,0
54,-1,606,235,23,81,1,1,-1,0
54,-1,608,445,66,88,1,10,-1,1
54,-1,636,222,30,83,1,1,-1,0
54,-1,675,247,21,57,1,1,-1,1
54,-1,693,228,26,81,1,1,-1,0
54,-1,743,213,24,40,1,10,-1,1
54,-1,745,191,24,47,1,2,-1,1
54,-1,883,329,53,134,1,1,-1,0
54,-1,1185,435,83,108,1,2,-1,1
54,-1,1193,462,78,116,1,10,-1,1
54,-1,610,471,43,58,1,10,-1,1
54,-1,1228,496,46,60,1,2,-1,1
54,-1,627,427,78,104,1,10,-1,1
54,-1,494,253,18,25,1,2,-1,0
54,-1,692,250,25,69,1,1,-1,1
55,-1,458,257,27,37,1,2,-1,0
55,-1,584,495,59,119,1,2,-1,0
55,-1,607,452,67,90,1,10,-1,1
55,-1,635,224,30,84,1,1,-1,0
55,-1,673,249,21,57,1,1,-1,1
55,-1,691,230,26,82,1,1,-1,0
55,-1,710,227,24,72,1,1,-1,1
55,-1,741,216,24,40,1,10,-1,1
55,-1,743,194,24,47,1,2,-1,1
55,-1,1183,435,83,106,1,2,-1,1
55,-1,1194,462,75,116,1,10,-1,1
55,-1,1198,441,46,88,1,2,-1,1
55,-1,697,250,27,85,1,1,-1,0
55,-1,1146,397,106,136,1,2,-1,1
55,-1,489,311,27,58,1,1,-1,0
55,-1,1197,475,67,103,1,10,-1,1
55,-1,663,258,15,40,1,1,-1,1
56,-1,456,260,27,37,1,2,-1,0
56,-1,461,305,38,79,1,1,-1,0
56,-1,584,504,61,123,1,2,-1,0
56,-1,607,458,66,92,1,10,-1,1
56,-1,673,252,21,57,1,1,-1,1
56,-1,691,232,26,82,1,1,-1,0
56,-1,711,229,23,74,1,1,-1,1
56,-1,889,342,55,136,1,1,-1,0
56,-1,1193,463,78,116,1,10,-1,1
56,-1,1199,441,46,89,1,2,-1,1
56,-1,1154,439,86,112,1,2,-1,1
56,-1,1161,450,30,58,1,2,-1,1
56,-1,662,256,17,46,1,1,-1,1
56,-1,733,223,12,25,1,2,-1,1
56,-1,1181,448,116,172,1,10,-1,1
57,-1,454,262,27,37,1,2,-1,0
57,-1,459,308,40,80,1,1,-1,0
57,-1,585,514,63,126,1,2,-1,0
57,-1,607,464,66,94,1,10,-1,1
57,-1,635,228,31,86,1,1,-1,0
57,-1,673,255,21,57,1,1,-1,1
57,-1,741,224,25,38,1,10,-1,1
57,-1,893,349,55,137,1,1,-1,0
57,-1,1189,435,84,110,1,2,-1,1
57,-1,1193,464,80,117,1,10,-1,1
57,-1,1200,442,46,90,1,2,-1,1
57,-1,760,219,18,36,1,2,-1,1
57,-1,1222,495,58,85,1,10,-1,1
57,-1,585,482,73,146,1,2,-1,0
57,-1,594,538,42,85,1,2,-1,0
57,-1,705,231,29,89,1,1,-1,0
58,-1,452,265,27,37,1,2,-1,0
58,-1,586,524,65,130,1,2,-1,0
58,-1,610,470,67,95,1,10,-1,1
58,-1,618,204,22,67,1,1,-1,1
58,-1,636,231,31,86,1,1,-1,0
58,-1,673,258,21,57,1,1,-1,1
58,-1,703,156,24,37,1,10,-1,1
58,-1,704,148,21,39,1,2,-1,1
58,-1,713,235,23,77,1,1,-1,1
58,-1,742,229,25,36,1,10,-1,1
58,-1,898,358,55,137,1,1,-1,0
58,-1,1193,466,82,117,1,10,-1,1
58,-1,1194,437,84,110,1,2,-1,1
58,-1,873,371,73,181,1,1,-1,0
58,-1,655,255,19,53,1,1,-1,1
58,-1,690,280,13,34,1,1,-1,1
58,-1,1197,414,47,91,1,2,-1,1
58,-1,608,238,11,34,1,1,-1,1
58,-1,716,219,24,34,1,10,-1,1
