1,7,226.00,400.00,139.00,358.00,1,1,-1,-1
1,6,1886.00,327.00,156.00,404.00,1,1,-1,-1
1,5,1686.00,387.00,171.00,345.00,1,1,-1,-1
1,4,1292.00,459.00,70.00,202.00,1,1,-1,-1
1,3,260.00,450.00,102.00,262.00,1,1,-1,-1
1,2,-348.00,235.00,477.00,695.00,1,1,-1,-1
2,5,1691.71,320.67,215.58,437.66,1,1,-1,-1
2,3,261.95,449.12,102.09,262.76,1,1,-1,-1
3,9,1910.00,432.00,79.00,206.00,1,1,-1,-1
3,8,1259.00,535.00,61.00,125.00,1,1,-1,-1
3,5,1679.38,368.09,186.12,379.06,1,1,-1,-1
3,3,263.96,449.00,102.09,262.93,1,1,-1,-1
4,5,1678.34,382.69,174.71,358.09,1,1,-1,-1
5,5,1679.49,388.10,169.36,349.40,1,1,-1,-1
6,5,1679.96,389.55,166.96,346.52,1,1,-1,-1
7,13,1867.55,271.67,197.98,516.08,1,1,-1,-1
7,12,-296.13,234.60,455.27,687.75,1,1,-1,-1
7,5,1679.73,390.28,165.51,346.05,1,1,-1,-1
8,13,1862.55,294.30,181.66,473.52,1,1,-1,-1
8,12,-287.38,235.01,451.77,685.95,1,1,-1,-1
8,10,1303.60,451.97,77.94,210.11,1,1,-1,-1
9,13,1861.34,306.11,172.70,450.75,1,1,-1,-1
9,12,-279.26,234.83,448.78,685.31,1,1,-1,-1
9,10,1282.28,443.25,91.85,244.83,1,1,-1,-1
10,13,1860.10,313.05,167.93,438.53,1,1,-1,-1
10,12,-270.70,234.83,445.41,684.32,1,1,-1,-1
11,12,-261.95,234.90,441.83,683.19,1,1,-1,-1
12,12,-253.10,234.99,438.11,682.01,1,1,-1,-1
13,12,-244.21,234.58,434.35,681.16,1,1,-1,-1
15,14,1286.18,537.01,53.55,126.22,1,1,-1,-1
16,20,1848.79,318.45,163.30,432.06,1,1,-1,-1
16,5,1666.02,386.22,166.18,360.40,1,1,-1,-1
17,21,1319.08,454.60,76.99,205.96,1,1,-1,-1
17,20,1846.07,318.08,163.95,433.81,1,1,-1,-1
17,5,1663.62,384.78,167.86,364.86,1,1,-1,-1
18,21,1320.79,455.44,76.35,205.05,1,1,-1,-1
18,20,1843.76,317.40,164.34,435.43,1,1,-1,-1
19,20,1841.06,317.17,164.99,437.37,1,1,-1,-1
19,18,1803.91,440.11,73.18,183.99,1,1,-1,-1
19,14,1294.25,535.63,52.40,127.76,1,1,-1,-1
19,12,-187.45,231.74,427.89,679.68,1,1,-1,-1
20,18,1805.89,440.83,71.88,182.25,1,1,-1,-1
20,14,1295.35,535.49,52.25,128.01,1,1,-1,-1
20,12,-161.68,267.64,403.73,637.22,1,1,-1,-1
21,18,1808.06,441.30,71.04,181.21,1,1,-1,-1
22,18,1810.07,441.66,70.18,180.47,1,1,-1,-1
23,18,1812.20,441.87,69.61,180.07,1,1,-1,-1
24,18,1813.68,441.79,69.22,179.58,1,1,-1,-1
25,29,1634.83,375.33,183.18,387.40,1,1,-1,-1
26,31,1329.16,456.99,73.73,205.83,1,1,-1,-1
27,31,1329.95,456.94,73.91,206.15,1,1,-1,-1
28,34,1303.96,533.97,52.07,130.00,1,1,-1,-1
28,31,1330.15,456.90,74.00,206.29,1,1,-1,-1
29,36,-97.16,224.30,488.47,687.14,1,1,-1,-1
29,31,1341.57,446.15,85.24,237.71,1,1,-1,-1
30,31,1333.54,448.00,82.01,227.76,1,1,-1,-1
32,20,1802.99,288.65,185.55,502.02,1,1,-1,-1
35,41,1831.70,440.54,64.48,180.91,1,1,-1,-1
36,43,1303.09,427.69,104.00,285.95,1,1,-1,-1
36,41,1833.56,440.02,63.75,180.40,1,1,-1,-1
36,20,1780.99,274.81,195.08,531.26,1,1,-1,-1
37,41,1821.34,404.56,81.60,232.35,1,1,-1,-1
37,20,1786.13,284.25,189.36,515.96,1,1,-1,-1
38,46,26.63,247.70,459.63,650.55,1,1,-1,-1
38,20,1787.83,290.12,185.26,505.54,1,1,-1,-1
42,49,1337.22,456.87,76.61,209.37,1,1,-1,-1
42,46,143.01,262.99,391.65,615.26,1,1,-1,-1
43,46,180.22,266.83,366.64,605.26,1,1,-1,-1
44,52,1847.69,438.52,59.57,180.12,1,1,-1,-1
45,54,214.32,453.03,90.37,246.90,1,1,-1,-1
46,56,1313.00,534.00,51.00,129.00,1,1,-1,-1
46,54,213.38,453.95,90.24,244.85,1,1,-1,-1
47,56,1313.00,534.00,51.00,129.00,1,1,-1,-1
48,56,1313.00,534.00,51.00,129.00,1,1,-1,-1
48,49,1340.25,456.79,77.49,210.53,1,1,-1,-1
50,59,1582.28,355.58,189.64,438.95,1,1,-1,-1
51,59,1579.98,354.80,190.80,441.31,1,1,-1,-1
52,62,379.32,250.15,317.88,618.24,1,1,-1,-1
52,59,1577.35,354.25,192.23,443.36,1,1,-1,-1
53,62,385.37,252.92,324.97,617.68,1,1,-1,-1
53,59,1574.56,353.30,193.88,445.55,1,1,-1,-1
54,65,368.80,425.14,123.13,300.70,1,1,-1,-1
54,62,391.59,255.99,332.51,616.73,1,1,-1,-1
54,59,1572.22,353.04,195.28,447.55,1,1,-1,-1
54,49,1341.30,457.60,78.87,210.90,1,1,-1,-1
55,65,369.12,425.56,122.97,299.27,1,1,-1,-1
55,62,406.64,257.87,329.86,610.41,1,1,-1,-1
55,49,1341.24,457.64,78.98,210.86,1,1,-1,-1
56,65,351.33,419.74,140.46,341.76,1,1,-1,-1
56,62,425.99,259.47,321.17,602.03,1,1,-1,-1
57,71,1313.00,534.00,51.00,129.00,1,1,-1,-1
57,69,1871.11,434.49,58.58,184.80,1,1,-1,-1
57,65,360.60,418.08,132.74,323.82,1,1,-1,-1
57,62,447.65,261.02,308.70,592.91,1,1,-1,-1
58,71,1312.87,534.04,50.48,128.13,1,1,-1,-1
58,69,1872.39,433.65,61.25,186.45,1,1,-1,-1
58,67,1756.11,283.74,194.86,531.32,1,1,-1,-1
58,65,363.95,419.61,128.36,311.62,1,1,-1,-1
58,62,470.67,262.54,293.80,583.60,1,1,-1,-1
59,71,1312.89,534.12,50.21,127.75,1,1,-1,-1
59,67,1753.91,282.97,195.82,533.96,1,1,-1,-1
59,65,365.29,421.68,125.71,302.78,1,1,-1,-1
59,62,495.00,264.31,277.00,574.43,1,1,-1,-1
60,73,1530.23,347.49,204.44,459.02,1,1,-1,-1
60,71,1312.93,534.16,50.06,127.59,1,1,-1,-1
60,67,1751.92,282.68,196.71,536.16,1,1,-1,-1
60,65,365.67,424.18,124.16,296.06,1,1,-1,-1
61,71,1312.97,534.19,49.97,127.53,1,1,-1,-1
61,67,1723.33,244.93,214.50,584.65,1,1,-1,-1
61,65,368.89,426.25,122.04,290.66,1,1,-1,-1
62,71,1312.99,534.20,49.92,127.51,1,1,-1,-1
62,65,393.31,442.31,107.48,257.42,1,1,-1,-1
63,77,1341.00,458.00,79.00,210.00,1,1,-1,-1
63,65,406.63,457.46,100.16,242.04,1,1,-1,-1
64,77,1340.38,457.79,79.46,210.43,1,1,-1,-1
64,65,397.64,447.82,101.92,250.37,1,1,-1,-1
65,77,1340.14,457.72,79.71,210.56,1,1,-1,-1
65,74,1884.57,440.16,65.27,173.90,1,1,-1,-1
66,79,220.80,474.72,94.24,233.40,1,1,-1,-1
66,74,1880.49,430.22,76.26,203.14,1,1,-1,-1
67,79,238.60,496.83,83.92,208.58,1,1,-1,-1
67,74,1883.61,432.28,72.35,192.39,1,1,-1,-1
68,79,237.26,486.43,87.83,219.59,1,1,-1,-1
68,74,1886.49,434.72,69.41,185.08,1,1,-1,-1
69,74,1889.66,437.50,66.73,178.68,1,1,-1,-1
69,71,1313.04,534.15,49.89,127.67,1,1,-1,-1
70,83,1487.72,267.17,259.39,618.21,1,1,-1,-1
70,74,1892.88,440.93,64.23,172.89,1,1,-1,-1
70,71,1313.04,534.13,49.90,127.70,1,1,-1,-1
71,83,1479.26,266.99,246.99,594.48,1,1,-1,-1
71,71,1313.04,534.12,49.90,127.72,1,1,-1,-1
73,65,416.53,435.04,116.71,274.19,1,1,-1,-1
74,86,754.96,289.68,210.14,510.59,1,1,-1,-1
74,79,250.61,473.23,92.72,237.91,1,1,-1,-1
74,65,416.09,435.96,117.64,272.80,1,1,-1,-1
75,86,773.87,293.41,196.13,500.93,1,1,-1,-1
75,71,1313.03,534.10,49.91,127.77,1,1,-1,-1
75,65,414.90,436.35,119.21,272.84,1,1,-1,-1
76,71,1313.03,534.10,49.92,127.79,1,1,-1,-1
76,65,413.34,436.33,121.21,273.84,1,1,-1,-1
77,89,1893.42,437.45,59.06,180.83,1,1,-1,-1
77,83,1475.62,337.72,206.78,483.31,1,1,-1,-1
77,65,412.05,436.02,123.24,275.47,1,1,-1,-1
78,65,412.01,433.72,122.99,277.20,1,1,-1,-1
79,65,413.49,430.82,121.09,279.28,1,1,-1,-1
80,65,416.59,429.19,119.12,280.49,1,1,-1,-1
82,71,1313.89,534.28,49.21,127.54,1,1,-1,-1
83,94,1676.67,253.23,208.50,599.66,1,1,-1,-1
83,71,1313.95,534.21,49.12,127.60,1,1,-1,-1
84,94,1660.46,229.44,237.32,684.45,1,1,-1,-1
84,71,1314.16,534.16,49.36,127.68,1,1,-1,-1
85,99,1339.00,458.00,81.00,210.00,1,1,-1,-1
85,94,1662.25,230.86,227.84,659.57,1,1,-1,-1
89,101,449.98,424.50,122.39,298.29,1,1,-1,-1
90,102,308.17,463.12,99.67,243.70,1,1,-1,-1
91,104,1338.00,458.00,82.00,210.00,1,1,-1,-1
91,102,310.19,462.24,99.34,245.24,1,1,-1,-1
92,104,1338.00,458.00,82.00,210.00,1,1,-1,-1
92,102,312.15,461.29,99.24,247.12,1,1,-1,-1
93,104,1338.00,458.00,82.00,210.00,1,1,-1,-1
94,109,1391.11,363.56,212.30,488.14,1,1,-1,-1
95,109,1383.13,340.58,221.44,517.76,1,1,-1,-1
98,102,319.38,455.78,101.28,259.96,1,1,-1,-1
99,114,1338.00,458.00,82.00,210.00,1,1,-1,-1
99,102,320.20,454.12,101.44,262.24,1,1,-1,-1
100,114,1337.97,458.16,82.06,210.46,1,1,-1,-1
100,102,321.09,452.67,101.54,264.10,1,1,-1,-1
101,119,1313.95,534.13,54.11,131.84,1,1,-1,-1
101,115,1593.53,228.84,246.54,663.96,1,1,-1,-1
101,114,1337.93,458.31,82.14,211.13,1,1,-1,-1
101,102,322.01,451.53,101.61,265.99,1,1,-1,-1
102,119,1320.41,528.04,60.71,151.08,1,1,-1,-1
102,102,323.44,450.85,101.33,267.22,1,1,-1,-1
103,102,325.60,450.49,100.51,267.91,1,1,-1,-1
104,102,328.30,450.45,99.63,268.62,1,1,-1,-1
105,115,1574.51,219.50,241.52,675.85,1,1,-1,-1
105,114,1337.93,458.42,83.18,215.03,1,1,-1,-1
106,114,1337.89,458.45,83.29,215.99,1,1,-1,-1
107,114,1338.02,458.41,83.70,217.08,1,1,-1,-1
108,128,1313.96,534.00,55.00,133.00,1,1,-1,-1
108,125,426.32,372.40,165.47,392.57,1,1,-1,-1
109,125,445.23,389.27,151.34,360.79,1,1,-1,-1
110,132,1297.35,293.79,240.46,619.36,1,1,-1,-1
110,125,454.37,400.43,141.58,339.85,1,1,-1,-1
113,135,1532.57,217.98,234.01,712.04,1,1,-1,-1
114,135,1551.32,315.22,175.93,538.75,1,1,-1,-1
117,114,1334.72,452.02,88.12,228.77,1,1,-1,-1
118,140,1311.93,533.81,57.08,135.44,1,1,-1,-1
122,144,1179.22,282.49,279.66,657.42,1,1,-1,-1
123,149,1469.66,201.83,251.72,740.38,1,1,-1,-1
124,149,1445.17,48.68,340.46,994.91,1,1,-1,-1
126,144,1132.86,260.91,305.31,722.77,1,1,-1,-1
130,144,1111.60,259.73,296.99,738.58,1,1,-1,-1
131,144,1099.63,275.85,292.01,738.78,1,1,-1,-1
132,160,1308.96,534.16,59.08,137.52,1,1,-1,-1
132,144,1084.24,265.80,283.19,728.40,1,1,-1,-1
133,145,1327.00,360.07,137.56,344.23,1,1,-1,-1
134,158,1366.50,151.76,293.32,833.35,1,1,-1,-1
134,145,1332.96,351.08,141.66,356.45,1,1,-1,-1
135,158,1355.52,119.69,319.88,910.91,1,1,-1,-1
135,145,1339.80,345.90,143.03,363.55,1,1,-1,-1
136,145,1347.49,342.72,142.94,367.58,1,1,-1,-1
140,145,1370.83,333.25,149.87,385.62,1,1,-1,-1
141,145,1367.56,324.13,158.80,406.36,1,1,-1,-1
142,155,443.47,394.83,124.68,349.52,1,1,-1,-1
142,145,1368.49,284.62,175.20,444.60,1,1,-1,-1
143,169,1316.93,530.50,58.34,139.98,1,1,-1,-1
143,155,443.40,395.74,125.73,348.45,1,1,-1,-1
143,145,1375.51,308.63,167.75,421.78,1,1,-1,-1
144,171,324.80,419.85,122.39,322.20,1,1,-1,-1
144,155,443.55,395.41,127.09,348.72,1,1,-1,-1
145,171,321.01,420.55,123.27,324.39,1,1,-1,-1
145,155,443.73,394.60,128.67,350.18,1,1,-1,-1
146,155,444.06,393.87,130.68,352.21,1,1,-1,-1
147,155,444.20,392.46,132.72,354.57,1,1,-1,-1
148,172,929.24,258.41,318.97,772.43,1,1,-1,-1
149,175,-35.79,381.37,269.93,541.85,1,1,-1,-1
149,174,35.94,280.44,275.42,658.96,1,1,-1,-1
149,172,921.82,263.31,317.18,769.30,1,1,-1,-1
150,175,-21.98,383.90,259.40,538.05,1,1,-1,-1
150,174,73.40,274.47,288.70,661.13,1,1,-1,-1
150,172,913.06,264.65,318.54,774.22,1,1,-1,-1
151,175,5.31,387.37,237.88,520.36,1,1,-1,-1
151,174,96.06,270.79,308.23,664.39,1,1,-1,-1
151,173,1367.12,439.78,90.71,229.24,1,1,-1,-1
151,172,903.05,263.22,321.86,783.64,1,1,-1,-1
151,171,302.05,412.18,129.33,348.81,1,1,-1,-1
152,175,31.89,388.71,219.26,506.24,1,1,-1,-1
152,174,112.68,268.58,331.97,666.75,1,1,-1,-1
152,173,1387.12,451.51,84.03,211.71,1,1,-1,-1
152,171,300.25,410.57,130.84,351.74,1,1,-1,-1
153,182,1438.65,364.69,146.64,328.63,1,1,-1,-1
153,175,57.81,389.07,202.44,494.63,1,1,-1,-1
153,174,122.94,268.88,343.10,662.78,1,1,-1,-1
154,182,1428.83,356.60,163.58,363.85,1,1,-1,-1
154,181,1189.05,97.36,335.55,1000.17,1,1,-1,-1
154,175,83.74,388.89,186.43,484.38,1,1,-1,-1
154,174,133.36,270.19,346.06,656.32,1,1,-1,-1
155,182,1442.08,357.83,156.89,348.44,1,1,-1,-1
155,181,1178.93,91.00,339.49,1009.48,1,1,-1,-1
155,175,103.75,388.07,183.19,482.26,1,1,-1,-1
155,172,854.56,248.67,331.95,829.06,1,1,-1,-1
156,182,1451.30,360.17,151.90,337.71,1,1,-1,-1
156,181,1175.66,74.10,335.46,994.22,1,1,-1,-1
156,173,1368.42,444.32,89.24,225.30,1,1,-1,-1
156,171,304.95,405.28,134.51,354.60,1,1,-1,-1
157,182,1458.87,362.47,147.99,330.23,1,1,-1,-1
157,181,1162.09,78.40,342.38,1011.10,1,1,-1,-1
157,173,1367.73,443.71,89.84,226.90,1,1,-1,-1
157,171,306.67,404.26,135.14,354.59,1,1,-1,-1
158,173,1367.56,443.84,90.56,228.08,1,1,-1,-1
158,171,308.73,403.70,135.85,354.28,1,1,-1,-1
159,184,1314.44,528.86,68.13,149.94,1,1,-1,-1
159,173,1367.39,443.70,91.06,228.87,1,1,-1,-1
159,171,292.80,362.17,170.85,451.23,1,1,-1,-1
160,188,1287.09,419.03,106.83,243.88,1,1,-1,-1
160,184,1311.42,477.49,73.21,163.53,1,1,-1,-1
160,173,1367.24,444.16,91.40,229.40,1,1,-1,-1
161,184,1317.26,508.16,71.38,158.33,1,1,-1,-1
162,184,1308.99,459.03,85.52,191.87,1,1,-1,-1
163,184,1307.86,437.23,93.54,211.61,1,1,-1,-1
163,175,274.70,374.39,206.39,452.10,1,1,-1,-1
164,192,471.56,380.13,142.31,393.50,1,1,-1,-1
164,191,1499.56,368.72,131.22,307.06,1,1,-1,-1
164,184,1309.81,426.80,98.42,224.02,1,1,-1,-1
164,181,1080.21,40.14,377.57,1085.05,1,1,-1,-1
164,175,273.82,390.77,197.77,456.05,1,1,-1,-1
165,192,473.55,378.01,150.44,401.54,1,1,-1,-1
165,184,1313.04,421.51,101.18,231.91,1,1,-1,-1
165,175,293.54,399.42,176.67,435.19,1,1,-1,-1
166,192,475.22,376.92,154.76,404.02,1,1,-1,-1
166,184,1317.65,418.69,102.59,237.00,1,1,-1,-1
166,175,311.06,380.69,175.51,438.03,1,1,-1,-1
167,199,338.71,432.66,120.57,312.80,1,1,-1,-1
167,196,1368.72,446.23,92.86,231.99,1,1,-1,-1
167,192,477.31,376.85,157.62,404.86,1,1,-1,-1
167,175,328.75,389.57,168.16,441.98,1,1,-1,-1
168,199,347.08,421.49,132.34,342.33,1,1,-1,-1
168,192,479.54,376.56,159.33,404.89,1,1,-1,-1
168,175,343.88,392.89,167.01,446.36,1,1,-1,-1
169,199,347.12,415.82,138.11,357.12,1,1,-1,-1
169,175,357.18,394.22,170.56,450.61,1,1,-1,-1
170,199,345.08,413.23,141.66,366.04,1,1,-1,-1
170,184,1338.30,415.89,102.83,244.08,1,1,-1,-1
170,181,995.60,13.79,404.69,1135.84,1,1,-1,-1
170,175,368.83,395.55,177.21,453.90,1,1,-1,-1
171,199,343.12,412.31,143.73,371.76,1,1,-1,-1
171,191,1505.61,380.81,145.21,297.12,1,1,-1,-1
171,184,1343.56,415.93,102.57,244.44,1,1,-1,-1
171,181,982.04,9.79,409.18,1143.83,1,1,-1,-1
172,199,344.09,411.04,145.02,376.16,1,1,-1,-1
172,192,482.68,375.98,162.72,405.22,1,1,-1,-1
172,184,1348.79,416.02,102.36,244.62,1,1,-1,-1
172,181,964.66,-31.76,441.92,1236.12,1,1,-1,-1
173,206,1383.04,445.03,93.10,232.84,1,1,-1,-1
173,192,482.64,375.65,163.38,405.31,1,1,-1,-1
173,181,949.73,-27.82,435.04,1220.60,1,1,-1,-1
174,206,1383.95,444.51,93.23,233.87,1,1,-1,-1
174,203,524.79,137.63,398.75,1062.95,1,1,-1,-1
174,192,443.55,394.00,184.57,435.29,1,1,-1,-1
174,181,938.04,-25.12,429.44,1211.69,1,1,-1,-1
175,209,1332.97,535.17,68.16,147.45,1,1,-1,-1
175,206,1385.08,444.06,93.67,234.76,1,1,-1,-1
175,203,509.38,135.62,398.64,1070.06,1,1,-1,-1
175,192,441.14,398.01,191.67,448.93,1,1,-1,-1
175,191,1530.85,380.20,134.21,288.51,1,1,-1,-1
175,181,927.57,-24.20,425.05,1207.23,1,1,-1,-1
176,209,1334.04,535.35,68.05,147.48,1,1,-1,-1
176,203,490.16,131.95,406.87,1083.28,1,1,-1,-1
176,192,454.68,396.82,189.89,455.20,1,1,-1,-1
176,191,1535.95,380.80,132.24,286.70,1,1,-1,-1
176,181,917.17,-24.51,421.25,1206.24,1,1,-1,-1
177,209,1335.06,535.36,68.00,147.54,1,1,-1,-1
177,203,468.60,128.37,419.98,1097.97,1,1,-1,-1
177,191,1540.71,381.58,130.87,284.91,1,1,-1,-1
177,181,906.89,-25.92,418.17,1207.83,1,1,-1,-1
178,203,501.01,108.32,365.96,977.81,1,1,-1,-1
179,212,507.12,377.76,163.63,402.61,1,1,-1,-1
180,212,513.06,377.83,163.96,403.26,1,1,-1,-1
181,215,652.93,304.22,194.98,541.52,1,1,-1,-1
181,212,519.71,377.96,164.17,403.96,1,1,-1,-1
181,181,862.28,-39.24,411.47,1228.71,1,1,-1,-1
182,218,1405.32,434.39,93.33,232.94,1,1,-1,-1
182,217,541.84,381.14,198.37,470.71,1,1,-1,-1
182,212,523.76,377.38,164.31,404.71,1,1,-1,-1
182,203,354.97,126.76,487.53,1130.48,1,1,-1,-1
183,218,1411.38,463.04,91.34,229.28,1,1,-1,-1
183,217,546.17,379.84,213.69,472.33,1,1,-1,-1
183,203,324.09,120.29,501.01,1146.23,1,1,-1,-1
184,218,1419.46,467.24,75.58,191.42,1,1,-1,-1
184,217,550.50,380.16,229.76,472.16,1,1,-1,-1
184,206,1396.31,442.66,92.93,235.97,1,1,-1,-1
184,203,295.46,114.39,508.31,1158.20,1,1,-1,-1
185,218,1424.00,443.95,81.18,207.10,1,1,-1,-1
185,217,562.90,383.05,230.63,463.02,1,1,-1,-1
185,206,1396.92,441.41,94.08,238.95,1,1,-1,-1
186,223,1352.94,537.13,66.11,149.84,1,1,-1,-1
186,222,433.14,398.85,142.31,395.88,1,1,-1,-1
186,218,1428.28,433.76,84.34,216.26,1,1,-1,-1
186,217,580.46,386.57,222.86,451.34,1,1,-1,-1
186,212,534.09,374.98,166.20,407.45,1,1,-1,-1
186,206,1397.60,440.20,94.88,241.56,1,1,-1,-1
187,226,752.08,311.79,189.84,518.32,1,1,-1,-1
187,223,1355.91,537.25,66.18,150.41,1,1,-1,-1
187,218,1432.66,428.87,86.24,221.97,1,1,-1,-1
187,212,534.85,374.78,166.68,408.24,1,1,-1,-1
187,206,1398.35,439.34,95.41,243.35,1,1,-1,-1
188,226,767.67,385.62,146.72,400.10,1,1,-1,-1
188,223,1358.33,537.05,66.61,151.02,1,1,-1,-1
188,212,535.07,374.56,167.31,408.83,1,1,-1,-1
188,203,170.80,92.95,513.91,1193.62,1,1,-1,-1
189,226,783.26,351.24,164.66,448.18,1,1,-1,-1
189,224,1588.51,393.15,124.40,265.20,1,1,-1,-1
189,223,1360.92,537.06,66.45,151.05,1,1,-1,-1
189,203,112.17,88.15,521.68,1203.22,1,1,-1,-1
190,231,-47.15,251.40,226.30,695.31,1,1,-1,-1
190,223,1363.80,537.21,66.39,151.44,1,1,-1,-1
190,203,54.08,36.66,554.14,1262.90,1,1,-1,-1
191,231,-26.15,256.59,214.30,684.94,1,1,-1,-1
191,223,1366.77,537.20,66.33,151.70,1,1,-1,-1
191,218,1446.73,422.78,100.09,234.57,1,1,-1,-1
191,203,-18.02,52.37,560.36,1258.22,1,1,-1,-1
192,223,1369.76,536.80,66.34,152.56,1,1,-1,-1
193,236,704.28,383.47,160.23,433.12,1,1,-1,-1
193,226,816.42,277.40,213.48,574.03,1,1,-1,-1
193,224,1612.64,386.94,111.14,231.70,1,1,-1,-1
193,206,1404.35,435.22,98.18,250.69,1,1,-1,-1
194,226,849.49,308.09,194.94,521.44,1,1,-1,-1
194,224,1609.70,398.38,116.05,240.19,1,1,-1,-1
194,206,1405.40,434.82,98.93,251.39,1,1,-1,-1
195,241,500.62,390.75,135.88,422.16,1,1,-1,-1
195,240,598.16,-107.56,487.74,1357.81,1,1,-1,-1
195,226,853.64,311.25,192.52,512.44,1,1,-1,-1
195,224,1609.43,401.14,118.59,245.26,1,1,-1,-1
195,203,-199.53,63.07,590.34,1266.47,1,1,-1,-1
196,241,508.22,389.20,140.38,425.27,1,1,-1,-1
196,240,569.41,-113.56,496.04,1369.24,1,1,-1,-1
196,203,-240.40,63.21,598.45,1270.08,1,1,-1,-1
197,243,82.94,240.28,255.06,710.54,1,1,-1,-1
197,240,540.16,-118.98,504.78,1379.92,1,1,-1,-1
197,234,220.00,229.19,321.30,747.89,1,1,-1,-1
197,203,-281.43,63.25,606.49,1274.65,1,1,-1,-1
198,246,1479.55,428.88,103.21,222.14,1,1,-1,-1
198,243,100.15,240.99,267.38,708.70,1,1,-1,-1
198,234,235.82,229.83,322.21,743.77,1,1,-1,-1
198,206,1409.66,434.29,102.42,253.32,1,1,-1,-1
198,203,-322.33,62.46,614.78,1279.87,1,1,-1,-1
199,243,118.10,244.73,267.38,696.73,1,1,-1,-1
199,236,759.30,394.46,171.77,410.90,1,1,-1,-1
199,234,250.45,230.65,324.82,739.13,1,1,-1,-1
199,206,1410.68,434.19,103.40,253.60,1,1,-1,-1
199,203,-363.22,61.89,623.26,1285.53,1,1,-1,-1
200,236,779.76,396.38,166.36,405.77,1,1,-1,-1
200,234,264.40,232.38,328.58,733.98,1,1,-1,-1
200,206,1411.70,434.10,104.39,253.81,1,1,-1,-1
201,236,801.59,397.47,159.78,401.12,1,1,-1,-1
201,234,304.61,281.29,285.78,632.29,1,1,-1,-1
201,206,1412.72,434.03,105.37,253.97,1,1,-1,-1
202,255,575.85,416.55,145.86,369.68,1,1,-1,-1
202,246,1509.93,430.90,83.35,214.83,1,1,-1,-1
202,245,1397.88,535.35,67.14,158.18,1,1,-1,-1
202,241,558.00,387.41,159.04,420.42,1,1,-1,-1
202,234,315.45,268.90,296.68,654.38,1,1,-1,-1
202,206,1413.73,434.15,106.37,254.38,1,1,-1,-1
203,246,1516.04,430.02,81.65,215.85,1,1,-1,-1
203,245,1400.69,535.29,66.84,158.47,1,1,-1,-1
203,234,330.31,261.42,301.62,666.42,1,1,-1,-1
204,246,1522.33,429.32,80.61,217.02,1,1,-1,-1
204,245,1403.16,535.13,66.98,158.85,1,1,-1,-1
205,246,1527.08,428.60,82.36,219.76,1,1,-1,-1
205,236,860.48,399.86,172.63,394.01,1,1,-1,-1
206,260,190.00,-113.63,662.57,1389.00,1,1,-1,-1
206,246,1531.02,427.83,86.26,223.15,1,1,-1,-1
206,236,869.51,401.17,184.67,392.02,1,1,-1,-1
207,260,135.60,-137.23,694.46,1440.61,1,1,-1,-1
207,258,987.93,386.42,161.01,374.44,1,1,-1,-1
207,236,877.26,400.97,188.78,389.40,1,1,-1,-1
207,234,360.32,144.85,399.23,862.46,1,1,-1,-1
208,258,1004.88,365.98,167.69,398.03,1,1,-1,-1
208,245,1414.81,535.18,67.23,160.67,1,1,-1,-1
208,241,671.70,368.33,159.31,412.27,1,1,-1,-1
208,236,885.75,400.85,187.46,386.55,1,1,-1,-1
209,266,1426.37,414.79,118.12,299.44,1,1,-1,-1
209,262,307.77,269.97,227.33,640.79,1,1,-1,-1
209,241,680.00,368.38,158.73,411.43,1,1,-1,-1
209,236,895.41,400.78,182.33,383.58,1,1,-1,-1
210,269,646.70,376.01,161.56,434.87,1,1,-1,-1
210,262,317.86,268.07,237.95,641.93,1,1,-1,-1
210,241,689.53,367.12,159.85,411.17,1,1,-1,-1
210,236,906.18,400.76,174.48,380.51,1,1,-1,-1
211,269,652.22,372.24,175.31,441.61,1,1,-1,-1
211,262,326.73,266.64,250.30,642.36,1,1,-1,-1
211,241,699.29,365.81,162.12,410.91,1,1,-1,-1
211,236,917.84,400.79,164.70,377.33,1,1,-1,-1
212,269,656.89,369.87,190.21,446.13,1,1,-1,-1
212,268,1558.69,426.06,95.53,217.96,1,1,-1,-1
212,262,335.40,265.33,263.48,642.02,1,1,-1,-1
212,245,1425.44,536.27,66.41,162.09,1,1,-1,-1
212,241,708.96,364.51,165.19,410.57,1,1,-1,-1
212,236,930.83,400.91,153.54,374.01,1,1,-1,-1
213,269,638.93,329.27,250.92,546.57,1,1,-1,-1
213,267,-27.82,249.25,328.56,795.84,1,1,-1,-1
213,262,343.90,264.86,277.23,640.49,1,1,-1,-1
213,241,718.65,363.23,169.13,410.19,1,1,-1,-1
213,236,937.80,403.29,148.40,372.07,1,1,-1,-1
214,269,654.48,341.58,241.28,509.10,1,1,-1,-1
214,267,-0.16,271.04,313.24,754.34,1,1,-1,-1
214,262,362.28,267.14,277.33,634.35,1,1,-1,-1
214,241,723.23,363.25,169.91,409.81,1,1,-1,-1
214,236,941.47,406.22,147.59,371.24,1,1,-1,-1
215,275,1454.28,427.22,101.32,268.17,1,1,-1,-1
215,269,670.09,351.95,230.40,482.94,1,1,-1,-1
215,267,10.24,266.78,315.29,757.38,1,1,-1,-1
215,262,386.39,270.60,268.24,626.18,1,1,-1,-1
215,241,726.42,364.21,168.42,409.18,1,1,-1,-1
215,236,943.36,409.32,150.21,371.55,1,1,-1,-1
216,275,1456.88,427.31,100.72,267.57,1,1,-1,-1
216,267,24.22,265.35,314.84,757.45,1,1,-1,-1
216,241,716.98,377.09,174.65,412.78,1,1,-1,-1
216,236,953.33,410.35,150.36,370.03,1,1,-1,-1
217,280,1116.57,349.13,188.81,431.70,1,1,-1,-1
217,275,1458.92,426.78,99.97,267.01,1,1,-1,-1
217,267,12.20,272.65,301.37,719.68,1,1,-1,-1
217,241,726.67,370.57,168.08,410.85,1,1,-1,-1
218,280,1124.40,352.52,184.95,428.71,1,1,-1,-1
218,275,1458.89,450.28,100.19,269.47,1,1,-1,-1
218,241,735.57,368.30,163.00,409.08,1,1,-1,-1
219,269,735.37,374.38,181.32,432.35,1,1,-1,-1
219,241,744.10,367.79,159.31,407.75,1,1,-1,-1
220,269,752.58,378.72,167.53,423.34,1,1,-1,-1
220,268,1610.22,421.63,110.18,229.64,1,1,-1,-1
220,241,752.09,367.70,156.32,406.45,1,1,-1,-1
220,236,1007.44,411.25,139.71,357.99,1,1,-1,-1
221,268,1613.71,420.83,116.19,230.47,1,1,-1,-1
221,241,759.92,367.93,154.15,405.48,1,1,-1,-1
221,236,1019.46,411.16,136.03,354.30,1,1,-1,-1
222,275,1475.14,426.49,100.43,268.39,1,1,-1,-1
222,268,1617.07,420.36,122.48,231.14,1,1,-1,-1
222,236,1031.41,411.28,132.26,350.67,1,1,-1,-1
223,275,1479.32,425.92,101.63,269.11,1,1,-1,-1
223,268,1620.33,420.05,129.00,231.68,1,1,-1,-1
223,236,1043.82,411.49,128.12,347.03,1,1,-1,-1
224,290,754.00,341.42,152.98,418.95,1,1,-1,-1
224,277,724.85,285.00,233.85,586.69,1,1,-1,-1
224,275,1482.92,425.53,103.08,269.75,1,1,-1,-1
224,269,805.35,379.55,189.48,415.09,1,1,-1,-1
224,268,1624.24,419.53,130.28,231.39,1,1,-1,-1
224,236,1072.88,407.49,120.96,329.05,1,1,-1,-1
225,290,778.74,356.25,151.28,416.06,1,1,-1,-1
225,277,738.73,284.36,234.63,585.52,1,1,-1,-1
225,269,810.63,380.46,195.42,412.79,1,1,-1,-1
225,268,1629.72,419.66,127.58,230.64,1,1,-1,-1
225,236,1069.50,414.92,122.19,330.52,1,1,-1,-1
226,296,1126.39,417.91,103.25,250.76,1,1,-1,-1
226,290,791.90,361.84,149.57,413.04,1,1,-1,-1
226,277,751.93,283.76,236.85,584.49,1,1,-1,-1
226,269,814.48,381.64,198.35,410.29,1,1,-1,-1
226,268,1635.99,420.08,122.35,229.65,1,1,-1,-1
227,296,1136.72,426.63,94.53,234.30,1,1,-1,-1
227,291,1181.95,348.86,148.99,411.77,1,1,-1,-1
227,290,801.29,364.30,148.33,410.79,1,1,-1,-1
227,277,764.66,283.18,240.09,583.50,1,1,-1,-1
227,269,818.28,382.92,199.21,407.70,1,1,-1,-1
228,297,610.02,302.88,192.04,536.17,1,1,-1,-1
228,296,1143.35,431.48,89.10,225.65,1,1,-1,-1
228,291,1188.15,349.64,147.32,409.87,1,1,-1,-1
228,290,809.15,365.48,147.02,408.50,1,1,-1,-1
228,287,320.46,293.37,302.06,660.38,1,1,-1,-1
228,277,776.39,282.81,239.43,580.81,1,1,-1,-1
228,275,1497.42,424.80,109.63,272.22,1,1,-1,-1
228,269,822.42,384.72,198.62,404.78,1,1,-1,-1
229,299,1716.66,401.29,109.24,237.08,1,1,-1,-1
229,297,626.25,305.99,180.62,526.91,1,1,-1,-1
229,296,1151.47,433.56,87.27,222.57,1,1,-1,-1
229,291,1195.59,350.63,145.56,407.87,1,1,-1,-1
229,287,361.90,297.45,274.19,644.54,1,1,-1,-1
229,275,1501.22,424.83,111.52,272.86,1,1,-1,-1
229,269,826.95,386.28,196.99,401.93,1,1,-1,-1
229,267,186.32,244.24,361.53,722.08,1,1,-1,-1
230,299,1719.64,401.50,108.97,236.67,1,1,-1,-1
230,297,642.76,308.94,169.30,518.02,1,1,-1,-1
230,275,1529.35,458.76,103.22,252.52,1,1,-1,-1
230,269,831.83,387.74,194.62,399.15,1,1,-1,-1
230,268,1676.47,405.82,111.30,249.30,1,1,-1,-1
230,267,210.66,259.03,333.02,689.80,1,1,-1,-1
231,301,1484.27,532.80,69.85,173.04,1,1,-1,-1
231,275,1517.16,440.70,105.44,258.70,1,1,-1,-1
231,269,801.64,357.08,193.74,429.13,1,1,-1,-1
231,268,1681.47,411.15,103.72,242.92,1,1,-1,-1
231,267,242.08,271.16,302.37,664.67,1,1,-1,-1
232,301,1496.26,551.79,56.77,139.97,1,1,-1,-1
232,269,817.97,357.75,178.53,420.55,1,1,-1,-1
232,268,1687.03,414.21,98.32,237.79,1,1,-1,-1
232,267,276.56,281.55,270.12,643.70,1,1,-1,-1
233,296,1178.21,432.89,94.04,229.72,1,1,-1,-1
233,269,840.96,331.54,186.54,465.77,1,1,-1,-1
233,268,1692.48,416.36,94.44,233.89,1,1,-1,-1
233,267,313.14,291.35,236.71,624.82,1,1,-1,-1
234,297,690.52,302.76,193.43,531.28,1,1,-1,-1
234,296,1179.44,432.32,95.21,230.83,1,1,-1,-1
234,269,857.20,313.66,187.83,496.30,1,1,-1,-1
234,268,1697.64,417.90,91.63,230.96,1,1,-1,-1
234,267,344.13,299.81,220.81,608.31,1,1,-1,-1
235,297,700.12,302.35,205.26,532.46,1,1,-1,-1
235,269,880.07,341.66,177.25,465.89,1,1,-1,-1
235,267,376.46,321.27,216.39,591.78,1,1,-1,-1
236,297,709.30,302.89,218.11,532.22,1,1,-1,-1
236,269,893.40,359.13,170.52,442.73,1,1,-1,-1
237,308,1268.26,348.96,145.03,408.05,1,1,-1,-1
238,313,918.35,273.28,218.96,581.20,1,1,-1,-1
238,296,1188.43,427.96,102.69,254.62,1,1,-1,-1
238,268,1719.02,421.24,87.37,224.51,1,1,-1,-1
239,313,927.87,272.37,232.32,584.27,1,1,-1,-1
240,313,933.30,275.59,237.24,580.93,1,1,-1,-1
240,269,883.83,358.22,155.75,427.53,1,1,-1,-1
241,314,1536.27,429.07,86.20,264.56,1,1,-1,-1
241,269,893.12,360.31,149.51,420.85,1,1,-1,-1
242,320,497.44,332.75,198.80,537.04,1,1,-1,-1
242,317,761.25,318.39,217.63,495.30,1,1,-1,-1
242,314,1538.32,430.82,83.33,260.79,1,1,-1,-1
242,296,1188.56,421.93,107.13,261.80,1,1,-1,-1
242,269,906.01,359.08,145.07,415.89,1,1,-1,-1
243,320,519.84,338.79,184.98,523.09,1,1,-1,-1
243,317,781.33,322.18,203.38,487.36,1,1,-1,-1
243,308,1294.83,349.79,159.71,400.66,1,1,-1,-1
244,320,541.70,344.69,170.38,509.37,1,1,-1,-1
244,319,1554.37,533.74,93.95,172.34,1,1,-1,-1
244,316,1763.92,406.02,102.45,226.65,1,1,-1,-1
244,308,1299.51,350.87,160.77,398.01,1,1,-1,-1
245,321,970.25,397.71,158.51,363.84,1,1,-1,-1
245,320,564.13,350.86,155.19,495.79,1,1,-1,-1
245,316,1757.01,395.89,114.42,263.08,1,1,-1,-1
245,308,1301.78,352.22,158.29,395.15,1,1,-1,-1
246,323,1192.79,428.00,98.15,240.00,1,1,-1,-1
246,321,979.37,399.09,156.48,359.66,1,1,-1,-1
246,320,583.49,344.91,160.13,505.28,1,1,-1,-1
246,316,1764.40,396.62,110.32,251.04,1,1,-1,-1
246,314,1541.50,430.86,80.67,260.45,1,1,-1,-1
246,269,911.59,331.70,153.97,454.04,1,1,-1,-1
247,323,1194.02,427.97,98.13,240.06,1,1,-1,-1
247,321,988.51,400.55,154.95,356.54,1,1,-1,-1
247,316,1769.68,398.69,107.55,242.92,1,1,-1,-1
247,269,929.94,343.65,147.08,436.68,1,1,-1,-1
248,323,1195.80,427.95,98.11,240.09,1,1,-1,-1
248,321,997.43,401.32,153.33,353.81,1,1,-1,-1
248,319,1580.84,533.70,84.83,172.35,1,1,-1,-1
248,316,1773.81,401.09,105.28,236.62,1,1,-1,-1
248,313,1022.56,290.55,196.12,526.17,1,1,-1,-1
249,319,1587.63,533.74,82.33,172.50,1,1,-1,-1
249,316,1777.59,402.98,103.73,232.28,1,1,-1,-1
249,313,1044.60,321.57,181.79,480.03,1,1,-1,-1
250,316,1781.13,404.37,102.66,229.28,1,1,-1,-1
250,314,1543.33,428.04,81.42,265.92,1,1,-1,-1
250,313,1054.32,311.86,190.48,491.63,1,1,-1,-1
251,327,742.84,319.85,253.31,570.78,1,1,-1,-1
251,316,1785.00,405.90,101.60,226.82,1,1,-1,-1
251,314,1543.40,427.26,81.82,267.54,1,1,-1,-1
251,313,1064.85,307.67,198.91,499.01,1,1,-1,-1
251,269,967.68,367.03,129.91,392.74,1,1,-1,-1
252,327,769.56,324.75,237.46,559.72,1,1,-1,-1
252,324,1757.40,385.30,132.89,288.10,1,1,-1,-1
252,321,1034.87,402.85,146.37,346.24,1,1,-1,-1
252,316,1787.84,406.69,100.85,224.80,1,1,-1,-1
252,314,1543.97,426.18,82.14,269.05,1,1,-1,-1
252,313,1073.88,305.51,204.25,502.98,1,1,-1,-1
253,321,1046.07,419.74,124.24,296.33,1,1,-1,-1
253,320,655.64,327.38,228.45,530.72,1,1,-1,-1
254,320,671.22,329.66,222.05,525.28,1,1,-1,-1
255,335,1349.96,362.09,125.96,375.55,1,1,-1,-1
255,320,688.17,332.03,212.97,519.61,1,1,-1,-1
256,335,1354.28,362.21,125.76,374.75,1,1,-1,-1
256,316,1800.06,416.92,97.58,218.84,1,1,-1,-1
256,314,1545.57,424.60,82.85,272.47,1,1,-1,-1
257,338,1265.47,423.85,111.23,294.67,1,1,-1,-1
257,335,1358.96,362.88,125.20,373.24,1,1,-1,-1
257,316,1801.23,413.26,97.40,217.65,1,1,-1,-1
257,269,1010.01,368.76,125.95,382.35,1,1,-1,-1
258,338,1277.94,426.59,104.46,287.01,1,1,-1,-1
258,335,1363.24,363.09,124.86,372.05,1,1,-1,-1
258,323,1204.72,426.38,100.29,246.89,1,1,-1,-1
258,316,1807.50,419.29,94.01,216.74,1,1,-1,-1
258,269,1016.37,368.87,125.50,381.12,1,1,-1,-1
259,339,1790.62,378.59,119.63,269.12,1,1,-1,-1
259,320,763.66,342.81,168.70,495.99,1,1,-1,-1
259,316,1813.80,421.47,91.89,215.94,1,1,-1,-1
259,269,1023.23,369.42,125.18,379.68,1,1,-1,-1
260,344,907.82,326.96,212.26,542.25,1,1,-1,-1
260,320,781.67,344.87,164.91,492.38,1,1,-1,-1
260,316,1819.89,422.82,90.67,215.18,1,1,-1,-1
260,269,1029.60,369.71,124.94,378.38,1,1,-1,-1
261,344,924.72,327.27,210.49,537.59,1,1,-1,-1
261,320,798.41,346.66,164.33,489.68,1,1,-1,-1
261,316,1842.92,427.63,94.36,224.56,1,1,-1,-1
262,346,1666.86,528.45,87.24,184.22,1,1,-1,-1
262,344,941.66,327.54,208.62,533.03,1,1,-1,-1
262,316,1824.99,417.29,94.52,220.32,1,1,-1,-1
263,346,1673.63,528.21,83.71,184.47,1,1,-1,-1
263,344,984.29,319.04,190.38,492.44,1,1,-1,-1
263,316,1826.72,420.73,92.93,218.31,1,1,-1,-1
264,349,1547.22,416.91,87.54,286.81,1,1,-1,-1
264,346,1678.87,520.99,74.86,168.84,1,1,-1,-1
264,344,1010.01,320.41,182.36,467.84,1,1,-1,-1
265,354,1148.42,410.67,126.32,314.11,1,1,-1,-1
265,352,1317.12,428.67,99.08,286.43,1,1,-1,-1
265,349,1547.83,416.99,87.40,286.90,1,1,-1,-1
265,346,1686.60,506.79,89.78,205.08,1,1,-1,-1
265,344,1028.57,323.17,180.98,453.13,1,1,-1,-1
266,357,1185.11,313.59,183.67,482.61,1,1,-1,-1
266,354,1137.96,403.77,134.12,335.08,1,1,-1,-1
266,352,1321.92,427.91,98.51,284.98,1,1,-1,-1
266,349,1548.20,416.85,87.67,287.28,1,1,-1,-1
266,346,1688.76,516.38,87.98,201.21,1,1,-1,-1
266,344,1036.15,328.32,175.79,442.90,1,1,-1,-1
267,357,1191.64,315.09,182.00,479.24,1,1,-1,-1
267,354,1140.33,400.12,136.90,343.86,1,1,-1,-1
267,349,1548.78,416.38,87.51,287.56,1,1,-1,-1
267,344,1066.14,374.56,145.46,376.62,1,1,-1,-1
268,363,1081.32,370.47,123.57,369.28,1,1,-1,-1
268,357,1197.96,316.89,179.39,475.47,1,1,-1,-1
268,354,1168.22,390.80,140.04,350.27,1,1,-1,-1
269,363,1059.54,346.25,140.11,422.78,1,1,-1,-1
269,357,1204.40,318.54,176.23,471.38,1,1,-1,-1
270,365,1072.40,346.10,162.79,428.54,1,1,-1,-1
270,363,1057.64,335.33,147.09,446.18,1,1,-1,-1
271,365,1095.95,366.34,137.60,373.54,1,1,-1,-1
271,363,1062.27,329.54,150.36,457.52,1,1,-1,-1
271,349,1550.94,415.99,87.83,288.65,1,1,-1,-1
271,316,1837.00,418.74,89.32,205.03,1,1,-1,-1
272,352,1345.96,414.15,106.78,301.29,1,1,-1,-1
272,349,1562.42,420.69,86.00,278.83,1,1,-1,-1
272,316,1837.23,417.76,90.05,203.16,1,1,-1,-1
273,369,1844.56,420.54,90.65,217.32,1,1,-1,-1
273,366,1201.90,418.74,110.12,269.90,1,1,-1,-1
273,316,1838.44,417.52,90.56,201.57,1,1,-1,-1
274,369,1847.77,420.57,89.47,215.61,1,1,-1,-1
274,366,1201.94,418.44,110.82,271.03,1,1,-1,-1
274,316,1839.88,417.53,90.63,200.15,1,1,-1,-1
275,371,1232.02,308.55,179.43,477.86,1,1,-1,-1
275,369,1850.46,421.40,88.59,213.95,1,1,-1,-1
276,371,1240.11,305.27,184.31,480.52,1,1,-1,-1
277,371,1158.95,324.76,185.10,490.39,1,1,-1,-1
277,357,1214.71,412.70,121.77,306.85,1,1,-1,-1
278,371,1136.45,330.87,186.14,496.07,1,1,-1,-1
278,357,1207.95,393.71,137.45,345.25,1,1,-1,-1
278,316,1847.39,418.60,90.40,194.77,1,1,-1,-1
279,387,1260.34,305.22,189.48,502.55,1,1,-1,-1
279,382,1391.17,434.02,90.79,257.11,1,1,-1,-1
279,371,1135.53,332.57,187.79,499.03,1,1,-1,-1
279,316,1854.68,424.69,87.42,195.98,1,1,-1,-1
280,387,1263.26,249.62,239.43,619.29,1,1,-1,-1
280,371,1142.26,333.09,189.93,500.10,1,1,-1,-1
280,316,1853.87,420.65,88.09,194.15,1,1,-1,-1
281,316,1859.89,424.56,84.69,195.60,1,1,-1,-1
282,316,1863.63,425.15,81.67,196.67,1,1,-1,-1
283,316,1867.08,424.73,78.92,197.69,1,1,-1,-1
284,385,1201.65,338.58,184.80,488.22,1,1,-1,-1
284,316,1869.92,424.17,76.65,198.20,1,1,-1,-1
285,386,1191.96,375.65,120.11,344.86,1,1,-1,-1
285,316,1872.62,423.84,75.00,198.63,1,1,-1,-1
286,386,1198.23,375.76,119.80,343.52,1,1,-1,-1
286,316,1875.17,423.62,73.80,198.97,1,1,-1,-1
287,399,1703.03,524.35,111.99,208.08,1,1,-1,-1
287,394,1171.51,332.02,141.98,439.30,1,1,-1,-1
287,391,1250.36,346.16,181.63,444.13,1,1,-1,-1
287,386,1205.04,376.33,119.57,342.02,1,1,-1,-1
287,357,1275.15,409.86,120.62,301.13,1,1,-1,-1
287,316,1877.58,423.45,72.94,199.26,1,1,-1,-1
288,399,1700.98,524.43,112.07,207.90,1,1,-1,-1
288,394,1175.41,329.59,140.94,442.24,1,1,-1,-1
288,391,1242.10,350.19,183.28,451.24,1,1,-1,-1
288,357,1283.63,410.42,120.47,300.06,1,1,-1,-1
288,316,1876.83,419.71,76.46,194.96,1,1,-1,-1
289,405,1196.31,403.92,119.14,307.75,1,1,-1,-1
289,396,1508.31,376.20,111.07,327.06,1,1,-1,-1
289,394,1166.67,270.38,167.46,533.07,1,1,-1,-1
289,391,1284.30,333.10,180.31,440.66,1,1,-1,-1
290,406,1493.72,327.23,145.06,394.45,1,1,-1,-1
290,405,1199.73,407.47,119.44,301.84,1,1,-1,-1
290,396,1514.33,379.67,107.86,317.29,1,1,-1,-1
290,394,1176.32,292.99,157.97,504.06,1,1,-1,-1
290,391,1303.81,328.08,178.38,433.35,1,1,-1,-1
291,405,1200.60,408.97,119.87,299.19,1,1,-1,-1
291,396,1519.91,382.67,105.47,309.20,1,1,-1,-1
291,394,1185.98,307.41,152.10,482.12,1,1,-1,-1
291,391,1315.16,327.71,176.74,427.68,1,1,-1,-1
291,386,1228.09,368.27,125.96,356.75,1,1,-1,-1
292,407,1589.33,494.50,109.92,209.66,1,1,-1,-1
292,396,1526.35,384.83,106.19,305.72,1,1,-1,-1
292,386,1244.25,381.66,115.70,326.87,1,1,-1,-1
292,357,1307.53,398.82,128.08,319.63,1,1,-1,-1
292,316,1882.64,424.85,70.21,194.06,1,1,-1,-1
293,396,1520.79,400.19,102.18,284.97,1,1,-1,-1
295,405,1198.99,409.59,122.99,299.98,1,1,-1,-1
295,391,1311.81,356.03,183.86,451.39,1,1,-1,-1
296,410,1092.44,364.11,151.47,413.89,1,1,-1,-1
296,405,1198.54,409.60,123.56,300.69,1,1,-1,-1
296,386,1263.95,380.09,116.53,327.71,1,1,-1,-1
297,413,1693.25,525.20,108.44,204.61,1,1,-1,-1
297,412,1461.56,432.98,99.88,256.84,1,1,-1,-1
297,410,1100.51,365.14,147.83,411.39,1,1,-1,-1
297,405,1220.59,386.19,132.10,335.08,1,1,-1,-1
297,396,1556.55,393.24,127.92,303.31,1,1,-1,-1
297,394,1217.04,278.30,174.68,512.18,1,1,-1,-1
297,386,1270.49,380.30,116.68,327.05,1,1,-1,-1
298,410,1108.80,366.20,144.33,408.35,1,1,-1,-1
298,396,1559.63,391.91,130.57,303.23,1,1,-1,-1
299,410,1117.12,367.52,140.93,405.35,1,1,-1,-1
299,396,1562.38,390.55,130.52,301.66,1,1,-1,-1
299,391,1345.17,357.78,179.49,440.05,1,1,-1,-1
300,410,1124.86,367.88,139.36,403.81,1,1,-1,-1
300,396,1565.92,389.36,128.32,299.16,1,1,-1,-1
300,391,1367.40,346.11,170.80,426.01,1,1,-1,-1
300,357,1365.63,391.47,130.46,324.03,1,1,-1,-1
301,422,1356.52,330.16,185.04,473.76,1,1,-1,-1
301,410,1132.30,367.69,139.30,403.19,1,1,-1,-1
301,405,1192.60,401.72,128.71,315.62,1,1,-1,-1
301,394,1242.44,326.67,152.43,440.55,1,1,-1,-1
301,391,1376.30,352.91,171.46,425.74,1,1,-1,-1
301,357,1387.61,378.08,136.23,343.48,1,1,-1,-1
302,410,1139.38,367.78,140.23,402.65,1,1,-1,-1
302,405,1190.97,403.16,128.46,313.48,1,1,-1,-1
302,391,1387.60,346.27,164.64,415.27,1,1,-1,-1
302,357,1378.09,388.12,131.88,329.79,1,1,-1,-1
303,424,1699.36,525.36,97.28,204.28,1,1,-1,-1
303,410,1146.17,367.53,141.84,402.34,1,1,-1,-1
303,391,1393.51,345.26,159.72,406.99,1,1,-1,-1
304,424,1700.21,525.72,95.59,203.56,1,1,-1,-1
304,410,1153.22,367.72,143.60,401.65,1,1,-1,-1
304,396,1583.67,386.08,109.61,285.22,1,1,-1,-1
304,391,1384.54,357.43,162.87,411.53,1,1,-1,-1
304,386,1310.27,382.62,116.39,318.78,1,1,-1,-1
305,422,1320.61,287.14,231.72,579.02,1,1,-1,-1
305,410,1157.13,367.88,143.27,399.91,1,1,-1,-1
305,396,1578.36,386.33,103.87,279.58,1,1,-1,-1
305,394,1251.78,345.75,141.69,410.45,1,1,-1,-1
305,386,1314.83,383.28,116.00,317.22,1,1,-1,-1
306,422,1351.08,325.73,212.27,529.22,1,1,-1,-1
306,410,1160.86,368.11,141.48,397.60,1,1,-1,-1
306,386,1319.52,384.10,115.42,315.50,1,1,-1,-1
306,357,1404.94,383.25,131.78,330.97,1,1,-1,-1
307,410,1164.12,368.43,138.68,394.96,1,1,-1,-1
307,386,1324.48,385.17,115.01,314.00,1,1,-1,-1
307,357,1404.11,388.50,136.30,345.26,1,1,-1,-1
308,430,1588.43,427.54,119.08,237.23,1,1,-1,-1
308,410,1168.03,368.82,135.17,392.12,1,1,-1,-1
308,386,1329.33,386.14,114.42,312.33,1,1,-1,-1
308,357,1397.50,407.96,127.33,319.66,1,1,-1,-1
309,430,1594.96,405.16,114.89,253.27,1,1,-1,-1
309,427,1884.25,427.86,62.42,195.11,1,1,-1,-1
309,410,1172.32,369.73,131.15,388.89,1,1,-1,-1
309,394,1286.13,352.71,122.25,392.51,1,1,-1,-1
309,386,1334.36,387.26,114.00,310.86,1,1,-1,-1
309,357,1409.66,402.50,124.92,311.42,1,1,-1,-1
310,431,1515.90,435.49,80.28,240.17,1,1,-1,-1
310,430,1588.81,450.69,115.02,242.38,1,1,-1,-1
310,427,1885.13,428.23,62.60,194.54,1,1,-1,-1
310,410,1174.87,370.82,130.05,386.85,1,1,-1,-1
310,394,1290.62,355.33,119.25,388.51,1,1,-1,-1
310,357,1418.28,401.64,122.87,305.16,1,1,-1,-1
311,431,1519.98,436.23,79.91,239.29,1,1,-1,-1
311,430,1586.31,466.78,115.12,237.20,1,1,-1,-1
311,427,1885.57,428.70,63.03,193.66,1,1,-1,-1
311,410,1176.29,372.46,131.05,385.62,1,1,-1,-1
311,394,1293.99,357.48,117.12,385.34,1,1,-1,-1
311,391,1406.09,366.02,163.04,405.72,1,1,-1,-1
312,431,1523.90,436.53,79.30,238.16,1,1,-1,-1
312,430,1585.17,471.85,115.04,234.80,1,1,-1,-1
312,427,1886.30,429.03,63.33,193.01,1,1,-1,-1
312,410,1176.93,373.55,133.55,384.90,1,1,-1,-1
312,394,1301.26,361.97,116.46,383.97,1,1,-1,-1
313,439,1616.95,391.48,108.01,281.60,1,1,-1,-1
313,436,1417.22,356.49,146.51,376.96,1,1,-1,-1
313,431,1527.95,436.70,78.96,237.62,1,1,-1,-1
313,427,1887.17,429.77,63.52,192.19,1,1,-1,-1
313,410,1178.28,380.33,132.66,362.73,1,1,-1,-1
313,394,1297.03,389.49,109.66,362.51,1,1,-1,-1
314,440,1173.11,374.79,149.99,388.97,1,1,-1,-1
314,439,1607.95,378.99,115.99,311.90,1,1,-1,-1
314,431,1531.87,436.76,78.38,236.77,1,1,-1,-1
314,427,1887.44,430.02,63.64,191.28,1,1,-1,-1
314,410,1178.46,386.57,132.08,347.67,1,1,-1,-1
315,440,1177.90,375.51,149.69,388.31,1,1,-1,-1
315,431,1535.92,436.84,78.03,236.33,1,1,-1,-1
315,427,1877.05,401.50,77.28,230.19,1,1,-1,-1
315,410,1177.90,390.88,131.58,337.45,1,1,-1,-1
316,440,1160.67,338.87,177.31,448.57,1,1,-1,-1
316,431,1540.01,436.72,77.78,235.81,1,1,-1,-1
316,410,1186.29,390.23,135.54,348.00,1,1,-1,-1
317,431,1544.08,436.73,77.64,235.52,1,1,-1,-1
317,410,1192.01,388.54,138.31,354.90,1,1,-1,-1
317,394,1311.25,368.43,116.91,365.80,1,1,-1,-1
318,439,1651.76,379.10,135.33,308.03,1,1,-1,-1
318,410,1196.67,386.61,139.99,359.46,1,1,-1,-1
319,427,1885.57,423.61,70.77,202.24,1,1,-1,-1
320,447,1681.46,524.91,101.07,209.30,1,1,-1,-1
320,427,1888.42,410.80,82.65,233.52,1,1,-1,-1
321,448,1392.86,402.53,106.02,279.94,1,1,-1,-1
321,447,1678.83,524.67,102.52,209.75,1,1,-1,-1
321,436,1431.40,373.72,132.50,340.87,1,1,-1,-1
321,391,1457.09,380.69,144.81,362.94,1,1,-1,-1
322,436,1436.08,369.76,135.55,347.14,1,1,-1,-1
322,391,1454.01,378.96,149.34,370.04,1,1,-1,-1
323,450,1588.67,447.11,102.81,256.70,1,1,-1,-1
323,449,1168.57,396.65,127.75,327.22,1,1,-1,-1
323,436,1438.71,367.76,137.53,350.52,1,1,-1,-1
324,455,1225.06,384.85,141.98,362.29,1,1,-1,-1
324,449,1166.11,394.60,131.45,330.77,1,1,-1,-1
324,436,1440.66,366.83,138.86,352.18,1,1,-1,-1
325,455,1230.16,385.71,141.58,360.57,1,1,-1,-1
325,449,1164.12,393.21,133.70,332.69,1,1,-1,-1
325,448,1417.50,410.07,97.49,260.64,1,1,-1,-1
326,457,1363.19,333.18,149.51,402.00,1,1,-1,-1
326,448,1420.47,410.61,98.65,264.60,1,1,-1,-1
326,391,1445.47,372.71,162.30,377.51,1,1,-1,-1
327,450,1590.35,428.67,100.88,272.02,1,1,-1,-1
327,448,1424.58,410.71,99.43,267.06,1,1,-1,-1
328,462,1668.35,531.37,108.77,201.77,1,1,-1,-1
328,450,1591.47,424.45,99.90,275.45,1,1,-1,-1
328,448,1428.99,410.73,99.66,268.10,1,1,-1,-1
328,436,1434.62,385.57,132.47,331.41,1,1,-1,-1
329,462,1669.04,528.76,107.01,201.78,1,1,-1,-1
329,449,1158.64,395.52,133.92,325.90,1,1,-1,-1
329,448,1443.54,392.88,115.61,310.95,1,1,-1,-1
329,436,1443.87,377.31,134.68,336.22,1,1,-1,-1
330,462,1670.44,527.63,104.83,201.75,1,1,-1,-1
330,448,1447.18,403.88,114.18,297.63,1,1,-1,-1
330,436,1429.43,380.92,124.84,318.00,1,1,-1,-1
330,391,1444.09,365.96,154.62,366.27,1,1,-1,-1
331,466,1598.68,417.20,89.89,275.73,1,1,-1,-1
331,462,1672.12,526.92,102.40,201.79,1,1,-1,-1
331,448,1457.99,397.47,127.40,326.95,1,1,-1,-1
331,436,1433.53,391.94,117.65,303.57,1,1,-1,-1
331,431,1530.98,406.54,107.85,286.26,1,1,-1,-1
331,391,1438.10,341.73,159.07,380.44,1,1,-1,-1
332,462,1673.41,526.73,100.14,201.81,1,1,-1,-1
332,448,1455.73,381.48,132.00,334.74,1,1,-1,-1
332,436,1438.99,398.61,112.40,292.49,1,1,-1,-1
332,391,1436.83,366.48,159.34,384.00,1,1,-1,-1
333,462,1675.05,526.29,97.65,201.94,1,1,-1,-1
333,448,1454.58,374.84,135.15,339.51,1,1,-1,-1
334,462,1676.85,525.74,95.01,202.18,1,1,-1,-1
334,448,1453.44,371.99,137.31,342.02,1,1,-1,-1
335,473,1442.36,382.39,147.90,366.53,1,1,-1,-1
335,471,1323.13,408.82,120.33,305.01,1,1,-1,-1
335,469,1718.30,404.56,89.79,257.27,1,1,-1,-1
335,462,1678.75,525.61,92.23,202.19,1,1,-1,-1
335,449,1146.47,389.92,140.68,339.18,1,1,-1,-1
335,448,1452.59,393.87,128.72,326.65,1,1,-1,-1
336,475,1561.19,408.71,103.07,281.26,1,1,-1,-1
336,472,1358.11,379.75,127.72,332.24,1,1,-1,-1
336,471,1299.59,401.66,127.31,321.37,1,1,-1,-1
336,462,1682.17,531.29,89.74,202.81,1,1,-1,-1
336,449,1148.37,389.47,141.58,340.70,1,1,-1,-1
336,448,1454.62,382.10,132.25,331.43,1,1,-1,-1
337,475,1568.84,408.61,103.16,281.55,1,1,-1,-1
337,472,1358.69,380.55,125.92,330.08,1,1,-1,-1
337,462,1683.15,527.30,86.73,202.67,1,1,-1,-1
337,448,1454.67,377.24,134.72,334.02,1,1,-1,-1
338,475,1576.86,408.58,102.69,281.65,1,1,-1,-1
338,472,1358.82,382.09,122.82,326.80,1,1,-1,-1
338,448,1454.63,375.36,136.16,335.09,1,1,-1,-1
339,466,1619.95,398.22,135.60,316.77,1,1,-1,-1
339,448,1454.92,375.01,137.16,335.47,1,1,-1,-1
340,466,1622.22,398.52,141.33,316.23,1,1,-1,-1
340,449,1140.61,391.54,142.81,344.65,1,1,-1,-1
340,448,1451.28,382.99,140.21,344.31,1,1,-1,-1
341,481,1635.97,440.42,73.93,223.03,1,1,-1,-1
341,462,1682.82,524.84,82.93,202.89,1,1,-1,-1
341,449,1140.29,390.17,143.31,345.82,1,1,-1,-1
341,448,1448.69,384.04,142.28,349.65,1,1,-1,-1
342,488,1501.87,398.09,104.48,272.29,1,1,-1,-1
342,481,1640.01,440.41,73.86,223.05,1,1,-1,-1
342,449,1139.65,388.79,143.94,346.66,1,1,-1,-1
342,448,1448.89,384.55,143.13,352.70,1,1,-1,-1
343,488,1496.14,399.77,107.38,281.97,1,1,-1,-1
343,449,1139.52,387.17,144.69,347.85,1,1,-1,-1
344,488,1485.15,381.17,124.38,319.81,1,1,-1,-1
344,472,1324.35,415.97,120.50,304.80,1,1,-1,-1
344,466,1638.82,398.30,147.98,315.68,1,1,-1,-1
345,488,1483.37,373.57,132.25,335.30,1,1,-1,-1
345,472,1321.12,384.80,142.08,354.28,1,1,-1,-1
346,481,1656.80,447.35,72.68,204.83,1,1,-1,-1
346,472,1327.81,388.24,135.90,349.71,1,1,-1,-1
346,448,1458.14,389.17,141.50,353.33,1,1,-1,-1
347,492,1678.35,524.51,86.41,207.08,1,1,-1,-1
347,481,1669.29,425.08,95.54,255.49,1,1,-1,-1
347,448,1465.06,358.37,141.11,359.70,1,1,-1,-1
348,492,1669.84,512.07,115.72,275.73,1,1,-1,-1
348,481,1675.27,413.24,107.72,280.82,1,1,-1,-1
349,492,1670.63,511.54,105.28,249.24,1,1,-1,-1
349,488,1500.30,373.41,135.55,337.40,1,1,-1,-1
349,481,1685.49,440.26,95.86,247.89,1,1,-1,-1
350,492,1671.58,514.78,98.87,233.00,1,1,-1,-1
350,488,1511.85,382.95,124.88,318.71,1,1,-1,-1
350,481,1688.87,421.10,105.02,272.99,1,1,-1,-1
350,475,1609.16,433.74,93.07,248.94,1,1,-1,-1
351,499,1673.93,441.87,71.92,218.16,1,1,-1,-1
351,498,1357.78,397.09,125.26,329.99,1,1,-1,-1
351,492,1672.29,518.58,95.15,222.53,1,1,-1,-1
351,488,1513.17,379.88,127.26,322.35,1,1,-1,-1
351,481,1692.61,410.48,109.64,289.17,1,1,-1,-1
351,475,1610.82,427.10,94.55,250.66,1,1,-1,-1
352,501,1769.11,406.04,90.99,245.75,1,1,-1,-1
352,499,1677.94,441.75,71.87,217.59,1,1,-1,-1
352,498,1361.05,398.60,127.88,326.65,1,1,-1,-1
352,492,1673.08,521.42,92.78,215.78,1,1,-1,-1
352,488,1515.69,378.26,128.43,324.01,1,1,-1,-1
352,481,1695.45,403.67,111.99,300.19,1,1,-1,-1
352,475,1615.22,423.33,95.90,252.49,1,1,-1,-1
353,501,1771.62,406.46,88.08,243.31,1,1,-1,-1
353,499,1681.96,441.79,71.86,217.28,1,1,-1,-1
353,498,1365.41,400.14,129.23,322.92,1,1,-1,-1
353,492,1673.23,523.87,91.56,211.16,1,1,-1,-1
353,475,1620.68,421.29,97.17,254.41,1,1,-1,-1
353,448,1486.66,386.13,136.39,337.37,1,1,-1,-1
354,503,1546.20,410.08,95.86,262.95,1,1,-1,-1
354,501,1774.40,407.16,85.25,241.46,1,1,-1,-1
354,499,1685.99,441.70,71.83,216.71,1,1,-1,-1
354,498,1374.72,351.94,148.01,370.91,1,1,-1,-1
354,492,1672.97,525.40,91.10,208.20,1,1,-1,-1
354,448,1517.51,398.00,132.14,327.09,1,1,-1,-1
355,503,1550.85,410.29,95.37,262.32,1,1,-1,-1
355,501,1777.83,408.04,82.02,239.59,1,1,-1,-1
355,499,1690.01,441.75,71.83,216.37,1,1,-1,-1
355,492,1672.95,526.91,90.80,205.87,1,1,-1,-1
356,503,1555.10,410.22,95.07,261.69,1,1,-1,-1
356,501,1781.33,408.26,79.64,238.46,1,1,-1,-1
356,499,1693.87,441.79,71.45,215.54,1,1,-1,-1
356,492,1674.31,527.51,90.67,204.93,1,1,-1,-1
356,481,1708.74,393.43,112.98,320.16,1,1,-1,-1
357,503,1559.74,410.40,94.52,261.08,1,1,-1,-1
357,499,1698.92,510.54,67.76,187.65,1,1,-1,-1
357,492,1676.65,528.10,90.30,204.52,1,1,-1,-1
357,481,1712.46,392.38,112.29,322.91,1,1,-1,-1
357,475,1639.25,421.91,100.66,254.64,1,1,-1,-1
358,503,1564.03,410.34,94.16,260.45,1,1,-1,-1
358,499,1702.57,472.28,68.56,194.83,1,1,-1,-1
358,481,1716.26,391.09,111.48,325.06,1,1,-1,-1
358,475,1641.26,425.32,101.06,250.74,1,1,-1,-1
358,448,1510.63,403.98,122.67,303.25,1,1,-1,-1
359,511,1100.68,366.32,161.45,392.32,1,1,-1,-1
359,503,1568.86,410.89,93.92,259.78,1,1,-1,-1
359,499,1706.37,456.60,69.01,199.92,1,1,-1,-1
359,475,1639.91,410.13,102.57,251.49,1,1,-1,-1
359,448,1523.43,382.51,124.72,317.44,1,1,-1,-1
360,511,1099.13,365.83,161.67,393.99,1,1,-1,-1
360,499,1709.60,449.82,69.28,203.58,1,1,-1,-1
360,448,1508.39,393.54,126.59,319.09,1,1,-1,-1
361,511,1098.15,365.91,162.30,396.42,1,1,-1,-1
361,448,1504.24,397.12,127.92,319.67,1,1,-1,-1
362,511,1097.31,365.92,163.06,398.80,1,1,-1,-1
362,505,1408.37,411.95,122.67,291.27,1,1,-1,-1
363,505,1403.12,398.20,117.12,293.70,1,1,-1,-1
364,505,1414.98,407.23,119.78,292.13,1,1,-1,-1
365,520,1718.75,519.37,108.54,220.15,1,1,-1,-1
365,505,1399.86,412.66,105.40,274.85,1,1,-1,-1
365,448,1520.14,399.74,129.53,317.20,1,1,-1,-1
366,520,1724.93,518.01,111.16,222.07,1,1,-1,-1
366,518,-86.78,301.48,272.88,640.63,1,1,-1,-1
366,505,1421.09,415.88,110.74,278.49,1,1,-1,-1
366,448,1526.07,400.28,129.74,315.93,1,1,-1,-1
367,525,1758.38,385.29,130.28,338.46,1,1,-1,-1
367,505,1434.20,422.63,105.73,258.85,1,1,-1,-1
367,448,1531.29,400.32,129.60,314.44,1,1,-1,-1
368,528,1821.70,406.37,88.55,241.11,1,1,-1,-1
368,527,1096.25,359.39,160.57,412.22,1,1,-1,-1
368,514,1598.72,400.56,103.44,269.03,1,1,-1,-1
368,505,1417.74,410.06,109.57,273.74,1,1,-1,-1
369,527,1110.35,390.37,125.93,326.95,1,1,-1,-1
369,514,1609.09,408.13,97.39,259.01,1,1,-1,-1
369,505,1414.82,403.72,110.78,282.52,1,1,-1,-1
370,527,1102.46,378.34,140.53,367.79,1,1,-1,-1
370,514,1616.11,412.23,93.08,252.03,1,1,-1,-1
370,505,1417.40,400.60,110.30,287.30,1,1,-1,-1
371,527,1095.82,371.51,148.54,391.00,1,1,-1,-1
371,525,1777.69,381.65,148.33,346.41,1,1,-1,-1
371,522,1751.86,444.20,68.25,207.46,1,1,-1,-1
371,514,1621.81,415.19,90.22,247.23,1,1,-1,-1
371,505,1422.33,399.77,108.68,289.07,1,1,-1,-1
372,535,1449.90,414.26,122.31,281.59,1,1,-1,-1
372,528,1823.48,410.96,72.24,228.44,1,1,-1,-1
372,527,1090.06,367.38,153.46,405.48,1,1,-1,-1
372,525,1781.22,381.17,150.03,346.25,1,1,-1,-1
372,522,1755.25,444.13,68.02,206.84,1,1,-1,-1
372,514,1626.65,416.80,88.00,243.75,1,1,-1,-1
372,505,1428.30,399.84,106.30,289.00,1,1,-1,-1
373,536,1568.16,405.06,127.30,300.88,1,1,-1,-1
373,535,1453.94,414.31,122.03,281.28,1,1,-1,-1
373,528,1828.85,412.76,70.15,228.49,1,1,-1,-1
373,525,1785.38,380.97,149.73,345.56,1,1,-1,-1
373,514,1631.25,418.29,86.53,241.31,1,1,-1,-1
373,505,1434.96,400.97,103.67,287.44,1,1,-1,-1
374,539,1802.17,518.06,100.76,223.73,1,1,-1,-1
374,528,1835.17,414.53,68.81,229.00,1,1,-1,-1
374,525,1791.67,365.29,161.76,375.83,1,1,-1,-1
374,514,1630.75,431.82,83.48,234.25,1,1,-1,-1
375,528,1837.48,413.70,67.61,229.46,1,1,-1,-1
375,525,1793.03,369.04,155.65,366.62,1,1,-1,-1
375,514,1636.89,425.16,83.18,234.66,1,1,-1,-1
376,542,85.58,258.40,407.04,714.52,1,1,-1,-1
376,525,1797.10,371.65,150.37,360.10,1,1,-1,-1
376,522,1766.78,445.69,67.62,203.67,1,1,-1,-1
377,536,1587.50,381.17,145.77,341.80,1,1,-1,-1
377,525,1802.57,373.44,145.37,355.40,1,1,-1,-1
377,522,1769.36,446.46,67.26,202.64,1,1,-1,-1
377,505,1454.04,398.37,98.85,288.84,1,1,-1,-1
378,544,1624.05,390.18,118.99,290.89,1,1,-1,-1
378,539,1816.96,432.08,100.18,250.14,1,1,-1,-1
378,536,1586.02,370.88,160.24,372.21,1,1,-1,-1
378,525,1808.05,374.09,140.88,352.36,1,1,-1,-1
378,522,1771.58,446.73,67.01,201.65,1,1,-1,-1
378,505,1458.78,398.37,98.68,286.90,1,1,-1,-1
379,539,1826.47,480.43,106.28,245.62,1,1,-1,-1
379,528,1838.65,408.85,63.78,229.24,1,1,-1,-1
379,525,1813.94,374.55,136.45,350.16,1,1,-1,-1
379,522,1774.15,447.52,66.53,200.58,1,1,-1,-1
379,514,1650.38,420.19,82.27,234.97,1,1,-1,-1
380,549,1597.41,401.63,132.36,304.81,1,1,-1,-1
380,528,1839.93,408.08,62.99,229.24,1,1,-1,-1
380,525,1819.49,374.75,132.37,348.66,1,1,-1,-1
380,522,1776.40,447.80,66.19,199.55,1,1,-1,-1
380,514,1653.31,419.53,82.36,235.34,1,1,-1,-1
381,549,1600.43,402.01,131.75,302.72,1,1,-1,-1
381,528,1841.82,407.74,62.46,229.36,1,1,-1,-1
382,549,1604.52,402.55,131.09,300.46,1,1,-1,-1
383,549,1630.54,391.37,127.85,297.42,1,1,-1,-1
384,552,357.88,281.01,218.06,636.63,1,1,-1,-1
384,549,1642.80,387.75,125.65,295.17,1,1,-1,-1
384,525,1852.20,365.98,120.24,343.30,1,1,-1,-1
385,555,1503.63,416.61,116.53,270.66,1,1,-1,-1
385,549,1668.79,415.61,106.44,263.73,1,1,-1,-1
385,548,1727.61,434.48,80.41,218.63,1,1,-1,-1
386,555,1507.78,416.69,115.63,269.72,1,1,-1,-1
386,549,1665.39,402.49,110.26,271.92,1,1,-1,-1
386,548,1730.90,435.63,78.30,217.37,1,1,-1,-1
386,522,1792.00,443.71,70.93,211.73,1,1,-1,-1
387,549,1665.96,396.47,112.69,276.73,1,1,-1,-1
388,560,1633.86,409.00,124.97,283.05,1,1,-1,-1
388,553,1653.17,427.46,92.70,245.62,1,1,-1,-1
388,549,1668.19,393.66,114.31,279.81,1,1,-1,-1
389,560,1638.79,408.98,124.36,282.02,1,1,-1,-1
389,549,1671.22,392.59,115.34,281.17,1,1,-1,-1
390,560,1643.88,408.93,123.99,281.11,1,1,-1,-1
390,548,1742.62,445.16,69.40,204.11,1,1,-1,-1
391,566,971.61,321.74,212.67,515.14,1,1,-1,-1
391,548,1746.34,440.87,69.60,207.38,1,1,-1,-1
392,566,938.90,273.42,251.68,607.94,1,1,-1,-1
392,555,1508.53,405.67,108.84,267.64,1,1,-1,-1
392,548,1753.86,434.61,70.44,211.28,1,1,-1,-1
393,568,1535.02,419.62,112.05,265.53,1,1,-1,-1
393,566,940.56,291.06,238.60,575.22,1,1,-1,-1
393,549,1700.70,384.91,113.94,288.90,1,1,-1,-1
394,560,1691.83,418.39,84.68,228.83,1,1,-1,-1
394,549,1695.98,388.27,114.30,285.96,1,1,-1,-1
395,560,1676.00,419.84,97.16,248.09,1,1,-1,-1
395,549,1696.56,390.06,114.57,283.90,1,1,-1,-1
396,571,1657.03,405.21,130.38,292.24,1,1,-1,-1
396,560,1690.60,417.17,89.77,238.49,1,1,-1,-1
396,549,1699.19,390.94,114.75,282.13,1,1,-1,-1
397,571,1661.10,409.76,126.09,282.11,1,1,-1,-1
398,571,1665.43,412.63,123.42,275.85,1,1,-1,-1
399,576,1560.00,418.83,110.88,260.04,1,1,-1,-1
399,574,1822.06,451.83,59.87,184.20,1,1,-1,-1
399,571,1672.69,412.02,122.01,272.51,1,1,-1,-1
399,566,905.43,309.81,226.15,540.84,1,1,-1,-1
400,576,1563.92,419.13,110.25,258.86,1,1,-1,-1
400,566,899.18,310.44,226.66,540.63,1,1,-1,-1
400,560,1720.38,404.06,99.57,254.92,1,1,-1,-1
401,578,614.53,318.05,245.15,534.89,1,1,-1,-1
401,575,1547.53,382.32,113.12,301.77,1,1,-1,-1
401,566,891.40,310.56,227.63,541.45,1,1,-1,-1
403,574,1830.04,451.99,59.92,183.93,1,1,-1,-1
404,574,1832.05,451.84,59.90,183.55,1,1,-1,-1
404,560,1734.59,396.83,108.71,264.98,1,1,-1,-1
405,575,1563.41,400.33,108.08,274.89,1,1,-1,-1
406,576,1589.60,420.85,105.88,253.52,1,1,-1,-1
407,576,1593.82,420.93,105.30,253.12,1,1,-1,-1
408,582,1735.81,425.90,75.45,207.01,1,1,-1,-1
408,576,1597.83,420.88,104.57,252.47,1,1,-1,-1
408,574,1840.06,451.82,59.87,182.23,1,1,-1,-1
409,582,1740.28,427.39,72.57,204.53,1,1,-1,-1
409,576,1601.94,420.93,104.09,252.09,1,1,-1,-1
409,574,1842.06,451.89,59.88,182.08,1,1,-1,-1
410,589,1712.36,396.43,122.91,296.31,1,1,-1,-1
410,582,1759.05,410.14,87.61,231.90,1,1,-1,-1
410,576,1605.89,420.86,103.44,251.48,1,1,-1,-1
410,574,1844.06,451.94,59.89,181.98,1,1,-1,-1
411,589,1714.94,402.07,120.65,281.74,1,1,-1,-1
411,582,1748.15,417.00,81.35,223.24,1,1,-1,-1
411,576,1609.99,421.22,102.97,250.50,1,1,-1,-1
411,574,1846.05,451.98,59.89,181.91,1,1,-1,-1
412,582,1765.93,405.32,94.05,240.59,1,1,-1,-1
412,576,1627.43,423.02,100.36,244.84,1,1,-1,-1
412,574,1848.06,451.83,59.89,181.57,1,1,-1,-1
413,582,1750.85,413.17,86.26,230.81,1,1,-1,-1
413,574,1850.06,451.84,59.89,181.32,1,1,-1,-1
414,582,1746.87,417.77,80.89,223.97,1,1,-1,-1
415,596,1262.00,454.00,62.00,194.00,1,1,-1,-1
415,593,1625.26,420.24,102.09,249.87,1,1,-1,-1
415,589,1743.80,447.68,99.37,220.46,1,1,-1,-1
415,582,1747.42,421.04,77.20,219.05,1,1,-1,-1
416,589,1737.33,433.73,105.78,232.91,1,1,-1,-1
416,582,1748.75,422.99,74.70,215.84,1,1,-1,-1
416,576,1611.94,409.65,100.41,250.04,1,1,-1,-1
417,589,1735.99,426.91,109.73,240.05,1,1,-1,-1
417,582,1750.87,424.61,73.00,213.57,1,1,-1,-1
417,576,1612.39,409.79,100.68,251.53,1,1,-1,-1
418,594,843.21,333.42,158.73,473.61,1,1,-1,-1
418,589,1737.33,423.79,111.95,243.82,1,1,-1,-1
418,582,1752.49,425.48,71.89,212.23,1,1,-1,-1
418,576,1614.90,410.14,100.56,252.22,1,1,-1,-1
419,594,858.68,334.72,155.98,469.27,1,1,-1,-1
419,589,1739.86,421.95,113.13,245.91,1,1,-1,-1
419,576,1617.78,409.98,100.47,252.45,1,1,-1,-1
421,604,1865.99,451.74,61.06,181.57,1,1,-1,-1
421,603,1286.00,454.00,62.00,194.00,1,1,-1,-1
422,604,1867.98,451.77,61.08,181.50,1,1,-1,-1
422,603,1290.00,453.22,62.00,194.00,1,1,-1,-1
422,582,1769.75,416.61,78.62,239.54,1,1,-1,-1
423,603,1294.00,452.98,62.00,194.00,1,1,-1,-1
423,589,1753.75,419.52,114.36,248.21,1,1,-1,-1
423,582,1763.52,418.90,75.46,231.27,1,1,-1,-1
424,603,1298.00,452.20,62.00,194.00,1,1,-1,-1
424,589,1757.43,419.73,114.57,248.17,1,1,-1,-1
424,582,1762.73,421.19,72.92,225.30,1,1,-1,-1
428,603,1315.01,448.29,70.47,197.48,1,1,-1,-1
429,608,580.07,254.97,293.25,710.72,1,1,-1,-1
429,603,1319.52,447.85,74.24,198.02,1,1,-1,-1
430,603,1320.64,447.70,78.42,198.88,1,1,-1,-1
431,612,1830.21,402.25,105.61,245.68,1,1,-1,-1
431,603,1320.41,447.80,82.90,200.24,1,1,-1,-1
432,617,981.43,345.08,170.93,440.48,1,1,-1,-1
432,612,1811.79,389.49,123.04,279.20,1,1,-1,-1
432,603,1319.64,447.95,87.59,201.88,1,1,-1,-1
432,589,1787.13,420.74,113.42,243.50,1,1,-1,-1
433,619,1173.94,471.33,62.12,170.47,1,1,-1,-1
433,617,1001.84,352.67,159.32,422.45,1,1,-1,-1
433,603,1326.81,453.85,83.37,192.79,1,1,-1,-1
433,589,1790.45,420.85,113.32,242.52,1,1,-1,-1
434,617,1017.23,358.07,150.54,409.39,1,1,-1,-1
434,603,1329.23,453.79,84.69,193.96,1,1,-1,-1
434,589,1794.23,421.35,113.24,241.25,1,1,-1,-1
435,622,1713.04,422.95,93.60,233.78,1,1,-1,-1
435,617,1030.64,361.99,143.78,399.51,1,1,-1,-1
436,617,1043.04,365.12,138.31,391.96,1,1,-1,-1
437,617,1050.90,367.55,136.32,387.40,1,1,-1,-1
438,624,1685.22,427.09,86.79,213.13,1,1,-1,-1
438,617,1056.57,370.03,136.67,384.63,1,1,-1,-1
439,624,1689.42,428.10,85.91,210.66,1,1,-1,-1
439,582,1788.74,431.96,63.18,203.16,1,1,-1,-1
440,582,1798.19,436.74,56.69,183.03,1,1,-1,-1
441,632,1364.00,452.00,62.00,194.00,1,1,-1,-1
441,582,1796.53,436.97,58.09,188.37,1,1,-1,-1
442,631,410.87,218.74,293.25,776.77,1,1,-1,-1
442,628,1883.49,407.61,122.19,283.83,1,1,-1,-1
442,582,1796.74,436.07,58.77,191.76,1,1,-1,-1
443,634,1819.50,423.90,107.44,232.69,1,1,-1,-1
444,636,1842.75,435.76,71.13,204.58,1,1,-1,-1
444,635,1840.80,390.52,91.52,287.95,1,1,-1,-1
444,634,1835.79,424.46,98.76,224.61,1,1,-1,-1
445,635,1834.84,391.57,91.24,287.87,1,1,-1,-1
445,630,-20.17,264.90,299.26,702.48,1,1,-1,-1
446,631,337.28,202.13,311.97,812.30,1,1,-1,-1
446,630,-12.79,266.16,300.94,696.79,1,1,-1,-1
446,617,1122.82,374.46,130.17,368.97,1,1,-1,-1
446,582,1802.77,432.99,59.46,195.33,1,1,-1,-1
447,639,1232.13,467.66,64.84,174.69,1,1,-1,-1
447,631,303.32,196.83,329.38,828.07,1,1,-1,-1
447,617,1119.40,388.00,120.14,351.95,1,1,-1,-1
447,582,1804.45,432.47,59.83,196.02,1,1,-1,-1
448,639,1236.25,467.47,65.41,175.07,1,1,-1,-1
448,631,266.52,192.13,350.00,843.40,1,1,-1,-1
448,582,1805.82,431.95,60.37,196.29,1,1,-1,-1
449,639,1240.18,466.86,65.76,175.55,1,1,-1,-1
449,635,1838.52,404.00,103.69,264.50,1,1,-1,-1
449,631,228.93,188.06,372.79,857.72,1,1,-1,-1
450,645,1859.08,376.07,90.18,301.21,1,1,-1,-1
450,639,1244.82,466.64,65.96,175.74,1,1,-1,-1
450,637,1716.81,418.45,91.34,230.22,1,1,-1,-1
450,635,1846.94,408.72,104.66,255.06,1,1,-1,-1
450,630,-3.04,264.35,298.41,674.84,1,1,-1,-1
451,639,1248.99,466.04,66.10,176.17,1,1,-1,-1
451,637,1719.05,418.31,91.07,229.72,1,1,-1,-1
451,635,1849.56,411.79,107.39,250.21,1,1,-1,-1
452,641,1381.30,427.85,100.20,239.29,1,1,-1,-1
452,639,1253.71,465.79,66.18,176.40,1,1,-1,-1
452,637,1721.66,418.39,90.57,229.28,1,1,-1,-1
452,635,1835.28,381.91,124.19,301.08,1,1,-1,-1
453,643,1784.04,422.20,86.21,222.44,1,1,-1,-1
453,641,1396.60,437.89,86.38,221.22,1,1,-1,-1
453,639,1257.96,465.68,66.22,176.53,1,1,-1,-1
453,617,1182.09,388.27,147.83,353.42,1,1,-1,-1
454,643,1786.46,422.47,85.51,221.95,1,1,-1,-1
454,641,1406.33,443.91,77.63,208.56,1,1,-1,-1
454,639,1262.70,465.64,66.24,176.59,1,1,-1,-1
454,617,1185.95,385.99,150.57,353.48,1,1,-1,-1
455,653,1736.46,437.90,81.74,191.53,1,1,-1,-1
455,643,1788.63,422.63,85.07,221.75,1,1,-1,-1
455,641,1413.84,448.21,71.74,199.72,1,1,-1,-1
455,617,1193.16,384.47,149.30,353.53,1,1,-1,-1
456,643,1790.53,422.80,84.47,221.53,1,1,-1,-1
456,641,1419.58,450.43,68.08,193.84,1,1,-1,-1
457,643,1792.53,422.88,84.07,221.49,1,1,-1,-1
457,641,1424.81,452.10,65.62,189.97,1,1,-1,-1
458,656,44.53,161.97,388.49,944.29,1,1,-1,-1
458,643,1803.84,431.35,77.87,205.30,1,1,-1,-1
458,641,1433.47,450.81,72.25,191.71,1,1,-1,-1
459,658,1792.86,392.16,108.42,277.28,1,1,-1,-1
459,643,1816.84,430.84,71.07,198.69,1,1,-1,-1
459,617,1231.86,381.32,132.05,351.29,1,1,-1,-1
460,643,1823.84,431.70,65.98,193.50,1,1,-1,-1
460,630,171.72,285.82,248.82,630.15,1,1,-1,-1
460,617,1240.95,380.96,129.66,350.40,1,1,-1,-1
461,645,1768.94,385.97,98.66,293.60,1,1,-1,-1
461,643,1828.47,432.89,62.43,189.87,1,1,-1,-1
461,617,1246.25,387.14,126.46,345.96,1,1,-1,-1
462,665,1746.86,374.38,113.67,311.01,1,1,-1,-1
462,663,1314.17,477.46,62.12,162.42,1,1,-1,-1
462,645,1761.12,388.25,95.04,290.30,1,1,-1,-1
462,617,1257.08,384.02,125.37,345.44,1,1,-1,-1
463,665,1744.00,394.84,102.42,273.71,1,1,-1,-1
463,645,1754.57,390.00,92.86,287.89,1,1,-1,-1
463,617,1259.34,400.68,111.79,303.67,1,1,-1,-1
464,665,1745.71,406.51,96.00,252.28,1,1,-1,-1
464,645,1747.63,391.45,91.63,286.04,1,1,-1,-1
464,617,1273.80,396.72,114.87,313.65,1,1,-1,-1
465,669,1888.51,426.58,91.01,223.47,1,1,-1,-1
465,643,1838.32,440.82,54.55,169.39,1,1,-1,-1
465,617,1283.77,393.82,117.03,320.29,1,1,-1,-1
466,663,1315.86,465.15,67.71,175.88,1,1,-1,-1
466,643,1840.15,439.23,54.27,172.02,1,1,-1,-1
467,663,1319.71,464.36,68.64,177.23,1,1,-1,-1
467,643,1842.09,438.15,54.09,174.01,1,1,-1,-1
468,663,1324.18,463.92,69.24,178.03,1,1,-1,-1
469,676,1621.87,414.41,117.26,257.49,1,1,-1,-1
469,663,1328.26,463.67,69.64,178.51,1,1,-1,-1
469,617,1310.75,388.87,119.10,326.60,1,1,-1,-1
470,663,1332.87,463.70,69.92,179.12,1,1,-1,-1
470,617,1316.56,388.34,119.00,326.44,1,1,-1,-1
471,668,-367.54,88.39,479.12,1099.18,1,1,-1,-1
471,645,1683.68,392.52,141.19,282.92,1,1,-1,-1
472,671,1828.45,431.49,75.34,210.61,1,1,-1,-1
472,645,1676.76,394.16,143.02,282.42,1,1,-1,-1
473,680,1149.17,455.93,69.27,198.29,1,1,-1,-1
473,671,1835.12,433.93,74.45,208.16,1,1,-1,-1
474,689,1853.87,430.49,53.37,186.13,1,1,-1,-1
474,671,1829.46,434.78,73.86,205.98,1,1,-1,-1
475,692,1581.24,400.31,108.52,286.22,1,1,-1,-1
476,692,1570.31,400.02,118.37,287.02,1,1,-1,-1
476,617,1365.98,394.64,120.16,306.58,1,1,-1,-1
477,692,1559.92,401.00,128.64,286.58,1,1,-1,-1
477,617,1370.17,392.73,123.09,310.77,1,1,-1,-1
478,617,1373.95,391.74,124.55,312.93,1,1,-1,-1
479,696,1372.50,460.41,73.57,191.19,1,1,-1,-1
479,694,384.99,305.40,267.61,569.18,1,1,-1,-1
479,617,1377.97,391.97,125.30,313.86,1,1,-1,-1
480,696,1377.33,460.53,71.71,186.39,1,1,-1,-1
480,674,1512.47,448.31,90.54,195.88,1,1,-1,-1
480,617,1382.02,392.23,125.28,313.91,1,1,-1,-1
481,701,1790.31,423.12,80.28,213.71,1,1,-1,-1
481,696,1381.75,461.05,70.77,183.95,1,1,-1,-1
481,692,1534.67,407.92,123.31,271.28,1,1,-1,-1
481,674,1515.91,441.23,91.26,206.91,1,1,-1,-1
481,617,1386.22,392.62,124.71,313.36,1,1,-1,-1
482,674,1520.24,432.62,101.64,235.46,1,1,-1,-1
483,694,412.91,317.58,241.76,545.49,1,1,-1,-1
483,674,1524.15,435.22,94.16,224.70,1,1,-1,-1
484,704,1588.41,411.98,128.09,262.84,1,1,-1,-1
484,698,1202.23,459.69,78.84,184.09,1,1,-1,-1
484,694,423.39,319.01,234.34,540.15,1,1,-1,-1
484,674,1527.89,426.66,95.05,236.45,1,1,-1,-1
485,706,1857.46,439.27,65.88,191.97,1,1,-1,-1
485,698,1207.65,459.29,78.32,185.06,1,1,-1,-1
485,696,1400.30,461.98,70.17,181.68,1,1,-1,-1
485,694,435.55,320.10,226.74,535.03,1,1,-1,-1
485,674,1523.77,421.65,96.35,245.09,1,1,-1,-1
485,617,1403.23,379.69,127.01,339.85,1,1,-1,-1
486,706,1853.45,436.71,69.95,200.41,1,1,-1,-1
486,698,1212.71,459.19,79.00,186.02,1,1,-1,-1
486,696,1405.09,462.20,70.36,181.95,1,1,-1,-1
486,694,448.34,321.05,219.00,530.05,1,1,-1,-1
486,617,1409.68,385.55,121.85,331.85,1,1,-1,-1
487,706,1852.91,434.85,72.38,203.98,1,1,-1,-1
487,698,1217.48,459.30,80.45,186.77,1,1,-1,-1
487,617,1417.20,389.32,117.86,325.06,1,1,-1,-1
488,710,1809.46,432.43,69.13,178.81,1,1,-1,-1
488,706,1853.32,433.75,73.72,205.09,1,1,-1,-1
488,698,1222.18,459.68,82.78,187.73,1,1,-1,-1
489,710,1805.30,430.78,74.27,192.96,1,1,-1,-1
489,706,1854.28,432.99,74.85,205.31,1,1,-1,-1
490,710,1813.44,403.56,66.94,174.27,1,1,-1,-1
491,710,1809.34,421.05,72.35,188.80,1,1,-1,-1
492,717,524.24,325.12,174.56,513.47,1,1,-1,-1
492,710,1808.56,425.81,75.50,197.33,1,1,-1,-1
493,717,532.60,325.87,175.61,513.79,1,1,-1,-1
493,710,1810.58,426.31,77.38,202.22,1,1,-1,-1
493,706,1867.18,433.55,68.81,199.15,1,1,-1,-1
494,720,1578.41,448.71,79.58,202.21,1,1,-1,-1
494,718,1447.90,459.97,72.07,186.00,1,1,-1,-1
494,717,540.64,326.73,176.77,513.95,1,1,-1,-1
495,720,1579.71,447.40,79.50,201.98,1,1,-1,-1
495,717,548.57,327.76,177.96,513.80,1,1,-1,-1
496,720,1580.11,445.59,79.68,201.64,1,1,-1,-1
496,719,1470.07,399.08,108.58,306.48,1,1,-1,-1
496,717,556.64,328.81,179.52,513.64,1,1,-1,-1
496,716,1434.24,422.39,102.61,252.62,1,1,-1,-1
497,719,1475.44,399.24,107.29,305.87,1,1,-1,-1
497,717,563.40,328.75,179.81,511.60,1,1,-1,-1
497,716,1425.13,421.29,101.35,254.53,1,1,-1,-1
497,710,1821.19,423.78,79.95,208.89,1,1,-1,-1
498,724,127.87,155.08,454.84,898.18,1,1,-1,-1
498,722,1504.98,436.69,97.34,254.13,1,1,-1,-1
498,716,1416.92,421.20,99.27,254.53,1,1,-1,-1
499,724,148.01,191.04,428.63,828.34,1,1,-1,-1
499,722,1499.40,427.09,97.85,252.24,1,1,-1,-1
500,729,1481.98,457.70,73.94,188.49,1,1,-1,-1
500,724,165.64,213.94,411.25,783.78,1,1,-1,-1
500,722,1492.80,424.34,98.21,250.68,1,1,-1,-1
501,730,1289.75,451.35,89.30,195.15,1,1,-1,-1
501,729,1487.92,457.66,74.04,188.56,1,1,-1,-1
501,724,198.53,228.44,385.40,747.98,1,1,-1,-1
501,722,1486.55,424.04,98.46,249.32,1,1,-1,-1
501,717,589.97,327.99,176.40,498.67,1,1,-1,-1
502,730,1292.77,452.91,90.36,195.37,1,1,-1,-1
502,724,238.43,239.27,354.38,717.58,1,1,-1,-1
502,722,1471.27,454.03,90.53,227.95,1,1,-1,-1
502,716,1394.73,425.76,98.36,251.25,1,1,-1,-1
503,731,1882.85,432.96,65.29,194.92,1,1,-1,-1
503,730,1295.58,454.98,90.90,195.17,1,1,-1,-1
503,716,1389.49,427.22,98.55,249.64,1,1,-1,-1
504,731,1884.72,432.51,64.77,194.78,1,1,-1,-1
505,735,1513.77,397.70,105.10,310.38,1,1,-1,-1
505,729,1514.97,460.29,70.98,179.97,1,1,-1,-1
506,729,1518.90,459.29,72.48,183.48,1,1,-1,-1
506,724,399.80,272.54,229.48,623.14,1,1,-1,-1
507,736,629.10,326.42,177.58,496.15,1,1,-1,-1
507,730,1320.27,456.89,84.70,192.10,1,1,-1,-1
507,729,1523.43,457.91,73.80,186.16,1,1,-1,-1
507,724,422.10,277.01,224.54,618.15,1,1,-1,-1
508,737,1826.91,424.90,79.86,211.14,1,1,-1,-1
508,736,639.15,324.46,180.26,498.73,1,1,-1,-1
509,737,1827.94,423.83,80.77,210.72,1,1,-1,-1
509,736,649.94,322.08,184.21,501.58,1,1,-1,-1
510,737,1829.42,423.09,80.85,209.86,1,1,-1,-1
510,736,660.57,319.96,188.46,503.74,1,1,-1,-1
511,736,671.74,318.81,192.92,505.33,1,1,-1,-1
511,729,1541.35,419.10,93.21,252.98,1,1,-1,-1
512,736,675.80,320.90,190.73,501.64,1,1,-1,-1
512,729,1544.35,410.91,96.13,267.51,1,1,-1,-1
513,743,1633.86,446.19,68.15,191.42,1,1,-1,-1
513,740,1397.58,428.60,94.21,236.30,1,1,-1,-1
513,736,678.24,324.48,184.39,496.03,1,1,-1,-1
513,729,1548.07,405.55,97.54,276.94,1,1,-1,-1
514,746,1562.97,454.71,76.94,191.48,1,1,-1,-1
514,743,1636.51,445.76,67.59,191.29,1,1,-1,-1
514,742,1332.77,438.63,85.31,227.40,1,1,-1,-1
514,740,1389.06,429.20,92.69,234.42,1,1,-1,-1
514,729,1551.75,401.88,98.36,283.15,1,1,-1,-1
515,746,1571.17,440.17,91.28,226.78,1,1,-1,-1
515,744,527.79,287.21,252.13,597.70,1,1,-1,-1
515,743,1639.52,445.60,67.27,191.35,1,1,-1,-1
515,742,1326.49,438.17,89.19,230.06,1,1,-1,-1
515,729,1555.96,399.42,98.53,287.05,1,1,-1,-1
516,750,1382.00,439.39,91.09,221.06,1,1,-1,-1
516,746,1573.29,444.39,86.19,213.58,1,1,-1,-1
516,744,565.31,288.14,234.83,585.56,1,1,-1,-1
516,743,1642.44,445.13,66.74,191.57,1,1,-1,-1
516,742,1320.11,437.47,93.84,232.75,1,1,-1,-1
516,729,1560.00,397.73,98.57,289.43,1,1,-1,-1
517,750,1387.57,435.39,92.91,230.05,1,1,-1,-1
517,746,1578.55,447.51,83.16,205.69,1,1,-1,-1
517,744,603.84,288.57,217.91,573.72,1,1,-1,-1
518,746,1601.27,455.34,71.83,186.65,1,1,-1,-1
518,744,642.72,289.25,201.43,561.87,1,1,-1,-1
518,740,1361.30,436.94,96.06,235.42,1,1,-1,-1
519,746,1603.26,470.21,60.96,155.74,1,1,-1,-1
519,740,1354.63,435.74,94.91,234.04,1,1,-1,-1
520,742,1294.42,437.59,103.62,233.07,1,1,-1,-1
520,740,1350.31,434.99,94.77,232.77,1,1,-1,-1
520,729,1577.48,395.16,97.12,290.59,1,1,-1,-1
521,753,737.67,333.45,144.88,471.09,1,1,-1,-1
521,742,1303.86,429.28,106.32,242.33,1,1,-1,-1
521,740,1346.72,434.44,95.28,231.49,1,1,-1,-1
521,729,1582.18,395.11,96.37,289.70,1,1,-1,-1
522,753,733.29,329.41,153.96,503.74,1,1,-1,-1
522,740,1343.74,434.88,95.95,230.35,1,1,-1,-1
522,729,1597.94,415.04,92.64,262.58,1,1,-1,-1
523,753,703.46,283.57,208.00,602.90,1,1,-1,-1
523,740,1340.96,435.68,96.74,229.32,1,1,-1,-1
523,737,1844.96,429.87,73.01,190.95,1,1,-1,-1
524,753,685.60,254.62,242.22,641.51,1,1,-1,-1
524,740,1338.69,436.65,97.29,228.26,1,1,-1,-1
525,756,692.38,291.30,269.40,596.05,1,1,-1,-1
