1,45,655.00,205.00,115.00,75.00,1,7,-1,-1
1,44,413.00,21.00,13.00,33.00,1,2,-1,-1
1,43,1638.00,386.00,65.00,124.00,1,1,-1,-1
1,42,215.00,707.00,27.00,35.00,1,2,-1,-1
1,41,654.00,210.00,160.00,104.00,1,7,-1,-1
1,40,370.00,21.00,17.00,34.00,1,2,-1,-1
1,39,1261.00,426.00,64.00,102.00,1,2,-1,-1
1,38,876.00,47.00,18.00,26.00,1,10,-1,-1
1,37,1340.00,187.00,194.00,100.00,1,4,-1,-1
1,36,355.00,1.00,30.00,62.00,1,2,-1,-1
1,35,841.00,10.00,29.00,41.00,1,10,-1,-1
1,34,99.00,230.00,204.00,73.00,1,4,-1,-1
1,33,717.00,503.00,38.00,88.00,1,1,-1,-1
1,32,1598.00,632.00,300.00,236.00,1,4,-1,-1
1,31,1522.00,391.00,51.00,89.00,1,1,-1,-1
1,30,1358.00,12.00,17.00,41.00,1,1,-1,-1
1,29,1353.00,177.00,157.00,81.00,1,4,-1,-1
1,28,1286.00,7.00,20.00,44.00,1,2,-1,-1
1,27,1275.00,14.00,17.00,40.00,1,1,-1,-1
1,26,1259.00,8.00,15.00,42.00,1,1,-1,-1
1,25,1253.00,114.00,155.00,58.00,1,4,-1,-1
1,24,1250.00,423.00,57.00,91.00,1,2,-1,-1
1,23,1007.00,416.00,48.00,73.00,1,2,-1,-1
1,22,983.00,437.00,106.00,67.00,1,3,-1,-1
1,21,910.00,203.00,169.00,85.00,1,4,-1,-1
1,20,877.00,40.00,25.00,36.00,1,10,-1,-1
1,19,847.00,22.00,23.00,34.00,1,2,-1,-1
1,18,842.00,39.00,33.00,34.00,1,10,-1,-1
1,17,712.00,476.00,53.00,118.00,1,1,-1,-1
1,16,690.00,479.00,50.00,116.00,1,1,-1,-1
1,15,671.00,201.00,130.00,85.00,1,7,-1,-1
1,14,635.00,165.00,159.00,69.00,1,4,-1,-1
1,13,503.00,79.00,25.00,53.00,1,1,-1,-1
1,12,402.00,15.00,22.00,51.00,1,2,-1,-1
1,11,392.00,16.00,17.00,43.00,1,2,-1,-1
1,10,358.00,21.00,23.00,48.00,1,2,-1,-1
1,9,343.00,15.00,22.00,45.00,1,2,-1,-1
1,8,330.00,133.00,164.00,60.00,1,4,-1,-1
1,7,325.00,28.00,24.00,46.00,1,2,-1,-1
1,6,180.00,671.00,63.00,109.00,1,10,-1,-1
1,5,177.00,650.00,75.00,112.00,1,2,-1,-1
1,4,176.00,697.00,52.00,67.00,1,2,-1,-1
1,3,122.00,234.00,212.00,76.00,1,4,-1,-1
1,2,49.00,183.00,198.00,87.00,1,4,-1,-1
2,63,38.00,200.00,190.00,83.00,1,4,-1,-1
2,62,1614.00,405.00,50.00,96.00,1,1,-1,-1
2,61,371.00,188.00,181.00,77.00,1,4,-1,-1
2,60,999.00,362.00,70.00,106.00,1,2,-1,-1
2,59,1679.00,153.00,79.00,36.00,1,4,-1,-1
2,58,624.00,171.00,125.00,54.00,1,4,-1,-1
2,57,1648.00,137.00,129.00,58.00,1,4,-1,-1
2,56,1618.00,105.00,150.00,53.00,1,4,-1,-1
2,55,1606.00,401.00,48.00,93.00,1,1,-1,-1
2,54,1361.00,5.00,18.00,41.00,1,1,-1,-1
2,53,1216.00,298.00,45.00,61.00,1,2,-1,-1
2,52,1211.00,314.00,59.00,58.00,1,10,-1,-1
2,51,903.00,3.00,50.00,49.00,1,4,-1,-1
2,50,878.00,27.00,23.00,35.00,1,2,-1,-1
2,49,519.00,75.00,27.00,59.00,1,1,-1,-1
2,48,368.00,191.00,169.00,72.00,1,4,-1,-1
2,47,439.00,-2.00,22.00,52.00,1,2,-1,-1
2,46,1672.00,676.00,153.00,121.00,1,4,-1,-1
2,40,372.94,14.13,23.11,46.75,1,2,-1,-1
2,39,1232.88,454.41,81.25,77.18,1,2,-1,-1
2,33,718.25,473.47,52.50,119.07,1,1,-1,-1
2,32,1598.00,631.00,300.00,236.00,1,4,-1,-1
2,30,1358.00,11.00,17.00,41.00,1,1,-1,-1
2,28,1286.00,7.00,20.00,44.00,1,2,-1,-1
2,27,1275.00,14.00,17.00,40.00,1,1,-1,-1
2,25,1242.00,114.00,155.00,58.00,1,4,-1,-1
2,23,1014.00,414.00,48.00,73.00,1,2,-1,-1
2,22,989.00,436.00,106.00,67.00,1,3,-1,-1
2,21,902.00,200.00,169.00,85.00,1,4,-1,-1
2,20,878.00,40.00,25.00,36.00,1,10,-1,-1
2,19,848.00,22.00,23.00,34.00,1,2,-1,-1
2,18,842.00,39.00,33.00,34.00,1,10,-1,-1
2,17,702.99,459.05,65.02,144.91,1,1,-1,-1
2,15,678.00,200.00,130.00,85.00,1,7,-1,-1
2,14,626.12,162.95,159.76,69.10,1,4,-1,-1
2,13,506.89,98.22,18.21,39.57,1,1,-1,-1
2,12,396.05,8.89,24.90,57.22,1,2,-1,-1
2,11,396.33,24.27,14.34,32.45,1,2,-1,-1
2,10,358.00,20.00,23.00,48.00,1,2,-1,-1
2,9,343.00,14.00,22.00,45.00,1,2,-1,-1
2,8,340.96,144.00,131.08,48.00,1,4,-1,-1
2,7,325.00,27.00,24.00,46.00,1,2,-1,-1
2,6,181.00,667.00,63.00,109.00,1,10,-1,-1
2,5,177.28,646.59,75.44,110.82,1,2,-1,-1
2,4,177.00,693.00,52.00,67.00,1,2,-1,-1
2,2,56.00,182.00,198.00,87.00,1,4,-1,-1
3,74,1273.00,-9.00,17.00,37.00,1,2,-1,-1
3,73,368.00,46.00,12.00,25.00,1,2,-1,-1
3,72,167.00,694.00,54.00,69.00,1,2,-1,-1
3,71,352.00,141.00,85.00,32.00,1,4,-1,-1
3,70,1284.00,18.00,22.00,48.00,1,2,-1,-1
3,69,343.00,-6.00,27.00,52.00,1,2,-1,-1
3,68,1195.00,274.00,71.00,67.00,1,10,-1,-1
3,67,1286.00,7.00,25.00,58.00,1,1,-1,-1
3,66,871.00,50.00,13.00,19.00,1,2,-1,-1
3,65,171.00,650.00,68.00,96.00,1,2,-1,-1
3,64,304.00,131.00,164.00,61.00,1,4,-1,-1
3,56,1610.00,105.00,150.00,53.00,1,4,-1,-1
3,55,1610.94,399.12,48.12,93.76,1,1,-1,-1
3,54,1360.00,5.00,18.00,41.00,1,1,-1,-1
3,53,1205.00,292.00,45.00,61.00,1,2,-1,-1
3,51,904.00,3.00,50.00,49.00,1,4,-1,-1
3,49,519.00,75.00,27.00,59.00,1,1,-1,-1
3,42,206.70,714.09,38.59,57.83,1,2,-1,-1
3,36,357.24,28.53,20.51,39.94,1,2,-1,-1
3,31,1528.00,388.00,51.00,89.00,1,1,-1,-1
3,30,1358.94,10.00,17.00,41.00,1,1,-1,-1
3,29,1340.00,181.00,157.00,81.00,1,4,-1,-1
3,28,1286.94,7.00,20.00,44.00,1,2,-1,-1
3,27,1275.94,14.00,17.00,40.00,1,1,-1,-1
3,26,1260.16,7.59,15.69,41.81,1,1,-1,-1
3,25,1231.94,114.00,155.00,58.00,1,4,-1,-1
3,24,1265.00,421.00,57.00,91.00,1,2,-1,-1
3,23,1021.94,412.94,48.00,73.00,1,2,-1,-1
3,21,894.94,197.94,169.00,85.00,1,4,-1,-1
3,20,879.00,40.00,25.00,36.00,1,10,-1,-1
3,19,849.00,22.94,23.00,34.00,1,2,-1,-1
3,18,842.94,39.00,33.00,34.00,1,10,-1,-1
3,16,702.00,476.00,50.00,116.00,1,1,-1,-1
3,12,391.03,12.40,19.35,46.09,1,2,-1,-1
3,10,358.00,19.00,23.00,48.00,1,2,-1,-1
3,9,343.00,13.94,22.00,45.00,1,2,-1,-1
3,7,325.94,26.00,24.00,46.00,1,2,-1,-1
3,6,182.94,663.94,63.00,109.00,1,10,-1,-1
3,5,177.46,643.39,76.08,110.16,1,2,-1,-1
3,4,174.30,686.38,53.76,69.43,1,2,-1,-1
3,3,141.00,232.00,212.00,76.00,1,4,-1,-1
4,28,1287.75,7.39,19.57,44.07,1,2,-1,-1
4,25,1221.79,114.04,154.48,57.93,1,4,-1,-1
4,23,1029.11,411.11,48.00,73.00,1,2,-1,-1
4,21,887.96,195.96,169.00,85.00,1,4,-1,-1
4,20,880.00,40.00,25.00,36.00,1,10,-1,-1
4,18,843.96,39.00,33.00,34.00,1,10,-1,-1
4,12,376.36,12.58,20.73,46.84,1,2,-1,-1
4,10,358.85,18.00,23.00,48.00,1,2,-1,-1
4,9,343.85,13.11,22.00,45.00,1,2,-1,-1
4,7,326.11,25.85,24.00,46.00,1,2,-1,-1
4,6,184.95,660.96,63.00,109.00,1,10,-1,-1
4,5,178.52,640.05,76.65,109.01,1,2,-1,-1
4,4,177.82,685.73,52.80,68.14,1,2,-1,-1
5,56,1593.73,105.16,150.55,53.52,1,4,-1,-1
5,55,1608.06,414.15,57.46,109.64,1,1,-1,-1
5,54,1358.00,5.00,18.00,41.00,1,1,-1,-1
5,53,1181.89,280.85,45.00,61.00,1,2,-1,-1
5,51,904.92,2.18,49.94,48.68,1,4,-1,-1
5,31,1535.07,385.94,51.00,89.00,1,1,-1,-1
5,28,1288.80,8.04,19.27,43.75,1,2,-1,-1
5,26,1261.07,7.49,16.73,41.97,1,1,-1,-1
5,25,1211.82,114.04,154.23,57.91,1,4,-1,-1
5,23,1036.90,409.91,48.00,73.00,1,2,-1,-1
5,21,880.35,193.15,169.46,85.08,1,4,-1,-1
5,20,881.00,40.00,25.00,36.00,1,10,-1,-1
5,16,715.07,473.94,50.00,116.00,1,1,-1,-1
5,10,359.06,17.78,23.00,48.00,1,2,-1,-1
5,7,326.91,25.06,24.00,46.00,1,2,-1,-1
5,6,186.19,657.97,63.00,109.00,1,10,-1,-1
5,5,178.94,637.54,77.25,107.61,1,2,-1,-1
5,3,160.94,230.81,212.00,76.00,1,4,-1,-1
6,69,392.25,15.16,19.12,41.33,1,2,-1,-1
6,64,264.82,129.16,164.35,61.67,1,4,-1,-1
6,56,1586.28,105.18,150.21,53.70,1,4,-1,-1
6,54,1356.22,4.22,18.00,41.00,1,1,-1,-1
6,53,1167.31,286.06,49.78,58.53,1,2,-1,-1
6,51,905.72,2.08,49.54,48.66,1,4,-1,-1
6,33,741.22,467.50,54.68,122.34,1,1,-1,-1
6,31,1538.87,384.95,51.00,89.00,1,1,-1,-1
6,26,1261.98,7.54,16.89,41.87,1,1,-1,-1
6,25,1201.87,114.04,154.10,57.91,1,4,-1,-1
6,23,1044.13,408.87,48.00,73.00,1,2,-1,-1
6,16,721.73,472.94,49.52,115.27,1,1,-1,-1
6,14,604.67,161.45,134.19,58.12,1,4,-1,-1
6,10,365.56,26.09,18.97,39.47,1,2,-1,-1
6,7,327.87,24.85,24.00,46.00,1,2,-1,-1
6,5,179.68,634.78,77.59,106.32,1,2,-1,-1
6,2,81.68,176.68,202.28,88.90,1,4,-1,-1
7,64,218.34,141.23,156.35,59.19,1,4,-1,-1
7,56,1578.53,105.14,149.95,53.82,1,4,-1,-1
7,53,1153.90,284.38,52.45,55.87,1,2,-1,-1
7,51,906.21,1.82,49.60,48.39,1,4,-1,-1
7,33,747.20,466.61,54.71,122.24,1,1,-1,-1
7,31,1542.11,383.96,51.00,89.00,1,1,-1,-1
7,26,1262.38,7.47,17.38,42.02,1,1,-1,-1
7,23,1051.89,407.16,48.00,73.00,1,2,-1,-1
7,16,728.12,471.31,49.69,115.57,1,1,-1,-1
7,14,592.33,158.69,144.99,62.61,1,4,-1,-1
7,10,362.65,20.40,20.59,42.88,1,2,-1,-1
7,5,180.21,631.63,78.49,104.98,1,2,-1,-1
7,2,90.36,177.27,199.91,87.98,1,4,-1,-1
8,75,404.84,9.23,22.06,52.47,1,2,-1,-1
8,53,1144.75,269.75,50.24,56.90,1,2,-1,-1
8,51,902.44,-13.09,48.87,48.01,1,4,-1,-1
8,33,753.21,465.77,54.67,122.01,1,1,-1,-1
8,26,1263.03,10.22,20.69,49.27,1,1,-1,-1
8,16,734.75,470.19,49.42,115.51,1,1,-1,-1
8,14,581.54,156.10,151.36,65.49,1,4,-1,-1
8,10,362.09,17.33,21.50,44.80,1,2,-1,-1
8,5,180.92,628.67,79.06,103.68,1,2,-1,-1
8,4,184.11,673.92,52.02,67.06,1,2,-1,-1
8,2,98.23,176.90,198.52,87.45,1,4,-1,-1
9,101,1365.00,7.11,17.00,41.00,1,1,-1,-1
9,75,405.07,8.80,22.03,52.30,1,2,-1,-1
9,53,1124.72,262.79,50.06,51.48,1,2,-1,-1
9,51,905.71,-4.36,49.18,48.01,1,4,-1,-1
9,33,759.25,464.95,54.58,121.73,1,1,-1,-1
9,26,1263.66,7.39,20.26,46.92,1,1,-1,-1
9,21,861.45,182.65,140.04,70.40,1,4,-1,-1
9,20,885.07,40.96,24.87,35.14,1,10,-1,-1
9,19,855.00,27.93,23.00,34.00,1,2,-1,-1
9,16,741.16,469.05,49.61,115.72,1,1,-1,-1
9,14,571.90,154.04,154.95,66.86,1,4,-1,-1
9,10,361.75,16.01,22.05,45.97,1,2,-1,-1
9,5,181.25,626.24,79.73,102.16,1,2,-1,-1
9,2,105.70,176.85,197.68,87.14,1,4,-1,-1
10,116,1318.00,413.95,57.85,91.10,1,2,-1,-1
10,101,1365.22,6.12,17.00,41.00,1,1,-1,-1
10,53,1120.34,255.65,48.88,53.81,1,2,-1,-1
10,51,907.37,-1.05,49.04,47.92,1,4,-1,-1
10,33,765.29,464.12,54.48,121.45,1,1,-1,-1
10,26,1263.92,6.01,19.97,45.33,1,1,-1,-1
10,19,856.00,28.92,23.00,34.00,1,2,-1,-1
10,16,747.28,467.82,49.70,115.49,1,1,-1,-1
10,14,562.72,151.98,157.41,68.07,1,4,-1,-1
10,10,362.21,14.73,22.40,46.70,1,2,-1,-1
10,7,329.65,16.15,24.41,46.52,1,2,-1,-1
10,2,112.98,176.20,197.16,86.96,1,4,-1,-1
11,116,1325.96,413.72,57.92,91.12,1,2,-1,-1
11,115,1303.80,442.88,94.20,65.86,1,3,-1,-1
11,101,1365.98,5.85,17.00,41.00,1,1,-1,-1
11,53,1110.64,259.01,51.52,52.05,1,2,-1,-1
11,33,771.34,463.28,54.37,121.17,1,1,-1,-1
11,31,1554.93,378.61,54.23,94.01,1,1,-1,-1
11,26,1264.70,5.75,19.76,44.23,1,1,-1,-1
11,16,758.54,455.26,54.14,126.19,1,1,-1,-1
11,14,553.97,150.44,158.98,68.84,1,4,-1,-1
11,10,362.32,13.51,22.62,47.18,1,2,-1,-1
11,7,330.67,19.52,24.28,46.35,1,2,-1,-1
12,146,183.00,125.00,169.51,65.74,1,4,-1,-1
12,143,1605.79,622.08,296.48,235.85,1,4,-1,-1
12,141,1348.96,2.96,18.00,41.00,1,1,-1,-1
12,138,414.96,185.23,172.52,73.46,1,4,-1,-1
12,131,1084.85,403.78,55.93,68.14,1,3,-1,-1
12,118,1642.97,390.74,58.00,94.00,1,1,-1,-1
12,116,1333.63,412.43,57.13,90.69,1,2,-1,-1
12,115,1312.10,441.87,94.08,65.86,1,3,-1,-1
12,108,1056.28,430.96,110.38,69.81,1,3,-1,-1
12,101,1366.92,5.08,17.00,41.00,1,1,-1,-1
12,87,750.40,194.76,130.94,85.09,1,7,-1,-1
12,53,1101.05,257.38,53.37,50.87,1,2,-1,-1
12,31,1558.26,377.51,53.17,92.05,1,1,-1,-1
12,26,1265.66,5.85,19.61,43.45,1,1,-1,-1
12,16,761.18,459.20,52.92,123.18,1,1,-1,-1
12,14,543.64,149.13,160.31,69.38,1,4,-1,-1
12,10,362.97,13.03,22.77,47.49,1,2,-1,-1
12,7,331.72,20.85,24.19,46.23,1,2,-1,-1
12,4,189.84,660.97,51.93,66.92,1,2,-1,-1
13,143,1606.82,621.88,296.23,235.81,1,4,-1,-1
13,141,1347.97,2.97,18.00,41.00,1,1,-1,-1
13,138,430.76,184.79,170.91,72.78,1,4,-1,-1
13,137,347.13,10.13,22.00,45.00,1,2,-1,-1
13,131,1093.87,403.79,54.43,71.02,1,3,-1,-1
13,118,1647.98,389.98,58.00,94.00,1,1,-1,-1
13,116,1341.87,411.62,55.47,89.95,1,2,-1,-1
13,115,1320.18,440.89,94.01,65.87,1,3,-1,-1
13,108,1064.19,432.02,110.15,69.65,1,3,-1,-1
13,101,1367.91,4.83,17.00,41.00,1,1,-1,-1
13,87,757.20,194.77,130.99,85.09,1,7,-1,-1
13,75,406.38,6.81,22.07,52.90,1,2,-1,-1
13,53,1092.27,253.80,54.68,50.07,1,2,-1,-1
13,49,522.16,71.74,26.97,58.31,1,1,-1,-1
13,31,1562.18,376.77,52.46,90.74,1,1,-1,-1
13,27,1283.91,12.31,17.00,40.00,1,1,-1,-1
13,21,820.90,170.97,163.43,81.96,1,4,-1,-1
13,16,766.58,460.61,51.74,120.98,1,1,-1,-1
13,14,533.43,147.95,161.51,69.75,1,4,-1,-1
13,10,363.18,12.16,22.86,47.70,1,2,-1,-1
13,7,331.60,20.68,24.46,46.25,1,2,-1,-1
13,5,182.72,614.86,82.72,96.51,1,2,-1,-1
13,4,191.76,656.63,51.93,66.91,1,2,-1,-1
14,163,196.52,634.77,65.12,105.70,1,2,-1,-1
14,154,1295.30,5.65,18.81,46.50,1,1,-1,-1
14,151,1266.29,196.18,171.15,89.75,1,4,-1,-1
14,141,1346.23,2.23,18.00,41.00,1,1,-1,-1
14,140,1115.11,110.39,154.00,58.00,1,4,-1,-1
14,137,347.15,9.92,22.00,45.00,1,2,-1,-1
14,118,1652.98,389.06,58.00,94.00,1,1,-1,-1
14,116,1354.92,414.06,75.67,90.62,1,2,-1,-1
14,115,1328.19,439.92,93.97,65.88,1,3,-1,-1
14,101,1368.91,4.09,17.00,41.00,1,1,-1,-1
14,87,764.11,194.80,131.02,85.08,1,7,-1,-1
14,51,909.94,0.94,48.87,47.83,1,4,-1,-1
14,49,522.83,71.25,26.99,58.53,1,1,-1,-1
14,31,1565.62,376.07,51.98,89.85,1,1,-1,-1
14,27,1284.90,12.04,17.00,40.00,1,1,-1,-1
14,19,860.00,29.31,23.00,34.00,1,2,-1,-1
14,16,772.53,460.71,50.90,119.13,1,1,-1,-1
14,14,523.28,146.83,162.63,70.01,1,4,-1,-1
14,10,363.22,11.83,22.93,47.84,1,2,-1,-1
14,5,182.18,612.05,82.92,95.61,1,2,-1,-1
14,3,249.94,224.79,212.00,76.00,1,4,-1,-1
15,173,1069.27,221.12,55.23,74.86,1,2,-1,-1
15,163,196.54,632.05,64.78,107.20,1,2,-1,-1
15,142,1555.08,149.39,127.71,66.43,1,4,-1,-1
15,141,1345.00,2.00,18.00,41.00,1,1,-1,-1
15,140,1104.10,109.14,154.00,58.00,1,4,-1,-1
15,137,347.30,9.76,22.40,45.23,1,2,-1,-1
15,118,1657.99,388.08,58.00,94.00,1,1,-1,-1
15,101,1369.92,3.84,17.00,41.00,1,1,-1,-1
15,87,771.06,195.50,131.03,85.07,1,7,-1,-1
15,49,523.07,70.88,26.98,58.35,1,1,-1,-1
15,33,795.50,459.74,54.04,120.35,1,1,-1,-1
15,31,1569.51,375.33,51.65,89.23,1,1,-1,-1
15,27,1285.90,11.95,17.00,40.00,1,1,-1,-1
15,19,861.00,29.29,23.00,34.00,1,2,-1,-1
15,16,779.29,460.44,50.30,117.83,1,1,-1,-1
15,14,513.18,145.75,163.70,70.19,1,4,-1,-1
15,10,363.22,11.72,22.97,47.94,1,2,-1,-1
15,5,181.91,609.28,83.07,95.00,1,2,-1,-1
15,3,260.60,224.05,212.00,76.00,1,4,-1,-1
16,173,1068.73,226.83,66.18,75.07,1,2,-1,-1
16,163,196.01,629.59,65.03,108.85,1,2,-1,-1
16,142,1533.28,127.91,158.03,83.13,1,4,-1,-1
16,141,1343.92,1.92,18.00,41.00,1,1,-1,-1
16,140,1093.79,108.74,154.00,58.00,1,4,-1,-1
16,137,347.31,9.55,22.60,44.93,1,2,-1,-1
16,118,1662.99,387.75,58.00,94.00,1,1,-1,-1
16,101,1370.93,3.10,17.00,41.00,1,1,-1,-1
16,49,523.15,70.78,26.97,58.23,1,1,-1,-1
16,33,801.54,458.87,53.94,120.12,1,1,-1,-1
16,31,1574.37,375.99,51.75,89.18,1,1,-1,-1
16,27,1286.91,11.26,17.00,40.00,1,1,-1,-1
16,19,862.00,29.26,23.00,34.00,1,2,-1,-1
16,18,854.18,43.58,32.96,34.11,1,10,-1,-1
16,14,503.10,144.71,164.74,70.32,1,4,-1,-1
16,5,181.57,606.50,82.89,94.53,1,2,-1,-1
17,163,195.82,627.34,65.19,110.26,1,2,-1,-1
17,160,378.93,9.00,23.00,47.00,1,2,-1,-1
17,142,1530.79,140.66,147.88,78.83,1,4,-1,-1
17,141,1342.91,1.91,18.00,41.00,1,1,-1,-1
17,118,1668.66,389.02,58.00,94.00,1,1,-1,-1
17,53,1048.28,224.15,50.70,54.21,1,2,-1,-1
17,49,523.83,70.77,26.97,58.15,1,1,-1,-1
17,33,808.24,457.97,53.86,119.94,1,1,-1,-1
17,31,1579.52,377.10,52.14,89.50,1,1,-1,-1
17,19,861.17,30.22,23.36,34.67,1,2,-1,-1
17,14,492.55,143.67,166.07,70.42,1,4,-1,-1
17,7,330.45,17.97,28.29,51.74,1,2,-1,-1
17,5,181.45,603.67,82.77,94.22,1,2,-1,-1
18,163,193.84,628.43,65.61,111.34,1,2,-1,-1
18,160,378.94,9.00,23.00,47.00,1,2,-1,-1
18,152,1493.72,122.81,170.75,72.00,1,4,-1,-1
18,151,1255.16,204.17,158.17,85.83,1,4,-1,-1
18,150,395.00,8.15,17.13,44.64,1,2,-1,-1
18,142,1527.01,146.87,141.05,76.20,1,4,-1,-1
18,141,1342.08,1.83,18.34,41.16,1,1,-1,-1
18,118,1674.58,391.52,58.00,94.00,1,1,-1,-1
18,53,1039.30,218.39,49.18,55.85,1,2,-1,-1
18,49,523.41,71.45,26.97,58.09,1,1,-1,-1
18,31,1584.73,378.78,52.73,89.78,1,1,-1,-1
18,19,860.45,30.53,20.98,31.04,1,2,-1,-1
18,14,482.27,142.65,167.30,70.49,1,4,-1,-1
18,7,330.51,18.07,27.69,50.17,1,2,-1,-1
18,5,179.44,604.74,82.69,94.00,1,2,-1,-1
19,209,1115.00,440.00,106.00,67.00,1,3,-1,-1
19,163,189.30,617.54,69.34,117.26,1,2,-1,-1
19,160,378.26,9.00,23.00,47.00,1,2,-1,-1
19,151,1251.41,207.47,157.42,86.31,1,4,-1,-1
19,150,394.99,8.03,17.12,44.82,1,2,-1,-1
19,142,1525.00,151.58,136.34,74.37,1,4,-1,-1
19,141,1341.94,2.41,18.91,41.37,1,1,-1,-1
19,139,505.53,58.86,29.97,65.08,1,1,-1,-1
19,131,1145.34,409.08,49.80,78.22,1,3,-1,-1
19,118,1680.59,393.80,58.00,94.00,1,1,-1,-1
19,87,799.01,196.60,131.05,85.05,1,7,-1,-1
19,53,1030.64,213.45,48.06,57.12,1,2,-1,-1
19,31,1589.93,380.21,53.46,90.32,1,1,-1,-1
19,19,863.34,29.52,21.57,31.90,1,2,-1,-1
19,16,807.23,467.67,49.32,115.67,1,1,-1,-1
19,14,451.65,159.67,163.42,68.60,1,4,-1,-1
19,7,330.13,17.88,27.57,49.40,1,2,-1,-1
19,5,183.64,616.85,72.05,84.51,1,2,-1,-1
19,4,195.99,644.40,48.71,62.08,1,2,-1,-1
19,2,170.61,176.00,196.48,86.76,1,4,-1,-1
20,222,1386.14,450.05,98.23,69.41,1,3,-1,-1
20,220,65.32,127.20,170.95,70.18,1,4,-1,-1
20,209,1123.00,441.00,106.00,67.00,1,3,-1,-1
20,163,187.81,627.76,69.06,116.23,1,2,-1,-1
20,151,1247.54,211.38,157.08,87.02,1,4,-1,-1
20,150,394.99,7.96,17.11,44.94,1,2,-1,-1
20,142,1523.30,155.58,133.06,73.10,1,4,-1,-1
20,141,1342.01,3.23,19.62,41.57,1,1,-1,-1
20,139,508.87,62.64,28.46,62.03,1,1,-1,-1
20,137,348.20,9.54,22.85,43.77,1,2,-1,-1
20,131,1153.62,410.03,49.33,79.19,1,3,-1,-1
20,101,1377.56,4.36,17.00,41.00,1,1,-1,-1
20,53,1022.03,209.54,47.24,58.09,1,2,-1,-1
20,51,912.83,1.06,48.35,47.81,1,4,-1,-1
20,16,815.21,473.48,49.18,115.08,1,1,-1,-1
20,14,455.13,147.77,165.95,69.19,1,4,-1,-1
20,7,330.18,17.94,27.78,48.88,1,2,-1,-1
20,5,178.11,616.08,75.06,87.19,1,2,-1,-1
20,4,192.97,647.83,49.66,63.23,1,2,-1,-1
21,226,1408.34,415.21,54.36,82.13,1,3,-1,-1
21,220,51.44,126.49,163.56,68.46,1,4,-1,-1
21,210,1736.30,95.51,134.49,59.92,1,4,-1,-1
21,209,1131.00,442.00,106.00,67.00,1,3,-1,-1
21,151,1244.07,215.48,156.64,87.84,1,4,-1,-1
21,150,394.98,7.43,17.13,45.34,1,2,-1,-1
21,142,1522.13,159.21,130.77,72.21,1,4,-1,-1
21,141,1341.96,4.20,20.12,41.66,1,1,-1,-1
21,131,1161.82,411.04,49.00,80.18,1,3,-1,-1
21,101,1379.58,4.71,17.00,41.00,1,1,-1,-1
21,53,1013.39,207.21,46.61,58.55,1,2,-1,-1
21,51,913.24,1.05,48.51,47.84,1,4,-1,-1
21,16,823.26,479.23,49.09,114.98,1,1,-1,-1
21,14,450.01,142.51,168.04,69.60,1,4,-1,-1
21,7,330.15,17.89,27.92,48.20,1,2,-1,-1
21,5,173.55,617.41,77.19,89.05,1,2,-1,-1
21,4,189.69,651.66,50.31,64.00,1,2,-1,-1
21,3,326.06,226.91,212.00,76.00,1,4,-1,-1
22,245,1298.49,24.06,17.95,43.06,1,1,-1,-1
22,243,487.27,188.34,169.61,75.32,1,4,-1,-1
22,232,1002.97,227.53,60.76,46.14,1,10,-1,-1
22,226,1419.62,416.67,53.31,86.24,1,3,-1,-1
22,220,37.91,127.19,158.33,67.51,1,4,-1,-1
22,209,1139.00,443.00,106.00,67.00,1,3,-1,-1
22,142,1520.32,163.30,129.15,71.58,1,4,-1,-1
22,141,1342.06,5.19,20.77,41.76,1,1,-1,-1
22,131,1170.45,412.11,48.45,81.10,1,3,-1,-1
22,113,895.13,33.40,22.59,33.59,1,2,-1,-1
22,101,1381.61,5.51,17.00,41.00,1,1,-1,-1
22,53,1005.34,205.75,46.15,58.90,1,2,-1,-1
22,16,831.34,485.15,49.03,114.61,1,1,-1,-1
22,7,330.11,17.52,28.02,48.01,1,2,-1,-1
22,5,188.07,612.32,72.39,83.34,1,2,-1,-1
22,4,186.37,656.33,50.76,64.54,1,2,-1,-1
22,3,334.17,228.91,212.00,76.00,1,4,-1,-1
23,255,1460.11,110.00,146.00,58.00,1,4,-1,-1
23,254,859.39,487.11,54.57,121.52,1,1,-1,-1
23,247,867.51,41.51,31.10,35.15,1,10,-1,-1
23,243,492.92,189.43,169.88,76.15,1,4,-1,-1
23,232,994.98,226.83,60.82,46.09,1,10,-1,-1
23,226,1430.10,418.58,53.10,89.20,1,3,-1,-1
23,220,24.19,127.72,154.39,67.31,1,4,-1,-1
23,209,1149.09,447.49,106.00,67.00,1,3,-1,-1
23,160,377.92,9.00,23.00,47.00,1,2,-1,-1
23,142,1518.80,166.85,128.00,71.14,1,4,-1,-1
23,140,1022.25,114.45,156.46,58.12,1,4,-1,-1
23,113,896.37,42.58,23.36,34.14,1,2,-1,-1
23,101,1383.64,6.47,17.00,41.00,1,1,-1,-1
23,53,997.47,204.63,45.82,59.16,1,2,-1,-1
23,31,1610.56,386.45,57.75,92.59,1,1,-1,-1
23,16,839.42,491.34,48.98,114.35,1,1,-1,-1
23,7,330.07,17.44,28.09,47.86,1,2,-1,-1
23,4,179.80,664.60,51.09,64.92,1,2,-1,-1
23,2,194.46,177.06,196.55,86.80,1,4,-1,-1
24,260,363.48,12.77,23.36,48.35,1,2,-1,-1
24,255,1453.12,111.00,146.00,58.00,1,4,-1,-1
24,254,870.19,493.13,53.75,119.68,1,1,-1,-1
24,233,1309.72,14.77,17.25,42.35,1,2,-1,-1
24,220,-15.79,102.08,169.08,75.64,1,4,-1,-1
24,209,1158.61,436.18,96.23,74.21,1,3,-1,-1
24,160,377.92,9.66,23.00,47.00,1,2,-1,-1
24,140,1011.05,115.49,157.33,58.15,1,4,-1,-1
24,113,897.35,47.28,23.88,34.48,1,2,-1,-1
24,101,1385.20,7.46,17.30,41.07,1,1,-1,-1
24,53,989.65,203.64,45.58,59.36,1,2,-1,-1
24,31,1616.22,388.35,58.88,93.36,1,1,-1,-1
24,7,330.22,17.43,28.43,47.78,1,2,-1,-1
24,4,172.68,674.23,51.32,65.19,1,2,-1,-1
25,278,160.86,668.50,73.68,112.59,1,2,-1,-1
25,266,1653.56,678.30,250.74,234.40,1,4,-1,-1
25,260,362.23,13.27,23.34,48.44,1,2,-1,-1
25,255,1446.85,112.74,146.00,58.00,1,4,-1,-1
25,254,879.82,498.62,53.33,118.75,1,1,-1,-1
25,233,1311.89,13.95,17.60,43.69,1,2,-1,-1
25,209,1172.13,451.70,98.98,72.03,1,3,-1,-1
25,160,376.61,9.91,23.00,47.00,1,2,-1,-1
25,151,1229.45,233.37,157.35,92.14,1,4,-1,-1
25,150,393.63,7.79,17.15,46.53,1,2,-1,-1
25,140,999.99,116.52,158.24,58.17,1,4,-1,-1
25,118,1723.72,414.84,56.76,94.96,1,1,-1,-1
25,101,1386.53,8.44,17.81,41.17,1,1,-1,-1
25,53,981.82,202.71,45.41,59.51,1,2,-1,-1
25,31,1625.86,393.69,59.69,94.18,1,1,-1,-1
25,14,403.54,142.43,173.79,70.00,1,4,-1,-1
25,4,165.40,685.01,51.48,65.38,1,2,-1,-1
26,287,1440.82,468.36,95.59,66.67,1,3,-1,-1
26,285,338.68,16.09,33.01,57.76,1,2,-1,-1
26,283,855.07,211.44,115.51,74.96,1,7,-1,-1
26,278,154.09,676.80,73.13,113.67,1,2,-1,-1
26,260,364.19,7.24,23.00,51.18,1,2,-1,-1
26,254,889.05,503.88,53.11,118.25,1,1,-1,-1
26,233,1313.94,14.78,17.79,44.52,1,2,-1,-1
26,221,735.44,164.70,165.43,80.91,1,4,-1,-1
26,209,1183.72,461.76,100.92,70.55,1,3,-1,-1
26,160,378.43,11.17,20.36,41.36,1,2,-1,-1
26,151,1246.59,241.04,153.29,90.47,1,4,-1,-1
26,140,989.01,118.04,159.10,57.88,1,4,-1,-1
26,131,1215.38,432.40,50.63,91.97,1,3,-1,-1
26,118,1733.59,420.13,56.26,95.76,1,1,-1,-1
26,53,973.32,202.45,45.28,59.62,1,2,-1,-1
26,31,1643.76,399.72,57.34,89.70,1,1,-1,-1
26,14,390.40,143.79,175.09,70.16,1,4,-1,-1
26,4,158.08,695.57,51.60,65.53,1,2,-1,-1
26,3,365.88,237.22,212.00,76.00,1,4,-1,-1
27,299,1290.95,16.00,18.00,41.00,1,1,-1,-1
27,287,1457.81,466.96,88.16,74.42,1,3,-1,-1
27,278,146.64,684.73,73.21,114.95,1,2,-1,-1
27,260,359.84,12.04,23.03,50.31,1,2,-1,-1
27,247,869.11,33.89,23.49,31.60,1,10,-1,-1
27,233,1316.61,15.76,17.93,45.40,1,2,-1,-1
27,160,375.92,12.71,21.15,43.04,1,2,-1,-1
27,151,1230.88,246.64,156.86,93.40,1,4,-1,-1
27,142,1508.78,182.81,126.93,72.15,1,4,-1,-1
27,140,979.17,119.96,159.71,57.67,1,4,-1,-1
27,131,1222.54,437.13,49.57,91.87,1,3,-1,-1
27,53,974.92,204.86,42.11,55.52,1,2,-1,-1
27,31,1652.75,409.01,58.86,91.56,1,1,-1,-1
27,14,377.21,144.95,176.30,70.28,1,4,-1,-1
27,4,150.12,706.01,51.69,65.63,1,2,-1,-1
27,3,373.26,239.65,212.42,76.60,1,4,-1,-1
28,310,515.89,84.02,26.91,57.00,1,1,-1,-1
28,305,340.87,14.18,23.75,41.04,1,2,-1,-1
28,299,1292.97,18.00,18.00,41.00,1,1,-1,-1
28,287,1466.30,477.52,95.27,72.14,1,3,-1,-1
28,278,139.68,693.12,73.55,115.87,1,2,-1,-1
28,260,357.61,15.26,23.05,49.71,1,2,-1,-1
28,247,870.09,34.88,22.85,31.53,1,10,-1,-1
28,151,1222.82,252.43,160.00,96.08,1,4,-1,-1
28,142,1505.47,187.39,127.71,73.72,1,4,-1,-1
28,140,969.80,122.01,160.15,57.52,1,4,-1,-1
28,131,1231.66,442.49,48.84,92.38,1,3,-1,-1
28,113,898.48,56.85,23.80,33.56,1,2,-1,-1
28,53,960.76,205.46,42.91,56.75,1,2,-1,-1
28,31,1663.72,417.58,60.25,93.19,1,1,-1,-1
28,14,364.05,146.51,177.40,70.07,1,4,-1,-1
28,3,381.07,242.59,213.05,77.32,1,4,-1,-1
29,328,1497.65,448.97,59.58,97.06,1,2,-1,-1
29,310,515.06,85.19,27.00,57.44,1,1,-1,-1
29,305,338.68,16.83,22.73,39.14,1,2,-1,-1
29,299,1294.97,20.00,18.00,41.00,1,1,-1,-1
29,287,1475.53,486.01,101.56,70.32,1,3,-1,-1
29,278,132.68,701.82,73.70,116.37,1,2,-1,-1
29,260,355.48,17.16,23.06,49.30,1,2,-1,-1
29,255,1419.92,119.57,150.12,58.33,1,4,-1,-1
29,247,870.49,35.97,22.45,31.57,1,10,-1,-1
29,151,1217.07,258.31,162.85,98.60,1,4,-1,-1
29,150,388.68,12.36,16.69,46.39,1,2,-1,-1
29,142,1502.24,191.75,128.31,75.40,1,4,-1,-1
29,131,1242.14,448.62,48.33,93.31,1,3,-1,-1
29,113,899.26,57.77,24.18,34.04,1,2,-1,-1
29,101,1392.67,12.39,20.96,41.59,1,1,-1,-1
29,53,949.67,206.22,43.48,57.63,1,2,-1,-1
29,31,1675.92,425.72,61.23,94.32,1,1,-1,-1
29,14,350.90,147.80,178.47,69.92,1,4,-1,-1
29,3,389.01,245.69,213.83,78.13,1,4,-1,-1
29,2,217.50,188.65,196.57,89.81,1,4,-1,-1
30,334,136.04,688.89,50.35,59.69,1,10,-1,-1
30,328,1508.90,454.70,62.08,98.60,1,2,-1,-1
30,327,493.97,186.45,184.61,88.57,1,4,-1,-1
30,305,336.60,18.01,22.21,37.89,1,2,-1,-1
30,287,1485.04,493.84,107.51,69.19,1,3,-1,-1
30,255,1413.07,121.56,151.59,58.39,1,4,-1,-1
30,254,925.16,524.81,52.88,117.73,1,1,-1,-1
30,247,871.33,37.06,22.22,31.66,1,10,-1,-1
30,232,934.15,198.36,65.44,63.22,1,10,-1,-1
30,221,709.92,162.81,178.49,85.39,1,4,-1,-1
30,151,1212.43,264.23,165.82,101.03,1,4,-1,-1
30,150,387.28,13.50,16.49,46.26,1,2,-1,-1
30,142,1498.73,196.16,129.44,77.51,1,4,-1,-1
30,131,1254.21,455.85,47.69,94.75,1,3,-1,-1
30,113,899.47,59.29,24.45,34.37,1,2,-1,-1
30,101,1394.43,13.41,21.63,41.62,1,1,-1,-1
30,53,939.79,207.75,43.89,58.27,1,2,-1,-1
30,16,895.70,532.72,47.98,112.88,1,1,-1,-1
30,3,396.30,248.36,214.78,79.28,1,4,-1,-1
30,2,219.44,191.77,196.54,90.75,1,4,-1,-1
31,355,1675.61,113.12,151.92,62.86,1,4,-1,-1
31,328,1523.43,462.33,63.95,100.05,1,2,-1,-1
31,327,515.64,202.06,176.80,85.09,1,4,-1,-1
31,305,334.51,18.92,22.03,37.33,1,2,-1,-1
31,298,900.84,41.92,23.00,35.00,1,2,-1,-1
31,254,933.49,533.42,52.87,117.71,1,1,-1,-1
31,221,693.44,167.33,176.25,83.79,1,4,-1,-1
31,160,370.54,16.30,22.42,45.74,1,2,-1,-1
31,151,1208.02,270.18,168.55,103.37,1,4,-1,-1
31,150,386.14,14.59,16.35,46.18,1,2,-1,-1
31,142,1495.38,200.35,130.26,79.58,1,4,-1,-1
31,131,1267.10,463.81,47.23,96.37,1,3,-1,-1
31,53,931.04,208.94,44.18,58.73,1,2,-1,-1
31,16,905.06,541.48,47.94,112.80,1,1,-1,-1
31,7,318.07,25.27,26.20,46.60,1,2,-1,-1
31,3,404.01,251.27,215.77,80.41,1,4,-1,-1
32,359,1318.11,31.11,17.00,41.00,1,1,-1,-1
32,357,868.85,65.00,30.00,33.00,1,10,-1,-1
32,356,101.93,764.50,55.52,75.61,1,2,-1,-1
32,355,1671.29,115.63,152.52,64.28,1,4,-1,-1
32,328,1539.59,471.11,65.03,100.97,1,2,-1,-1
32,327,526.77,210.54,172.16,83.03,1,4,-1,-1
32,305,332.40,19.74,22.01,37.13,1,2,-1,-1
32,298,901.16,43.61,23.00,35.00,1,2,-1,-1
32,254,941.57,543.08,52.86,117.70,1,1,-1,-1
32,221,681.52,170.74,175.41,83.04,1,4,-1,-1
32,209,1246.93,497.14,116.17,72.02,1,3,-1,-1
32,160,369.41,17.17,22.59,46.11,1,2,-1,-1
32,151,1204.39,276.16,171.12,105.64,1,4,-1,-1
32,150,385.10,16.31,16.25,46.12,1,2,-1,-1
32,131,1280.25,471.56,46.91,98.37,1,3,-1,-1
32,53,922.10,210.67,44.40,59.06,1,2,-1,-1
32,16,914.90,551.21,47.91,112.75,1,1,-1,-1
32,7,316.68,27.06,25.58,46.42,1,2,-1,-1
32,3,411.87,254.27,216.79,81.51,1,4,-1,-1
33,369,1343.00,19.04,23.00,41.00,1,1,-1,-1
33,358,896.00,234.94,131.00,85.00,1,7,-1,-1
33,357,869.28,67.00,30.00,33.00,1,10,-1,-1
33,356,92.24,771.82,59.57,79.18,1,2,-1,-1
33,328,1555.76,479.66,66.11,102.24,1,2,-1,-1
33,327,533.65,215.89,169.13,82.11,1,4,-1,-1
33,310,512.16,90.05,26.96,57.06,1,1,-1,-1
33,299,1305.50,27.11,17.37,40.69,1,1,-1,-1
33,298,901.25,45.55,23.00,35.00,1,2,-1,-1
33,278,103.71,735.78,74.63,118.44,1,2,-1,-1
33,254,950.22,553.11,52.86,117.69,1,1,-1,-1
33,209,1260.97,516.73,116.34,70.68,1,3,-1,-1
33,151,1200.42,282.15,173.57,107.86,1,4,-1,-1
33,53,913.09,211.97,44.55,59.30,1,2,-1,-1
34,374,1374.71,138.55,179.47,66.09,1,4,-1,-1
34,358,903.00,238.95,131.00,85.00,1,7,-1,-1
34,357,869.35,69.74,30.00,33.00,1,10,-1,-1
34,356,83.47,783.53,57.86,75.63,1,2,-1,-1
34,344,34.01,260.57,200.98,81.00,1,4,-1,-1
34,328,1560.71,490.61,71.75,110.93,1,2,-1,-1
34,327,539.12,220.50,167.19,81.55,1,4,-1,-1
34,310,511.84,91.74,26.96,57.03,1,1,-1,-1
34,299,1308.05,28.36,17.56,40.82,1,1,-1,-1
34,298,901.93,47.57,23.00,35.00,1,2,-1,-1
34,278,96.84,744.58,75.00,118.75,1,2,-1,-1
34,254,958.43,563.26,52.86,117.70,1,1,-1,-1
34,233,1337.56,28.81,18.10,47.02,1,2,-1,-1
34,209,1273.63,530.71,117.37,69.78,1,3,-1,-1
34,151,1196.53,288.13,176.22,110.07,1,4,-1,-1
34,113,899.79,65.72,27.02,37.88,1,2,-1,-1
34,53,904.72,213.76,44.66,59.47,1,2,-1,-1
34,2,227.72,208.66,196.49,91.03,1,4,-1,-1
35,393,322.18,21.50,23.09,41.69,1,2,-1,-1
35,390,895.30,139.97,165.56,63.96,1,4,-1,-1
35,388,341.00,26.95,23.00,48.00,1,2,-1,-1
35,387,250.65,164.77,190.71,69.47,1,4,-1,-1
35,358,915.27,232.22,136.51,88.99,1,7,-1,-1
35,357,869.33,72.70,30.00,33.00,1,10,-1,-1
35,356,78.70,795.59,55.51,71.96,1,2,-1,-1
35,345,388.45,21.78,22.00,53.00,1,2,-1,-1
35,344,39.07,264.60,201.86,80.71,1,4,-1,-1
35,327,543.76,225.43,166.98,81.32,1,4,-1,-1
35,310,509.71,93.17,27.00,57.34,1,1,-1,-1
35,299,1310.71,30.14,17.36,40.76,1,1,-1,-1
35,278,85.19,758.95,75.27,119.25,1,2,-1,-1
35,233,1340.68,30.80,18.10,47.08,1,2,-1,-1
35,209,1286.10,542.47,118.69,69.18,1,3,-1,-1
35,151,1193.10,294.78,178.72,112.24,1,4,-1,-1
35,113,899.72,67.91,26.49,37.12,1,2,-1,-1
35,53,895.29,215.09,44.74,59.60,1,2,-1,-1
35,31,1755.91,478.76,70.16,106.36,1,1,-1,-1
35,2,227.95,211.23,198.78,91.68,1,4,-1,-1
36,393,319.06,22.96,23.22,42.06,1,2,-1,-1
36,388,338.00,28.97,23.00,48.00,1,2,-1,-1
36,359,1328.93,37.93,17.00,41.00,1,1,-1,-1
36,358,917.51,241.66,135.87,89.21,1,7,-1,-1
36,357,869.29,75.02,30.00,33.00,1,10,-1,-1
36,356,67.29,810.39,54.14,70.06,1,2,-1,-1
36,355,1655.86,125.91,151.32,68.57,1,4,-1,-1
36,344,44.71,269.20,202.27,80.14,1,4,-1,-1
36,327,548.35,230.44,167.53,81.23,1,4,-1,-1
36,310,506.92,94.61,27.07,58.20,1,1,-1,-1
36,299,1313.64,32.07,17.23,40.73,1,1,-1,-1
36,278,71.37,764.76,78.91,111.35,1,2,-1,-1
36,209,1299.76,553.33,120.22,68.76,1,3,-1,-1
36,160,368.62,25.76,20.27,46.29,1,2,-1,-1
36,151,1188.69,302.89,181.54,115.25,1,4,-1,-1
36,113,899.77,70.12,26.11,36.58,1,2,-1,-1
36,53,886.12,216.90,44.80,59.70,1,2,-1,-1
36,31,1763.89,485.65,72.59,109.59,1,1,-1,-1
36,7,305.62,36.96,24.52,46.12,1,2,-1,-1
36,2,227.91,214.64,200.97,92.15,1,4,-1,-1
37,408,1378.00,25.89,23.00,33.00,1,3,-1,-1
37,407,481.15,100.18,24.73,52.59,1,1,-1,-1
37,393,316.00,24.79,23.25,42.22,1,2,-1,-1
37,389,869.17,236.91,66.19,52.90,1,10,-1,-1
37,388,335.00,30.97,23.00,48.00,1,2,-1,-1
37,358,922.92,247.95,135.99,90.11,1,7,-1,-1
37,356,53.47,825.90,53.33,69.21,1,2,-1,-1
37,355,1652.02,128.18,150.99,70.13,1,4,-1,-1
37,335,918.54,12.03,53.07,53.85,1,4,-1,-1
37,327,552.81,235.48,168.58,81.22,1,4,-1,-1
37,310,503.88,95.98,27.16,59.42,1,1,-1,-1
37,299,1316.65,34.05,17.13,40.73,1,1,-1,-1
37,287,1589.52,571.35,124.29,66.14,1,3,-1,-1
37,278,57.69,778.97,81.97,106.74,1,2,-1,-1
37,247,872.68,47.90,22.09,32.46,1,10,-1,-1
37,209,1313.82,564.47,121.89,68.47,1,3,-1,-1
37,160,368.67,33.43,20.69,50.04,1,2,-1,-1
37,101,1411.85,23.27,23.05,41.58,1,1,-1,-1
37,53,877.04,218.89,44.84,59.76,1,2,-1,-1
37,31,1771.41,504.12,71.03,106.74,1,1,-1,-1
37,7,302.63,39.96,24.37,46.08,1,2,-1,-1
37,2,228.43,218.39,203.11,92.48,1,4,-1,-1
38,417,1364.99,526.11,50.96,111.74,1,2,-1,-1
38,408,1380.00,27.88,23.00,33.00,1,3,-1,-1
38,389,861.06,241.39,65.70,50.37,1,10,-1,-1
38,388,332.00,32.27,23.00,48.00,1,2,-1,-1
38,358,930.85,252.82,136.41,91.08,1,7,-1,-1
38,355,1648.88,130.88,150.62,71.48,1,4,-1,-1
38,335,922.76,12.92,51.51,52.35,1,4,-1,-1
38,328,1650.07,530.03,68.80,107.04,1,2,-1,-1
38,327,556.65,240.49,170.29,81.28,1,4,-1,-1
38,299,1319.04,36.04,17.07,40.73,1,1,-1,-1
38,278,44.43,796.36,84.10,103.36,1,2,-1,-1
38,209,1334.11,568.13,110.81,61.11,1,3,-1,-1
38,160,367.21,28.68,19.30,49.05,1,2,-1,-1
38,142,1488.87,242.60,139.35,93.58,1,4,-1,-1
38,101,1414.59,24.56,23.11,41.55,1,1,-1,-1
38,53,868.01,220.29,44.88,59.81,1,2,-1,-1
38,16,981.29,628.36,47.79,118.70,1,1,-1,-1
38,2,229.18,222.29,205.21,92.73,1,4,-1,-1
39,425,457.35,286.72,230.40,88.33,1,4,-1,-1
39,424,350.11,28.89,23.00,47.00,1,2,-1,-1
39,408,1382.74,29.15,23.00,33.00,1,3,-1,-1
39,401,25.48,831.43,81.40,124.50,1,2,-1,-1
39,389,852.01,244.53,66.20,48.93,1,10,-1,-1
39,388,329.00,34.02,23.00,48.00,1,2,-1,-1
39,358,940.27,257.32,137.13,92.41,1,7,-1,-1
39,355,1643.76,133.38,150.67,72.11,1,4,-1,-1
39,335,925.21,14.08,50.47,51.35,1,4,-1,-1
39,328,1671.65,542.04,68.33,106.40,1,2,-1,-1
39,327,560.65,245.50,172.12,81.33,1,4,-1,-1
39,299,1321.83,38.04,17.02,40.74,1,1,-1,-1
39,278,31.18,814.43,86.20,101.42,1,2,-1,-1
39,233,1352.26,38.81,18.09,47.16,1,2,-1,-1
39,209,1346.84,585.17,116.65,63.13,1,3,-1,-1
39,160,364.94,28.33,18.30,48.27,1,2,-1,-1
39,142,1488.35,249.23,140.89,95.33,1,4,-1,-1
39,2,230.02,226.25,207.30,92.92,1,4,-1,-1
40,434,593.44,192.71,189.35,84.37,1,4,-1,-1
40,401,11.15,848.55,82.06,127.50,1,2,-1,-1
40,388,326.00,35.94,23.00,48.00,1,2,-1,-1
40,359,1340.17,43.94,17.99,43.45,1,1,-1,-1
40,358,930.47,248.29,150.59,102.54,1,7,-1,-1
40,355,1637.94,136.10,151.50,72.55,1,4,-1,-1
40,335,926.92,15.96,49.75,50.67,1,4,-1,-1
40,328,1693.09,554.25,68.00,105.94,1,2,-1,-1
40,327,564.69,250.51,174.03,81.39,1,4,-1,-1
40,233,1354.31,40.82,18.08,47.17,1,2,-1,-1
40,209,1359.83,598.27,121.36,64.53,1,3,-1,-1
40,151,1171.19,339.58,193.57,131.58,1,4,-1,-1
40,2,230.22,230.62,209.43,93.63,1,4,-1,-1
41,445,1013.57,661.68,56.45,121.49,1,1,-1,-1
41,434,581.66,195.50,189.86,83.96,1,4,-1,-1
41,393,303.91,31.83,23.30,43.13,1,2,-1,-1
41,388,323.00,37.92,23.00,48.00,1,2,-1,-1
41,359,1345.89,40.50,22.17,54.56,1,1,-1,-1
41,355,1621.30,134.96,159.82,76.18,1,4,-1,-1
41,335,927.12,17.07,49.63,50.84,1,4,-1,-1
41,328,1716.24,568.50,67.44,105.55,1,2,-1,-1
41,327,568.90,255.51,176.30,81.46,1,4,-1,-1
41,298,904.22,61.80,23.00,35.00,1,2,-1,-1
41,287,1670.15,634.17,129.62,66.90,1,3,-1,-1
41,233,1356.31,42.83,18.08,47.17,1,2,-1,-1
41,209,1373.71,609.92,125.30,65.50,1,3,-1,-1
42,452,901.03,85.31,25.44,37.88,1,2,-1,-1
42,450,1028.46,684.09,60.71,145.39,1,1,-1,-1
42,445,1025.64,674.25,58.10,122.25,1,1,-1,-1
42,434,569.75,198.51,190.63,83.75,1,4,-1,-1
42,393,300.89,33.29,23.31,43.55,1,2,-1,-1
42,359,1347.42,44.10,20.77,50.83,1,1,-1,-1
42,355,1620.66,139.81,159.33,75.39,1,4,-1,-1
42,335,927.33,17.75,49.92,51.61,1,4,-1,-1
42,287,1687.73,648.34,128.46,66.01,1,3,-1,-1
42,233,1358.29,44.84,18.07,47.16,1,2,-1,-1
42,53,818.77,228.41,48.19,63.48,1,2,-1,-1
43,465,870.04,91.00,30.00,33.00,1,10,-1,-1
43,464,796.77,165.12,181.41,68.76,1,4,-1,-1
43,463,66.63,307.22,233.84,93.46,1,4,-1,-1
43,450,1045.46,712.28,53.69,135.87,1,1,-1,-1
43,445,1038.84,691.45,58.77,123.34,1,1,-1,-1
43,435,1345.81,33.82,23.00,41.00,1,1,-1,-1
43,434,572.59,191.79,159.77,69.60,1,4,-1,-1
43,424,339.84,36.83,23.76,48.74,1,2,-1,-1
43,359,1350.10,47.36,19.74,48.12,1,1,-1,-1
43,355,1616.48,143.49,159.46,74.49,1,4,-1,-1
43,287,1708.74,662.12,133.54,68.37,1,3,-1,-1
43,247,873.36,60.24,22.33,33.46,1,10,-1,-1
43,233,1360.26,46.85,18.07,47.16,1,2,-1,-1
43,160,354.61,34.16,16.56,47.08,1,2,-1,-1
43,53,809.17,233.00,47.59,62.52,1,2,-1,-1
44,473,1758.71,673.38,59.15,55.70,1,2,-1,-1
44,472,1298.11,168.00,173.00,64.00,1,4,-1,-1
44,465,870.81,93.78,30.00,33.00,1,10,-1,-1
44,464,783.86,168.03,182.12,69.15,1,4,-1,-1
44,463,76.46,315.11,224.90,90.32,1,4,-1,-1
44,450,1063.10,735.25,49.70,130.70,1,1,-1,-1
44,445,1052.63,709.62,59.23,124.62,1,1,-1,-1
44,424,336.98,37.96,23.49,48.13,1,2,-1,-1
44,417,1461.06,603.58,59.57,110.17,1,2,-1,-1
44,355,1611.01,146.91,160.38,73.83,1,4,-1,-1
44,287,1729.14,678.83,131.04,67.10,1,3,-1,-1
44,247,873.41,62.21,22.39,33.69,1,10,-1,-1
44,233,1362.24,48.86,18.06,47.16,1,2,-1,-1
44,160,352.32,35.83,16.32,46.82,1,2,-1,-1
44,53,797.46,237.49,47.16,61.83,1,2,-1,-1
45,478,462.07,118.17,25.12,53.36,1,1,-1,-1
45,472,1289.91,172.00,173.00,64.00,1,4,-1,-1
45,465,870.14,96.09,29.58,32.85,1,10,-1,-1
45,463,83.05,321.84,222.37,89.54,1,4,-1,-1
45,460,1149.58,395.51,216.22,162.14,1,4,-1,-1
45,456,986.97,264.81,176.69,125.19,1,7,-1,-1
45,450,1073.15,773.06,46.42,125.71,1,1,-1,-1
45,445,1074.23,747.38,55.48,126.39,1,1,-1,-1
45,424,334.04,39.73,23.32,47.75,1,2,-1,-1
45,417,1479.77,619.42,61.42,109.98,1,2,-1,-1
45,388,311.00,44.92,23.00,48.00,1,2,-1,-1
45,355,1604.93,150.20,161.87,73.35,1,4,-1,-1
45,310,481.91,106.43,25.96,59.27,1,1,-1,-1
45,298,905.18,69.87,23.00,35.00,1,2,-1,-1
45,287,1751.12,695.45,129.21,66.17,1,3,-1,-1
45,247,873.40,64.19,22.44,33.86,1,10,-1,-1
45,209,1439.64,667.88,131.59,70.85,1,3,-1,-1
45,160,349.58,37.32,16.15,46.91,1,2,-1,-1
45,101,1434.42,36.47,26.15,42.33,1,1,-1,-1
46,484,358.67,46.01,19.97,46.77,1,2,-1,-1
46,478,458.73,121.44,25.30,54.59,1,1,-1,-1
46,472,1274.57,175.50,175.01,64.99,1,4,-1,-1
46,465,869.25,98.18,29.33,32.79,1,10,-1,-1
46,463,88.02,328.24,223.15,90.22,1,4,-1,-1
46,460,1146.23,408.57,220.28,166.83,1,4,-1,-1
46,452,908.32,104.42,27.53,41.12,1,2,-1,-1
46,450,1087.47,764.00,53.95,138.37,1,1,-1,-1
46,445,1090.20,754.93,52.40,118.97,1,1,-1,-1
46,424,331.08,41.71,23.21,47.50,1,2,-1,-1
46,417,1498.50,635.44,63.96,110.02,1,2,-1,-1
46,393,288.87,40.10,23.31,44.72,1,2,-1,-1
46,355,1599.01,153.89,163.43,72.67,1,4,-1,-1
46,310,480.02,117.15,26.34,60.77,1,1,-1,-1
46,247,874.04,66.82,22.47,33.99,1,10,-1,-1
46,209,1458.50,685.09,133.36,71.75,1,3,-1,-1
47,484,356.38,47.84,19.76,46.68,1,2,-1,-1
47,465,868.23,100.37,29.27,33.14,1,10,-1,-1
47,460,1141.59,422.80,224.60,172.32,1,4,-1,-1
47,450,1101.22,792.97,52.94,136.59,1,1,-1,-1
47,445,1094.49,771.79,54.56,123.69,1,1,-1,-1
47,424,328.76,43.74,23.14,47.33,1,2,-1,-1
47,417,1517.11,651.51,66.97,110.13,1,2,-1,-1
47,393,286.37,41.99,22.98,44.85,1,2,-1,-1
47,355,1589.44,158.29,164.56,72.77,1,4,-1,-1
47,247,873.61,70.36,22.49,34.08,1,10,-1,-1
47,209,1477.20,702.20,135.47,72.39,1,3,-1,-1
48,484,353.49,48.78,19.80,47.04,1,2,-1,-1
48,460,1137.21,437.28,228.98,178.31,1,4,-1,-1
48,445,1100.64,792.14,55.92,126.66,1,1,-1,-1
48,247,873.44,74.25,22.52,34.16,1,10,-1,-1
48,53,744.09,251.93,46.40,60.63,1,2,-1,-1
49,480,1471.60,339.22,148.40,120.76,1,4,-1,-1
49,460,1132.96,451.76,233.32,184.62,1,4,-1,-1
49,388,299.67,51.18,22.97,47.44,1,2,-1,-1
49,247,873.36,78.26,22.54,34.22,1,10,-1,-1
49,101,1446.02,42.56,27.65,42.53,1,1,-1,-1
49,53,730.94,255.84,46.29,60.45,1,2,-1,-1
50,483,695.23,289.69,66.89,44.55,1,10,-1,-1
50,480,1467.81,349.46,152.09,125.75,1,4,-1,-1
50,472,1204.11,189.70,187.71,70.59,1,4,-1,-1
50,460,1117.39,490.29,204.02,164.36,1,4,-1,-1
50,388,295.61,48.94,22.97,47.29,1,2,-1,-1
51,526,1350.64,63.42,18.21,42.56,1,1,-1,-1
51,524,658.69,198.13,194.13,75.44,1,4,-1,-1
51,480,1462.68,359.43,154.31,129.83,1,4,-1,-1
51,472,1186.27,193.38,191.17,72.01,1,4,-1,-1
51,460,1102.84,501.53,221.53,181.81,1,4,-1,-1
51,355,1532.71,174.62,166.78,76.45,1,4,-1,-1
51,209,1527.89,769.09,141.62,78.00,1,3,-1,-1
52,526,1349.57,64.74,18.53,45.47,1,1,-1,-1
52,524,632.63,203.18,198.70,77.42,1,4,-1,-1
52,498,579.19,311.29,236.00,103.50,1,4,-1,-1
52,472,1178.44,210.03,167.20,63.00,1,4,-1,-1
52,460,1082.22,516.89,234.95,196.61,1,4,-1,-1
52,445,1129.29,881.27,57.89,130.87,1,1,-1,-1
52,355,1505.90,176.11,166.88,77.40,1,4,-1,-1
52,209,1537.29,785.41,142.53,80.28,1,3,-1,-1
53,556,1224.49,1.85,83.69,60.57,1,4,-1,-1
53,555,1142.96,947.03,78.21,132.14,1,1,-1,-1
53,526,1346.66,58.14,22.17,46.03,1,1,-1,-1
53,524,602.92,208.64,202.09,78.53,1,4,-1,-1
53,523,238.23,59.16,22.75,46.55,1,2,-1,-1
53,498,573.71,324.09,231.01,100.96,1,4,-1,-1
53,472,1161.36,208.84,178.31,67.47,1,4,-1,-1
53,425,477.76,397.13,279.19,110.07,1,4,-1,-1
53,209,1544.63,803.01,146.81,84.86,1,3,-1,-1
54,578,1044.02,552.14,253.61,227.38,1,4,-1,-1
54,576,1320.05,68.12,17.70,43.94,1,1,-1,-1
54,570,216.69,61.34,23.07,47.15,1,2,-1,-1
54,556,1216.69,1.53,78.01,56.00,1,4,-1,-1
54,555,1164.37,980.99,75.29,102.10,1,1,-1,-1
54,533,137.73,322.01,266.59,115.73,1,4,-1,-1
54,526,1350.74,51.22,22.39,42.21,1,1,-1,-1
54,524,580.53,213.79,205.24,79.57,1,4,-1,-1
54,523,231.29,61.71,22.09,46.58,1,2,-1,-1
54,498,574.06,334.43,228.84,99.68,1,4,-1,-1
54,472,1146.10,211.58,185.38,70.36,1,4,-1,-1
54,425,479.81,401.54,281.29,111.84,1,4,-1,-1
54,209,1567.10,824.91,146.67,85.26,1,3,-1,-1
55,586,540.16,315.17,76.48,46.45,1,10,-1,-1
55,578,1037.06,572.91,256.63,233.54,1,4,-1,-1
55,576,1322.80,70.39,17.54,44.91,1,1,-1,-1
55,570,210.51,64.19,23.04,47.10,1,2,-1,-1
55,556,1210.79,2.46,74.77,53.06,1,4,-1,-1
55,544,812.34,122.88,21.83,32.34,1,10,-1,-1
55,533,132.62,332.10,269.96,117.38,1,4,-1,-1
55,526,1347.90,59.36,24.04,49.71,1,1,-1,-1
55,523,225.54,64.72,21.30,46.48,1,2,-1,-1
55,498,576.22,343.85,228.48,99.48,1,4,-1,-1
55,480,1432.01,407.09,175.80,152.77,1,4,-1,-1
55,209,1609.84,830.26,128.20,89.07,1,3,-1,-1
56,603,846.42,37.94,58.00,64.21,1,4,-1,-1
56,602,796.51,97.04,23.00,35.00,1,2,-1,-1
56,600,361.28,168.30,28.47,64.92,1,1,-1,-1
56,598,254.39,260.26,242.23,98.47,1,4,-1,-1
56,586,515.68,323.24,79.13,46.58,1,10,-1,-1
56,578,1026.18,598.99,264.21,244.79,1,4,-1,-1
56,570,204.39,68.01,23.03,47.07,1,2,-1,-1
56,556,1214.17,14.67,69.24,48.92,1,4,-1,-1
56,533,129.21,342.36,271.73,118.97,1,4,-1,-1
56,526,1353.39,54.25,23.81,44.85,1,1,-1,-1
56,523,219.57,67.88,20.43,46.32,1,2,-1,-1
56,498,578.90,353.09,229.10,99.36,1,4,-1,-1
56,480,1434.48,421.86,177.94,157.54,1,4,-1,-1
56,355,1442.49,190.51,173.09,79.84,1,4,-1,-1
56,209,1648.42,848.14,114.67,93.09,1,3,-1,-1
57,616,1395.47,50.21,35.22,61.18,1,1,-1,-1
57,614,833.00,97.85,23.00,35.00,1,2,-1,-1
57,603,846.51,40.72,58.02,64.18,1,4,-1,-1
57,602,796.63,100.81,23.00,35.00,1,2,-1,-1
57,600,356.32,171.86,28.92,66.20,1,1,-1,-1
57,598,231.07,265.98,244.64,99.82,1,4,-1,-1
57,586,491.82,332.22,82.48,47.19,1,10,-1,-1
57,578,1014.15,626.94,273.67,258.36,1,4,-1,-1
57,570,197.60,71.37,23.02,47.05,1,2,-1,-1
57,533,98.19,346.99,303.24,133.23,1,4,-1,-1
57,526,1356.79,55.13,23.57,41.72,1,1,-1,-1
57,523,214.21,71.09,19.52,46.13,1,2,-1,-1
58,626,224.88,73.69,23.06,54.43,1,2,-1,-1
58,616,1395.89,57.06,32.03,55.41,1,1,-1,-1
58,614,829.10,100.84,23.00,35.00,1,2,-1,-1
58,603,845.86,42.97,58.04,64.15,1,4,-1,-1
58,602,793.02,104.04,23.00,35.00,1,2,-1,-1
58,600,350.60,174.95,29.66,67.98,1,1,-1,-1
58,599,322.24,172.18,26.86,71.97,1,1,-1,-1
58,598,200.00,273.14,250.18,102.91,1,4,-1,-1
58,586,468.15,341.96,85.95,47.60,1,10,-1,-1
58,570,191.29,74.54,23.02,47.04,1,2,-1,-1
58,569,168.18,83.96,23.02,47.79,1,2,-1,-1
58,533,107.69,356.43,298.06,130.91,1,4,-1,-1
58,526,1358.05,58.00,23.38,39.63,1,1,-1,-1
58,523,208.42,74.30,18.57,45.91,1,2,-1,-1
58,472,1088.99,232.90,197.27,75.40,1,4,-1,-1
59,642,1769.29,942.47,84.72,73.06,1,3,-1,-1
59,639,140.89,81.85,22.00,45.00,1,2,-1,-1
59,615,1275.47,65.09,23.54,45.77,1,1,-1,-1
59,614,824.22,104.60,23.00,35.00,1,2,-1,-1
59,602,788.29,107.10,23.00,35.00,1,2,-1,-1
59,600,344.66,177.91,30.53,69.96,1,1,-1,-1
59,598,167.20,281.14,256.23,106.41,1,4,-1,-1
59,586,434.21,357.92,80.07,43.59,1,10,-1,-1
59,570,185.17,78.33,23.01,47.03,1,2,-1,-1
59,569,165.80,83.98,20.14,41.35,1,2,-1,-1
59,526,1359.15,61.45,23.24,38.21,1,1,-1,-1
59,523,203.13,77.50,17.59,45.67,1,2,-1,-1
59,472,1071.83,239.21,201.15,77.33,1,4,-1,-1
59,463,20.69,463.53,271.91,113.70,1,4,-1,-1
60,615,1275.03,67.90,23.47,46.01,1,1,-1,-1
60,614,819.10,108.59,23.00,35.00,1,2,-1,-1
60,602,783.23,110.11,23.00,35.00,1,2,-1,-1
60,600,333.95,181.25,31.78,71.85,1,1,-1,-1
60,570,184.20,81.65,20.98,46.34,1,2,-1,-1
60,523,201.83,82.29,18.97,48.22,1,2,-1,-1
60,472,1054.20,245.56,205.49,79.59,1,4,-1,-1
60,463,19.34,477.37,274.66,115.83,1,4,-1,-1
60,355,1399.20,211.32,186.74,81.59,1,4,-1,-1
61,662,1320.85,88.00,17.00,47.00,1,2,-1,-1
61,614,813.95,112.62,23.00,35.00,1,2,-1,-1
61,600,319.20,186.89,32.54,72.84,1,1,-1,-1
61,570,185.14,86.61,21.45,48.48,1,2,-1,-1
61,523,192.92,74.78,18.89,48.49,1,2,-1,-1
61,472,1036.37,252.35,210.05,81.81,1,4,-1,-1
61,355,1384.00,216.45,189.45,82.53,1,4,-1,-1
62,662,1317.06,91.00,17.00,47.00,1,2,-1,-1
62,617,1571.99,256.51,202.01,91.36,1,4,-1,-1
62,614,809.49,116.67,23.00,35.00,1,2,-1,-1
62,533,104.14,394.43,302.64,130.03,1,4,-1,-1
62,472,1015.94,259.32,213.87,83.95,1,4,-1,-1
62,355,1366.73,221.09,191.99,83.77,1,4,-1,-1
63,685,1177.93,17.20,73.52,49.13,1,4,-1,-1
63,684,1211.41,417.43,179.18,127.15,1,7,-1,-1
63,662,1313.85,94.00,17.00,47.00,1,2,-1,-1
63,639,109.77,102.58,28.46,58.79,1,2,-1,-1
63,617,1556.35,262.42,204.99,92.81,1,4,-1,-1
63,614,801.91,120.72,23.00,35.00,1,2,-1,-1
63,533,97.59,407.93,305.27,130.83,1,4,-1,-1
63,526,1346.63,71.52,23.00,35.92,1,1,-1,-1
63,355,1349.36,226.14,194.40,85.21,1,4,-1,-1
64,685,1171.88,18.15,74.23,49.27,1,4,-1,-1
64,684,1226.27,426.53,180.45,128.93,1,7,-1,-1
64,674,1310.38,100.29,14.02,35.38,1,1,-1,-1
64,662,1309.38,96.29,17.00,47.00,1,2,-1,-1
64,614,793.22,124.76,23.00,35.00,1,2,-1,-1
64,533,89.47,423.26,307.97,131.67,1,4,-1,-1
64,526,1341.54,73.79,22.97,35.62,1,1,-1,-1
64,355,1331.34,230.65,196.72,86.81,1,4,-1,-1
65,714,344.13,290.68,253.71,98.45,1,4,-1,-1
65,693,1375.12,75.81,28.00,48.00,1,1,-1,-1
65,684,1243.42,439.19,176.42,126.59,1,7,-1,-1
65,674,1306.80,88.06,18.62,46.24,1,1,-1,-1
65,662,1301.10,100.89,16.81,44.69,1,2,-1,-1
65,614,784.81,129.46,23.00,35.00,1,2,-1,-1
65,533,80.75,439.26,310.71,132.53,1,4,-1,-1
65,526,1336.35,76.65,22.96,35.41,1,1,-1,-1
65,498,603.24,440.69,249.34,112.54,1,4,-1,-1
65,355,1310.14,218.93,228.40,101.60,1,4,-1,-1
66,724,5.05,434.59,428.44,182.32,1,4,-1,-1
66,717,112.13,107.30,22.40,50.15,1,2,-1,-1
66,714,318.20,299.73,259.50,100.41,1,4,-1,-1
66,693,1371.38,78.04,28.00,48.00,1,1,-1,-1
66,684,1261.11,447.61,181.07,129.99,1,7,-1,-1
66,683,774.81,153.51,24.00,35.00,1,10,-1,-1
66,674,1304.92,85.11,15.42,39.54,1,1,-1,-1
66,662,1294.21,105.48,16.71,43.22,1,2,-1,-1
66,614,776.54,133.73,23.00,35.00,1,2,-1,-1
66,533,71.96,455.65,313.84,133.73,1,4,-1,-1
66,526,1331.14,79.06,22.95,35.26,1,1,-1,-1
66,498,604.56,451.79,255.58,116.86,1,4,-1,-1
66,355,1289.40,232.68,222.84,99.91,1,4,-1,-1
67,732,783.82,67.97,69.32,64.06,1,4,-1,-1
67,728,1428.40,617.60,236.49,275.07,1,4,-1,-1
67,707,1429.35,640.75,201.04,232.01,1,4,-1,-1
67,693,1368.27,80.82,28.00,48.00,1,1,-1,-1
67,684,1280.38,456.91,185.05,132.86,1,7,-1,-1
67,617,1501.00,286.68,211.39,101.43,1,4,-1,-1
67,614,769.00,137.84,23.00,35.00,1,2,-1,-1
67,526,1325.94,81.93,22.94,35.16,1,1,-1,-1
67,498,606.15,462.88,261.42,121.07,1,4,-1,-1
67,355,1272.21,242.38,219.27,99.18,1,4,-1,-1
68,744,1273.36,121.16,15.13,38.07,1,1,-1,-1
68,728,1432.75,655.22,227.11,270.10,1,4,-1,-1
68,684,1300.36,466.52,189.02,135.48,1,7,-1,-1
68,617,1489.37,293.05,213.65,102.60,1,4,-1,-1
68,614,761.75,141.89,23.00,35.00,1,2,-1,-1
68,526,1322.06,84.31,22.94,35.09,1,1,-1,-1
68,355,1256.19,250.34,217.49,99.18,1,4,-1,-1
69,728,1438.06,688.67,224.55,273.48,1,4,-1,-1
69,684,1331.51,490.61,189.41,135.75,1,7,-1,-1
69,617,1478.33,299.63,216.04,103.42,1,4,-1,-1
69,614,754.61,146.58,23.00,35.00,1,2,-1,-1
69,355,1239.67,257.50,217.02,99.72,1,4,-1,-1
70,762,714.73,156.99,19.63,30.08,1,2,-1,-1
70,751,185.37,246.37,31.87,81.47,1,1,-1,-1
70,714,198.06,335.80,270.41,104.50,1,4,-1,-1
70,684,1345.06,492.07,193.96,139.04,1,7,-1,-1
70,617,1466.98,306.35,218.85,104.00,1,4,-1,-1
70,614,747.53,150.84,23.00,35.00,1,2,-1,-1
71,777,1202.49,100.30,21.52,42.90,1,1,-1,-1
71,771,39.64,126.85,22.00,53.00,1,2,-1,-1
71,751,171.90,252.94,31.89,82.35,1,1,-1,-1
71,714,164.35,345.93,279.37,108.13,1,4,-1,-1
71,685,1128.17,29.05,81.53,49.79,1,4,-1,-1
71,684,1362.69,498.64,198.30,141.94,1,7,-1,-1
71,472,817.68,331.57,237.04,99.73,1,4,-1,-1
72,774,564.11,649.06,367.80,173.35,1,4,-1,-1
72,771,23.95,132.40,22.00,53.00,1,2,-1,-1
72,751,157.88,259.56,31.84,82.78,1,1,-1,-1
72,714,129.89,355.33,287.18,111.46,1,4,-1,-1
72,685,1122.87,31.33,81.92,49.73,1,4,-1,-1
72,684,1381.68,507.22,202.20,144.53,1,7,-1,-1
72,526,1309.60,90.76,25.40,38.60,1,1,-1,-1
72,472,793.32,340.47,240.15,101.09,1,4,-1,-1
73,792,1257.13,120.69,21.84,53.62,1,1,-1,-1
73,774,576.31,666.82,374.76,176.71,1,4,-1,-1
73,714,95.91,364.97,293.81,114.28,1,4,-1,-1
73,685,1117.72,34.13,82.18,49.67,1,4,-1,-1
73,526,1307.96,94.03,24.73,37.59,1,1,-1,-1
73,472,769.22,349.61,243.53,102.63,1,4,-1,-1
74,801,678.37,189.07,28.00,49.76,1,10,-1,-1
74,800,41.20,561.93,374.49,161.04,1,4,-1,-1
74,792,1255.25,124.52,22.41,53.96,1,1,-1,-1
74,774,588.42,684.19,381.86,180.31,1,4,-1,-1
74,714,70.63,374.94,294.29,116.44,1,4,-1,-1
74,685,1115.91,35.96,82.42,49.93,1,4,-1,-1
74,617,1423.22,343.16,221.43,105.98,1,4,-1,-1
74,614,719.99,170.58,23.00,35.00,1,2,-1,-1
74,526,1306.22,97.35,24.24,36.86,1,1,-1,-1
74,472,744.86,359.64,247.71,104.61,1,4,-1,-1
75,810,718.52,201.56,28.42,39.17,1,10,-1,-1
75,714,49.70,385.06,290.94,118.29,1,4,-1,-1
75,617,1411.52,349.66,227.98,109.79,1,4,-1,-1
75,614,717.13,174.96,23.00,35.00,1,2,-1,-1
75,526,1305.06,100.65,23.89,36.34,1,1,-1,-1
75,498,668.40,561.04,305.84,153.99,1,4,-1,-1
75,472,728.51,369.08,227.55,96.15,1,4,-1,-1
76,815,1257.85,151.85,17.00,41.00,1,1,-1,-1
76,810,717.32,206.42,28.43,39.19,1,10,-1,-1
76,751,109.39,288.44,31.77,85.87,1,1,-1,-1
76,732,728.49,90.87,79.45,74.63,1,4,-1,-1
76,714,31.45,395.26,284.67,119.95,1,4,-1,-1
76,617,1402.08,357.83,232.62,112.39,1,4,-1,-1
76,614,715.60,179.75,23.00,35.00,1,2,-1,-1
76,526,1306.72,103.23,23.64,35.96,1,1,-1,-1
76,498,683.16,573.70,304.67,155.64,1,4,-1,-1
77,816,1270.37,134.13,17.00,47.00,1,2,-1,-1
77,815,1254.20,140.98,20.73,49.30,1,1,-1,-1
77,810,710.47,214.17,24.78,34.37,1,10,-1,-1
77,732,727.21,93.96,79.98,75.62,1,4,-1,-1
77,714,13.98,405.51,276.39,121.51,1,4,-1,-1
77,617,1393.77,366.62,236.03,113.91,1,4,-1,-1
77,614,714.56,184.04,23.00,35.00,1,2,-1,-1
77,526,1310.07,106.18,23.45,35.68,1,1,-1,-1
77,498,698.35,586.85,304.77,157.68,1,4,-1,-1
78,816,1272.12,137.92,17.00,47.00,1,2,-1,-1
78,815,1254.39,140.03,22.36,52.70,1,1,-1,-1
78,810,710.76,219.18,19.47,26.71,1,10,-1,-1
78,800,59.45,623.75,401.33,177.78,1,4,-1,-1
78,794,1362.20,106.66,28.54,56.98,1,1,-1,-1
78,774,643.33,756.58,409.62,193.15,1,4,-1,-1
78,732,726.20,97.51,80.29,76.28,1,4,-1,-1
78,714,-2.72,415.77,267.02,123.05,1,4,-1,-1
78,685,1106.96,32.69,75.72,47.53,1,4,-1,-1
78,617,1386.01,376.00,238.67,114.96,1,4,-1,-1
78,614,713.70,188.79,23.00,35.00,1,2,-1,-1
78,526,1313.39,109.25,23.32,35.47,1,1,-1,-1
79,822,41.58,308.87,44.82,96.44,1,1,-1,-1
79,816,1274.18,141.87,17.00,47.00,1,2,-1,-1
79,815,1255.81,141.62,23.17,54.27,1,1,-1,-1
79,810,706.37,223.73,18.68,25.67,1,10,-1,-1
79,794,1365.65,109.87,28.45,57.13,1,1,-1,-1
79,732,725.79,101.29,80.15,76.67,1,4,-1,-1
79,685,1102.64,24.87,88.76,56.49,1,4,-1,-1
79,684,1575.81,584.60,227.43,180.71,1,7,-1,-1
79,617,1378.75,385.66,241.08,115.70,1,4,-1,-1
79,614,712.88,193.71,23.00,35.00,1,2,-1,-1
80,838,16.54,834.35,387.04,188.18,1,4,-1,-1
80,822,31.56,316.84,45.47,96.37,1,1,-1,-1
80,816,1275.59,145.87,17.00,47.00,1,2,-1,-1
80,815,1256.97,144.84,23.59,55.01,1,1,-1,-1
80,794,1369.59,113.59,28.39,57.22,1,1,-1,-1
80,732,724.39,103.82,80.94,77.01,1,4,-1,-1
80,685,1111.77,37.61,86.86,55.98,1,4,-1,-1
80,684,1611.46,596.26,216.00,176.42,1,7,-1,-1
80,617,1368.62,395.52,244.94,117.41,1,4,-1,-1
80,614,710.29,198.04,23.29,35.03,1,2,-1,-1
81,838,19.71,854.16,397.49,191.76,1,4,-1,-1
81,831,662.10,197.40,24.78,34.97,1,2,-1,-1
81,822,21.43,324.90,45.86,96.19,1,1,-1,-1
81,816,1277.45,149.89,17.00,47.00,1,2,-1,-1
81,815,1258.74,147.97,23.81,55.34,1,1,-1,-1
81,801,662.26,219.00,32.56,52.70,1,10,-1,-1
81,794,1373.00,116.84,28.34,57.28,1,1,-1,-1
81,684,1646.87,609.74,206.74,173.53,1,7,-1,-1
81,617,1357.80,405.94,249.83,119.83,1,4,-1,-1
81,614,706.97,202.78,23.78,35.07,1,2,-1,-1
82,844,495.35,445.82,348.43,154.61,1,4,-1,-1
82,824,1020.10,354.55,261.13,132.68,1,4,-1,-1
82,822,11.30,333.00,46.10,95.99,1,1,-1,-1
82,816,1279.46,153.90,17.00,47.00,1,2,-1,-1
82,815,1260.72,151.77,23.92,55.45,1,1,-1,-1
82,801,658.37,224.19,32.96,52.94,1,10,-1,-1
82,800,93.73,689.06,423.37,198.58,1,4,-1,-1
82,617,1346.40,416.28,255.10,122.45,1,4,-1,-1
83,861,1728.99,642.30,171.86,159.34,1,7,-1,-1
83,844,467.78,457.70,344.27,154.35,1,4,-1,-1
83,824,1006.48,364.04,261.71,134.67,1,4,-1,-1
83,816,1281.51,157.92,17.00,47.00,1,2,-1,-1
83,815,1262.79,155.80,23.95,55.45,1,1,-1,-1
83,801,654.32,229.26,33.22,53.07,1,10,-1,-1
83,800,102.84,705.27,428.22,204.25,1,4,-1,-1
83,617,1334.87,426.72,260.98,125.50,1,4,-1,-1
84,861,1728.36,643.31,183.23,171.38,1,7,-1,-1
84,824,982.31,373.43,263.11,136.99,1,4,-1,-1
84,816,1282.22,162.60,17.00,47.00,1,2,-1,-1
84,815,1261.53,159.93,23.95,55.38,1,1,-1,-1
84,801,643.95,238.49,36.01,57.31,1,10,-1,-1
84,800,106.78,717.30,432.99,209.69,1,4,-1,-1
84,732,704.63,114.66,86.50,78.55,1,4,-1,-1
84,617,1317.76,438.74,265.75,128.23,1,4,-1,-1
85,867,1107.85,18.85,23.00,41.00,1,1,-1,-1
85,861,1708.86,626.28,228.00,213.54,1,7,-1,-1
85,800,94.91,736.39,437.71,214.98,1,4,-1,-1
86,871,1209.66,444.11,288.71,143.24,1,4,-1,-1
86,864,797.60,905.37,402.71,157.30,1,4,-1,-1
86,861,1707.61,637.86,219.85,205.27,1,7,-1,-1
87,875,1009.79,61.40,88.07,54.69,1,4,-1,-1
87,871,1158.53,448.80,288.62,144.91,1,4,-1,-1
87,864,739.19,897.69,497.78,185.24,1,4,-1,-1
87,861,1702.73,636.22,216.85,200.63,1,7,-1,-1
88,875,991.36,56.26,72.32,44.60,1,4,-1,-1
88,871,1107.50,453.60,289.09,146.86,1,4,-1,-1
88,824,771.77,405.32,272.63,148.72,1,4,-1,-1
89,875,940.85,62.70,80.33,49.25,1,4,-1,-1
89,871,1055.84,457.78,289.91,149.03,1,4,-1,-1
89,824,715.56,413.12,275.05,151.88,1,4,-1,-1
89,800,16.31,827.42,456.97,235.18,1,4,-1,-1
90,910,731.71,728.70,340.48,207.50,1,4,-1,-1
90,875,898.16,65.20,84.81,51.79,1,4,-1,-1
90,824,659.39,421.20,277.66,155.27,1,4,-1,-1
91,910,718.55,737.78,342.78,210.32,1,4,-1,-1
91,864,794.98,936.92,437.70,137.71,1,4,-1,-1
91,824,603.93,431.51,280.44,159.13,1,4,-1,-1
92,943,377.47,150.54,101.04,79.40,1,4,-1,-1
92,910,740.54,770.62,294.04,181.19,1,4,-1,-1
92,864,805.58,944.03,429.48,128.97,1,4,-1,-1
92,824,548.82,442.58,283.30,163.31,1,4,-1,-1
93,910,728.24,761.20,313.85,194.03,1,4,-1,-1
93,871,877.53,483.88,296.51,158.28,1,4,-1,-1
93,824,494.08,453.85,286.51,167.74,1,4,-1,-1
94,961,1683.93,480.27,69.15,92.52,1,2,-1,-1
94,917,1657.84,585.71,213.07,173.87,1,7,-1,-1
94,871,837.05,491.74,298.25,160.36,1,4,-1,-1
94,824,439.31,465.16,289.64,172.34,1,4,-1,-1
95,977,1596.15,501.00,140.00,75.00,1,10,-1,-1
95,961,1648.97,476.89,69.06,92.30,1,2,-1,-1
95,917,1650.57,577.65,209.51,170.11,1,7,-1,-1
95,871,807.00,505.79,282.33,152.85,1,4,-1,-1
96,977,1561.94,497.00,140.00,75.00,1,10,-1,-1
96,961,1613.99,473.82,69.02,92.19,1,2,-1,-1
96,943,248.99,164.76,108.72,81.09,1,4,-1,-1
96,875,698.06,68.93,91.09,55.18,1,4,-1,-1
97,1003,1570.66,207.92,184.43,84.91,1,4,-1,-1
97,999,795.73,920.11,484.54,141.99,1,4,-1,-1
97,977,1527.89,493.00,140.00,75.00,1,10,-1,-1
97,943,214.52,168.01,112.25,83.44,1,4,-1,-1
97,910,706.63,754.49,336.64,209.29,1,4,-1,-1
98,1003,1533.51,205.07,184.79,85.02,1,4,-1,-1
98,999,795.03,915.17,492.93,146.47,1,4,-1,-1
98,977,1493.18,489.00,140.00,75.00,1,10,-1,-1
98,968,13.04,911.47,464.34,160.16,1,4,-1,-1
98,943,179.12,171.35,116.45,86.43,1,4,-1,-1
98,910,699.87,750.52,338.71,210.75,1,4,-1,-1
98,824,223.28,497.67,312.41,197.41,1,4,-1,-1
99,1028,1555.76,266.00,178.86,114.94,1,5,-1,-1
99,999,794.68,910.33,501.38,151.08,1,4,-1,-1
99,977,1458.94,485.00,140.00,75.00,1,10,-1,-1
99,968,13.04,913.20,468.98,157.53,1,4,-1,-1
99,917,1597.60,536.98,224.58,185.11,1,7,-1,-1
99,910,693.29,746.69,340.01,211.68,1,4,-1,-1
99,871,624.77,527.50,309.01,172.46,1,4,-1,-1
99,824,165.99,516.15,312.72,200.77,1,4,-1,-1
100,1028,1512.14,263.97,182.12,117.60,1,5,-1,-1
100,977,1424.87,481.00,140.00,75.00,1,10,-1,-1
100,968,13.31,913.81,473.42,155.58,1,4,-1,-1
100,910,686.88,743.01,340.83,212.28,1,4,-1,-1
100,871,578.44,532.63,315.13,177.62,1,4,-1,-1
101,1028,1470.41,261.86,182.71,118.85,1,5,-1,-1
101,968,-20.08,900.39,530.35,171.07,1,4,-1,-1
101,910,680.61,739.48,341.34,212.66,1,4,-1,-1
101,871,532.14,537.63,320.89,182.70,1,4,-1,-1
102,1051,530.32,71.92,94.35,55.38,1,4,-1,-1
102,1028,1429.51,260.52,182.56,119.66,1,5,-1,-1
102,1016,1013.59,419.69,228.72,119.10,1,4,-1,-1
102,1003,1399.03,200.26,169.15,78.77,1,4,-1,-1
102,968,-7.35,906.83,518.65,164.56,1,4,-1,-1
102,961,1397.60,451.60,72.67,96.85,1,2,-1,-1
102,943,34.43,181.19,126.38,95.61,1,4,-1,-1
102,871,486.55,543.25,326.41,187.76,1,4,-1,-1
103,1051,500.56,72.63,95.65,55.56,1,4,-1,-1
103,1028,1403.24,257.50,191.73,126.34,1,5,-1,-1
103,1016,976.24,415.51,273.28,144.81,1,4,-1,-1
103,968,0.40,910.66,511.52,159.83,1,4,-1,-1
103,961,1381.47,450.70,71.89,95.73,1,2,-1,-1
103,943,9.25,186.66,127.05,95.88,1,4,-1,-1
103,871,440.62,558.16,354.04,205.45,1,4,-1,-1
104,1064,17.16,348.64,48.76,49.67,1,10,-1,-1
104,1028,1388.68,262.06,187.82,124.25,1,5,-1,-1
104,1016,951.79,418.44,258.54,140.14,1,4,-1,-1
104,977,1332.56,467.35,136.66,81.34,1,10,-1,-1
104,968,17.83,909.82,506.26,158.48,1,4,-1,-1
104,961,1361.59,449.33,71.37,94.98,1,2,-1,-1
105,1089,1599.15,479.81,172.63,160.27,1,7,-1,-1
105,1064,6.88,333.81,48.49,56.66,1,10,-1,-1
105,1028,1376.22,266.78,184.99,122.73,1,5,-1,-1
105,1016,935.80,424.18,248.43,136.91,1,4,-1,-1
105,977,1320.04,468.85,137.23,79.41,1,10,-1,-1
105,968,38.69,906.76,502.63,159.39,1,4,-1,-1
106,1092,975.05,844.47,390.48,208.21,1,4,-1,-1
106,1089,1612.29,473.54,170.25,159.56,1,7,-1,-1
106,1028,1364.17,270.78,182.89,121.59,1,5,-1,-1
106,1016,922.83,430.73,241.36,134.63,1,4,-1,-1
106,977,1311.00,470.47,137.65,78.11,1,10,-1,-1
106,968,60.64,903.01,499.85,161.54,1,4,-1,-1
107,1101,670.00,185.96,23.00,47.00,1,2,-1,-1
107,1097,1712.35,214.37,143.31,80.26,1,4,-1,-1
107,1092,1000.26,833.70,382.46,214.81,1,4,-1,-1
107,1089,1626.26,467.57,167.63,158.63,1,7,-1,-1
107,1086,638.92,191.05,25.01,58.26,1,1,-1,-1
107,1028,1352.01,274.43,181.29,120.71,1,5,-1,-1
107,1016,910.41,438.08,236.37,133.02,1,4,-1,-1
107,977,1302.55,472.05,137.96,77.20,1,10,-1,-1
107,968,85.94,905.15,485.44,161.14,1,4,-1,-1
107,871,348.89,568.44,352.40,208.82,1,4,-1,-1
108,1109,752.89,696.74,320.12,208.64,1,4,-1,-1
108,1103,789.87,128.87,29.00,59.00,1,1,-1,-1
108,1101,669.00,185.19,23.00,47.00,1,2,-1,-1
108,1097,1703.23,215.44,143.54,81.12,1,4,-1,-1
108,1092,1024.76,823.78,377.76,220.35,1,4,-1,-1
108,1090,1733.20,147.47,119.22,71.78,1,4,-1,-1
108,1086,637.45,188.71,25.03,61.43,1,1,-1,-1
108,1028,1339.60,278.57,180.04,120.02,1,5,-1,-1
108,1016,897.77,444.94,232.80,131.87,1,4,-1,-1
108,977,1294.92,473.53,138.20,76.56,1,10,-1,-1
108,871,324.23,576.24,353.80,211.14,1,4,-1,-1
109,1119,1344.16,124.90,117.52,65.11,1,4,-1,-1
109,1109,782.02,715.11,293.40,192.82,1,4,-1,-1
109,1101,668.00,184.96,23.00,47.00,1,2,-1,-1
109,1092,1048.80,814.84,374.55,224.66,1,4,-1,-1
109,1090,1731.33,148.16,118.74,72.04,1,4,-1,-1
109,1086,636.66,187.49,24.89,63.42,1,1,-1,-1
109,1028,1327.73,282.52,179.48,120.11,1,5,-1,-1
109,1016,884.73,451.53,230.23,131.03,1,4,-1,-1
109,871,298.39,584.70,356.29,214.24,1,4,-1,-1
110,1126,4.85,349.00,53.00,47.00,1,10,-1,-1
110,1119,1345.77,125.95,117.31,65.04,1,4,-1,-1
110,1117,505.06,184.12,23.00,47.00,1,1,-1,-1
110,1116,491.82,77.07,97.35,57.80,1,4,-1,-1
110,1109,793.99,693.90,299.20,198.50,1,4,-1,-1
110,1092,1072.40,805.90,372.40,228.35,1,4,-1,-1
110,1090,1730.26,149.73,118.41,72.23,1,4,-1,-1
110,1086,636.04,186.81,24.71,64.70,1,1,-1,-1
110,1028,1316.57,286.75,179.33,120.44,1,5,-1,-1
110,1016,871.31,457.96,228.36,130.43,1,4,-1,-1
110,871,292.77,591.33,335.45,203.49,1,4,-1,-1
111,1134,1320.89,458.42,70.81,94.22,1,2,-1,-1
111,1133,1313.00,189.85,176.00,85.00,1,4,-1,-1
111,1119,1346.97,126.97,117.19,65.01,1,4,-1,-1
111,1118,1322.36,96.48,117.28,51.12,1,4,-1,-1
111,1117,501.05,184.09,23.00,47.00,1,1,-1,-1
111,1109,807.24,683.79,301.18,200.98,1,4,-1,-1
111,1092,1095.79,797.59,370.72,231.19,1,4,-1,-1
111,1090,1729.44,151.60,118.20,72.37,1,4,-1,-1
111,1028,1305.52,290.55,179.52,121.24,1,5,-1,-1
111,1016,857.58,464.94,227.00,129.98,1,4,-1,-1
112,1141,732.09,140.03,23.12,37.99,1,3,-1,-1
112,1134,1311.81,460.61,70.81,94.17,1,2,-1,-1
112,1133,1306.27,190.78,176.34,85.46,1,4,-1,-1
112,1119,1348.20,127.95,117.51,65.06,1,4,-1,-1
112,1118,1323.89,97.15,116.93,51.50,1,4,-1,-1
112,1109,795.41,648.29,329.91,220.99,1,4,-1,-1
112,1103,788.83,130.87,29.00,59.00,1,1,-1,-1
112,1092,1119.46,789.84,369.15,233.66,1,4,-1,-1
112,1090,1728.71,153.42,117.95,72.15,1,4,-1,-1
112,1028,1294.40,294.76,179.94,122.37,1,5,-1,-1
112,977,1275.33,480.56,117.39,74.04,1,10,-1,-1
113,1147,220.33,860.48,481.22,205.19,1,4,-1,-1
113,1141,731.84,141.17,23.20,38.48,1,3,-1,-1
113,1134,1302.79,463.41,70.76,94.08,1,2,-1,-1
113,1133,1299.87,192.68,176.72,86.13,1,4,-1,-1
113,1119,1349.75,128.97,117.34,65.03,1,4,-1,-1
113,1109,821.73,659.64,320.33,214.96,1,4,-1,-1
113,1104,1286.07,91.93,28.00,48.00,1,1,-1,-1
113,1103,788.16,131.12,29.00,59.00,1,1,-1,-1
113,1092,1143.61,781.55,366.85,235.43,1,4,-1,-1
113,1090,1727.94,155.44,117.79,72.01,1,4,-1,-1
113,1028,1283.17,298.41,180.52,123.75,1,5,-1,-1
113,977,1263.62,483.43,121.67,74.29,1,10,-1,-1
114,1147,241.11,855.15,480.66,209.85,1,4,-1,-1
114,1141,731.05,142.15,23.21,38.74,1,3,-1,-1
114,1134,1293.78,465.68,70.70,93.98,1,2,-1,-1
114,1119,1342.12,127.40,104.06,57.82,1,4,-1,-1
114,1109,842.21,662.86,313.63,210.66,1,4,-1,-1
114,1103,787.92,131.86,29.00,59.00,1,1,-1,-1
114,1092,1168.03,773.17,364.09,236.72,1,4,-1,-1
114,1028,1271.86,302.28,181.17,125.00,1,5,-1,-1
114,977,1253.45,485.83,124.09,74.42,1,10,-1,-1
114,871,156.68,634.97,371.00,234.70,1,4,-1,-1
115,1166,631.81,189.50,23.85,63.20,1,1,-1,-1
115,1164,660.63,185.82,23.71,48.44,1,2,-1,-1
115,1152,0.02,189.20,122.06,92.94,1,4,-1,-1
115,1148,1737.64,441.28,154.57,146.37,1,7,-1,-1
115,1147,262.72,850.46,479.19,214.69,1,4,-1,-1
115,1134,1284.79,468.48,70.64,93.88,1,2,-1,-1
115,1119,1346.53,127.34,105.77,58.85,1,4,-1,-1
115,1109,859.98,662.62,308.39,207.09,1,4,-1,-1
115,1103,787.85,132.79,29.00,59.00,1,1,-1,-1
115,1092,1193.14,765.32,360.60,237.32,1,4,-1,-1
115,1016,793.10,477.27,242.91,146.14,1,4,-1,-1
115,977,1244.31,488.70,125.54,74.48,1,10,-1,-1
115,871,125.48,647.72,374.18,241.05,1,4,-1,-1
116,1171,484.84,80.98,97.32,59.99,1,4,-1,-1
116,1164,657.37,188.68,24.08,49.48,1,2,-1,-1
116,1149,1847.90,124.81,39.00,29.00,1,10,-1,-1
116,1147,281.70,849.80,476.07,216.20,1,4,-1,-1
116,1134,1283.61,487.64,65.25,86.80,1,2,-1,-1
116,1118,1328.12,98.69,116.81,53.77,1,4,-1,-1
116,1109,869.39,663.53,327.74,219.57,1,4,-1,-1
116,1103,787.17,133.11,29.00,59.00,1,1,-1,-1
116,1016,774.67,483.68,247.59,149.44,1,4,-1,-1
116,977,1235.23,493.04,126.58,74.53,1,10,-1,-1
116,871,93.78,660.95,377.31,247.55,1,4,-1,-1
117,1171,459.36,87.64,123.64,76.80,1,4,-1,-1
117,1163,518.00,35.15,23.00,41.00,1,1,-1,-1
117,1149,1846.13,126.06,39.00,29.00,1,10,-1,-1
117,1147,337.31,840.43,416.95,190.60,1,4,-1,-1
117,1118,1329.74,99.11,116.25,53.93,1,4,-1,-1
117,1109,886.22,661.31,318.51,213.10,1,4,-1,-1
117,1108,639.97,209.99,22.00,47.00,1,1,-1,-1
117,1104,1289.68,93.24,28.00,48.00,1,1,-1,-1
117,1016,755.44,490.80,252.27,152.07,1,4,-1,-1
117,871,62.18,673.69,379.82,254.15,1,4,-1,-1
118,1163,518.00,35.92,23.00,41.00,1,1,-1,-1
118,1149,1844.88,127.81,39.00,29.00,1,10,-1,-1
118,1147,338.94,852.62,433.34,197.93,1,4,-1,-1
118,1118,1331.01,99.39,115.95,54.37,1,4,-1,-1
118,1109,903.41,663.01,312.03,208.56,1,4,-1,-1
118,1108,636.69,213.02,22.00,47.00,1,1,-1,-1
118,1104,1290.70,93.90,28.00,48.00,1,1,-1,-1
118,1028,1221.40,321.32,188.06,134.29,1,5,-1,-1
118,1016,736.55,498.77,256.96,153.94,1,4,-1,-1
118,871,30.26,686.19,382.17,260.86,1,4,-1,-1
119,1197,1725.80,167.00,118.00,72.00,1,4,-1,-1
119,1196,1631.96,252.21,161.23,93.81,1,4,-1,-1
119,1195,1275.82,208.78,168.69,87.19,1,4,-1,-1
119,1187,1357.06,134.00,118.00,66.00,1,4,-1,-1
119,1166,620.00,198.11,23.31,64.50,1,1,-1,-1
119,1163,518.00,36.85,23.00,41.00,1,1,-1,-1
119,1149,1843.13,130.43,39.00,29.00,1,10,-1,-1
119,1147,348.31,857.86,443.06,201.46,1,4,-1,-1
119,1118,1332.13,99.58,115.80,54.98,1,4,-1,-1
119,1109,920.30,666.50,307.49,205.38,1,4,-1,-1
119,1108,633.54,216.09,22.00,47.00,1,1,-1,-1
119,1104,1291.73,96.11,28.00,48.00,1,1,-1,-1
119,1092,1295.10,749.50,345.81,237.00,1,4,-1,-1
119,1028,1207.98,326.52,190.49,137.27,1,5,-1,-1
119,1016,716.50,508.91,262.23,157.06,1,4,-1,-1
120,1197,1726.81,169.78,118.00,72.00,1,4,-1,-1
120,1196,1625.59,258.88,162.99,93.44,1,4,-1,-1
120,1195,1271.48,213.88,169.22,87.35,1,4,-1,-1
120,1163,517.31,37.16,23.00,41.00,1,1,-1,-1
120,1149,1841.87,133.35,39.00,29.00,1,10,-1,-1
120,1118,1333.22,100.19,115.64,55.41,1,4,-1,-1
120,1109,926.27,653.46,323.30,216.00,1,4,-1,-1
120,1108,629.80,218.52,22.00,47.00,1,1,-1,-1
120,1092,1322.10,747.43,342.32,237.12,1,4,-1,-1
120,1028,1194.41,331.85,193.12,140.54,1,5,-1,-1
120,977,1201.77,512.42,127.84,74.45,1,10,-1,-1
121,1215,633.29,207.66,31.28,70.14,1,1,-1,-1
121,1212,639.91,202.17,26.35,59.64,1,2,-1,-1
121,1211,1850.85,120.85,22.00,36.00,1,2,-1,-1
121,1204,728.04,149.20,23.19,41.47,1,3,-1,-1
121,1197,1728.58,172.76,118.00,72.00,1,4,-1,-1
121,1195,1265.34,219.11,171.81,88.59,1,4,-1,-1
121,1163,517.06,37.93,23.00,41.00,1,1,-1,-1
121,1152,-2.60,192.07,99.99,88.04,1,4,-1,-1
121,1118,1334.26,100.50,115.57,56.01,1,4,-1,-1
121,1109,946.19,665.02,315.94,210.96,1,4,-1,-1
121,1108,626.49,221.36,22.00,47.00,1,1,-1,-1
121,1028,1181.92,339.72,195.45,142.87,1,5,-1,-1
121,977,1191.69,521.00,128.63,74.83,1,10,-1,-1
122,1217,1217.76,511.42,70.48,94.87,1,2,-1,-1
122,1215,633.11,203.22,30.14,68.07,1,1,-1,-1
122,1212,637.98,205.60,27.24,60.31,1,2,-1,-1
122,1211,1850.06,124.06,22.00,36.00,1,2,-1,-1
122,1204,727.82,150.17,23.20,41.75,1,3,-1,-1
122,1197,1726.57,160.57,137.42,83.86,1,4,-1,-1
122,1195,1271.55,222.53,163.57,87.39,1,4,-1,-1
122,1163,516.98,38.85,23.00,41.00,1,1,-1,-1
122,1109,963.49,665.58,310.31,207.02,1,4,-1,-1
122,1108,622.70,224.34,22.00,47.00,1,1,-1,-1
122,1028,1170.34,348.71,197.33,144.52,1,5,-1,-1
122,977,1172.54,534.20,148.63,86.29,1,10,-1,-1
123,1219,402.27,873.02,455.79,194.26,1,4,-1,-1
123,1217,1209.29,519.41,70.19,95.69,1,2,-1,-1
123,1215,628.26,198.42,35.38,81.57,1,1,-1,-1
123,1212,633.38,207.59,27.65,62.65,1,2,-1,-1
123,1204,727.77,151.11,23.19,41.91,1,3,-1,-1
123,1197,1732.11,153.24,148.33,90.46,1,4,-1,-1
123,1187,1362.08,136.99,118.99,66.95,1,4,-1,-1
123,1163,516.95,39.17,23.00,41.00,1,1,-1,-1
123,1109,981.14,674.58,306.61,204.51,1,4,-1,-1
123,1028,1158.68,358.21,199.19,145.68,1,5,-1,-1
123,1016,634.78,555.30,285.25,173.81,1,4,-1,-1
123,977,1163.34,537.43,143.90,83.53,1,10,-1,-1
124,1227,784.96,137.96,29.00,59.00,1,1,-1,-1
124,1217,1200.48,526.73,70.05,96.61,1,2,-1,-1
124,1212,629.80,210.09,27.83,64.37,1,2,-1,-1
124,1204,727.05,152.23,23.23,42.37,1,3,-1,-1
124,1171,474.95,85.05,99.08,64.01,1,4,-1,-1
124,1109,972.11,660.62,334.97,223.32,1,4,-1,-1
124,1028,1147.45,367.98,200.77,146.49,1,5,-1,-1
124,977,1184.20,517.00,133.37,92.21,1,10,-1,-1
125,1235,1416.88,213.27,79.24,63.52,1,10,-1,-1
125,1227,784.15,139.13,29.08,59.46,1,1,-1,-1
125,1212,626.02,212.33,28.36,66.72,1,2,-1,-1
125,1204,726.81,153.20,23.24,42.67,1,3,-1,-1
125,1109,999.24,673.11,324.91,216.61,1,4,-1,-1
125,1028,1133.85,377.12,203.35,147.94,1,5,-1,-1
126,1236,1440.94,205.07,32.00,51.00,1,2,-1,-1
126,1235,1412.85,218.05,79.30,63.76,1,10,-1,-1
126,1227,783.13,141.03,29.17,60.12,1,1,-1,-1
126,1212,618.02,204.13,32.49,77.69,1,2,-1,-1
126,1211,1852.54,137.83,22.00,36.00,1,2,-1,-1
126,1204,727.18,160.58,19.64,36.12,1,3,-1,-1
126,1196,1596.00,293.25,189.46,110.20,1,4,-1,-1
126,1195,1238.82,264.36,162.42,62.51,1,4,-1,-1
126,1149,1841.70,153.20,39.25,29.02,1,10,-1,-1
126,1109,1006.29,664.84,363.26,242.10,1,4,-1,-1
126,1028,1119.82,386.56,206.64,149.86,1,5,-1,-1
127,1236,1435.36,208.01,32.43,51.20,1,2,-1,-1
127,1235,1407.39,223.43,68.90,55.59,1,10,-1,-1
127,1232,596.00,217.04,23.00,65.00,1,1,-1,-1
127,1227,782.79,143.12,29.25,60.90,1,1,-1,-1
127,1211,1853.58,141.08,22.00,36.00,1,2,-1,-1
127,1204,726.72,158.66,20.89,38.82,1,3,-1,-1
127,1196,1594.35,299.10,186.11,109.76,1,4,-1,-1
127,1195,1230.70,270.64,165.13,58.96,1,4,-1,-1
127,1149,1843.10,156.56,39.49,29.04,1,10,-1,-1
128,1236,1430.12,211.69,32.68,51.28,1,2,-1,-1
128,1235,1406.30,227.68,72.97,58.94,1,10,-1,-1
128,1232,593.00,219.10,23.00,65.00,1,1,-1,-1
128,1217,1157.96,560.96,69.72,101.14,1,2,-1,-1
128,1204,725.75,158.18,21.66,40.56,1,3,-1,-1
128,1196,1592.49,305.42,184.29,110.13,1,4,-1,-1
128,1195,1236.42,275.87,149.05,50.12,1,4,-1,-1
128,1171,471.69,88.20,97.60,64.43,1,4,-1,-1
129,1258,517.00,43.15,23.00,41.00,1,1,-1,-1
129,1242,1115.85,600.97,122.76,76.50,1,2,-1,-1
129,1236,1425.02,214.91,32.83,51.30,1,2,-1,-1
129,1217,1144.72,571.00,69.10,102.10,1,2,-1,-1
129,1204,725.30,158.36,22.15,41.72,1,3,-1,-1
129,1196,1590.82,312.00,183.15,111.30,1,4,-1,-1
129,1195,1247.90,286.97,130.05,42.68,1,4,-1,-1
129,1171,470.13,89.09,97.42,64.58,1,4,-1,-1
130,1258,517.00,43.94,23.00,41.00,1,1,-1,-1
130,1242,1107.17,617.65,124.09,75.70,1,2,-1,-1
130,1236,1419.97,218.68,32.93,51.29,1,2,-1,-1
130,1217,1131.63,581.57,68.64,102.78,1,2,-1,-1
130,1196,1588.28,318.21,183.51,113.69,1,4,-1,-1
130,1195,1224.34,285.08,149.93,49.00,1,4,-1,-1
130,1171,468.92,89.55,97.34,64.98,1,4,-1,-1
131,1259,1379.81,137.00,100.64,56.18,1,4,-1,-1
131,1258,517.00,44.89,23.00,41.00,1,1,-1,-1
131,1242,1096.36,632.63,125.58,76.37,1,2,-1,-1
131,1236,1416.31,221.26,32.98,51.27,1,2,-1,-1
131,1217,1120.56,593.88,68.34,103.59,1,2,-1,-1
131,1196,1585.84,324.76,184.85,116.92,1,4,-1,-1
131,1195,1209.38,285.83,162.68,52.69,1,4,-1,-1
131,1171,467.86,90.29,97.28,65.28,1,4,-1,-1
131,1118,1354.35,113.12,113.52,60.80,1,4,-1,-1
132,1259,1387.14,147.90,108.11,60.50,1,4,-1,-1
132,1242,1084.93,647.31,126.93,77.54,1,2,-1,-1
132,1236,1413.15,223.42,33.02,51.25,1,2,-1,-1
132,1171,466.83,90.68,97.27,65.78,1,4,-1,-1
132,1118,1357.59,116.09,113.34,60.99,1,4,-1,-1
133,1291,1860.00,159.00,22.00,36.00,1,2,-1,-1
133,1266,347.16,718.10,378.24,247.11,1,4,-1,-1
133,1259,1391.67,152.73,112.29,62.95,1,4,-1,-1
133,1252,1149.69,716.93,309.92,218.58,1,4,-1,-1
133,1242,1073.34,661.78,128.09,79.02,1,2,-1,-1
133,1236,1410.81,225.61,33.08,51.56,1,2,-1,-1
133,1212,592.39,235.55,28.30,73.00,1,2,-1,-1
133,1171,465.83,91.36,97.25,66.14,1,4,-1,-1
134,1298,1385.11,244.00,78.00,64.00,1,10,-1,-1
134,1291,1861.00,162.00,22.00,36.00,1,2,-1,-1
134,1266,306.45,738.74,387.43,248.09,1,4,-1,-1
134,1242,1061.78,676.10,129.08,80.71,1,2,-1,-1
134,1237,1430.87,225.00,33.78,45.30,1,2,-1,-1
134,1236,1411.39,234.84,29.23,45.28,1,2,-1,-1
134,1212,587.51,242.07,28.75,74.75,1,2,-1,-1
134,1171,464.84,92.19,97.23,66.41,1,4,-1,-1
135,1298,1381.28,247.71,78.46,64.13,1,10,-1,-1
135,1291,1862.00,165.00,22.00,36.00,1,2,-1,-1
135,1267,565.16,270.74,21.96,50.83,1,1,-1,-1
135,1266,263.69,761.49,396.63,245.31,1,4,-1,-1
135,1258,512.34,49.61,23.00,41.00,1,1,-1,-1
135,1242,1050.23,689.84,130.00,82.84,1,2,-1,-1
135,1237,1425.76,228.02,33.87,45.24,1,2,-1,-1
135,1212,581.80,246.78,29.03,75.93,1,2,-1,-1
135,1196,1574.01,349.98,194.73,132.76,1,4,-1,-1
135,1171,467.11,100.25,104.45,71.90,1,4,-1,-1
136,1310,777.97,161.33,29.27,69.34,1,1,-1,-1
136,1298,1377.84,250.98,78.29,64.06,1,10,-1,-1
136,1291,1860.86,167.29,22.00,36.00,1,2,-1,-1
136,1267,566.10,267.48,23.26,55.94,1,1,-1,-1
136,1266,219.41,784.86,406.25,240.10,1,4,-1,-1
136,1258,511.90,51.54,23.00,41.00,1,1,-1,-1
136,1242,1038.78,703.77,130.72,84.97,1,2,-1,-1
136,1237,1420.66,231.03,33.92,45.20,1,2,-1,-1
136,1212,576.47,251.35,29.21,76.43,1,2,-1,-1
136,1171,462.82,95.33,102.49,70.90,1,4,-1,-1
137,1310,777.74,163.41,29.34,70.18,1,1,-1,-1
137,1291,1859.72,169.34,22.00,36.00,1,2,-1,-1
137,1267,556.30,276.81,22.92,54.56,1,1,-1,-1
137,1266,175.15,809.49,416.38,233.29,1,4,-1,-1
137,1258,511.76,53.55,23.00,41.00,1,1,-1,-1
137,1252,1226.00,736.51,308.93,226.00,1,4,-1,-1
137,1242,1039.17,718.87,113.10,74.92,1,2,-1,-1
137,1237,1415.57,234.86,33.99,45.48,1,2,-1,-1
137,1212,571.29,255.68,29.33,77.06,1,2,-1,-1
138,1317,1846.75,190.48,38.82,28.16,1,10,-1,-1
138,1310,774.00,166.05,29.33,70.63,1,1,-1,-1
138,1291,1858.61,171.33,22.00,36.00,1,2,-1,-1
138,1267,548.87,283.18,22.71,53.95,1,1,-1,-1
138,1266,130.15,834.14,426.98,225.44,1,4,-1,-1
138,1258,509.07,56.25,23.00,41.00,1,1,-1,-1
138,1252,1245.37,741.44,308.31,227.38,1,4,-1,-1
138,1237,1411.14,239.44,34.03,45.67,1,2,-1,-1
138,1236,1393.40,242.14,32.01,50.14,1,2,-1,-1
138,1217,1057.69,691.96,66.85,108.86,1,2,-1,-1
138,1212,566.18,259.70,29.41,77.49,1,2,-1,-1
138,1195,1145.62,294.09,198.14,70.85,1,4,-1,-1
139,1329,1398.32,164.82,121.35,67.36,1,4,-1,-1
139,1323,1369.99,133.13,107.74,58.72,1,4,-1,-1
139,1317,1844.82,193.44,39.56,28.70,1,10,-1,-1
139,1311,878.08,524.71,288.63,230.38,1,5,-1,-1
139,1310,769.23,168.90,29.31,70.89,1,1,-1,-1
139,1291,1857.52,173.29,22.00,36.00,1,2,-1,-1
139,1258,505.44,59.21,23.00,41.00,1,1,-1,-1
139,1237,1403.70,233.80,34.06,45.81,1,2,-1,-1
139,1236,1387.30,246.70,32.35,50.75,1,2,-1,-1
139,1217,1042.60,709.05,67.07,110.01,1,2,-1,-1
139,1212,561.11,264.30,29.46,77.77,1,2,-1,-1
139,1196,1562.79,389.74,199.17,140.62,1,4,-1,-1
139,1195,1138.35,291.17,200.97,76.42,1,4,-1,-1
140,1329,1399.01,167.49,120.99,66.80,1,4,-1,-1
140,1323,1367.44,134.07,110.42,60.17,1,4,-1,-1
140,1317,1842.80,196.32,39.94,28.97,1,10,-1,-1
140,1310,764.16,171.84,29.27,71.05,1,1,-1,-1
140,1298,1357.44,267.41,78.90,64.13,1,10,-1,-1
140,1291,1855.94,175.20,22.33,36.10,1,2,-1,-1
140,1236,1381.80,252.16,32.57,51.17,1,2,-1,-1
140,1212,552.97,269.76,29.78,78.01,1,2,-1,-1
140,1196,1557.37,399.78,200.59,142.04,1,4,-1,-1
140,1171,446.71,99.17,99.06,69.79,1,4,-1,-1
141,1329,1399.37,169.73,121.27,66.57,1,4,-1,-1
141,1323,1373.06,154.02,102.55,55.98,1,4,-1,-1
141,1317,1841.48,199.22,40.15,29.11,1,10,-1,-1
141,1310,759.02,174.81,29.24,71.14,1,1,-1,-1
141,1242,992.30,785.72,106.75,81.76,1,2,-1,-1
141,1236,1376.56,256.01,32.73,51.46,1,2,-1,-1
141,1212,543.62,275.57,30.29,78.20,1,2,-1,-1
141,1196,1551.13,409.97,202.48,143.64,1,4,-1,-1
141,1171,441.86,101.20,98.55,69.61,1,4,-1,-1
142,1329,1399.57,171.81,121.86,66.47,1,4,-1,-1
142,1317,1839.72,202.14,40.25,29.19,1,10,-1,-1
142,1310,754.56,178.47,29.22,71.19,1,1,-1,-1
142,1242,966.32,806.20,117.55,85.71,1,2,-1,-1
142,1212,533.80,281.51,30.94,78.34,1,2,-1,-1
142,1196,1548.17,417.78,194.77,138.38,1,4,-1,-1
142,1171,436.90,103.26,98.19,69.49,1,4,-1,-1
143,1317,1838.48,205.09,40.30,29.22,1,10,-1,-1
143,1311,779.58,588.09,310.84,255.05,1,5,-1,-1
143,1242,944.60,825.40,125.86,88.16,1,2,-1,-1
143,1196,1541.73,430.93,199.42,141.59,1,4,-1,-1
143,1171,431.90,105.34,97.93,69.40,1,4,-1,-1
144,1355,495.91,310.89,21.77,60.13,1,1,-1,-1
144,1349,265.25,285.99,36.48,69.14,1,1,-1,-1
144,1337,1719.04,233.07,164.43,99.84,1,4,-1,-1
144,1311,762.81,603.97,343.04,282.68,1,5,-1,-1
144,1291,1851.31,186.63,22.86,36.18,1,2,-1,-1
144,1252,1366.94,772.04,308.37,236.77,1,4,-1,-1
144,1242,924.86,844.73,132.54,89.45,1,2,-1,-1
144,1196,1534.48,450.30,233.88,166.39,1,4,-1,-1
145,1359,481.87,295.47,23.44,68.17,1,1,-1,-1
145,1337,1720.68,242.44,159.27,97.24,1,4,-1,-1
145,1311,729.34,619.14,344.28,284.38,1,5,-1,-1
145,1291,1850.90,192.33,22.93,36.17,1,2,-1,-1
145,1252,1389.07,777.14,308.69,238.58,1,4,-1,-1
145,1242,906.59,863.60,137.84,89.99,1,2,-1,-1
145,1196,1526.71,452.84,229.73,163.86,1,4,-1,-1
146,1359,474.07,300.40,23.71,69.30,1,1,-1,-1
146,1329,1397.22,180.92,123.56,66.31,1,4,-1,-1
146,1291,1850.76,198.33,22.97,36.17,1,2,-1,-1
146,1252,1410.67,782.22,309.21,240.43,1,4,-1,-1
146,1217,927.77,849.00,64.79,111.49,1,2,-1,-1
147,1370,681.28,194.55,28.55,46.95,1,3,-1,-1
147,1329,1395.13,182.95,123.75,66.26,1,4,-1,-1
147,1298,1321.55,300.69,79.06,64.08,1,10,-1,-1
147,1252,1432.71,787.28,309.86,242.32,1,4,-1,-1
147,1217,911.50,870.77,64.95,112.36,1,2,-1,-1
147,1171,418.82,113.76,97.50,69.76,1,4,-1,-1
148,1370,678.06,197.50,28.79,46.82,1,3,-1,-1
148,1329,1392.31,186.88,120.59,64.40,1,4,-1,-1
148,1298,1317.58,305.63,79.06,64.07,1,10,-1,-1
148,1252,1454.87,792.34,310.60,244.22,1,4,-1,-1
148,1217,895.29,891.41,65.06,112.97,1,2,-1,-1
148,1171,416.37,98.99,99.61,71.43,1,4,-1,-1
149,1380,189.17,323.43,42.55,79.53,1,1,-1,-1
149,1378,608.29,735.00,347.71,287.84,1,5,-1,-1
149,1370,674.97,200.54,28.92,46.70,1,3,-1,-1
149,1337,1690.00,259.18,153.24,98.40,1,4,-1,-1
149,1329,1391.13,187.99,121.67,64.92,1,4,-1,-1
149,1310,737.20,197.59,27.64,70.00,1,1,-1,-1
149,1298,1306.09,309.96,79.67,64.11,1,10,-1,-1
149,1252,1469.72,793.75,311.04,245.55,1,4,-1,-1
149,1217,878.94,911.84,64.86,113.66,1,2,-1,-1
150,1380,165.40,330.41,44.40,82.65,1,1,-1,-1
150,1378,576.24,768.33,350.61,289.60,1,5,-1,-1
150,1370,663.37,202.89,28.99,46.59,1,3,-1,-1
150,1361,1339.58,293.64,32.66,45.86,1,2,-1,-1
150,1359,442.88,333.26,23.41,63.55,1,1,-1,-1
150,1337,1678.18,262.60,152.33,99.63,1,4,-1,-1
150,1329,1389.23,189.57,122.41,65.27,1,4,-1,-1
150,1298,1294.31,299.59,86.58,68.83,1,10,-1,-1
150,1252,1481.84,794.55,311.29,246.47,1,4,-1,-1
150,1217,862.77,931.97,64.71,114.16,1,2,-1,-1
151,1380,141.95,337.30,45.80,85.08,1,1,-1,-1
151,1378,538.52,790.62,353.59,282.17,1,5,-1,-1
151,1372,1297.91,302.88,32.26,55.03,1,2,-1,-1
151,1370,648.99,205.17,29.10,46.87,1,3,-1,-1
151,1361,1322.68,297.76,33.47,48.10,1,2,-1,-1
151,1337,1666.10,265.89,151.75,101.09,1,4,-1,-1
151,1329,1376.55,199.92,122.92,65.51,1,4,-1,-1
151,1252,1492.17,793.88,322.16,255.58,1,4,-1,-1
151,1196,1480.68,512.01,233.76,173.81,1,4,-1,-1
152,1402,1786.97,219.10,25.62,31.95,1,2,-1,-1
152,1387,1332.12,141.50,141.62,66.07,1,4,-1,-1
152,1380,128.18,368.14,40.12,73.64,1,1,-1,-1
152,1361,1305.71,302.55,33.67,50.07,1,2,-1,-1
152,1337,1653.76,269.10,151.05,102.69,1,4,-1,-1
152,1329,1373.55,195.21,123.58,66.88,1,4,-1,-1
152,1252,1501.59,793.20,319.26,253.69,1,4,-1,-1
152,1196,1465.91,520.67,235.56,177.59,1,4,-1,-1
153,1402,1772.33,220.80,24.37,32.35,1,2,-1,-1
153,1399,324.49,126.93,104.84,73.09,1,4,-1,-1
153,1337,1641.55,272.25,150.56,104.41,1,4,-1,-1
153,1252,1512.28,793.78,317.10,252.26,1,4,-1,-1
153,1196,1450.93,529.13,237.73,181.71,1,4,-1,-1
154,1414,909.08,341.25,227.29,99.48,1,4,-1,-1
154,1399,295.27,117.69,119.94,82.98,1,4,-1,-1
154,1252,1524.01,794.79,315.48,251.19,1,4,-1,-1
154,1196,1436.28,537.66,239.89,186.33,1,4,-1,-1
155,1414,896.65,345.37,227.56,100.21,1,4,-1,-1
155,1399,292.70,126.52,115.19,79.28,1,4,-1,-1
155,1378,353.13,871.48,412.45,230.39,1,5,-1,-1
155,1372,1241.95,326.65,28.65,53.38,1,2,-1,-1
155,1252,1540.92,796.59,311.69,250.31,1,4,-1,-1
156,1429,324.94,384.51,27.39,70.18,1,1,-1,-1
156,1428,1859.00,215.11,25.00,35.00,1,2,-1,-1
156,1414,884.43,350.11,228.00,101.21,1,4,-1,-1
156,1399,289.93,131.55,112.01,76.82,1,4,-1,-1
156,1372,1225.56,329.41,29.58,55.94,1,2,-1,-1
156,1329,1326.79,187.60,139.09,84.83,1,4,-1,-1
156,1252,1560.85,799.32,306.34,249.56,1,4,-1,-1
157,1435,581.34,222.30,29.32,47.34,1,3,-1,-1
157,1429,313.20,390.76,26.89,68.40,1,1,-1,-1
157,1428,1857.00,218.91,25.00,35.00,1,2,-1,-1
157,1424,334.30,378.69,35.53,87.13,1,1,-1,-1
157,1414,873.88,354.00,230.03,102.21,1,4,-1,-1
157,1399,286.69,135.05,109.84,75.14,1,4,-1,-1
157,1329,1328.86,191.73,135.30,84.34,1,4,-1,-1
157,1252,1581.72,802.38,300.13,248.92,1,4,-1,-1
158,1441,1711.79,431.08,177.53,129.63,1,4,-1,-1
158,1439,1169.20,349.65,93.67,64.62,1,10,-1,-1
158,1429,302.26,397.05,25.33,66.04,1,1,-1,-1
158,1427,1844.13,243.96,41.00,23.00,1,10,-1,-1
158,1426,644.05,227.28,34.28,76.96,1,1,-1,-1
158,1424,317.84,387.54,35.90,86.82,1,1,-1,-1
158,1414,863.60,357.66,232.94,103.09,1,4,-1,-1
158,1399,283.04,138.56,108.33,73.97,1,4,-1,-1
158,1329,1331.72,195.28,132.62,83.99,1,4,-1,-1
158,1252,1603.56,805.55,293.04,248.35,1,4,-1,-1
159,1448,1614.38,298.73,155.24,111.44,1,4,-1,-1
159,1439,1161.05,354.69,93.94,64.55,1,10,-1,-1
159,1427,1842.89,249.90,41.00,23.00,1,10,-1,-1
159,1426,642.07,229.03,34.40,77.14,1,1,-1,-1
159,1424,303.97,393.89,35.64,86.14,1,1,-1,-1
159,1414,853.34,361.83,236.14,103.47,1,4,-1,-1
159,1399,270.41,139.97,117.77,79.90,1,4,-1,-1
159,1329,1334.04,197.93,130.69,83.73,1,4,-1,-1
159,1252,1625.91,808.76,285.30,247.84,1,4,-1,-1
160,1439,1168.07,369.40,76.76,52.54,1,10,-1,-1
160,1438,374.87,92.00,22.00,49.00,1,1,-1,-1
160,1399,273.21,142.75,115.22,77.39,1,4,-1,-1
160,1372,1188.29,345.23,30.83,59.84,1,2,-1,-1
160,1252,1646.41,809.58,272.91,248.21,1,4,-1,-1
161,1460,269.34,387.20,24.33,71.55,1,1,-1,-1
161,1459,1293.71,168.87,139.94,69.28,1,4,-1,-1
161,1439,1163.15,373.90,72.18,48.85,1,10,-1,-1
161,1438,371.68,93.29,22.00,49.00,1,1,-1,-1
161,1435,573.39,232.82,32.50,47.61,1,3,-1,-1
161,1428,1853.34,232.20,25.00,35.00,1,2,-1,-1
161,1399,273.43,146.10,114.02,75.64,1,4,-1,-1
161,1372,1178.12,348.35,30.65,60.25,1,2,-1,-1
161,1361,1206.41,333.20,33.52,55.19,1,2,-1,-1
161,1252,1667.02,809.84,257.12,248.92,1,4,-1,-1
162,1460,259.43,392.68,25.13,71.60,1,1,-1,-1
162,1441,1686.44,460.93,189.96,141.03,1,4,-1,-1
162,1438,367.84,95.04,22.00,49.00,1,1,-1,-1
162,1435,571.47,235.84,33.42,47.44,1,3,-1,-1
162,1428,1853.36,235.20,25.00,35.00,1,2,-1,-1
162,1399,272.57,149.53,114.07,74.44,1,4,-1,-1
162,1372,1166.81,351.90,30.52,60.54,1,2,-1,-1
162,1361,1195.27,337.00,33.47,55.30,1,2,-1,-1
163,1473,1756.00,286.87,40.85,29.04,1,10,-1,-1
163,1460,249.50,397.77,25.99,71.70,1,1,-1,-1
163,1438,364.50,96.27,22.00,49.00,1,1,-1,-1
163,1435,569.54,238.91,34.38,47.35,1,3,-1,-1
163,1428,1853.42,238.18,25.00,35.00,1,2,-1,-1
163,1427,1837.83,265.51,41.00,23.00,1,10,-1,-1
163,1426,631.07,236.77,34.43,77.04,1,1,-1,-1
163,1424,256.58,415.00,33.62,84.67,1,1,-1,-1
163,1414,805.41,373.28,248.36,105.59,1,4,-1,-1
163,1399,262.41,151.79,113.80,73.86,1,4,-1,-1
163,1372,1155.07,355.00,30.42,60.75,1,2,-1,-1
163,1361,1183.55,340.90,33.43,55.37,1,2,-1,-1
163,1329,1343.32,209.12,127.27,83.25,1,4,-1,-1
164,1479,1118.16,382.19,100.69,61.40,1,10,-1,-1
164,1478,1120.05,340.27,40.11,70.52,1,1,-1,-1
164,1473,1750.71,290.29,40.92,29.05,1,10,-1,-1
164,1460,240.27,403.46,26.89,71.78,1,1,-1,-1
164,1449,1760.99,271.34,23.00,36.00,1,2,-1,-1
164,1438,360.66,98.00,22.00,49.00,1,1,-1,-1
164,1435,562.04,241.34,35.02,47.23,1,3,-1,-1
164,1429,245.48,425.04,23.13,63.44,1,1,-1,-1
164,1428,1854.16,241.83,25.00,35.00,1,2,-1,-1
164,1426,629.53,242.24,29.75,66.67,1,1,-1,-1
164,1424,245.24,420.77,32.91,84.29,1,1,-1,-1
164,1414,790.72,373.99,250.84,107.34,1,4,-1,-1
164,1399,248.97,154.16,113.61,73.73,1,4,-1,-1
164,1361,1171.61,344.85,33.40,55.41,1,2,-1,-1
165,1484,201.89,56.00,29.00,48.00,1,1,-1,-1
165,1478,1118.84,342.05,40.14,70.76,1,1,-1,-1
165,1473,1743.90,293.35,40.97,29.05,1,10,-1,-1
165,1448,1585.44,325.71,165.84,114.21,1,4,-1,-1
165,1438,357.33,99.91,22.00,49.00,1,1,-1,-1
165,1426,626.14,244.30,31.21,69.90,1,1,-1,-1
165,1414,775.96,374.87,252.65,109.14,1,4,-1,-1
165,1361,1159.59,348.83,33.38,55.44,1,2,-1,-1
166,1491,812.14,343.28,26.86,47.16,1,2,-1,-1
166,1484,204.40,54.40,26.63,44.28,1,1,-1,-1
166,1473,1730.29,294.18,40.99,29.05,1,10,-1,-1
166,1441,1637.68,488.78,196.98,150.99,1,4,-1,-1
166,1426,615.51,245.88,32.16,71.99,1,1,-1,-1
166,1414,761.94,375.80,254.01,111.00,1,4,-1,-1
166,1361,1147.54,352.81,33.35,55.45,1,2,-1,-1
167,1491,799.17,344.35,26.86,47.05,1,2,-1,-1
167,1473,1715.24,294.30,41.01,29.04,1,10,-1,-1
167,1441,1605.19,481.31,233.38,180.64,1,4,-1,-1
167,1414,741.13,377.70,254.86,112.32,1,4,-1,-1
168,1491,786.17,345.21,27.30,47.23,1,2,-1,-1
168,1473,1697.06,295.59,41.01,29.04,1,10,-1,-1
168,1467,1356.62,685.20,278.86,260.68,1,4,-1,-1
168,1441,1599.87,492.92,224.61,175.54,1,4,-1,-1
168,1414,718.50,380.06,255.39,113.25,1,4,-1,-1
168,1399,184.30,156.79,123.65,83.18,1,4,-1,-1
169,1491,776.56,336.42,24.72,42.43,1,2,-1,-1
169,1473,1676.51,293.91,41.02,29.04,1,10,-1,-1
169,1467,1336.53,691.34,280.77,265.26,1,4,-1,-1
169,1448,1498.46,326.08,183.33,122.80,1,4,-1,-1
169,1441,1585.94,500.37,218.73,172.77,1,4,-1,-1
169,1414,694.60,382.66,255.72,113.91,1,4,-1,-1
169,1399,169.70,159.80,120.02,82.10,1,4,-1,-1
170,1526,1708.10,278.56,140.89,105.52,1,4,-1,-1
170,1513,1044.80,393.85,26.19,24.75,1,10,-1,-1
170,1467,1316.06,697.36,282.73,269.94,1,4,-1,-1
170,1448,1479.32,328.98,180.83,119.97,1,4,-1,-1
170,1441,1568.82,506.38,214.50,171.31,1,4,-1,-1
170,1414,693.43,395.39,230.61,102.91,1,4,-1,-1
170,1399,155.31,162.36,117.45,81.32,1,4,-1,-1
171,1543,1637.58,270.99,25.48,31.58,1,10,-1,-1
171,1539,765.95,345.82,37.61,57.74,1,2,-1,-1
171,1536,1253.64,205.68,148.89,91.69,1,4,-1,-1
171,1533,959.84,398.04,131.30,68.39,1,10,-1,-1
171,1526,1691.06,279.60,140.96,105.54,1,4,-1,-1
171,1513,1022.83,374.64,34.59,37.58,1,10,-1,-1
171,1467,1295.53,703.33,284.70,274.70,1,4,-1,-1
171,1441,1549.81,511.63,211.74,170.81,1,4,-1,-1
171,1399,140.82,164.42,115.63,81.32,1,4,-1,-1
172,1543,1623.05,271.28,24.76,32.50,1,10,-1,-1
172,1539,757.45,344.56,39.43,56.95,1,2,-1,-1
172,1536,1238.62,204.69,148.90,91.66,1,4,-1,-1
172,1526,1673.97,280.58,141.11,105.64,1,4,-1,-1
172,1522,1708.92,268.00,41.00,23.00,1,10,-1,-1
172,1513,1007.40,367.83,36.98,44.61,1,10,-1,-1
172,1467,1284.72,710.97,285.93,278.81,1,4,-1,-1
172,1399,126.21,166.62,114.33,81.59,1,4,-1,-1
173,1543,1592.90,269.05,38.72,40.58,1,10,-1,-1
173,1539,752.36,344.37,40.43,56.17,1,2,-1,-1
173,1536,1234.72,204.45,148.86,91.60,1,4,-1,-1
173,1526,1656.88,281.54,141.29,105.75,1,4,-1,-1
173,1522,1700.40,268.71,41.00,23.00,1,10,-1,-1
173,1498,1199.06,170.41,136.39,67.83,1,4,-1,-1
173,1467,1277.64,719.33,286.67,282.49,1,4,-1,-1
173,1399,119.88,166.67,114.23,81.81,1,4,-1,-1
174,1571,1708.96,246.00,23.00,35.00,1,2,-1,-1
174,1539,748.48,344.48,41.02,55.51,1,2,-1,-1
174,1536,1229.48,208.01,154.48,95.10,1,4,-1,-1
174,1526,1647.11,283.41,142.85,106.84,1,4,-1,-1
174,1522,1689.16,266.17,41.00,23.00,1,10,-1,-1
174,1498,1197.99,170.29,136.22,67.85,1,4,-1,-1
174,1414,557.25,366.53,272.17,118.40,1,4,-1,-1
174,1399,116.96,166.58,114.72,81.98,1,4,-1,-1
175,1582,71.00,63.00,29.00,48.00,1,1,-1,-1
175,1581,26.00,462.11,28.00,70.00,1,1,-1,-1
175,1579,16.34,470.61,30.09,72.86,1,2,-1,-1
175,1571,1705.87,246.78,23.00,35.00,1,2,-1,-1
175,1558,433.49,257.38,39.00,46.00,1,3,-1,-1
175,1539,745.08,345.35,41.36,54.97,1,2,-1,-1
175,1536,1231.93,205.30,152.43,93.81,1,4,-1,-1
175,1526,1639.71,285.49,145.15,108.44,1,4,-1,-1
175,1498,1198.09,170.28,136.07,67.84,1,4,-1,-1
175,1414,546.24,384.05,285.16,123.31,1,4,-1,-1
176,1597,1030.54,337.19,41.90,83.20,1,1,-1,-1
176,1593,1611.85,275.91,23.00,35.00,1,2,-1,-1
176,1592,1593.58,299.89,41.00,29.00,1,10,-1,-1
176,1582,71.00,63.00,29.00,48.00,1,1,-1,-1
176,1581,17.78,463.91,28.00,70.00,1,1,-1,-1
176,1571,1704.49,248.50,23.00,35.00,1,2,-1,-1
176,1539,743.25,345.77,41.57,54.53,1,2,-1,-1
176,1536,1225.86,204.36,150.64,92.57,1,4,-1,-1
176,1526,1640.91,281.10,140.83,104.97,1,4,-1,-1
176,1448,1406.11,344.35,177.80,116.87,1,4,-1,-1
176,1414,524.51,373.19,302.28,130.00,1,4,-1,-1
177,1601,1698.92,283.99,41.87,23.63,1,10,-1,-1
177,1599,499.58,257.13,35.00,76.00,1,1,-1,-1
177,1598,13.96,491.72,23.00,64.00,1,1,-1,-1
177,1597,1030.39,336.15,41.93,84.34,1,1,-1,-1
177,1593,1608.84,278.71,23.00,35.00,1,2,-1,-1
177,1582,63.72,60.09,29.50,48.65,1,1,-1,-1
177,1581,6.80,466.61,28.00,70.00,1,1,-1,-1
177,1539,742.00,346.01,41.69,54.18,1,2,-1,-1
177,1536,1231.81,204.35,149.91,92.14,1,4,-1,-1
177,1526,1632.05,288.43,144.84,107.89,1,4,-1,-1
177,1467,1258.40,755.22,288.30,296.35,1,4,-1,-1
177,1448,1399.32,346.91,177.52,117.24,1,4,-1,-1
178,1599,502.31,273.74,28.11,60.68,1,1,-1,-1
178,1598,6.97,492.54,23.00,64.00,1,1,-1,-1
178,1597,1029.62,339.50,40.62,81.88,1,1,-1,-1
178,1593,1605.86,281.70,23.00,35.00,1,2,-1,-1
178,1582,68.28,61.86,29.32,48.40,1,1,-1,-1
178,1581,0.77,468.03,26.43,68.80,1,1,-1,-1
178,1536,1234.40,204.43,149.42,91.85,1,4,-1,-1
178,1533,868.20,403.75,129.37,62.29,1,10,-1,-1
178,1526,1626.65,292.73,147.47,109.79,1,4,-1,-1
178,1467,1254.36,764.31,288.29,299.94,1,4,-1,-1
178,1448,1392.57,349.87,177.34,117.79,1,4,-1,-1
178,1399,111.00,165.93,119.90,81.65,1,4,-1,-1
179,1606,942.89,370.10,33.11,56.00,1,2,-1,-1
179,1600,1495.48,547.12,203.96,179.90,1,4,-1,-1
179,1599,501.36,264.57,31.15,67.37,1,1,-1,-1
179,1597,1029.67,342.08,39.74,79.63,1,1,-1,-1
179,1536,1235.66,204.52,149.08,91.64,1,4,-1,-1
179,1526,1622.55,296.51,148.82,110.68,1,4,-1,-1
179,1498,1199.99,170.43,135.60,67.74,1,4,-1,-1
179,1467,1249.98,770.33,288.03,300.67,1,4,-1,-1
179,1448,1385.83,352.30,177.22,118.46,1,4,-1,-1
179,1399,109.53,165.72,121.59,81.25,1,4,-1,-1
180,1621,1688.59,286.25,41.33,23.21,1,10,-1,-1
180,1617,901.11,382.04,45.00,70.00,1,2,-1,-1
180,1600,1491.20,551.48,203.57,182.00,1,4,-1,-1
180,1599,500.80,260.74,32.74,70.89,1,1,-1,-1
180,1597,1029.91,344.37,39.11,77.46,1,1,-1,-1
180,1571,1701.40,256.96,23.00,35.00,1,2,-1,-1
180,1498,1200.42,170.48,135.45,67.68,1,4,-1,-1
180,1399,107.99,165.67,123.36,80.97,1,4,-1,-1
181,1621,1687.31,288.25,40.87,23.11,1,10,-1,-1
181,1600,1487.18,556.28,203.34,184.06,1,4,-1,-1
181,1599,500.45,259.67,33.65,72.91,1,1,-1,-1
181,1597,1030.17,346.55,38.65,75.31,1,1,-1,-1
181,1571,1702.35,261.51,23.00,35.00,1,2,-1,-1
181,1399,117.80,148.71,129.15,83.33,1,4,-1,-1
