1,172,1253,286,143,108,1,4,-1,-1
1,360,626,23,144,87,1,4,-1,-1
2,172,1280,273,174,127,1,4,-1,-1
2,235,840,882,66,88,1,1,-1,-1
2,360,651,24,144,87,1,4,-1,-1
3,172,1320,301,146,103,1,4,-1,-1
3,235,849,850,60,80,1,1,-1,-1
3,360,676,26,144,87,1,4,-1,-1
4,172,1354,309,148,101,1,4,-1,-1
4,235,874,849,59,80,1,1,-1,-1
4,360,701,28,144,87,1,4,-1,-1
5,172,1386,316,152,100,1,4,-1,-1
5,235,898,848,59,79,1,1,-1,-1
6,172,1418,323,157,100,1,4,-1,-1
6,235,922,847,59,79,1,1,-1,-1
6,236,867,832,46,101,1,1,-1,-1
7,236,891,832,46,101,1,1,-1,-1
7,237,843,601,114,89,1,7,-1,-1
8,72,1018,481,211,136,1,5,-1,-1
8,236,915,833,46,101,1,1,-1,-1
8,237,871,600,113,88,1,7,-1,-1
9,72,1047,485,215,136,1,5,-1,-1
9,236,939,834,46,101,1,1,-1,-1
9,237,899,599,113,88,1,7,-1,-1
10,7,1021,711,67,67,1,1,-1,-1
10,72,1077,489,218,136,1,5,-1,-1
10,236,963,835,46,101,1,1,-1,-1
10,237,928,598,112,88,1,7,-1,-1
11,7,1047,713,67,67,1,1,-1,-1
11,72,1108,494,218,136,1,5,-1,-1
11,73,492,861,58,66,1,2,-1,-1
11,237,955,601,112,88,1,7,-1,-1
12,7,1073,715,67,67,1,1,-1,-1
12,72,1140,500,218,136,1,5,-1,-1
12,73,518,854,58,66,1,2,-1,-1
13,7,1099,718,67,67,1,1,-1,-1
13,72,1171,506,218,136,1,5,-1,-1
13,73,545,848,58,66,1,2,-1,-1
14,7,1126,722,67,67,1,1,-1,-1
14,72,1203,512,218,136,1,5,-1,-1
14,73,572,842,57,66,1,2,-1,-1
15,7,1154,727,67,67,1,1,-1,-1
15,72,1234,518,218,136,1,5,-1,-1
15,73,598,835,58,66,1,2,-1,-1
16,7,1181,732,67,67,1,1,-1,-1
16,41,35,681,304,182,1,4,-1,-1
16,73,625,829,57,66,1,2,-1,-1
17,7,1209,737,67,67,1,1,-1,-1
17,27,975,792,130,101,1,10,-1,-1
17,41,73,667,303,178,1,4,-1,-1
17,73,652,823,57,66,1,2,-1,-1
17,74,1459,34,159,74,1,4,-1,-1
18,7,1237,742,67,67,1,1,-1,-1
18,27,1003,793,130,101,1,10,-1,-1
18,41,111,654,303,173,1,4,-1,-1
18,73,678,816,57,66,1,2,-1,-1
18,74,1488,40,143,66,1,4,-1,-1
19,7,1264,750,67,67,1,1,-1,-1
19,27,1031,793,130,101,1,10,-1,-1
19,28,1187,636,108,76,1,7,-1,-1
19,41,145,645,303,173,1,4,-1,-1
19,74,1519,47,144,66,1,4,-1,-1
19,238,1076,60,152,88,1,4,-1,-1
19,239,456,941,57,97,1,1,-1,-1
20,7,1292,758,67,67,1,1,-1,-1
20,27,1020,804,151,117,1,10,-1,-1
20,28,1215,643,109,76,1,7,-1,-1
20,41,183,636,296,173,1,4,-1,-1
20,74,1550,54,145,66,1,4,-1,-1
20,173,1402,560,218,136,1,5,-1,-1
20,238,1103,62,151,88,1,4,-1,-1
20,239,481,931,57,97,1,1,-1,-1
21,7,1320,767,67,66,1,1,-1,-1
21,27,1079,799,130,101,1,10,-1,-1
21,28,1243,650,111,76,1,7,-1,-1
21,41,222,628,288,173,1,4,-1,-1
21,74,1581,61,146,66,1,4,-1,-1
21,173,1438,569,218,136,1,5,-1,-1
21,238,1124,69,158,87,1,4,-1,-1
21,239,507,922,57,97,1,1,-1,-1
22,7,1347,775,67,66,1,1,-1,-1
22,27,1099,804,130,101,1,10,-1,-1
22,28,1271,657,112,76,1,7,-1,-1
22,41,250,619,288,173,1,4,-1,-1
22,74,1608,72,143,64,1,4,-1,-1
22,173,1474,579,218,136,1,5,-1,-1
22,238,1139,67,163,85,1,4,-1,-1
22,239,527,905,57,97,1,1,-1,-1
23,27,1090,797,153,119,1,10,-1,-1
23,28,1299,664,113,76,1,7,-1,-1
23,41,280,611,284,158,1,4,-1,-1
23,74,1637,80,148,66,1,4,-1,-1
23,173,1498,589,219,136,1,5,-1,-1
23,238,1161,72,163,85,1,4,-1,-1
23,239,540,892,55,92,1,1,-1,-1
24,27,1140,815,129,100,1,10,-1,-1
24,28,1327,672,115,75,1,7,-1,-1
24,41,311,603,279,143,1,4,-1,-1
24,74,1665,89,149,67,1,4,-1,-1
24,173,1523,599,219,136,1,5,-1,-1
25,27,1160,820,129,101,1,10,-1,-1
25,28,1359,678,115,75,1,7,-1,-1
25,75,603,787,37,89,1,1,-1,-1
25,101,515,862,42,67,1,1,-1,-1
25,173,1548,609,219,136,1,5,-1,-1
25,240,1384,939,59,78,1,1,-1,-1
26,27,1180,825,129,101,1,10,-1,-1
26,28,1381,685,115,75,1,7,-1,-1
26,75,620,779,37,89,1,1,-1,-1
26,76,1714,104,148,68,1,4,-1,-1
26,101,517,879,41,76,1,1,-1,-1
26,240,1401,947,60,79,1,1,-1,-1
26,241,300,717,51,84,1,1,-1,-1
27,28,1403,692,115,75,1,7,-1,-1
27,75,638,771,37,90,1,1,-1,-1
27,76,1734,109,147,69,1,4,-1,-1
27,101,536,872,41,76,1,1,-1,-1
27,240,1385,966,74,97,1,1,-1,-1
27,241,323,707,50,85,1,1,-1,-1
28,28,1426,700,115,75,1,7,-1,-1
28,75,656,764,37,90,1,1,-1,-1
28,76,1754,115,146,70,1,4,-1,-1
28,101,555,867,41,76,1,1,-1,-1
28,174,894,804,56,66,1,2,-1,-1
28,240,1388,932,46,101,1,1,-1,-1
28,241,347,698,49,85,1,1,-1,-1
29,75,644,751,34,101,1,1,-1,-1
29,76,1771,121,130,70,1,4,-1,-1
29,101,575,862,41,76,1,1,-1,-1
29,174,914,804,56,66,1,2,-1,-1
29,175,675,879,45,96,1,1,-1,-1
29,176,1077,40,32,46,1,2,-1,-1
29,240,1408,940,45,101,1,1,-1,-1
29,241,359,692,48,85,1,1,-1,-1
30,75,648,749,34,101,1,1,-1,-1
30,76,1789,128,113,70,1,4,-1,-1
30,101,591,857,41,76,1,1,-1,-1
30,102,106,939,104,113,1,10,-1,-1
30,103,1171,798,41,91,1,1,-1,-1
30,174,935,805,56,66,1,2,-1,-1
30,175,693,877,46,96,1,1,-1,-1
30,176,1069,55,54,41,1,10,-1,-1
30,241,371,686,47,85,1,1,-1,-1
30,242,1018,56,24,42,1,2,-1,-1
31,75,652,747,34,101,1,1,-1,-1
31,76,1802,133,100,70,1,4,-1,-1
31,101,607,853,41,76,1,1,-1,-1
31,102,130,926,104,113,1,10,-1,-1
31,103,1183,798,40,91,1,1,-1,-1
31,174,939,805,57,66,1,2,-1,-1
31,175,710,871,46,96,1,1,-1,-1
31,176,1075,56,53,40,1,10,-1,-1
31,242,1006,48,28,45,1,2,-1,-1
31,243,515,830,34,64,1,1,-1,-1
31,244,1677,663,216,137,1,5,-1,-1
31,245,1689,932,38,59,1,1,-1,-1
32,75,656,745,34,101,1,1,-1,-1
32,76,1816,139,87,70,1,4,-1,-1
32,77,653,294,43,78,1,1,-1,-1
32,78,1011,680,28,75,1,1,-1,-1
32,102,118,962,116,126,1,10,-1,-1
32,103,1196,799,39,91,1,1,-1,-1
32,174,944,806,57,66,1,2,-1,-1
32,175,713,871,46,96,1,1,-1,-1
32,176,1093,40,33,46,1,2,-1,-1
32,242,1011,46,28,45,1,2,-1,-1
32,243,516,828,34,64,1,1,-1,-1
32,244,1682,666,213,137,1,5,-1,-1
32,245,1702,939,41,59,1,1,-1,-1
32,246,464,582,278,139,1,4,-1,-1
33,76,1803,138,95,70,1,4,-1,-1
33,77,653,295,43,78,1,1,-1,-1
33,78,1018,681,27,75,1,1,-1,-1
33,102,131,941,114,124,1,10,-1,-1
33,103,1197,800,39,91,1,1,-1,-1
33,174,967,797,52,61,1,2,-1,-1
33,175,716,871,46,96,1,1,-1,-1
33,176,1086,58,52,38,1,10,-1,-1
33,242,1016,44,28,46,1,2,-1,-1
33,243,518,826,34,65,1,1,-1,-1
33,244,1686,669,211,137,1,5,-1,-1
33,245,1703,940,41,59,1,1,-1,-1
33,246,478,581,277,137,1,4,-1,-1
33,247,1228,641,216,137,1,7,-1,-1
34,77,654,297,42,78,1,1,-1,-1
34,78,1025,683,27,75,1,1,-1,-1
34,79,443,666,52,71,1,1,-1,-1
34,102,130,926,104,113,1,10,-1,-1
34,103,1198,801,40,91,1,1,-1,-1
34,175,719,871,46,96,1,1,-1,-1
34,176,1105,40,33,46,1,2,-1,-1
34,242,1021,48,24,42,1,2,-1,-1
34,243,520,824,34,65,1,1,-1,-1
34,244,1691,672,208,137,1,5,-1,-1
34,245,1704,941,41,59,1,1,-1,-1
34,246,476,581,277,135,1,4,-1,-1
34,247,1235,643,216,137,1,7,-1,-1
34,248,478,802,42,75,1,1,-1,-1
34,249,549,878,41,82,1,1,-1,-1
34,250,746,730,24,49,1,1,-1,-1
35,77,655,298,41,78,1,1,-1,-1
35,78,1024,682,27,75,1,1,-1,-1
35,79,454,667,55,77,1,1,-1,-1
35,102,130,926,104,113,1,10,-1,-1
35,103,1200,802,40,91,1,1,-1,-1
35,177,222,878,81,115,1,10,-1,-1
35,178,1217,872,46,90,1,1,-1,-1
35,243,522,823,34,65,1,1,-1,-1
35,244,1695,675,206,137,1,5,-1,-1
35,245,1705,942,41,59,1,1,-1,-1
35,246,475,581,277,133,1,4,-1,-1
35,247,1242,645,216,137,1,7,-1,-1
35,248,478,802,42,75,1,1,-1,-1
35,249,549,878,41,82,1,1,-1,-1
35,250,745,730,24,49,1,1,-1,-1
35,251,526,713,112,54,1,10,-1,-1
36,42,584,870,34,79,1,1,-1,-1
36,77,658,333,39,72,1,1,-1,-1
36,78,1023,682,27,75,1,1,-1,-1
36,79,453,665,54,78,1,1,-1,-1
36,80,1210,716,36,83,1,1,-1,-1
36,102,130,926,104,113,1,10,-1,-1
36,103,1198,801,40,91,1,1,-1,-1
36,177,227,920,70,100,1,10,-1,-1
36,178,1217,873,46,90,1,1,-1,-1
36,246,474,582,276,130,1,4,-1,-1
36,247,1249,648,216,137,1,7,-1,-1
36,248,479,803,42,75,1,1,-1,-1
36,249,549,877,41,82,1,1,-1,-1
36,250,744,730,24,49,1,1,-1,-1
36,251,525,712,112,54,1,10,-1,-1
37,42,584,870,35,79,1,1,-1,-1
37,77,675,325,31,69,1,1,-1,-1
37,78,1022,678,30,83,1,1,-1,-1
37,79,451,663,54,78,1,1,-1,-1
37,80,1210,716,36,83,1,1,-1,-1
37,81,1059,56,51,37,1,10,-1,-1
37,82,1543,75,65,35,1,10,-1,-1
37,177,224,874,81,115,1,10,-1,-1
37,178,1217,875,46,89,1,1,-1,-1
37,247,1249,648,216,137,1,7,-1,-1
37,248,479,803,42,75,1,1,-1,-1
37,249,549,876,41,82,1,1,-1,-1
37,250,744,730,24,49,1,1,-1,-1
37,251,525,711,112,54,1,10,-1,-1
37,252,1169,866,45,81,1,1,-1,-1
38,42,584,869,35,79,1,1,-1,-1
38,43,928,39,25,42,1,2,-1,-1
38,77,661,321,35,70,1,1,-1,-1
38,78,1022,682,27,75,1,1,-1,-1
38,79,450,660,53,80,1,1,-1,-1
38,80,1210,716,36,83,1,1,-1,-1
38,81,1048,55,51,37,1,10,-1,-1
38,82,1556,76,64,35,1,10,-1,-1
38,177,225,872,81,115,1,10,-1,-1
38,178,1217,876,46,89,1,1,-1,-1
38,248,480,804,42,75,1,1,-1,-1
38,249,548,875,41,82,1,1,-1,-1
38,250,743,730,24,49,1,1,-1,-1
38,251,525,710,112,54,1,10,-1,-1
38,252,1173,889,37,66,1,1,-1,-1
38,253,1063,37,33,46,1,2,-1,-1
39,8,995,658,34,76,1,1,-1,-1
39,42,585,869,34,79,1,1,-1,-1
39,43,935,25,27,45,1,2,-1,-1
39,77,657,304,39,78,1,1,-1,-1
39,78,1022,682,27,75,1,1,-1,-1
39,79,448,658,54,81,1,1,-1,-1
39,80,1210,716,36,83,1,1,-1,-1
39,81,1037,54,51,37,1,10,-1,-1
39,82,1570,78,63,34,1,10,-1,-1
39,104,517,823,34,65,1,1,-1,-1
39,105,543,835,30,35,1,1,-1,-1
39,106,830,190,35,79,1,1,-1,-1
39,177,227,871,81,115,1,10,-1,-1
39,178,1217,878,46,88,1,1,-1,-1
39,179,701,23,24,59,1,1,-1,-1
39,251,524,710,112,54,1,10,-1,-1
39,252,1170,868,45,81,1,1,-1,-1
39,253,1053,37,33,46,1,2,-1,-1
39,254,406,657,44,82,1,1,-1,-1
39,255,1148,776,30,52,1,1,-1,-1
39,256,1445,959,45,101,1,1,-1,-1
39,257,1567,870,65,65,1,1,-1,-1
40,8,1002,689,34,76,1,1,-1,-1
40,42,585,869,35,79,1,1,-1,-1
40,43,921,21,28,45,1,2,-1,-1
40,44,481,856,40,94,1,1,-1,-1
40,79,447,656,53,81,1,1,-1,-1
40,80,1210,716,36,83,1,1,-1,-1
40,81,1026,53,51,37,1,10,-1,-1
40,82,1582,77,63,34,1,10,-1,-1
40,104,515,823,34,65,1,1,-1,-1
40,105,542,835,30,35,1,1,-1,-1
40,106,829,191,35,78,1,1,-1,-1
40,177,226,873,81,115,1,10,-1,-1
40,178,1217,879,46,88,1,1,-1,-1
40,179,701,24,24,58,1,1,-1,-1
40,252,1170,869,45,81,1,1,-1,-1
40,253,1043,36,33,46,1,2,-1,-1
40,254,403,656,44,81,1,1,-1,-1
40,255,1148,777,30,52,1,1,-1,-1
40,256,1444,958,46,99,1,1,-1,-1
40,257,1568,872,65,65,1,1,-1,-1
41,8,1020,681,27,75,1,1,-1,-1
41,42,585,868,35,79,1,1,-1,-1
41,43,908,18,28,44,1,2,-1,-1
41,44,481,857,40,94,1,1,-1,-1
41,45,1485,724,115,75,1,7,-1,-1
41,79,445,653,53,83,1,1,-1,-1
41,80,1210,716,36,83,1,1,-1,-1
41,81,1002,45,64,46,1,10,-1,-1
41,82,1595,77,63,34,1,10,-1,-1
41,83,658,339,39,72,1,1,-1,-1
41,104,514,824,34,65,1,1,-1,-1
41,105,541,835,30,35,1,1,-1,-1
41,106,828,191,35,78,1,1,-1,-1
41,179,701,24,24,58,1,1,-1,-1
41,180,441,796,40,73,1,1,-1,-1
41,252,1171,869,45,81,1,1,-1,-1
41,253,1033,36,33,46,1,2,-1,-1
41,254,400,654,44,81,1,1,-1,-1
41,255,1149,779,30,51,1,1,-1,-1
41,256,1444,957,46,98,1,1,-1,-1
41,257,1569,873,65,65,1,1,-1,-1
41,258,607,849,41,76,1,1,-1,-1
41,259,668,733,35,101,1,1,-1,-1
42,8,1020,681,27,75,1,1,-1,-1
42,13,224,878,81,115,1,10,-1,-1
42,42,585,868,35,79,1,1,-1,-1
42,43,895,14,28,44,1,2,-1,-1
42,44,481,858,40,94,1,1,-1,-1
42,45,1484,723,115,75,1,7,-1,-1
42,80,1210,716,36,83,1,1,-1,-1
42,81,1006,51,51,37,1,10,-1,-1
42,82,1607,76,63,34,1,10,-1,-1
42,83,658,341,39,72,1,1,-1,-1
42,104,513,824,34,65,1,1,-1,-1
42,105,541,835,30,35,1,1,-1,-1
42,106,827,191,35,78,1,1,-1,-1
42,179,700,24,24,58,1,1,-1,-1
42,180,441,796,40,73,1,1,-1,-1
42,253,1022,35,33,46,1,2,-1,-1
42,254,398,653,43,80,1,1,-1,-1
42,255,1150,780,30,52,1,1,-1,-1
42,256,1444,956,46,97,1,1,-1,-1
42,257,1570,874,65,65,1,1,-1,-1
42,258,607,849,41,76,1,1,-1,-1
42,259,658,722,37,106,1,1,-1,-1
42,260,1419,758,51,82,1,1,-1,-1
42,261,468,582,275,124,1,4,-1,-1
43,8,1019,681,27,75,1,1,-1,-1
43,13,223,880,81,115,1,10,-1,-1
43,42,586,868,35,79,1,1,-1,-1
43,43,882,11,28,43,1,2,-1,-1
43,44,481,858,40,94,1,1,-1,-1
43,45,1483,722,115,75,1,7,-1,-1
43,46,1502,1001,60,59,1,1,-1,-1
43,80,1208,716,36,83,1,1,-1,-1
43,81,1012,34,33,46,1,2,-1,-1
43,82,1620,76,63,34,1,10,-1,-1
43,83,658,342,39,72,1,1,-1,-1
43,84,548,872,41,82,1,1,-1,-1
43,104,512,824,34,65,1,1,-1,-1
43,105,540,835,30,35,1,1,-1,-1
43,106,826,191,35,78,1,1,-1,-1
43,107,1259,0,553,92,1,6,-1,-1
43,108,1697,673,203,137,1,5,-1,-1
43,109,1835,946,34,60,1,1,-1,-1
43,179,700,24,24,58,1,1,-1,-1
43,180,442,797,40,73,1,1,-1,-1
43,181,131,927,103,113,1,10,-1,-1
43,254,395,652,43,79,1,1,-1,-1
43,255,1151,782,30,51,1,1,-1,-1
43,256,1444,955,46,96,1,1,-1,-1
43,257,1571,876,65,65,1,1,-1,-1
43,258,608,849,41,76,1,1,-1,-1
43,259,663,694,46,88,1,1,-1,-1
43,260,1418,758,51,82,1,1,-1,-1
43,261,467,582,275,124,1,4,-1,-1
43,262,737,828,41,63,1,1,-1,-1
43,263,756,704,93,58,1,4,-1,-1
43,264,988,764,48,71,1,2,-1,-1
44,8,1019,681,27,75,1,1,-1,-1
44,13,222,882,81,115,1,10,-1,-1
44,42,585,869,35,78,1,1,-1,-1
44,43,869,8,28,42,1,2,-1,-1
44,44,481,859,40,94,1,1,-1,-1
44,45,1482,721,115,75,1,7,-1,-1
44,46,1500,996,59,63,1,1,-1,-1
44,81,1002,33,32,46,1,2,-1,-1
44,82,1632,75,63,34,1,10,-1,-1
44,83,677,338,31,69,1,1,-1,-1
44,84,547,873,41,81,1,1,-1,-1
44,104,510,824,34,65,1,1,-1,-1
44,105,539,835,30,35,1,1,-1,-1
44,106,826,192,34,78,1,1,-1,-1
44,107,1261,0,554,91,1,6,-1,-1
44,108,1696,672,203,137,1,5,-1,-1
44,109,1831,936,41,71,1,1,-1,-1
44,110,664,735,35,101,1,1,-1,-1
44,111,700,967,45,99,1,1,-1,-1
44,179,700,24,24,58,1,1,-1,-1
44,180,442,797,41,73,1,1,-1,-1
44,181,131,928,103,113,1,10,-1,-1
44,258,608,849,40,76,1,1,-1,-1
44,259,664,695,46,88,1,1,-1,-1
44,260,1418,758,51,82,1,1,-1,-1
44,261,467,582,275,124,1,4,-1,-1
44,262,736,832,41,63,1,1,-1,-1
44,263,755,704,93,58,1,4,-1,-1
44,264,991,800,47,68,1,2,-1,-1
44,265,748,26,25,58,1,1,-1,-1
45,8,1019,681,27,75,1,1,-1,-1
45,13,221,885,81,115,1,10,-1,-1
45,43,856,6,28,42,1,2,-1,-1
45,44,481,860,40,94,1,1,-1,-1
45,45,1482,721,115,75,1,7,-1,-1
45,46,1498,991,59,66,1,1,-1,-1
45,83,677,340,31,69,1,1,-1,-1
45,84,547,875,41,80,1,1,-1,-1
45,104,509,824,34,65,1,1,-1,-1
45,105,539,835,30,35,1,1,-1,-1
45,106,828,192,33,78,1,1,-1,-1
45,107,1263,0,555,91,1,6,-1,-1
45,108,1696,672,203,137,1,5,-1,-1
45,109,1830,937,41,71,1,1,-1,-1
45,110,665,737,35,101,1,1,-1,-1
45,111,665,968,64,107,1,1,-1,-1
45,180,443,797,40,73,1,1,-1,-1
45,181,131,928,103,113,1,10,-1,-1
45,258,608,850,40,76,1,1,-1,-1
45,259,665,695,46,88,1,1,-1,-1
45,260,1417,758,51,82,1,1,-1,-1
45,261,467,584,275,124,1,4,-1,-1
45,262,735,836,41,63,1,1,-1,-1
45,263,756,706,93,58,1,4,-1,-1
45,264,994,771,48,70,1,2,-1,-1
45,265,747,26,25,58,1,1,-1,-1
46,8,1020,681,27,76,1,1,-1,-1
46,13,220,887,81,115,1,10,-1,-1
46,43,843,4,28,42,1,2,-1,-1
46,44,481,860,40,94,1,1,-1,-1
46,45,1483,724,116,75,1,7,-1,-1
46,46,1496,986,59,70,1,1,-1,-1
46,47,966,47,52,37,1,10,-1,-1
46,83,658,346,39,72,1,1,-1,-1
46,84,547,877,41,79,1,1,-1,-1
46,107,1265,0,556,91,1,6,-1,-1
46,108,1696,671,203,137,1,5,-1,-1
46,109,1829,939,41,71,1,1,-1,-1
46,110,666,739,35,101,1,1,-1,-1
46,111,656,965,54,90,1,1,-1,-1
46,180,444,798,40,73,1,1,-1,-1
46,181,131,929,103,113,1,10,-1,-1
46,182,518,710,112,54,1,10,-1,-1
46,260,1417,758,51,82,1,1,-1,-1
46,261,459,588,263,119,1,4,-1,-1
46,262,734,840,41,63,1,1,-1,-1
46,263,758,708,93,58,1,4,-1,-1
46,264,985,764,48,69,1,2,-1,-1
46,265,747,26,25,58,1,1,-1,-1
46,266,429,857,40,98,1,1,-1,-1
46,267,1663,78,63,34,1,10,-1,-1
47,8,1020,681,28,77,1,1,-1,-1
47,13,219,889,81,115,1,10,-1,-1
47,29,1155,789,30,51,1,1,-1,-1
47,44,481,861,40,94,1,1,-1,-1
47,45,1484,728,117,75,1,7,-1,-1
47,46,1495,985,58,83,1,1,-1,-1
47,47,956,46,52,37,1,10,-1,-1
47,48,472,822,43,80,1,1,-1,-1
47,83,658,347,39,72,1,1,-1,-1
47,84,547,879,41,78,1,1,-1,-1
47,107,1267,0,556,91,1,6,-1,-1
47,108,1695,670,203,137,1,5,-1,-1
47,109,1828,941,41,71,1,1,-1,-1
47,110,667,741,35,101,1,1,-1,-1
47,111,659,967,54,90,1,1,-1,-1
47,112,1020,168,163,91,1,5,-1,-1
47,181,158,920,87,96,1,10,-1,-1
47,182,517,710,112,54,1,10,-1,-1
47,262,733,844,41,63,1,1,-1,-1
47,263,802,720,36,49,1,2,-1,-1
47,264,984,764,48,69,1,2,-1,-1
47,265,747,26,25,58,1,1,-1,-1
47,266,431,853,34,83,1,1,-1,-1
47,267,1681,81,63,34,1,10,-1,-1
48,8,1021,682,28,77,1,1,-1,-1
48,13,218,892,81,115,1,10,-1,-1
48,14,1207,721,36,83,1,1,-1,-1
48,29,1154,797,30,51,1,1,-1,-1
48,44,481,862,40,94,1,1,-1,-1
48,45,1486,731,118,75,1,7,-1,-1
48,46,1492,986,59,77,1,1,-1,-1
48,47,947,45,52,37,1,10,-1,-1
48,48,486,809,41,76,1,1,-1,-1
48,83,678,345,31,69,1,1,-1,-1
48,84,547,881,41,77,1,1,-1,-1
48,107,1269,0,557,91,1,6,-1,-1
48,108,1695,669,203,137,1,5,-1,-1
48,109,1827,943,41,71,1,1,-1,-1
48,110,667,744,35,101,1,1,-1,-1
48,111,663,969,54,90,1,1,-1,-1
48,112,1016,168,163,91,1,5,-1,-1
48,113,583,876,34,73,1,1,-1,-1
48,181,131,930,103,113,1,10,-1,-1
48,182,516,710,112,54,1,10,-1,-1
48,265,747,26,25,58,1,1,-1,-1
48,266,426,849,35,86,1,1,-1,-1
48,267,1699,84,63,34,1,10,-1,-1
49,8,1023,684,28,77,1,1,-1,-1
49,13,217,894,81,115,1,10,-1,-1
49,14,1209,724,36,83,1,1,-1,-1
49,29,1151,802,30,51,1,1,-1,-1
49,45,1487,735,119,75,1,7,-1,-1
49,46,1491,998,59,71,1,1,-1,-1
49,47,944,44,52,37,1,10,-1,-1
49,48,486,809,41,76,1,1,-1,-1
49,84,547,883,41,76,1,1,-1,-1
49,85,719,857,37,63,1,1,-1,-1
49,107,1271,0,558,90,1,6,-1,-1
49,108,1695,669,203,137,1,5,-1,-1
49,109,1826,945,41,71,1,1,-1,-1
49,110,668,746,35,101,1,1,-1,-1
49,111,666,970,54,90,1,1,-1,-1
49,112,1016,169,163,91,1,5,-1,-1
49,113,583,878,33,72,1,1,-1,-1
49,182,516,710,112,54,1,10,-1,-1
49,183,503,804,50,92,1,1,-1,-1
49,266,432,855,34,83,1,1,-1,-1
49,267,1717,87,63,34,1,10,-1,-1
50,8,1026,686,28,77,1,1,-1,-1
50,13,216,896,81,115,1,10,-1,-1
50,14,1210,727,36,83,1,1,-1,-1
50,15,658,351,39,72,1,1,-1,-1
50,29,1148,807,31,51,1,1,-1,-1
50,46,1492,996,59,70,1,1,-1,-1
50,47,941,44,52,37,1,10,-1,-1
50,48,463,805,43,80,1,1,-1,-1
50,84,547,885,41,75,1,1,-1,-1
50,85,730,856,41,63,1,1,-1,-1
50,110,669,748,35,101,1,1,-1,-1
50,111,670,972,54,90,1,1,-1,-1
50,112,1017,170,163,91,1,5,-1,-1
50,113,583,880,33,71,1,1,-1,-1
50,114,665,319,35,79,1,1,-1,-1
50,115,993,666,34,76,1,1,-1,-1
50,182,519,711,112,54,1,10,-1,-1
50,183,487,810,41,76,1,1,-1,-1
50,266,432,856,34,83,1,1,-1,-1
50,267,1735,90,63,34,1,10,-1,-1
51,8,1028,688,29,77,1,1,-1,-1
51,13,215,899,81,115,1,10,-1,-1
51,14,1212,730,36,83,1,1,-1,-1
51,15,658,353,39,72,1,1,-1,-1
51,29,1153,817,31,51,1,1,-1,-1
51,46,1501,1002,59,63,1,1,-1,-1
51,47,950,29,31,46,1,2,-1,-1
51,48,446,800,41,73,1,1,-1,-1
51,85,729,860,41,63,1,1,-1,-1
51,112,1017,171,163,91,1,5,-1,-1
51,113,584,880,33,72,1,1,-1,-1
51,114,667,310,33,75,1,1,-1,-1
51,115,995,669,35,76,1,1,-1,-1
51,182,522,713,112,54,1,10,-1,-1
51,183,487,810,41,76,1,1,-1,-1
51,268,765,719,93,58,1,4,-1,-1
52,13,214,901,81,115,1,10,-1,-1
52,14,1214,733,36,83,1,1,-1,-1
52,15,658,354,39,72,1,1,-1,-1
52,29,1158,827,31,51,1,1,-1,-1
52,47,936,43,52,37,1,10,-1,-1
52,48,447,800,41,73,1,1,-1,-1
52,85,728,864,41,63,1,1,-1,-1
52,86,1698,682,201,137,1,5,-1,-1
52,112,1018,172,163,91,1,5,-1,-1
52,113,586,881,33,73,1,1,-1,-1
52,114,666,322,34,79,1,1,-1,-1
52,115,998,672,34,76,1,1,-1,-1
52,116,1573,144,180,92,1,4,-1,-1
52,183,488,811,41,76,1,1,-1,-1
52,184,643,838,41,69,1,1,-1,-1
52,268,808,729,36,49,1,2,-1,-1
52,269,709,30,23,58,1,1,-1,-1
53,9,1115,491,85,57,1,10,-1,-1
53,13,213,903,81,115,1,10,-1,-1
53,14,1215,735,36,84,1,1,-1,-1
53,15,658,355,39,72,1,1,-1,-1
53,29,1164,838,30,51,1,1,-1,-1
53,47,934,43,52,36,1,10,-1,-1
53,48,448,801,41,73,1,1,-1,-1
53,85,728,868,40,63,1,1,-1,-1
53,86,1700,687,199,136,1,5,-1,-1
53,112,1014,174,150,84,1,5,-1,-1
53,113,568,882,38,71,1,1,-1,-1
53,114,667,323,34,79,1,1,-1,-1
53,115,1000,675,35,76,1,1,-1,-1
53,116,1556,121,158,81,1,4,-1,-1
53,117,769,874,37,81,1,1,-1,-1
53,183,489,812,41,76,1,1,-1,-1
53,184,645,841,41,70,1,1,-1,-1
53,185,297,443,262,152,1,4,-1,-1
53,186,528,716,112,54,1,10,-1,-1
53,268,768,724,93,58,1,4,-1,-1
53,269,711,31,23,58,1,1,-1,-1
53,270,816,740,37,91,1,1,-1,-1
53,271,1457,979,45,82,1,1,-1,-1
54,9,1133,494,85,57,1,10,-1,-1
54,14,1217,738,36,84,1,1,-1,-1
54,15,658,357,39,72,1,1,-1,-1
54,29,1161,846,30,51,1,1,-1,-1
54,30,631,333,30,73,1,1,-1,-1
54,47,931,43,52,36,1,10,-1,-1
54,48,454,781,44,78,1,1,-1,-1
54,85,723,876,41,63,1,1,-1,-1
54,86,1701,691,198,137,1,5,-1,-1
54,113,555,893,41,77,1,1,-1,-1
54,114,667,325,34,79,1,1,-1,-1
54,115,1003,679,35,76,1,1,-1,-1
54,116,1546,122,158,81,1,4,-1,-1
54,117,766,878,38,81,1,1,-1,-1
54,183,496,832,44,81,1,1,-1,-1
54,184,647,845,41,70,1,1,-1,-1
54,185,318,441,261,149,1,4,-1,-1
54,186,531,717,112,54,1,10,-1,-1
54,268,770,726,93,58,1,4,-1,-1
54,269,713,32,22,58,1,1,-1,-1
54,270,816,744,38,90,1,1,-1,-1
54,271,1459,982,45,82,1,1,-1,-1
54,272,710,897,27,48,1,1,-1,-1
54,273,706,992,46,77,1,1,-1,-1
55,9,1152,498,85,57,1,10,-1,-1
55,14,1219,741,36,84,1,1,-1,-1
55,15,680,358,30,69,1,1,-1,-1
55,20,673,759,35,101,1,1,-1,-1
55,29,1159,855,30,51,1,1,-1,-1
55,30,632,334,30,73,1,1,-1,-1
55,48,445,807,41,73,1,1,-1,-1
55,49,1279,0,560,97,1,6,-1,-1
55,85,718,885,42,63,1,1,-1,-1
55,86,1702,696,198,136,1,5,-1,-1
55,114,658,358,39,72,1,1,-1,-1
55,115,1002,681,35,76,1,1,-1,-1
55,116,1536,123,158,82,1,4,-1,-1
55,117,763,883,40,81,1,1,-1,-1
55,184,646,850,41,70,1,1,-1,-1
55,185,330,440,261,148,1,4,-1,-1
55,186,534,719,112,54,1,10,-1,-1
55,268,771,728,93,58,1,4,-1,-1
55,269,715,33,22,58,1,1,-1,-1
55,270,817,748,39,90,1,1,-1,-1
55,271,1461,986,45,80,1,1,-1,-1
55,272,705,905,27,48,1,1,-1,-1
55,273,706,994,46,75,1,1,-1,-1
55,274,848,198,31,79,1,1,-1,-1
56,9,1170,501,85,57,1,10,-1,-1
56,14,1220,744,36,84,1,1,-1,-1
56,15,681,360,30,69,1,1,-1,-1
56,20,674,761,35,101,1,1,-1,-1
56,29,1157,864,30,51,1,1,-1,-1
56,30,633,336,30,73,1,1,-1,-1
56,49,1279,0,560,101,1,6,-1,-1
56,50,1582,895,65,65,1,1,-1,-1
56,85,713,894,44,63,1,1,-1,-1
56,86,1704,700,196,137,1,5,-1,-1
56,114,669,328,33,79,1,1,-1,-1
56,115,1001,683,35,76,1,1,-1,-1
56,116,1526,124,158,82,1,4,-1,-1
56,117,760,888,41,81,1,1,-1,-1
56,118,785,747,37,50,1,2,-1,-1
56,184,646,856,41,70,1,1,-1,-1
56,185,343,440,260,147,1,4,-1,-1
56,186,537,720,112,54,1,10,-1,-1
56,187,1034,702,30,76,1,1,-1,-1
56,269,717,34,22,58,1,1,-1,-1
56,270,818,751,39,91,1,1,-1,-1
56,271,1463,990,45,79,1,1,-1,-1
56,272,700,913,27,48,1,1,-1,-1
56,273,706,997,46,72,1,1,-1,-1
56,274,851,199,30,79,1,1,-1,-1
57,9,1212,485,43,69,1,2,-1,-1
57,14,1222,747,36,84,1,1,-1,-1
57,15,681,363,30,69,1,1,-1,-1
57,20,675,764,35,101,1,1,-1,-1
57,30,630,339,30,73,1,1,-1,-1
57,31,209,913,81,115,1,10,-1,-1
57,49,1281,0,560,103,1,6,-1,-1
57,50,1582,897,65,65,1,1,-1,-1
57,86,1705,705,195,136,1,5,-1,-1
57,116,1516,125,158,82,1,4,-1,-1
57,117,757,892,43,82,1,1,-1,-1
57,118,772,735,93,58,1,4,-1,-1
57,184,632,847,45,76,1,1,-1,-1
57,185,355,440,260,145,1,4,-1,-1
57,186,540,722,112,54,1,10,-1,-1
57,187,1033,706,30,76,1,1,-1,-1
57,270,818,755,41,90,1,1,-1,-1
57,271,1468,994,59,98,1,1,-1,-1
57,272,695,921,27,48,1,1,-1,-1
57,273,706,999,46,70,1,1,-1,-1
57,274,849,201,30,79,1,1,-1,-1
58,9,1206,507,85,57,1,10,-1,-1
58,14,1224,750,36,84,1,1,-1,-1
58,15,681,366,30,69,1,1,-1,-1
58,20,671,768,35,101,1,1,-1,-1
58,30,627,342,30,73,1,1,-1,-1
58,31,208,915,81,115,1,10,-1,-1
58,49,1283,0,561,105,1,6,-1,-1
58,50,1582,900,65,65,1,1,-1,-1
58,86,1706,709,195,137,1,5,-1,-1
58,87,476,610,275,124,1,4,-1,-1
58,116,1506,126,158,82,1,4,-1,-1
58,117,754,897,44,82,1,1,-1,-1
58,118,813,746,36,49,1,2,-1,-1
58,185,368,440,259,144,1,4,-1,-1
58,186,538,727,112,54,1,10,-1,-1
58,187,1033,710,30,76,1,1,-1,-1
58,188,897,47,52,36,1,10,-1,-1
58,272,690,929,27,48,1,1,-1,-1
58,273,706,1002,46,67,1,1,-1,-1
58,274,848,203,30,79,1,1,-1,-1
59,9,1225,511,85,57,1,10,-1,-1
59,14,1224,753,36,84,1,1,-1,-1
59,15,681,369,30,69,1,1,-1,-1
59,20,667,773,35,101,1,1,-1,-1
59,30,634,322,32,79,1,1,-1,-1
59,31,207,917,81,115,1,10,-1,-1
59,49,1285,1,562,106,1,6,-1,-1
59,50,1582,902,65,65,1,1,-1,-1
59,86,1707,714,194,136,1,5,-1,-1
59,87,519,617,231,104,1,4,-1,-1
59,117,751,902,46,82,1,1,-1,-1
59,118,772,743,93,58,1,4,-1,-1
59,187,1033,714,30,76,1,1,-1,-1
59,188,887,49,51,36,1,10,-1,-1
59,189,956,75,163,85,1,4,-1,-1
59,274,847,205,30,79,1,1,-1,-1
60,9,1243,513,85,57,1,10,-1,-1
60,15,681,372,30,69,1,1,-1,-1
60,16,536,738,112,54,1,10,-1,-1
60,20,669,743,51,97,1,1,-1,-1
60,30,644,322,40,93,1,1,-1,-1
60,31,206,920,81,115,1,10,-1,-1
60,49,1287,1,562,108,1,6,-1,-1
60,50,1583,905,65,65,1,1,-1,-1
60,51,1486,129,158,82,1,4,-1,-1
60,87,480,598,280,127,1,4,-1,-1
60,118,771,747,93,58,1,4,-1,-1
60,119,1256,688,215,137,1,7,-1,-1
60,187,1033,718,30,76,1,1,-1,-1
60,188,876,50,51,36,1,10,-1,-1
60,189,949,75,163,85,1,4,-1,-1
60,275,735,52,21,43,1,1,-1,-1
61,9,1261,516,85,57,1,10,-1,-1
61,15,681,375,30,69,1,1,-1,-1
61,16,528,757,120,58,1,10,-1,-1
61,20,673,759,46,88,1,1,-1,-1
61,30,647,342,34,79,1,1,-1,-1
61,31,205,922,81,115,1,10,-1,-1
61,49,1289,1,563,110,1,6,-1,-1
61,50,1583,910,65,65,1,1,-1,-1
61,51,1473,130,157,81,1,4,-1,-1
61,87,474,620,274,126,1,4,-1,-1
61,118,771,751,93,58,1,4,-1,-1
61,119,1256,692,215,137,1,7,-1,-1
61,187,1033,723,30,76,1,1,-1,-1
61,188,866,52,51,36,1,10,-1,-1
61,189,942,75,162,85,1,4,-1,-1
61,275,735,53,21,43,1,1,-1,-1
61,276,1140,858,30,55,1,1,-1,-1
61,277,1224,761,36,84,1,1,-1,-1
62,9,1279,519,85,57,1,10,-1,-1
62,16,533,750,112,54,1,10,-1,-1
62,20,672,765,46,88,1,1,-1,-1
62,30,645,346,34,78,1,1,-1,-1
62,31,204,925,81,115,1,10,-1,-1
62,49,1292,2,563,111,1,6,-1,-1
62,50,1584,916,65,65,1,1,-1,-1
62,51,1460,131,157,81,1,4,-1,-1
62,52,419,905,34,83,1,1,-1,-1
62,87,472,623,274,128,1,4,-1,-1
62,118,814,750,35,48,1,2,-1,-1
62,119,1257,696,215,137,1,7,-1,-1
62,188,857,53,51,36,1,10,-1,-1
62,189,935,75,162,85,1,4,-1,-1
62,275,736,55,21,42,1,1,-1,-1
62,276,1140,868,30,55,1,1,-1,-1
62,277,1224,765,36,84,1,1,-1,-1
63,9,1297,521,85,58,1,10,-1,-1
63,16,532,755,112,54,1,10,-1,-1
63,20,671,770,46,88,1,1,-1,-1
63,30,644,350,34,78,1,1,-1,-1
63,31,199,932,82,112,1,10,-1,-1
63,49,1294,2,564,113,1,6,-1,-1
63,50,1585,922,65,65,1,1,-1,-1
63,51,1447,133,157,79,1,4,-1,-1
63,52,415,912,35,83,1,1,-1,-1
63,87,471,627,274,129,1,4,-1,-1
63,119,1257,700,215,137,1,7,-1,-1
63,188,849,54,51,36,1,10,-1,-1
63,189,928,75,162,85,1,4,-1,-1
63,275,737,57,21,42,1,1,-1,-1
63,276,1140,879,31,55,1,1,-1,-1
63,277,1224,769,36,84,1,1,-1,-1
64,9,1316,524,85,57,1,10,-1,-1
64,16,530,761,112,54,1,10,-1,-1
64,20,670,776,46,88,1,1,-1,-1
64,31,195,940,82,109,1,10,-1,-1
64,50,1586,927,65,65,1,1,-1,-1
64,51,1434,134,157,79,1,4,-1,-1
64,52,412,919,35,83,1,1,-1,-1
64,87,475,681,224,106,1,4,-1,-1
64,119,1258,704,215,137,1,7,-1,-1
64,120,638,385,33,73,1,1,-1,-1
64,121,761,779,87,53,1,4,-1,-1
64,189,922,75,160,85,1,4,-1,-1
64,275,738,59,20,41,1,1,-1,-1
64,276,1140,889,32,55,1,1,-1,-1
64,277,1225,776,37,84,1,1,-1,-1
65,9,1332,520,34,59,1,2,-1,-1
65,16,529,766,112,54,1,10,-1,-1
65,20,669,781,46,88,1,1,-1,-1
65,31,191,947,82,107,1,10,-1,-1
65,51,1421,135,157,79,1,4,-1,-1
65,52,409,926,35,83,1,1,-1,-1
65,53,479,812,29,59,1,1,-1,-1
65,87,468,634,273,131,1,4,-1,-1
65,88,431,643,51,85,1,1,-1,-1
65,119,1229,696,262,167,1,7,-1,-1
65,120,634,389,33,73,1,1,-1,-1
65,121,810,781,36,49,1,2,-1,-1
65,122,754,795,24,49,1,1,-1,-1
65,190,568,943,35,79,1,1,-1,-1
65,276,1140,899,32,55,1,1,-1,-1
65,277,1226,783,38,84,1,1,-1,-1
65,278,958,879,58,67,1,2,-1,-1
65,279,1139,958,30,51,1,1,-1,-1
65,280,1179,967,56,102,1,1,-1,-1
65,281,1298,3,565,116,1,6,-1,-1
66,16,528,772,112,54,1,10,-1,-1
66,31,187,955,82,104,1,10,-1,-1
66,51,1408,137,157,77,1,4,-1,-1
66,52,406,934,35,83,1,1,-1,-1
66,53,478,818,29,59,1,1,-1,-1
66,88,429,644,51,85,1,1,-1,-1
66,119,1259,712,215,137,1,7,-1,-1
66,120,630,393,33,73,1,1,-1,-1
66,121,809,786,36,49,1,2,-1,-1
66,122,753,800,24,49,1,1,-1,-1
66,123,468,439,255,133,1,4,-1,-1
66,190,568,947,35,79,1,1,-1,-1
66,278,958,884,58,67,1,2,-1,-1
66,279,1137,969,30,51,1,1,-1,-1
66,280,1179,949,45,82,1,1,-1,-1
66,281,1300,3,566,118,1,6,-1,-1
66,282,1565,935,72,72,1,1,-1,-1
67,16,527,778,112,54,1,10,-1,-1
67,51,1395,138,157,77,1,4,-1,-1
67,52,406,937,35,83,1,1,-1,-1
67,53,477,824,29,59,1,1,-1,-1
67,88,417,673,42,69,1,1,-1,-1
67,120,630,397,33,73,1,1,-1,-1
67,121,809,791,36,49,1,2,-1,-1
67,122,753,804,24,49,1,1,-1,-1
67,123,483,440,254,133,1,4,-1,-1
67,124,1140,920,34,55,1,1,-1,-1
67,190,568,951,35,79,1,1,-1,-1
67,278,960,891,58,67,1,2,-1,-1
67,279,1136,981,30,51,1,1,-1,-1
67,280,1161,941,55,101,1,1,-1,-1
67,281,1302,4,566,119,1,6,-1,-1
67,282,1594,946,65,65,1,1,-1,-1
68,16,526,783,112,54,1,10,-1,-1
68,51,1382,140,157,76,1,4,-1,-1
68,52,406,941,35,83,1,1,-1,-1
68,53,476,831,29,59,1,1,-1,-1
68,54,1262,726,219,137,1,7,-1,-1
68,88,402,644,46,84,1,1,-1,-1
68,89,744,958,45,81,1,1,-1,-1
68,120,630,401,33,73,1,1,-1,-1
68,121,769,780,93,57,1,4,-1,-1
68,122,752,809,24,49,1,1,-1,-1
68,123,498,442,253,133,1,4,-1,-1
68,124,1143,930,33,57,1,1,-1,-1
68,125,650,822,35,101,1,1,-1,-1
68,190,567,956,35,79,1,1,-1,-1
68,278,962,899,58,67,1,2,-1,-1
68,279,1134,994,29,53,1,1,-1,-1
68,280,1184,965,45,82,1,1,-1,-1
68,281,1305,4,566,121,1,6,-1,-1
68,282,1601,954,65,65,1,1,-1,-1
68,283,627,936,41,71,1,1,-1,-1
69,16,526,788,112,54,1,10,-1,-1
69,52,406,945,35,83,1,1,-1,-1
69,53,478,819,35,72,1,1,-1,-1
69,54,1264,733,221,137,1,7,-1,-1
69,88,390,661,42,79,1,1,-1,-1
69,89,744,962,45,81,1,1,-1,-1
69,120,632,393,31,74,1,1,-1,-1
69,121,769,784,93,57,1,4,-1,-1
69,122,752,813,24,49,1,1,-1,-1
69,123,513,444,253,133,1,4,-1,-1
69,124,1146,936,39,71,1,1,-1,-1
69,125,649,828,35,101,1,1,-1,-1
69,126,710,854,39,88,1,1,-1,-1
69,190,567,962,35,79,1,1,-1,-1
69,191,824,812,56,113,1,1,-1,-1
69,278,964,906,58,67,1,2,-1,-1
69,279,1132,1008,28,55,1,1,-1,-1
69,280,1187,973,45,82,1,1,-1,-1
69,281,1307,5,567,122,1,6,-1,-1
69,282,1608,962,65,65,1,1,-1,-1
69,283,627,943,41,71,1,1,-1,-1
69,284,816,64,52,36,1,10,-1,-1
69,285,808,801,36,49,1,2,-1,-1
69,286,888,76,158,85,1,4,-1,-1
70,16,525,793,112,54,1,10,-1,-1
70,52,406,949,35,83,1,1,-1,-1
70,53,475,843,29,59,1,1,-1,-1
70,54,1265,740,223,137,1,7,-1,-1
70,88,390,664,42,78,1,1,-1,-1
70,89,749,970,45,81,1,1,-1,-1
70,120,645,382,34,78,1,1,-1,-1
70,121,769,789,93,57,1,4,-1,-1
70,122,752,818,24,49,1,1,-1,-1
70,123,528,446,252,132,1,4,-1,-1
70,124,1152,951,34,60,1,1,-1,-1
70,125,648,834,35,101,1,1,-1,-1
70,126,723,874,39,87,1,1,-1,-1
70,190,567,967,35,79,1,1,-1,-1
70,191,823,820,46,91,1,1,-1,-1
70,282,1614,967,65,65,1,1,-1,-1
70,283,627,947,41,71,1,1,-1,-1
70,284,814,66,52,36,1,10,-1,-1
70,285,808,806,36,49,1,2,-1,-1
70,286,882,76,158,85,1,4,-1,-1
71,16,525,798,112,54,1,10,-1,-1
71,17,658,414,30,69,1,1,-1,-1
71,32,1223,924,39,91,1,1,-1,-1
71,53,475,849,29,59,1,1,-1,-1
71,54,1267,747,225,137,1,7,-1,-1
71,88,391,666,41,79,1,1,-1,-1
71,89,749,982,45,81,1,1,-1,-1
71,122,750,825,24,49,1,1,-1,-1
71,123,543,448,252,132,1,4,-1,-1
71,124,1151,963,34,60,1,1,-1,-1
71,125,655,836,32,91,1,1,-1,-1
71,126,714,866,39,88,1,1,-1,-1
71,127,743,71,19,39,1,1,-1,-1
71,191,821,827,48,91,1,1,-1,-1
71,192,631,414,33,73,1,1,-1,-1
71,283,627,952,41,71,1,1,-1,-1
71,284,811,68,52,36,1,10,-1,-1
71,285,806,812,36,50,1,2,-1,-1
71,286,877,77,157,85,1,4,-1,-1
72,17,647,392,34,78,1,1,-1,-1
72,32,1224,935,39,91,1,1,-1,-1
72,53,475,855,29,59,1,1,-1,-1
72,54,1269,754,227,137,1,7,-1,-1
72,88,391,669,41,78,1,1,-1,-1
72,89,747,989,45,75,1,1,-1,-1
72,123,558,450,251,132,1,4,-1,-1
72,124,1150,975,34,60,1,1,-1,-1
72,125,640,841,35,101,1,1,-1,-1
72,126,711,873,40,88,1,1,-1,-1
72,127,743,73,19,39,1,1,-1,-1
72,191,819,835,50,91,1,1,-1,-1
72,192,632,419,33,73,1,1,-1,-1
72,193,1350,146,157,76,1,4,-1,-1
72,283,625,956,41,71,1,1,-1,-1
72,284,809,70,52,36,1,10,-1,-1
72,285,805,819,36,50,1,2,-1,-1
72,286,871,78,157,85,1,4,-1,-1
72,287,658,418,30,69,1,1,-1,-1
73,10,860,215,30,79,1,1,-1,-1
73,17,648,397,34,78,1,1,-1,-1
73,32,1223,942,39,91,1,1,-1,-1
73,53,475,861,29,59,1,1,-1,-1
73,54,1271,761,229,137,1,7,-1,-1
73,89,745,997,45,69,1,1,-1,-1
73,124,1149,988,34,60,1,1,-1,-1
73,125,636,845,35,101,1,1,-1,-1
73,126,709,880,40,88,1,1,-1,-1
73,127,743,75,18,39,1,1,-1,-1
73,191,818,843,52,91,1,1,-1,-1
73,192,632,423,33,73,1,1,-1,-1
73,193,1336,147,157,76,1,4,-1,-1
73,284,801,71,52,36,1,10,-1,-1
73,285,804,825,35,52,1,2,-1,-1
73,286,866,79,156,85,1,4,-1,-1
73,287,658,422,30,69,1,1,-1,-1
74,10,860,216,30,79,1,1,-1,-1
74,17,650,402,34,79,1,1,-1,-1
74,32,1222,950,39,91,1,1,-1,-1
74,54,1272,768,231,137,1,7,-1,-1
74,89,746,1004,45,64,1,1,-1,-1
74,125,632,848,35,101,1,1,-1,-1
74,126,707,888,40,88,1,1,-1,-1
74,127,743,77,18,39,1,1,-1,-1
74,128,1318,7,570,130,1,6,-1,-1
74,191,815,850,52,91,1,1,-1,-1
74,192,633,428,33,73,1,1,-1,-1
74,193,1323,149,157,76,1,4,-1,-1
74,287,659,427,30,69,1,1,-1,-1
75,10,859,217,31,79,1,1,-1,-1
75,17,649,406,34,79,1,1,-1,-1
75,32,1222,958,39,91,1,1,-1,-1
75,54,1274,775,233,137,1,7,-1,-1
75,89,745,1012,45,56,1,1,-1,-1
75,126,705,895,40,88,1,1,-1,-1
75,127,742,78,19,39,1,1,-1,-1
75,128,1320,9,569,130,1,6,-1,-1
75,192,632,433,33,73,1,1,-1,-1
75,193,1309,150,157,76,1,4,-1,-1
75,287,658,432,30,70,1,1,-1,-1
75,288,855,81,156,84,1,4,-1,-1
76,10,859,218,31,79,1,1,-1,-1
76,17,649,410,34,79,1,1,-1,-1
76,32,1222,965,39,90,1,1,-1,-1
76,54,1233,785,275,160,1,7,-1,-1
76,127,742,80,18,39,1,1,-1,-1
76,128,1322,11,568,130,1,6,-1,-1
76,192,632,438,33,74,1,1,-1,-1
76,193,1296,152,157,76,1,4,-1,-1
76,287,658,438,30,70,1,1,-1,-1
76,288,849,82,156,84,1,4,-1,-1
76,289,150,276,173,97,1,4,-1,-1
76,290,457,926,41,77,1,1,-1,-1
76,291,742,864,24,49,1,1,-1,-1
77,10,859,219,31,79,1,1,-1,-1
77,17,658,443,30,71,1,1,-1,-1
77,32,1222,972,39,90,1,1,-1,-1
77,127,742,82,18,39,1,1,-1,-1
77,128,1324,14,568,130,1,6,-1,-1
77,129,701,910,40,88,1,1,-1,-1
77,130,967,961,57,79,1,2,-1,-1
77,193,1282,153,157,76,1,4,-1,-1
77,288,844,83,155,84,1,4,-1,-1
77,289,169,281,173,97,1,4,-1,-1
77,290,454,935,41,77,1,1,-1,-1
77,291,740,871,24,49,1,1,-1,-1
77,292,457,694,284,143,1,4,-1,-1
77,293,730,65,21,57,1,1,-1,-1
77,294,1549,878,135,84,1,7,-1,-1
78,10,859,220,31,79,1,1,-1,-1
78,17,649,419,34,79,1,1,-1,-1
78,32,1222,979,39,90,1,1,-1,-1
78,128,1327,16,566,130,1,6,-1,-1
78,129,699,918,40,88,1,1,-1,-1
78,130,965,970,57,79,1,2,-1,-1
78,288,838,84,155,84,1,4,-1,-1
78,289,188,287,173,97,1,4,-1,-1
78,290,452,943,41,77,1,1,-1,-1
78,291,738,879,24,49,1,1,-1,-1
78,292,453,699,288,146,1,4,-1,-1
78,293,730,67,21,57,1,1,-1,-1
78,294,1549,885,136,85,1,7,-1,-1
79,10,864,221,31,79,1,1,-1,-1
79,17,655,428,32,76,1,1,-1,-1
79,32,1227,987,39,82,1,1,-1,-1
79,128,1329,18,565,130,1,6,-1,-1
79,129,697,925,41,88,1,1,-1,-1
79,130,964,976,57,79,1,2,-1,-1
79,194,808,887,51,91,1,1,-1,-1
79,288,833,85,155,84,1,4,-1,-1
79,289,207,294,173,97,1,4,-1,-1
79,290,449,952,41,77,1,1,-1,-1
79,291,737,887,24,49,1,1,-1,-1
79,292,453,704,288,146,1,4,-1,-1
79,293,732,69,22,57,1,1,-1,-1
79,294,1550,891,136,87,1,7,-1,-1
80,10,869,222,32,79,1,1,-1,-1
80,17,637,421,37,90,1,1,-1,-1
80,32,1232,996,39,73,1,1,-1,-1
80,128,1331,21,565,130,1,6,-1,-1
80,129,696,933,41,88,1,1,-1,-1
80,130,963,982,57,79,1,2,-1,-1
80,131,761,82,51,36,1,10,-1,-1
80,194,809,895,51,91,1,1,-1,-1
80,289,233,298,172,97,1,4,-1,-1
80,290,447,960,41,77,1,1,-1,-1
80,291,738,892,24,50,1,1,-1,-1
80,292,453,710,288,146,1,4,-1,-1
80,293,734,72,23,56,1,1,-1,-1
80,294,1551,898,137,88,1,7,-1,-1
80,295,962,829,33,75,1,1,-1,-1
81,10,874,223,32,79,1,1,-1,-1
81,17,648,432,34,79,1,1,-1,-1
81,129,695,941,42,88,1,1,-1,-1
81,130,963,989,57,78,1,2,-1,-1
81,131,761,85,50,35,1,10,-1,-1
81,194,810,902,51,91,1,1,-1,-1
81,292,453,716,288,146,1,4,-1,-1
81,293,737,74,23,56,1,1,-1,-1
81,294,1557,906,137,88,1,7,-1,-1
81,295,965,834,33,75,1,1,-1,-1
81,296,761,107,24,56,1,1,-1,-1
82,10,879,224,33,79,1,1,-1,-1
82,17,648,437,34,79,1,1,-1,-1
82,129,696,948,43,88,1,1,-1,-1
82,130,966,996,57,71,1,2,-1,-1
82,131,757,86,51,36,1,10,-1,-1
82,132,285,306,172,97,1,4,-1,-1
82,133,832,87,155,84,1,4,-1,-1
82,194,782,886,107,73,1,4,-1,-1
82,195,402,932,47,53,1,1,-1,-1
82,295,968,839,33,75,1,1,-1,-1
82,296,762,110,25,56,1,1,-1,-1
82,297,803,883,34,57,1,2,-1,-1
82,298,1248,904,44,84,1,1,-1,-1
83,10,884,225,33,79,1,1,-1,-1
83,129,697,955,44,88,1,1,-1,-1
83,130,969,1004,57,63,1,2,-1,-1
83,131,755,88,51,36,1,10,-1,-1
83,132,311,309,172,97,1,4,-1,-1
83,133,832,88,155,84,1,4,-1,-1
83,194,768,880,94,64,1,4,-1,-1
83,195,403,955,47,53,1,1,-1,-1
83,295,971,845,33,75,1,1,-1,-1
83,296,764,114,25,55,1,1,-1,-1
83,297,806,895,32,54,1,2,-1,-1
83,298,1251,912,45,84,1,1,-1,-1
83,299,658,893,46,88,1,1,-1,-1
84,10,890,227,33,79,1,1,-1,-1
84,131,753,90,51,36,1,10,-1,-1
84,132,337,313,172,97,1,4,-1,-1
84,133,832,89,155,84,1,4,-1,-1
84,194,771,886,94,64,1,4,-1,-1
84,195,402,965,47,53,1,1,-1,-1
84,196,1786,267,115,68,1,7,-1,-1
84,295,974,850,33,75,1,1,-1,-1
84,296,769,117,25,55,1,1,-1,-1
84,297,808,895,34,58,1,2,-1,-1
84,298,1254,920,46,84,1,1,-1,-1
84,299,659,900,46,88,1,1,-1,-1
85,10,895,228,34,79,1,1,-1,-1
85,131,753,91,51,36,1,10,-1,-1
85,132,363,316,172,97,1,4,-1,-1
85,133,837,90,155,85,1,4,-1,-1
85,195,402,983,51,58,1,1,-1,-1
85,196,1775,270,126,70,1,7,-1,-1
85,197,610,466,31,72,1,1,-1,-1
85,296,775,121,25,55,1,1,-1,-1
85,297,810,901,34,58,1,2,-1,-1
85,298,1268,946,42,73,1,1,-1,-1
85,299,660,907,46,88,1,1,-1,-1
85,300,700,967,44,89,1,1,-1,-1
86,55,760,87,24,54,1,1,-1,-1
86,131,754,93,51,36,1,10,-1,-1
86,132,389,320,172,97,1,4,-1,-1
86,133,843,92,155,85,1,4,-1,-1
86,195,401,975,47,53,1,1,-1,-1
86,196,1765,273,137,72,1,7,-1,-1
86,197,610,471,31,72,1,1,-1,-1
86,198,457,949,29,59,1,1,-1,-1
86,199,648,455,33,79,1,1,-1,-1
86,297,775,898,94,64,1,4,-1,-1
86,298,1261,936,48,83,1,1,-1,-1
86,299,660,911,46,88,1,1,-1,-1
86,300,702,972,43,91,1,1,-1,-1
87,55,766,89,24,54,1,1,-1,-1
87,90,872,27,18,39,1,1,-1,-1
87,132,420,323,173,97,1,4,-1,-1
87,133,849,94,155,85,1,4,-1,-1
87,195,402,988,40,46,1,1,-1,-1
87,196,1758,276,144,72,1,7,-1,-1
87,197,613,476,31,72,1,1,-1,-1
87,198,462,955,29,59,1,1,-1,-1
87,199,653,459,33,79,1,1,-1,-1
87,299,661,915,46,88,1,1,-1,-1
87,300,704,979,43,90,1,1,-1,-1
87,301,1011,999,54,58,1,2,-1,-1
88,55,772,92,24,54,1,1,-1,-1
88,90,879,29,18,39,1,1,-1,-1
88,132,452,326,173,97,1,4,-1,-1
88,133,855,96,155,85,1,4,-1,-1
88,196,1751,280,151,71,1,7,-1,-1
88,197,617,482,31,72,1,1,-1,-1
88,198,468,961,29,59,1,1,-1,-1
88,199,658,464,34,79,1,1,-1,-1
88,300,710,984,43,85,1,1,-1,-1
88,301,1015,1005,54,58,1,2,-1,-1
88,302,598,922,35,101,1,1,-1,-1
89,55,766,78,32,46,1,2,-1,-1
89,90,886,31,18,40,1,1,-1,-1
89,134,1066,899,34,75,1,1,-1,-1
89,196,1743,278,145,65,1,7,-1,-1
89,197,621,487,30,72,1,1,-1,-1
89,198,468,963,29,59,1,1,-1,-1
89,199,663,469,34,78,1,1,-1,-1
89,300,716,990,43,79,1,1,-1,-1
89,301,1020,1012,54,57,1,2,-1,-1
89,302,599,925,35,101,1,1,-1,-1
90,55,767,80,32,45,1,2,-1,-1
90,90,876,21,24,49,1,1,-1,-1
90,134,1070,905,34,76,1,1,-1,-1
90,197,625,493,30,72,1,1,-1,-1
90,198,468,966,29,59,1,1,-1,-1
90,199,669,474,34,78,1,1,-1,-1
90,301,1027,1017,54,52,1,2,-1,-1
90,302,600,929,35,101,1,1,-1,-1
91,55,768,81,32,45,1,2,-1,-1
91,90,883,23,24,49,1,1,-1,-1
91,134,1074,912,34,76,1,1,-1,-1
91,198,469,969,29,59,1,1,-1,-1
91,199,666,478,34,78,1,1,-1,-1
91,200,529,337,173,97,1,4,-1,-1
91,301,1029,1022,54,47,1,2,-1,-1
91,302,601,932,35,101,1,1,-1,-1
92,55,769,83,32,45,1,2,-1,-1
92,90,891,25,24,49,1,1,-1,-1
92,91,827,970,57,85,1,1,-1,-1
92,134,1078,919,34,76,1,1,-1,-1
92,200,555,341,173,97,1,4,-1,-1
92,201,472,709,51,84,1,1,-1,-1
92,302,602,936,35,101,1,1,-1,-1
92,303,1044,889,36,79,1,1,-1,-1
93,55,770,84,32,45,1,2,-1,-1
93,90,891,26,24,49,1,1,-1,-1
93,91,827,976,57,82,1,1,-1,-1
93,134,1077,923,34,76,1,1,-1,-1
93,135,672,529,30,76,1,1,-1,-1
93,200,581,345,173,97,1,4,-1,-1
93,201,471,712,51,84,1,1,-1,-1
93,303,1043,893,37,79,1,1,-1,-1
94,55,772,86,32,45,1,2,-1,-1
94,90,892,28,24,49,1,1,-1,-1
94,91,815,985,66,92,1,1,-1,-1
94,134,1076,928,34,76,1,1,-1,-1
94,135,672,535,30,76,1,1,-1,-1
94,200,607,349,173,97,1,4,-1,-1
94,201,470,715,51,84,1,1,-1,-1
94,303,1042,898,38,78,1,1,-1,-1
94,304,876,696,33,88,1,1,-1,-1
95,91,828,987,57,76,1,1,-1,-1
95,134,1076,933,34,76,1,1,-1,-1
95,135,671,540,30,76,1,1,-1,-1
95,200,630,353,172,100,1,4,-1,-1
95,201,469,718,51,84,1,1,-1,-1
95,303,1042,902,38,79,1,1,-1,-1
95,304,876,701,33,90,1,1,-1,-1
96,91,828,993,57,73,1,1,-1,-1
96,135,665,517,36,86,1,1,-1,-1
96,136,666,955,46,88,1,1,-1,-1
96,200,653,358,172,103,1,4,-1,-1
96,201,454,723,49,80,1,1,-1,-1
96,303,1041,907,39,78,1,1,-1,-1
96,304,877,707,33,91,1,1,-1,-1
96,305,618,518,30,72,1,1,-1,-1
97,91,829,999,57,70,1,1,-1,-1
97,135,669,550,30,76,1,1,-1,-1
97,136,662,958,45,88,1,1,-1,-1
97,137,1644,300,169,67,1,7,-1,-1
97,201,468,724,51,84,1,1,-1,-1
97,304,877,713,33,92,1,1,-1,-1
97,305,617,522,30,72,1,1,-1,-1
97,306,1007,931,33,75,1,1,-1,-1
98,4,194,3,24,46,1,2,-1,-1
98,91,828,1004,57,65,1,1,-1,-1
98,135,669,556,30,76,1,1,-1,-1
98,136,658,961,45,88,1,1,-1,-1
98,137,1628,299,169,67,1,7,-1,-1
98,304,881,729,32,91,1,1,-1,-1
98,305,616,527,30,72,1,1,-1,-1
98,306,1007,935,33,75,1,1,-1,-1
98,307,939,231,36,79,1,1,-1,-1
99,4,191,7,24,46,1,2,-1,-1
99,91,827,1009,57,60,1,1,-1,-1
99,135,665,560,30,76,1,1,-1,-1
99,136,654,964,45,88,1,1,-1,-1
99,137,1613,298,169,67,1,7,-1,-1
99,305,612,531,30,72,1,1,-1,-1
99,306,1007,940,33,75,1,1,-1,-1
99,307,938,230,36,79,1,1,-1,-1
99,308,586,959,35,98,1,1,-1,-1
100,4,188,11,24,46,1,2,-1,-1
100,21,1072,956,34,76,1,1,-1,-1
100,92,875,733,34,94,1,1,-1,-1
100,136,650,967,45,88,1,1,-1,-1
100,137,1598,298,169,67,1,7,-1,-1
100,202,765,974,110,63,1,4,-1,-1
100,305,608,536,30,72,1,1,-1,-1
100,306,1005,942,33,75,1,1,-1,-1
100,307,933,232,38,83,1,1,-1,-1
100,308,583,962,35,98,1,1,-1,-1
100,309,1122,168,164,81,1,4,-1,-1
101,4,186,16,24,46,1,2,-1,-1
101,21,1071,959,34,76,1,1,-1,-1
101,22,1770,265,76,44,1,10,-1,-1
101,92,874,740,34,94,1,1,-1,-1
101,136,646,970,45,88,1,1,-1,-1
101,137,1583,297,169,67,1,7,-1,-1
101,202,764,980,110,63,1,4,-1,-1
101,203,735,95,30,48,1,2,-1,-1
101,306,1004,945,33,75,1,1,-1,-1
101,307,938,228,36,79,1,1,-1,-1
101,308,580,965,35,98,1,1,-1,-1
101,309,1115,168,164,81,1,4,-1,-1
102,4,183,20,24,46,1,2,-1,-1
102,21,1070,962,34,76,1,1,-1,-1
102,22,1753,265,76,42,1,10,-1,-1
102,56,1066,280,178,106,1,5,-1,-1
102,92,872,748,36,93,1,1,-1,-1
102,136,642,973,45,88,1,1,-1,-1
102,137,1568,297,169,67,1,7,-1,-1
102,202,761,983,110,63,1,4,-1,-1
102,203,729,95,30,48,1,2,-1,-1
102,307,937,227,36,79,1,1,-1,-1
102,308,577,968,35,98,1,1,-1,-1
102,309,1097,156,199,98,1,4,-1,-1
103,4,180,25,24,46,1,2,-1,-1
103,21,1068,966,34,75,1,1,-1,-1
103,22,1736,264,76,41,1,10,-1,-1
103,56,1065,280,179,106,1,5,-1,-1
103,92,871,755,36,93,1,1,-1,-1
103,137,1553,297,169,67,1,7,-1,-1
103,138,596,550,30,72,1,1,-1,-1
103,202,759,987,110,63,1,4,-1,-1
103,203,724,96,30,48,1,2,-1,-1
103,308,575,972,35,97,1,1,-1,-1
103,309,1103,167,164,81,1,4,-1,-1
104,4,183,34,24,52,1,10,-1,-1
104,21,1067,969,34,76,1,1,-1,-1
104,22,1719,264,76,39,1,10,-1,-1
104,56,1065,281,179,106,1,5,-1,-1
104,92,870,762,36,93,1,1,-1,-1
104,138,592,555,30,72,1,1,-1,-1
104,202,740,992,137,78,1,4,-1,-1
104,203,719,97,30,48,1,2,-1,-1
104,309,1098,167,164,81,1,4,-1,-1
104,310,804,996,34,57,1,2,-1,-1
105,4,180,38,24,52,1,10,-1,-1
105,21,1066,972,34,76,1,1,-1,-1
105,22,1704,264,76,39,1,10,-1,-1
105,56,1065,282,179,106,1,5,-1,-1
105,92,869,770,37,93,1,1,-1,-1
105,138,588,560,30,72,1,1,-1,-1
105,202,755,995,109,63,1,4,-1,-1
105,203,713,98,31,48,1,2,-1,-1
105,310,802,999,34,57,1,2,-1,-1
105,311,773,114,24,55,1,1,-1,-1
106,4,172,38,24,46,1,2,-1,-1
106,21,1064,976,34,75,1,1,-1,-1
106,22,1690,264,76,39,1,10,-1,-1
106,56,1065,283,180,105,1,5,-1,-1
106,92,869,776,37,93,1,1,-1,-1
106,138,586,563,30,72,1,1,-1,-1
106,203,708,99,31,48,1,2,-1,-1
106,310,800,1002,34,57,1,2,-1,-1
106,311,771,115,24,55,1,1,-1,-1
106,312,1027,942,40,78,1,1,-1,-1
107,4,170,43,24,46,1,2,-1,-1
107,21,1063,979,34,75,1,1,-1,-1
107,22,1676,264,76,39,1,10,-1,-1
107,56,1065,284,180,105,1,5,-1,-1
107,92,870,782,37,93,1,1,-1,-1
107,138,585,566,30,72,1,1,-1,-1
107,310,798,1006,34,57,1,2,-1,-1
107,311,769,116,24,55,1,1,-1,-1
107,312,1025,945,40,78,1,1,-1,-1
108,4,170,47,24,46,1,2,-1,-1
108,21,1062,982,34,75,1,1,-1,-1
108,22,1660,261,76,39,1,10,-1,-1
108,56,1065,285,180,105,1,5,-1,-1
108,138,584,570,30,72,1,1,-1,-1
108,139,1677,245,30,46,1,2,-1,-1
108,310,796,1008,34,55,1,2,-1,-1
108,311,767,118,24,55,1,1,-1,-1
108,312,1032,949,47,91,1,1,-1,-1
109,4,176,55,24,52,1,10,-1,-1
109,21,1061,986,34,75,1,1,-1,-1
109,22,1645,259,76,39,1,10,-1,-1
109,23,612,997,45,72,1,1,-1,-1
109,56,1065,286,180,105,1,5,-1,-1
109,138,583,573,30,72,1,1,-1,-1
109,139,1664,242,30,46,1,2,-1,-1
109,311,767,119,24,55,1,1,-1,-1
109,312,1022,952,40,78,1,1,-1,-1
109,313,871,794,37,93,1,1,-1,-1
110,4,171,55,25,46,1,2,-1,-1
110,21,1060,988,34,74,1,1,-1,-1
110,22,1630,256,76,40,1,10,-1,-1
110,23,606,1001,45,68,1,1,-1,-1
110,56,1065,287,181,104,1,5,-1,-1
110,139,1651,239,30,46,1,2,-1,-1
110,204,749,1005,108,63,1,4,-1,-1
110,312,1021,954,40,78,1,1,-1,-1
110,313,871,800,37,93,1,1,-1,-1
111,4,172,59,24,46,1,2,-1,-1
111,22,1614,254,76,39,1,10,-1,-1
111,23,600,1004,45,65,1,1,-1,-1
111,57,439,816,307,154,1,4,-1,-1
111,93,638,617,30,75,1,1,-1,-1
111,139,1637,236,30,46,1,2,-1,-1
111,204,748,1005,107,63,1,4,-1,-1
111,313,872,806,37,93,1,1,-1,-1
111,314,1450,297,169,67,1,7,-1,-1
112,4,172,63,25,46,1,2,-1,-1
112,23,594,1008,45,61,1,1,-1,-1
112,57,438,817,308,154,1,4,-1,-1
112,93,637,622,30,75,1,1,-1,-1
112,139,1624,233,30,46,1,2,-1,-1
112,140,468,982,150,72,1,10,-1,-1
112,141,890,55,24,49,1,1,-1,-1
112,204,747,1004,106,64,1,4,-1,-1
112,313,872,812,37,93,1,1,-1,-1
112,314,1441,297,169,67,1,7,-1,-1
113,23,593,1005,45,61,1,1,-1,-1
113,57,437,818,309,155,1,4,-1,-1
113,93,638,612,33,83,1,1,-1,-1
113,139,1611,230,30,46,1,2,-1,-1
113,140,454,983,132,64,1,10,-1,-1
113,141,892,56,24,49,1,1,-1,-1
113,204,746,1004,106,64,1,4,-1,-1
113,313,873,818,37,93,1,1,-1,-1
113,314,1432,297,169,67,1,7,-1,-1
113,315,210,416,230,109,1,7,-1,-1
114,23,592,1005,45,61,1,1,-1,-1
114,57,436,819,309,155,1,4,-1,-1
114,58,544,989,35,80,1,1,-1,-1
114,93,634,630,31,75,1,1,-1,-1
114,139,1598,227,30,46,1,2,-1,-1
114,140,477,985,112,54,1,10,-1,-1
114,141,894,57,24,49,1,1,-1,-1
114,142,174,72,25,46,1,2,-1,-1
114,204,745,1005,106,63,1,4,-1,-1
114,314,1423,297,169,67,1,7,-1,-1
114,315,248,419,230,109,1,7,-1,-1
115,23,591,1006,45,61,1,1,-1,-1
115,57,407,821,325,162,1,4,-1,-1
115,58,541,990,35,79,1,1,-1,-1
115,93,633,633,31,75,1,1,-1,-1
115,94,1389,56,509,149,1,6,-1,-1
115,140,477,986,112,54,1,10,-1,-1
115,141,895,58,24,49,1,1,-1,-1
115,142,176,76,25,46,1,2,-1,-1
115,204,745,1006,106,62,1,4,-1,-1
115,205,874,828,37,93,1,1,-1,-1
115,314,1414,297,169,67,1,7,-1,-1
115,315,287,423,230,109,1,7,-1,-1
116,23,590,1007,45,61,1,1,-1,-1
116,57,435,822,310,155,1,4,-1,-1
116,58,541,991,35,78,1,1,-1,-1
116,93,632,636,32,75,1,1,-1,-1
116,94,1392,57,507,148,1,6,-1,-1
116,95,790,1025,34,43,1,2,-1,-1
116,140,477,987,112,54,1,10,-1,-1
116,141,897,59,24,49,1,1,-1,-1
116,142,182,88,25,52,1,10,-1,-1
116,205,875,834,37,93,1,1,-1,-1
116,315,326,427,230,109,1,7,-1,-1
116,316,917,75,18,40,1,1,-1,-1
117,23,590,1008,45,61,1,1,-1,-1
117,24,1059,1000,33,68,1,1,-1,-1
117,57,434,823,310,155,1,4,-1,-1
117,58,528,993,42,93,1,1,-1,-1
117,93,631,639,32,75,1,1,-1,-1
117,94,1395,57,504,149,1,6,-1,-1
117,95,790,1027,34,41,1,2,-1,-1
117,140,476,988,112,54,1,10,-1,-1
117,141,899,60,24,49,1,1,-1,-1
117,142,184,93,25,52,1,10,-1,-1
117,205,876,839,37,93,1,1,-1,-1
117,315,365,431,230,109,1,7,-1,-1
117,316,918,77,18,39,1,1,-1,-1
118,23,588,1008,45,61,1,1,-1,-1
118,24,1059,1002,33,66,1,1,-1,-1
118,57,433,825,311,154,1,4,-1,-1
118,58,541,993,35,76,1,1,-1,-1
118,93,623,646,24,64,1,1,-1,-1
118,94,1398,58,501,149,1,6,-1,-1
118,95,790,1028,34,40,1,2,-1,-1
118,140,476,989,112,54,1,10,-1,-1
118,141,901,61,24,49,1,1,-1,-1
118,142,185,98,26,52,1,10,-1,-1
118,205,876,845,37,93,1,1,-1,-1
118,316,920,78,18,39,1,1,-1,-1
119,11,1245,434,173,93,1,4,-1,-1
119,23,587,1008,45,61,1,1,-1,-1
119,24,1059,1003,33,65,1,1,-1,-1
119,33,598,639,31,82,1,1,-1,-1
119,57,432,826,312,155,1,4,-1,-1
119,58,541,994,35,75,1,1,-1,-1
119,94,1401,59,499,148,1,6,-1,-1
119,95,791,1029,34,39,1,2,-1,-1
119,142,185,92,24,46,1,2,-1,-1
119,205,877,850,37,93,1,1,-1,-1
119,316,922,80,18,39,1,1,-1,-1
119,317,622,617,36,81,1,1,-1,-1
119,318,400,744,37,79,1,1,-1,-1
120,11,1278,441,188,103,1,4,-1,-1
120,24,1059,1004,33,64,1,1,-1,-1
120,33,597,642,31,82,1,1,-1,-1
120,58,541,995,35,74,1,1,-1,-1
120,94,1404,60,496,148,1,6,-1,-1
120,95,791,1030,34,38,1,2,-1,-1
120,142,187,96,24,46,1,2,-1,-1
120,205,874,866,33,84,1,1,-1,-1
120,316,924,80,18,39,1,1,-1,-1
120,317,628,648,33,76,1,1,-1,-1
120,318,402,744,36,79,1,1,-1,-1
121,11,1309,443,188,105,1,4,-1,-1
121,24,1059,1006,33,62,1,1,-1,-1
121,33,600,629,35,93,1,1,-1,-1
121,58,541,996,35,73,1,1,-1,-1
121,94,1407,60,493,149,1,6,-1,-1
121,95,791,1032,34,36,1,2,-1,-1
121,143,699,126,51,36,1,10,-1,-1
121,317,627,651,33,76,1,1,-1,-1
121,318,404,744,36,79,1,1,-1,-1
122,11,1340,445,188,107,1,4,-1,-1
122,24,1060,1007,33,61,1,1,-1,-1
122,33,595,649,31,82,1,1,-1,-1
122,58,541,997,35,72,1,1,-1,-1
122,94,1410,61,491,148,1,6,-1,-1
122,95,791,1033,34,35,1,2,-1,-1
122,143,700,126,51,36,1,10,-1,-1
122,317,626,654,34,76,1,1,-1,-1
122,318,405,744,37,79,1,1,-1,-1
122,319,802,207,28,59,1,1,-1,-1
123,5,880,872,37,93,1,1,-1,-1
123,11,1375,448,188,107,1,4,-1,-1
123,24,1060,1009,33,59,1,1,-1,-1
123,33,594,653,31,82,1,1,-1,-1
123,95,791,1034,34,34,1,2,-1,-1
123,143,713,132,43,30,1,10,-1,-1
123,317,625,657,34,76,1,1,-1,-1
123,318,399,742,37,79,1,1,-1,-1
123,319,804,208,27,59,1,1,-1,-1
124,5,881,877,37,93,1,1,-1,-1
124,11,1410,452,188,107,1,4,-1,-1
124,24,1060,1010,33,58,1,1,-1,-1
124,33,593,656,31,82,1,1,-1,-1
124,143,703,127,51,36,1,10,-1,-1
124,319,805,209,28,60,1,1,-1,-1
124,320,636,458,230,109,1,7,-1,-1
125,5,882,883,37,93,1,1,-1,-1
125,11,1445,456,188,107,1,4,-1,-1
125,24,1060,1011,33,57,1,1,-1,-1
125,33,592,660,31,82,1,1,-1,-1
125,143,705,127,51,36,1,10,-1,-1
125,319,806,210,28,60,1,1,-1,-1
125,320,675,462,230,109,1,7,-1,-1
126,5,870,900,41,103,1,1,-1,-1
126,11,1474,462,192,106,1,4,-1,-1
126,24,1060,1013,33,55,1,1,-1,-1
126,33,591,663,31,82,1,1,-1,-1
126,143,706,127,51,36,1,10,-1,-1
126,144,1422,64,480,148,1,6,-1,-1
126,206,213,138,27,51,1,10,-1,-1
126,207,1335,297,169,67,1,7,-1,-1
126,319,808,212,28,60,1,1,-1,-1
126,320,714,466,230,109,1,7,-1,-1
126,321,475,996,112,54,1,10,-1,-1
126,322,1022,987,40,79,1,1,-1,-1
126,323,1434,199,27,48,1,2,-1,-1
127,5,884,894,37,93,1,1,-1,-1
127,11,1504,468,196,106,1,4,-1,-1
127,24,1060,1014,33,54,1,1,-1,-1
127,33,590,667,31,82,1,1,-1,-1
127,143,708,128,51,36,1,10,-1,-1
127,144,1425,65,478,148,1,6,-1,-1
127,206,214,131,24,45,1,2,-1,-1
127,207,1330,297,169,67,1,7,-1,-1
127,320,750,470,230,109,1,7,-1,-1
127,321,475,997,112,54,1,10,-1,-1
127,322,1022,988,40,79,1,1,-1,-1
127,323,1422,197,27,48,1,2,-1,-1
128,5,885,899,37,93,1,1,-1,-1
128,11,1534,474,200,106,1,4,-1,-1
128,33,589,670,31,82,1,1,-1,-1
128,144,1425,65,478,148,1,6,-1,-1
128,145,994,1017,33,52,1,1,-1,-1
128,206,218,137,25,45,1,2,-1,-1
128,207,1324,297,169,67,1,7,-1,-1
128,320,786,474,230,109,1,7,-1,-1
128,321,475,998,112,54,1,10,-1,-1
128,322,1022,990,40,79,1,1,-1,-1
128,323,1410,195,27,48,1,2,-1,-1
128,324,979,190,33,63,1,1,-1,-1
129,5,886,905,37,93,1,1,-1,-1
129,11,1565,476,203,107,1,4,-1,-1
129,34,569,638,31,72,1,1,-1,-1
129,144,1426,66,477,148,1,6,-1,-1
129,145,993,1017,33,52,1,1,-1,-1
129,146,780,146,27,55,1,1,-1,-1
129,206,229,132,23,42,1,2,-1,-1
129,207,1319,297,169,67,1,7,-1,-1
129,321,476,999,112,54,1,10,-1,-1
129,322,1022,991,40,78,1,1,-1,-1
129,323,1398,191,27,48,1,2,-1,-1
129,324,981,190,33,63,1,1,-1,-1
129,325,811,77,143,82,1,4,-1,-1
130,5,887,911,37,93,1,1,-1,-1
130,11,1596,478,206,109,1,4,-1,-1
130,34,571,625,38,87,1,1,-1,-1
130,144,1427,67,476,148,1,6,-1,-1
130,145,993,1018,33,51,1,1,-1,-1
130,146,781,148,27,55,1,1,-1,-1
130,206,230,147,25,45,1,2,-1,-1
130,207,1293,318,162,64,1,7,-1,-1
130,321,476,1000,112,54,1,10,-1,-1
130,322,1023,993,40,76,1,1,-1,-1
130,323,1386,188,27,48,1,2,-1,-1
130,324,983,190,32,62,1,1,-1,-1
130,325,804,88,148,85,1,4,-1,-1
131,5,888,917,38,92,1,1,-1,-1
131,11,1628,481,209,110,1,4,-1,-1
131,34,565,644,31,72,1,1,-1,-1
131,144,1428,67,475,148,1,6,-1,-1
131,145,993,1018,33,51,1,1,-1,-1
131,146,782,150,27,55,1,1,-1,-1
131,206,236,153,25,45,1,2,-1,-1
131,207,1308,297,169,67,1,7,-1,-1
131,208,542,1006,35,63,1,1,-1,-1
131,324,985,189,32,63,1,1,-1,-1
131,325,803,87,148,85,1,4,-1,-1
132,5,889,923,38,92,1,1,-1,-1
132,34,564,646,31,72,1,1,-1,-1
132,144,1428,68,475,148,1,6,-1,-1
132,145,993,1019,33,50,1,1,-1,-1
132,146,784,152,27,55,1,1,-1,-1
132,208,542,1007,35,62,1,1,-1,-1
132,209,410,743,69,114,1,1,-1,-1
132,324,987,189,32,62,1,1,-1,-1
132,325,801,86,148,85,1,4,-1,-1
133,5,890,929,38,92,1,1,-1,-1
133,34,562,649,31,72,1,1,-1,-1
133,35,1297,297,169,67,1,7,-1,-1
133,145,993,1019,33,50,1,1,-1,-1
133,146,785,154,27,55,1,1,-1,-1
133,208,542,1008,35,61,1,1,-1,-1
133,209,423,751,55,100,1,1,-1,-1
133,325,799,86,148,85,1,4,-1,-1
134,5,891,935,39,91,1,1,-1,-1
134,34,560,652,31,72,1,1,-1,-1
134,35,1291,297,169,67,1,7,-1,-1
134,145,993,1020,33,49,1,1,-1,-1
134,146,787,156,27,55,1,1,-1,-1
134,208,542,1009,35,60,1,1,-1,-1
134,209,432,772,57,93,1,1,-1,-1
135,5,892,941,39,91,1,1,-1,-1
135,34,558,655,31,72,1,1,-1,-1
135,35,1286,298,169,66,1,7,-1,-1
135,59,993,188,30,62,1,1,-1,-1
135,146,786,157,27,55,1,1,-1,-1
135,147,796,84,148,85,1,4,-1,-1
135,148,1026,1001,40,68,1,1,-1,-1
135,208,542,1010,35,59,1,1,-1,-1
135,209,438,773,51,85,1,1,-1,-1
135,326,609,697,36,76,1,1,-1,-1
136,5,893,947,39,91,1,1,-1,-1
136,34,557,657,31,72,1,1,-1,-1
136,35,1280,298,169,66,1,7,-1,-1
136,59,995,188,30,61,1,1,-1,-1
136,147,794,83,148,85,1,4,-1,-1
136,148,1026,1002,40,67,1,1,-1,-1
136,149,1283,185,75,43,1,10,-1,-1
136,208,542,1011,35,58,1,1,-1,-1
136,209,439,774,51,85,1,1,-1,-1
136,326,615,700,40,85,1,1,-1,-1
137,34,555,660,31,72,1,1,-1,-1
137,35,1274,298,169,66,1,7,-1,-1
137,59,997,187,30,62,1,1,-1,-1
137,147,793,83,148,85,1,4,-1,-1
137,148,1027,1004,40,65,1,1,-1,-1
137,149,1271,182,75,43,1,10,-1,-1
137,209,448,732,64,106,1,1,-1,-1
137,210,480,1006,112,54,1,10,-1,-1
137,326,607,704,36,76,1,1,-1,-1
138,34,553,663,31,72,1,1,-1,-1
138,35,1269,298,169,66,1,7,-1,-1
138,59,999,187,29,61,1,1,-1,-1
138,147,789,81,147,85,1,4,-1,-1
138,148,1017,1020,41,65,1,1,-1,-1
138,149,1259,179,75,43,1,10,-1,-1
138,150,1290,164,27,48,1,2,-1,-1
138,210,480,1007,112,54,1,10,-1,-1
138,211,808,185,21,37,1,1,-1,-1
138,326,605,708,36,76,1,1,-1,-1
138,327,22,410,46,59,1,2,-1,-1
139,35,1264,298,169,66,1,7,-1,-1
139,59,1001,187,29,61,1,1,-1,-1
139,147,786,79,145,85,1,4,-1,-1
139,148,1027,1007,40,61,1,1,-1,-1
139,149,1248,176,75,43,1,10,-1,-1
139,150,1278,161,27,48,1,2,-1,-1
139,210,481,1008,112,54,1,10,-1,-1
139,211,808,187,21,37,1,1,-1,-1
139,326,604,711,36,76,1,1,-1,-1
139,327,33,400,45,59,1,2,-1,-1
140,35,1259,298,169,66,1,7,-1,-1
140,59,1004,187,28,61,1,1,-1,-1
140,147,782,77,144,85,1,4,-1,-1
140,148,1006,1006,41,62,1,1,-1,-1
140,149,1236,173,75,43,1,10,-1,-1
140,150,1266,158,27,48,1,2,-1,-1
140,210,482,1009,112,54,1,10,-1,-1
140,211,808,189,21,37,1,1,-1,-1
140,212,284,200,25,45,1,2,-1,-1
140,327,44,390,43,59,1,2,-1,-1
140,328,721,110,31,48,1,2,-1,-1
141,35,1254,298,169,66,1,7,-1,-1
141,59,1005,187,28,61,1,1,-1,-1
141,60,783,168,27,54,1,1,-1,-1
141,147,779,75,143,85,1,4,-1,-1
141,148,1026,1009,40,59,1,1,-1,-1
141,149,1225,171,75,42,1,10,-1,-1
141,150,1254,155,27,48,1,2,-1,-1
141,210,546,1009,35,59,1,1,-1,-1
141,211,808,191,21,37,1,1,-1,-1
141,212,290,206,25,45,1,2,-1,-1
141,327,39,403,45,51,1,2,-1,-1
141,328,722,111,31,48,1,2,-1,-1
142,35,1249,298,169,66,1,7,-1,-1
142,59,1007,187,28,61,1,1,-1,-1
142,60,781,169,27,56,1,1,-1,-1
142,149,1212,168,75,42,1,10,-1,-1
142,150,1241,152,27,48,1,2,-1,-1
142,210,546,1008,35,60,1,1,-1,-1
142,211,805,192,21,37,1,1,-1,-1
142,212,294,212,25,47,1,2,-1,-1
142,327,48,394,45,51,1,2,-1,-1
142,328,722,111,31,48,1,2,-1,-1
143,59,1009,187,28,61,1,1,-1,-1
143,60,779,171,27,58,1,1,-1,-1
143,150,1228,149,27,48,1,2,-1,-1
143,211,803,194,21,37,1,1,-1,-1
143,212,299,219,25,48,1,2,-1,-1
143,213,1095,314,188,112,1,5,-1,-1
143,328,723,112,31,48,1,2,-1,-1
144,60,778,173,27,59,1,1,-1,-1
144,150,1215,146,27,49,1,2,-1,-1
144,212,303,225,25,50,1,2,-1,-1
144,213,1095,315,188,112,1,5,-1,-1
144,328,723,112,31,48,1,2,-1,-1
144,329,1240,297,169,66,1,7,-1,-1
145,60,776,175,27,61,1,1,-1,-1
145,151,68,28,135,90,1,4,-1,-1
145,212,308,232,25,51,1,2,-1,-1
145,213,1095,315,188,112,1,5,-1,-1
145,329,1226,289,179,70,1,7,-1,-1
145,330,796,233,33,79,1,1,-1,-1
145,331,940,88,24,49,1,1,-1,-1
146,3,953,106,18,39,1,1,-1,-1
146,60,775,177,27,62,1,1,-1,-1
146,151,60,32,136,91,1,4,-1,-1
146,213,1095,307,201,120,1,5,-1,-1
146,329,1280,291,59,73,1,2,-1,-1
146,330,808,259,28,67,1,1,-1,-1
146,331,939,89,24,49,1,1,-1,-1
147,3,953,106,18,39,1,1,-1,-1
147,60,773,179,27,64,1,1,-1,-1
147,61,320,257,34,61,1,10,-1,-1
147,62,1466,553,230,104,1,7,-1,-1
147,151,52,38,137,91,1,4,-1,-1
147,213,1095,316,188,112,1,5,-1,-1
147,329,1262,283,51,63,1,2,-1,-1
147,330,806,261,28,67,1,1,-1,-1
147,331,939,90,24,50,1,1,-1,-1
148,3,953,106,18,39,1,1,-1,-1
148,60,772,181,27,66,1,1,-1,-1
148,61,327,263,34,61,1,10,-1,-1
148,62,1500,557,230,104,1,7,-1,-1
148,151,45,44,137,91,1,4,-1,-1
148,213,1095,316,188,112,1,5,-1,-1
148,329,1259,282,51,64,1,2,-1,-1
148,330,805,263,28,67,1,1,-1,-1
148,331,939,91,23,51,1,1,-1,-1
148,332,420,737,46,78,1,1,-1,-1
149,3,953,106,18,39,1,1,-1,-1
149,60,771,182,27,66,1,1,-1,-1
149,61,334,269,35,61,1,10,-1,-1
149,62,1534,562,230,103,1,7,-1,-1
149,151,37,49,139,91,1,4,-1,-1
149,330,805,265,28,67,1,1,-1,-1
149,331,939,92,23,52,1,1,-1,-1
149,332,410,721,52,88,1,1,-1,-1
150,3,953,106,18,39,1,1,-1,-1
150,61,342,276,35,61,1,10,-1,-1
150,62,1566,561,272,122,1,7,-1,-1
150,151,29,55,141,91,1,4,-1,-1
150,214,1252,282,51,63,1,2,-1,-1
150,332,424,736,46,78,1,1,-1,-1
151,3,953,106,18,39,1,1,-1,-1
151,61,349,282,36,61,1,10,-1,-1
151,62,1605,572,228,103,1,7,-1,-1
151,151,21,61,143,91,1,4,-1,-1
151,152,1439,73,464,148,1,6,-1,-1
151,214,1248,282,51,63,1,2,-1,-1
151,215,154,293,36,49,1,2,-1,-1
151,332,419,768,43,74,1,1,-1,-1
152,3,953,107,18,39,1,1,-1,-1
152,61,357,289,36,61,1,10,-1,-1
152,62,1640,577,228,103,1,7,-1,-1
152,152,1439,73,464,148,1,6,-1,-1
152,214,1245,282,51,63,1,2,-1,-1
152,215,166,284,36,49,1,2,-1,-1
152,332,420,788,45,86,1,1,-1,-1
153,3,960,116,13,32,1,1,-1,-1
153,6,558,759,36,84,1,1,-1,-1
153,36,770,190,27,66,1,1,-1,-1
153,61,368,284,24,54,1,2,-1,-1
153,62,1676,583,227,103,1,7,-1,-1
153,96,1120,125,27,49,1,2,-1,-1
153,152,1439,73,464,148,1,6,-1,-1
153,214,1241,281,51,64,1,2,-1,-1
153,215,178,276,36,48,1,2,-1,-1
154,3,953,108,18,39,1,1,-1,-1
154,6,556,761,37,86,1,1,-1,-1
154,36,770,192,27,66,1,1,-1,-1
154,61,377,291,24,54,1,2,-1,-1
154,62,1710,588,193,103,1,7,-1,-1
154,96,1111,123,27,49,1,2,-1,-1
154,152,1439,73,464,148,1,6,-1,-1
154,214,1238,281,51,64,1,2,-1,-1
154,215,176,287,36,47,1,2,-1,-1
154,216,568,694,35,77,1,1,-1,-1
154,217,941,104,23,50,1,1,-1,-1
154,333,1039,183,27,60,1,1,-1,-1
155,3,955,109,16,35,1,1,-1,-1
155,6,555,764,37,87,1,1,-1,-1
155,36,770,194,27,66,1,1,-1,-1
155,61,368,293,32,49,1,2,-1,-1
155,62,1744,593,159,103,1,7,-1,-1
155,96,1102,120,27,49,1,2,-1,-1
155,152,1440,72,463,148,1,6,-1,-1
155,214,1234,281,51,64,1,2,-1,-1
155,215,188,278,34,46,1,2,-1,-1
155,216,568,697,34,76,1,1,-1,-1
155,217,944,104,23,49,1,1,-1,-1
155,333,1042,183,27,60,1,1,-1,-1
155,334,88,345,49,58,1,2,-1,-1
156,3,954,109,18,39,1,1,-1,-1
156,6,550,767,39,87,1,1,-1,-1
156,36,769,196,27,66,1,1,-1,-1
156,96,1077,133,66,43,1,10,-1,-1
156,152,1440,72,463,148,1,6,-1,-1
156,215,196,270,34,46,1,2,-1,-1
156,216,563,699,35,76,1,1,-1,-1
156,217,939,96,22,54,1,1,-1,-1
156,333,1042,181,27,60,1,1,-1,-1
156,334,78,353,43,54,1,2,-1,-1
157,3,954,110,18,39,1,1,-1,-1
157,6,545,770,41,87,1,1,-1,-1
157,36,769,198,27,66,1,1,-1,-1
157,96,1067,130,66,43,1,10,-1,-1
157,152,1440,72,463,148,1,6,-1,-1
157,216,558,702,37,76,1,1,-1,-1
157,217,939,96,22,54,1,1,-1,-1
157,333,1043,179,27,60,1,1,-1,-1
157,334,87,344,42,54,1,2,-1,-1
158,3,954,110,18,39,1,1,-1,-1
158,6,540,773,43,88,1,1,-1,-1
158,36,769,200,27,66,1,1,-1,-1
158,96,1058,128,66,43,1,10,-1,-1
158,153,109,318,47,58,1,2,-1,-1
158,216,554,705,38,76,1,1,-1,-1
158,217,939,96,22,54,1,1,-1,-1
158,333,1044,177,27,60,1,1,-1,-1
158,334,95,336,43,54,1,2,-1,-1
159,3,954,111,18,39,1,1,-1,-1
159,6,536,777,44,87,1,1,-1,-1
159,36,769,202,27,66,1,1,-1,-1
159,63,1525,380,240,97,1,4,-1,-1
159,96,1048,126,66,43,1,10,-1,-1
159,97,1067,109,27,48,1,2,-1,-1
159,153,116,310,47,57,1,2,-1,-1
159,216,549,707,39,76,1,1,-1,-1
159,217,939,96,22,54,1,1,-1,-1
159,334,104,327,42,54,1,2,-1,-1
160,3,955,112,18,39,1,1,-1,-1
160,6,531,780,46,88,1,1,-1,-1
160,18,491,730,39,71,1,1,-1,-1
160,36,767,203,27,66,1,1,-1,-1
160,63,1514,366,201,82,1,4,-1,-1
160,96,1038,123,66,43,1,10,-1,-1
160,97,1058,106,27,48,1,2,-1,-1
160,153,125,311,57,67,1,10,-1,-1
160,335,405,329,29,49,1,2,-1,-1
161,3,955,112,18,39,1,1,-1,-1
161,6,526,783,48,88,1,1,-1,-1
161,18,487,733,41,70,1,1,-1,-1
161,36,765,205,27,66,1,1,-1,-1
161,63,1516,379,239,97,1,4,-1,-1
161,97,1049,103,27,48,1,2,-1,-1
161,153,121,310,42,54,1,2,-1,-1
161,335,412,336,29,49,1,2,-1,-1
162,3,955,113,18,39,1,1,-1,-1
162,6,522,787,49,88,1,1,-1,-1
162,18,484,736,42,70,1,1,-1,-1
162,36,763,206,27,66,1,1,-1,-1
162,63,1511,379,239,97,1,4,-1,-1
162,64,1459,69,430,138,1,6,-1,-1
162,97,1041,101,27,48,1,2,-1,-1
162,98,138,284,45,57,1,2,-1,-1
162,153,130,302,42,54,1,2,-1,-1
162,335,420,344,28,49,1,2,-1,-1
162,336,1765,215,109,48,1,7,-1,-1
163,3,956,113,18,39,1,1,-1,-1
163,6,517,788,49,88,1,1,-1,-1
163,18,479,739,42,70,1,1,-1,-1
163,63,1473,403,287,117,1,4,-1,-1
163,64,1442,70,461,148,1,6,-1,-1
163,65,435,367,51,58,1,10,-1,-1
163,97,1031,98,27,48,1,2,-1,-1
163,98,146,276,44,57,1,2,-1,-1
163,99,1009,116,66,43,1,10,-1,-1
163,153,137,293,41,54,1,2,-1,-1
163,335,431,351,28,49,1,2,-1,-1
163,336,1755,214,109,48,1,7,-1,-1
164,6,512,790,49,88,1,1,-1,-1
164,18,475,742,42,70,1,1,-1,-1
164,63,1505,377,238,97,1,4,-1,-1
164,64,1442,70,461,148,1,6,-1,-1
164,65,445,374,53,58,1,10,-1,-1
164,97,1022,95,27,48,1,2,-1,-1
164,98,157,280,55,63,1,10,-1,-1
164,99,1000,113,66,43,1,10,-1,-1
164,153,144,285,41,53,1,2,-1,-1
164,335,442,358,28,49,1,2,-1,-1
164,336,1746,213,109,48,1,7,-1,-1
164,337,1091,318,188,112,1,5,-1,-1
165,6,508,791,48,88,1,1,-1,-1
165,18,471,745,42,70,1,1,-1,-1
165,63,1503,376,238,97,1,4,-1,-1
165,64,1442,70,461,148,1,6,-1,-1
165,65,465,364,31,54,1,2,-1,-1
165,97,1013,92,27,48,1,2,-1,-1
165,98,162,260,42,57,1,2,-1,-1
165,99,991,110,66,43,1,10,-1,-1
165,336,1737,212,109,48,1,7,-1,-1
165,337,1090,317,188,112,1,5,-1,-1
165,338,725,111,31,48,1,2,-1,-1
166,6,503,793,48,88,1,1,-1,-1
166,18,456,721,43,84,1,1,-1,-1
166,63,1501,375,238,97,1,4,-1,-1
166,64,1443,70,460,148,1,6,-1,-1
166,65,476,371,31,53,1,2,-1,-1
166,97,1003,89,27,48,1,2,-1,-1
166,98,170,252,41,57,1,2,-1,-1
166,99,982,107,66,43,1,10,-1,-1
166,336,1728,212,109,48,1,7,-1,-1
166,337,1089,317,188,112,1,5,-1,-1
166,338,725,111,31,48,1,2,-1,-1
167,18,458,719,42,84,1,1,-1,-1
167,63,1499,374,237,97,1,4,-1,-1
167,64,1443,69,460,148,1,6,-1,-1
167,65,487,378,32,53,1,2,-1,-1
167,98,179,259,54,63,1,10,-1,-1
167,99,972,104,67,43,1,10,-1,-1
167,154,957,115,18,39,1,1,-1,-1
167,218,307,160,37,49,1,2,-1,-1
167,337,1089,316,188,112,1,5,-1,-1
167,338,725,111,31,48,1,2,-1,-1
168,18,458,754,43,70,1,1,-1,-1
168,64,1443,69,460,148,1,6,-1,-1
168,65,498,385,32,53,1,2,-1,-1
168,98,187,252,53,63,1,10,-1,-1
168,99,963,101,67,43,1,10,-1,-1
168,154,957,116,18,39,1,1,-1,-1
168,218,305,170,36,48,1,2,-1,-1
168,337,1088,316,188,112,1,5,-1,-1
168,338,725,111,31,48,1,2,-1,-1
168,339,794,317,24,59,1,1,-1,-1
169,18,457,756,43,70,1,1,-1,-1
169,64,1443,69,460,148,1,6,-1,-1
169,65,509,392,33,52,1,2,-1,-1
169,98,194,230,39,55,1,2,-1,-1
169,99,954,98,67,43,1,10,-1,-1
169,154,958,116,18,39,1,1,-1,-1
169,218,310,181,49,57,1,10,-1,-1
169,338,725,111,31,48,1,2,-1,-1
169,339,801,298,27,66,1,1,-1,-1
169,340,753,217,27,67,1,1,-1,-1
169,341,1051,151,27,70,1,1,-1,-1
170,18,462,713,43,86,1,1,-1,-1
170,64,1487,88,408,131,1,6,-1,-1
170,65,520,399,33,52,1,2,-1,-1
170,99,945,95,67,43,1,10,-1,-1
170,154,958,117,18,39,1,1,-1,-1
170,218,316,174,48,57,1,10,-1,-1
170,339,801,299,27,67,1,1,-1,-1
170,340,753,219,27,67,1,1,-1,-1
170,341,1052,149,27,70,1,1,-1,-1
171,12,1087,315,188,112,1,5,-1,-1
171,18,464,711,42,87,1,1,-1,-1
171,37,725,111,31,48,1,2,-1,-1
171,65,520,408,28,49,1,2,-1,-1
171,154,958,117,18,39,1,1,-1,-1
171,155,324,151,35,48,1,2,-1,-1
171,218,322,168,47,56,1,10,-1,-1
171,219,780,242,24,46,1,1,-1,-1
171,220,667,7,118,81,1,4,-1,-1
171,339,801,301,27,67,1,1,-1,-1
171,340,753,221,27,67,1,1,-1,-1
171,341,1052,147,27,70,1,1,-1,-1
171,342,957,76,27,48,1,2,-1,-1
172,12,1087,315,188,112,1,5,-1,-1
172,37,725,111,31,48,1,2,-1,-1
172,154,959,118,18,39,1,1,-1,-1
172,155,330,145,35,48,1,2,-1,-1
172,218,328,161,46,56,1,10,-1,-1
172,219,780,243,24,46,1,1,-1,-1
172,220,666,5,114,77,1,4,-1,-1
172,339,801,303,27,66,1,1,-1,-1
172,340,753,222,27,67,1,1,-1,-1
172,341,1053,146,27,70,1,1,-1,-1
172,342,930,89,65,43,1,10,-1,-1
172,343,219,207,36,55,1,2,-1,-1
172,344,398,768,45,90,1,1,-1,-1
173,12,1087,315,188,112,1,5,-1,-1
173,37,725,111,31,48,1,2,-1,-1
173,154,959,118,18,39,1,1,-1,-1
173,155,336,139,35,48,1,2,-1,-1
173,219,780,245,24,46,1,1,-1,-1
173,220,665,3,110,74,1,4,-1,-1
173,221,454,764,43,70,1,1,-1,-1
173,340,753,224,27,67,1,1,-1,-1
173,341,1054,144,27,70,1,1,-1,-1
173,342,924,85,63,43,1,10,-1,-1
173,343,227,200,35,55,1,2,-1,-1
173,344,397,767,45,90,1,1,-1,-1
174,12,1087,315,188,112,1,5,-1,-1
174,37,725,111,31,48,1,2,-1,-1
174,155,340,149,44,54,1,10,-1,-1
174,219,780,247,24,46,1,1,-1,-1
174,220,664,1,106,70,1,4,-1,-1
174,221,453,766,43,70,1,1,-1,-1
174,342,918,82,61,43,1,10,-1,-1
174,343,227,208,34,46,1,2,-1,-1
174,344,396,766,45,91,1,1,-1,-1
175,1,257,199,37,48,1,10,-1,-1
175,12,1087,316,188,112,1,5,-1,-1
175,37,725,111,31,48,1,2,-1,-1
175,155,345,134,38,52,1,2,-1,-1
175,156,465,817,46,81,1,1,-1,-1
175,219,781,249,24,46,1,1,-1,-1
175,220,663,0,103,66,1,4,-1,-1
175,221,452,768,43,70,1,1,-1,-1
175,222,582,456,67,58,1,10,-1,-1
175,342,912,78,60,43,1,10,-1,-1
175,343,236,200,34,47,1,2,-1,-1
175,344,395,766,45,90,1,1,-1,-1
176,1,253,179,32,54,1,2,-1,-1
176,12,1057,313,192,114,1,5,-1,-1
176,37,725,111,31,48,1,2,-1,-1
176,155,355,122,34,47,1,2,-1,-1
176,156,461,820,46,80,1,1,-1,-1
176,219,781,251,24,46,1,1,-1,-1
176,220,654,8,131,81,1,4,-1,-1
176,221,451,770,43,70,1,1,-1,-1
176,222,598,465,67,58,1,10,-1,-1
176,343,245,193,33,46,1,2,-1,-1
176,344,394,765,45,91,1,1,-1,-1
177,1,261,172,32,54,1,2,-1,-1
177,12,1087,316,188,112,1,5,-1,-1
177,37,725,111,31,48,1,2,-1,-1
177,155,343,116,46,55,1,2,-1,-1
177,156,457,823,46,79,1,1,-1,-1
177,221,450,772,43,70,1,1,-1,-1
177,222,614,473,67,58,1,10,-1,-1
177,223,0,641,254,191,1,4,-1,-1
178,1,270,179,45,61,1,10,-1,-1
178,12,1087,316,188,112,1,5,-1,-1
178,25,368,111,33,46,1,2,-1,-1
178,37,725,111,31,48,1,2,-1,-1
178,156,453,826,46,79,1,1,-1,-1
178,157,393,764,45,91,1,1,-1,-1
178,221,450,775,43,70,1,1,-1,-1
178,222,630,481,67,58,1,10,-1,-1
178,223,0,634,275,190,1,4,-1,-1
179,1,275,173,45,61,1,10,-1,-1
179,12,1088,317,188,112,1,5,-1,-1
179,25,370,120,40,51,1,10,-1,-1
179,37,724,111,31,48,1,2,-1,-1
179,156,448,829,46,79,1,1,-1,-1
179,157,392,763,45,91,1,1,-1,-1
179,158,69,19,136,91,1,4,-1,-1
179,222,646,490,67,58,1,10,-1,-1
179,223,0,627,296,190,1,4,-1,-1
180,1,281,168,45,60,1,10,-1,-1
180,12,1088,317,188,112,1,5,-1,-1
180,25,375,116,40,50,1,10,-1,-1
180,37,723,111,31,48,1,2,-1,-1
180,156,444,832,46,79,1,1,-1,-1
180,157,391,763,45,91,1,1,-1,-1
180,158,60,23,137,91,1,4,-1,-1
180,159,1629,191,43,42,1,2,-1,-1
180,222,671,478,33,52,1,2,-1,-1
180,223,17,624,297,190,1,4,-1,-1
181,1,287,163,44,59,1,10,-1,-1
181,12,1088,317,188,112,1,5,-1,-1
181,25,380,111,39,50,1,10,-1,-1
181,38,475,713,42,88,1,1,-1,-1
181,156,439,835,46,79,1,1,-1,-1
181,157,390,762,45,91,1,1,-1,-1
181,158,55,56,123,82,1,4,-1,-1
181,159,1620,191,43,42,1,2,-1,-1
181,160,876,56,49,43,1,10,-1,-1
181,223,34,618,296,188,1,4,-1,-1
182,1,293,158,44,58,1,10,-1,-1
182,12,1088,317,188,112,1,5,-1,-1
182,25,385,107,39,49,1,10,-1,-1
182,38,477,714,42,88,1,1,-1,-1
182,157,390,762,45,91,1,1,-1,-1
182,158,44,31,137,92,1,4,-1,-1
182,159,1611,191,43,42,1,2,-1,-1
182,160,870,52,47,43,1,10,-1,-1
182,223,52,613,295,185,1,4,-1,-1
183,1,299,152,43,58,1,10,-1,-1
183,12,1088,318,188,112,1,5,-1,-1
183,25,390,88,31,45,1,2,-1,-1
183,38,476,715,42,88,1,1,-1,-1
183,39,980,88,21,47,1,1,-1,-1
183,157,394,744,54,110,1,1,-1,-1
183,158,35,35,138,92,1,4,-1,-1
183,159,1603,191,43,42,1,2,-1,-1
183,160,864,49,46,43,1,10,-1,-1
183,224,955,127,18,39,1,1,-1,-1
184,1,305,147,43,57,1,10,-1,-1
184,25,395,84,30,44,1,2,-1,-1
184,38,475,716,42,88,1,1,-1,-1
184,39,979,88,21,47,1,1,-1,-1
184,66,1052,127,27,68,1,1,-1,-1
184,157,392,762,45,91,1,1,-1,-1
184,158,27,39,138,93,1,4,-1,-1
184,159,1594,191,43,42,1,2,-1,-1
184,160,859,46,45,43,1,10,-1,-1
184,224,954,129,18,39,1,1,-1,-1
185,1,311,129,30,52,1,2,-1,-1
185,25,400,80,29,44,1,2,-1,-1
185,38,474,717,42,88,1,1,-1,-1
185,39,978,89,21,46,1,1,-1,-1
185,66,1051,126,27,68,1,1,-1,-1
185,158,19,43,138,93,1,4,-1,-1
185,159,1585,191,43,42,1,2,-1,-1
185,160,866,28,27,49,1,2,-1,-1
185,161,421,847,46,79,1,1,-1,-1
185,224,953,130,18,39,1,1,-1,-1
186,1,311,135,29,45,1,2,-1,-1
186,25,404,75,29,44,1,2,-1,-1
186,38,473,719,42,88,1,1,-1,-1
186,39,977,90,21,46,1,1,-1,-1
186,66,1050,125,27,67,1,1,-1,-1
186,67,418,802,43,70,1,1,-1,-1
186,100,720,114,31,48,1,2,-1,-1
186,159,1576,191,43,42,1,2,-1,-1
186,160,860,25,27,49,1,2,-1,-1
186,161,417,850,46,79,1,1,-1,-1
186,162,397,91,28,35,1,2,-1,-1
186,224,951,131,18,39,1,1,-1,-1
186,345,395,877,327,152,1,4,-1,-1
186,346,1088,318,188,112,1,5,-1,-1
187,1,317,129,28,45,1,2,-1,-1
187,25,409,71,28,43,1,2,-1,-1
187,38,472,720,42,88,1,1,-1,-1
187,39,976,90,21,46,1,1,-1,-1
187,66,1049,123,27,67,1,1,-1,-1
187,67,421,802,40,64,1,1,-1,-1
187,100,719,114,31,48,1,2,-1,-1
187,160,844,37,43,43,1,10,-1,-1
187,161,412,853,46,79,1,1,-1,-1
187,162,401,87,29,35,1,2,-1,-1
187,224,950,132,18,39,1,1,-1,-1
187,225,140,585,292,174,1,4,-1,-1
187,226,778,558,77,58,1,10,-1,-1
187,345,395,879,327,152,1,4,-1,-1
187,346,1089,319,188,112,1,5,-1,-1
187,347,794,337,28,66,1,1,-1,-1
188,1,323,129,39,51,1,10,-1,-1
188,25,414,81,38,46,1,10,-1,-1
188,38,471,721,42,88,1,1,-1,-1
188,39,975,91,21,45,1,1,-1,-1
188,40,465,788,50,79,1,1,-1,-1
188,66,1049,122,27,67,1,1,-1,-1
188,67,410,809,43,70,1,1,-1,-1
188,100,719,115,31,48,1,2,-1,-1
188,161,408,856,46,79,1,1,-1,-1
188,162,406,83,28,34,1,2,-1,-1
188,224,949,134,18,39,1,1,-1,-1
188,225,158,580,291,171,1,4,-1,-1
188,226,796,566,78,59,1,10,-1,-1
188,345,394,881,327,152,1,4,-1,-1
188,346,1088,320,188,112,1,5,-1,-1
188,347,793,339,28,66,1,1,-1,-1
189,1,335,121,40,53,1,10,-1,-1
189,38,470,723,42,88,1,1,-1,-1
189,39,974,92,21,45,1,1,-1,-1
189,40,461,792,51,79,1,1,-1,-1
189,66,1048,120,27,67,1,1,-1,-1
189,67,406,813,43,70,1,1,-1,-1
189,100,714,128,26,41,1,2,-1,-1
189,161,403,859,46,79,1,1,-1,-1
189,162,410,78,28,35,1,2,-1,-1
189,225,176,575,290,169,1,4,-1,-1
189,226,813,575,81,59,1,10,-1,-1
189,345,394,883,327,152,1,4,-1,-1
189,346,1088,321,188,112,1,5,-1,-1
189,347,791,341,29,67,1,1,-1,-1
190,1,341,102,30,51,1,2,-1,-1
190,38,469,724,42,88,1,1,-1,-1
190,39,972,93,21,45,1,1,-1,-1
190,40,458,796,50,78,1,1,-1,-1
190,66,1047,119,27,66,1,1,-1,-1
190,67,402,816,43,70,1,1,-1,-1
190,100,708,137,51,36,1,10,-1,-1
190,161,399,862,46,79,1,1,-1,-1
190,162,415,74,27,34,1,2,-1,-1
190,225,195,573,288,166,1,4,-1,-1
190,226,830,584,84,59,1,10,-1,-1
190,345,393,885,327,152,1,4,-1,-1
190,346,1088,323,188,112,1,5,-1,-1
190,347,790,344,29,66,1,1,-1,-1
191,1,347,111,40,52,1,10,-1,-1
191,39,971,95,21,45,1,1,-1,-1
191,40,454,800,51,78,1,1,-1,-1
191,66,1046,118,27,66,1,1,-1,-1
191,67,398,820,43,70,1,1,-1,-1
191,100,707,137,51,36,1,10,-1,-1
191,161,394,865,46,79,1,1,-1,-1
191,162,420,70,27,34,1,2,-1,-1
191,225,214,571,286,164,1,4,-1,-1
191,226,848,592,85,60,1,10,-1,-1
191,347,789,346,29,66,1,1,-1,-1
192,1,345,104,27,44,1,2,-1,-1
192,39,970,97,21,45,1,1,-1,-1
192,40,451,804,51,78,1,1,-1,-1
192,66,1045,116,27,66,1,1,-1,-1
192,67,394,823,43,70,1,1,-1,-1
192,100,706,138,51,36,1,10,-1,-1
192,162,425,66,27,34,1,2,-1,-1
192,163,826,6,27,49,1,2,-1,-1
192,225,233,569,284,162,1,4,-1,-1
192,226,865,601,88,60,1,10,-1,-1
192,227,1165,301,169,67,1,7,-1,-1
193,1,350,100,27,44,1,2,-1,-1
193,40,447,808,52,78,1,1,-1,-1
193,67,390,827,43,70,1,1,-1,-1
193,100,706,138,51,36,1,10,-1,-1
193,163,814,19,39,43,1,10,-1,-1
193,164,385,871,46,79,1,1,-1,-1
193,227,1165,302,169,67,1,7,-1,-1
193,228,357,88,29,49,1,2,-1,-1
193,229,966,123,22,47,1,1,-1,-1
193,348,1197,285,52,64,1,2,-1,-1
194,1,354,96,27,43,1,2,-1,-1
194,19,943,146,18,39,1,1,-1,-1
194,40,444,812,51,77,1,1,-1,-1
194,67,386,830,43,70,1,1,-1,-1
194,163,815,0,27,49,1,2,-1,-1
194,164,381,874,46,79,1,1,-1,-1
194,165,351,866,37,81,1,1,-1,-1
194,227,1165,303,169,67,1,7,-1,-1
194,228,361,84,29,47,1,2,-1,-1
194,229,968,101,21,45,1,1,-1,-1
194,348,1197,286,52,64,1,2,-1,-1
194,349,1479,382,233,97,1,4,-1,-1
195,19,941,148,18,39,1,1,-1,-1
195,40,440,816,52,77,1,1,-1,-1
195,163,803,14,39,42,1,10,-1,-1
195,164,376,877,46,79,1,1,-1,-1
195,165,347,869,36,81,1,1,-1,-1
195,227,1164,304,169,67,1,7,-1,-1
195,228,366,80,29,46,1,2,-1,-1
195,229,967,102,21,45,1,1,-1,-1
195,348,1197,287,52,64,1,2,-1,-1
195,349,1479,382,233,97,1,4,-1,-1
196,19,940,150,18,39,1,1,-1,-1
196,40,437,820,52,77,1,1,-1,-1
196,163,805,0,27,43,1,2,-1,-1
196,164,372,880,46,79,1,1,-1,-1
196,165,342,873,36,81,1,1,-1,-1
196,166,1088,331,188,112,1,5,-1,-1
196,227,1186,325,157,63,1,7,-1,-1
196,228,367,91,37,51,1,10,-1,-1
196,229,966,104,21,45,1,1,-1,-1
196,348,1197,288,52,64,1,2,-1,-1
196,349,1479,383,233,97,1,4,-1,-1
197,19,938,152,18,39,1,1,-1,-1
197,40,434,825,52,76,1,1,-1,-1
197,68,1471,197,115,46,1,7,-1,-1
197,163,792,9,39,42,1,10,-1,-1
197,164,368,884,46,79,1,1,-1,-1
197,165,338,877,36,81,1,1,-1,-1
197,166,1088,332,188,112,1,5,-1,-1
197,227,1164,306,169,68,1,7,-1,-1
197,228,368,84,27,42,1,2,-1,-1
197,229,965,106,21,45,1,1,-1,-1
197,348,1197,289,52,64,1,2,-1,-1
197,349,1478,384,234,97,1,4,-1,-1
197,350,466,737,42,88,1,1,-1,-1
198,19,936,154,18,39,1,1,-1,-1
198,68,1464,197,115,46,1,7,-1,-1
198,163,787,7,39,42,1,10,-1,-1
198,164,363,891,46,79,1,1,-1,-1
198,165,333,884,37,81,1,1,-1,-1
198,166,1088,334,188,112,1,5,-1,-1
198,228,373,80,27,42,1,2,-1,-1
198,229,964,108,21,45,1,1,-1,-1
198,349,1478,385,233,97,1,4,-1,-1
198,350,466,739,42,88,1,1,-1,-1
199,2,384,65,28,42,1,2,-1,-1
199,19,935,156,18,39,1,1,-1,-1
199,68,1456,197,115,46,1,7,-1,-1
199,69,1197,291,52,64,1,2,-1,-1
199,164,358,898,46,79,1,1,-1,-1
199,165,328,891,38,81,1,1,-1,-1
199,166,1087,335,188,112,1,5,-1,-1
199,350,464,742,42,88,1,1,-1,-1
199,351,1041,108,29,65,1,1,-1,-1
200,2,380,72,27,42,1,2,-1,-1
200,19,933,158,18,39,1,1,-1,-1
200,68,1449,197,115,46,1,7,-1,-1
200,69,1192,294,63,77,1,2,-1,-1
200,165,323,898,39,81,1,1,-1,-1
200,166,1087,337,188,112,1,5,-1,-1
200,350,462,745,42,88,1,1,-1,-1
200,351,1041,107,29,66,1,1,-1,-1
200,352,961,112,21,45,1,1,-1,-1
201,2,383,68,27,43,1,2,-1,-1
201,19,931,160,19,39,1,1,-1,-1
201,68,1442,197,115,46,1,7,-1,-1
201,69,1196,293,52,64,1,2,-1,-1
201,166,1087,338,188,112,1,5,-1,-1
201,350,461,748,42,88,1,1,-1,-1
201,351,1041,106,30,67,1,1,-1,-1
201,352,959,115,21,45,1,1,-1,-1
201,353,474,28,34,44,1,10,-1,-1
202,2,392,69,36,47,1,10,-1,-1
202,19,930,162,18,39,1,1,-1,-1
202,68,1434,197,115,47,1,7,-1,-1
202,69,1196,294,52,64,1,2,-1,-1
202,166,1087,339,188,112,1,5,-1,-1
202,351,1041,105,30,68,1,1,-1,-1
202,352,958,118,21,45,1,1,-1,-1
202,353,476,9,35,45,1,10,-1,-1
203,2,391,61,27,42,1,2,-1,-1
203,19,928,164,18,39,1,1,-1,-1
203,68,1427,198,115,47,1,7,-1,-1
203,69,1196,295,52,64,1,2,-1,-1
203,70,446,556,268,139,1,4,-1,-1
203,167,1159,86,27,48,1,1,-1,-1
203,351,1041,104,31,68,1,1,-1,-1
203,352,956,120,21,45,1,1,-1,-1
203,353,484,21,31,43,1,10,-1,-1
204,2,400,62,36,45,1,10,-1,-1
204,19,926,166,19,39,1,1,-1,-1
204,68,1420,198,115,48,1,7,-1,-1
204,69,1196,296,52,64,1,2,-1,-1
204,70,466,556,268,137,1,4,-1,-1
204,167,1158,86,27,48,1,1,-1,-1
204,230,1445,72,457,164,1,6,-1,-1
204,352,954,123,21,45,1,1,-1,-1
204,353,489,18,30,42,1,10,-1,-1
205,2,399,46,28,42,1,2,-1,-1
205,19,925,168,18,39,1,1,-1,-1
205,26,664,60,128,78,1,4,-1,-1
205,68,1413,199,115,48,1,7,-1,-1
205,69,1196,297,52,64,1,2,-1,-1
205,70,486,556,267,136,1,4,-1,-1
205,167,1158,86,27,48,1,1,-1,-1
205,230,1445,74,457,164,1,6,-1,-1
205,231,454,760,42,88,1,1,-1,-1
205,353,494,15,29,41,1,10,-1,-1
205,354,904,147,26,55,1,1,-1,-1
206,2,402,50,27,43,1,2,-1,-1
206,26,659,58,127,78,1,4,-1,-1
206,69,1196,298,52,64,1,2,-1,-1
206,70,506,556,267,134,1,4,-1,-1
206,167,1157,86,27,48,1,1,-1,-1
206,230,1446,76,456,163,1,6,-1,-1
206,231,452,763,42,88,1,1,-1,-1
206,232,409,55,36,43,1,10,-1,-1
206,354,902,149,26,55,1,1,-1,-1
207,2,406,46,27,43,1,2,-1,-1
207,26,654,57,126,78,1,4,-1,-1
207,69,1196,299,52,64,1,2,-1,-1
207,70,526,556,267,133,1,4,-1,-1
207,167,1157,86,27,48,1,1,-1,-1
207,168,595,949,35,95,1,1,-1,-1
207,230,1446,79,456,161,1,6,-1,-1
207,231,451,766,42,88,1,1,-1,-1
207,232,413,51,36,43,1,10,-1,-1
207,354,900,150,27,55,1,1,-1,-1
208,2,410,43,27,43,1,2,-1,-1
208,26,650,56,125,78,1,4,-1,-1
208,70,549,557,266,133,1,4,-1,-1
208,167,1157,87,27,48,1,1,-1,-1
208,168,596,948,35,96,1,1,-1,-1
208,230,1446,81,456,160,1,6,-1,-1
208,231,449,769,42,88,1,1,-1,-1
208,232,424,38,28,42,1,2,-1,-1
208,354,898,152,27,55,1,1,-1,-1
209,2,421,45,36,41,1,10,-1,-1
209,26,646,55,124,78,1,4,-1,-1
209,70,572,558,265,133,1,4,-1,-1
209,71,1087,349,188,112,1,5,-1,-1
209,167,1157,87,27,48,1,1,-1,-1
209,168,597,947,35,96,1,1,-1,-1
209,230,1447,83,455,159,1,6,-1,-1
209,231,448,773,42,88,1,1,-1,-1
209,232,428,34,28,42,1,2,-1,-1
209,354,896,154,28,55,1,1,-1,-1
210,2,425,42,36,41,1,10,-1,-1
210,26,643,54,122,78,1,4,-1,-1
210,70,595,560,264,132,1,4,-1,-1
210,71,1097,341,155,92,1,5,-1,-1
210,168,597,946,35,97,1,1,-1,-1
210,169,764,415,31,73,1,1,-1,-1
210,231,446,776,42,88,1,1,-1,-1
210,232,418,36,27,43,1,2,-1,-1
210,355,714,329,41,63,1,1,-1,-1
210,356,1402,194,43,42,1,2,-1,-1
211,2,436,27,27,42,1,2,-1,-1
211,26,640,53,121,78,1,4,-1,-1
211,70,618,561,263,132,1,4,-1,-1
211,71,1086,351,189,113,1,5,-1,-1
211,168,589,924,38,108,1,1,-1,-1
211,169,763,420,31,73,1,1,-1,-1
211,170,0,264,89,134,1,7,-1,-1
211,171,1483,405,231,99,1,4,-1,-1
211,232,422,30,31,49,1,2,-1,-1
211,355,712,331,33,71,1,1,-1,-1
211,356,1395,195,43,42,1,2,-1,-1
212,2,426,30,27,43,1,2,-1,-1
212,26,636,52,120,78,1,4,-1,-1
212,71,1085,352,191,113,1,5,-1,-1
212,168,599,944,35,98,1,1,-1,-1
212,169,762,425,31,73,1,1,-1,-1
212,170,0,256,97,130,1,7,-1,-1
212,171,1483,407,231,99,1,4,-1,-1
212,233,444,782,42,88,1,1,-1,-1
212,234,1157,88,27,48,1,1,-1,-1
212,355,711,335,33,72,1,1,-1,-1
212,356,1387,196,43,42,1,2,-1,-1
212,357,600,545,329,165,1,4,-1,-1
213,2,437,33,36,38,1,10,-1,-1
213,26,633,51,118,78,1,4,-1,-1
213,71,1085,353,192,113,1,5,-1,-1
213,168,600,943,35,99,1,1,-1,-1
213,169,760,430,31,73,1,1,-1,-1
213,170,1,248,104,126,1,7,-1,-1
213,171,1484,409,230,99,1,4,-1,-1
213,233,443,786,42,88,1,1,-1,-1
213,234,1157,88,27,48,1,1,-1,-1
213,355,709,339,33,73,1,1,-1,-1
213,356,1380,197,43,42,1,2,-1,-1
213,357,663,531,308,155,1,4,-1,-1
213,358,150,8,110,83,1,4,-1,-1
213,359,1195,305,52,64,1,2,-1,-1
214,2,441,30,36,38,1,10,-1,-1
214,26,616,44,141,94,1,4,-1,-1
214,71,1084,354,193,113,1,5,-1,-1
214,169,759,435,31,73,1,1,-1,-1
214,170,2,241,112,122,1,7,-1,-1
214,171,1484,410,231,100,1,4,-1,-1
214,233,441,789,43,88,1,1,-1,-1
214,234,1157,89,27,48,1,1,-1,-1
214,355,708,344,33,73,1,1,-1,-1
214,356,1373,197,43,42,1,2,-1,-1
214,357,687,565,261,132,1,4,-1,-1
214,358,144,10,113,85,1,4,-1,-1
214,359,1195,306,52,64,1,2,-1,-1
215,2,438,20,27,43,1,2,-1,-1
215,26,620,26,142,96,1,4,-1,-1
215,71,1084,355,194,113,1,5,-1,-1
215,169,758,440,31,73,1,1,-1,-1
215,170,6,232,120,121,1,7,-1,-1
215,171,1485,412,230,100,1,4,-1,-1
215,233,440,792,43,88,1,1,-1,-1
215,234,1157,89,27,48,1,1,-1,-1
215,357,724,557,230,116,1,4,-1,-1
215,358,137,13,117,86,1,4,-1,-1
215,359,1195,307,52,64,1,2,-1,-1
216,2,442,17,27,43,1,2,-1,-1
216,71,1124,330,234,97,1,7,-1,-1
216,169,757,445,31,73,1,1,-1,-1
216,170,11,224,128,119,1,7,-1,-1
216,171,1485,414,230,100,1,4,-1,-1
216,233,439,795,43,88,1,1,-1,-1
216,234,1157,90,27,48,1,1,-1,-1
216,357,733,568,259,131,1,4,-1,-1
216,358,131,15,120,88,1,4,-1,-1
216,359,1195,308,52,64,1,2,-1,-1
217,2,453,21,37,36,1,10,-1,-1
217,71,1083,357,197,113,1,5,-1,-1
217,170,23,216,128,118,1,7,-1,-1
217,171,1486,416,230,100,1,4,-1,-1
217,233,438,799,43,88,1,1,-1,-1
217,234,1154,90,27,48,1,1,-1,-1
217,358,125,18,124,90,1,4,-1,-1
217,359,1195,310,52,63,1,2,-1,-1
