1,-1,377,553,49,90,1,1,-1,0
1,-1,569,183,24,27,1,2,-1,0
1,-1,588,190,26,47,1,1,-1,0
1,-1,625,417,91,120,1,10,-1,1
1,-1,631,475,122,181,1,10,-1,0
1,-1,650,235,37,66,1,2,-1,0
1,-1,660,233,43,49,1,10,-1,1
1,-1,677,151,17,60,1,1,-1,1
1,-1,697,288,43,132,1,1,-1,0
1,-1,722,162,18,40,1,1,-1,1
1,-1,739,148,19,59,1,1,-1,0
1,-1,764,284,43,114,1,1,-1,0
1,-1,822,300,33,80,1,2,-1,1
1,-1,837,320,28,58,1,1,-1,1
1,-1,1063,228,42,104,1,1,-1,1
1,-1,1093,236,41,97,1,1,-1,1
1,-1,1189,361,85,119,1,2,-1,1
1,-1,635,480,118,174,1,10,-1,0
1,-1,1212,374,71,100,1,2,-1,1
1,-1,688,242,29,33,1,10,-1,1
1,-1,611,467,76,100,1,10,-1,1
1,-1,619,227,53,95,1,2,-1,0
1,-1,1184,350,63,121,1,2,-1,1
1,-1,709,150,27,84,1,1,-1,0
2,-1,364,579,47,63,1,2,-1,1
2,-1,569,184,24,27,1,2,-1,0
2,-1,632,491,124,180,1,10,-1,0
2,-1,660,236,43,49,1,10,-1,1
2,-1,677,153,17,60,1,1,-1,1
2,-1,698,291,46,135,1,1,-1,0
2,-1,723,163,18,40,1,1,-1,1
2,-1,740,149,19,59,1,1,-1,0
2,-1,766,291,42,117,1,1,-1,0
2,-1,806,165,32,76,1,1,-1,0
2,-1,821,305,40,81,1,2,-1,1
2,-1,831,278,42,107,1,1,-1,1
2,-1,841,329,28,59,1,1,-1,1
2,-1,1068,233,43,105,1,1,-1,1
2,-1,1176,390,109,123,1,10,-1,1
2,-1,1189,365,84,117,1,2,-1,1
2,-1,1201,376,47,90,1,2,-1,1
2,-1,813,263,51,129,1,1,-1,1
2,-1,659,214,39,44,1,10,-1,1
2,-1,1167,343,118,165,1,2,-1,1
2,-1,646,244,34,59,1,2,-1,0
2,-1,765,324,24,66,1,1,-1,0
2,-1,830,163,37,88,1,1,-1,0
2,-1,1196,350,65,125,1,2,-1,1
3,-1,215,688,82,67,1,1,-1,0
3,-1,358,593,47,62,1,2,-1,1
3,-1,370,583,50,86,1,1,-1,0
3,-1,633,507,127,180,1,10,-1,0
3,-1,650,243,37,64,1,2,-1,0
3,-1,660,240,43,48,1,10,-1,1
3,-1,677,155,18,60,1,1,-1,1
3,-1,725,164,18,40,1,1,-1,1
3,-1,768,298,41,120,1,1,-1,0
3,-1,808,168,32,77,1,1,-1,0
3,-1,820,310,47,83,1,2,-1,1
3,-1,1074,238,43,106,1,1,-1,1
3,-1,1106,246,42,99,1,1,-1,1
3,-1,1189,369,84,116,1,2,-1,1
3,-1,684,185,11,38,1,1,-1,1
3,-1,1102,208,58,138,1,1,-1,1
3,-1,747,135,17,53,1,1,-1,0
3,-1,859,312,36,91,1,1,-1,1
3,-1,717,197,11,25,1,1,-1,1
3,-1,1153,368,128,145,1,10,-1,1
3,-1,365,572,50,86,1,1,-1,0
4,-1,203,708,82,47,1,1,-1,0
4,-1,351,607,47,60,1,2,-1,1
4,-1,362,600,51,84,1,1,-1,0
4,-1,569,186,24,28,1,2,-1,0
4,-1,586,194,27,47,1,1,-1,0
4,-1,622,451,97,130,1,10,-1,1
4,-1,678,157,18,60,1,1,-1,1
4,-1,699,306,51,140,1,1,-1,0
4,-1,742,152,19,60,1,1,-1,0
4,-1,810,171,32,77,1,1,-1,0
4,-1,823,319,47,84,1,2,-1,1
4,-1,837,293,44,110,1,1,-1,1
4,-1,849,348,28,62,1,2,-1,1
4,-1,1079,243,45,108,1,1,-1,1
4,-1,1176,394,109,125,1,10,-1,1
4,-1,1189,373,84,115,1,2,-1,1
4,-1,1200,384,47,90,1,2,-1,1
4,-1,589,172,22,26,1,2,-1,0
4,-1,659,180,22,72,1,1,-1,1
4,-1,562,194,18,32,1,1,-1,0
4,-1,1071,195,64,153,1,1,-1,1
4,-1,631,460,94,126,1,10,-1,1
4,-1,685,157,22,75,1,1,-1,1
4,-1,830,245,62,154,1,1,-1,1
5,-1,192,728,82,27,1,1,-1,0
5,-1,345,621,47,59,1,2,-1,1
5,-1,355,617,52,82,1,1,-1,0
5,-1,586,196,27,47,1,1,-1,0
5,-1,621,462,100,133,1,10,-1,1
5,-1,699,313,54,143,1,1,-1,0
5,-1,728,166,18,40,1,1,-1,1
5,-1,743,154,20,60,1,1,-1,0
5,-1,773,309,40,124,1,1,-1,0
5,-1,812,174,32,78,1,1,-1,0
5,-1,827,329,46,85,1,2,-1,1
5,-1,854,358,27,62,1,2,-1,1
5,-1,1119,256,43,101,1,1,-1,1
5,-1,638,448,102,136,1,10,-1,1
5,-1,602,447,125,166,1,10,-1,1
5,-1,824,174,31,75,1,1,-1,0
5,-1,596,199,27,47,1,1,-1,0
5,-1,562,139,25,29,1,2,-1,0
5,-1,748,135,18,55,1,1,-1,0
5,-1,846,371,17,39,1,2,-1,1
6,-1,338,637,47,58,1,2,-1,1
6,-1,348,637,52,86,1,1,-1,0
6,-1,634,555,133,173,1,10,-1,0
6,-1,661,251,43,47,1,10,-1,1
6,-1,678,161,18,62,1,1,-1,1
6,-1,700,321,56,145,1,1,-1,0
6,-1,728,168,18,40,1,1,-1,1
6,-1,743,155,20,61,1,1,-1,0
6,-1,774,315,41,127,1,1,-1,0
6,-1,814,177,32,79,1,1,-1,0
6,-1,831,338,46,87,1,2,-1,1
6,-1,843,311,46,113,1,1,-1,1
6,-1,858,367,28,64,1,2,-1,1
6,-1,1090,253,46,110,1,1,-1,1
6,-1,1126,261,43,102,1,1,-1,1
6,-1,1177,402,108,126,1,10,-1,1
6,-1,1189,382,83,112,1,2,-1,1
6,-1,1198,391,47,90,1,2,-1,1
6,-1,373,620,33,55,1,1,-1,0
6,-1,1186,341,63,120,1,2,-1,1
6,-1,846,377,30,56,1,2,-1,1
6,-1,1179,401,98,114,1,10,-1,1
6,-1,690,302,82,212,1,1,-1,0
6,-1,1130,293,27,64,1,1,-1,1
6,-1,558,189,21,26,1,2,-1,0
7,-1,567,192,24,29,1,2,-1,0
7,-1,586,200,28,47,1,1,-1,0
7,-1,619,485,104,140,1,10,-1,1
7,-1,650,259,38,63,1,2,-1,0
7,-1,701,329,58,147,1,1,-1,0
7,-1,729,171,18,40,1,1,-1,1
7,-1,743,157,20,61,1,1,-1,0
7,-1,816,180,31,79,1,1,-1,0
7,-1,835,348,45,88,1,2,-1,1
7,-1,846,320,47,115,1,1,-1,1
7,-1,862,377,28,65,1,2,-1,1
7,-1,1133,267,43,103,1,1,-1,1
7,-1,1198,395,47,90,1,2,-1,1
7,-1,771,293,50,151,1,1,-1,0
7,-1,1112,246,42,101,1,1,-1,1
7,-1,743,119,30,91,1,1,-1,0
7,-1,365,678,46,57,1,2,-1,1
7,-1,1185,394,100,116,1,10,-1,1
7,-1,601,493,113,153,1,10,-1,1
7,-1,1190,371,96,129,1,2,-1,1
8,-1,325,670,47,55,1,2,-1,1
8,-1,567,194,23,30,1,2,-1,0
8,-1,585,202,28,49,1,1,-1,0
8,-1,618,496,107,143,1,10,-1,1
8,-1,630,586,139,160,1,10,-1,0
8,-1,650,263,38,63,1,2,-1,0
8,-1,661,258,43,47,1,10,-1,1
8,-1,702,338,58,150,1,1,-1,0
8,-1,744,159,20,61,1,1,-1,0
8,-1,777,329,44,131,1,1,-1,0
8,-1,839,358,45,89,1,2,-1,1
8,-1,867,386,27,67,1,2,-1,1
8,-1,1103,266,48,113,1,1,-1,1
8,-1,1142,274,43,104,1,1,-1,1
8,-1,1189,390,83,110,1,2,-1,1
8,-1,314,714,31,36,1,2,-1,1
8,-1,672,262,44,48,1,10,-1,1
8,-1,656,290,39,43,1,10,-1,1
8,-1,1158,288,42,100,1,1,-1,1
8,-1,825,394,27,53,1,2,-1,1
8,-1,832,221,22,57,1,1,-1,0
8,-1,624,536,97,130,1,10,-1,1
9,-1,319,686,46,54,1,2,-1,1
9,-1,331,697,53,58,1,1,-1,0
9,-1,585,204,27,51,1,1,-1,0
9,-1,617,508,109,146,1,10,-1,1
9,-1,650,268,39,63,1,2,-1,0
9,-1,662,262,43,47,1,10,-1,1
9,-1,703,347,58,153,1,1,-1,0
9,-1,731,176,18,40,1,1,-1,1
9,-1,744,161,20,61,1,1,-1,0
9,-1,780,339,45,132,1,1,-1,0
9,-1,819,185,32,81,1,1,-1,0
9,-1,852,338,50,118,1,1,-1,1
9,-1,871,396,27,67,1,2,-1,1
9,-1,1111,273,48,115,1,1,-1,1
9,-1,1179,423,107,120,1,10,-1,1
9,-1,1189,394,83,109,1,2,-1,1
9,-1,1196,402,47,90,1,2,-1,1
9,-1,581,478,146,196,1,10,-1,1
9,-1,1200,387,95,125,1,2,-1,1
9,-1,614,643,131,143,1,10,-1,0
9,-1,294,689,64,70,1,1,-1,0
9,-1,781,161,39,99,1,1,-1,0
9,-1,331,666,35,38,1,1,-1,0
9,-1,724,177,16,36,1,1,-1,1
10,-1,325,715,53,40,1,1,-1,0
10,-1,567,197,23,31,1,2,-1,0
10,-1,586,205,27,51,1,1,-1,0
10,-1,616,519,111,150,1,10,-1,1
10,-1,628,626,141,129,1,10,-1,0
10,-1,650,272,39,64,1,2,-1,0
10,-1,662,266,43,47,1,10,-1,1
10,-1,678,169,18,63,1,1,-1,1
10,-1,744,163,21,61,1,1,-1,0
10,-1,783,349,46,134,1,1,-1,0
10,-1,821,188,32,82,1,1,-1,0
10,-1,847,377,44,92,1,2,-1,1
10,-1,855,347,51,119,1,1,-1,1
10,-1,875,405,27,69,1,2,-1,1
10,-1,1118,281,49,116,1,1,-1,1
10,-1,1162,289,43,105,1,1,-1,1
10,-1,1180,430,107,118,1,10,-1,1
10,-1,1189,399,83,107,1,2,-1,1
10,-1,1196,406,47,90,1,2,-1,1
10,-1,1217,394,58,75,1,2,-1,1
10,-1,1189,391,37,70,1,2,-1,1
10,-1,820,175,32,82,1,1,-1,0
10,-1,1091,263,70,165,1,1,-1,1
10,-1,686,192,14,48,1,1,-1,1
10,-1,874,409,25,63,1,2,-1,1
11,-1,319,733,53,22,1,1,-1,0
11,-1,568,199,23,31,1,2,-1,0
11,-1,587,207,28,51,1,1,-1,0
11,-1,615,531,114,153,1,10,-1,1
11,-1,678,171,18,63,1,1,-1,1
11,-1,705,368,55,156,1,1,-1,0
11,-1,733,181,18,40,1,1,-1,1
11,-1,745,165,20,61,1,1,-1,0
11,-1,851,386,43,94,1,2,-1,1
11,-1,879,415,28,70,1,2,-1,1
11,-1,1126,288,50,119,1,1,-1,1
11,-1,1171,297,44,105,1,1,-1,1
11,-1,1180,434,106,118,1,10,-1,1
11,-1,1189,400,84,113,1,2,-1,1
11,-1,1200,434,77,104,1,2,-1,1
11,-1,312,727,75,31,1,1,-1,0
11,-1,788,180,44,114,1,1,-1,0
11,-1,619,650,185,136,1,10,-1,0
11,-1,1206,437,30,58,1,2,-1,1
11,-1,1164,414,43,58,1,2,-1,1
12,-1,566,201,23,31,1,2,-1,0
12,-1,587,209,29,52,1,1,-1,0
12,-1,614,549,116,149,1,10,-1,1
12,-1,628,676,141,79,1,10,-1,0
12,-1,650,282,39,65,1,2,-1,0
12,-1,663,274,43,47,1,10,-1,1
12,-1,734,183,18,40,1,1,-1,1
12,-1,745,167,21,61,1,1,-1,0
12,-1,789,369,48,138,1,1,-1,0
12,-1,825,194,31,83,1,1,-1,0
12,-1,855,396,43,95,1,2,-1,1
12,-1,862,365,52,123,1,1,-1,1
12,-1,884,424,27,71,1,2,-1,1
12,-1,1181,438,105,118,1,10,-1,1
12,-1,1190,402,85,119,1,2,-1,1
12,-1,1196,413,47,90,1,2,-1,1
12,-1,810,173,39,105,1,1,-1,0
12,-1,815,196,22,60,1,1,-1,0
12,-1,647,264,57,96,1,2,-1,0
12,-1,825,384,39,86,1,2,-1,1
12,-1,882,418,30,78,1,2,-1,1
12,-1,563,191,14,19,1,2,-1,0
13,-1,564,203,23,31,1,2,-1,0
13,-1,588,211,29,53,1,1,-1,0
13,-1,613,567,119,145,1,10,-1,1
13,-1,627,701,141,54,1,10,-1,0
13,-1,650,287,39,66,1,2,-1,0
13,-1,664,278,43,47,1,10,-1,1
13,-1,679,175,18,63,1,1,-1,1
13,-1,705,390,53,160,1,1,-1,0
13,-1,735,186,18,40,1,1,-1,1
13,-1,745,169,21,61,1,1,-1,0
13,-1,793,379,49,140,1,1,-1,0
13,-1,827,197,31,84,1,1,-1,0
13,-1,859,406,42,96,1,2,-1,1
13,-1,865,374,53,124,1,1,-1,1
13,-1,1182,442,103,118,1,10,-1,1
13,-1,1190,411,84,111,1,2,-1,1
13,-1,1191,312,44,106,1,1,-1,1
13,-1,1196,417,47,90,1,2,-1,1
13,-1,656,344,31,53,1,2,-1,0
13,-1,742,200,23,51,1,1,-1,1
13,-1,1177,394,117,154,1,2,-1,1
13,-1,732,356,74,224,1,1,-1,0
13,-1,839,392,43,102,1,1,-1,1
13,-1,623,718,119,46,1,10,-1,0
14,-1,563,206,23,31,1,2,-1,0
14,-1,589,214,30,54,1,1,-1,0
14,-1,613,585,121,141,1,10,-1,1
14,-1,627,726,141,29,1,10,-1,0
14,-1,650,292,39,67,1,2,-1,0
14,-1,665,282,43,47,1,10,-1,1
14,-1,679,177,18,64,1,1,-1,1
14,-1,705,401,54,162,1,1,-1,0
14,-1,746,171,21,62,1,1,-1,0
14,-1,797,389,50,143,1,1,-1,0
14,-1,829,200,31,84,1,1,-1,0
14,-1,863,415,42,98,1,2,-1,1
14,-1,1148,310,52,124,1,1,-1,1
14,-1,1182,446,103,118,1,10,-1,1
14,-1,1190,415,84,110,1,2,-1,1
14,-1,1196,420,47,90,1,2,-1,1
14,-1,727,209,11,32,1,1,-1,0
14,-1,875,381,52,120,1,1,-1,1
14,-1,1174,403,80,104,1,2,-1,1
14,-1,884,437,27,73,1,2,-1,1
14,-1,655,174,20,70,1,1,-1,1
14,-1,855,416,61,142,1,2,-1,1
15,-1,564,207,23,32,1,2,-1,0
15,-1,588,218,31,55,1,1,-1,0
15,-1,612,603,124,137,1,10,-1,1
15,-1,649,296,40,69,1,2,-1,0
15,-1,665,286,43,47,1,10,-1,1
15,-1,679,179,18,64,1,1,-1,1
15,-1,746,174,21,62,1,1,-1,0
15,-1,831,203,31,85,1,1,-1,0
15,-1,867,425,41,99,1,2,-1,1
15,-1,871,392,56,127,1,1,-1,1
15,-1,897,453,27,75,1,2,-1,1
15,-1,1197,424,47,90,1,2,-1,1
15,-1,1210,327,45,107,1,1,-1,1
15,-1,741,191,18,41,1,1,-1,1
15,-1,862,396,54,123,1,1,-1,1
15,-1,856,386,55,126,1,1,-1,1
15,-1,579,230,13,18,1,2,-1,0
15,-1,1223,324,39,93,1,1,-1,1
15,-1,843,428,51,123,1,2,-1,1
16,-1,565,209,23,32,1,2,-1,0
16,-1,588,223,31,56,1,1,-1,0
16,-1,649,300,40,71,1,2,-1,0
16,-1,679,182,19,64,1,1,-1,1
16,-1,704,424,57,166,1,1,-1,0
16,-1,736,195,17,39,1,1,-1,1
16,-1,746,177,21,63,1,1,-1,0
16,-1,805,410,52,147,1,1,-1,0
16,-1,874,401,57,129,1,1,-1,1
16,-1,1165,324,54,126,1,1,-1,0
16,-1,1184,455,100,118,1,10,-1,1
16,-1,1192,423,82,109,1,2,-1,1
16,-1,1197,428,47,90,1,2,-1,1
16,-1,843,226,32,88,1,1,-1,0
16,-1,570,222,24,44,1,1,-1,0
16,-1,675,194,15,49,1,1,-1,1
16,-1,903,446,30,83,1,2,-1,1
16,-1,1190,333,52,121,1,1,-1,0
17,-1,587,226,31,57,1,1,-1,0
17,-1,678,184,19,64,1,1,-1,1
17,-1,746,180,21,63,1,1,-1,0
17,-1,807,422,53,149,1,1,-1,0
17,-1,835,208,31,89,1,1,-1,0
17,-1,872,446,43,103,1,2,-1,1
17,-1,877,410,58,130,1,1,-1,1
17,-1,903,477,30,79,1,2,-1,1
17,-1,1175,331,55,126,1,1,-1,0
17,-1,1182,459,100,118,1,10,-1,1
17,-1,1193,427,81,108,1,2,-1,1
17,-1,1197,431,47,90,1,2,-1,1
17,-1,1230,343,45,108,1,1,-1,1
17,-1,682,324,59,104,1,2,-1,0
17,-1,543,199,34,49,1,2,-1,0
17,-1,571,200,16,23,1,2,-1,0
17,-1,710,187,18,43,1,1,-1,1
17,-1,671,313,34,37,1,10,-1,1
18,-1,561,213,23,34,1,2,-1,0
18,-1,586,229,32,58,1,1,-1,0
18,-1,648,310,40,72,1,2,-1,0
18,-1,677,186,19,64,1,1,-1,1
18,-1,703,447,62,181,1,1,-1,0
18,-1,737,201,15,39,1,1,-1,1
18,-1,746,183,22,64,1,1,-1,0
18,-1,809,435,55,150,1,1,-1,0
18,-1,837,211,31,91,1,1,-1,0
18,-1,1180,463,100,118,1,10,-1,1
18,-1,1185,338,56,126,1,1,-1,0
18,-1,1235,348,45,112,1,1,-1,1
18,-1,843,487,45,105,1,2,-1,1
18,-1,1174,420,101,135,1,2,-1,1
18,-1,753,170,24,71,1,1,-1,0
18,-1,931,496,42,112,1,2,-1,1
18,-1,635,300,46,83,1,2,-1,0
19,-1,555,213,23,35,1,2,-1,0
19,-1,580,230,32,59,1,1,-1,0
19,-1,641,314,41,72,1,2,-1,0
19,-1,661,303,43,50,1,10,-1,1
19,-1,672,188,19,64,1,1,-1,1
19,-1,699,178,28,69,1,1,-1,0
19,-1,734,201,18,40,1,1,-1,1
19,-1,740,183,22,65,1,1,-1,0
19,-1,812,448,56,152,1,1,-1,0
19,-1,832,213,31,90,1,1,-1,0
19,-1,876,469,47,110,1,2,-1,1
19,-1,884,428,60,134,1,1,-1,1
19,-1,910,502,33,83,1,2,-1,1
19,-1,1179,467,100,119,1,10,-1,1
19,-1,1198,439,47,90,1,2,-1,1
19,-1,757,175,23,52,1,1,-1,1
19,-1,762,202,23,52,1,1,-1,1
19,-1,907,470,49,124,1,2,-1,1
19,-1,1196,398,57,110,1,2,-1,1
19,-1,589,219,21,39,1,1,-1,0
19,-1,857,213,33,96,1,1,-1,0
20,-1,635,318,41,72,1,2,-1,0
20,-1,654,306,43,50,1,10,-1,1
20,-1,704,472,67,190,1,1,-1,0
20,-1,726,201,18,41,1,1,-1,1
20,-1,734,184,23,65,1,1,-1,0
20,-1,828,216,31,90,1,1,-1,0
20,-1,878,481,48,112,1,2,-1,1
20,-1,913,514,35,85,1,2,-1,1
20,-1,1173,464,100,119,1,10,-1,1
20,-1,1190,436,79,107,1,2,-1,1
20,-1,1192,351,57,125,1,1,-1,1
20,-1,1246,360,44,119,1,1,-1,1
20,-1,843,474,62,144,1,2,-1,1
20,-1,1208,353,50,109,1,1,-1,1
20,-1,1222,358,49,108,1,1,-1,1
20,-1,1211,427,36,69,1,2,-1,1
20,-1,711,225,10,23,1,1,-1,1
20,-1,1202,476,90,108,1,10,-1,1
21,-1,541,217,23,35,1,2,-1,0
21,-1,565,232,31,58,1,1,-1,0
21,-1,629,322,42,72,1,2,-1,0
21,-1,648,309,43,51,1,10,-1,1
21,-1,660,192,19,65,1,1,-1,0
21,-1,687,179,20,69,1,1,-1,0
21,-1,704,484,69,193,1,1,-1,0
21,-1,719,202,18,42,1,1,-1,1
21,-1,729,185,23,65,1,1,-1,0
21,-1,802,465,58,164,1,1,-1,0
21,-1,822,219,31,90,1,1,-1,0
21,-1,880,492,50,116,1,2,-1,1
21,-1,894,447,63,138,1,1,-1,1
21,-1,917,526,36,88,1,2,-1,1
21,-1,1167,462,100,119,1,10,-1,1
21,-1,1185,436,80,108,1,2,-1,1
21,-1,1186,439,47,90,1,2,-1,1
21,-1,1202,357,58,130,1,1,-1,1
21,-1,1174,451,104,124,1,10,-1,1
21,-1,1241,368,35,99,1,1,-1,1
21,-1,627,296,38,65,1,2,-1,0
21,-1,581,228,25,47,1,1,-1,0
21,-1,648,316,61,72,1,10,-1,1
21,-1,808,439,66,187,1,1,-1,0
22,-1,565,234,35,62,1,1,-1,0
22,-1,629,325,42,74,1,2,-1,0
22,-1,648,312,43,51,1,10,-1,1
22,-1,660,192,19,66,1,1,-1,0
22,-1,687,180,21,69,1,1,-1,0
22,-1,704,496,72,196,1,1,-1,0
22,-1,825,222,31,91,1,1,-1,0
22,-1,882,504,52,119,1,2,-1,1
22,-1,920,538,38,90,1,2,-1,1
22,-1,1180,440,47,90,1,2,-1,1
22,-1,1181,437,80,108,1,2,-1,1
22,-1,1213,363,59,135,1,1,-1,1
22,-1,1264,371,43,127,1,1,-1,1
22,-1,704,454,97,263,1,1,-1,0
22,-1,1166,449,116,138,1,10,-1,1
22,-1,1196,453,26,50,1,2,-1,1
22,-1,934,544,21,51,1,2,-1,1
22,-1,1211,321,83,190,1,1,-1,1
22,-1,549,211,38,68,1,1,-1,0
23,-1,540,217,23,36,1,2,-1,0
23,-1,563,235,35,62,1,1,-1,0
23,-1,629,327,43,76,1,2,-1,0
23,-1,649,316,43,51,1,10,-1,1
23,-1,660,193,19,66,1,1,-1,0
23,-1,688,181,21,69,1,1,-1,0
23,-1,705,509,74,199,1,1,-1,0
23,-1,720,203,18,43,1,1,-1,1
23,-1,730,186,23,66,1,1,-1,0
23,-1,813,484,60,179,1,1,-1,0
23,-1,827,225,31,92,1,1,-1,0
23,-1,890,515,54,123,1,2,-1,1
23,-1,904,467,67,141,1,1,-1,1
23,-1,924,551,39,92,1,2,-1,1
23,-1,1164,459,100,120,1,10,-1,1
23,-1,1182,439,47,90,1,2,-1,1
23,-1,1223,369,61,140,1,1,-1,1
23,-1,1276,377,43,131,1,1,-1,1
23,-1,840,224,23,67,1,1,-1,0
23,-1,1215,335,88,202,1,1,-1,1
23,-1,845,526,55,163,1,1,-1,0
23,-1,1165,436,140,167,1,10,-1,1
23,-1,731,193,18,51,1,1,-1,0
23,-1,791,473,65,193,1,1,-1,0
24,-1,540,218,23,36,1,2,-1,0
24,-1,562,236,35,63,1,1,-1,0
24,-1,630,329,44,78,1,2,-1,0
24,-1,650,320,43,51,1,10,-1,1
24,-1,660,193,19,67,1,1,-1,0
24,-1,709,522,77,201,1,1,-1,0
24,-1,721,204,17,43,1,1,-1,1
24,-1,819,494,61,186,1,1,-1,0
24,-1,830,226,31,93,1,1,-1,0
24,-1,909,477,69,142,1,1,-1,1
24,-1,935,565,41,97,1,2,-1,1
24,-1,1167,459,100,120,1,10,-1,1
24,-1,1183,435,80,110,1,2,-1,1
24,-1,1184,439,47,90,1,2,-1,1
24,-1,1234,375,62,145,1,1,-1,1
24,-1,1288,383,42,134,1,1,-1,1
24,-1,813,518,60,182,1,1,-1,0
24,-1,1169,446,30,58,1,2,-1,1
24,-1,668,167,23,81,1,1,-1,0
24,-1,644,291,63,75,1,10,-1,1
24,-1,766,219,17,50,1,1,-1,0
24,-1,553,226,43,77,1,1,-1,0
25,-1,539,218,23,37,1,2,-1,0
25,-1,560,237,35,63,1,1,-1,0
25,-1,630,332,45,79,1,2,-1,0
25,-1,653,320,43,49,1,10,-1,1
25,-1,661,194,18,67,1,1,-1,0
25,-1,689,183,22,70,1,1,-1,0
25,-1,713,535,81,203,1,1,-1,0
25,-1,731,188,24,66,1,1,-1,0
25,-1,833,228,31,94,1,1,-1,0
25,-1,906,539,59,130,1,2,-1,1
25,-1,947,580,43,102,1,2,-1,1
25,-1,1170,459,100,121,1,10,-1,1
25,-1,1184,434,81,111,1,2,-1,1
25,-1,1186,439,47,90,1,2,-1,1
25,-1,1245,381,63,151,1,1,-1,1
25,-1,615,331,54,61,1,10,-1,1
25,-1,1260,426,49,117,1,1,-1,1
25,-1,1191,421,44,85,1,2,-1,1
25,-1,672,256,14,51,1,1,-1,0
25,-1,902,476,95,192,1,1,-1,1
26,-1,539,219,23,36,1,2,-1,0
26,-1,559,238,35,64,1,1,-1,0
26,-1,631,334,46,81,1,2,-1,0
26,-1,661,194,18,68,1,1,-1,0
26,-1,689,184,23,70,1,1,-1,0
26,-1,722,205,18,45,1,1,-1,1
26,-1,732,189,24,66,1,1,-1,0
26,-1,831,516,63,195,1,1,-1,0
26,-1,914,553,61,133,1,2,-1,1
26,-1,923,500,73,146,1,1,-1,1
26,-1,959,598,45,94,1,2,-1,1
26,-1,1173,459,100,121,1,10,-1,1
26,-1,1188,438,47,90,1,2,-1,1
26,-1,669,194,14,43,1,1,-1,0
26,-1,638,188,22,84,1,1,-1,0
26,-1,880,530,85,185,1,2,-1,1
26,-1,660,202,22,84,1,1,-1,0
26,-1,923,527,81,176,1,2,-1,1
27,-1,539,219,23,37,1,2,-1,0
27,-1,558,239,35,65,1,1,-1,0
27,-1,652,324,44,53,1,10,-1,1
27,-1,661,195,18,68,1,1,-1,0
27,-1,690,185,23,71,1,1,-1,0
27,-1,723,206,17,45,1,1,-1,1
27,-1,723,562,90,193,1,1,-1,0
27,-1,733,190,24,66,1,1,-1,0
27,-1,837,529,65,195,1,1,-1,0
27,-1,841,232,31,96,1,1,-1,0
27,-1,923,567,63,136,1,2,-1,1
27,-1,933,513,75,148,1,1,-1,1
27,-1,971,616,47,86,1,2,-1,1
27,-1,1176,458,100,122,1,10,-1,1
27,-1,1186,432,82,114,1,2,-1,1
27,-1,1190,438,47,90,1,2,-1,1
27,-1,1273,394,67,159,1,1,-1,0
27,-1,733,161,31,85,1,1,-1,0
27,-1,1180,473,57,69,1,10,-1,1
27,-1,831,499,90,271,1,1,-1,0
27,-1,846,572,39,117,1,1,-1,0
27,-1,745,204,12,31,1,1,-1,1
27,-1,632,339,67,119,1,2,-1,0
28,-1,538,220,23,37,1,2,-1,0
28,-1,558,240,33,66,1,1,-1,0
28,-1,631,340,48,84,1,2,-1,0
28,-1,653,327,45,54,1,10,-1,1
28,-1,724,207,17,45,1,1,-1,1
28,-1,726,580,94,174,1,1,-1,0
28,-1,741,190,24,55,1,1,-1,1
28,-1,783,159,24,39,1,10,-1,0
28,-1,843,542,67,195,1,1,-1,0
28,-1,845,235,31,97,1,1,-1,0
28,-1,984,634,48,78,1,2,-1,1
28,-1,1179,458,100,123,1,10,-1,1
28,-1,1187,431,82,115,1,2,-1,1
28,-1,1192,438,47,90,1,2,-1,1
28,-1,1286,407,55,159,1,1,-1,0
28,-1,735,178,30,83,1,1,-1,0
28,-1,855,244,40,126,1,1,-1,0
28,-1,661,323,55,65,1,10,-1,1
28,-1,836,223,38,118,1,1,-1,0
28,-1,510,227,22,36,1,2,-1,0
28,-1,1261,371,82,236,1,1,-1,0
29,-1,538,220,23,38,1,2,-1,0
29,-1,558,242,31,66,1,1,-1,0
29,-1,631,343,48,86,1,2,-1,0
29,-1,654,330,46,55,1,10,-1,1
29,-1,662,196,18,69,1,1,-1,0
29,-1,691,187,24,72,1,1,-1,0
29,-1,784,160,24,40,1,10,-1,0
29,-1,849,238,31,97,1,1,-1,0
29,-1,849,555,69,188,1,1,-1,0
29,-1,940,595,68,142,1,2,-1,1
29,-1,953,540,78,151,1,1,-1,1
29,-1,996,652,50,71,1,2,-1,1
29,-1,1182,458,100,123,1,10,-1,1
29,-1,1188,431,83,116,1,2,-1,1
29,-1,1194,438,47,90,1,2,-1,1
29,-1,748,194,12,33,1,1,-1,1
29,-1,654,304,56,67,1,10,-1,1
29,-1,1011,618,42,60,1,2,-1,1
29,-1,755,170,26,44,1,10,-1,0
29,-1,1180,461,110,135,1,10,-1,1
29,-1,1202,427,68,130,1,2,-1,1
30,-1,538,221,23,38,1,2,-1,0
30,-1,557,243,31,67,1,1,-1,0
30,-1,631,347,48,87,1,2,-1,0
30,-1,655,333,46,56,1,10,-1,1
30,-1,662,197,18,69,1,1,-1,0
30,-1,691,188,25,72,1,1,-1,0
30,-1,726,209,17,47,1,1,-1,1
30,-1,733,616,102,138,1,1,-1,0
30,-1,736,193,24,68,1,1,-1,0
30,-1,741,192,26,56,1,1,-1,1
30,-1,784,162,25,40,1,10,-1,0
30,-1,853,241,31,98,1,1,-1,0
30,-1,855,568,72,181,1,1,-1,0
30,-1,949,609,70,146,1,2,-1,1
30,-1,963,553,80,153,1,1,-1,1
30,-1,1009,670,51,63,1,2,-1,1
30,-1,1185,458,100,123,1,10,-1,1
30,-1,1192,430,84,117,1,2,-1,1
30,-1,1199,437,47,90,1,2,-1,1
30,-1,666,185,20,77,1,1,-1,0
30,-1,650,355,32,59,1,2,-1,0
30,-1,1174,425,84,117,1,2,-1,1
30,-1,1041,656,40,49,1,2,-1,1
30,-1,728,227,18,39,1,1,-1,1
30,-1,563,252,19,41,1,1,-1,0
31,-1,538,221,23,38,1,2,-1,0
31,-1,556,245,31,67,1,1,-1,0
31,-1,656,336,47,57,1,10,-1,1
31,-1,662,198,18,70,1,1,-1,0
31,-1,727,210,17,48,1,1,-1,1
31,-1,736,635,96,119,1,1,-1,0
31,-1,785,163,25,41,1,10,-1,0
31,-1,862,581,74,174,1,1,-1,0
31,-1,973,566,82,155,1,1,-1,1
31,-1,1021,688,53,55,1,2,-1,1
31,-1,1188,458,100,124,1,10,-1,1
31,-1,1204,437,47,90,1,2,-1,1
31,-1,813,147,27,44,1,10,-1,0
31,-1,527,222,24,39,1,2,-1,0
31,-1,762,218,16,45,1,1,-1,1
31,-1,627,365,28,52,1,2,-1,0
31,-1,638,330,60,73,1,10,-1,1
31,-1,725,224,16,45,1,1,-1,1
32,-1,538,221,23,38,1,2,-1,0
32,-1,556,247,31,67,1,1,-1,0
32,-1,657,339,48,58,1,10,-1,1
32,-1,692,190,26,73,1,1,-1,0
32,-1,728,211,17,49,1,1,-1,1
32,-1,786,165,25,41,1,10,-1,0
32,-1,860,246,33,101,1,1,-1,0
32,-1,978,647,70,108,1,2,-1,1
32,-1,983,580,84,156,1,1,-1,1
32,-1,1191,458,99,124,1,10,-1,1
32,-1,1209,437,47,90,1,2,-1,1
32,-1,662,326,64,78,1,10,-1,1
32,-1,734,164,30,64,1,1,-1,1
32,-1,989,663,58,90,1,2,-1,1
32,-1,553,245,33,72,1,1,-1,0
32,-1,728,197,23,68,1,1,-1,0
33,-1,555,248,31,67,1,1,-1,0
33,-1,635,358,50,91,1,2,-1,0
33,-1,658,342,48,59,1,10,-1,1
33,-1,664,201,18,70,1,1,-1,0
33,-1,692,191,27,73,1,1,-1,0
33,-1,740,196,24,70,1,1,-1,0
33,-1,747,194,26,58,1,1,-1,1
33,-1,864,248,34,103,1,1,-1,0
33,-1,993,666,70,89,1,2,-1,1
33,-1,995,598,88,142,1,1,-1,1
33,-1,1214,436,47,90,1,2,-1,1
33,-1,838,235,24,72,1,1,-1,0
33,-1,1185,454,124,154,1,10,-1,1
33,-1,671,179,27,103,1,1,-1,0
33,-1,742,156,36,80,1,1,-1,1
33,-1,1204,443,86,121,1,2,-1,1
34,-1,536,223,24,39,1,2,-1,0
34,-1,554,249,32,67,1,1,-1,0
34,-1,635,361,50,91,1,2,-1,0
34,-1,693,192,27,73,1,1,-1,0
34,-1,730,213,17,51,1,1,-1,1
34,-1,748,195,26,59,1,1,-1,1
34,-1,787,168,25,42,1,10,-1,0
34,-1,868,251,34,104,1,1,-1,0
34,-1,902,635,74,119,1,1,-1,0
34,-1,1008,616,91,129,1,1,-1,1
34,-1,1008,685,70,70,1,2,-1,1
34,-1,1197,459,97,123,1,10,-1,1
34,-1,1206,431,84,119,1,2,-1,1
34,-1,1219,436,47,90,1,2,-1,1
34,-1,691,196,12,47,1,1,-1,0
34,-1,991,585,125,178,1,1,-1,1
34,-1,654,338,72,88,1,10,-1,1
34,-1,1249,474,61,78,1,10,-1,1
34,-1,560,255,32,66,1,1,-1,0
35,-1,536,225,24,39,1,2,-1,0
35,-1,554,250,32,67,1,1,-1,0
35,-1,636,365,50,91,1,2,-1,0
35,-1,732,214,17,52,1,1,-1,1
35,-1,742,198,25,70,1,1,-1,0
35,-1,749,195,27,62,1,1,-1,1
35,-1,788,169,25,43,1,10,-1,0
35,-1,1020,634,95,115,1,1,-1,1
35,-1,1208,432,84,119,1,2,-1,1
35,-1,1244,445,42,81,1,2,-1,1
35,-1,666,184,35,93,1,1,-1,0
35,-1,697,195,16,42,1,1,-1,0
35,-1,1243,469,24,47,1,2,-1,1
35,-1,1021,649,78,94,1,1,-1,1
36,-1,536,226,24,39,1,2,-1,0
36,-1,661,351,51,63,1,10,-1,1
36,-1,667,204,18,72,1,1,-1,0
36,-1,731,215,17,53,1,1,-1,1
36,-1,750,196,27,63,1,1,-1,1
36,-1,788,171,26,42,1,10,-1,0
36,-1,929,675,74,79,1,1,-1,0
36,-1,1230,436,47,90,1,2,-1,1
36,-1,1185,419,114,164,1,2,-1,1
36,-1,932,688,54,58,1,1,-1,0
36,-1,549,220,18,28,1,2,-1,0
36,-1,556,203,34,55,1,2,-1,0
36,-1,741,237,14,43,1,1,-1,1
37,-1,536,228,24,38,1,2,-1,0
37,-1,553,253,32,69,1,1,-1,0
37,-1,668,205,18,73,1,1,-1,0
37,-1,731,216,16,54,1,1,-1,1
37,-1,744,200,27,70,1,1,-1,0
37,-1,789,172,26,43,1,10,-1,0
37,-1,943,695,74,59,1,1,-1,0
37,-1,1207,461,94,123,1,10,-1,1
37,-1,909,258,42,124,1,1,-1,0
37,-1,745,217,23,76,1,1,-1,1
37,-1,796,188,25,42,1,10,-1,0
37,-1,901,278,40,117,1,1,-1,0
37,-1,740,206,15,39,1,1,-1,0
38,-1,552,255,32,69,1,1,-1,0
38,-1,662,359,51,66,1,10,-1,1
38,-1,669,205,18,73,1,1,-1,0
38,-1,694,195,29,75,1,1,-1,0
38,-1,745,201,27,71,1,1,-1,0
38,-1,754,198,27,65,1,1,-1,1
38,-1,790,174,26,43,1,10,-1,0
38,-1,883,261,38,110,1,1,-1,0
38,-1,1211,462,93,123,1,10,-1,1
38,-1,1221,433,82,119,1,2,-1,1
38,-1,695,209,15,38,1,1,-1,0
38,-1,793,156,14,24,1,10,-1,0
38,-1,636,380,52,96,1,2,-1,0
38,-1,1204,457,74,99,1,10,-1,1
39,-1,639,385,52,95,1,2,-1,0
39,-1,694,195,29,76,1,1,-1,0
39,-1,747,202,26,72,1,1,-1,0
39,-1,757,200,26,64,1,1,-1,1
39,-1,790,175,26,44,1,10,-1,0
39,-1,887,264,39,111,1,1,-1,0
39,-1,1216,464,91,122,1,10,-1,1
39,-1,1232,440,47,90,1,2,-1,1
39,-1,886,265,43,121,1,1,-1,0
39,-1,785,179,24,40,1,10,-1,0
39,-1,711,176,36,88,1,1,-1,1
39,-1,553,229,34,74,1,1,-1,0
40,-1,535,232,25,38,1,2,-1,0
40,-1,551,260,32,70,1,1,-1,0
40,-1,639,390,53,97,1,2,-1,0
40,-1,663,368,52,68,1,10,-1,1
40,-1,693,196,30,77,1,1,-1,0
40,-1,747,203,25,73,1,1,-1,0
40,-1,891,267,40,112,1,1,-1,0
40,-1,1218,465,91,122,1,10,-1,1
40,-1,1229,434,82,118,1,2,-1,1
40,-1,1234,441,47,90,1,2,-1,1
40,-1,739,222,31,91,1,1,-1,0
40,-1,651,388,63,83,1,10,-1,1
40,-1,751,180,24,60,1,1,-1,1
40,-1,901,246,44,123,1,1,-1,0
41,-1,533,233,26,38,1,2,-1,0
41,-1,550,263,32,71,1,1,-1,0
41,-1,640,395,54,99,1,2,-1,0
41,-1,668,209,18,73,1,1,-1,0
41,-1,693,198,30,77,1,1,-1,0
41,-1,732,223,17,58,1,1,-1,1
41,-1,747,204,25,74,1,1,-1,0
41,-1,758,202,25,65,1,1,-1,1
41,-1,892,271,40,114,1,1,-1,0
41,-1,1221,467,90,122,1,10,-1,1
41,-1,1232,435,82,118,1,2,-1,1
41,-1,1236,442,47,90,1,2,-1,1
41,-1,1222,449,101,137,1,10,-1,1
41,-1,1210,413,122,175,1,2,-1,1
41,-1,1202,426,101,146,1,2,-1,1
41,-1,1213,447,36,69,1,2,-1,1
42,-1,532,235,27,38,1,2,-1,0
42,-1,550,267,31,71,1,1,-1,0
42,-1,663,376,54,70,1,10,-1,1
42,-1,668,211,18,74,1,1,-1,0
42,-1,693,200,31,78,1,1,-1,0
42,-1,733,226,18,58,1,1,-1,1
42,-1,759,203,25,66,1,1,-1,1
42,-1,893,276,41,115,1,1,-1,0
42,-1,1224,469,90,122,1,10,-1,1
42,-1,1239,443,47,90,1,2,-1,1
42,-1,757,219,18,53,1,1,-1,0
42,-1,664,235,10,42,1,1,-1,0
42,-1,658,323,73,94,1,10,-1,1
42,-1,695,246,18,45,1,1,-1,0
43,-1,545,268,31,72,1,1,-1,0
43,-1,664,381,54,71,1,10,-1,1
43,-1,666,213,18,75,1,1,-1,0
43,-1,693,202,31,78,1,1,-1,0
43,-1,756,204,26,66,1,1,-1,1
43,-1,1224,468,89,121,1,10,-1,1
43,-1,668,171,41,102,1,1,-1,0
43,-1,717,193,27,82,1,1,-1,1
43,-1,628,395,71,132,1,2,-1,0
43,-1,713,220,17,51,1,1,-1,1
44,-1,524,238,27,38,1,2,-1,0
44,-1,540,270,32,73,1,1,-1,0
44,-1,637,413,55,105,1,2,-1,0
44,-1,661,387,54,71,1,10,-1,1
44,-1,664,215,18,76,1,1,-1,0
44,-1,726,229,19,58,1,1,-1,1
44,-1,743,208,24,75,1,1,-1,0
44,-1,754,206,26,65,1,1,-1,1
44,-1,794,183,27,46,1,10,-1,0
44,-1,895,286,43,118,1,1,-1,0
44,-1,1224,468,89,120,1,10,-1,1
44,-1,1231,437,83,117,1,2,-1,1
44,-1,618,408,75,142,1,2,-1,0
44,-1,917,327,23,64,1,1,-1,0
44,-1,541,229,27,38,1,2,-1,0
44,-1,614,406,69,131,1,2,-1,0
45,-1,635,419,55,107,1,2,-1,0
45,-1,658,394,55,71,1,10,-1,1
45,-1,663,218,18,76,1,1,-1,0
45,-1,687,205,31,80,1,1,-1,0
45,-1,723,231,19,58,1,1,-1,1
45,-1,741,209,24,76,1,1,-1,0
45,-1,752,208,26,64,1,1,-1,1
45,-1,1224,467,88,120,1,10,-1,1
45,-1,1229,437,83,117,1,2,-1,1
45,-1,1236,443,47,90,1,2,-1,1
45,-1,603,398,70,136,1,2,-1,0
45,-1,734,195,21,66,1,1,-1,0
45,-1,664,212,26,108,1,1,-1,0
45,-1,875,285,52,142,1,1,-1,0
46,-1,531,273,32,75,1,1,-1,0
46,-1,650,398,58,72,1,10,-1,1
46,-1,656,219,19,77,1,1,-1,0
46,-1,682,207,30,80,1,1,-1,0
46,-1,720,233,19,58,1,1,-1,1
46,-1,739,210,24,77,1,1,-1,0
46,-1,750,210,27,63,1,1,-1,1
46,-1,894,294,45,121,1,1,-1,0
46,-1,1224,467,88,119,1,10,-1,1
46,-1,1228,438,83,116,1,2,-1,1
46,-1,1239,418,28,54,1,2,-1,1
46,-1,875,269,66,177,1,1,-1,0
46,-1,717,170,35,114,1,1,-1,0
46,-1,718,205,29,93,1,1,-1,0
47,-1,507,242,27,38,1,2,-1,0
47,-1,623,433,56,110,1,2,-1,0
47,-1,643,403,59,74,1,10,-1,1
47,-1,649,221,20,77,1,1,-1,0
47,-1,713,234,20,58,1,1,-1,1
47,-1,745,212,26,62,1,1,-1,1
47,-1,892,297,46,123,1,1,-1,0
47,-1,1219,437,83,116,1,2,-1,1
47,-1,1227,443,47,90,1,2,-1,1
47,-1,1233,424,63,88,1,2,-1,1
47,-1,631,415,64,126,1,2,-1,0
47,-1,885,325,30,79,1,1,-1,0
47,-1,1231,434,36,68,1,2,-1,1
48,-1,498,244,27,37,1,2,-1,0
48,-1,510,279,32,77,1,1,-1,0
48,-1,616,441,57,112,1,2,-1,0
48,-1,637,409,59,76,1,10,-1,1
48,-1,643,223,20,78,1,1,-1,0
48,-1,672,211,28,80,1,1,-1,0
48,-1,728,214,24,78,1,1,-1,0
48,-1,776,178,22,54,1,10,-1,0
48,-1,891,301,46,124,1,1,-1,0
48,-1,1219,442,47,90,1,2,-1,1
48,-1,1201,411,130,178,1,10,-1,1
48,-1,519,220,14,19,1,2,-1,0
48,-1,736,173,34,84,1,1,-1,1
48,-1,1214,426,60,116,1,2,-1,1
49,-1,500,282,31,78,1,1,-1,0
49,-1,609,449,58,115,1,2,-1,0
49,-1,630,414,61,78,1,10,-1,1
49,-1,664,212,29,81,1,1,-1,0
49,-1,699,237,20,58,1,1,-1,1
49,-1,718,216,25,79,1,1,-1,0
49,-1,735,216,24,62,1,1,-1,1
49,-1,767,180,25,48,1,2,-1,1
49,-1,767,195,28,48,1,10,-1,1
49,-1,886,304,47,126,1,1,-1,0
49,-1,1200,464,87,119,1,10,-1,1
49,-1,1203,437,83,114,1,2,-1,1
49,-1,1185,424,61,117,1,2,-1,1
49,-1,623,418,77,99,1,10,-1,1
49,-1,702,185,24,63,1,1,-1,1
49,-1,632,218,21,80,1,1,-1,0
49,-1,1232,437,48,66,1,2,-1,1
50,-1,481,247,27,37,1,2,-1,0
50,-1,490,285,31,79,1,1,-1,0
50,-1,603,456,59,117,1,2,-1,0
50,-1,624,420,61,80,1,10,-1,1
50,-1,626,226,21,79,1,1,-1,0
50,-1,657,214,29,81,1,1,-1,0
50,-1,709,219,25,79,1,1,-1,0
50,-1,759,182,24,47,1,2,-1,1
50,-1,759,200,26,44,1,10,-1,1
50,-1,882,308,48,127,1,1,-1,0
50,-1,1193,463,86,119,1,10,-1,1
50,-1,1195,437,83,114,1,2,-1,1
50,-1,1203,440,47,91,1,2,-1,1
50,-1,709,194,28,81,1,1,-1,1
50,-1,1206,464,32,61,1,2,-1,1
50,-1,701,262,12,35,1,1,-1,1
50,-1,1193,457,56,77,1,2,-1,1
50,-1,456,285,31,79,1,1,-1,0
51,-1,472,248,27,37,1,2,-1,0
51,-1,480,289,31,79,1,1,-1,0
51,-1,598,463,59,119,1,2,-1,0
51,-1,617,425,62,82,1,10,-1,1
51,-1,618,228,21,80,1,1,-1,0
51,-1,650,216,29,82,1,1,-1,0
51,-1,700,222,25,80,1,1,-1,0
51,-1,718,220,24,65,1,1,-1,1
51,-1,751,185,24,45,1,2,-1,1
51,-1,752,206,23,39,1,10,-1,1
51,-1,879,312,50,129,1,1,-1,0
51,-1,1192,436,83,113,1,2,-1,1
51,-1,1193,462,84,119,1,10,-1,1
51,-1,487,283,43,109,1,1,-1,0
51,-1,471,320,23,59,1,1,-1,0
51,-1,611,188,30,113,1,1,-1,0
51,-1,665,259,19,54,1,1,-1,1
51,-1,733,207,29,79,1,1,-1,1
52,-1,464,250,27,37,1,2,-1,0
52,-1,473,292,33,79,1,1,-1,0
52,-1,593,470,59,121,1,2,-1,0
52,-1,611,431,63,84,1,10,-1,1
52,-1,614,230,21,80,1,1,-1,0
52,-1,644,218,29,82,1,1,-1,0
52,-1,681,243,20,57,1,1,-1,1
52,-1,697,224,26,80,1,1,-1,0
52,-1,749,187,24,45,1,2,-1,1
52,-1,749,208,23,39,1,10,-1,1
52,-1,877,317,51,131,1,1,-1,0
52,-1,1193,462,82,118,1,10,-1,1
52,-1,1201,440,46,90,1,2,-1,1
52,-1,1207,476,54,78,1,10,-1,1
52,-1,715,209,34,94,1,1,-1,1
52,-1,868,341,42,108,1,1,-1,0
52,-1,1207,514,48,70,1,10,-1,1
52,-1,602,438,78,160,1,2,-1,0
53,-1,467,296,34,78,1,1,-1,0
53,-1,588,477,59,123,1,2,-1,0
53,-1,609,438,65,86,1,10,-1,1
53,-1,638,220,29,83,1,1,-1,0
53,-1,678,245,21,57,1,1,-1,1
53,-1,746,211,24,39,1,10,-1,1
53,-1,747,189,24,46,1,2,-1,1
53,-1,880,323,52,132,1,1,-1,0
53,-1,1187,435,83,110,1,2,-1,1
53,-1,1193,462,80,117,1,10,-1,1
53,-1,1200,440,46,89,1,2,-1,1
53,-1,1189,429,95,140,1,10,-1,1
53,-1,1162,422,109,160,1,10,-1,1
53,-1,678,258,12,31,1,1,-1,1
53,-1,1191,461,57,111,1,2,-1,1
53,-1,709,230,34,107,1,1,-1,0
54,-1,586,486,59,121,1,2,-1,0
54,-1,606,235,23,81,1,1,-1,0
54,-1,636,222,30,83,1,1,-1,0
54,-1,693,228,26,81,1,1,-1,0
54,-1,712,225,24,70,1,1,-1,1
54,-1,743,213,24,40,1,10,-1,1
54,-1,745,191,24,47,1,2,-1,1
54,-1,1185,435,83,108,1,2,-1,1
54,-1,1193,462,78,116,1,10,-1,1
54,-1,1199,440,46,89,1,2,-1,1
54,-1,446,276,24,33,1,2,-1,0
54,-1,637,227,20,56,1,1,-1,0
54,-1,723,220,35,59,1,10,-1,1
54,-1,1194,481,69,103,1,10,-1,1
54,-1,491,289,28,62,1,1,-1,0
55,-1,458,257,27,37,1,2,-1,0
55,-1,463,302,37,79,1,1,-1,0
55,-1,603,238,23,81,1,1,-1,0
55,-1,607,452,67,90,1,10,-1,1
55,-1,635,224,30,84,1,1,-1,0
55,-1,691,230,26,82,1,1,-1,0
55,-1,710,227,24,72,1,1,-1,1
55,-1,741,216,24,40,1,10,-1,1
55,-1,743,194,24,47,1,2,-1,1
55,-1,729,181,32,63,1,2,-1,1
55,-1,619,487,37,49,1,10,-1,1
55,-1,1198,434,51,66,1,2,-1,1
55,-1,746,212,23,39,1,10,-1,1
55,-1,474,280,47,101,1,1,-1,0
56,-1,456,260,27,37,1,2,-1,0
56,-1,461,305,38,79,1,1,-1,0
56,-1,602,241,24,81,1,1,-1,0
56,-1,607,458,66,92,1,10,-1,1
56,-1,635,226,30,85,1,1,-1,0
56,-1,691,232,26,82,1,1,-1,0
56,-1,711,229,23,74,1,1,-1,1
56,-1,741,220,24,39,1,10,-1,1
56,-1,744,197,24,48,1,2,-1,1
56,-1,889,342,55,136,1,1,-1,0
56,-1,1186,435,83,108,1,2,-1,1
56,-1,1199,441,46,89,1,2,-1,1
56,-1,459,238,17,23,1,2,-1,0
56,-1,448,238,39,53,1,2,-1,0
56,-1,618,267,17,56,1,1,-1,0
56,-1,674,256,23,74,1,1,-1,0
56,-1,465,308,32,66,1,1,-1,0
57,-1,454,262,27,37,1,2,-1,0
57,-1,459,308,40,80,1,1,-1,0
57,-1,585,514,63,126,1,2,-1,0
57,-1,601,244,25,81,1,1,-1,0
57,-1,607,464,66,94,1,10,-1,1
57,-1,635,228,31,86,1,1,-1,0
57,-1,691,234,27,83,1,1,-1,0
57,-1,741,224,25,38,1,10,-1,1
57,-1,893,349,55,137,1,1,-1,0
57,-1,1189,435,84,110,1,2,-1,1
57,-1,1193,464,80,117,1,10,-1,1
57,-1,1200,442,46,90,1,2,-1,1
57,-1,736,236,16,53,1,1,-1,1
57,-1,713,222,32,103,1,1,-1,1
57,-1,1222,472,28,55,1,2,-1,1
57,-1,469,306,41,81,1,1,-1,0
57,-1,899,337,64,158,1,1,-1,0
58,-1,452,265,27,37,1,2,-1,0
58,-1,458,312,41,80,1,1,-1,0
58,-1,586,524,65,130,1,2,-1,0
58,-1,601,247,25,82,1,1,-1,0
58,-1,618,204,22,67,1,1,-1,1
58,-1,636,231,31,86,1,1,-1,0
58,-1,673,258,21,57,1,1,-1,1
58,-1,691,236,28,84,1,1,-1,0
58,-1,704,148,21,39,1,2,-1,1
58,-1,742,229,25,36,1,10,-1,1
58,-1,746,205,25,48,1,2,-1,1
58,-1,1193,466,82,117,1,10,-1,1
58,-1,1194,437,84,110,1,2,-1,1
58,-1,1201,443,47,91,1,2,-1,1
58,-1,694,273,12,34,1,1,-1,1
58,-1,418,287,57,111,1,1,-1,0
58,-1,1198,428,87,125,1,10,-1,1
58,-1,694,206,33,99,1,1,-1,0
58,-1,739,231,29,95,1,1,-1,1
