1,32,1139.00,46.00,109.00,64.00,1,5,-1,-1
1,31,501.00,863.00,62.00,138.00,1,1,-1,-1
1,30,648.00,668.00,81.00,127.00,1,1,-1,-1
1,29,242.00,929.00,59.00,93.00,1,2,-1,-1
1,28,1266.00,571.00,23.00,42.00,1,1,-1,-1
1,27,436.00,122.00,16.00,26.00,1,2,-1,-1
1,26,485.00,902.00,31.00,54.00,1,1,-1,-1
1,25,1187.00,904.00,51.00,115.00,1,1,-1,-1
1,24,1738.00,467.00,46.00,65.00,1,1,-1,-1
1,23,1699.00,298.00,60.00,64.00,1,1,-1,-1
1,22,1490.00,736.00,57.00,79.00,1,1,-1,-1
1,21,1449.00,582.00,53.00,95.00,1,1,-1,-1
1,20,1388.00,547.00,34.00,49.00,1,1,-1,-1
1,19,1376.00,717.00,35.00,84.00,1,1,-1,-1
1,18,1364.00,384.00,24.00,58.00,1,1,-1,-1
1,17,1304.00,527.00,45.00,51.00,1,1,-1,-1
1,16,1253.00,286.00,143.00,108.00,1,4,-1,-1
1,15,1249.00,434.00,43.00,74.00,1,1,-1,-1
1,14,1159.00,441.00,19.00,70.00,1,1,-1,-1
1,13,1146.00,41.00,139.00,82.00,1,5,-1,-1
1,12,1141.00,896.00,47.00,86.00,1,1,-1,-1
1,11,1140.00,728.00,25.00,67.00,1,1,-1,-1
1,10,818.00,470.00,204.00,138.00,1,5,-1,-1
1,9,673.00,607.00,119.00,91.00,1,7,-1,-1
1,8,644.00,700.00,54.00,85.00,1,1,-1,-1
1,7,498.00,982.00,50.00,89.00,1,1,-1,-1
1,6,441.00,751.00,37.00,85.00,1,1,-1,-1
1,5,426.00,91.00,30.00,47.00,1,2,-1,-1
1,4,390.00,951.00,29.00,53.00,1,1,-1,-1
1,3,228.00,965.00,58.00,66.00,1,2,-1,-1
1,2,143.00,859.00,36.00,70.00,1,1,-1,-1
2,65,1744.00,318.00,22.00,34.00,1,1,-1,-1
2,64,1496.00,584.00,53.00,95.00,1,1,-1,-1
2,63,1278.00,440.00,43.00,75.00,1,1,-1,-1
2,62,1092.00,429.00,48.00,61.00,1,1,-1,-1
2,61,1006.00,929.00,50.00,107.00,1,1,-1,-1
2,60,1004.00,666.00,30.00,67.00,1,1,-1,-1
2,59,951.00,935.00,41.00,83.00,1,1,-1,-1
2,58,825.00,851.00,60.00,80.00,1,1,-1,-1
2,57,813.00,708.00,67.00,67.00,1,1,-1,-1
2,56,651.00,24.00,144.00,87.00,1,4,-1,-1
2,55,595.00,827.00,131.00,101.00,1,10,-1,-1
2,54,547.00,876.00,46.00,102.00,1,1,-1,-1
2,53,492.00,899.00,48.00,83.00,1,1,-1,-1
2,52,477.00,606.00,211.00,175.00,1,7,-1,-1
2,51,463.00,91.00,32.00,45.00,1,2,-1,-1
2,50,448.00,87.00,30.00,48.00,1,2,-1,-1
2,49,423.00,104.00,76.00,43.00,1,10,-1,-1
2,48,411.00,145.00,164.00,115.00,1,5,-1,-1
2,47,266.00,901.00,48.00,75.00,1,2,-1,-1
2,46,259.00,813.00,30.00,75.00,1,1,-1,-1
2,45,216.00,810.00,34.00,75.00,1,1,-1,-1
2,44,1770.00,299.00,43.00,67.00,1,1,-1,-1
2,43,805.00,799.00,59.00,130.00,1,1,-1,-1
2,42,1660.00,722.00,33.00,61.00,1,1,-1,-1
2,41,1301.00,588.00,25.00,46.00,1,1,-1,-1
2,40,940.00,924.00,60.00,121.00,1,1,-1,-1
2,39,1791.00,324.00,29.00,60.00,1,1,-1,-1
2,38,1749.00,305.00,40.00,63.00,1,1,-1,-1
2,37,1631.00,653.00,51.00,95.00,1,1,-1,-1
2,36,1400.00,391.00,24.00,58.00,1,1,-1,-1
2,35,1344.00,601.00,38.00,60.00,1,1,-1,-1
2,34,1189.00,441.00,19.00,70.00,1,1,-1,-1
2,33,1167.00,731.00,25.00,67.00,1,1,-1,-1
2,31,528.00,877.96,45.00,100.08,1,1,-1,-1
2,30,669.96,697.01,54.08,84.97,1,1,-1,-1
2,29,255.98,951.56,54.04,70.87,1,2,-1,-1
2,25,1210.96,900.09,48.08,108.82,1,1,-1,-1
2,22,1517.00,744.00,57.00,79.00,1,1,-1,-1
2,13,1203.99,41.00,139.00,82.00,1,5,-1,-1
2,11,1130.94,728.93,34.13,80.14,1,1,-1,-1
2,10,848.17,469.88,203.65,137.24,1,5,-1,-1
2,9,701.03,605.97,117.93,90.06,1,7,-1,-1
2,7,522.00,978.00,50.00,89.00,1,1,-1,-1
3,89,1323.00,562.00,43.00,79.00,1,1,-1,-1
3,88,1429.00,702.00,46.00,110.00,1,1,-1,-1
3,87,1254.00,425.00,44.00,107.00,1,1,-1,-1
3,86,384.00,869.00,43.00,81.00,1,1,-1,-1
3,85,962.00,723.00,25.00,39.00,1,1,-1,-1
3,84,1120.00,425.00,45.00,58.00,1,1,-1,-1
3,83,792.00,831.00,35.00,77.00,1,1,-1,-1
3,82,1834.00,330.00,29.00,59.00,1,1,-1,-1
3,81,1819.00,484.00,46.00,65.00,1,1,-1,-1
3,80,1658.00,667.00,51.00,95.00,1,1,-1,-1
3,79,1447.00,563.00,34.00,49.00,1,1,-1,-1
3,78,1413.00,399.00,24.00,53.00,1,1,-1,-1
3,77,1407.00,727.00,34.00,78.00,1,1,-1,-1
3,76,1375.00,606.00,37.00,60.00,1,1,-1,-1
3,75,1320.00,578.00,36.00,66.00,1,1,-1,-1
3,74,1195.00,734.00,25.00,67.00,1,1,-1,-1
3,73,1064.00,663.00,48.00,76.00,1,1,-1,-1
3,72,1030.00,665.00,30.00,66.00,1,1,-1,-1
3,71,969.00,726.00,37.00,58.00,1,1,-1,-1
3,70,516.00,822.00,41.00,91.00,1,1,-1,-1
3,69,441.00,924.00,28.00,55.00,1,1,-1,-1
3,68,383.00,882.00,29.00,55.00,1,1,-1,-1
3,67,294.00,891.00,48.00,75.00,1,2,-1,-1
3,66,289.00,801.00,30.00,75.00,1,1,-1,-1
3,64,1520.00,597.00,53.00,95.00,1,1,-1,-1
3,58,849.00,850.00,60.00,80.00,1,1,-1,-1
3,57,839.00,707.00,67.00,67.00,1,1,-1,-1
3,56,676.00,26.00,144.00,87.00,1,4,-1,-1
3,55,620.00,824.00,131.00,101.00,1,10,-1,-1
3,52,508.29,600.96,208.41,168.08,1,7,-1,-1
3,51,470.52,84.75,30.97,46.50,1,2,-1,-1
3,39,1793.30,319.88,38.40,67.24,1,1,-1,-1
3,37,1617.96,655.42,51.09,87.16,1,1,-1,-1
3,33,1159.72,746.42,24.57,57.15,1,1,-1,-1
3,29,273.70,944.42,68.89,85.57,1,2,-1,-1
3,25,1241.84,924.60,36.03,81.56,1,1,-1,-1
3,22,1544.00,752.94,57.00,79.00,1,1,-1,-1
3,20,1369.12,539.66,42.76,53.67,1,1,-1,-1
3,16,1321.10,300.21,143.80,104.58,1,4,-1,-1
3,15,1239.65,437.01,32.70,66.97,1,1,-1,-1
3,13,1262.00,41.94,139.00,82.00,1,5,-1,-1
3,10,878.94,470.01,203.05,136.91,1,5,-1,-1
3,9,729.08,605.02,117.77,89.89,1,7,-1,-1
4,25,1268.30,937.77,31.49,71.29,1,1,-1,-1
4,22,1579.61,761.63,56.72,77.95,1,1,-1,-1
4,13,1320.84,42.11,139.00,82.00,1,5,-1,-1
5,58,898.05,848.01,59.01,79.14,1,1,-1,-1
5,56,726.16,29.94,144.52,87.12,1,4,-1,-1
5,55,670.00,818.00,131.00,101.00,1,10,-1,-1
5,52,567.16,592.71,205.01,159.89,1,7,-1,-1
5,22,1618.16,778.48,56.65,77.46,1,1,-1,-1
5,13,1379.06,42.91,139.00,82.00,1,5,-1,-1
6,13,1437.11,43.13,139.00,82.00,1,5,-1,-1
7,64,1646.22,644.84,53.00,95.00,1,1,-1,-1
8,133,1082.35,941.38,57.59,82.45,1,1,-1,-1
9,142,689.88,948.24,49.21,90.51,1,1,-1,-1
9,139,573.85,142.96,163.00,115.00,1,5,-1,-1
9,133,1099.97,944.22,57.61,82.46,1,1,-1,-1
9,58,990.90,849.75,58.83,78.80,1,1,-1,-1
9,22,1746.68,836.53,52.86,81.80,1,1,-1,-1
10,166,872.65,675.38,51.47,81.14,1,1,-1,-1
10,145,1078.10,488.07,215.61,137.74,1,5,-1,-1
10,142,712.79,943.35,49.31,91.24,1,1,-1,-1
10,139,597.84,142.19,163.00,115.00,1,5,-1,-1
10,58,1012.83,852.57,58.76,78.43,1,1,-1,-1
10,57,1021.03,710.24,67.00,67.00,1,1,-1,-1
11,197,1729.02,828.00,46.84,101.55,1,2,-1,-1
11,166,895.81,679.77,46.75,73.90,1,1,-1,-1
11,145,1108.46,492.86,217.11,137.71,1,5,-1,-1
11,139,627.56,140.82,161.22,109.88,1,5,-1,-1
11,58,1043.96,855.43,57.94,77.31,1,1,-1,-1
12,212,982.91,603.90,112.00,87.85,1,7,-1,-1
12,144,1011.21,841.30,43.98,96.30,1,1,-1,-1
12,139,651.36,142.46,160.57,106.90,1,5,-1,-1
13,144,1036.03,840.71,44.81,98.20,1,1,-1,-1
14,144,1060.23,842.29,45.31,99.34,1,1,-1,-1
15,145,1233.75,516.99,218.59,137.12,1,5,-1,-1
15,144,1084.23,845.39,45.61,100.05,1,1,-1,-1
15,133,1242.63,979.54,57.79,82.70,1,1,-1,-1
16,298,406.95,785.31,35.53,56.85,1,1,-1,-1
16,145,1265.46,523.12,218.70,136.97,1,5,-1,-1
16,133,1257.15,959.44,62.86,88.24,1,1,-1,-1
17,303,974.56,791.73,130.04,101.02,1,10,-1,-1
17,298,442.64,775.53,36.04,57.32,1,1,-1,-1
17,296,72.11,659.56,298.15,192.34,1,4,-1,-1
17,166,1071.64,680.97,51.44,81.15,1,1,-1,-1
17,145,1262.68,513.51,246.53,154.19,1,5,-1,-1
18,298,472.77,758.38,36.00,57.75,1,1,-1,-1
18,296,61.60,618.94,367.87,228.29,1,4,-1,-1
18,145,1312.55,527.24,223.38,139.60,1,5,-1,-1
19,383,1519.32,46.74,143.36,66.30,1,4,-1,-1
19,374,453.66,942.84,60.60,94.35,1,1,-1,-1
19,298,505.38,744.70,36.61,57.61,1,1,-1,-1
19,145,1358.63,545.69,206.80,129.08,1,5,-1,-1
20,383,1550.40,53.69,144.20,66.37,1,4,-1,-1
20,374,480.50,932.46,58.87,94.06,1,1,-1,-1
20,58,1254.07,893.55,58.77,77.76,1,1,-1,-1
21,383,1581.47,60.68,145.07,66.42,1,4,-1,-1
21,144,1230.62,876.99,46.08,101.15,1,1,-1,-1
22,296,243.44,611.28,303.51,183.42,1,4,-1,-1
23,296,277.29,603.43,293.66,173.29,1,4,-1,-1
24,409,1402.99,791.49,66.71,65.70,1,1,-1,-1
24,58,1357.24,928.04,58.85,77.82,1,1,-1,-1
25,513,329.95,732.85,54.00,76.00,1,1,-1,-1
25,512,275.72,726.78,52.76,82.50,1,1,-1,-1
25,409,1426.88,800.46,66.69,65.39,1,1,-1,-1
25,383,1705.43,101.39,131.02,59.15,1,4,-1,-1
25,58,1383.29,936.99,58.86,77.83,1,1,-1,-1
26,539,518.42,335.09,38.59,72.00,1,1,-1,-1
26,536,524.18,492.59,109.92,57.59,1,10,-1,-1
26,513,352.97,724.06,54.00,76.00,1,1,-1,-1
26,512,299.43,717.70,51.95,82.48,1,1,-1,-1
26,409,1449.33,809.53,66.68,65.20,1,1,-1,-1
26,383,1723.60,107.18,137.46,62.36,1,4,-1,-1
26,58,1403.64,945.60,59.19,78.17,1,1,-1,-1
27,565,903.04,761.32,48.13,73.52,1,2,-1,-1
27,564,693.33,736.46,29.75,49.52,1,1,-1,-1
27,513,375.97,715.11,54.00,76.00,1,1,-1,-1
27,512,322.55,708.16,51.16,82.78,1,1,-1,-1
27,58,1422.26,954.52,59.42,78.41,1,1,-1,-1
28,592,755.00,726.50,42.01,97.72,1,1,-1,-1
28,589,595.98,692.50,44.94,94.80,1,1,-1,-1
28,587,552.51,846.37,55.20,102.25,1,1,-1,-1
28,565,923.83,762.09,48.16,73.76,1,2,-1,-1
28,512,346.25,698.98,50.28,82.91,1,1,-1,-1
29,621,1376.00,744.05,51.15,81.90,1,1,-1,-1
29,620,1259.00,95.89,163.00,85.00,1,4,-1,-1
29,611,417.97,589.17,278.16,142.87,1,4,-1,-1
29,592,774.24,724.22,41.88,98.09,1,1,-1,-1
29,589,615.10,691.16,44.74,93.48,1,1,-1,-1
29,583,510.84,885.55,41.22,84.62,1,1,-1,-1
30,637,1193.34,866.15,44.13,88.66,1,1,-1,-1
30,631,688.36,767.82,36.97,89.68,1,1,-1,-1
30,629,198.52,892.19,80.98,115.36,1,10,-1,-1
30,625,759.07,695.44,45.39,59.13,1,1,-1,-1
30,621,1396.82,751.06,51.08,81.88,1,1,-1,-1
30,620,1272.00,99.88,163.00,85.00,1,4,-1,-1
30,592,794.03,722.75,41.81,98.39,1,1,-1,-1
30,589,634.20,689.96,44.55,91.91,1,1,-1,-1
31,672,748.01,714.59,61.30,55.45,1,4,-1,-1
31,668,1679.72,664.36,217.44,136.63,1,5,-1,-1
31,666,1216.15,637.02,215.67,137.57,1,7,-1,-1
31,638,1479.72,722.95,113.43,73.95,1,7,-1,-1
31,637,1203.26,867.91,44.01,88.02,1,1,-1,-1
31,629,218.50,884.95,81.06,115.36,1,10,-1,-1
31,620,1273.90,102.41,163.00,85.00,1,4,-1,-1
31,601,1437.07,953.11,45.77,102.04,1,1,-1,-1
31,593,962.14,797.52,46.08,58.04,1,2,-1,-1
31,592,804.12,721.56,42.23,99.32,1,1,-1,-1
31,589,653.45,688.73,44.78,90.41,1,1,-1,-1
31,513,431.71,687.03,54.36,76.11,1,1,-1,-1
32,688,1812.01,142.14,94.94,63.59,1,4,-1,-1
32,683,1092.97,42.09,33.31,40.65,1,10,-1,-1
32,679,723.72,489.46,90.88,56.96,1,10,-1,-1
32,675,530.71,715.53,111.61,54.48,1,10,-1,-1
32,672,754.41,709.19,73.60,59.56,1,4,-1,-1
32,668,1684.17,667.61,215.32,136.24,1,5,-1,-1
32,666,1223.08,639.06,215.94,137.51,1,7,-1,-1
32,662,1009.96,45.14,28.30,46.18,1,2,-1,-1
32,620,1272.69,104.48,163.39,85.06,1,4,-1,-1
32,601,1445.70,954.59,45.40,101.39,1,1,-1,-1
32,513,441.08,681.09,54.25,76.06,1,1,-1,-1
33,711,1861.12,941.22,41.00,71.00,1,1,-1,-1
33,707,1034.89,51.89,24.00,42.00,1,2,-1,-1
33,706,1017.79,681.37,27.48,74.47,1,1,-1,-1
33,704,745.07,725.87,23.96,49.37,1,1,-1,-1
33,697,583.67,870.71,34.00,79.00,1,1,-1,-1
33,688,1807.21,142.19,93.69,64.51,1,4,-1,-1
33,682,950.39,677.77,29.32,67.31,1,1,-1,-1
33,679,765.52,482.36,85.30,54.52,1,10,-1,-1
33,675,525.13,710.30,96.78,47.09,1,10,-1,-1
33,672,761.81,705.44,79.91,60.29,1,4,-1,-1
33,668,1687.78,670.58,213.33,135.97,1,5,-1,-1
33,666,1229.73,641.05,216.08,137.44,1,7,-1,-1
33,662,1015.08,43.40,28.46,46.54,1,2,-1,-1
33,620,1271.09,106.45,163.64,85.08,1,4,-1,-1
33,601,1453.57,956.24,45.17,101.02,1,1,-1,-1
33,513,450.07,675.14,54.51,76.12,1,1,-1,-1
34,720,418.84,664.27,45.16,84.16,1,1,-1,-1
34,717,955.64,807.85,54.13,63.52,1,2,-1,-1
34,716,220.73,879.07,81.13,115.26,1,10,-1,-1
34,711,1859.58,941.04,41.00,71.00,1,1,-1,-1
34,704,745.81,729.63,24.06,49.44,1,1,-1,-1
34,697,583.66,870.56,34.46,79.37,1,1,-1,-1
34,691,657.49,329.52,41.29,74.46,1,1,-1,-1
34,688,1797.19,140.51,96.55,66.23,1,4,-1,-1
34,682,958.50,678.88,28.36,66.47,1,1,-1,-1
34,679,788.85,480.07,82.69,53.57,1,10,-1,-1
34,675,529.04,712.90,103.09,50.02,1,10,-1,-1
34,668,1691.83,673.53,210.99,135.70,1,5,-1,-1
34,666,1236.39,643.04,216.15,137.38,1,7,-1,-1
34,662,1019.66,45.51,26.70,44.49,1,2,-1,-1
34,651,550.67,876.94,41.32,84.03,1,1,-1,-1
34,621,1427.81,759.82,50.99,81.91,1,1,-1,-1
34,620,1259.18,105.64,163.79,85.09,1,4,-1,-1
34,601,1464.35,960.85,39.49,88.28,1,1,-1,-1
34,513,459.40,669.22,54.68,76.14,1,1,-1,-1
35,755,478.51,803.02,40.84,72.81,1,1,-1,-1
35,749,1205.60,792.89,50.95,116.84,1,1,-1,-1
35,748,1169.52,864.87,44.86,81.16,1,1,-1,-1
35,747,1148.18,767.29,29.49,52.41,1,1,-1,-1
35,743,622.95,959.11,54.00,91.00,1,1,-1,-1
35,740,521.95,822.87,34.10,64.99,1,1,-1,-1
35,739,500.16,750.74,22.52,60.52,1,1,-1,-1
35,737,448.93,767.68,47.83,53.48,1,1,-1,-1
35,730,1012.44,670.41,31.16,74.82,1,1,-1,-1
35,724,752.53,791.48,40.51,62.40,1,1,-1,-1
35,717,960.81,808.98,54.46,63.60,1,2,-1,-1
35,716,221.77,877.25,81.15,115.26,1,10,-1,-1
35,704,745.28,730.64,24.10,49.43,1,1,-1,-1
35,697,584.12,869.96,34.29,79.18,1,1,-1,-1
35,696,427.86,924.12,49.08,86.98,1,1,-1,-1
35,691,657.81,330.06,41.60,75.52,1,1,-1,-1
35,682,960.28,678.38,27.86,66.22,1,1,-1,-1
35,679,806.97,479.25,81.47,53.28,1,10,-1,-1
35,651,550.54,876.75,41.42,83.82,1,1,-1,-1
35,621,1427.91,759.90,50.99,81.92,1,1,-1,-1
35,513,461.27,665.18,59.48,82.99,1,1,-1,-1
36,763,775.61,370.55,36.21,88.50,1,1,-1,-1
36,755,479.34,803.83,40.86,72.88,1,1,-1,-1
36,749,1212.73,793.62,51.27,117.45,1,1,-1,-1
36,747,1148.99,769.64,29.62,51.95,1,1,-1,-1
36,743,624.19,961.91,54.00,91.00,1,1,-1,-1
36,737,449.10,768.07,47.93,53.69,1,1,-1,-1
36,717,962.06,809.28,54.85,63.85,1,2,-1,-1
36,716,222.80,875.40,81.15,115.25,1,10,-1,-1
36,704,744.37,730.83,24.12,49.41,1,1,-1,-1
36,691,658.39,331.46,41.65,75.97,1,1,-1,-1
36,621,1437.21,769.45,48.28,77.36,1,1,-1,-1
37,789,1488.00,728.00,115.00,75.00,1,7,-1,-1
37,788,1217.10,874.71,45.80,89.48,1,1,-1,-1
37,785,689.19,967.81,44.83,99.48,1,1,-1,-1
37,747,1149.05,771.80,29.72,51.65,1,1,-1,-1
37,743,625.96,964.13,54.00,91.00,1,1,-1,-1
37,737,449.86,768.16,47.98,53.81,1,1,-1,-1
37,716,223.83,873.51,81.14,115.22,1,10,-1,-1
37,704,744.05,730.79,24.13,49.37,1,1,-1,-1
37,691,658.44,332.55,41.58,76.08,1,1,-1,-1
37,672,767.63,702.39,88.44,58.58,1,4,-1,-1
38,801,1285.00,852.11,128.00,100.00,1,10,-1,-1
38,789,1487.00,727.00,115.00,75.00,1,7,-1,-1
38,785,689.00,969.85,44.82,99.21,1,1,-1,-1
38,771,1573.58,57.56,32.07,41.10,1,2,-1,-1
38,735,303.21,855.89,40.42,75.79,1,3,-1,-1
38,704,743.25,730.69,24.13,49.34,1,1,-1,-1
38,691,658.36,333.58,41.44,76.02,1,1,-1,-1
38,672,765.91,702.61,89.57,58.32,1,4,-1,-1
38,666,1252.38,648.82,216.20,137.22,1,7,-1,-1
38,620,1193.51,99.39,164.02,85.08,1,4,-1,-1
39,815,1052.89,36.89,33.00,46.00,1,2,-1,-1
39,807,417.97,928.60,45.20,80.49,1,1,-1,-1
39,801,1285.78,852.91,128.00,100.00,1,10,-1,-1
39,789,1486.74,726.00,115.00,75.00,1,7,-1,-1
39,772,1774.98,928.89,29.00,65.00,1,1,-1,-1
39,760,734.57,871.11,45.58,95.77,1,1,-1,-1
39,744,674.89,329.69,30.95,67.34,1,1,-1,-1
39,730,1024.13,684.42,28.00,74.06,1,1,-1,-1
39,679,880.00,470.95,64.26,52.13,1,10,-1,-1
39,672,764.22,702.83,90.36,58.13,1,4,-1,-1
39,666,1252.29,649.51,216.20,137.19,1,7,-1,-1
39,651,548.83,874.10,41.44,83.20,1,1,-1,-1
40,839,690.47,27.25,32.41,79.33,1,1,-1,-1
40,836,716.33,845.07,28.32,46.31,1,1,-1,-1
40,818,1253.48,-0.19,549.04,92.52,1,6,-1,-1
40,815,1042.88,36.09,33.00,46.00,1,2,-1,-1
40,807,414.00,930.09,45.66,80.54,1,1,-1,-1
40,801,1286.02,853.13,128.00,100.00,1,10,-1,-1
40,789,1485.98,725.00,115.00,75.00,1,7,-1,-1
40,760,735.88,869.48,45.68,95.49,1,1,-1,-1
40,730,1023.36,683.63,27.67,74.17,1,1,-1,-1
40,721,621.32,322.68,31.40,72.44,1,1,-1,-1
40,717,961.21,810.06,56.03,64.89,1,2,-1,-1
40,679,901.41,468.44,53.86,51.60,1,10,-1,-1
40,672,762.62,703.02,90.93,58.00,1,4,-1,-1
40,666,1252.01,649.70,216.19,137.17,1,7,-1,-1
41,850,828.06,190.98,34.89,78.16,1,1,-1,-1
41,839,688.78,34.77,34.03,83.38,1,1,-1,-1
41,835,607.00,849.13,41.00,76.00,1,1,-1,-1
41,818,1255.73,-0.17,549.31,92.26,1,6,-1,-1
41,815,1023.16,42.46,32.48,45.39,1,2,-1,-1
41,801,1286.08,853.89,128.00,100.00,1,10,-1,-1
41,790,1711.98,950.11,41.00,59.00,1,1,-1,-1
41,789,1485.06,724.00,115.00,75.00,1,7,-1,-1
41,770,1510.26,1013.27,55.95,52.18,1,1,-1,-1
41,760,736.91,867.94,45.67,94.57,1,1,-1,-1
41,730,1022.25,683.14,27.44,74.29,1,1,-1,-1
41,717,960.93,810.64,56.27,65.13,1,2,-1,-1
41,686,1161.07,963.42,48.71,95.20,1,1,-1,-1
41,679,921.15,467.98,47.58,51.87,1,10,-1,-1
41,672,761.11,703.18,91.35,57.91,1,4,-1,-1
42,872,512.96,824.11,34.00,65.00,1,1,-1,-1
42,870,443.54,651.47,52.82,82.07,1,1,-1,-1
42,869,131.00,926.85,103.00,113.00,1,10,-1,-1
42,815,1018.72,37.59,32.68,45.63,1,2,-1,-1
42,790,1713.05,951.80,41.00,59.00,1,1,-1,-1
42,789,1484.08,723.00,115.00,75.00,1,7,-1,-1
42,771,1624.10,61.78,32.34,39.23,1,2,-1,-1
42,770,1508.17,1009.80,56.21,52.68,1,1,-1,-1
42,760,737.88,866.52,45.62,93.26,1,1,-1,-1
42,730,1021.73,682.80,27.29,74.39,1,1,-1,-1
42,704,740.91,730.38,24.10,49.24,1,1,-1,-1
42,691,658.01,339.40,40.89,75.32,1,1,-1,-1
42,686,1161.70,965.21,48.36,94.29,1,1,-1,-1
42,672,776.93,708.54,73.72,54.64,1,4,-1,-1
43,892,933.69,464.11,30.00,52.00,1,2,-1,-1
43,870,441.73,649.54,52.63,82.71,1,1,-1,-1
43,869,131.00,927.06,103.00,113.00,1,10,-1,-1
43,853,980.27,760.73,56.07,84.12,1,2,-1,-1
43,838,995.83,50.00,51.00,37.00,1,10,-1,-1
43,837,813.42,720.54,38.06,94.26,1,1,-1,-1
43,815,1010.74,35.12,32.79,45.77,1,2,-1,-1
43,809,395.15,651.71,42.87,79.46,1,1,-1,-1
43,790,1714.07,953.04,41.00,59.00,1,1,-1,-1
43,771,1636.39,62.88,32.43,39.04,1,2,-1,-1
43,770,1505.29,1005.48,57.02,54.14,1,1,-1,-1
43,760,738.83,865.22,45.54,91.69,1,1,-1,-1
43,704,740.15,730.33,24.09,49.21,1,1,-1,-1
43,691,657.99,340.77,40.71,75.04,1,1,-1,-1
44,911,1572.00,877.11,65.00,65.00,1,1,-1,-1
44,909,1106.94,775.00,28.03,54.84,1,1,-1,-1
44,874,747.84,25.97,25.10,57.95,1,1,-1,-1
44,870,440.53,647.61,52.56,83.53,1,1,-1,-1
44,869,131.05,927.10,95.50,104.89,1,10,-1,-1
44,855,1417.90,758.00,51.00,82.00,1,1,-1,-1
44,853,983.15,760.77,53.01,78.88,1,2,-1,-1
44,838,985.85,49.00,51.00,37.00,1,10,-1,-1
44,819,1434.11,957.75,39.33,83.24,1,1,-1,-1
44,815,1001.33,33.60,32.51,45.74,1,2,-1,-1
44,809,392.95,650.80,42.72,78.97,1,1,-1,-1
44,771,1649.12,63.94,32.49,38.92,1,2,-1,-1
44,716,222.64,880.57,81.08,115.12,1,10,-1,-1
44,691,657.96,341.93,40.57,74.82,1,1,-1,-1
44,682,950.85,669.21,27.80,72.69,1,1,-1,-1
44,666,1241.81,645.27,231.73,147.24,1,7,-1,-1
45,925,1649.07,126.46,160.86,73.33,1,4,-1,-1
45,921,134.51,473.24,270.97,168.68,1,4,-1,-1
45,909,1106.95,776.30,28.04,54.92,1,1,-1,-1
45,904,466.88,583.62,275.00,124.00,1,4,-1,-1
45,870,440.24,645.51,52.48,84.05,1,1,-1,-1
45,869,150.19,942.59,86.92,95.50,1,10,-1,-1
45,855,1417.13,758.00,51.00,82.00,1,1,-1,-1
45,850,826.80,192.33,33.86,77.36,1,1,-1,-1
45,838,976.04,47.97,51.36,37.06,1,10,-1,-1
45,835,607.92,849.73,40.34,75.72,1,1,-1,-1
45,833,518.97,709.99,112.00,54.00,1,10,-1,-1
45,830,431.06,850.90,33.93,84.14,1,1,-1,-1
45,815,991.61,32.38,32.32,45.73,1,2,-1,-1
45,809,392.97,649.92,42.64,78.69,1,1,-1,-1
45,716,221.57,883.40,81.07,115.10,1,10,-1,-1
45,691,657.94,343.68,40.46,74.63,1,1,-1,-1
45,666,1245.32,647.49,227.26,144.33,1,7,-1,-1
46,946,1662.19,77.50,63.00,34.00,1,10,-1,-1
46,942,661.90,314.04,36.94,77.91,1,1,-1,-1
46,940,584.16,872.76,33.78,75.54,1,1,-1,-1
46,933,579.22,815.94,25.37,41.11,1,1,-1,-1
46,925,1635.76,124.71,161.47,74.65,1,4,-1,-1
46,909,1107.69,778.22,28.04,54.97,1,1,-1,-1
46,904,467.67,585.60,275.00,124.00,1,4,-1,-1
46,891,720.97,766.00,36.00,90.00,1,1,-1,-1
46,876,1024.82,167.93,163.00,91.00,1,5,-1,-1
46,855,1416.88,758.00,51.00,82.00,1,1,-1,-1
46,850,828.70,193.15,33.49,77.23,1,1,-1,-1
46,833,518.05,709.99,112.00,54.00,1,10,-1,-1
46,815,981.58,31.33,31.86,45.65,1,2,-1,-1
46,809,393.76,649.01,42.60,78.52,1,1,-1,-1
46,789,1482.48,722.57,115.34,75.04,1,7,-1,-1
46,730,1020.62,682.23,27.06,74.96,1,1,-1,-1
46,721,626.04,325.13,30.57,72.05,1,1,-1,-1
46,716,220.51,885.79,81.07,115.10,1,10,-1,-1
46,691,657.92,344.99,40.36,74.47,1,1,-1,-1
46,666,1247.75,649.43,223.81,142.27,1,7,-1,-1
46,620,1067.28,84.71,164.07,85.04,1,4,-1,-1
47,962,1217.10,889.71,45.79,84.48,1,1,-1,-1
47,960,1155.06,788.98,29.89,51.00,1,1,-1,-1
47,942,662.75,315.38,36.44,77.47,1,1,-1,-1
47,940,584.02,874.07,33.65,74.94,1,1,-1,-1
47,925,1622.61,123.49,161.78,75.77,1,4,-1,-1
47,923,547.08,878.40,40.61,78.90,1,1,-1,-1
47,912,711.49,38.24,23.22,43.12,1,1,-1,-1
47,909,1107.95,781.00,28.04,54.99,1,1,-1,-1
47,904,468.66,587.65,275.00,124.00,1,4,-1,-1
47,876,1020.07,167.94,163.00,91.00,1,5,-1,-1
47,855,1416.13,758.00,51.00,82.00,1,1,-1,-1
47,850,830.81,193.60,33.28,77.53,1,1,-1,-1
47,833,517.07,709.99,112.00,54.00,1,10,-1,-1
47,832,481.08,860.85,39.94,93.95,1,1,-1,-1
47,815,973.34,34.29,35.52,40.32,1,2,-1,-1
47,809,394.81,648.08,42.59,78.44,1,1,-1,-1
47,790,1718.72,958.14,41.00,59.00,1,1,-1,-1
47,721,626.82,326.36,30.29,72.03,1,1,-1,-1
47,716,219.46,888.00,81.06,115.09,1,10,-1,-1
47,704,743.29,735.36,24.08,49.16,1,1,-1,-1
47,699,666.80,739.65,34.95,101.29,1,1,-1,-1
47,691,657.90,346.13,40.27,74.32,1,1,-1,-1
47,620,1052.03,82.64,164.06,85.04,1,4,-1,-1
48,960,1154.49,795.68,29.91,50.98,1,1,-1,-1
48,942,663.01,316.62,36.24,77.74,1,1,-1,-1
48,939,538.61,837.50,30.00,35.00,1,1,-1,-1
48,925,1609.53,121.72,161.94,76.81,1,4,-1,-1
48,923,547.12,880.37,40.55,78.00,1,1,-1,-1
48,912,711.40,38.76,23.23,42.69,1,1,-1,-1
48,911,1576.00,882.04,65.00,65.00,1,1,-1,-1
48,888,444.85,798.77,40.38,73.10,1,1,-1,-1
48,876,1015.82,167.95,163.00,91.00,1,5,-1,-1
48,872,507.43,826.96,34.37,65.15,1,1,-1,-1
48,855,1415.87,758.00,51.00,82.00,1,1,-1,-1
48,850,832.98,194.19,33.11,77.45,1,1,-1,-1
48,833,516.07,709.99,112.00,54.00,1,10,-1,-1
48,832,481.02,861.65,40.06,94.20,1,1,-1,-1
48,815,961.65,31.82,34.28,41.55,1,2,-1,-1
48,801,1287.07,857.12,128.00,100.00,1,10,-1,-1
48,790,1719.96,959.81,41.00,59.00,1,1,-1,-1
48,699,667.09,742.42,34.99,101.28,1,1,-1,-1
48,691,657.88,347.85,40.19,74.18,1,1,-1,-1
48,620,1037.48,80.58,164.06,85.04,1,4,-1,-1
49,992,989.60,768.38,48.45,70.87,1,2,-1,-1
49,988,455.98,772.02,47.83,53.00,1,1,-1,-1
49,972,486.13,809.13,41.00,76.00,1,1,-1,-1
49,960,1152.05,801.32,29.92,50.96,1,1,-1,-1
49,942,663.68,318.30,35.67,77.32,1,1,-1,-1
49,939,540.29,840.19,30.00,35.00,1,1,-1,-1
49,925,1596.39,119.95,162.23,78.18,1,4,-1,-1
49,923,547.16,882.34,40.50,77.09,1,1,-1,-1
49,921,213.41,451.44,264.55,165.06,1,4,-1,-1
49,872,508.96,829.77,34.60,65.21,1,1,-1,-1
49,855,1415.80,758.67,51.00,82.00,1,1,-1,-1
49,838,941.62,43.95,51.89,37.10,1,10,-1,-1
49,833,515.73,709.99,112.00,54.00,1,10,-1,-1
49,801,1287.08,857.87,128.00,100.00,1,10,-1,-1
49,790,1721.04,961.05,41.00,59.00,1,1,-1,-1
49,770,1491.17,995.26,59.62,70.16,1,1,-1,-1
49,672,763.68,714.05,89.79,57.45,1,4,-1,-1
49,620,1027.12,79.17,164.06,85.03,1,4,-1,-1
50,1001,388.00,953.04,55.00,88.00,1,1,-1,-1
50,972,486.92,809.92,41.00,76.00,1,1,-1,-1
50,960,1149.24,806.50,30.33,51.15,1,1,-1,-1
50,958,805.83,724.96,36.00,49.00,1,2,-1,-1
50,942,659.18,332.86,36.54,75.59,1,1,-1,-1
50,939,541.58,843.19,30.00,35.00,1,1,-1,-1
50,925,1583.85,118.67,161.98,79.36,1,4,-1,-1
50,894,1209.31,726.08,36.00,83.00,1,1,-1,-1
50,891,724.98,770.00,36.00,90.00,1,1,-1,-1
50,855,1419.78,762.91,51.00,82.00,1,1,-1,-1
50,838,938.07,43.62,51.96,37.09,1,10,-1,-1
50,790,1722.07,962.13,41.00,59.00,1,1,-1,-1
50,770,1491.36,995.72,59.43,70.10,1,1,-1,-1
50,730,1025.56,685.96,27.77,76.55,1,1,-1,-1
50,620,1019.01,78.68,164.06,85.03,1,4,-1,-1
51,1016,585.00,824.15,23.00,42.00,1,1,-1,-1
51,972,487.14,810.14,41.00,76.00,1,1,-1,-1
51,960,1151.71,815.08,30.58,51.22,1,1,-1,-1
51,958,807.07,726.90,36.00,49.00,1,2,-1,-1
51,942,662.79,326.55,35.98,75.92,1,1,-1,-1
51,940,583.70,880.56,32.54,71.26,1,1,-1,-1
51,939,543.40,845.58,30.00,35.00,1,1,-1,-1
51,894,1211.14,729.16,36.00,83.00,1,1,-1,-1
51,891,725.99,771.00,36.00,90.00,1,1,-1,-1
51,870,442.13,637.86,51.84,84.83,1,1,-1,-1
51,855,1425.43,769.09,51.32,82.07,1,1,-1,-1
51,838,935.77,43.36,51.94,36.77,1,10,-1,-1
51,836,706.84,874.39,28.32,48.54,1,1,-1,-1
51,790,1723.07,963.80,41.00,59.00,1,1,-1,-1
51,770,1497.45,998.65,59.19,67.86,1,1,-1,-1
51,730,1027.88,687.77,28.16,76.82,1,1,-1,-1
51,620,1011.75,77.87,164.05,85.03,1,4,-1,-1
52,1033,708.91,974.91,37.65,67.85,1,1,-1,-1
52,1032,709.00,30.00,23.00,58.00,1,1,-1,-1
52,1019,682.49,335.20,26.30,59.32,1,1,-1,-1
52,1016,586.00,826.94,23.00,42.00,1,1,-1,-1
52,972,487.90,810.90,41.00,76.00,1,1,-1,-1
52,940,585.30,881.71,32.55,71.47,1,1,-1,-1
52,939,544.71,848.42,30.00,35.00,1,1,-1,-1
52,876,1016.01,171.60,163.00,91.00,1,5,-1,-1
52,870,442.44,636.86,51.59,84.84,1,1,-1,-1
52,838,933.20,42.86,51.99,36.85,1,10,-1,-1
52,836,709.78,880.24,28.28,48.48,1,1,-1,-1
52,790,1724.07,965.05,41.00,59.00,1,1,-1,-1
52,789,1491.24,744.42,120.08,75.32,1,7,-1,-1
52,730,1030.61,689.69,28.44,76.99,1,1,-1,-1
52,620,1004.13,77.60,164.05,85.03,1,4,-1,-1
53,1051,1222.86,902.03,44.91,80.70,1,1,-1,-1
53,1034,762.30,28.46,27.54,63.80,1,1,-1,-1
53,1033,708.20,986.05,41.20,73.46,1,1,-1,-1
53,1031,676.22,978.32,53.74,88.56,1,1,-1,-1
53,1016,587.00,829.89,23.00,42.00,1,1,-1,-1
53,1003,538.41,770.19,35.00,71.00,1,1,-1,-1
53,972,488.83,811.83,41.00,76.00,1,1,-1,-1
53,946,1789.38,98.82,63.00,34.00,1,10,-1,-1
53,940,586.56,882.21,32.59,71.97,1,1,-1,-1
53,939,546.51,851.42,30.00,35.00,1,1,-1,-1
53,923,552.44,890.88,40.56,75.69,1,1,-1,-1
53,876,1017.08,172.64,163.00,91.00,1,5,-1,-1
53,838,932.54,35.88,46.03,38.01,1,10,-1,-1
53,836,712.90,886.96,28.26,48.44,1,1,-1,-1
53,809,401.44,642.18,42.67,78.44,1,1,-1,-1
53,790,1725.07,966.13,41.00,59.00,1,1,-1,-1
53,789,1492.56,747.81,121.40,75.36,1,7,-1,-1
53,672,768.68,723.31,91.75,57.71,1,4,-1,-1
53,620,966.10,69.41,181.48,94.07,1,4,-1,-1
54,1067,1202.17,823.73,40.62,94.45,1,1,-1,-1
54,1065,1167.29,983.58,47.64,83.63,1,1,-1,-1
54,1053,1700.65,691.42,198.84,136.17,1,5,-1,-1
54,1051,1225.97,904.93,44.74,80.13,1,1,-1,-1
54,1031,675.24,981.46,53.34,86.04,1,1,-1,-1
54,975,1148.51,475.18,47.51,54.03,1,10,-1,-1
54,946,1806.83,101.19,62.66,33.97,1,10,-1,-1
54,939,548.73,860.95,35.53,41.42,1,1,-1,-1
54,923,554.43,893.13,40.63,75.96,1,1,-1,-1
54,876,1017.57,173.67,163.00,91.00,1,5,-1,-1
54,869,129.64,937.83,100.69,109.65,1,10,-1,-1
54,838,930.94,32.93,41.72,39.16,1,10,-1,-1
54,809,402.51,641.17,42.70,78.48,1,1,-1,-1
54,672,770.28,725.46,92.04,57.75,1,4,-1,-1
54,620,975.30,72.19,176.87,91.68,1,4,-1,-1
55,1079,454.98,780.76,48.00,53.00,1,1,-1,-1
55,1066,1176.04,891.13,45.07,81.68,1,1,-1,-1
55,1065,1168.09,984.86,47.64,83.25,1,1,-1,-1
55,1061,312.30,859.64,48.00,90.00,1,3,-1,-1
55,1053,1701.86,696.08,198.19,135.85,1,5,-1,-1
55,1051,1229.03,907.97,44.68,79.86,1,1,-1,-1
55,1049,961.87,830.66,58.00,67.00,1,2,-1,-1
55,946,1823.86,103.32,62.11,33.93,1,10,-1,-1
55,923,553.81,896.69,40.71,76.48,1,1,-1,-1
55,891,725.92,779.84,36.00,90.00,1,1,-1,-1
55,876,1018.49,174.71,163.00,91.00,1,5,-1,-1
55,872,521.24,848.26,35.00,65.20,1,1,-1,-1
55,869,128.20,940.23,101.43,109.85,1,10,-1,-1
55,809,403.56,640.17,42.72,78.51,1,1,-1,-1
55,721,631.97,334.39,29.89,72.23,1,1,-1,-1
55,691,657.80,357.32,39.87,73.60,1,1,-1,-1
55,672,771.46,727.54,92.24,57.78,1,4,-1,-1
56,1079,453.16,784.78,48.00,53.00,1,1,-1,-1
56,1066,1176.86,894.77,45.01,81.41,1,1,-1,-1
56,1065,1169.07,986.57,47.59,82.63,1,1,-1,-1
56,1051,1232.09,911.57,44.61,79.33,1,1,-1,-1
56,1032,716.90,34.27,22.12,57.47,1,1,-1,-1
56,1004,714.76,892.18,42.38,63.43,1,1,-1,-1
56,923,552.20,901.35,40.79,77.15,1,1,-1,-1
56,891,724.19,783.75,36.00,90.00,1,1,-1,-1
56,876,1024.87,178.82,147.13,82.20,1,5,-1,-1
56,872,511.98,839.99,39.94,74.08,1,1,-1,-1
56,809,391.60,644.82,49.77,91.47,1,1,-1,-1
56,691,657.81,359.11,39.80,73.48,1,1,-1,-1
56,672,773.13,730.25,92.38,57.80,1,4,-1,-1
57,1112,757.41,758.80,24.00,49.00,1,1,-1,-1
57,1109,612.96,878.00,40.00,76.00,1,1,-1,-1
57,1094,429.87,875.93,34.00,83.00,1,1,-1,-1
57,1079,451.92,788.07,48.00,53.00,1,1,-1,-1
57,1065,1169.49,989.39,47.34,80.66,1,1,-1,-1
57,1063,644.30,867.35,40.37,70.20,1,1,-1,-1
57,1051,1232.00,915.03,43.85,78.68,1,1,-1,-1
57,1032,718.94,35.25,22.04,57.50,1,1,-1,-1
57,1018,676.68,736.90,46.00,88.00,1,1,-1,-1
57,992,998.12,792.60,48.17,79.35,1,2,-1,-1
57,990,818.85,753.92,39.30,92.23,1,1,-1,-1
57,876,1024.64,179.38,151.77,84.77,1,5,-1,-1
57,872,520.24,849.23,38.60,71.61,1,1,-1,-1
57,836,696.71,919.06,27.48,48.25,1,1,-1,-1
57,809,399.48,638.65,47.92,88.06,1,1,-1,-1
57,691,656.32,361.08,39.47,73.37,1,1,-1,-1
57,672,773.03,733.85,92.49,57.82,1,4,-1,-1
58,1134,1222.77,747.13,37.66,87.67,1,1,-1,-1
58,1127,754.40,896.16,43.32,83.56,1,1,-1,-1
58,1126,443.41,631.69,51.00,85.00,1,1,-1,-1
58,1112,757.22,763.59,24.00,49.00,1,1,-1,-1
58,1109,612.97,882.78,40.00,76.00,1,1,-1,-1
58,1108,475.93,610.00,275.00,124.00,1,4,-1,-1
58,1099,1493.83,114.92,187.59,97.08,1,4,-1,-1
58,1097,956.05,701.76,27.93,76.26,1,1,-1,-1
58,1094,429.08,879.89,34.00,83.00,1,1,-1,-1
58,1079,450.15,791.86,48.00,53.00,1,1,-1,-1
58,1067,1206.98,840.74,39.02,90.94,1,1,-1,-1
58,1065,1169.73,993.30,46.99,77.51,1,1,-1,-1
58,1051,1231.10,919.02,43.02,78.18,1,1,-1,-1
58,992,998.61,796.40,47.71,80.32,1,2,-1,-1
58,876,1024.53,179.82,155.00,86.56,1,5,-1,-1
58,872,522.93,857.68,37.63,69.83,1,1,-1,-1
58,836,691.66,927.25,27.37,48.21,1,1,-1,-1
58,691,654.79,363.78,38.64,73.25,1,1,-1,-1
58,672,772.93,737.78,92.57,57.83,1,4,-1,-1
58,620,959.26,73.54,168.50,87.34,1,4,-1,-1
59,1127,751.60,900.85,44.71,84.18,1,1,-1,-1
59,1108,476.89,612.76,275.00,124.00,1,4,-1,-1
59,1099,1480.94,116.64,185.65,96.04,1,4,-1,-1
59,1097,957.57,713.82,23.02,63.07,1,1,-1,-1
59,1094,428.86,883.90,34.00,83.00,1,1,-1,-1
59,1079,448.90,795.81,48.00,53.00,1,1,-1,-1
59,1067,1206.82,845.66,39.28,90.93,1,1,-1,-1
59,992,998.19,800.67,47.35,80.69,1,2,-1,-1
59,876,1022.69,180.99,157.27,87.83,1,5,-1,-1
59,691,653.04,366.73,38.04,73.15,1,1,-1,-1
59,672,772.84,741.83,92.63,57.84,1,4,-1,-1
59,620,953.01,73.81,166.96,86.68,1,4,-1,-1
60,1158,1438.25,809.83,53.35,81.45,1,1,-1,-1
60,1116,1147.91,900.34,30.00,51.00,1,1,-1,-1
60,1115,1141.38,846.68,28.42,55.21,1,1,-1,-1
60,1113,768.91,757.81,82.62,68.03,1,2,-1,-1
60,1108,475.58,615.90,275.25,124.40,1,4,-1,-1
60,1099,1476.69,123.09,175.62,90.93,1,4,-1,-1
60,1097,955.52,715.44,25.24,68.29,1,1,-1,-1
60,1079,445.77,800.50,48.00,53.00,1,1,-1,-1
60,1067,1206.69,850.68,39.46,90.90,1,1,-1,-1
60,992,997.40,805.21,47.07,80.65,1,2,-1,-1
60,939,549.32,878.84,31.11,36.29,1,1,-1,-1
60,891,717.86,799.08,36.00,90.00,1,1,-1,-1
60,691,651.47,369.80,37.04,73.03,1,1,-1,-1
60,672,772.10,745.92,92.68,57.85,1,4,-1,-1
60,620,946.60,74.05,165.87,86.22,1,4,-1,-1
61,1158,1439.79,814.14,53.26,81.63,1,1,-1,-1
61,1153,659.00,781.87,35.00,101.00,1,1,-1,-1
61,1116,1145.91,911.22,30.00,51.00,1,1,-1,-1
61,1113,778.43,761.90,92.10,69.40,1,2,-1,-1
61,1108,474.12,619.82,275.20,124.97,1,4,-1,-1
61,1097,953.91,718.75,26.58,71.27,1,1,-1,-1
61,1063,640.35,893.94,40.84,69.76,1,1,-1,-1
61,1018,673.78,758.63,46.00,88.00,1,1,-1,-1
61,992,1008.73,804.79,51.34,88.60,1,2,-1,-1
61,975,1285.70,492.93,36.89,54.82,1,10,-1,-1
61,939,547.80,885.03,30.78,35.90,1,1,-1,-1
61,891,716.53,803.15,36.00,90.00,1,1,-1,-1
61,809,399.75,643.37,44.57,81.90,1,1,-1,-1
61,691,650.22,372.90,36.02,72.92,1,1,-1,-1
62,1172,617.94,356.13,30.00,73.00,1,1,-1,-1
62,1158,1440.97,818.19,53.19,81.74,1,1,-1,-1
62,1141,525.17,806.80,35.00,71.00,1,1,-1,-1
62,1140,483.06,939.90,40.00,94.00,1,1,-1,-1
62,1126,436.23,637.86,51.00,85.00,1,1,-1,-1
62,1116,1143.92,922.95,30.00,51.00,1,1,-1,-1
62,1097,952.69,722.72,27.77,73.31,1,1,-1,-1
62,1063,637.32,898.75,40.91,69.88,1,1,-1,-1
62,992,999.99,811.53,49.95,86.08,1,2,-1,-1
62,975,1309.16,483.70,39.06,60.41,1,10,-1,-1
62,836,671.17,961.98,27.19,48.69,1,1,-1,-1
62,789,1504.97,781.17,130.73,75.54,1,7,-1,-1
62,716,204.09,924.55,81.03,115.04,1,10,-1,-1
62,691,646.67,376.19,35.28,73.10,1,1,-1,-1
63,1172,616.74,359.75,29.95,72.57,1,1,-1,-1
63,1158,1442.22,822.64,53.46,81.60,1,1,-1,-1
63,1141,522.37,811.82,35.00,71.00,1,1,-1,-1
63,1126,434.26,639.66,51.00,85.00,1,1,-1,-1
63,1116,1142.60,934.28,30.00,51.00,1,1,-1,-1
63,1063,634.19,903.12,40.99,70.28,1,1,-1,-1
63,789,1506.61,785.14,131.91,75.54,1,7,-1,-1
63,716,210.17,925.97,84.49,118.73,1,10,-1,-1
63,691,642.86,379.96,34.74,73.23,1,1,-1,-1
64,1214,1032.80,734.10,31.35,79.65,1,1,-1,-1
64,1212,1315.80,523.86,85.10,57.32,1,10,-1,-1
64,1208,666.85,385.95,30.00,69.00,1,1,-1,-1
64,1197,806.00,473.13,33.00,82.00,1,1,-1,-1
64,1196,763.01,56.10,24.97,57.68,1,1,-1,-1
64,1195,533.94,952.87,41.00,82.00,1,1,-1,-1
64,1185,443.66,438.44,254.56,136.88,1,4,-1,-1
64,1172,614.98,363.14,29.97,72.72,1,1,-1,-1
64,1144,1267.73,701.98,185.69,118.17,1,7,-1,-1
64,1141,520.09,816.85,35.00,71.00,1,1,-1,-1
64,1126,432.25,640.94,51.00,85.00,1,1,-1,-1
64,1067,1206.37,870.84,39.76,90.85,1,1,-1,-1
64,716,199.77,934.09,83.81,115.94,1,10,-1,-1
65,1225,1176.62,940.44,47.68,86.80,1,1,-1,-1
65,1219,753.89,795.11,24.00,49.00,1,1,-1,-1
65,1208,662.06,389.97,30.00,69.00,1,1,-1,-1
65,1197,795.80,457.08,37.69,93.68,1,1,-1,-1
65,1196,763.03,58.77,24.94,57.37,1,1,-1,-1
65,1195,533.48,957.04,41.00,82.00,1,1,-1,-1
65,1185,456.13,438.29,253.85,135.43,1,4,-1,-1
65,1172,613.78,366.78,29.95,72.44,1,1,-1,-1
65,1126,430.90,642.72,51.00,85.00,1,1,-1,-1
65,1113,809.06,802.28,61.66,79.74,1,2,-1,-1
65,1105,1292.97,4.47,574.67,113.04,1,6,-1,-1
66,1237,478.73,859.12,42.00,77.61,1,1,-1,-1
66,1233,1716.59,746.01,187.55,135.83,1,5,-1,-1
66,1230,641.00,362.00,34.00,78.00,1,1,-1,-1
66,1229,514.00,925.95,35.00,65.00,1,1,-1,-1
66,1225,1177.44,946.53,47.61,86.71,1,1,-1,-1
66,1219,753.09,799.90,24.00,49.00,1,1,-1,-1
66,1208,657.85,393.97,30.00,69.00,1,1,-1,-1
66,1197,800.78,475.42,35.98,89.42,1,1,-1,-1
66,1196,763.04,61.00,24.93,57.20,1,1,-1,-1
66,1195,533.43,960.20,41.00,82.00,1,1,-1,-1
66,1172,612.74,370.71,29.94,72.25,1,1,-1,-1
66,1113,811.31,806.48,57.48,82.45,1,2,-1,-1
66,1097,949.29,741.58,29.88,76.03,1,1,-1,-1
66,836,653.35,1006.10,27.13,49.00,1,1,-1,-1
67,1245,808.89,791.00,36.00,49.00,1,2,-1,-1
67,1233,1746.46,760.48,162.82,119.22,1,5,-1,-1
67,1232,740.89,64.07,19.36,39.84,1,1,-1,-1
67,1230,641.56,366.78,34.00,78.00,1,1,-1,-1
67,1225,1171.66,952.25,55.96,102.11,1,1,-1,-1
67,1208,656.66,397.98,30.00,69.00,1,1,-1,-1
67,1207,526.90,777.87,112.00,54.00,1,10,-1,-1
67,1173,832.07,38.99,31.00,46.00,1,2,-1,-1
67,1156,1001.07,730.97,33.97,75.85,1,1,-1,-1
67,1097,948.23,746.48,30.31,76.33,1,1,-1,-1
67,836,647.98,1014.47,27.11,48.75,1,1,-1,-1
68,1260,998.60,849.22,43.37,73.40,1,2,-1,-1
68,1257,567.15,955.85,35.00,79.00,1,1,-1,-1
68,1256,468.11,991.09,38.99,77.92,1,1,-1,-1
68,1255,405.87,941.07,35.00,83.00,1,1,-1,-1
68,1245,808.09,796.00,36.00,49.00,1,2,-1,-1
68,1232,741.93,66.10,19.06,39.49,1,1,-1,-1
68,1230,642.51,371.76,34.00,78.00,1,1,-1,-1
68,1225,1178.10,959.41,52.72,96.15,1,1,-1,-1
68,1214,1033.23,752.64,30.57,78.29,1,1,-1,-1
68,1208,656.45,401.98,30.00,69.00,1,1,-1,-1
68,1207,525.91,783.17,112.00,54.00,1,10,-1,-1
68,1173,828.69,40.66,31.00,46.00,1,2,-1,-1
68,1156,1001.74,735.95,33.97,75.87,1,1,-1,-1
68,1144,1264.73,725.94,206.71,130.53,1,7,-1,-1
68,1097,947.81,751.43,30.61,76.50,1,1,-1,-1
68,836,642.14,1022.29,27.08,47.97,1,1,-1,-1
69,1272,421.00,878.80,41.00,73.00,1,1,-1,-1
69,1271,9.53,237.72,161.53,105.29,1,4,-1,-1
69,1261,1234.86,981.79,40.67,68.78,1,1,-1,-1
69,1260,1000.93,855.16,42.95,72.75,1,2,-1,-1
69,1257,566.94,961.62,35.00,79.00,1,1,-1,-1
69,1255,405.90,945.01,35.00,83.00,1,1,-1,-1
69,1245,807.87,801.00,36.00,49.00,1,2,-1,-1
69,1244,663.98,804.97,46.00,88.00,1,1,-1,-1
69,1232,743.01,67.99,18.85,38.95,1,1,-1,-1
69,1230,643.56,376.78,34.00,78.00,1,1,-1,-1
69,1225,1182.93,968.03,50.59,92.26,1,1,-1,-1
69,1214,1035.54,759.11,30.26,77.98,1,1,-1,-1
69,1208,648.58,408.14,33.56,76.35,1,1,-1,-1
69,1207,525.61,788.24,112.00,54.00,1,10,-1,-1
69,1158,1455.37,858.47,57.19,79.52,1,1,-1,-1
69,1156,1003.31,740.95,33.97,75.88,1,1,-1,-1
69,1126,425.42,650.37,51.00,85.00,1,1,-1,-1
70,1291,1222.00,914.00,39.00,91.00,1,1,-1,-1
70,1289,748.27,969.54,44.89,80.65,1,1,-1,-1
70,1272,421.00,884.81,41.00,73.00,1,1,-1,-1
70,1271,27.21,240.92,169.38,105.29,1,4,-1,-1
70,1261,1237.80,1001.12,39.85,62.37,1,1,-1,-1
70,1257,566.89,966.88,35.00,79.00,1,1,-1,-1
70,1255,405.92,948.99,35.00,83.00,1,1,-1,-1
70,1248,1613.75,967.57,65.00,65.00,1,1,-1,-1
70,1245,807.83,806.00,36.00,49.00,1,2,-1,-1
70,1244,662.92,810.98,46.00,88.00,1,1,-1,-1
70,1230,644.62,381.81,34.00,78.00,1,1,-1,-1
70,1225,1187.02,976.92,49.16,89.63,1,1,-1,-1
70,1214,1038.63,766.50,30.36,77.59,1,1,-1,-1
70,1208,653.15,409.64,32.46,74.07,1,1,-1,-1
70,1207,504.10,801.56,113.20,54.46,1,10,-1,-1
70,1196,763.71,70.83,24.94,56.99,1,1,-1,-1
70,1195,533.67,969.04,41.00,82.00,1,1,-1,-1
70,1158,1459.14,867.16,58.40,78.65,1,1,-1,-1
70,1156,1005.22,745.96,33.97,75.89,1,1,-1,-1
70,1126,425.31,653.28,51.00,85.00,1,1,-1,-1
71,1292,1325.06,981.88,120.77,92.85,1,10,-1,-1
71,1289,749.35,980.63,44.88,80.68,1,1,-1,-1
71,1288,627.00,952.10,41.00,71.00,1,1,-1,-1
71,1271,48.93,245.95,173.44,104.57,1,4,-1,-1
71,1255,404.51,956.56,35.00,83.00,1,1,-1,-1
71,1244,661.91,816.98,46.00,88.00,1,1,-1,-1
71,1242,575.31,937.13,23.00,42.00,1,1,-1,-1
71,1233,1737.98,785.34,166.23,130.08,1,5,-1,-1
71,1230,645.68,386.84,34.00,78.00,1,1,-1,-1
71,1225,1188.76,986.43,48.00,85.01,1,1,-1,-1
71,1208,655.15,413.04,31.71,72.51,1,1,-1,-1
71,1196,763.28,73.76,24.95,56.97,1,1,-1,-1
71,1156,1007.90,751.62,33.97,75.90,1,1,-1,-1
71,1141,519.91,861.27,33.44,69.57,1,1,-1,-1
71,809,390.01,665.38,41.97,78.68,1,1,-1,-1
72,1323,267.35,953.02,49.77,97.22,1,3,-1,-1
72,1315,765.71,803.13,94.57,58.51,1,4,-1,-1
72,1292,1330.10,982.92,121.53,90.12,1,10,-1,-1
72,1289,748.33,987.98,44.44,78.14,1,1,-1,-1
72,1271,72.83,251.43,175.64,103.73,1,4,-1,-1
72,1247,1150.99,974.27,34.75,60.57,1,1,-1,-1
72,1242,574.30,941.08,23.00,42.00,1,1,-1,-1
72,1225,1190.24,996.52,47.10,78.98,1,1,-1,-1
72,1208,656.10,417.06,31.19,71.44,1,1,-1,-1
72,1196,762.45,76.76,24.95,56.95,1,1,-1,-1
72,975,1494.43,533.60,36.97,57.78,1,10,-1,-1
72,809,390.28,668.08,41.63,78.37,1,1,-1,-1
73,1323,264.22,958.09,51.00,98.02,1,3,-1,-1
73,1315,764.61,810.88,94.72,58.86,1,4,-1,-1
73,1292,1333.25,986.57,121.25,85.58,1,10,-1,-1
73,1289,746.68,995.19,43.92,74.19,1,1,-1,-1
73,1271,92.66,256.98,176.84,102.93,1,4,-1,-1
73,1246,861.22,214.86,30.00,79.00,1,1,-1,-1
73,1243,637.27,849.31,31.72,91.56,1,1,-1,-1
73,1232,743.24,75.16,18.35,38.32,1,1,-1,-1
73,1225,1190.92,1002.96,46.39,73.47,1,1,-1,-1
73,1196,761.48,80.44,24.96,56.95,1,1,-1,-1
73,975,1514.32,537.85,37.07,57.95,1,10,-1,-1
73,809,390.46,670.61,41.40,78.44,1,1,-1,-1
74,1338,1506.15,560.04,85.00,58.00,1,10,-1,-1
74,1335,526.74,974.36,29.70,34.77,1,1,-1,-1
74,1334,451.95,907.98,44.69,84.13,1,1,-1,-1
74,1325,815.66,849.10,51.59,93.06,1,1,-1,-1
74,1323,260.58,963.47,52.61,98.96,1,3,-1,-1
74,1315,763.50,818.22,94.94,59.44,1,4,-1,-1
74,1292,1335.81,991.51,120.64,80.42,1,10,-1,-1
74,1246,861.17,215.79,30.00,79.00,1,1,-1,-1
74,1243,633.52,851.64,32.82,94.74,1,1,-1,-1
74,1232,743.20,77.20,18.13,38.24,1,1,-1,-1
74,1225,1191.93,1008.49,45.81,67.96,1,1,-1,-1
74,1207,522.94,814.02,112.35,54.13,1,10,-1,-1
74,1196,760.45,83.72,24.96,56.94,1,1,-1,-1
75,1348,831.00,550.00,33.00,83.00,1,1,-1,-1
75,1345,425.61,885.80,47.00,53.00,1,1,-1,-1
75,1338,1525.94,564.03,85.00,58.00,1,10,-1,-1
75,1337,1007.94,222.00,163.00,91.00,1,5,-1,-1
75,1325,813.29,856.21,51.96,92.88,1,1,-1,-1
75,1316,787.83,74.19,52.00,36.00,1,10,-1,-1
75,1233,1753.50,815.11,151.44,130.98,1,5,-1,-1
75,1232,742.71,78.50,18.31,38.34,1,1,-1,-1
75,1230,649.39,406.41,34.04,78.59,1,1,-1,-1
75,1207,523.40,819.07,112.24,54.09,1,10,-1,-1
75,1196,759.41,86.83,24.96,56.94,1,1,-1,-1
75,1141,511.92,891.31,33.74,69.91,1,1,-1,-1
76,1367,611.42,452.83,263.03,138.06,1,4,-1,-1
76,1361,1273.20,781.37,236.47,139.27,1,7,-1,-1
76,1358,469.13,880.89,29.00,59.00,1,1,-1,-1
76,1348,832.00,558.00,33.00,83.00,1,1,-1,-1
76,1337,1007.19,225.00,163.00,91.00,1,5,-1,-1
76,1326,1296.11,151.86,157.00,76.00,1,4,-1,-1
76,1325,810.94,864.13,51.76,92.47,1,1,-1,-1
76,1233,1757.75,822.34,147.20,131.09,1,5,-1,-1
76,1232,742.30,80.29,18.12,38.30,1,1,-1,-1
76,1208,657.31,437.07,30.38,70.26,1,1,-1,-1
76,1207,522.95,824.09,112.16,54.06,1,10,-1,-1
76,1196,758.37,90.54,24.97,56.94,1,1,-1,-1
76,1141,509.45,899.26,33.47,69.81,1,1,-1,-1
77,1380,427.81,675.04,50.92,84.12,1,1,-1,-1
77,1374,1323.84,13.90,568.16,129.90,1,6,-1,-1
77,1372,701.00,910.11,40.00,88.00,1,1,-1,-1
77,1367,626.49,455.34,262.50,137.88,1,4,-1,-1
77,1361,1271.66,801.27,231.31,134.99,1,7,-1,-1
77,1358,466.88,887.88,29.00,59.00,1,1,-1,-1
77,1337,1006.96,228.00,163.00,91.00,1,5,-1,-1
77,1326,1282.30,153.10,157.00,76.00,1,4,-1,-1
77,1232,742.17,82.22,18.00,38.29,1,1,-1,-1
77,975,1594.05,556.61,37.23,58.22,1,10,-1,-1
78,1380,428.64,678.29,50.94,84.08,1,1,-1,-1
78,1372,699.00,917.90,40.00,88.00,1,1,-1,-1
78,1359,797.48,858.49,34.80,55.03,1,2,-1,-1
78,1358,464.09,894.15,29.00,59.00,1,1,-1,-1
78,1337,1006.90,231.00,163.00,91.00,1,5,-1,-1
78,1326,1269.02,154.85,157.00,76.00,1,4,-1,-1
78,1315,759.27,848.48,95.43,62.10,1,4,-1,-1
78,1291,1222.45,979.50,38.94,90.17,1,1,-1,-1
78,1232,742.14,84.20,17.91,38.30,1,1,-1,-1
78,975,1614.92,562.23,37.33,58.38,1,10,-1,-1
79,1391,393.65,686.36,38.54,78.27,1,1,-1,-1
79,1380,437.78,674.56,56.15,92.67,1,1,-1,-1
79,1372,697.16,924.98,40.42,88.30,1,1,-1,-1
79,1359,796.51,865.46,34.71,55.80,1,2,-1,-1
79,1338,1608.68,584.31,84.87,57.62,1,10,-1,-1
79,1337,1006.89,234.00,163.00,91.00,1,5,-1,-1
79,1326,1258.51,155.76,157.31,76.69,1,4,-1,-1
79,1315,758.25,856.30,95.47,62.90,1,4,-1,-1
79,1291,1225.79,985.87,38.80,87.34,1,1,-1,-1
79,1232,743.64,85.98,18.15,38.09,1,1,-1,-1
79,975,1636.09,567.46,37.69,58.54,1,10,-1,-1
80,1407,868.94,221.76,31.52,79.49,1,1,-1,-1
80,1391,393.91,689.05,38.23,77.89,1,1,-1,-1
80,1372,695.87,932.69,40.67,88.40,1,1,-1,-1
80,1359,797.66,871.64,34.61,56.29,1,2,-1,-1
80,1337,1009.73,236.46,163.48,91.39,1,5,-1,-1
80,1326,1249.55,156.79,157.26,77.46,1,4,-1,-1
80,1325,807.70,894.50,51.39,91.73,1,1,-1,-1
80,1291,1230.38,992.92,38.62,82.34,1,1,-1,-1
80,1232,737.98,80.35,20.14,43.91,1,1,-1,-1
80,1208,652.07,439.70,31.25,73.84,1,1,-1,-1
80,1141,506.56,922.27,29.07,68.93,1,1,-1,-1
81,1415,630.86,464.30,32.19,76.35,1,1,-1,-1
81,1407,873.98,222.70,31.77,79.60,1,1,-1,-1
81,1391,394.60,692.14,37.65,77.45,1,1,-1,-1
81,1372,694.94,940.51,41.19,88.63,1,1,-1,-1
81,1367,681.00,461.75,274.14,145.70,1,4,-1,-1
81,1359,799.52,877.58,34.52,56.61,1,2,-1,-1
81,1345,406.08,933.92,47.00,53.00,1,1,-1,-1
81,1337,1014.20,239.36,164.24,92.02,1,5,-1,-1
81,1326,1241.23,157.51,157.55,78.95,1,4,-1,-1
81,1325,808.72,901.80,51.33,91.61,1,1,-1,-1
81,1232,737.60,78.61,21.33,47.86,1,1,-1,-1
81,1141,504.93,927.21,28.64,68.91,1,1,-1,-1
82,1415,630.71,470.22,31.74,76.31,1,1,-1,-1
82,1407,879.14,223.54,32.32,79.91,1,1,-1,-1
82,1392,831.02,86.94,154.98,83.92,1,4,-1,-1
82,1391,397.03,693.78,37.32,77.29,1,1,-1,-1
82,1372,695.46,947.70,41.88,88.87,1,1,-1,-1
82,1367,702.42,464.78,265.41,141.78,1,4,-1,-1
82,1359,801.62,883.48,34.44,56.82,1,2,-1,-1
82,1358,454.78,921.88,29.00,59.00,1,1,-1,-1
82,1345,403.72,943.28,47.00,53.00,1,1,-1,-1
82,1337,1019.21,242.39,165.16,92.80,1,5,-1,-1
82,1325,809.83,909.59,51.29,91.53,1,1,-1,-1
82,1316,764.96,67.22,33.04,41.65,1,10,-1,-1
82,1232,738.81,79.01,22.35,50.44,1,1,-1,-1
82,1207,520.89,855.08,112.02,54.01,1,10,-1,-1
82,1141,507.82,919.24,27.43,65.95,1,1,-1,-1
83,1433,1337.82,27.93,562.32,129.84,1,6,-1,-1
83,1430,448.21,725.01,296.70,150.33,1,4,-1,-1
83,1419,1250.95,910.63,45.49,86.28,1,1,-1,-1
83,1415,630.15,475.27,31.90,76.71,1,1,-1,-1
83,1407,876.43,217.41,38.03,93.46,1,1,-1,-1
83,1392,831.12,87.94,154.96,83.93,1,4,-1,-1
83,1367,721.57,467.77,259.26,139.15,1,4,-1,-1
83,1359,804.44,889.37,34.38,56.96,1,2,-1,-1
83,1358,453.45,928.89,29.00,59.00,1,1,-1,-1
83,1345,402.29,953.79,47.00,53.00,1,1,-1,-1
83,1337,1023.92,245.25,166.38,93.38,1,5,-1,-1
83,1325,810.95,916.88,51.25,91.47,1,1,-1,-1
83,1316,762.45,68.92,32.22,42.41,1,10,-1,-1
83,1315,766.16,880.63,95.23,64.11,1,4,-1,-1
83,1232,741.10,80.51,23.02,51.91,1,1,-1,-1
83,1141,503.99,932.68,27.77,66.84,1,1,-1,-1
84,1444,1499.96,989.87,54.87,79.00,1,1,-1,-1
84,1442,1016.32,836.25,34.35,80.49,1,1,-1,-1
84,1440,744.85,916.16,24.09,50.52,1,1,-1,-1
84,1439,658.96,900.00,46.00,88.00,1,1,-1,-1
84,1433,1339.78,30.15,561.62,129.81,1,6,-1,-1
84,1430,444.92,729.14,304.46,154.28,1,4,-1,-1
84,1415,629.77,480.53,31.64,77.03,1,1,-1,-1
84,1394,1004.09,970.99,48.08,66.18,1,2,-1,-1
84,1392,831.25,88.95,154.95,83.94,1,4,-1,-1
84,1367,758.39,482.09,231.76,125.03,1,4,-1,-1
84,1345,401.20,964.05,47.00,53.00,1,1,-1,-1
84,1337,1028.67,247.80,167.37,94.39,1,5,-1,-1
84,1316,759.82,71.37,31.66,43.00,1,10,-1,-1
84,1141,503.82,941.38,28.02,67.48,1,1,-1,-1
85,1458,1751.80,622.82,85.10,57.32,1,10,-1,-1
85,1444,1501.97,996.45,54.12,75.67,1,1,-1,-1
85,1442,1018.41,842.09,35.19,80.82,1,1,-1,-1
85,1440,746.82,922.15,24.11,50.76,1,1,-1,-1
85,1439,659.97,907.00,46.00,88.00,1,1,-1,-1
85,1433,1342.44,32.95,560.82,129.79,1,6,-1,-1
85,1432,774.02,120.68,24.84,55.22,1,1,-1,-1
85,1430,446.21,733.03,306.86,155.52,1,4,-1,-1
85,1425,845.85,630.99,32.00,83.00,1,1,-1,-1
85,1415,629.68,485.69,31.50,77.63,1,1,-1,-1
85,1394,1008.81,979.83,47.49,63.53,1,2,-1,-1
85,1392,834.72,90.12,155.09,84.30,1,4,-1,-1
85,1367,771.95,480.72,235.29,127.08,1,4,-1,-1
85,1337,1033.69,250.64,168.40,95.42,1,5,-1,-1
85,1326,1211.38,160.11,157.09,84.31,1,4,-1,-1
85,1316,759.74,72.81,31.26,43.46,1,10,-1,-1
85,1141,505.06,948.96,28.19,67.95,1,1,-1,-1
86,1458,1777.94,630.16,85.24,57.64,1,10,-1,-1
86,1453,595.47,915.28,35.00,101.00,1,1,-1,-1
86,1442,1021.05,848.85,35.64,80.78,1,1,-1,-1
86,1440,748.09,928.11,24.11,50.90,1,1,-1,-1
86,1439,660.23,911.78,46.00,88.00,1,1,-1,-1
86,1431,609.99,470.87,30.73,72.27,1,1,-1,-1
86,1430,457.84,737.70,307.51,155.71,1,4,-1,-1
86,1425,850.86,638.94,32.38,83.24,1,1,-1,-1
86,1415,629.69,491.31,31.39,78.06,1,1,-1,-1
86,1394,1011.07,988.28,48.12,61.70,1,2,-1,-1
86,1391,409.32,697.90,36.98,77.96,1,1,-1,-1
86,1372,700.78,973.14,43.62,90.12,1,1,-1,-1
86,1367,790.00,481.81,237.93,128.46,1,4,-1,-1
86,1337,1038.34,253.39,169.69,96.18,1,5,-1,-1
86,1326,1206.62,160.53,157.20,84.72,1,4,-1,-1
86,1316,760.59,74.36,30.95,43.53,1,10,-1,-1
86,1207,519.17,875.08,112.00,54.00,1,10,-1,-1
86,1141,507.50,956.13,28.33,68.30,1,1,-1,-1
87,1458,1804.71,637.95,85.28,57.81,1,10,-1,-1
87,1455,871.80,26.69,18.26,39.62,1,1,-1,-1
87,1442,1023.90,855.17,35.90,80.63,1,1,-1,-1
87,1440,749.87,934.07,24.10,50.97,1,1,-1,-1
87,1431,612.00,475.85,30.85,72.29,1,1,-1,-1
87,1425,856.48,647.53,32.23,82.78,1,1,-1,-1
87,1391,412.93,699.35,36.58,77.72,1,1,-1,-1
87,1372,702.75,979.28,43.55,90.31,1,1,-1,-1
87,1367,809.84,483.92,240.01,129.41,1,4,-1,-1
87,1326,1202.05,161.23,157.56,85.02,1,4,-1,-1
87,1325,819.05,942.28,52.80,91.63,1,1,-1,-1
87,1316,761.73,75.73,30.77,43.90,1,10,-1,-1
87,1315,776.47,904.28,94.93,64.39,1,4,-1,-1
87,1207,518.92,880.73,112.00,54.00,1,10,-1,-1
87,1141,509.73,962.51,28.42,68.56,1,1,-1,-1
88,1485,1753.10,278.43,146.71,74.07,1,7,-1,-1
88,1484,1061.85,891.94,34.00,75.00,1,1,-1,-1
88,1482,451.75,325.97,172.84,97.14,1,4,-1,-1
88,1472,988.69,876.70,33.00,75.00,1,1,-1,-1
88,1457,1602.03,967.21,138.60,81.48,1,7,-1,-1
88,1440,751.82,940.04,24.09,51.02,1,1,-1,-1
88,1431,615.46,481.54,30.93,72.29,1,1,-1,-1
88,1391,416.26,700.51,36.32,77.58,1,1,-1,-1
88,1372,710.46,981.72,44.11,90.27,1,1,-1,-1
88,1367,830.42,486.48,241.72,130.05,1,4,-1,-1
88,1345,401.58,977.66,47.00,53.00,1,1,-1,-1
88,1326,1196.63,163.75,144.06,77.24,1,4,-1,-1
88,1325,821.50,947.56,53.55,91.70,1,1,-1,-1
88,1316,762.97,77.27,30.62,43.89,1,10,-1,-1
88,1141,512.54,969.26,28.50,68.75,1,1,-1,-1
89,1495,823.92,906.19,32.63,55.80,1,2,-1,-1
89,1485,1747.50,282.11,151.71,73.68,1,7,-1,-1
89,1457,1609.42,976.81,139.42,78.50,1,7,-1,-1
89,1440,753.80,946.19,24.12,51.40,1,1,-1,-1
89,1432,796.63,135.05,24.95,55.08,1,1,-1,-1
89,1391,419.45,701.74,36.17,77.81,1,1,-1,-1
89,1372,714.28,987.37,43.78,86.89,1,1,-1,-1
89,1358,466.86,964.70,29.00,59.00,1,1,-1,-1
89,1345,402.65,978.19,47.00,53.00,1,1,-1,-1
89,1326,1194.91,164.72,148.76,79.44,1,4,-1,-1
89,1316,766.73,80.89,34.00,37.75,1,10,-1,-1
89,1141,514.90,976.15,28.56,68.90,1,1,-1,-1
90,1493,761.60,100.52,43.50,37.46,1,10,-1,-1
90,1485,1740.51,285.20,156.72,73.04,1,7,-1,-1
90,1457,1616.25,986.51,140.33,75.17,1,7,-1,-1
90,1453,599.80,929.03,35.00,101.00,1,1,-1,-1
90,1432,801.78,138.83,24.96,55.05,1,1,-1,-1
90,1415,641.15,506.57,32.30,80.91,1,1,-1,-1
90,1394,1026.44,1016.43,51.35,56.20,1,2,-1,-1
90,1391,422.57,702.75,36.06,78.00,1,1,-1,-1
90,1358,467.64,967.72,29.00,59.00,1,1,-1,-1
90,1345,403.75,978.83,47.00,53.00,1,1,-1,-1
90,1326,1190.75,165.18,152.26,80.67,1,4,-1,-1
91,1510,468.00,707.00,51.00,84.00,1,1,-1,-1
91,1494,803.16,116.73,22.00,37.00,1,1,-1,-1
91,1493,774.81,104.65,36.69,38.80,1,10,-1,-1
91,1485,1733.16,288.71,161.63,71.83,1,7,-1,-1
91,1457,1623.47,996.45,141.44,71.97,1,7,-1,-1
91,1455,899.73,34.97,18.19,40.11,1,1,-1,-1
91,1453,600.83,932.25,35.00,101.00,1,1,-1,-1
91,1432,799.69,125.40,27.92,61.68,1,1,-1,-1
91,1425,874.99,679.11,32.85,83.11,1,1,-1,-1
91,1391,425.65,703.70,35.99,78.14,1,1,-1,-1
91,1345,404.87,979.53,47.00,53.00,1,1,-1,-1
91,1326,1185.78,165.78,155.04,81.53,1,4,-1,-1
92,1510,472.00,709.00,51.00,84.00,1,1,-1,-1
92,1493,765.64,104.11,41.47,38.38,1,10,-1,-1
92,1485,1720.27,292.14,164.81,70.89,1,7,-1,-1
92,1457,1626.44,1002.28,141.95,68.43,1,7,-1,-1
92,1455,906.76,37.63,18.17,40.15,1,1,-1,-1
92,1453,598.73,923.21,33.81,97.46,1,1,-1,-1
92,1432,808.69,138.45,27.08,59.75,1,1,-1,-1
92,1425,876.23,685.35,32.96,83.81,1,1,-1,-1
92,1326,1180.62,166.30,157.25,81.83,1,4,-1,-1
93,1511,927.52,232.24,36.01,79.30,1,1,-1,-1
93,1510,472.30,711.74,51.00,84.00,1,1,-1,-1
93,1493,761.64,105.36,44.57,37.96,1,10,-1,-1
93,1457,1628.58,1006.82,142.15,65.04,1,7,-1,-1
93,1432,815.36,146.23,26.48,58.38,1,1,-1,-1
93,1425,876.55,691.44,33.05,84.59,1,1,-1,-1
94,1535,775.52,940.07,104.22,65.34,1,4,-1,-1
94,1532,949.95,505.00,243.00,130.00,1,4,-1,-1
94,1521,820.00,950.00,34.00,58.00,1,2,-1,-1
94,1511,930.18,232.01,36.03,79.26,1,1,-1,-1
94,1510,458.64,701.23,59.60,98.09,1,1,-1,-1
94,1493,760.40,107.21,46.65,37.60,1,10,-1,-1
94,1472,1008.79,919.50,33.00,75.00,1,1,-1,-1
94,1432,821.76,151.91,26.05,57.41,1,1,-1,-1
94,1425,877.18,697.64,33.13,85.74,1,1,-1,-1
95,1543,1350.37,920.68,241.96,148.64,1,7,-1,-1
95,1542,1042.02,901.67,37.81,79.62,1,1,-1,-1
95,1539,671.11,540.11,30.00,76.00,1,1,-1,-1
95,1532,969.19,508.00,243.00,130.00,1,4,-1,-1
95,1521,820.00,955.00,34.00,58.00,1,2,-1,-1
95,1510,464.38,710.66,56.72,93.37,1,1,-1,-1
95,1494,817.27,129.08,22.00,37.00,1,1,-1,-1
95,1472,1008.72,923.51,33.00,75.00,1,1,-1,-1
95,1432,822.09,154.75,25.75,56.72,1,1,-1,-1
95,1425,877.29,703.17,33.21,87.15,1,1,-1,-1
96,1548,458.00,993.00,29.00,59.00,1,1,-1,-1
96,1543,1349.77,925.63,240.65,145.92,1,7,-1,-1
96,1542,1041.35,906.23,38.35,79.51,1,1,-1,-1
96,1532,988.96,511.00,243.00,130.00,1,4,-1,-1
96,1521,820.00,960.00,34.00,58.00,1,2,-1,-1
96,1510,466.16,716.74,54.83,90.27,1,1,-1,-1
96,1494,816.48,130.08,22.00,37.00,1,1,-1,-1
96,1453,595.57,949.21,34.62,99.21,1,1,-1,-1
96,1432,820.60,157.15,25.23,56.16,1,1,-1,-1
97,1559,829.57,998.08,55.55,71.83,1,1,-1,-1
97,1558,674.81,362.66,174.34,102.36,1,4,-1,-1
97,1552,654.03,502.72,31.99,76.67,1,1,-1,-1
97,1550,789.33,105.80,25.00,54.40,1,1,-1,-1
97,1542,1041.06,910.61,38.72,79.75,1,1,-1,-1
97,1532,998.48,511.12,284.54,152.18,1,4,-1,-1
97,1521,818.58,965.00,34.00,58.00,1,2,-1,-1
97,1510,467.05,721.37,53.58,88.22,1,1,-1,-1
97,1494,815.35,130.99,22.00,37.00,1,1,-1,-1
97,1415,643.78,550.17,31.30,81.98,1,1,-1,-1
98,1559,829.33,1002.81,54.90,68.27,1,1,-1,-1
98,1552,651.92,507.95,31.91,76.45,1,1,-1,-1
98,1550,787.23,106.82,25.03,54.35,1,1,-1,-1
98,1542,1040.41,915.18,39.27,79.62,1,1,-1,-1
98,1535,769.68,961.08,108.88,64.73,1,4,-1,-1
98,1532,1018.90,513.36,270.64,144.75,1,4,-1,-1
98,1523,1385.03,53.54,520.10,140.14,1,6,-1,-1
99,1559,828.73,1007.42,54.25,64.14,1,1,-1,-1
99,1552,648.35,513.15,31.94,76.50,1,1,-1,-1
99,1549,654.73,964.49,45.07,87.62,1,1,-1,-1
99,1542,1040.12,920.12,39.61,79.45,1,1,-1,-1
99,1535,767.63,967.13,109.64,64.49,1,4,-1,-1
99,1532,1040.64,516.57,262.33,140.30,1,4,-1,-1
99,1472,1008.11,940.69,33.00,75.00,1,1,-1,-1
100,1580,1072.26,956.31,34.00,76.00,1,1,-1,-1
100,1549,650.68,967.45,45.00,87.65,1,1,-1,-1
100,1542,1038.61,923.80,39.83,79.27,1,1,-1,-1
100,1535,765.45,973.22,110.12,64.29,1,4,-1,-1
100,1532,1062.12,519.75,257.58,137.73,1,4,-1,-1
100,1472,1006.67,943.53,33.00,75.00,1,1,-1,-1
100,1453,584.22,962.09,34.82,98.42,1,1,-1,-1
101,1592,1790.43,264.43,45.29,36.91,1,2,-1,-1
101,1586,455.81,798.39,285.51,145.24,1,4,-1,-1
101,1585,186.08,15.68,23.23,45.53,1,10,-1,-1
101,1580,1071.06,959.32,34.00,76.00,1,1,-1,-1
101,1567,745.82,1004.71,25.07,60.30,1,1,-1,-1
101,1549,646.60,970.40,44.97,87.68,1,1,-1,-1
101,1542,1036.68,927.04,39.97,79.11,1,1,-1,-1
101,1535,763.95,979.30,110.43,64.13,1,4,-1,-1
101,1532,1083.57,523.20,254.71,136.02,1,4,-1,-1
101,1521,811.22,985.51,33.96,57.65,1,2,-1,-1
101,1510,465.03,735.36,51.64,85.04,1,1,-1,-1
101,1453,581.12,965.13,34.85,98.24,1,1,-1,-1
102,1600,806.15,135.00,22.00,37.00,1,1,-1,-1
102,1588,803.94,167.19,24.00,55.00,1,1,-1,-1
102,1586,493.59,839.19,238.29,121.11,1,4,-1,-1
102,1585,183.29,20.06,23.32,45.40,1,10,-1,-1
102,1580,1070.00,962.27,34.00,76.00,1,1,-1,-1
102,1578,416.52,730.41,36.00,79.00,1,1,-1,-1
102,1567,743.42,1007.80,24.96,59.11,1,1,-1,-1
102,1542,1034.63,930.11,40.06,78.97,1,1,-1,-1
103,1607,1594.85,281.85,52.00,64.00,1,2,-1,-1
103,1601,486.93,942.63,140.90,68.13,1,10,-1,-1
103,1600,804.16,136.00,22.00,37.00,1,1,-1,-1
103,1586,469.71,820.82,267.90,136.16,1,4,-1,-1
103,1585,180.32,24.94,23.40,45.36,1,10,-1,-1
103,1580,1068.30,965.78,33.95,75.61,1,1,-1,-1
103,1578,414.32,731.50,36.00,79.00,1,1,-1,-1
103,1541,721.76,99.72,34.67,44.49,1,2,-1,-1
103,1539,654.69,574.22,30.58,76.76,1,1,-1,-1
104,1607,1580.28,281.06,52.00,64.00,1,2,-1,-1
104,1606,1538.00,296.94,169.00,67.00,1,7,-1,-1
104,1586,458.14,815.60,283.14,143.91,1,4,-1,-1
104,1585,178.01,29.22,23.48,45.37,1,10,-1,-1
104,1578,412.22,732.47,36.00,79.00,1,1,-1,-1
104,1541,717.44,99.15,33.33,45.29,1,2,-1,-1
104,1539,649.52,581.94,30.38,76.18,1,1,-1,-1
104,1523,1385.90,57.36,516.32,148.06,1,6,-1,-1
105,1607,1565.35,280.85,52.00,64.00,1,2,-1,-1
105,1606,1523.76,296.95,169.00,67.00,1,7,-1,-1
105,1592,1720.17,251.06,40.63,41.90,1,2,-1,-1
105,1586,451.69,813.31,291.76,148.29,1,4,-1,-1
105,1523,1385.34,57.04,515.42,148.65,1,6,-1,-1
105,1510,456.82,744.26,51.10,84.16,1,1,-1,-1
105,1453,570.11,974.57,36.53,99.39,1,1,-1,-1
106,1625,585.69,563.31,30.00,72.00,1,1,-1,-1
106,1608,1686.18,261.79,91.18,48.41,1,10,-1,-1
106,1607,1550.33,280.81,52.00,64.00,1,2,-1,-1
106,1606,1509.73,296.96,169.00,67.00,1,7,-1,-1
106,1586,447.82,812.39,297.26,150.95,1,4,-1,-1
106,1542,1027.36,942.07,40.18,78.64,1,1,-1,-1
106,1523,1384.64,56.77,514.73,149.06,1,6,-1,-1
107,1638,886.86,378.74,235.83,141.60,1,4,-1,-1
107,1633,835.85,106.85,155.00,85.00,1,4,-1,-1
107,1626,690.97,121.01,51.00,35.87,1,10,-1,-1
107,1625,584.47,566.32,30.00,72.00,1,1,-1,-1
107,1608,1672.03,261.72,85.57,44.99,1,10,-1,-1
107,1586,445.14,812.37,301.15,152.95,1,4,-1,-1
107,1542,1025.33,945.06,40.18,78.56,1,1,-1,-1
107,1326,1081.61,165.17,165.14,81.64,1,4,-1,-1
108,1640,937.87,225.29,32.85,71.99,1,1,-1,-1
108,1633,833.06,107.06,155.00,85.00,1,4,-1,-1
108,1626,685.99,122.01,50.97,35.89,1,10,-1,-1
108,1608,1657.45,260.12,81.96,42.80,1,10,-1,-1
108,1586,443.05,813.13,303.45,153.88,1,4,-1,-1
108,1542,1023.29,948.05,40.18,78.51,1,1,-1,-1
108,1539,641.62,610.34,28.61,71.34,1,1,-1,-1
108,1326,1076.76,164.93,164.98,81.54,1,4,-1,-1
109,1641,766.62,119.07,24.00,55.00,1,1,-1,-1
109,1633,830.85,107.11,155.00,85.00,1,4,-1,-1
109,1621,963.97,403.91,172.00,103.00,1,4,-1,-1
109,1542,1008.93,946.53,43.15,87.50,1,1,-1,-1
109,1539,640.05,611.31,29.02,72.41,1,1,-1,-1
109,1510,447.58,752.28,50.95,83.92,1,1,-1,-1
109,1453,559.62,987.11,35.32,86.30,1,1,-1,-1
109,1326,1071.88,164.20,164.87,81.47,1,4,-1,-1
110,1655,1278.96,571.14,251.95,132.54,1,4,-1,-1
110,1633,828.09,107.82,155.00,85.00,1,4,-1,-1
110,1607,1493.55,280.20,52.00,64.00,1,2,-1,-1
110,1606,1457.24,296.98,169.00,67.00,1,7,-1,-1
110,1542,1014.88,933.16,45.26,90.65,1,1,-1,-1
110,1510,444.85,754.26,50.94,83.89,1,1,-1,-1
110,1453,556.53,988.23,35.12,84.19,1,1,-1,-1
110,1326,1066.99,163.93,164.79,81.42,1,4,-1,-1
111,1660,615.32,561.34,38.35,79.32,1,1,-1,-1
111,1655,1335.28,562.38,221.61,116.15,1,4,-1,-1
111,1633,825.85,108.06,155.00,85.00,1,4,-1,-1
111,1607,1483.11,279.97,52.00,64.00,1,2,-1,-1
111,1606,1447.85,296.99,169.00,67.00,1,7,-1,-1
111,1585,170.81,59.29,24.02,45.68,1,10,-1,-1
111,1578,398.07,740.21,36.00,79.00,1,1,-1,-1
111,1510,442.56,756.25,50.93,83.88,1,1,-1,-1
111,1326,1062.08,163.19,164.72,81.38,1,4,-1,-1
112,1630,595.68,1006.20,42.63,64.72,1,1,-1,-1
112,1626,680.80,123.75,45.55,36.40,1,10,-1,-1
112,1607,1473.59,279.93,51.68,63.94,1,2,-1,-1
112,1606,1438.89,296.99,169.00,67.00,1,7,-1,-1
112,1586,437.83,817.09,308.47,155.33,1,4,-1,-1
112,1523,1381.09,56.06,512.75,149.74,1,6,-1,-1
112,1510,440.42,758.24,50.92,83.87,1,1,-1,-1
112,1326,1057.16,162.92,164.67,81.35,1,4,-1,-1
113,1674,579.00,586.89,30.00,72.00,1,1,-1,-1
113,1663,1063.15,282.77,192.82,111.05,1,5,-1,-1
113,1647,178.01,73.06,24.00,52.00,1,10,-1,-1
113,1630,595.92,1004.76,48.34,70.82,1,1,-1,-1
113,1626,682.58,117.21,56.10,43.21,1,10,-1,-1
113,1621,1075.74,417.98,173.92,103.20,1,4,-1,-1
113,1607,1464.15,279.73,51.73,63.64,1,2,-1,-1
113,1523,1382.20,55.35,514.21,149.77,1,6,-1,-1
113,1510,438.35,760.22,50.92,83.87,1,1,-1,-1
113,1326,1052.22,162.17,164.63,81.32,1,4,-1,-1
114,1662,744.79,1004.75,106.26,63.20,1,4,-1,-1
114,1647,178.78,77.83,24.00,52.00,1,10,-1,-1
114,1630,591.67,1004.18,46.73,66.96,1,1,-1,-1
114,1626,684.69,120.47,54.61,41.03,1,10,-1,-1
114,1621,1103.39,420.96,175.33,103.31,1,4,-1,-1
114,1542,1020.46,960.08,47.13,92.74,1,1,-1,-1
114,1510,436.31,762.86,50.92,83.86,1,1,-1,-1
114,1326,1047.94,161.90,164.60,81.31,1,4,-1,-1
115,1685,771.15,128.11,24.00,55.00,1,1,-1,-1
115,1647,179.90,82.69,24.35,52.15,1,10,-1,-1
115,1630,589.83,1005.13,45.63,64.38,1,1,-1,-1
115,1626,687.13,122.02,53.55,39.54,1,10,-1,-1
115,1621,1131.44,423.91,176.94,103.41,1,4,-1,-1
115,1580,1059.08,999.52,31.74,67.62,1,1,-1,-1
115,1578,392.02,744.41,36.00,79.00,1,1,-1,-1
115,1510,435.59,763.79,50.92,83.86,1,1,-1,-1
116,1693,790.24,1024.69,33.51,43.62,1,2,-1,-1
116,1692,477.00,987.00,112.00,54.00,1,10,-1,-1
116,1685,771.94,129.91,24.00,55.00,1,1,-1,-1
116,1680,989.92,990.82,32.89,74.12,1,1,-1,-1
116,1653,896.78,58.98,24.00,49.00,1,1,-1,-1
116,1626,688.93,122.82,52.80,38.51,1,10,-1,-1
116,1588,794.53,198.29,27.20,57.70,1,1,-1,-1
116,1580,1059.03,1000.41,32.02,67.86,1,1,-1,-1
116,1578,397.47,731.13,35.03,77.03,1,1,-1,-1
117,1702,817.97,102.96,153.16,84.86,1,4,-1,-1
117,1700,600.17,632.20,31.11,82.15,1,1,-1,-1
117,1693,790.37,1026.24,33.26,42.29,1,2,-1,-1
117,1692,476.22,988.00,112.00,54.00,1,10,-1,-1
117,1680,990.00,993.57,32.75,72.82,1,1,-1,-1
117,1663,1071.12,296.71,179.42,101.43,1,5,-1,-1
117,1661,704.21,104.66,29.05,45.19,1,2,-1,-1
117,1653,898.74,59.98,24.00,49.00,1,1,-1,-1
117,1607,1427.40,279.86,51.12,63.05,1,2,-1,-1
117,1588,795.24,201.33,27.21,57.64,1,1,-1,-1
118,1681,1538.73,217.53,28.89,46.80,1,2,-1,-1
118,1680,990.09,996.33,32.62,71.26,1,1,-1,-1
118,1663,1072.57,296.69,179.49,101.03,1,5,-1,-1
118,1661,704.75,104.02,29.73,46.19,1,2,-1,-1
118,1607,1421.52,283.13,54.97,67.69,1,2,-1,-1
118,1588,796.18,203.07,27.22,57.61,1,1,-1,-1
119,1699,184.88,92.19,24.26,45.62,1,2,-1,-1
119,1694,921.90,79.86,17.94,38.98,1,1,-1,-1
119,1681,1523.96,215.29,28.60,47.07,1,2,-1,-1
119,1680,990.16,999.14,32.50,69.54,1,1,-1,-1
119,1621,1233.69,435.76,204.75,114.32,1,4,-1,-1
119,1607,1411.47,280.34,53.83,66.34,1,2,-1,-1
120,1719,628.09,647.87,32.92,76.11,1,1,-1,-1
120,1699,188.76,87.46,26.98,51.64,1,2,-1,-1
120,1694,923.90,80.40,17.94,38.96,1,1,-1,-1
120,1680,990.22,1002.16,32.42,68.07,1,1,-1,-1
120,1621,1269.01,438.22,200.37,111.29,1,4,-1,-1
121,1719,627.04,650.87,33.05,76.32,1,1,-1,-1
121,1715,1400.12,59.65,505.75,150.71,1,6,-1,-1
121,1699,189.99,96.61,25.89,49.26,1,2,-1,-1
121,1630,583.76,1008.89,43.90,60.02,1,1,-1,-1
121,1326,1038.21,160.78,164.50,81.25,1,4,-1,-1
122,1715,1403.32,60.23,503.26,150.46,1,6,-1,-1
122,1661,709.20,103.23,30.70,47.59,1,2,-1,-1
122,1580,1059.73,1006.72,32.39,62.84,1,1,-1,-1
122,1326,1037.35,160.79,164.48,81.24,1,4,-1,-1
123,1743,608.98,600.93,43.00,78.35,1,1,-1,-1
123,1728,1352.75,297.04,169.26,66.92,1,7,-1,-1
123,1715,1406.50,61.15,500.28,150.17,1,6,-1,-1
123,1661,710.15,103.15,30.82,47.75,1,2,-1,-1
124,1755,1653.45,595.86,257.01,136.51,1,4,-1,-1
124,1752,703.73,128.57,51.84,36.74,1,10,-1,-1
124,1750,541.16,998.68,34.69,70.63,1,1,-1,-1
124,1743,608.97,603.98,43.02,78.29,1,1,-1,-1
124,1742,474.94,995.00,112.00,54.00,1,10,-1,-1
124,1728,1346.51,297.04,169.12,66.92,1,7,-1,-1
124,1702,803.82,55.93,180.08,102.41,1,4,-1,-1
124,1670,637.42,458.45,226.93,107.56,1,7,-1,-1
125,1755,1681.17,601.07,234.48,132.36,1,4,-1,-1
125,1754,1412.87,216.83,76.14,41.28,1,10,-1,-1
125,1752,704.97,127.38,51.37,36.37,1,10,-1,-1
125,1750,541.20,999.61,34.61,69.78,1,1,-1,-1
125,1743,608.97,607.73,43.04,78.25,1,1,-1,-1
125,1742,474.95,996.00,112.00,54.00,1,10,-1,-1
125,1728,1340.51,297.04,169.04,66.92,1,7,-1,-1
125,1719,623.23,662.57,34.35,76.94,1,1,-1,-1
125,1711,881.89,882.87,37.00,93.00,1,1,-1,-1
125,1670,675.95,462.19,227.96,108.04,1,7,-1,-1
126,1772,591.00,663.11,31.00,82.00,1,1,-1,-1
126,1754,1400.49,214.19,75.94,41.57,1,10,-1,-1
126,1752,706.06,127.04,51.15,36.18,1,10,-1,-1
126,1743,608.97,610.97,43.04,78.21,1,1,-1,-1
126,1741,208.72,123.75,27.98,52.88,1,10,-1,-1
126,1728,1334.56,297.04,168.99,66.93,1,7,-1,-1
126,1726,437.06,768.88,51.04,84.28,1,1,-1,-1
126,1719,622.20,665.55,34.66,76.97,1,1,-1,-1
126,1711,882.89,888.12,37.00,93.00,1,1,-1,-1
126,1686,801.81,164.77,22.00,37.00,1,1,-1,-1
126,1670,714.62,466.04,228.65,108.37,1,7,-1,-1
126,1621,1472.34,459.97,193.03,108.31,1,4,-1,-1
127,1778,214.00,131.00,24.00,45.00,1,2,-1,-1
127,1772,590.00,666.91,31.00,82.00,1,1,-1,-1
127,1754,1387.61,211.41,75.98,42.14,1,10,-1,-1
127,1752,707.81,127.66,51.03,36.07,1,10,-1,-1
127,1743,608.97,614.75,43.04,78.18,1,1,-1,-1
127,1726,437.04,769.25,51.06,84.54,1,1,-1,-1
127,1719,621.30,669.17,35.20,77.07,1,1,-1,-1
127,1715,1419.67,64.47,488.08,149.14,1,6,-1,-1
127,1711,883.89,893.86,37.00,93.00,1,1,-1,-1
127,1670,751.42,469.95,229.12,108.59,1,7,-1,-1
128,1778,218.16,136.63,24.46,45.30,1,2,-1,-1
128,1754,1375.38,209.09,75.92,42.49,1,10,-1,-1
128,1752,708.37,127.90,50.97,36.01,1,10,-1,-1
128,1743,606.48,616.57,50.08,90.64,1,1,-1,-1
128,1726,437.05,769.83,51.04,84.38,1,1,-1,-1
128,1719,619.59,672.40,35.57,77.09,1,1,-1,-1
128,1715,1421.50,64.86,485.72,148.96,1,6,-1,-1
128,1711,884.90,899.12,37.00,93.00,1,1,-1,-1
129,1790,432.96,863.34,292.73,144.00,1,4,-1,-1
129,1789,418.16,739.56,39.83,78.89,1,1,-1,-1
129,1754,1363.36,206.26,75.83,42.72,1,10,-1,-1
129,1715,1430.85,68.91,474.05,145.67,1,6,-1,-1
129,1711,885.91,904.86,37.00,93.00,1,1,-1,-1
129,1326,1029.14,160.85,164.42,81.21,1,4,-1,-1
130,1789,420.26,738.45,40.43,79.09,1,1,-1,-1
130,1728,1312.72,297.02,168.94,66.95,1,7,-1,-1
130,1715,1414.81,85.76,471.65,145.42,1,6,-1,-1
131,1803,950.04,91.00,18.00,39.00,1,1,-1,-1
131,1801,565.00,644.00,31.00,72.00,1,1,-1,-1
131,1789,420.70,745.32,58.55,109.23,1,1,-1,-1
131,1779,985.13,189.35,32.06,61.75,1,1,-1,-1
131,1728,1307.52,297.02,168.93,66.96,1,7,-1,-1
131,1715,1423.71,74.75,473.11,146.29,1,6,-1,-1
132,1811,1746.95,390.31,153.10,91.39,1,4,-1,-1
132,1803,952.81,92.00,18.00,39.00,1,1,-1,-1
132,1789,421.28,734.89,53.46,98.95,1,1,-1,-1
132,1782,783.80,151.94,27.00,55.00,1,1,-1,-1
132,1779,987.17,189.04,31.84,61.44,1,1,-1,-1
133,1811,1738.69,389.76,160.62,92.04,1,4,-1,-1
133,1805,1350.00,178.97,27.00,48.00,1,2,-1,-1
133,1803,955.04,93.00,18.00,39.00,1,1,-1,-1
133,1789,410.08,729.94,56.69,104.56,1,1,-1,-1
133,1754,1316.61,194.15,75.53,43.05,1,10,-1,-1
133,1711,890.10,928.57,37.70,92.45,1,1,-1,-1
134,1822,718.89,107.11,31.00,48.00,1,2,-1,-1
134,1811,1730.29,388.77,168.42,92.48,1,4,-1,-1
134,1804,1025.53,998.47,39.22,71.20,1,1,-1,-1
134,1754,1305.34,191.11,75.46,43.08,1,10,-1,-1
134,1711,891.25,934.42,38.10,92.11,1,1,-1,-1
135,1822,719.09,107.91,31.00,48.00,1,2,-1,-1
135,1821,710.07,131.87,51.00,36.00,1,10,-1,-1
135,1811,1721.77,387.70,176.46,92.76,1,4,-1,-1
135,1804,1026.34,1000.12,39.13,69.66,1,1,-1,-1
135,1801,555.27,656.05,29.65,68.68,1,1,-1,-1
135,1778,259.02,173.91,25.04,45.26,1,2,-1,-1
135,1715,1430.21,70.33,473.74,147.67,1,6,-1,-1
135,1711,892.24,940.43,38.37,91.86,1,1,-1,-1
135,1326,1022.36,160.88,164.38,81.19,1,4,-1,-1
136,1833,438.83,774.00,51.04,84.84,1,1,-1,-1
136,1826,475.62,1015.51,124.96,60.36,1,10,-1,-1
136,1811,1713.67,387.36,184.35,92.86,1,4,-1,-1
136,1804,1026.61,1001.40,39.07,68.36,1,1,-1,-1
136,1782,785.95,159.04,27.00,55.00,1,1,-1,-1
136,1715,1430.60,71.00,473.50,147.83,1,6,-1,-1
136,1711,893.19,946.49,38.57,91.69,1,1,-1,-1
136,1326,1021.40,160.89,164.36,81.18,1,4,-1,-1
137,1843,940.09,79.04,24.00,49.00,1,1,-1,-1
137,1842,792.85,82.85,148.00,85.00,1,4,-1,-1
137,1833,437.48,774.96,51.05,84.92,1,1,-1,-1
137,1711,894.33,952.36,38.99,91.30,1,1,-1,-1
137,1326,1020.44,160.89,164.34,81.17,1,4,-1,-1
138,1842,789.34,81.33,147.54,84.91,1,4,-1,-1
138,1833,436.31,775.95,51.05,84.97,1,1,-1,-1
138,1829,816.73,244.11,26.83,59.66,1,1,-1,-1
138,1808,574.11,1013.59,44.49,55.73,1,1,-1,-1
138,1798,419.11,847.76,314.64,154.53,1,4,-1,-1
138,1754,1258.84,179.04,75.32,43.12,1,10,-1,-1
138,1326,1016.86,160.25,164.33,81.16,1,4,-1,-1
139,1842,785.86,79.49,146.45,84.72,1,4,-1,-1
139,1833,435.07,777.76,50.65,84.80,1,1,-1,-1
139,1829,816.91,246.85,26.61,59.91,1,1,-1,-1
139,1808,573.35,1013.90,44.50,55.35,1,1,-1,-1
139,1798,418.37,848.97,314.60,154.31,1,4,-1,-1
139,1754,1247.55,176.03,75.29,43.12,1,10,-1,-1
140,1860,43.84,390.14,41.45,53.55,1,10,-1,-1
140,1842,781.95,77.53,145.41,84.59,1,4,-1,-1
140,1833,434.01,779.05,50.40,84.74,1,1,-1,-1
140,1829,817.03,249.87,26.59,60.61,1,1,-1,-1
140,1826,480.85,1008.72,114.08,55.04,1,10,-1,-1
140,1804,1014.05,999.27,42.54,67.52,1,1,-1,-1
140,1754,1235.82,173.02,75.26,43.12,1,10,-1,-1
141,1869,540.87,669.62,36.48,84.46,1,1,-1,-1
141,1868,545.88,1009.19,35.23,58.51,1,1,-1,-1
141,1847,1253.89,298.00,169.00,66.00,1,7,-1,-1
141,1833,432.85,780.90,49.88,84.58,1,1,-1,-1
141,1829,817.09,252.93,26.66,61.58,1,1,-1,-1
141,1711,898.11,974.71,40.32,89.73,1,1,-1,-1
142,1880,1241.15,152.00,27.00,48.00,1,2,-1,-1
142,1868,546.05,1008.32,35.34,59.24,1,1,-1,-1
142,1867,94.56,19.16,130.07,83.87,1,4,-1,-1
142,1859,48.94,393.28,43.61,51.76,1,2,-1,-1
142,1847,1248.91,298.00,169.00,66.00,1,7,-1,-1
142,1820,296.65,225.71,28.95,48.38,1,10,-1,-1
142,1711,898.23,978.39,41.11,88.09,1,1,-1,-1
143,1867,85.55,22.24,131.86,85.48,1,4,-1,-1
143,1859,57.94,384.53,43.71,51.19,1,2,-1,-1
143,1847,1243.92,298.00,169.00,66.00,1,7,-1,-1
143,1798,395.80,846.37,351.79,172.14,1,4,-1,-1
143,1789,425.62,733.64,46.75,79.93,1,1,-1,-1
144,1891,78.09,366.68,63.82,69.48,1,10,-1,-1
144,1887,723.13,112.13,31.00,48.00,1,2,-1,-1
144,1873,1362.50,541.69,235.15,110.07,1,7,-1,-1
144,1872,1010.93,187.15,27.98,60.69,1,1,-1,-1
144,1867,76.55,25.33,133.80,87.24,1,4,-1,-1
144,1847,1210.93,296.02,206.69,80.80,1,7,-1,-1
144,1826,470.05,1015.87,110.99,50.68,1,10,-1,-1
144,1798,401.42,848.46,341.21,166.92,1,4,-1,-1
144,1789,424.63,734.03,46.53,79.38,1,1,-1,-1
145,1897,583.91,683.97,46.34,86.02,1,1,-1,-1
145,1891,87.11,357.70,63.78,69.23,1,10,-1,-1
145,1887,723.92,112.92,31.00,48.00,1,2,-1,-1
145,1878,775.82,175.72,27.57,59.22,1,1,-1,-1
145,1873,1398.09,543.97,232.59,108.39,1,7,-1,-1
145,1867,67.56,28.41,135.79,89.08,1,4,-1,-1
145,1843,935.88,92.23,26.96,55.57,1,1,-1,-1
145,1826,466.87,1017.92,110.60,49.60,1,10,-1,-1
146,1901,1095.00,315.89,188.00,112.00,1,5,-1,-1
146,1897,577.49,678.65,44.39,82.40,1,1,-1,-1
146,1891,96.17,348.60,63.66,68.68,1,10,-1,-1
146,1887,724.14,113.14,31.00,48.00,1,2,-1,-1
146,1878,774.56,177.73,27.62,60.45,1,1,-1,-1
146,1873,1432.21,547.57,231.10,107.36,1,7,-1,-1
146,1870,544.91,733.13,34.46,82.62,1,1,-1,-1
146,1867,59.15,32.02,137.30,90.56,1,4,-1,-1
146,1861,575.28,738.94,36.00,76.00,1,1,-1,-1
146,1804,1024.45,1014.48,39.38,54.80,1,1,-1,-1
146,1715,1422.48,68.92,495.42,156.86,1,6,-1,-1
147,1891,105.24,339.51,63.52,67.95,1,10,-1,-1
147,1873,1466.54,551.93,229.91,106.01,1,7,-1,-1
147,1870,539.56,737.12,35.12,82.65,1,1,-1,-1
147,1867,50.15,35.09,142.30,94.04,1,4,-1,-1
147,1842,758.03,64.61,136.91,84.08,1,4,-1,-1
147,1804,1024.51,1015.97,39.16,53.13,1,1,-1,-1
147,1715,1427.05,70.67,486.99,154.41,1,6,-1,-1
148,1909,714.07,137.32,51.00,36.00,1,10,-1,-1
148,1896,326.73,263.85,34.36,63.02,1,2,-1,-1
148,1891,114.79,330.64,63.12,67.41,1,10,-1,-1
148,1873,1500.76,556.27,229.21,105.13,1,7,-1,-1
148,1868,550.64,1002.51,35.51,62.82,1,1,-1,-1
148,1867,42.65,41.55,141.71,93.78,1,4,-1,-1
148,1847,1229.68,295.32,167.83,65.67,1,7,-1,-1
148,1842,754.41,62.61,135.69,84.07,1,4,-1,-1
148,1829,805.41,264.21,27.15,64.59,1,1,-1,-1
148,1804,1024.57,1017.24,38.99,51.69,1,1,-1,-1
148,1715,1430.17,71.74,481.00,152.67,1,6,-1,-1
149,1909,714.11,136.35,51.00,36.00,1,10,-1,-1
149,1902,1133.30,150.31,74.15,42.77,1,10,-1,-1
149,1896,332.06,261.32,31.28,59.94,1,2,-1,-1
149,1891,124.88,324.48,63.24,67.17,1,10,-1,-1
149,1873,1534.94,561.05,228.70,104.21,1,7,-1,-1
149,1804,1024.62,1018.40,38.86,50.39,1,1,-1,-1
149,1715,1432.36,72.43,476.68,151.42,1,6,-1,-1
149,1711,896.78,1012.54,45.91,62.49,1,1,-1,-1
150,1918,513.64,707.30,31.00,72.00,1,1,-1,-1
150,1902,1125.26,148.02,73.36,42.73,1,10,-1,-1
150,1897,566.20,686.08,41.20,77.46,1,1,-1,-1
150,1896,340.13,265.29,28.94,57.83,1,2,-1,-1
150,1891,136.31,316.39,63.28,66.67,1,10,-1,-1
150,1861,561.29,752.41,36.47,77.94,1,1,-1,-1
150,1804,1025.16,1005.09,39.73,50.52,1,1,-1,-1
150,1715,1433.92,72.90,473.55,150.50,1,6,-1,-1
150,1711,898.40,1017.71,46.02,57.33,1,1,-1,-1
151,1932,1248.21,281.87,50.80,63.16,1,2,-1,-1
151,1918,512.73,709.23,31.00,72.00,1,1,-1,-1
151,1902,1117.84,145.30,72.14,42.63,1,10,-1,-1
151,1896,348.77,270.74,27.72,56.54,1,2,-1,-1
151,1861,559.73,755.25,36.42,78.95,1,1,-1,-1
151,1715,1435.52,72.57,470.99,149.84,1,6,-1,-1
152,1937,47.63,382.63,63.58,75.85,1,10,-1,-1
152,1902,1106.88,148.62,79.58,47.74,1,10,-1,-1
152,1868,553.67,999.30,35.44,64.36,1,1,-1,-1
152,1861,558.11,757.65,36.73,80.36,1,1,-1,-1
152,1826,458.07,1028.39,115.50,42.52,1,10,-1,-1
152,1715,1436.56,72.56,469.13,149.35,1,6,-1,-1
153,1937,59.52,373.49,62.01,74.93,1,10,-1,-1
153,1902,1099.74,141.58,75.91,46.18,1,10,-1,-1
153,1868,554.67,998.44,35.43,65.02,1,1,-1,-1
154,1937,71.37,363.93,60.37,74.26,1,10,-1,-1
154,1902,1093.03,137.96,72.71,45.05,1,10,-1,-1
154,1897,566.17,694.97,36.69,75.25,1,1,-1,-1
154,1887,725.13,112.04,31.00,48.00,1,2,-1,-1
154,1868,555.02,997.37,35.42,65.48,1,1,-1,-1
155,1951,789.83,218.35,22.20,41.29,1,1,-1,-1
155,1940,934.08,145.99,160.98,80.03,1,4,-1,-1
155,1937,83.38,354.85,59.06,73.91,1,10,-1,-1
155,1932,1234.10,281.00,51.04,63.85,1,2,-1,-1
155,1896,369.95,291.76,29.71,52.31,1,2,-1,-1
155,1887,725.12,112.03,31.00,48.00,1,2,-1,-1
155,1878,769.30,193.92,27.50,66.45,1,1,-1,-1
155,1868,555.78,996.44,35.42,66.09,1,1,-1,-1
156,1974,1093.23,116.89,27.48,49.98,1,2,-1,-1
156,1971,1539.71,380.89,239.48,97.00,1,4,-1,-1
156,1962,1042.57,181.32,27.00,60.00,1,1,-1,-1
156,1940,928.77,144.11,160.36,79.85,1,4,-1,-1
156,1932,1230.89,280.81,50.98,63.55,1,2,-1,-1
156,1896,384.55,302.20,28.65,52.68,1,2,-1,-1
156,1878,768.69,195.86,27.45,66.53,1,1,-1,-1
156,1861,550.66,767.98,37.92,85.50,1,1,-1,-1
156,1715,1438.93,71.91,465.31,148.48,1,6,-1,-1
157,1978,502.69,722.03,32.79,72.88,1,1,-1,-1
157,1974,1084.11,113.81,27.48,49.94,1,2,-1,-1
157,1962,1043.36,179.35,27.00,60.00,1,1,-1,-1
157,1940,923.60,142.18,159.64,79.72,1,4,-1,-1
157,1932,1227.16,280.79,50.95,63.35,1,2,-1,-1
157,1861,546.48,770.54,38.99,86.43,1,1,-1,-1
157,1715,1416.34,52.86,500.11,159.62,1,6,-1,-1
158,1984,408.82,861.93,311.03,149.75,1,4,-1,-1
158,1983,223.63,256.30,60.64,56.40,1,10,-1,-1
158,1974,1075.82,111.36,27.38,49.45,1,2,-1,-1
158,1940,917.98,140.21,159.19,79.66,1,4,-1,-1
158,1932,1223.88,280.32,50.98,63.56,1,2,-1,-1
159,1993,405.39,337.40,43.17,60.31,1,10,-1,-1
159,1984,408.31,862.29,315.23,151.60,1,4,-1,-1
159,1983,231.95,249.30,60.26,56.40,1,10,-1,-1
159,1979,507.23,770.93,37.00,81.00,1,1,-1,-1
159,1974,1067.04,108.60,27.32,49.12,1,2,-1,-1
159,1967,714.00,134.26,51.00,36.00,1,10,-1,-1
159,1937,110.79,321.23,52.26,65.24,1,10,-1,-1
159,1932,1220.13,280.12,51.00,63.70,1,2,-1,-1
159,1930,412.42,781.17,42.49,81.87,1,1,-1,-1
159,1887,725.08,111.36,31.00,48.00,1,2,-1,-1
160,1984,407.75,862.24,317.32,152.49,1,4,-1,-1
160,1979,502.98,772.15,37.00,81.00,1,1,-1,-1
160,1974,1058.09,105.72,27.28,48.89,1,2,-1,-1
160,1968,710.58,37.19,123.28,85.28,1,4,-1,-1
160,1937,124.31,311.92,53.04,65.10,1,10,-1,-1
160,1932,1216.87,280.03,51.02,63.79,1,2,-1,-1
160,1930,409.40,782.74,43.42,84.53,1,1,-1,-1
160,1924,954.71,111.76,18.00,39.00,1,1,-1,-1
160,1887,725.07,111.11,31.00,48.00,1,2,-1,-1
161,1979,498.91,773.90,37.00,81.00,1,1,-1,-1
161,1974,1049.10,102.79,27.24,48.72,1,2,-1,-1
161,1937,134.23,302.67,53.57,64.68,1,10,-1,-1
161,1932,1213.12,279.98,51.02,63.86,1,2,-1,-1
161,1930,407.54,781.65,44.00,86.30,1,1,-1,-1
161,1924,954.96,112.10,18.00,39.00,1,1,-1,-1
161,1887,725.06,111.02,31.00,48.00,1,2,-1,-1
162,1979,494.89,775.83,37.00,81.00,1,1,-1,-1
162,1932,1209.86,279.96,51.02,63.91,1,2,-1,-1
162,1924,955.05,112.87,18.00,39.00,1,1,-1,-1
162,1887,725.06,110.99,31.00,48.00,1,2,-1,-1
163,2020,464.48,751.88,31.51,59.26,1,1,-1,-1
163,2017,253.58,223.26,33.46,42.09,1,10,-1,-1
163,2005,1755.86,214.01,109.55,47.86,1,7,-1,-1
163,2002,429.87,351.49,28.29,48.05,1,2,-1,-1
163,1979,490.90,777.82,37.00,81.00,1,1,-1,-1
163,1959,137.76,294.22,40.46,52.18,1,2,-1,-1
163,1896,440.37,353.44,34.00,56.43,1,2,-1,-1
163,1887,725.05,110.97,31.00,48.00,1,2,-1,-1
163,1861,519.72,778.35,52.30,99.33,1,1,-1,-1
164,2028,803.98,292.46,27.16,65.38,1,1,-1,-1
164,2027,6.51,125.15,64.65,76.43,1,4,-1,-1
164,2020,475.95,746.97,35.53,64.36,1,1,-1,-1
164,2017,261.83,216.55,33.02,42.42,1,10,-1,-1
164,2005,1746.53,213.05,109.45,47.92,1,7,-1,-1
164,1979,486.91,780.51,37.00,81.00,1,1,-1,-1
164,1968,688.50,21.16,130.66,90.81,1,4,-1,-1
164,1896,451.16,357.65,32.94,55.88,1,2,-1,-1
165,2028,803.04,293.23,27.05,65.42,1,1,-1,-1
165,2021,990.87,110.13,66.00,43.00,1,10,-1,-1
165,2020,475.75,747.12,37.71,66.65,1,1,-1,-1
165,2017,270.02,209.36,32.85,42.83,1,10,-1,-1
165,1979,483.70,791.36,39.44,86.56,1,1,-1,-1
165,1968,661.67,9.87,145.06,100.89,1,4,-1,-1
166,2028,802.06,294.15,27.00,65.48,1,1,-1,-1
166,2020,471.61,748.88,39.42,68.04,1,1,-1,-1
166,1969,1089.25,317.01,188.00,112.00,1,5,-1,-1
166,1968,670.82,12.62,138.27,96.21,1,4,-1,-1
166,1924,956.74,114.89,18.00,39.00,1,1,-1,-1
167,2041,1394.19,32.50,612.67,197.13,1,6,-1,-1
167,1997,296.06,194.02,50.51,58.72,1,2,-1,-1
167,1968,672.96,12.57,133.43,92.88,1,4,-1,-1
168,2041,1397.77,41.13,586.13,188.51,1,6,-1,-1
168,1968,671.47,11.24,129.96,90.49,1,4,-1,-1
169,2065,975.15,81.05,27.00,48.00,1,2,-1,-1
169,2063,497.76,408.39,61.70,59.22,1,10,-1,-1
169,2056,939.00,97.06,22.00,54.00,1,1,-1,-1
169,2037,1173.86,294.91,169.00,66.00,1,7,-1,-1
169,1979,462.44,808.61,38.87,85.29,1,1,-1,-1
170,2065,965.94,78.03,27.00,48.00,1,2,-1,-1
170,2063,507.94,415.26,63.38,59.49,1,10,-1,-1
170,2056,939.00,97.81,22.00,54.00,1,1,-1,-1
170,2037,1173.10,294.22,169.00,66.00,1,7,-1,-1
170,2020,457.78,758.40,41.88,69.53,1,1,-1,-1
170,1979,460.28,799.52,38.32,84.04,1,1,-1,-1
170,1969,1087.11,314.98,188.00,112.00,1,5,-1,-1
171,2075,1057.75,138.52,36.05,93.73,1,1,-1,-1
171,2073,567.84,981.17,35.18,75.79,1,1,-1,-1
171,2056,939.00,98.04,22.00,54.00,1,1,-1,-1
171,2020,456.32,760.36,42.19,69.65,1,1,-1,-1
171,1997,321.72,167.60,49.81,58.59,1,2,-1,-1
171,1979,462.58,798.39,39.42,81.36,1,1,-1,-1
171,1969,1086.86,314.88,188.00,112.00,1,5,-1,-1
171,1896,530.71,405.21,33.02,53.21,1,2,-1,-1
172,2088,801.00,302.82,27.00,66.47,1,1,-1,-1
172,2084,515.03,735.76,43.84,83.49,1,1,-1,-1
172,2083,329.98,145.13,35.00,47.74,1,2,-1,-1
172,2073,568.81,980.86,35.17,75.95,1,1,-1,-1
172,2056,939.00,98.10,22.00,54.00,1,1,-1,-1
172,2020,455.05,762.32,42.39,69.72,1,1,-1,-1
172,1979,454.61,798.29,38.76,81.51,1,1,-1,-1
172,1896,544.64,412.98,33.09,52.99,1,2,-1,-1
173,2096,1487.30,368.05,234.10,96.39,1,4,-1,-1
173,2095,224.13,211.32,56.75,70.67,1,10,-1,-1
173,2089,834.80,113.05,151.20,78.89,1,4,-1,-1
173,2084,512.34,737.62,44.41,83.75,1,1,-1,-1
173,2077,1664.91,201.97,108.51,48.04,1,7,-1,-1
173,2073,569.82,980.06,35.15,76.03,1,1,-1,-1
173,2056,939.00,98.11,22.00,54.00,1,1,-1,-1
173,2020,454.53,764.28,42.54,69.77,1,1,-1,-1
173,1979,448.55,799.46,38.28,81.64,1,1,-1,-1
173,1896,550.65,420.89,31.69,51.68,1,2,-1,-1
174,2103,959.04,118.89,18.00,39.00,1,1,-1,-1
174,2096,1484.54,366.67,235.23,96.93,1,4,-1,-1
174,2095,233.98,206.16,52.25,65.77,1,10,-1,-1
174,2089,828.70,111.09,150.65,78.82,1,4,-1,-1
174,2076,1496.63,71.69,379.72,122.18,1,6,-1,-1
174,2063,556.96,449.27,69.91,62.17,1,10,-1,-1
174,2062,396.05,766.13,45.04,90.38,1,1,-1,-1
174,2056,939.00,98.78,22.00,54.00,1,1,-1,-1
174,2037,1170.84,292.97,169.00,66.00,1,7,-1,-1
174,2021,915.82,82.23,63.64,42.78,1,10,-1,-1
174,1896,563.30,428.68,30.68,50.97,1,2,-1,-1
175,2111,1202.84,276.23,51.33,63.84,1,2,-1,-1
175,2106,235.89,200.36,34.11,46.33,1,2,-1,-1
175,2103,959.81,119.09,18.00,39.00,1,1,-1,-1
175,2095,243.68,200.18,49.36,62.67,1,10,-1,-1
175,2089,822.75,109.10,150.33,78.81,1,4,-1,-1
175,2076,1472.54,72.48,410.79,132.17,1,6,-1,-1
175,2063,577.33,455.57,69.20,61.07,1,10,-1,-1
175,2062,395.06,765.66,45.02,90.26,1,1,-1,-1
175,2056,939.00,99.02,22.00,54.00,1,1,-1,-1
175,1969,1086.79,315.53,188.00,112.00,1,5,-1,-1
175,1896,577.76,436.58,29.94,50.16,1,2,-1,-1
176,2120,2.41,641.22,227.17,202.02,1,4,-1,-1
176,2118,358.74,847.98,382.36,180.20,1,4,-1,-1
176,2106,244.81,193.11,33.47,45.81,1,2,-1,-1
176,2095,252.37,193.39,47.45,61.23,1,10,-1,-1
176,2089,816.11,107.10,150.14,78.81,1,4,-1,-1
176,2083,355.61,123.47,33.16,44.67,1,2,-1,-1
176,2063,595.17,463.79,68.74,60.34,1,10,-1,-1
176,2062,394.05,765.04,45.05,90.52,1,1,-1,-1
176,1969,1086.81,315.79,188.00,112.00,1,5,-1,-1
177,2120,4.34,633.00,242.35,204.36,1,4,-1,-1
177,2118,379.90,854.25,357.41,168.23,1,4,-1,-1
177,2095,260.88,186.43,46.25,60.13,1,10,-1,-1
177,2089,793.90,106.99,171.68,90.27,1,4,-1,-1
177,2063,614.02,462.84,76.45,66.78,1,10,-1,-1
177,1969,1086.83,315.89,188.00,112.00,1,5,-1,-1
178,2124,656.13,-0.49,100.41,61.81,1,4,-1,-1
178,2120,6.55,625.31,258.84,205.36,1,4,-1,-1
178,2118,389.59,857.60,343.84,161.71,1,4,-1,-1
178,2107,472.00,711.86,42.00,88.00,1,1,-1,-1
178,2096,1481.65,367.03,235.01,97.22,1,4,-1,-1
178,2095,269.72,179.63,45.20,59.42,1,10,-1,-1
178,2021,891.59,67.62,57.57,42.36,1,10,-1,-1
178,1969,1086.84,315.93,188.00,112.00,1,5,-1,-1
179,2141,720.76,125.71,39.47,43.99,1,2,-1,-1
179,2138,421.11,810.85,37.00,82.00,1,1,-1,-1
179,2124,653.50,-0.45,100.12,60.59,1,4,-1,-1
179,2118,394.77,860.04,336.23,157.61,1,4,-1,-1
179,2101,366.24,121.39,30.02,36.26,1,2,-1,-1
179,2021,891.03,74.86,55.99,42.29,1,10,-1,-1
180,2148,443.89,832.00,46.00,79.00,1,1,-1,-1
180,2141,720.68,117.00,36.51,44.41,1,2,-1,-1
180,2138,416.12,814.62,37.00,82.00,1,1,-1,-1
180,2118,396.80,862.80,331.74,155.15,1,4,-1,-1
180,2101,370.44,116.46,30.06,35.91,1,2,-1,-1
180,2021,881.81,64.62,54.28,42.21,1,10,-1,-1
181,2148,439.10,835.00,46.00,79.00,1,1,-1,-1
181,2141,718.35,127.18,41.72,42.07,1,2,-1,-1
181,2139,436.36,783.72,46.19,75.89,1,1,-1,-1
181,2138,411.69,818.03,36.58,81.70,1,1,-1,-1
181,2118,397.38,865.47,329.03,153.63,1,4,-1,-1
181,2109,781.06,264.77,24.00,46.00,1,1,-1,-1
181,2101,379.64,102.99,31.09,38.75,1,2,-1,-1
181,2076,1445.64,67.78,454.68,146.29,1,6,-1,-1
181,2021,874.55,58.24,52.48,42.12,1,10,-1,-1
182,2163,936.00,105.89,21.00,54.00,1,1,-1,-1
182,2141,716.10,130.86,45.01,40.56,1,2,-1,-1
182,2139,433.48,786.77,44.72,73.27,1,1,-1,-1
182,2120,49.18,604.94,294.50,200.01,1,4,-1,-1
182,2118,397.92,867.99,327.39,152.67,1,4,-1,-1
182,2109,781.05,267.10,24.00,46.00,1,1,-1,-1
182,2101,385.91,95.18,31.29,40.57,1,2,-1,-1
182,2095,291.95,148.70,38.20,54.53,1,10,-1,-1
182,2076,1444.97,66.78,456.63,147.01,1,6,-1,-1
182,1969,1087.90,316.98,188.00,112.00,1,5,-1,-1
183,2141,714.13,132.95,47.17,39.51,1,2,-1,-1
183,2139,429.99,790.83,43.85,71.71,1,1,-1,-1
183,2120,65.50,599.79,297.15,196.82,1,4,-1,-1
183,2118,397.65,870.36,326.39,152.07,1,4,-1,-1
183,2109,781.05,269.87,24.00,46.00,1,1,-1,-1
183,2101,391.93,98.99,34.15,43.64,1,2,-1,-1
184,2178,299.10,146.34,29.20,44.82,1,2,-1,-1
184,2141,713.11,133.75,48.62,38.75,1,2,-1,-1
184,2120,82.15,594.88,298.72,193.52,1,4,-1,-1
184,2118,397.66,872.61,325.79,151.70,1,4,-1,-1
184,2111,1198.15,275.53,51.96,64.08,1,2,-1,-1
184,2101,396.69,97.01,35.69,45.47,1,2,-1,-1
184,2063,725.70,531.10,69.39,59.64,1,10,-1,-1
185,2178,304.96,140.69,28.80,44.35,1,2,-1,-1
185,2141,708.10,123.35,44.20,40.63,1,2,-1,-1
185,2120,99.51,589.76,299.34,190.78,1,4,-1,-1
185,2111,1197.89,276.45,51.98,64.07,1,2,-1,-1
185,2101,399.81,83.82,33.79,45.00,1,2,-1,-1
186,2178,310.98,135.48,28.64,44.19,1,2,-1,-1
186,2141,710.08,130.46,46.42,39.44,1,2,-1,-1
186,2120,117.29,584.79,299.22,187.78,1,4,-1,-1
186,2111,1197.80,277.46,52.00,64.07,1,2,-1,-1
186,2101,403.72,75.83,32.43,44.67,1,2,-1,-1
186,2095,317.15,123.83,30.02,48.52,1,10,-1,-1
187,2209,579.80,967.16,35.19,83.83,1,1,-1,-1
187,2198,1049.04,123.00,26.92,67.20,1,1,-1,-1
187,2178,316.86,129.79,28.17,43.96,1,2,-1,-1
187,2139,414.39,805.74,42.77,69.73,1,1,-1,-1
187,2120,134.82,579.41,298.93,184.94,1,4,-1,-1
187,2111,1197.78,278.50,52.01,64.06,1,2,-1,-1
187,2103,950.31,131.97,18.00,39.00,1,1,-1,-1
187,2101,408.34,70.28,31.13,44.11,1,2,-1,-1
187,2095,323.52,118.83,29.11,47.96,1,10,-1,-1
188,2215,975.04,90.73,20.91,45.48,1,1,-1,-1
188,2209,580.76,966.26,35.24,84.42,1,1,-1,-1
188,2208,407.87,856.00,46.00,79.00,1,1,-1,-1
188,2198,1048.80,121.82,26.92,67.08,1,1,-1,-1
188,2178,322.89,124.55,27.91,43.90,1,2,-1,-1
188,2118,395.15,881.05,325.16,151.23,1,4,-1,-1
188,2111,1197.79,279.54,52.02,64.06,1,2,-1,-1
188,2103,949.20,133.65,18.00,39.00,1,1,-1,-1
188,2101,413.21,65.88,29.90,43.67,1,2,-1,-1
188,2063,798.06,563.95,68.68,59.70,1,10,-1,-1
189,2224,931.07,116.13,21.07,54.99,1,1,-1,-1
189,2222,736.55,250.11,38.55,75.82,1,1,-1,-1
189,2216,1444.00,64.94,459.00,148.00,1,6,-1,-1
189,2215,981.02,87.77,23.36,52.36,1,1,-1,-1
189,2209,581.74,965.37,35.29,85.16,1,1,-1,-1
189,2208,403.08,859.00,46.00,79.00,1,1,-1,-1
189,2205,335.03,120.85,40.07,53.20,1,10,-1,-1
189,2198,1048.04,120.08,26.92,67.01,1,1,-1,-1
189,2193,-4.35,63.31,137.83,97.99,1,4,-1,-1
189,2178,328.79,118.84,27.40,43.77,1,2,-1,-1
189,2118,394.84,883.09,325.21,151.23,1,4,-1,-1
189,2111,1197.80,280.59,52.02,64.05,1,2,-1,-1
189,2103,948.15,134.91,18.00,39.00,1,1,-1,-1
189,2101,417.70,61.22,29.02,43.35,1,2,-1,-1
190,2233,469.00,724.11,42.00,88.00,1,1,-1,-1
190,2226,1457.43,376.15,270.26,112.19,1,4,-1,-1
190,2224,930.09,117.91,21.06,55.02,1,1,-1,-1
190,2216,1444.00,64.95,459.00,148.00,1,6,-1,-1
190,2208,398.86,862.00,46.00,79.00,1,1,-1,-1
190,2205,341.12,115.79,39.66,52.33,1,10,-1,-1
190,2198,1047.13,118.70,26.89,66.59,1,1,-1,-1
190,2193,-5.70,67.52,133.20,97.99,1,4,-1,-1
190,2178,334.83,113.59,27.08,43.75,1,2,-1,-1
190,2118,394.07,885.12,325.26,151.24,1,4,-1,-1
190,2111,1197.82,281.63,52.03,64.05,1,2,-1,-1
190,2103,947.12,136.00,18.00,39.00,1,1,-1,-1
190,2101,422.47,56.92,28.08,42.81,1,2,-1,-1
191,2240,400.90,766.21,44.67,90.37,1,1,-1,-1
191,2226,1468.51,376.24,253.67,105.39,1,4,-1,-1
191,2225,1164.72,299.08,169.56,66.95,1,7,-1,-1
191,2224,929.82,119.86,21.05,55.04,1,1,-1,-1
191,2205,347.19,110.88,39.46,51.84,1,10,-1,-1
191,2198,1046.15,117.65,26.88,66.33,1,1,-1,-1
191,2193,-6.86,71.62,127.27,98.50,1,4,-1,-1
191,2178,340.91,108.48,26.87,43.78,1,2,-1,-1
191,2118,393.11,887.14,325.32,151.25,1,4,-1,-1
191,2111,1197.84,282.66,52.03,64.05,1,2,-1,-1
191,2103,946.11,137.69,18.00,39.00,1,1,-1,-1
191,2101,427.36,52.98,27.10,42.38,1,2,-1,-1
192,2234,776.25,290.92,24.74,46.37,1,1,-1,-1
192,2226,1474.31,377.87,243.92,101.40,1,4,-1,-1
192,2224,929.05,122.57,21.04,55.04,1,1,-1,-1
192,2205,351.73,106.57,38.95,51.10,1,10,-1,-1
192,2198,1045.14,116.01,26.88,66.16,1,1,-1,-1
192,2193,-7.75,75.63,120.40,99.34,1,4,-1,-1
192,2178,345.66,103.93,26.71,43.52,1,2,-1,-1
192,2164,1531.43,189.28,43.00,42.00,1,2,-1,-1
192,2141,706.53,136.58,49.96,38.90,1,2,-1,-1
192,2111,1197.19,283.70,52.03,64.04,1,2,-1,-1
192,2103,945.09,140.25,18.00,39.00,1,1,-1,-1
192,2101,432.48,49.13,26.40,42.08,1,2,-1,-1
193,2234,775.92,293.63,24.88,46.38,1,1,-1,-1
193,2226,1476.97,379.63,238.47,99.06,1,4,-1,-1
193,2224,928.12,125.53,21.04,55.04,1,1,-1,-1
193,2193,-25.74,85.61,114.65,101.05,1,4,-1,-1
193,2164,1524.48,189.04,43.00,42.00,1,2,-1,-1
193,2141,706.13,137.39,50.41,38.15,1,2,-1,-1
193,2111,1196.96,284.73,52.03,64.04,1,2,-1,-1
193,2103,944.74,143.15,18.00,39.00,1,1,-1,-1
193,2101,437.64,45.29,25.90,41.86,1,2,-1,-1
194,2261,706.04,113.96,43.53,51.30,1,2,-1,-1
194,2234,774.42,296.57,24.96,46.36,1,1,-1,-1
194,2224,931.88,117.28,23.86,62.53,1,1,-1,-1
194,2216,1444.00,63.93,459.00,148.00,1,6,-1,-1
194,2164,1517.54,188.95,43.00,42.00,1,2,-1,-1
194,2141,705.26,137.77,50.72,37.64,1,2,-1,-1
194,2111,1196.88,285.75,52.03,64.04,1,2,-1,-1
194,2103,943.32,145.51,18.00,39.00,1,1,-1,-1
194,1969,1090.14,328.21,184.30,109.80,1,5,-1,-1
195,2270,346.86,869.06,36.24,81.14,1,1,-1,-1
195,2264,439.42,53.74,27.26,36.13,1,2,-1,-1
195,2111,1196.86,286.78,52.03,64.04,1,2,-1,-1
195,2063,946.21,604.20,42.71,55.87,1,10,-1,-1
195,1969,1089.37,330.11,185.35,110.43,1,5,-1,-1
196,2270,342.04,872.93,36.11,80.98,1,1,-1,-1
196,2263,942.43,638.20,93.53,61.10,1,10,-1,-1
196,2252,310.10,560.34,273.79,153.51,1,4,-1,-1
196,2205,367.56,91.03,37.26,49.99,1,10,-1,-1
196,2178,368.75,79.94,27.15,42.96,1,2,-1,-1
196,2111,1196.86,287.80,52.03,64.04,1,2,-1,-1
196,2063,968.09,599.34,44.55,60.64,1,10,-1,-1
196,1969,1088.91,331.35,186.09,110.87,1,5,-1,-1
197,2283,402.00,775.00,45.00,90.00,1,1,-1,-1
197,2270,337.83,876.93,36.05,80.91,1,1,-1,-1
197,2252,329.20,558.35,271.60,151.24,1,4,-1,-1
197,2226,1479.50,384.04,231.50,96.19,1,4,-1,-1
197,2205,371.53,87.12,36.93,49.91,1,10,-1,-1
197,2189,425.73,824.71,58.94,88.07,1,1,-1,-1
197,2178,375.04,72.89,27.27,42.79,1,2,-1,-1
197,2111,1203.13,293.87,48.66,59.81,1,2,-1,-1
197,2101,458.00,29.71,25.04,41.51,1,2,-1,-1
197,2063,988.16,617.36,43.39,61.45,1,10,-1,-1
198,2294,786.89,6.89,39.00,42.00,1,10,-1,-1
198,2283,402.00,777.00,45.00,90.00,1,1,-1,-1
198,2270,333.24,882.96,36.40,81.14,1,1,-1,-1
198,2252,348.27,556.39,269.46,149.09,1,4,-1,-1
198,2226,1479.34,385.17,230.86,95.97,1,4,-1,-1
198,2216,1421.23,57.25,508.22,166.23,1,6,-1,-1
198,2205,376.03,83.21,36.39,49.82,1,10,-1,-1
198,2198,1041.25,108.62,27.16,64.32,1,1,-1,-1
198,2189,433.88,832.01,52.29,77.57,1,1,-1,-1
198,2178,375.71,75.55,27.04,42.32,1,2,-1,-1
198,2164,1486.76,190.06,46.62,37.09,1,2,-1,-1
198,2111,1203.18,288.17,43.53,53.25,1,2,-1,-1
198,2103,936.48,153.80,18.00,39.00,1,1,-1,-1
198,2063,1008.59,630.26,42.91,62.92,1,10,-1,-1
199,2301,464.31,741.85,42.00,88.00,1,1,-1,-1
199,2293,731.06,288.00,34.00,67.00,1,1,-1,-1
199,2283,400.55,778.84,44.93,89.58,1,1,-1,-1
199,2252,367.89,554.97,266.89,146.60,1,4,-1,-1
199,2226,1475.47,391.86,224.29,93.30,1,4,-1,-1
199,2216,1397.99,26.31,543.11,181.39,1,6,-1,-1
199,2205,380.29,79.09,36.00,49.48,1,10,-1,-1
199,2198,1041.16,107.78,27.73,64.64,1,1,-1,-1
199,2189,426.32,836.46,52.21,77.13,1,1,-1,-1
199,2178,377.78,74.20,26.88,42.00,1,2,-1,-1
199,2164,1480.99,189.63,45.69,38.33,1,2,-1,-1
199,2063,1029.69,641.25,42.92,65.14,1,10,-1,-1
200,2307,773.92,374.30,30.17,70.51,1,1,-1,-1
200,2305,353.00,905.00,46.00,79.00,1,1,-1,-1
200,2293,730.05,291.00,34.00,67.00,1,1,-1,-1
200,2292,687.66,67.39,133.90,77.48,1,4,-1,-1
200,2283,398.81,780.73,45.30,89.55,1,1,-1,-1
200,2252,387.55,554.57,265.18,144.35,1,4,-1,-1
200,2216,1411.51,47.10,520.29,178.42,1,6,-1,-1
200,2205,384.43,75.59,35.72,48.96,1,10,-1,-1
200,2198,1041.06,106.99,28.13,65.14,1,1,-1,-1
200,2189,420.30,842.01,52.15,76.83,1,1,-1,-1
200,2178,381.03,71.27,26.77,41.79,1,2,-1,-1
200,2164,1474.64,189.24,45.00,39.27,1,2,-1,-1
200,2141,700.96,141.68,51.30,36.60,1,2,-1,-1
200,2139,363.20,857.33,42.44,69.12,1,1,-1,-1
200,2118,386.53,906.20,326.86,150.31,1,4,-1,-1
200,2063,1053.42,649.98,42.90,66.80,1,10,-1,-1
201,2307,772.66,378.22,30.24,71.24,1,1,-1,-1
201,2293,729.79,294.56,33.94,66.60,1,1,-1,-1
201,2292,663.27,48.41,155.95,90.82,1,4,-1,-1
201,2264,466.81,27.81,29.91,39.94,1,2,-1,-1
201,2216,1420.44,56.64,504.05,175.97,1,6,-1,-1
201,2205,388.52,71.70,35.50,48.30,1,10,-1,-1
201,2189,415.53,848.60,52.12,76.61,1,1,-1,-1
201,2178,390.81,61.81,27.00,41.68,1,2,-1,-1
201,2164,1468.03,188.92,44.48,39.97,1,2,-1,-1
201,2139,359.88,863.26,42.54,69.27,1,1,-1,-1
201,2118,384.19,908.98,328.58,149.52,1,4,-1,-1
201,2063,1078.15,658.59,42.87,68.04,1,10,-1,-1
202,2306,761.20,321.08,24.48,45.83,1,1,-1,-1
202,2292,667.02,55.88,147.32,86.33,1,4,-1,-1
202,2270,313.94,911.23,40.04,81.83,1,1,-1,-1
202,2264,471.89,24.96,29.12,38.23,1,2,-1,-1
202,2216,1426.61,61.80,492.35,173.89,1,6,-1,-1
202,2205,387.71,64.89,32.61,45.92,1,10,-1,-1
202,2189,410.58,854.92,52.09,76.45,1,1,-1,-1
202,2178,397.58,57.09,27.17,41.62,1,2,-1,-1
202,2164,1460.63,188.67,44.09,40.50,1,2,-1,-1
202,2139,356.12,868.62,42.61,69.38,1,1,-1,-1
202,2063,1090.27,666.93,47.23,76.08,1,10,-1,-1
203,2321,591.81,952.30,35.17,93.36,1,1,-1,-1
203,2302,908.27,142.63,24.58,56.18,1,1,-1,-1
203,2270,308.94,918.37,41.13,81.82,1,1,-1,-1
203,2264,476.39,21.62,28.58,37.09,1,2,-1,-1
203,2225,1163.75,313.05,169.43,68.06,1,7,-1,-1
203,2216,1431.01,62.81,495.60,176.25,1,6,-1,-1
203,2205,392.46,60.09,32.92,45.19,1,10,-1,-1
203,2178,403.20,53.51,27.30,41.57,1,2,-1,-1
203,2164,1453.56,189.14,43.80,40.90,1,2,-1,-1
203,2139,352.85,874.42,42.66,69.46,1,1,-1,-1
203,2063,1109.27,671.47,42.31,69.29,1,10,-1,-1
204,2331,970.00,114.89,24.00,58.00,1,1,-1,-1
204,2305,333.00,934.08,46.00,79.00,1,1,-1,-1
204,2302,906.19,144.42,24.82,56.11,1,1,-1,-1
204,2264,480.64,18.04,28.21,36.30,1,2,-1,-1
204,2225,1163.77,314.05,169.39,68.07,1,7,-1,-1
204,2205,393.95,56.34,30.76,43.87,1,10,-1,-1
204,2178,407.75,50.36,27.39,41.55,1,2,-1,-1
204,2164,1445.94,189.90,43.59,41.19,1,2,-1,-1
204,2139,349.11,880.38,42.70,69.52,1,1,-1,-1
204,2063,1136.21,676.29,41.55,68.45,1,10,-1,-1
205,2339,1087.00,343.89,188.00,112.00,1,5,-1,-1
205,2331,969.00,117.88,24.00,58.00,1,1,-1,-1
205,2305,328.69,941.77,46.00,79.00,1,1,-1,-1
205,2302,904.28,146.32,25.32,56.17,1,1,-1,-1
205,2205,402.45,55.30,31.51,45.54,1,10,-1,-1
205,2178,412.54,47.36,27.47,41.54,1,2,-1,-1
205,2164,1438.75,190.79,43.43,41.41,1,2,-1,-1
205,2139,345.85,886.41,42.73,69.57,1,1,-1,-1
205,2063,1154.80,689.73,39.60,65.93,1,10,-1,-1
206,2349,1479.88,396.32,232.46,97.52,1,4,-1,-1
206,2345,506.87,555.56,265.15,134.98,1,4,-1,-1
206,2331,968.00,120.15,24.00,58.00,1,1,-1,-1
206,2322,1204.47,707.09,49.57,55.64,1,10,-1,-1
206,2313,706.70,127.00,31.00,48.00,1,2,-1,-1
206,2305,323.87,948.84,46.13,80.03,1,1,-1,-1
206,2292,656.47,57.29,132.08,79.49,1,4,-1,-1
206,2178,417.44,45.06,27.53,41.54,1,2,-1,-1
206,2139,340.81,892.46,42.75,69.60,1,1,-1,-1
206,2063,1180.41,697.84,36.38,61.05,1,10,-1,-1
207,2349,1480.46,398.12,232.11,97.70,1,4,-1,-1
207,2313,701.98,141.09,37.57,43.55,1,2,-1,-1
207,2305,319.37,956.28,45.97,81.57,1,1,-1,-1
207,2292,652.22,56.53,129.73,78.68,1,4,-1,-1
207,2178,421.07,41.72,27.57,41.54,1,2,-1,-1
207,2139,335.10,899.16,42.77,69.63,1,1,-1,-1
207,2118,368.23,929.53,340.55,139.68,1,4,-1,-1
207,2063,1205.80,707.53,33.89,57.20,1,10,-1,-1
208,2362,1041.20,99.52,33.56,72.81,1,1,-1,-1
208,2313,698.65,147.21,41.90,41.26,1,2,-1,-1
208,2307,766.58,404.75,31.01,73.44,1,1,-1,-1
208,2139,329.13,906.11,42.79,69.66,1,1,-1,-1
208,2118,365.68,933.39,341.60,136.29,1,4,-1,-1
209,2368,596.92,947.16,35.17,95.83,1,1,-1,-1
209,2362,1041.18,98.49,33.82,72.52,1,1,-1,-1
209,2353,447.85,772.74,42.00,88.00,1,1,-1,-1
209,2347,1156.87,87.00,27.00,48.00,1,1,-1,-1
209,2313,696.78,150.32,44.86,39.87,1,2,-1,-1
209,2307,765.15,409.40,31.07,73.48,1,1,-1,-1
209,2205,422.22,44.17,33.70,41.96,1,10,-1,-1
210,2379,1349.65,213.51,157.29,68.44,1,7,-1,-1
210,2368,597.12,946.26,35.21,96.43,1,1,-1,-1
210,2367,370.00,904.00,52.00,76.00,1,1,-1,-1
210,2362,1041.16,98.12,33.90,71.84,1,1,-1,-1
210,2353,446.08,775.98,42.00,88.00,1,1,-1,-1
210,2347,1156.88,87.07,27.00,48.00,1,1,-1,-1
210,2338,944.82,138.27,21.00,45.00,1,1,-1,-1
210,2322,1309.13,729.82,49.80,71.62,1,10,-1,-1
210,2313,694.98,152.23,46.91,38.95,1,2,-1,-1
210,2307,763.98,414.30,31.12,73.49,1,1,-1,-1
211,2379,1360.64,221.00,145.02,63.64,1,7,-1,-1
211,2368,598.76,962.21,36.41,100.46,1,1,-1,-1
211,2367,363.48,910.00,52.00,76.00,1,1,-1,-1
211,2353,444.84,779.06,42.00,88.00,1,1,-1,-1
211,2349,1482.45,405.19,231.81,98.59,1,4,-1,-1
211,2322,1337.44,736.86,46.76,70.00,1,10,-1,-1
211,2307,762.92,419.31,31.14,73.49,1,1,-1,-1
211,2164,1394.90,194.83,43.10,41.87,1,2,-1,-1
212,2392,1168.96,325.71,151.67,62.05,1,7,-1,-1
212,2368,598.97,950.00,35.98,99.66,1,1,-1,-1
212,2353,443.78,782.08,42.00,88.00,1,1,-1,-1
212,2349,1482.73,407.07,231.73,98.76,1,4,-1,-1
212,2322,1354.94,755.95,61.74,65.96,1,10,-1,-1
212,2307,761.89,424.34,31.16,73.48,1,1,-1,-1
212,2118,357.11,951.01,343.36,120.74,1,4,-1,-1
213,2392,1202.61,339.60,113.26,46.61,1,7,-1,-1
213,2345,663.82,563.87,261.32,131.54,1,4,-1,-1
213,2322,1385.64,755.85,55.58,65.88,1,10,-1,-1
213,2307,760.23,429.39,31.16,73.47,1,1,-1,-1
213,2205,442.87,19.65,28.75,40.55,1,10,-1,-1
213,2118,355.06,955.60,343.49,116.58,1,4,-1,-1
214,2407,5.38,236.73,105.04,130.24,1,7,-1,-1
214,2385,374.23,821.08,50.93,87.97,1,1,-1,-1
214,2338,940.79,147.89,21.00,45.00,1,1,-1,-1
214,2322,1415.08,760.09,51.28,66.01,1,10,-1,-1
214,2205,446.97,16.19,27.89,40.39,1,10,-1,-1
215,2407,9.51,227.78,111.48,129.34,1,7,-1,-1
215,2387,705.95,348.41,33.28,73.21,1,1,-1,-1
215,2385,372.99,825.78,50.94,87.97,1,1,-1,-1
215,2360,214.66,47.48,130.98,85.21,1,4,-1,-1
215,2322,1443.74,765.98,48.26,66.27,1,10,-1,-1
215,2164,1365.18,197.86,43.03,41.96,1,2,-1,-1
216,2408,952.11,145.87,24.00,58.00,1,1,-1,-1
216,2407,14.81,219.30,118.23,128.12,1,7,-1,-1
216,2386,698.21,139.71,28.73,46.31,1,2,-1,-1
216,2369,738.85,375.91,30.09,46.25,1,1,-1,-1
216,2360,224.80,41.28,128.98,85.38,1,4,-1,-1
216,2349,1484.55,414.06,231.18,99.76,1,4,-1,-1
216,2322,1471.89,772.47,46.14,66.60,1,10,-1,-1
217,2431,330.97,950.82,53.80,83.96,1,1,-1,-1
217,2408,950.82,148.82,24.00,58.00,1,1,-1,-1
217,2407,23.97,211.53,122.28,126.34,1,7,-1,-1
217,2369,737.77,380.69,30.09,46.22,1,1,-1,-1
217,2360,235.35,35.21,126.67,85.44,1,4,-1,-1
217,2349,1484.31,388.64,254.87,110.33,1,4,-1,-1
217,2322,1499.70,779.19,44.65,66.95,1,10,-1,-1
