1,3,177,650,75,112,1,2,-1,-1
1,9,635,165,159,69,1,4,-1,-1
1,19,1007,416,48,73,1,2,-1,-1
1,42,842,39,33,34,1,10,-1,-1
1,69,712,476,53,118,1,1,-1,-1
1,118,1626,106,150,52,1,4,-1,-1
1,119,1656,137,129,57,1,4,-1,-1
1,182,176,697,52,67,1,2,-1,-1
2,3,177,647,76,110,1,2,-1,-1
2,9,626,163,160,69,1,4,-1,-1
2,19,1014,414,48,73,1,2,-1,-1
2,29,343,14,22,45,1,2,-1,-1
2,42,842,39,33,34,1,10,-1,-1
2,69,696,477,50,116,1,1,-1,-1
2,118,1663,110,104,47,1,4,-1,-1
2,119,1648,137,129,58,1,4,-1,-1
2,120,1598,631,300,236,1,4,-1,-1
2,182,177,693,52,67,1,2,-1,-1
3,1,879,28,23,35,1,2,-1,-1
3,3,177,644,77,109,1,2,-1,-1
3,9,618,162,160,69,1,4,-1,-1
3,19,1022,413,48,73,1,2,-1,-1
3,20,1205,292,45,61,1,2,-1,-1
3,29,343,14,22,45,1,2,-1,-1
3,42,843,39,33,34,1,10,-1,-1
3,69,702,476,50,116,1,1,-1,-1
3,118,1610,105,150,53,1,4,-1,-1
3,119,1641,138,129,59,1,4,-1,-1
3,120,1599,630,299,236,1,4,-1,-1
3,182,178,690,52,67,1,2,-1,-1
4,1,880,40,25,36,1,10,-1,-1
4,3,178,641,78,107,1,2,-1,-1
4,9,610,160,160,69,1,4,-1,-1
4,19,1029,411,48,73,1,2,-1,-1
4,20,1187,303,59,55,1,10,-1,-1
4,29,344,13,22,45,1,2,-1,-1
4,42,844,39,33,34,1,10,-1,-1
4,43,1288,7,19,45,1,2,-1,-1
4,69,709,475,50,116,1,1,-1,-1
4,118,1594,93,168,59,1,4,-1,-1
4,119,1634,139,129,59,1,4,-1,-1
4,120,1576,605,368,291,1,4,-1,-1
4,182,179,687,52,67,1,2,-1,-1
5,1,881,29,23,35,1,2,-1,-1
5,3,178,639,79,105,1,2,-1,-1
5,9,602,159,160,69,1,4,-1,-1
5,19,1037,410,48,73,1,2,-1,-1
5,20,1175,298,59,53,1,10,-1,-1
5,21,1328,185,157,81,1,4,-1,-1
5,29,344,13,22,45,1,2,-1,-1
5,42,844,40,34,34,1,10,-1,-1
5,43,1285,-11,23,55,1,1,-1,-1
5,69,715,474,50,116,1,1,-1,-1
5,118,1594,105,150,54,1,4,-1,-1
5,119,1627,140,128,60,1,4,-1,-1
5,120,1601,628,298,236,1,4,-1,-1
5,121,278,130,164,61,1,4,-1,-1
5,122,1358,5,18,41,1,1,-1,-1
5,123,700,198,130,85,1,7,-1,-1
6,1,882,29,23,35,1,2,-1,-1
6,3,179,636,79,104,1,2,-1,-1
6,9,594,157,160,70,1,4,-1,-1
6,19,1044,409,48,73,1,2,-1,-1
6,20,1163,292,58,52,1,10,-1,-1
6,21,1322,187,157,81,1,4,-1,-1
6,29,344,13,22,45,1,2,-1,-1
6,42,845,40,34,34,1,10,-1,-1
6,43,1278,-2,23,54,1,2,-1,-1
6,69,722,473,49,115,1,1,-1,-1
6,120,1601,627,299,236,1,4,-1,-1
6,121,265,129,164,62,1,4,-1,-1
6,122,1356,4,18,41,1,1,-1,-1
6,123,707,198,131,85,1,7,-1,-1
6,124,392,189,169,72,1,4,-1,-1
6,125,1618,396,55,94,1,1,-1,-1
7,1,883,30,23,35,1,2,-1,-1
7,3,179,633,81,102,1,2,-1,-1
7,9,585,156,161,69,1,4,-1,-1
7,19,1052,407,48,73,1,2,-1,-1
7,20,1151,287,58,50,1,10,-1,-1
7,21,1316,189,157,81,1,4,-1,-1
7,29,345,12,22,45,1,2,-1,-1
7,42,846,40,34,34,1,10,-1,-1
7,43,1290,8,19,45,1,2,-1,-1
7,121,252,128,164,63,1,4,-1,-1
7,122,1355,4,18,41,1,1,-1,-1
7,123,714,197,131,85,1,7,-1,-1
7,124,399,188,169,72,1,4,-1,-1
7,125,1619,395,58,94,1,1,-1,-1
8,1,884,30,23,35,1,2,-1,-1
8,3,180,630,81,101,1,2,-1,-1
8,9,577,154,161,70,1,4,-1,-1
8,19,1059,406,48,73,1,2,-1,-1
8,20,1148,263,45,61,1,2,-1,-1
8,21,1309,190,157,81,1,4,-1,-1
8,29,345,12,22,45,1,2,-1,-1
8,43,1291,8,18,45,1,2,-1,-1
8,121,239,128,164,62,1,4,-1,-1
8,122,1364,8,17,41,1,1,-1,-1
8,123,722,196,130,85,1,7,-1,-1
8,124,405,188,169,72,1,4,-1,-1
8,125,1623,394,58,94,1,1,-1,-1
9,1,885,41,25,35,1,10,-1,-1
9,3,193,646,63,109,1,10,-1,-1
9,9,569,153,161,69,1,4,-1,-1
9,19,1067,404,48,73,1,2,-1,-1
9,20,1137,258,45,61,1,2,-1,-1
9,21,1302,192,157,81,1,4,-1,-1
9,29,345,12,22,45,1,2,-1,-1
9,43,1292,9,18,45,1,2,-1,-1
9,121,226,127,164,63,1,4,-1,-1
9,122,1365,7,17,41,1,1,-1,-1
9,123,736,199,157,102,1,7,-1,-1
9,124,411,187,169,72,1,4,-1,-1
9,125,1627,401,66,107,1,1,-1,-1
9,126,186,670,52,67,1,2,-1,-1
10,1,886,31,23,35,1,2,-1,-1
10,3,181,625,83,97,1,2,-1,-1
10,9,561,151,161,70,1,4,-1,-1
10,10,1591,145,128,63,1,4,-1,-1
10,20,1126,252,45,61,1,2,-1,-1
10,21,1296,194,157,81,1,4,-1,-1
10,43,1292,8,18,45,1,2,-1,-1
10,124,417,186,169,72,1,4,-1,-1
10,125,1633,392,58,94,1,1,-1,-1
10,126,187,667,52,67,1,2,-1,-1
11,1,887,32,23,35,1,2,-1,-1
11,3,181,622,84,96,1,2,-1,-1
11,9,553,150,161,70,1,4,-1,-1
11,10,1584,145,127,64,1,4,-1,-1
11,20,1116,246,45,61,1,2,-1,-1
11,21,1289,196,157,81,1,4,-1,-1
11,22,1326,414,58,91,1,2,-1,-1
11,70,1366,6,17,41,1,1,-1,-1
11,126,188,664,52,67,1,2,-1,-1
11,127,406,7,22,53,1,2,-1,-1
12,1,887,32,23,35,1,2,-1,-1
12,3,199,637,63,109,1,10,-1,-1
12,10,1577,146,127,65,1,4,-1,-1
12,21,1283,198,157,81,1,4,-1,-1
12,22,1334,412,56,91,1,2,-1,-1
12,70,1367,5,17,41,1,1,-1,-1
12,126,190,661,52,67,1,2,-1,-1
12,127,407,7,22,53,1,2,-1,-1
13,1,888,32,23,35,1,2,-1,-1
13,3,181,616,85,94,1,2,-1,-1
13,10,1570,147,126,66,1,4,-1,-1
13,21,1278,198,157,83,1,4,-1,-1
13,22,1343,411,53,91,1,2,-1,-1
13,30,240,225,212,76,1,4,-1,-1
13,70,1368,5,17,41,1,1,-1,-1
13,126,192,656,52,67,1,2,-1,-1
13,127,406,7,22,53,1,2,-1,-1
14,1,889,32,23,35,1,2,-1,-1
14,10,1563,148,126,67,1,4,-1,-1
14,22,1351,409,51,91,1,2,-1,-1
14,30,250,225,212,76,1,4,-1,-1
14,44,522,147,164,70,1,4,-1,-1
14,70,1369,4,17,41,1,1,-1,-1
14,71,1566,377,51,88,1,1,-1,-1
14,127,406,7,22,53,1,2,-1,-1
15,1,890,32,23,35,1,2,-1,-1
15,10,1556,149,126,67,1,4,-1,-1
15,22,1360,408,49,91,1,2,-1,-1
15,30,261,224,212,76,1,4,-1,-1
15,44,512,146,165,70,1,4,-1,-1
15,70,1370,4,17,41,1,1,-1,-1
15,71,1570,376,51,88,1,1,-1,-1
15,127,406,7,22,53,1,2,-1,-1
15,128,780,445,51,121,1,1,-1,-1
16,1,891,33,23,35,1,2,-1,-1
16,10,1549,150,125,68,1,4,-1,-1
16,22,1358,406,47,91,1,2,-1,-1
16,30,273,224,212,76,1,4,-1,-1
16,44,502,145,166,70,1,4,-1,-1
16,45,778,196,131,85,1,7,-1,-1
16,70,1371,3,17,41,1,1,-1,-1
16,71,1575,377,52,89,1,1,-1,-1
16,72,1094,109,154,58,1,4,-1,-1
16,128,786,461,49,115,1,1,-1,-1
17,1,891,33,23,35,1,2,-1,-1
17,10,1542,151,125,69,1,4,-1,-1
17,22,1377,405,44,91,1,2,-1,-1
17,30,285,224,212,76,1,4,-1,-1
17,44,491,144,168,70,1,4,-1,-1
17,45,785,196,131,85,1,7,-1,-1
17,71,1580,378,53,90,1,1,-1,-1
17,72,1085,110,154,58,1,4,-1,-1
17,128,809,459,53,118,1,1,-1,-1
18,1,892,42,25,35,1,10,-1,-1
18,2,1289,11,17,40,1,1,-1,-1
18,10,1535,152,125,70,1,4,-1,-1
18,22,1386,404,42,91,1,2,-1,-1
18,30,297,224,212,76,1,4,-1,-1
18,44,481,143,169,70,1,4,-1,-1
18,45,792,196,131,85,1,7,-1,-1
18,71,1585,380,54,90,1,1,-1,-1
18,72,1076,110,154,58,1,4,-1,-1
18,128,800,465,49,115,1,1,-1,-1
18,129,196,641,52,66,1,2,-1,-1
18,130,523,72,27,58,1,1,-1,-1
19,1,893,33,23,35,1,2,-1,-1
19,2,1290,12,17,40,1,1,-1,-1
19,10,1532,155,125,70,1,4,-1,-1
19,22,1386,403,45,95,1,2,-1,-1
19,30,309,224,212,76,1,4,-1,-1
19,31,395,8,17,45,1,2,-1,-1
19,44,471,142,170,70,1,4,-1,-1
19,45,782,160,166,82,1,4,-1,-1
19,71,1590,381,55,91,1,1,-1,-1
19,72,1067,111,154,58,1,4,-1,-1
19,73,1370,440,93,66,1,3,-1,-1
19,128,808,471,49,115,1,1,-1,-1
19,129,193,645,52,66,1,2,-1,-1
19,130,522,73,27,58,1,1,-1,-1
20,2,1292,13,17,40,1,1,-1,-1
20,10,1529,158,125,70,1,4,-1,-1
20,30,336,212,182,65,1,4,-1,-1
20,31,395,8,17,45,1,2,-1,-1
20,44,461,141,171,70,1,4,-1,-1
20,45,806,197,131,85,1,7,-1,-1
20,72,1055,112,155,58,1,4,-1,-1
20,73,1380,444,93,66,1,3,-1,-1
20,129,190,650,52,66,1,2,-1,-1
20,130,512,68,25,55,1,1,-1,-1
20,131,1622,640,281,237,1,4,-1,-1
21,2,1294,14,17,40,1,1,-1,-1
21,14,894,44,25,35,1,10,-1,-1
21,15,1011,228,61,46,1,10,-1,-1
21,31,395,7,17,46,1,2,-1,-1
21,45,813,197,131,85,1,7,-1,-1
21,72,1044,113,156,58,1,4,-1,-1
21,73,1390,448,93,66,1,3,-1,-1
21,74,1163,411,47,81,1,2,-1,-1
21,129,187,654,52,66,1,2,-1,-1
21,130,510,69,25,55,1,1,-1,-1
21,131,1625,643,278,237,1,4,-1,-1
22,2,1295,15,17,40,1,1,-1,-1
22,14,895,46,25,35,1,10,-1,-1
22,15,1003,228,61,46,1,10,-1,-1
22,31,395,7,17,46,1,2,-1,-1
22,45,820,197,131,85,1,7,-1,-1
22,73,1400,451,93,66,1,3,-1,-1
22,74,1172,412,46,82,1,2,-1,-1
22,129,184,659,52,66,1,2,-1,-1
22,130,508,71,25,55,1,1,-1,-1
22,131,1633,651,269,238,1,4,-1,-1
23,2,1297,16,17,40,1,1,-1,-1
23,14,896,35,23,35,1,2,-1,-1
23,15,995,227,61,46,1,10,-1,-1
23,31,395,7,17,46,1,2,-1,-1
23,46,1460,110,146,58,1,4,-1,-1
23,73,1410,455,93,66,1,3,-1,-1
23,74,1182,417,46,84,1,2,-1,-1
23,131,1641,659,261,239,1,4,-1,-1
23,132,862,489,53,118,1,1,-1,-1
24,2,1299,17,17,41,1,1,-1,-1
24,14,896,36,23,35,1,2,-1,-1
24,15,987,227,61,46,1,10,-1,-1
24,16,1519,171,125,70,1,4,-1,-1
24,31,395,7,17,47,1,2,-1,-1
24,46,1453,111,146,58,1,4,-1,-1
24,47,749,163,166,81,1,4,-1,-1
24,73,1420,459,93,66,1,3,-1,-1
24,74,1192,422,46,86,1,2,-1,-1
24,75,1010,116,159,58,1,4,-1,-1
24,131,1649,667,252,240,1,4,-1,-1
24,132,871,494,53,118,1,1,-1,-1
25,2,1301,19,17,41,1,1,-1,-1
25,14,897,37,23,35,1,2,-1,-1
25,15,979,227,61,46,1,10,-1,-1
25,16,1517,175,125,70,1,4,-1,-1
25,31,393,8,17,47,1,2,-1,-1
25,46,1447,113,146,58,1,4,-1,-1
25,47,742,164,166,81,1,4,-1,-1
25,74,1202,428,46,87,1,2,-1,-1
25,75,999,117,160,58,1,4,-1,-1
25,76,1229,233,159,96,1,4,-1,-1
25,132,880,499,53,118,1,1,-1,-1
26,2,1303,21,17,41,1,1,-1,-1
26,14,899,52,25,35,1,10,-1,-1
26,15,969,228,61,46,1,10,-1,-1
26,16,1513,179,126,72,1,4,-1,-1
26,23,517,82,27,57,1,1,-1,-1
26,31,400,15,18,49,1,2,-1,-1
26,46,1440,114,147,58,1,4,-1,-1
26,47,735,165,166,81,1,4,-1,-1
26,48,344,11,24,42,1,2,-1,-1
26,74,1213,433,46,89,1,2,-1,-1
26,75,988,119,161,57,1,4,-1,-1
26,76,1225,239,162,98,1,4,-1,-1
26,132,864,511,48,113,1,1,-1,-1
26,133,1183,467,106,67,1,3,-1,-1
27,2,1306,23,17,41,1,1,-1,-1
27,14,898,38,23,35,1,2,-1,-1
27,15,960,229,61,46,1,10,-1,-1
27,16,1510,183,126,74,1,4,-1,-1
27,23,516,83,27,57,1,1,-1,-1
27,46,1433,116,149,58,1,4,-1,-1
27,47,729,167,166,81,1,4,-1,-1
27,48,342,12,24,41,1,2,-1,-1
27,75,979,121,161,57,1,4,-1,-1
27,76,1221,245,164,100,1,4,-1,-1
27,77,147,710,52,66,1,2,-1,-1
27,132,872,516,48,114,1,1,-1,-1
27,133,1194,473,106,67,1,3,-1,-1
27,134,499,80,25,54,1,1,-1,-1
27,135,1342,12,23,41,1,1,-1,-1
28,2,1308,25,17,41,1,1,-1,-1
28,14,899,39,23,35,1,2,-1,-1
28,15,951,230,61,46,1,10,-1,-1
28,16,1506,187,128,77,1,4,-1,-1
28,23,516,84,27,57,1,1,-1,-1
28,46,1426,118,151,58,1,4,-1,-1
28,47,719,167,167,81,1,4,-1,-1
28,48,340,13,24,41,1,2,-1,-1
28,75,970,123,161,57,1,4,-1,-1
28,76,1218,251,166,102,1,4,-1,-1
28,77,140,721,52,66,1,2,-1,-1
28,78,401,12,22,53,1,2,-1,-1
28,133,1205,479,106,67,1,3,-1,-1
28,134,497,82,25,54,1,1,-1,-1
28,135,1342,13,23,41,1,1,-1,-1
29,2,1311,27,17,41,1,1,-1,-1
29,14,899,40,23,35,1,2,-1,-1
29,15,942,230,61,46,1,10,-1,-1
29,16,1503,191,128,79,1,4,-1,-1
29,23,515,85,27,58,1,1,-1,-1
29,32,125,673,84,94,1,2,-1,-1
29,46,1419,120,152,58,1,4,-1,-1
29,47,710,168,168,80,1,4,-1,-1
29,48,337,14,24,41,1,2,-1,-1
29,75,961,125,161,57,1,4,-1,-1
29,76,1214,257,168,104,1,4,-1,-1
29,77,143,748,42,53,1,2,-1,-1
29,78,400,13,22,53,1,2,-1,-1
29,133,1217,486,106,67,1,3,-1,-1
29,134,495,84,25,54,1,1,-1,-1
29,135,1343,14,23,41,1,1,-1,-1
30,2,1313,28,17,41,1,1,-1,-1
30,14,900,41,23,35,1,2,-1,-1
30,15,934,231,61,46,1,10,-1,-1
30,16,1499,195,130,82,1,4,-1,-1
30,23,514,87,27,57,1,1,-1,-1
30,32,118,685,84,94,1,2,-1,-1
30,47,701,169,169,79,1,4,-1,-1
30,48,335,15,24,40,1,2,-1,-1
30,76,1210,263,171,106,1,4,-1,-1
30,77,126,741,52,66,1,2,-1,-1
30,78,399,14,22,53,1,2,-1,-1
30,133,1228,496,109,67,1,3,-1,-1
30,134,493,86,25,54,1,1,-1,-1
30,135,1343,15,23,41,1,1,-1,-1
31,2,1316,30,17,41,1,1,-1,-1
31,16,1496,199,130,84,1,4,-1,-1
31,23,514,88,27,57,1,1,-1,-1
31,32,118,719,74,117,1,10,-1,-1
31,48,333,16,24,40,1,2,-1,-1
31,49,370,16,23,47,1,2,-1,-1
31,77,118,752,52,66,1,2,-1,-1
31,78,398,15,22,53,1,2,-1,-1
31,79,931,210,45,60,1,2,-1,-1
31,134,492,88,25,54,1,1,-1,-1
31,135,1343,17,23,41,1,1,-1,-1
31,136,1405,124,156,58,1,4,-1,-1
32,2,1318,31,17,41,1,1,-1,-1
32,16,1493,203,131,87,1,4,-1,-1
32,23,513,89,27,57,1,1,-1,-1
32,32,104,710,85,94,1,2,-1,-1
32,48,331,17,24,40,1,2,-1,-1
32,49,369,17,23,47,1,2,-1,-1
32,77,111,762,52,66,1,2,-1,-1
32,78,397,17,22,53,1,2,-1,-1
32,79,922,212,45,60,1,2,-1,-1
32,136,1398,126,158,58,1,4,-1,-1
33,2,1321,33,17,41,1,1,-1,-1
33,11,1402,18,23,41,1,1,-1,-1
33,16,1492,209,133,89,1,4,-1,-1
33,23,512,90,27,57,1,1,-1,-1
33,32,97,722,85,94,1,2,-1,-1
33,49,366,18,23,47,1,2,-1,-1
33,78,394,18,22,53,1,2,-1,-1
33,79,913,213,45,60,1,2,-1,-1
33,80,314,30,24,46,1,2,-1,-1
33,136,1390,129,160,59,1,4,-1,-1
34,2,1324,35,17,41,1,1,-1,-1
34,11,1404,20,23,41,1,1,-1,-1
34,23,501,74,34,71,1,1,-1,-1
34,32,91,735,85,94,1,2,-1,-1
34,33,223,207,202,93,1,4,-1,-1
34,49,363,20,23,47,1,2,-1,-1
34,79,905,215,45,60,1,2,-1,-1
34,80,311,33,24,46,1,2,-1,-1
34,81,1274,536,119,67,1,3,-1,-1
34,136,1382,132,163,60,1,4,-1,-1
35,11,1407,21,23,41,1,1,-1,-1
35,32,78,752,86,94,1,2,-1,-1
35,33,224,211,204,93,1,4,-1,-1
35,49,376,21,16,47,1,2,-1,-1
35,79,895,216,45,60,1,2,-1,-1
35,80,308,35,24,46,1,2,-1,-1
35,81,1286,546,121,67,1,3,-1,-1
35,136,1374,135,165,61,1,4,-1,-1
35,137,1192,294,182,116,1,4,-1,-1
36,11,1410,22,23,41,1,1,-1,-1
36,32,65,769,87,95,1,2,-1,-1
36,33,224,215,206,93,1,4,-1,-1
36,49,374,23,16,46,1,2,-1,-1
36,50,881,239,63,46,1,10,-1,-1
36,79,886,218,45,60,1,2,-1,-1
36,80,305,38,24,46,1,2,-1,-1
36,81,1300,556,123,67,1,3,-1,-1
36,137,1187,302,185,121,1,4,-1,-1
37,11,1412,24,23,41,1,1,-1,-1
37,33,225,219,208,93,1,4,-1,-1
37,49,371,25,16,46,1,2,-1,-1
37,50,871,242,65,46,1,10,-1,-1
37,80,302,41,24,46,1,2,-1,-1
37,81,1314,567,125,67,1,3,-1,-1
37,137,1183,311,188,126,1,4,-1,-1
38,11,1415,25,23,41,1,1,-1,-1
38,24,380,27,22,53,1,2,-1,-1
38,33,226,223,210,93,1,4,-1,-1
38,50,861,244,66,46,1,10,-1,-1
38,80,299,43,24,46,1,2,-1,-1
38,81,1328,578,128,67,1,3,-1,-1
38,137,1179,320,190,131,1,4,-1,-1
39,11,1417,27,23,41,1,1,-1,-1
39,24,377,29,22,53,1,2,-1,-1
39,33,227,227,212,93,1,4,-1,-1
39,50,851,246,68,46,1,10,-1,-1
39,81,1342,589,130,67,1,3,-1,-1
39,137,1174,328,194,136,1,4,-1,-1
40,11,1420,28,23,41,1,1,-1,-1
40,12,900,80,25,35,1,10,-1,-1
40,24,374,31,22,53,1,2,-1,-1
40,33,227,231,214,95,1,4,-1,-1
40,50,842,249,69,46,1,10,-1,-1
40,82,1386,31,23,33,1,3,-1,-1
41,11,1423,30,23,41,1,1,-1,-1
41,12,901,83,24,35,1,10,-1,-1
41,24,371,33,22,53,1,2,-1,-1
41,33,227,236,216,97,1,4,-1,-1
41,50,828,252,69,46,1,10,-1,-1
41,82,1389,32,23,34,1,3,-1,-1
42,11,1425,31,25,42,1,1,-1,-1
42,12,901,86,24,35,1,10,-1,-1
42,24,369,35,22,53,1,2,-1,-1
42,50,815,255,69,46,1,10,-1,-1
42,82,1392,34,23,34,1,3,-1,-1
42,138,823,232,46,60,1,2,-1,-1
43,11,1428,33,26,42,1,1,-1,-1
43,12,901,89,24,35,1,10,-1,-1
43,24,366,36,22,53,1,2,-1,-1
43,82,1395,35,23,35,1,3,-1,-1
43,138,810,236,46,60,1,2,-1,-1
43,139,926,17,51,55,1,4,-1,-1
44,12,902,92,24,35,1,10,-1,-1
44,24,363,38,22,53,1,2,-1,-1
44,82,1398,37,23,35,1,3,-1,-1
44,83,1347,27,18,43,1,1,-1,-1
44,138,797,240,46,60,1,2,-1,-1
44,139,926,17,52,58,1,4,-1,-1
45,12,902,93,24,35,1,10,-1,-1
45,24,360,40,22,53,1,2,-1,-1
45,51,334,40,23,47,1,2,-1,-1
45,82,1401,39,23,35,1,3,-1,-1
45,83,1347,39,23,41,1,1,-1,-1
45,138,783,243,46,60,1,2,-1,-1
45,139,925,17,53,60,1,4,-1,-1
45,140,218,258,224,102,1,4,-1,-1
45,141,1082,752,47,137,1,1,-1,-1
46,12,902,94,24,35,1,10,-1,-1
46,24,357,42,22,53,1,2,-1,-1
46,51,331,42,23,47,1,2,-1,-1
46,83,1347,40,23,41,1,1,-1,-1
46,84,1341,58,18,41,1,1,-1,-1
46,138,765,241,47,61,1,2,-1,-1
46,139,925,17,54,62,1,4,-1,-1
46,140,213,264,226,103,1,4,-1,-1
46,141,1082,747,58,131,1,1,-1,-1
47,12,902,95,24,35,1,10,-1,-1
47,51,329,44,23,47,1,2,-1,-1
47,83,1347,41,23,41,1,1,-1,-1
47,84,1342,63,19,41,1,1,-1,-1
47,85,1026,297,149,103,1,7,-1,-1
47,139,925,18,55,64,1,4,-1,-1
47,140,208,270,229,105,1,4,-1,-1
47,141,1089,769,58,131,1,1,-1,-1
48,12,904,79,23,35,1,2,-1,-1
48,51,340,44,17,48,1,2,-1,-1
48,52,282,46,22,45,1,2,-1,-1
48,83,1347,42,23,41,1,1,-1,-1
48,84,1343,68,20,41,1,1,-1,-1
48,85,1037,303,152,104,1,7,-1,-1
48,140,203,276,231,106,1,4,-1,-1
48,141,1097,792,58,131,1,1,-1,-1
49,12,903,83,23,35,1,2,-1,-1
49,51,336,47,19,48,1,2,-1,-1
49,52,277,50,23,46,1,2,-1,-1
49,83,1348,44,23,41,1,1,-1,-1
49,84,1345,73,21,41,1,1,-1,-1
49,85,1038,311,154,105,1,7,-1,-1
49,140,198,282,234,107,1,4,-1,-1
49,141,1105,815,58,131,1,1,-1,-1
50,12,895,85,23,35,1,2,-1,-1
50,34,1555,173,163,76,1,4,-1,-1
50,51,325,49,23,53,1,2,-1,-1
50,52,275,55,23,47,1,2,-1,-1
50,53,1113,469,237,201,1,4,-1,-1
50,84,1353,65,17,41,1,1,-1,-1
50,85,1040,319,155,107,1,7,-1,-1
51,25,1318,69,21,41,1,1,-1,-1
51,34,1526,174,163,77,1,4,-1,-1
51,51,330,64,20,47,1,2,-1,-1
51,52,271,51,23,47,1,2,-1,-1
51,53,1092,489,243,210,1,4,-1,-1
51,84,1350,61,17,47,1,2,-1,-1
51,85,1041,327,157,109,1,7,-1,-1
52,25,1323,69,17,41,1,1,-1,-1
52,34,1498,175,163,78,1,4,-1,-1
52,52,261,56,22,48,1,2,-1,-1
52,53,1071,508,249,220,1,4,-1,-1
52,85,1043,335,158,111,1,7,-1,-1
52,86,1535,785,142,85,1,3,-1,-1
52,142,204,59,22,46,1,2,-1,-1
53,25,1319,65,17,47,1,2,-1,-1
53,34,1470,176,163,79,1,4,-1,-1
53,52,256,60,23,53,1,2,-1,-1
53,53,1051,528,254,229,1,4,-1,-1
53,86,1545,801,142,88,1,3,-1,-1
53,87,1278,52,23,42,1,1,-1,-1
53,142,201,68,23,48,1,2,-1,-1
53,143,158,73,24,49,1,2,-1,-1
54,25,1321,67,17,47,1,2,-1,-1
54,34,1461,181,167,79,1,4,-1,-1
54,52,249,63,23,53,1,2,-1,-1
54,53,1043,546,259,239,1,4,-1,-1
54,86,1573,829,144,85,1,3,-1,-1
54,87,1275,54,23,41,1,1,-1,-1
54,88,1061,349,162,113,1,7,-1,-1
54,142,194,71,23,48,1,2,-1,-1
54,143,150,76,24,49,1,2,-1,-1
55,25,1324,70,17,47,1,2,-1,-1
55,34,1452,186,171,79,1,4,-1,-1
55,53,1035,565,264,249,1,4,-1,-1
55,86,1601,857,147,83,1,3,-1,-1
55,87,1275,56,23,42,1,1,-1,-1
55,88,1078,354,164,115,1,7,-1,-1
55,142,188,74,23,48,1,2,-1,-1
55,143,143,79,24,50,1,2,-1,-1
56,25,1326,73,17,47,1,2,-1,-1
56,34,1443,192,175,79,1,4,-1,-1
56,53,1023,592,272,264,1,4,-1,-1
56,54,581,355,226,97,1,4,-1,-1
56,86,1629,885,149,81,1,3,-1,-1
56,87,1275,58,23,44,1,1,-1,-1
56,88,1095,361,167,116,1,7,-1,-1
56,142,181,78,23,48,1,2,-1,-1
56,143,136,82,24,51,1,2,-1,-1
56,144,160,72,22,45,1,2,-1,-1
57,25,1329,76,17,47,1,2,-1,-1
57,34,1434,197,179,79,1,4,-1,-1
57,54,583,363,228,99,1,4,-1,-1
57,55,495,433,295,119,1,4,-1,-1
57,86,1657,914,152,77,1,3,-1,-1
57,87,1275,60,23,46,1,1,-1,-1
57,88,1113,368,169,118,1,7,-1,-1
57,143,129,85,23,52,1,2,-1,-1
57,144,154,75,22,45,1,2,-1,-1
58,25,1323,85,17,41,1,1,-1,-1
58,54,585,371,231,100,1,4,-1,-1
58,55,500,444,300,122,1,4,-1,-1
58,87,1275,62,23,46,1,1,-1,-1
58,88,1131,375,171,119,1,7,-1,-1
58,89,467,344,90,46,1,10,-1,-1
58,144,147,78,22,45,1,2,-1,-1
58,145,846,43,58,64,1,4,-1,-1
59,25,1320,86,17,41,1,1,-1,-1
59,54,587,379,234,102,1,4,-1,-1
59,55,505,456,306,124,1,4,-1,-1
59,56,317,178,29,70,1,1,-1,-1
59,88,1149,382,173,121,1,7,-1,-1
59,89,437,352,90,47,1,10,-1,-1
59,144,141,82,22,45,1,2,-1,-1
59,145,846,45,58,64,1,4,-1,-1
59,146,476,214,267,99,1,4,-1,-1
60,4,1598,246,199,89,1,4,-1,-1
60,54,589,387,237,103,1,4,-1,-1
60,55,506,469,307,130,1,4,-1,-1
60,56,306,182,29,70,1,1,-1,-1
60,89,407,361,90,48,1,10,-1,-1
60,144,146,92,23,48,1,2,-1,-1
60,145,846,48,58,64,1,4,-1,-1
60,146,470,252,224,85,1,4,-1,-1
60,147,782,110,23,35,1,2,-1,-1
61,4,1582,251,203,90,1,4,-1,-1
61,54,592,396,239,104,1,4,-1,-1
61,55,508,482,308,137,1,4,-1,-1
61,56,315,188,33,72,1,1,-1,-1
61,89,377,370,91,49,1,10,-1,-1
61,90,1297,86,21,49,1,1,-1,-1
61,145,814,48,70,73,1,4,-1,-1
61,146,447,258,227,88,1,4,-1,-1
61,147,777,113,23,35,1,2,-1,-1
62,4,1566,257,207,90,1,4,-1,-1
62,54,594,406,243,108,1,4,-1,-1
62,55,509,495,310,143,1,4,-1,-1
62,56,300,195,33,72,1,1,-1,-1
62,89,347,379,91,50,1,10,-1,-1
62,90,1293,88,21,51,1,1,-1,-1
62,91,1362,225,232,102,1,4,-1,-1
62,145,825,53,63,64,1,4,-1,-1
62,146,424,265,230,90,1,4,-1,-1
62,147,773,116,23,35,1,2,-1,-1
62,148,1012,259,217,87,1,4,-1,-1
63,4,1552,262,207,94,1,4,-1,-1
63,55,511,508,311,150,1,4,-1,-1
63,56,285,202,33,73,1,1,-1,-1
63,57,804,141,24,35,1,10,-1,-1
63,89,318,388,91,51,1,10,-1,-1
63,90,1290,91,21,53,1,1,-1,-1
63,91,1346,226,196,87,1,4,-1,-1
63,146,398,274,236,92,1,4,-1,-1
63,147,763,120,23,35,1,2,-1,-1
63,148,992,267,218,88,1,4,-1,-1
63,149,98,411,303,129,1,4,-1,-1
63,150,101,104,23,48,1,2,-1,-1
64,4,1539,268,207,97,1,4,-1,-1
64,56,269,208,33,73,1,1,-1,-1
64,57,794,145,24,35,1,10,-1,-1
64,90,1286,93,21,53,1,1,-1,-1
64,91,1328,230,198,89,1,4,-1,-1
64,147,754,124,23,35,1,2,-1,-1
64,148,972,274,220,91,1,4,-1,-1
64,149,89,427,306,130,1,4,-1,-1
64,150,109,101,23,47,1,2,-1,-1
65,4,1526,273,206,101,1,4,-1,-1
65,35,519,538,324,155,1,4,-1,-1
65,56,253,214,33,73,1,1,-1,-1
65,57,784,149,24,35,1,10,-1,-1
65,90,1282,96,21,53,1,1,-1,-1
65,91,1338,258,172,78,1,4,-1,-1
65,148,970,298,179,74,1,4,-1,-1
65,149,80,443,309,131,1,4,-1,-1
65,150,109,102,18,47,1,2,-1,-1
66,4,1513,279,206,104,1,4,-1,-1
66,35,524,553,329,157,1,4,-1,-1
66,57,774,154,24,35,1,10,-1,-1
66,90,1278,98,21,53,1,1,-1,-1
66,91,1293,241,203,93,1,4,-1,-1
66,92,214,218,29,75,1,1,-1,-1
66,148,968,310,176,75,1,4,-1,-1
66,149,71,459,313,133,1,4,-1,-1
66,150,101,90,22,53,1,2,-1,-1
67,4,1501,286,210,103,1,4,-1,-1
67,35,528,569,336,159,1,4,-1,-1
67,57,766,158,26,36,1,10,-1,-1
67,91,1276,247,205,95,1,4,-1,-1
67,92,224,227,33,75,1,1,-1,-1
67,149,65,470,322,138,1,4,-1,-1
67,150,99,108,22,53,1,2,-1,-1
68,4,1489,293,214,103,1,4,-1,-1
68,35,533,584,341,161,1,4,-1,-1
68,57,759,162,27,38,1,10,-1,-1
68,92,211,233,32,77,1,1,-1,-1
69,4,1478,300,217,103,1,4,-1,-1
69,35,537,599,348,164,1,4,-1,-1
69,57,752,166,28,39,1,10,-1,-1
69,92,197,239,32,79,1,1,-1,-1
69,93,1275,121,17,41,1,1,-1,-1
70,4,1466,307,221,103,1,4,-1,-1
70,35,542,615,354,166,1,4,-1,-1
70,58,1224,265,213,101,1,4,-1,-1
70,92,184,245,31,81,1,1,-1,-1
70,93,1269,126,17,41,1,1,-1,-1
71,4,1455,314,225,103,1,4,-1,-1
71,35,553,632,361,170,1,4,-1,-1
71,58,1207,271,216,103,1,4,-1,-1
71,92,171,252,31,82,1,1,-1,-1
71,93,1267,130,17,41,1,1,-1,-1
72,35,565,649,368,174,1,4,-1,-1
72,58,1190,278,219,105,1,4,-1,-1
72,59,694,180,27,47,1,10,-1,-1
72,93,1267,137,12,33,1,2,-1,-1
72,151,636,524,284,142,1,4,-1,-1
73,58,1173,285,222,107,1,4,-1,-1
73,59,686,184,27,49,1,10,-1,-1
73,93,1263,139,17,41,1,1,-1,-1
73,151,650,536,286,146,1,4,-1,-1
74,36,41,562,375,161,1,4,-1,-1
74,58,1156,293,225,108,1,4,-1,-1
74,59,679,188,27,52,1,10,-1,-1
74,93,1261,143,17,41,1,1,-1,-1
74,151,664,549,289,149,1,4,-1,-1
75,36,39,576,382,164,1,4,-1,-1
75,58,1139,300,228,111,1,4,-1,-1
75,59,676,192,28,52,1,10,-1,-1
75,94,719,175,23,35,1,2,-1,-1
75,151,678,562,292,152,1,4,-1,-1
76,36,47,591,387,170,1,4,-1,-1
76,58,1122,308,231,112,1,4,-1,-1
76,59,674,197,29,51,1,10,-1,-1
76,94,718,180,23,35,1,2,-1,-1
76,151,692,574,294,156,1,4,-1,-1
77,36,56,607,392,176,1,4,-1,-1
77,59,672,201,30,52,1,10,-1,-1
77,94,717,184,23,35,1,2,-1,-1
78,36,64,623,397,181,1,4,-1,-1
78,59,670,206,31,51,1,10,-1,-1
78,94,716,189,23,35,1,2,-1,-1
78,95,720,600,300,163,1,4,-1,-1
78,152,1255,140,23,53,1,1,-1,-1
79,36,73,639,402,187,1,4,-1,-1
79,94,715,194,23,35,1,2,-1,-1
79,95,735,612,305,168,1,4,-1,-1
79,152,1257,143,23,53,1,1,-1,-1
79,153,668,779,419,194,1,4,-1,-1
80,36,82,655,406,193,1,4,-1,-1
80,94,711,198,24,35,1,2,-1,-1
80,95,750,625,310,172,1,4,-1,-1
80,152,1258,147,23,53,1,1,-1,-1
80,153,690,801,427,194,1,4,-1,-1
81,36,90,671,412,198,1,4,-1,-1
81,95,766,638,314,176,1,4,-1,-1
81,152,1260,150,23,53,1,1,-1,-1
81,153,712,822,435,196,1,4,-1,-1
82,95,781,651,319,180,1,4,-1,-1
82,152,1262,154,23,53,1,1,-1,-1
82,153,734,844,443,197,1,4,-1,-1
83,95,796,664,324,184,1,4,-1,-1
83,153,757,866,427,200,1,4,-1,-1
86,154,1682,397,216,114,1,4,-1,-1
87,154,1631,395,217,114,1,4,-1,-1
88,154,1581,394,217,113,1,4,-1,-1
89,154,1530,392,218,113,1,4,-1,-1
90,154,1480,391,218,112,1,4,-1,-1
94,26,313,159,105,77,1,4,-1,-1
95,13,1596,501,140,75,1,10,-1,-1
95,26,281,162,107,78,1,4,-1,-1
96,13,1614,474,69,92,1,2,-1,-1
96,26,249,166,109,79,1,4,-1,-1
97,13,1528,493,140,75,1,10,-1,-1
97,26,213,168,114,84,1,4,-1,-1
97,96,0,912,487,157,1,4,-1,-1
98,13,1544,467,69,92,1,2,-1,-1
98,26,177,171,119,88,1,4,-1,-1
98,96,1,912,489,156,1,4,-1,-1
99,13,1459,485,140,75,1,10,-1,-1
99,26,142,174,124,93,1,4,-1,-1
99,37,1126,413,224,115,1,4,-1,-1
99,96,2,913,492,155,1,4,-1,-1
99,97,620,71,92,55,1,4,-1,-1
100,13,1425,481,140,75,1,10,-1,-1
100,26,106,176,124,94,1,4,-1,-1
100,37,1085,415,226,116,1,4,-1,-1
100,96,3,913,495,154,1,4,-1,-1
100,97,590,66,92,54,1,4,-1,-1
101,13,1391,477,140,75,1,10,-1,-1
101,26,74,169,134,103,1,4,-1,-1
101,37,1044,417,228,118,1,4,-1,-1
101,96,4,914,497,153,1,4,-1,-1
101,97,560,72,94,55,1,4,-1,-1
102,5,1762,147,124,72,1,4,-1,-1
102,13,1415,455,70,93,1,2,-1,-1
102,26,34,181,124,95,1,4,-1,-1
102,37,1019,419,226,121,1,4,-1,-1
102,96,5,914,500,152,1,4,-1,-1
102,97,530,72,95,55,1,4,-1,-1
103,5,1757,147,123,72,1,4,-1,-1
103,6,14,324,40,71,1,2,-1,-1
103,13,1355,474,139,75,1,10,-1,-1
103,37,995,421,224,124,1,4,-1,-1
103,97,500,73,97,55,1,4,-1,-1
104,5,1752,147,122,72,1,4,-1,-1
104,6,12,323,40,71,1,2,-1,-1
104,13,1369,451,70,93,1,2,-1,-1
104,17,13,189,124,93,1,4,-1,-1
104,37,971,423,222,128,1,4,-1,-1
104,38,16,349,53,47,1,10,-1,-1
104,97,457,70,99,57,1,4,-1,-1
105,5,1748,147,121,72,1,4,-1,-1
105,6,10,322,40,71,1,2,-1,-1
105,13,1328,473,139,75,1,10,-1,-1
105,17,12,189,124,93,1,4,-1,-1
105,37,955,429,222,128,1,4,-1,-1
105,38,14,349,53,47,1,10,-1,-1
105,98,1285,87,28,48,1,1,-1,-1
106,5,1743,147,120,72,1,4,-1,-1
106,6,9,321,40,71,1,2,-1,-1
106,17,11,189,123,93,1,4,-1,-1
106,37,940,435,222,128,1,4,-1,-1
106,38,12,349,53,47,1,10,-1,-1
106,98,1285,88,28,48,1,1,-1,-1
106,155,1615,473,169,162,1,7,-1,-1
107,5,1738,147,119,72,1,4,-1,-1
107,6,7,320,40,71,1,2,-1,-1
107,17,10,189,123,93,1,4,-1,-1
107,38,10,349,53,47,1,10,-1,-1
107,60,634,176,29,61,1,1,-1,-1
107,98,1285,88,28,48,1,1,-1,-1
107,99,1311,475,139,75,1,10,-1,-1
107,155,1629,467,166,161,1,7,-1,-1
108,5,1734,147,118,73,1,4,-1,-1
108,6,6,319,40,71,1,2,-1,-1
108,17,8,189,123,93,1,4,-1,-1
108,38,8,349,53,47,1,10,-1,-1
108,60,641,187,23,65,1,1,-1,-1
108,98,1285,89,28,48,1,1,-1,-1
108,99,1303,476,139,75,1,10,-1,-1
108,155,1641,463,166,158,1,7,-1,-1
108,156,910,448,222,128,1,4,-1,-1
109,5,1733,148,118,73,1,4,-1,-1
109,6,4,318,40,71,1,2,-1,-1
109,17,7,189,123,93,1,4,-1,-1
109,38,6,349,53,47,1,10,-1,-1
109,60,640,187,23,65,1,1,-1,-1
109,98,1286,90,28,48,1,1,-1,-1
109,99,1295,477,139,75,1,10,-1,-1
109,100,790,129,29,59,1,1,-1,-1
109,155,1654,459,166,155,1,7,-1,-1
109,156,895,454,222,128,1,4,-1,-1
109,157,138,881,483,186,1,4,-1,-1
110,5,1732,150,118,73,1,4,-1,-1
110,6,3,317,40,71,1,2,-1,-1
110,17,6,189,123,93,1,4,-1,-1
110,38,5,349,53,47,1,10,-1,-1
110,60,639,187,23,65,1,1,-1,-1
110,98,1286,90,28,48,1,1,-1,-1
110,99,1286,479,138,75,1,10,-1,-1
110,100,789,130,29,59,1,1,-1,-1
110,155,1666,455,166,152,1,7,-1,-1
110,156,880,460,222,128,1,4,-1,-1
110,157,160,875,480,192,1,4,-1,-1
111,5,1731,152,118,73,1,4,-1,-1
111,6,2,317,38,71,1,2,-1,-1
111,17,5,189,122,93,1,4,-1,-1
111,38,3,349,53,47,1,10,-1,-1
111,60,638,187,23,65,1,1,-1,-1
111,99,1321,459,70,93,1,2,-1,-1
111,100,789,130,29,59,1,1,-1,-1
111,101,501,184,23,47,1,1,-1,-1
111,156,865,467,222,128,1,4,-1,-1
111,157,224,872,408,170,1,4,-1,-1
112,5,1730,154,118,72,1,4,-1,-1
112,6,2,317,36,71,1,2,-1,-1
112,17,3,189,123,93,1,4,-1,-1
112,39,1854,119,39,29,1,10,-1,-1
112,60,637,187,23,65,1,1,-1,-1
112,99,1270,483,135,75,1,10,-1,-1
112,100,789,131,29,59,1,1,-1,-1
112,101,498,185,23,47,1,1,-1,-1
112,156,847,467,229,136,1,4,-1,-1
112,157,204,864,473,204,1,4,-1,-1
113,5,1729,156,118,72,1,4,-1,-1
113,6,1,318,35,71,1,2,-1,-1
113,17,2,189,122,93,1,4,-1,-1
113,39,1852,121,39,29,1,10,-1,-1
113,60,636,187,23,65,1,1,-1,-1
113,100,788,131,29,59,1,1,-1,-1
113,101,493,186,24,49,1,1,-1,-1
113,157,226,858,470,210,1,4,-1,-1
114,6,1,318,32,71,1,2,-1,-1
114,39,1851,122,39,29,1,10,-1,-1
114,40,1254,487,131,75,1,10,-1,-1
114,100,788,132,29,59,1,1,-1,-1
114,101,488,188,25,51,1,1,-1,-1
115,39,1849,123,39,29,1,10,-1,-1
115,40,1285,469,70,93,1,2,-1,-1
115,101,483,190,26,52,1,1,-1,-1
115,158,0,352,47,47,1,10,-1,-1
116,39,1848,125,39,29,1,10,-1,-1
116,40,1237,495,130,75,1,10,-1,-1
116,101,478,191,27,55,1,1,-1,-1
116,158,0,356,42,47,1,10,-1,-1
117,39,1846,126,39,29,1,10,-1,-1
117,40,1228,500,131,76,1,10,-1,-1
117,158,0,360,37,47,1,10,-1,-1
118,39,1845,128,39,29,1,10,-1,-1
118,40,1220,506,130,75,1,10,-1,-1
118,158,0,363,32,47,1,10,-1,-1
119,39,1852,114,22,36,1,2,-1,-1
119,40,1211,511,131,76,1,10,-1,-1
119,158,0,367,27,47,1,10,-1,-1
120,40,1203,517,131,76,1,10,-1,-1
120,159,1323,86,118,58,1,4,-1,-1
121,40,1192,524,131,76,1,10,-1,-1
121,159,1335,100,114,57,1,4,-1,-1
122,27,1378,744,334,243,1,4,-1,-1
122,102,611,205,23,65,1,1,-1,-1
122,159,1337,101,113,57,1,4,-1,-1
122,160,616,217,36,84,1,2,-1,-1
123,27,1405,745,331,240,1,4,-1,-1
123,102,608,208,23,65,1,1,-1,-1
123,159,1338,101,113,58,1,4,-1,-1
123,160,615,213,35,84,1,2,-1,-1
124,27,1433,747,327,237,1,4,-1,-1
124,102,605,210,23,65,1,1,-1,-1
124,103,1001,684,300,200,1,4,-1,-1
124,159,1339,101,113,59,1,4,-1,-1
124,160,615,218,33,82,1,2,-1,-1
125,27,1460,748,324,234,1,4,-1,-1
125,102,602,212,23,65,1,1,-1,-1
125,103,1016,687,300,200,1,4,-1,-1
125,160,626,211,28,69,1,2,-1,-1
125,161,1237,265,175,55,1,4,-1,-1
125,162,1841,150,40,29,1,10,-1,-1
126,27,1488,750,321,231,1,4,-1,-1
126,102,599,215,23,65,1,1,-1,-1
126,103,1031,689,300,200,1,4,-1,-1
126,160,623,214,28,70,1,2,-1,-1
126,161,1229,268,179,55,1,4,-1,-1
126,162,1843,154,39,29,1,10,-1,-1
126,163,1341,102,113,60,1,4,-1,-1
127,27,1518,751,309,232,1,4,-1,-1
127,102,596,217,23,65,1,1,-1,-1
127,103,1047,692,300,200,1,4,-1,-1
127,161,1221,272,183,55,1,4,-1,-1
127,162,1854,141,22,36,1,2,-1,-1
127,163,1343,103,112,60,1,4,-1,-1
128,18,1088,406,221,157,1,5,-1,-1
128,27,1548,752,297,233,1,4,-1,-1
128,103,1065,696,300,203,1,4,-1,-1
128,161,1213,276,187,55,1,4,-1,-1
128,162,1855,144,22,36,1,2,-1,-1
128,163,1346,105,112,61,1,4,-1,-1
129,18,1072,415,227,163,1,5,-1,-1
129,27,1579,754,285,234,1,4,-1,-1
129,103,1083,700,300,206,1,4,-1,-1
129,161,1205,276,191,59,1,4,-1,-1
129,162,1857,148,22,36,1,2,-1,-1
129,163,1349,108,112,61,1,4,-1,-1
129,164,408,222,34,74,1,1,-1,-1
129,165,599,245,22,47,1,1,-1,-1
130,18,1057,424,232,170,1,5,-1,-1
130,27,1611,784,219,189,1,4,-1,-1
130,163,1353,111,112,61,1,4,-1,-1
130,164,402,226,36,75,1,1,-1,-1
130,165,593,249,22,48,1,1,-1,-1
130,166,1131,582,67,104,1,2,-1,-1
131,18,1041,434,238,175,1,5,-1,-1
131,104,1848,170,40,29,1,10,-1,-1
131,164,396,230,37,75,1,1,-1,-1
131,165,587,254,22,48,1,1,-1,-1
131,166,1121,595,67,105,1,2,-1,-1
132,18,1026,443,243,182,1,5,-1,-1
132,104,1859,156,22,36,1,2,-1,-1
132,164,390,234,39,76,1,1,-1,-1
132,165,575,248,25,56,1,1,-1,-1
132,166,1112,609,67,106,1,2,-1,-1
132,167,467,90,97,67,1,4,-1,-1
133,18,1011,453,248,188,1,5,-1,-1
133,104,1860,159,22,36,1,2,-1,-1
133,105,1071,661,131,83,1,10,-1,-1
133,164,381,238,39,76,1,1,-1,-1
133,165,569,238,23,65,1,1,-1,-1
133,166,1103,622,67,107,1,2,-1,-1
133,167,466,91,97,67,1,4,-1,-1
134,18,992,454,276,212,1,5,-1,-1
134,104,1861,162,22,36,1,2,-1,-1
134,105,1060,675,131,85,1,10,-1,-1
134,106,1409,227,33,52,1,2,-1,-1
134,166,1094,636,67,108,1,2,-1,-1
134,167,465,92,97,67,1,4,-1,-1
135,18,969,474,262,204,1,5,-1,-1
135,104,1853,148,26,42,1,2,-1,-1
135,105,1049,688,131,88,1,10,-1,-1
135,106,1406,229,33,52,1,2,-1,-1
135,167,464,92,97,68,1,4,-1,-1
136,18,948,484,269,213,1,5,-1,-1
136,61,1158,291,197,69,1,4,-1,-1
136,104,1860,167,22,36,1,2,-1,-1
136,105,1038,702,131,90,1,10,-1,-1
136,106,1420,231,34,45,1,2,-1,-1
136,167,463,93,97,68,1,4,-1,-1
137,18,927,495,276,221,1,5,-1,-1
137,61,1152,293,197,71,1,4,-1,-1
137,105,1027,716,131,92,1,10,-1,-1
137,106,1415,235,34,46,1,2,-1,-1
137,168,1398,237,33,52,1,2,-1,-1
138,61,1145,287,199,81,1,4,-1,-1
138,62,1371,259,79,64,1,10,-1,-1
138,105,1017,730,131,94,1,10,-1,-1
138,106,1411,240,34,46,1,2,-1,-1
138,168,1392,242,33,52,1,2,-1,-1
138,169,1858,171,22,36,1,2,-1,-1
139,61,1139,282,200,91,1,4,-1,-1
139,62,1363,263,79,64,1,10,-1,-1
139,106,1406,245,34,46,1,2,-1,-1
139,168,1386,247,33,52,1,2,-1,-1
139,169,1857,173,22,36,1,2,-1,-1
140,61,1127,297,203,79,1,4,-1,-1
140,62,1356,268,79,64,1,10,-1,-1
140,107,973,798,120,82,1,10,-1,-1
140,168,1381,253,33,52,1,2,-1,-1
140,169,1855,175,23,36,1,2,-1,-1
141,61,1115,299,207,82,1,4,-1,-1
141,62,1349,273,79,64,1,10,-1,-1
141,63,758,175,29,71,1,1,-1,-1
141,107,966,788,139,92,1,10,-1,-1
141,168,1376,256,33,52,1,2,-1,-1
141,169,1854,177,23,36,1,2,-1,-1
142,61,1104,301,210,85,1,4,-1,-1
142,62,1342,278,79,64,1,10,-1,-1
142,63,754,179,29,71,1,1,-1,-1
142,107,949,807,142,92,1,10,-1,-1
142,169,1853,179,23,36,1,2,-1,-1
142,170,507,280,23,65,1,1,-1,-1
143,41,779,588,311,259,1,5,-1,-1
143,62,1338,282,79,64,1,10,-1,-1
143,63,752,181,27,71,1,1,-1,-1
143,107,932,826,145,92,1,10,-1,-1
143,170,497,286,23,65,1,1,-1,-1
144,41,754,605,321,268,1,5,-1,-1
144,62,1334,287,79,64,1,10,-1,-1
144,63,751,184,25,70,1,1,-1,-1
144,107,959,812,66,113,1,2,-1,-1
144,108,428,108,97,69,1,4,-1,-1
144,170,489,291,23,66,1,1,-1,-1
144,171,1839,209,40,29,1,10,-1,-1
145,41,728,622,332,276,1,5,-1,-1
145,63,750,186,22,70,1,1,-1,-1
145,107,943,832,65,114,1,2,-1,-1
145,108,425,110,97,69,1,4,-1,-1
145,170,489,318,22,61,1,1,-1,-1
145,171,1851,194,23,36,1,2,-1,-1
146,41,703,639,342,285,1,5,-1,-1
146,63,749,189,20,70,1,1,-1,-1
146,108,422,112,97,70,1,4,-1,-1
146,170,482,326,22,61,1,1,-1,-1
146,171,1851,200,23,36,1,2,-1,-1
146,172,474,301,23,68,1,1,-1,-1
147,41,667,669,351,291,1,5,-1,-1
147,63,748,192,29,71,1,1,-1,-1
147,108,419,114,97,70,1,4,-1,-1
147,171,1851,206,23,36,1,2,-1,-1
147,172,467,306,22,69,1,1,-1,-1
148,41,632,699,359,297,1,5,-1,-1
148,64,1701,256,148,97,1,4,-1,-1
148,108,416,117,97,70,1,4,-1,-1
148,171,1851,213,23,36,1,2,-1,-1
148,172,459,311,22,70,1,1,-1,-1
148,173,1506,469,274,199,1,4,-1,-1
149,41,597,729,367,303,1,5,-1,-1
149,64,1689,259,147,99,1,4,-1,-1
149,108,398,119,98,70,1,4,-1,-1
149,172,452,317,22,70,1,1,-1,-1
149,173,1507,494,226,168,1,4,-1,-1
150,41,562,760,376,309,1,5,-1,-1
150,64,1677,262,147,101,1,4,-1,-1
150,172,445,329,36,78,1,2,-1,-1
150,173,1492,502,229,173,1,4,-1,-1
150,174,1480,793,307,245,1,4,-1,-1
151,64,1665,265,147,103,1,4,-1,-1
151,173,1477,510,232,178,1,4,-1,-1
151,174,1496,777,280,223,1,4,-1,-1
152,64,1653,268,146,105,1,4,-1,-1
152,65,946,331,236,103,1,4,-1,-1
152,173,1462,518,234,183,1,4,-1,-1
152,174,1502,794,307,245,1,4,-1,-1
153,64,1641,271,146,107,1,4,-1,-1
153,65,921,335,236,103,1,4,-1,-1
153,174,1513,795,307,245,1,4,-1,-1
154,28,1224,332,89,64,1,10,-1,-1
154,64,1629,274,146,109,1,4,-1,-1
154,65,908,339,236,104,1,4,-1,-1
154,174,1525,796,307,245,1,4,-1,-1
155,28,1209,336,90,64,1,10,-1,-1
155,65,896,343,235,105,1,4,-1,-1
155,175,1237,321,31,61,1,2,-1,-1
156,28,1193,340,92,64,1,10,-1,-1
156,65,884,348,234,106,1,4,-1,-1
156,175,1223,326,31,61,1,2,-1,-1
157,28,1178,345,94,64,1,10,-1,-1
157,65,873,352,238,106,1,4,-1,-1
157,175,1235,320,33,55,1,2,-1,-1
158,28,1170,350,94,64,1,10,-1,-1
158,65,862,356,242,106,1,4,-1,-1
158,66,315,390,35,82,1,2,-1,-1
158,109,1855,222,25,35,1,2,-1,-1
158,175,1229,323,33,55,1,2,-1,-1
158,176,213,42,29,48,1,1,-1,-1
159,28,1162,355,94,64,1,10,-1,-1
159,66,303,395,34,82,1,2,-1,-1
159,109,1854,226,25,35,1,2,-1,-1
159,110,1340,199,124,82,1,4,-1,-1
159,175,1224,326,33,55,1,2,-1,-1
159,176,211,44,29,48,1,1,-1,-1
159,177,376,90,22,49,1,1,-1,-1
160,28,1154,361,94,64,1,10,-1,-1
160,66,292,400,33,82,1,2,-1,-1
160,109,1854,229,25,35,1,2,-1,-1
160,110,1342,202,124,82,1,4,-1,-1
160,176,209,46,29,48,1,1,-1,-1
160,177,375,92,22,49,1,1,-1,-1
160,178,1841,253,41,23,1,10,-1,-1
161,28,1144,366,97,63,1,10,-1,-1
161,66,280,405,33,83,1,2,-1,-1
161,109,1854,232,25,35,1,2,-1,-1
161,110,1344,205,124,82,1,4,-1,-1
161,111,1207,333,33,55,1,2,-1,-1
161,176,208,48,29,48,1,1,-1,-1
161,177,371,93,22,49,1,1,-1,-1
161,178,1840,257,41,23,1,10,-1,-1
162,28,1135,372,99,62,1,10,-1,-1
162,66,269,410,32,83,1,2,-1,-1
162,109,1854,235,25,35,1,2,-1,-1
162,110,1345,207,124,82,1,4,-1,-1
162,111,1195,337,33,55,1,2,-1,-1
162,176,206,50,29,48,1,1,-1,-1
162,177,367,95,22,49,1,1,-1,-1
162,178,1839,261,41,23,1,10,-1,-1
163,66,257,415,32,83,1,2,-1,-1
163,109,1854,238,25,35,1,2,-1,-1
163,110,1347,210,124,82,1,4,-1,-1
163,111,1183,341,33,55,1,2,-1,-1
163,112,631,237,34,76,1,1,-1,-1
163,113,1122,339,40,70,1,1,-1,-1
163,177,364,96,22,49,1,1,-1,-1
163,178,1838,265,41,23,1,10,-1,-1
164,66,246,421,31,83,1,2,-1,-1
164,67,247,155,111,72,1,4,-1,-1
164,110,1349,213,124,82,1,4,-1,-1
164,111,1171,345,33,55,1,2,-1,-1
164,112,628,239,34,76,1,1,-1,-1
164,113,1120,340,40,71,1,1,-1,-1
164,178,1837,269,41,23,1,10,-1,-1
164,179,1301,178,134,66,1,4,-1,-1
165,67,232,156,111,73,1,4,-1,-1
165,111,1159,349,33,55,1,2,-1,-1
165,112,625,242,34,76,1,1,-1,-1
165,113,1119,342,40,71,1,1,-1,-1
165,179,1303,181,134,66,1,4,-1,-1
165,180,836,346,35,61,1,2,-1,-1
166,67,217,158,110,74,1,4,-1,-1
166,111,1147,353,33,55,1,2,-1,-1
166,112,611,244,34,76,1,1,-1,-1
166,113,1108,342,40,71,1,1,-1,-1
166,179,1288,179,134,66,1,4,-1,-1
166,180,821,346,35,61,1,2,-1,-1
167,67,202,159,110,76,1,4,-1,-1
167,112,597,246,34,76,1,1,-1,-1
167,113,1097,342,40,71,1,1,-1,-1
167,179,1274,178,134,66,1,4,-1,-1
167,180,812,346,41,52,1,1,-1,-1
168,7,714,379,255,115,1,4,-1,-1
168,67,187,161,110,76,1,4,-1,-1
168,112,583,249,34,76,1,1,-1,-1
168,113,1086,342,40,71,1,1,-1,-1
168,179,1260,176,134,66,1,4,-1,-1
168,180,799,347,41,52,1,1,-1,-1
169,7,690,382,255,115,1,4,-1,-1
169,67,172,162,109,78,1,4,-1,-1
169,180,787,348,41,52,1,1,-1,-1
170,7,667,386,255,115,1,4,-1,-1
170,8,763,350,35,61,1,2,-1,-1
170,67,157,164,109,78,1,4,-1,-1
171,7,647,385,258,115,1,4,-1,-1
171,8,750,351,35,61,1,2,-1,-1
171,114,964,393,118,59,1,10,-1,-1
172,7,628,385,261,114,1,4,-1,-1
172,8,737,353,35,60,1,2,-1,-1
172,68,52,474,23,64,1,1,-1,-1
172,114,941,396,122,58,1,10,-1,-1
173,7,609,385,263,113,1,4,-1,-1
173,8,736,352,35,60,1,2,-1,-1
173,68,44,478,23,64,1,1,-1,-1
173,114,928,398,122,58,1,10,-1,-1
174,7,590,385,266,113,1,4,-1,-1
174,8,735,352,35,60,1,2,-1,-1
174,68,36,482,23,64,1,1,-1,-1
174,114,898,391,121,57,1,10,-1,-1
174,115,1519,525,202,171,1,4,-1,-1
175,7,582,385,266,113,1,4,-1,-1
175,8,745,347,41,52,1,1,-1,-1
175,68,28,486,23,64,1,1,-1,-1
175,114,903,402,122,58,1,10,-1,-1
175,115,1514,529,203,173,1,4,-1,-1
175,116,1695,272,41,23,1,10,-1,-1
175,181,715,348,28,47,1,2,-1,-1
176,7,548,364,313,133,1,4,-1,-1
176,8,744,347,41,52,1,1,-1,-1
176,68,18,464,28,70,1,1,-1,-1
176,114,891,405,122,58,1,10,-1,-1
176,115,1509,533,203,175,1,4,-1,-1
176,116,1694,275,41,23,1,10,-1,-1
176,117,964,369,33,55,1,2,-1,-1
176,181,714,348,28,47,1,2,-1,-1
177,7,566,385,266,114,1,4,-1,-1
177,8,743,347,41,52,1,1,-1,-1
177,68,6,467,28,70,1,1,-1,-1
177,115,1505,537,202,178,1,4,-1,-1
177,116,1693,278,41,23,1,10,-1,-1
177,117,957,369,33,56,1,2,-1,-1
177,181,714,348,28,47,1,2,-1,-1
178,7,558,385,266,114,1,4,-1,-1
178,8,731,353,35,59,1,2,-1,-1
178,68,3,467,24,70,1,1,-1,-1
178,115,1501,542,202,180,1,4,-1,-1
178,116,1692,281,41,23,1,10,-1,-1
178,117,950,370,33,56,1,2,-1,-1
178,181,714,348,28,47,1,2,-1,-1
179,7,550,385,266,115,1,4,-1,-1
179,8,741,347,41,52,1,1,-1,-1
179,115,1497,546,201,182,1,4,-1,-1
179,116,1691,284,41,23,1,10,-1,-1
179,117,943,370,33,56,1,2,-1,-1
179,181,714,348,28,47,1,2,-1,-1
180,8,729,353,35,59,1,2,-1,-1
180,116,1689,286,41,23,1,10,-1,-1
180,117,936,370,33,57,1,2,-1,-1
181,8,739,347,41,52,1,1,-1,-1
181,117,929,371,33,57,1,2,-1,-1
