1,1,712,476,53,118,1,1,-1,-1
1,3,177,650,75,112,1,2,-1,-1
1,5,903,204,149,75,1,4,-1,-1
1,13,1007,416,48,73,1,2,-1,-1
1,16,635,165,159,69,1,4,-1,-1
1,20,847,22,23,34,1,2,-1,-1
1,42,1656,137,129,57,1,4,-1,-1
1,89,1358,12,17,41,1,1,-1,-1
1,105,49,183,198,87,1,4,-1,-1
1,106,1218,462,95,66,1,3,-1,-1
1,134,983,437,106,67,1,3,-1,-1
1,160,1522,391,51,89,1,1,-1,-1
1,198,877,27,23,35,1,2,-1,-1
1,270,358,21,23,48,1,2,-1,-1
1,341,122,234,212,76,1,4,-1,-1
2,1,718,474,53,118,1,1,-1,-1
2,3,177,647,76,110,1,2,-1,-1
2,5,902,200,169,85,1,4,-1,-1
2,13,1014,414,48,73,1,2,-1,-1
2,16,626,163,160,69,1,4,-1,-1
2,20,848,22,23,34,1,2,-1,-1
2,42,1648,137,129,58,1,4,-1,-1
2,89,1358,11,17,41,1,1,-1,-1
2,105,56,182,198,87,1,4,-1,-1
2,106,1226,460,95,66,1,3,-1,-1
2,134,989,436,106,67,1,3,-1,-1
2,160,1525,389,51,89,1,1,-1,-1
2,198,878,27,23,35,1,2,-1,-1
2,270,358,20,23,48,1,2,-1,-1
2,341,131,233,212,76,1,4,-1,-1
3,1,724,473,53,118,1,1,-1,-1
3,3,183,664,63,109,1,10,-1,-1
3,5,895,198,169,85,1,4,-1,-1
3,13,1022,413,48,73,1,2,-1,-1
3,16,618,162,160,69,1,4,-1,-1
3,20,849,23,23,34,1,2,-1,-1
3,42,1641,138,129,59,1,4,-1,-1
3,89,1359,10,17,41,1,1,-1,-1
3,105,63,181,198,87,1,4,-1,-1
3,106,1235,458,95,66,1,3,-1,-1
3,134,996,436,106,67,1,3,-1,-1
3,135,374,13,23,47,1,2,-1,-1
3,136,402,13,22,51,1,2,-1,-1
3,160,1528,388,51,89,1,1,-1,-1
3,198,879,40,25,36,1,10,-1,-1
3,270,358,19,23,48,1,2,-1,-1
3,341,141,232,212,76,1,4,-1,-1
4,1,709,475,50,116,1,1,-1,-1
4,3,178,641,78,107,1,2,-1,-1
4,5,888,196,169,85,1,4,-1,-1
4,13,1029,411,48,73,1,2,-1,-1
4,16,610,160,160,69,1,4,-1,-1
4,17,326,26,24,46,1,2,-1,-1
4,20,850,24,23,34,1,2,-1,-1
4,33,1334,183,157,81,1,4,-1,-1
4,42,1634,139,129,59,1,4,-1,-1
4,57,1187,303,59,55,1,10,-1,-1
4,89,1359,5,18,41,1,1,-1,-1
4,105,70,180,198,87,1,4,-1,-1
4,106,1243,456,95,66,1,3,-1,-1
4,134,1003,435,106,67,1,3,-1,-1
4,135,374,13,23,47,1,2,-1,-1
4,136,403,12,22,52,1,2,-1,-1
4,160,1532,387,51,89,1,1,-1,-1
4,161,730,472,53,118,1,1,-1,-1
4,198,880,28,23,35,1,2,-1,-1
4,270,359,18,23,48,1,2,-1,-1
4,271,505,78,25,54,1,1,-1,-1
4,341,151,231,212,76,1,4,-1,-1
5,1,715,474,50,116,1,1,-1,-1
5,3,178,639,79,105,1,2,-1,-1
5,5,880,193,170,85,1,4,-1,-1
5,13,1037,410,48,73,1,2,-1,-1
5,16,602,159,160,69,1,4,-1,-1
5,17,327,25,24,46,1,2,-1,-1
5,20,851,25,23,34,1,2,-1,-1
5,33,1328,185,157,81,1,4,-1,-1
5,42,1627,140,128,60,1,4,-1,-1
5,57,1175,298,59,53,1,10,-1,-1
5,89,1358,5,18,41,1,1,-1,-1
5,105,77,180,198,87,1,4,-1,-1
5,106,1252,454,95,66,1,3,-1,-1
5,134,1010,435,106,67,1,3,-1,-1
5,135,375,12,23,47,1,2,-1,-1
5,136,403,12,22,51,1,2,-1,-1
5,160,1535,386,51,89,1,1,-1,-1
5,161,736,471,53,118,1,1,-1,-1
5,198,881,29,23,35,1,2,-1,-1
5,199,1212,114,154,58,1,4,-1,-1
5,200,1601,628,298,236,1,4,-1,-1
5,270,359,18,23,48,1,2,-1,-1
5,271,506,78,25,54,1,1,-1,-1
5,272,278,130,164,61,1,4,-1,-1
6,1,722,473,49,115,1,1,-1,-1
6,3,179,636,79,104,1,2,-1,-1
6,5,873,191,169,85,1,4,-1,-1
6,13,1044,409,48,73,1,2,-1,-1
6,16,594,157,160,70,1,4,-1,-1
6,17,328,25,24,46,1,2,-1,-1
6,20,852,26,23,34,1,2,-1,-1
6,33,1322,187,157,81,1,4,-1,-1
6,42,1619,141,129,60,1,4,-1,-1
6,57,1163,292,58,52,1,10,-1,-1
6,89,1356,4,18,41,1,1,-1,-1
6,90,393,13,17,43,1,2,-1,-1
6,105,84,179,198,87,1,4,-1,-1
6,106,1261,452,94,66,1,3,-1,-1
6,134,1017,434,106,67,1,3,-1,-1
6,135,376,12,23,47,1,2,-1,-1
6,136,404,11,22,52,1,2,-1,-1
6,160,1550,415,43,76,1,1,-1,-1
6,161,742,470,53,118,1,1,-1,-1
6,162,171,230,212,76,1,4,-1,-1
6,163,1278,14,17,40,1,1,-1,-1
6,198,882,29,23,35,1,2,-1,-1
6,199,1202,114,154,58,1,4,-1,-1
6,200,1601,627,299,236,1,4,-1,-1
6,201,392,189,169,72,1,4,-1,-1
6,202,1262,8,17,41,1,1,-1,-1
6,203,1618,396,55,94,1,1,-1,-1
6,271,507,78,25,54,1,1,-1,-1
6,272,265,129,164,62,1,4,-1,-1
6,273,182,680,52,67,1,2,-1,-1
7,1,728,471,50,116,1,1,-1,-1
7,3,179,633,81,102,1,2,-1,-1
7,5,866,189,169,85,1,4,-1,-1
7,13,1052,407,48,73,1,2,-1,-1
7,16,585,156,161,69,1,4,-1,-1
7,17,328,24,24,46,1,2,-1,-1
7,20,846,40,34,34,1,10,-1,-1
7,33,1316,194,183,94,1,4,-1,-1
7,42,1612,142,129,61,1,4,-1,-1
7,57,1151,287,58,50,1,10,-1,-1
7,89,1355,4,18,41,1,1,-1,-1
7,90,393,12,17,43,1,2,-1,-1
7,105,92,178,197,87,1,4,-1,-1
7,106,1269,450,95,66,1,3,-1,-1
7,134,1024,434,106,67,1,3,-1,-1
7,135,376,11,23,47,1,2,-1,-1
7,136,404,10,22,52,1,2,-1,-1
7,160,1542,384,51,89,1,1,-1,-1
7,161,748,469,53,118,1,1,-1,-1
7,162,181,229,212,76,1,4,-1,-1
7,163,1279,14,17,40,1,1,-1,-1
7,199,1191,114,154,58,1,4,-1,-1
7,200,1602,627,298,236,1,4,-1,-1
7,201,399,188,169,72,1,4,-1,-1
7,202,1262,8,18,41,1,1,-1,-1
7,203,1619,395,58,94,1,1,-1,-1
7,271,507,78,25,54,1,1,-1,-1
7,272,252,128,164,63,1,4,-1,-1
7,273,183,677,52,67,1,2,-1,-1
8,1,735,470,49,116,1,1,-1,-1
8,2,884,30,23,35,1,2,-1,-1
8,3,180,630,81,101,1,2,-1,-1
8,5,858,186,170,85,1,4,-1,-1
8,13,1059,406,48,73,1,2,-1,-1
8,16,577,154,161,70,1,4,-1,-1
8,17,329,24,24,46,1,2,-1,-1
8,20,846,40,34,34,1,10,-1,-1
8,33,1309,190,157,81,1,4,-1,-1
8,42,1605,143,128,61,1,4,-1,-1
8,57,1139,281,58,49,1,10,-1,-1
8,89,1354,4,18,41,1,1,-1,-1
8,90,393,12,17,43,1,2,-1,-1
8,105,99,177,197,87,1,4,-1,-1
8,106,1278,448,94,66,1,3,-1,-1
8,134,1031,433,106,67,1,3,-1,-1
8,135,377,11,23,47,1,2,-1,-1
8,136,405,9,22,53,1,2,-1,-1
8,161,754,468,53,118,1,1,-1,-1
8,162,190,229,212,76,1,4,-1,-1
8,163,1280,14,17,40,1,1,-1,-1
8,199,1180,114,154,58,1,4,-1,-1
8,200,1603,626,297,236,1,4,-1,-1
8,201,405,188,169,72,1,4,-1,-1
8,202,1263,8,18,41,1,1,-1,-1
8,203,1623,394,58,94,1,1,-1,-1
8,271,508,78,25,54,1,1,-1,-1
8,272,239,128,164,62,1,4,-1,-1
8,273,184,674,52,67,1,2,-1,-1
9,1,741,469,50,116,1,1,-1,-1
9,2,885,41,25,35,1,10,-1,-1
9,3,193,646,63,109,1,10,-1,-1
9,5,851,184,170,85,1,4,-1,-1
9,13,1067,404,48,73,1,2,-1,-1
9,16,569,153,161,69,1,4,-1,-1
9,17,330,23,24,46,1,2,-1,-1
9,20,855,28,23,34,1,2,-1,-1
9,33,1302,192,157,81,1,4,-1,-1
9,42,1598,144,128,62,1,4,-1,-1
9,57,1127,276,58,48,1,10,-1,-1
9,89,1353,4,18,41,1,1,-1,-1
9,90,394,11,17,43,1,2,-1,-1
9,105,106,177,197,87,1,4,-1,-1
9,106,1286,446,95,66,1,3,-1,-1
9,135,378,10,23,47,1,2,-1,-1
9,136,405,9,22,52,1,2,-1,-1
9,161,760,467,53,118,1,1,-1,-1
9,162,200,228,212,76,1,4,-1,-1
9,163,1281,14,17,40,1,1,-1,-1
9,199,1169,114,154,58,1,4,-1,-1
9,200,1604,625,297,236,1,4,-1,-1
9,201,411,187,169,72,1,4,-1,-1
9,202,1264,8,19,41,1,1,-1,-1
9,203,1628,393,58,94,1,1,-1,-1
9,204,1549,382,51,88,1,1,-1,-1
9,272,226,127,164,63,1,4,-1,-1
9,273,186,670,52,67,1,2,-1,-1
10,1,747,468,50,115,1,1,-1,-1
10,2,886,31,23,35,1,2,-1,-1
10,3,181,625,83,97,1,2,-1,-1
10,5,844,182,170,85,1,4,-1,-1
10,13,1074,403,48,73,1,2,-1,-1
10,16,561,151,161,70,1,4,-1,-1
10,17,330,23,24,46,1,2,-1,-1
10,20,856,29,23,34,1,2,-1,-1
10,33,1296,194,157,81,1,4,-1,-1
10,42,1591,145,128,63,1,4,-1,-1
10,57,1118,270,58,48,1,10,-1,-1
10,89,1351,3,18,41,1,1,-1,-1
10,90,394,11,17,43,1,2,-1,-1
10,91,362,14,23,48,1,2,-1,-1
10,107,908,1,49,48,1,4,-1,-1
10,135,378,10,23,47,1,2,-1,-1
10,136,406,8,22,53,1,2,-1,-1
10,161,766,466,53,118,1,1,-1,-1
10,162,210,227,212,76,1,4,-1,-1
10,163,1281,13,17,40,1,1,-1,-1
10,199,1158,114,154,58,1,4,-1,-1
10,200,1604,624,297,236,1,4,-1,-1
10,201,417,186,169,72,1,4,-1,-1
10,202,1264,7,19,41,1,1,-1,-1
10,203,1633,392,58,94,1,1,-1,-1
10,204,1552,381,51,88,1,1,-1,-1
10,273,187,667,52,67,1,2,-1,-1
11,1,772,465,53,118,1,1,-1,-1
11,2,887,32,23,35,1,2,-1,-1
11,3,181,622,84,96,1,2,-1,-1
11,5,836,178,170,85,1,4,-1,-1
11,13,1082,402,48,73,1,2,-1,-1
11,16,553,150,161,70,1,4,-1,-1
11,17,331,22,24,46,1,2,-1,-1
11,20,848,41,35,34,1,10,-1,-1
11,33,1289,196,157,81,1,4,-1,-1
11,42,1584,145,127,64,1,4,-1,-1
11,57,1112,273,56,47,1,10,-1,-1
11,67,120,175,197,87,1,4,-1,-1
11,90,394,10,17,43,1,2,-1,-1
11,91,362,13,23,48,1,2,-1,-1
11,107,909,1,49,48,1,4,-1,-1
11,162,220,227,212,76,1,4,-1,-1
11,163,1282,13,17,40,1,1,-1,-1
11,201,423,186,169,72,1,4,-1,-1
11,202,1265,7,19,41,1,1,-1,-1
11,203,1638,391,58,94,1,1,-1,-1
11,204,1556,380,51,88,1,1,-1,-1
11,205,1326,414,58,91,1,2,-1,-1
12,1,760,465,50,116,1,1,-1,-1
12,2,887,32,23,35,1,2,-1,-1
12,3,182,620,85,94,1,2,-1,-1
12,5,829,175,169,85,1,4,-1,-1
12,10,511,76,25,54,1,1,-1,-1
12,13,1090,402,48,74,1,2,-1,-1
12,16,542,149,162,70,1,4,-1,-1
12,17,332,22,24,46,1,2,-1,-1
12,20,849,41,35,34,1,10,-1,-1
12,21,522,72,27,58,1,1,-1,-1
12,25,1606,622,296,236,1,4,-1,-1
12,33,1283,198,157,81,1,4,-1,-1
12,42,1577,146,127,65,1,4,-1,-1
12,57,1100,260,58,48,1,10,-1,-1
12,67,128,175,197,87,1,4,-1,-1
12,90,395,10,17,43,1,2,-1,-1
12,91,363,13,23,48,1,2,-1,-1
12,107,909,1,49,48,1,4,-1,-1
12,137,190,661,52,67,1,2,-1,-1
12,162,230,226,212,76,1,4,-1,-1
12,163,1283,13,17,40,1,1,-1,-1
12,164,407,7,22,53,1,2,-1,-1
12,204,1559,379,51,88,1,1,-1,-1
12,205,1334,412,56,91,1,2,-1,-1
12,274,380,9,23,47,1,2,-1,-1
13,1,783,452,49,109,1,1,-1,-1
13,2,888,32,23,35,1,2,-1,-1
13,3,198,634,63,110,1,10,-1,-1
13,5,822,172,168,84,1,4,-1,-1
13,10,511,74,25,54,1,1,-1,-1
13,13,1098,403,48,75,1,2,-1,-1
13,16,532,148,163,70,1,4,-1,-1
13,17,331,21,25,46,1,2,-1,-1
13,20,850,42,35,34,1,10,-1,-1
13,21,522,72,27,58,1,1,-1,-1
13,25,1607,622,296,236,1,4,-1,-1
13,33,1278,198,157,83,1,4,-1,-1
13,42,1570,147,126,66,1,4,-1,-1
13,57,1092,255,58,48,1,10,-1,-1
13,67,134,175,197,87,1,4,-1,-1
13,90,395,9,17,44,1,2,-1,-1
13,91,354,1,24,50,1,2,-1,-1
13,107,909,1,49,48,1,4,-1,-1
13,137,192,656,52,67,1,2,-1,-1
13,138,1126,112,154,58,1,4,-1,-1
13,164,406,7,22,53,1,2,-1,-1
13,204,1563,378,51,88,1,1,-1,-1
13,205,1343,411,53,91,1,2,-1,-1
13,206,436,185,169,72,1,4,-1,-1
13,207,1320,441,94,66,1,3,-1,-1
13,274,379,9,23,47,1,2,-1,-1
14,1,773,463,49,115,1,1,-1,-1
14,2,889,32,23,35,1,2,-1,-1
14,3,181,613,84,94,1,2,-1,-1
14,5,809,140,201,101,1,4,-1,-1
14,10,512,73,25,54,1,1,-1,-1
14,13,1106,404,48,76,1,2,-1,-1
14,16,522,147,164,70,1,4,-1,-1
14,17,331,21,25,46,1,2,-1,-1
14,20,860,29,23,34,1,2,-1,-1
14,21,523,71,27,59,1,1,-1,-1
14,25,1609,624,294,236,1,4,-1,-1
14,33,1273,199,158,84,1,4,-1,-1
14,57,1080,250,58,48,1,10,-1,-1
14,67,140,175,197,87,1,4,-1,-1
14,90,395,9,17,44,1,2,-1,-1
14,91,347,10,22,45,1,2,-1,-1
14,107,910,1,49,48,1,4,-1,-1
14,108,790,462,53,118,1,1,-1,-1
14,137,194,651,52,67,1,2,-1,-1
14,138,1115,110,154,58,1,4,-1,-1
14,164,406,7,22,53,1,2,-1,-1
14,165,1296,6,18,45,1,2,-1,-1
14,166,1525,105,147,56,1,4,-1,-1
14,204,1566,377,51,88,1,1,-1,-1
14,205,1351,409,51,91,1,2,-1,-1
14,206,442,184,169,72,1,4,-1,-1
14,207,1328,440,94,66,1,3,-1,-1
14,274,379,9,23,47,1,2,-1,-1
15,1,780,462,49,115,1,1,-1,-1
15,2,890,32,23,35,1,2,-1,-1
15,3,181,610,84,94,1,2,-1,-1
15,5,808,166,167,84,1,4,-1,-1
15,10,512,71,25,54,1,1,-1,-1
15,13,1114,405,48,76,1,2,-1,-1
15,16,512,146,165,70,1,4,-1,-1
15,17,331,21,25,46,1,2,-1,-1
15,20,853,42,35,34,1,10,-1,-1
15,21,523,71,27,58,1,1,-1,-1
15,25,1611,627,292,236,1,4,-1,-1
15,33,1269,200,157,85,1,4,-1,-1
15,43,1658,388,58,94,1,1,-1,-1
15,57,1069,245,58,48,1,10,-1,-1
15,67,146,175,197,87,1,4,-1,-1
15,90,395,9,17,44,1,2,-1,-1
15,91,347,10,23,45,1,2,-1,-1
15,107,910,1,49,48,1,4,-1,-1
15,108,796,461,53,118,1,1,-1,-1
15,137,196,646,52,67,1,2,-1,-1
15,138,1104,109,154,58,1,4,-1,-1
15,164,406,7,22,53,1,2,-1,-1
15,165,1297,5,18,45,1,2,-1,-1
15,166,1517,105,147,57,1,4,-1,-1
15,205,1360,408,49,91,1,2,-1,-1
15,206,448,184,169,72,1,4,-1,-1
15,207,1336,439,94,66,1,3,-1,-1
15,274,379,9,23,47,1,2,-1,-1
15,275,1370,4,17,41,1,1,-1,-1
16,1,786,461,49,115,1,1,-1,-1
16,2,891,42,25,35,1,10,-1,-1
16,3,181,607,83,94,1,2,-1,-1
16,5,801,164,167,84,1,4,-1,-1
16,10,513,70,25,54,1,1,-1,-1
16,13,1122,406,48,77,1,2,-1,-1
16,15,1061,224,45,61,1,2,-1,-1
16,16,502,145,166,70,1,4,-1,-1
16,17,331,20,26,47,1,2,-1,-1
16,20,862,29,23,34,1,2,-1,-1
16,21,523,71,27,58,1,1,-1,-1
16,25,1613,629,290,237,1,4,-1,-1
16,33,1264,201,158,86,1,4,-1,-1
16,34,1575,377,52,89,1,1,-1,-1
16,43,1663,388,58,94,1,1,-1,-1
16,67,152,175,197,87,1,4,-1,-1
16,91,347,10,23,44,1,2,-1,-1
16,107,911,1,49,48,1,4,-1,-1
16,108,802,460,53,118,1,1,-1,-1
16,137,198,641,52,67,1,2,-1,-1
16,138,1094,109,154,58,1,4,-1,-1
16,164,406,7,22,53,1,2,-1,-1
16,165,1298,5,18,45,1,2,-1,-1
16,166,1509,105,147,57,1,4,-1,-1
16,205,1368,406,47,91,1,2,-1,-1
16,206,454,183,169,72,1,4,-1,-1
16,207,1344,438,94,66,1,3,-1,-1
16,208,363,12,23,48,1,2,-1,-1
16,209,389,-3,19,38,1,2,-1,-1
16,274,379,9,23,47,1,2,-1,-1
16,275,1371,3,17,41,1,1,-1,-1
16,276,1767,92,128,60,1,4,-1,-1
17,1,793,460,49,115,1,1,-1,-1
17,2,891,33,23,35,1,2,-1,-1
17,3,181,604,83,94,1,2,-1,-1
17,5,785,196,131,85,1,7,-1,-1
17,10,509,69,24,51,1,1,-1,-1
17,13,1131,407,47,78,1,2,-1,-1
17,15,1051,220,45,61,1,2,-1,-1
17,16,491,144,168,70,1,4,-1,-1
17,17,331,20,26,46,1,2,-1,-1
17,21,524,71,27,58,1,1,-1,-1
17,25,1616,632,287,237,1,4,-1,-1
17,33,1259,202,158,87,1,4,-1,-1
17,34,1580,378,53,90,1,1,-1,-1
17,43,1669,390,58,94,1,1,-1,-1
17,67,158,176,197,87,1,4,-1,-1
17,91,347,10,23,44,1,2,-1,-1
17,107,911,1,49,48,1,4,-1,-1
17,108,809,459,53,118,1,1,-1,-1
17,137,200,637,52,66,1,2,-1,-1
17,138,1085,110,154,58,1,4,-1,-1
17,164,406,7,22,53,1,2,-1,-1
17,165,1299,4,18,45,1,2,-1,-1
17,166,1501,105,147,57,1,4,-1,-1
17,206,461,183,169,72,1,4,-1,-1
17,207,1352,437,94,66,1,3,-1,-1
17,208,363,12,23,48,1,2,-1,-1
17,209,395,8,17,45,1,2,-1,-1
17,275,1372,3,17,41,1,1,-1,-1
17,276,1760,92,130,60,1,4,-1,-1
18,1,817,464,53,118,1,1,-1,-1
18,2,892,33,23,35,1,2,-1,-1
18,3,193,629,66,113,1,10,-1,-1
18,5,788,161,167,83,1,4,-1,-1
18,10,510,68,24,53,1,1,-1,-1
18,13,1139,408,47,79,1,2,-1,-1
18,15,1042,216,45,61,1,2,-1,-1
18,17,331,20,26,46,1,2,-1,-1
18,21,523,72,27,58,1,1,-1,-1
18,25,1618,635,285,236,1,4,-1,-1
18,34,1585,380,54,90,1,1,-1,-1
18,43,1675,393,58,94,1,1,-1,-1
18,67,164,176,197,87,1,4,-1,-1
18,68,379,9,23,47,1,2,-1,-1
18,91,348,10,23,44,1,2,-1,-1
18,107,930,-3,40,40,1,4,-1,-1
18,108,800,465,49,115,1,1,-1,-1
18,137,196,641,52,66,1,2,-1,-1
18,138,1076,110,154,58,1,4,-1,-1
18,164,406,7,22,53,1,2,-1,-1
18,165,1300,4,18,45,1,2,-1,-1
18,166,1494,105,146,58,1,4,-1,-1
18,167,1397,417,34,74,1,2,-1,-1
18,206,466,184,169,72,1,4,-1,-1
18,207,1360,437,94,66,1,3,-1,-1
18,208,363,12,23,48,1,2,-1,-1
18,209,395,8,17,45,1,2,-1,-1
18,210,863,28,23,34,1,2,-1,-1
18,275,1374,3,17,41,1,1,-1,-1
18,276,1754,93,131,60,1,4,-1,-1
19,1,826,469,53,118,1,1,-1,-1
19,2,893,33,23,35,1,2,-1,-1
19,3,175,610,83,94,1,2,-1,-1
19,5,782,160,166,82,1,4,-1,-1
19,10,511,68,24,54,1,1,-1,-1
19,13,1147,409,47,79,1,2,-1,-1
19,15,1033,212,45,61,1,2,-1,-1
19,17,330,19,27,47,1,2,-1,-1
19,21,522,73,27,58,1,1,-1,-1
19,22,471,142,170,70,1,4,-1,-1
19,25,1620,637,283,237,1,4,-1,-1
19,34,1590,381,55,91,1,1,-1,-1
19,43,1681,395,58,94,1,1,-1,-1
19,67,169,186,236,104,1,4,-1,-1
19,68,378,9,23,47,1,2,-1,-1
19,91,348,10,23,43,1,2,-1,-1
19,108,808,471,49,115,1,1,-1,-1
19,137,208,625,63,80,1,2,-1,-1
19,138,1067,111,154,58,1,4,-1,-1
19,139,1532,155,125,70,1,4,-1,-1
19,165,1301,5,18,45,1,2,-1,-1
19,166,1487,106,146,58,1,4,-1,-1
19,167,1395,407,43,91,1,2,-1,-1
19,208,363,12,23,48,1,2,-1,-1
19,209,395,8,17,45,1,2,-1,-1
19,210,864,28,23,34,1,2,-1,-1
19,211,309,224,212,76,1,4,-1,-1
19,275,1376,4,17,41,1,1,-1,-1
19,276,1748,94,133,60,1,4,-1,-1
20,1,835,474,53,118,1,1,-1,-1
20,2,893,43,25,35,1,10,-1,-1
20,3,172,614,83,94,1,2,-1,-1
20,5,776,159,166,81,1,4,-1,-1
20,10,512,68,25,55,1,1,-1,-1
20,13,1155,410,47,80,1,2,-1,-1
20,15,1024,209,45,61,1,2,-1,-1
20,17,336,19,35,58,1,2,-1,-1
20,21,521,74,27,58,1,1,-1,-1
20,22,461,141,171,70,1,4,-1,-1
20,25,1622,640,281,237,1,4,-1,-1
20,34,1595,383,57,91,1,1,-1,-1
20,43,1687,398,58,94,1,1,-1,-1
20,58,859,45,34,34,1,10,-1,-1
20,67,176,176,197,87,1,4,-1,-1
20,68,378,9,23,47,1,2,-1,-1
20,108,816,477,49,114,1,1,-1,-1
20,138,1055,112,155,58,1,4,-1,-1
20,139,1529,158,125,70,1,4,-1,-1
20,165,1303,6,18,45,1,2,-1,-1
20,166,1480,107,146,58,1,4,-1,-1
20,167,1405,410,44,91,1,2,-1,-1
20,208,363,12,23,48,1,2,-1,-1
20,209,395,8,17,45,1,2,-1,-1
20,210,865,28,23,34,1,2,-1,-1
20,211,317,226,212,76,1,4,-1,-1
20,276,1742,95,134,59,1,4,-1,-1
20,277,405,7,22,53,1,2,-1,-1
21,1,844,479,53,118,1,1,-1,-1
21,2,895,34,23,35,1,2,-1,-1
21,3,169,617,83,94,1,2,-1,-1
21,5,769,160,166,81,1,4,-1,-1
21,10,510,69,25,55,1,1,-1,-1
21,15,1015,208,45,60,1,2,-1,-1
21,21,521,75,27,58,1,1,-1,-1
21,22,451,140,172,70,1,4,-1,-1
21,25,1625,643,278,237,1,4,-1,-1
21,34,1600,384,58,92,1,1,-1,-1
21,43,1693,400,58,94,1,1,-1,-1
21,58,859,46,34,34,1,10,-1,-1
21,67,182,177,197,87,1,4,-1,-1
21,68,378,9,23,47,1,2,-1,-1
21,108,824,482,49,115,1,1,-1,-1
21,139,1527,161,125,70,1,4,-1,-1
21,167,1414,413,46,91,1,2,-1,-1
21,168,813,197,131,85,1,7,-1,-1
21,208,363,12,23,48,1,2,-1,-1
21,209,395,7,17,46,1,2,-1,-1
21,210,866,28,23,34,1,2,-1,-1
21,211,325,228,212,76,1,4,-1,-1
21,277,405,7,22,53,1,2,-1,-1
22,1,853,484,53,118,1,1,-1,-1
22,2,895,34,23,35,1,2,-1,-1
22,3,184,642,70,113,1,10,-1,-1
22,5,762,161,166,81,1,4,-1,-1
22,10,508,71,25,55,1,1,-1,-1
22,15,1007,207,45,60,1,2,-1,-1
22,21,520,77,27,57,1,1,-1,-1
22,22,441,140,173,70,1,4,-1,-1
22,25,1633,651,269,238,1,4,-1,-1
22,34,1605,386,59,92,1,1,-1,-1
22,43,1699,403,58,94,1,1,-1,-1
22,58,860,47,33,34,1,10,-1,-1
22,68,378,9,23,47,1,2,-1,-1
22,69,914,1,48,48,1,4,-1,-1
22,70,1306,8,18,45,1,2,-1,-1
22,108,832,488,49,114,1,1,-1,-1
22,139,1524,165,125,70,1,4,-1,-1
22,167,1424,416,47,91,1,2,-1,-1
22,168,820,197,131,85,1,7,-1,-1
22,169,1729,97,138,59,1,4,-1,-1
22,210,866,29,23,34,1,2,-1,-1
22,211,333,230,212,76,1,4,-1,-1
22,212,1467,109,146,58,1,4,-1,-1
22,277,405,7,22,53,1,2,-1,-1
22,278,895,46,25,35,1,10,-1,-1
22,279,1172,412,46,82,1,2,-1,-1
22,280,1400,451,93,66,1,3,-1,-1
23,1,862,489,53,118,1,1,-1,-1
23,2,896,35,23,35,1,2,-1,-1
23,3,160,628,83,94,1,2,-1,-1
23,5,755,162,166,81,1,4,-1,-1
23,10,506,72,25,55,1,1,-1,-1
23,15,999,206,45,60,1,2,-1,-1
23,21,519,78,27,58,1,1,-1,-1
23,22,427,141,174,70,1,4,-1,-1
23,25,1641,659,261,239,1,4,-1,-1
23,34,1610,387,60,93,1,1,-1,-1
23,43,1706,406,57,94,1,1,-1,-1
23,58,860,49,32,33,1,10,-1,-1
23,68,378,9,23,47,1,2,-1,-1
23,69,914,1,48,48,1,4,-1,-1
23,70,1308,9,18,45,1,2,-1,-1
23,92,995,227,61,46,1,10,-1,-1
23,139,1522,168,125,70,1,4,-1,-1
23,167,1433,419,49,91,1,2,-1,-1
23,168,827,198,131,85,1,7,-1,-1
23,169,1723,98,140,58,1,4,-1,-1
23,210,867,30,23,34,1,2,-1,-1
23,211,341,232,212,76,1,4,-1,-1
23,212,1460,110,146,58,1,4,-1,-1
23,277,405,7,22,53,1,2,-1,-1
23,278,896,47,25,35,1,10,-1,-1
23,279,1182,417,46,84,1,2,-1,-1
23,280,1410,455,93,66,1,3,-1,-1
24,1,871,494,53,118,1,1,-1,-1
24,2,896,36,23,35,1,2,-1,-1
24,3,154,635,83,94,1,2,-1,-1
24,5,749,163,166,81,1,4,-1,-1
24,10,505,74,25,55,1,1,-1,-1
24,15,991,205,45,60,1,2,-1,-1
24,21,519,79,27,58,1,1,-1,-1
24,22,414,142,175,70,1,4,-1,-1
24,25,1649,667,252,240,1,4,-1,-1
24,26,1010,116,159,58,1,4,-1,-1
24,34,1616,389,61,94,1,1,-1,-1
24,43,1716,411,56,95,1,1,-1,-1
24,58,861,50,31,33,1,10,-1,-1
24,68,378,10,23,47,1,2,-1,-1
24,69,915,1,48,48,1,4,-1,-1
24,70,1310,11,18,45,1,2,-1,-1
24,92,987,227,61,46,1,10,-1,-1
24,139,1519,171,125,70,1,4,-1,-1
24,140,848,499,48,114,1,1,-1,-1
24,167,1443,422,50,91,1,2,-1,-1
24,168,833,201,131,85,1,7,-1,-1
24,169,1717,99,141,58,1,4,-1,-1
24,170,499,190,168,78,1,4,-1,-1
24,211,349,234,212,76,1,4,-1,-1
24,212,1453,111,146,58,1,4,-1,-1
24,213,200,177,197,87,1,4,-1,-1
24,277,405,7,22,53,1,2,-1,-1
24,278,897,49,25,35,1,10,-1,-1
24,279,1192,422,46,86,1,2,-1,-1
24,280,1420,459,93,66,1,3,-1,-1
25,1,880,499,53,118,1,1,-1,-1
25,2,897,37,23,35,1,2,-1,-1
25,3,162,667,71,115,1,10,-1,-1
25,5,742,164,166,81,1,4,-1,-1
25,10,503,76,25,54,1,1,-1,-1
25,15,983,204,45,60,1,2,-1,-1
25,21,518,80,27,58,1,1,-1,-1
25,22,401,144,176,69,1,4,-1,-1
25,25,1657,675,244,241,1,4,-1,-1
25,26,999,117,160,58,1,4,-1,-1
25,34,1628,396,61,95,1,1,-1,-1
25,43,1726,416,56,97,1,1,-1,-1
25,58,861,51,31,33,1,10,-1,-1
25,68,376,10,23,47,1,2,-1,-1
25,69,915,1,48,48,1,4,-1,-1
25,70,1312,12,18,46,1,2,-1,-1
25,92,979,227,61,46,1,10,-1,-1
25,139,1517,175,125,70,1,4,-1,-1
25,140,856,505,48,114,1,1,-1,-1
25,168,840,205,131,85,1,7,-1,-1
25,169,1711,100,143,58,1,4,-1,-1
25,170,505,191,167,79,1,4,-1,-1
25,212,1447,113,146,58,1,4,-1,-1
25,213,207,178,197,87,1,4,-1,-1
25,278,898,50,25,35,1,10,-1,-1
25,279,1202,428,46,87,1,2,-1,-1
25,280,1430,463,93,66,1,3,-1,-1
26,1,889,504,53,118,1,1,-1,-1
26,2,898,38,23,35,1,2,-1,-1
26,3,142,650,84,94,1,2,-1,-1
26,5,735,165,166,81,1,4,-1,-1
26,10,501,78,25,54,1,1,-1,-1
26,15,974,204,45,60,1,2,-1,-1
26,21,517,82,27,57,1,1,-1,-1
26,22,388,145,177,70,1,4,-1,-1
26,25,1665,683,235,242,1,4,-1,-1
26,26,988,119,161,57,1,4,-1,-1
26,34,1640,404,62,95,1,1,-1,-1
26,35,1205,251,163,98,1,4,-1,-1
26,43,1736,421,55,98,1,1,-1,-1
26,58,862,53,30,33,1,10,-1,-1
26,68,375,11,23,47,1,2,-1,-1
26,69,916,1,48,48,1,4,-1,-1
26,70,1314,14,18,46,1,2,-1,-1
26,92,969,228,61,46,1,10,-1,-1
26,139,1513,179,126,72,1,4,-1,-1
26,140,875,518,44,104,1,1,-1,-1
26,168,847,209,131,85,1,7,-1,-1
26,169,1705,102,143,58,1,4,-1,-1
26,170,511,193,167,79,1,4,-1,-1
26,212,1440,114,147,58,1,4,-1,-1
26,213,209,180,197,89,1,4,-1,-1
26,214,1183,467,106,67,1,3,-1,-1
26,278,899,52,25,35,1,10,-1,-1
26,279,1213,433,46,89,1,2,-1,-1
26,280,1440,469,98,66,1,3,-1,-1
27,1,898,509,53,118,1,1,-1,-1
27,2,898,38,23,35,1,2,-1,-1
27,3,136,658,84,94,1,2,-1,-1
27,5,729,167,166,81,1,4,-1,-1
27,10,499,80,25,54,1,1,-1,-1
27,15,965,205,45,60,1,2,-1,-1
27,21,516,83,27,57,1,1,-1,-1
27,22,375,146,178,70,1,4,-1,-1
27,26,979,121,161,57,1,4,-1,-1
27,34,1653,412,62,95,1,1,-1,-1
27,35,1221,245,164,100,1,4,-1,-1
27,43,1746,426,55,100,1,1,-1,-1
27,58,863,55,30,33,1,10,-1,-1
27,68,374,12,23,47,1,2,-1,-1
27,69,916,2,48,48,1,4,-1,-1
27,70,1317,15,18,47,1,2,-1,-1
27,71,1389,11,21,41,1,1,-1,-1
27,92,960,229,61,46,1,10,-1,-1
27,140,872,516,48,114,1,1,-1,-1
27,168,854,212,131,85,1,7,-1,-1
27,169,1699,105,143,58,1,4,-1,-1
27,170,514,196,167,79,1,4,-1,-1
27,212,1433,116,149,58,1,4,-1,-1
27,213,211,183,197,90,1,4,-1,-1
27,214,1194,473,106,67,1,3,-1,-1
28,1,907,514,53,118,1,1,-1,-1
28,2,899,55,25,35,1,10,-1,-1
28,3,130,665,84,94,1,2,-1,-1
28,5,719,167,167,81,1,4,-1,-1
28,9,1342,13,23,41,1,1,-1,-1
28,10,497,82,25,54,1,1,-1,-1
28,15,957,206,45,60,1,2,-1,-1
28,22,362,148,179,69,1,4,-1,-1
28,26,970,123,161,57,1,4,-1,-1
28,34,1665,420,63,96,1,1,-1,-1
28,35,1218,251,166,102,1,4,-1,-1
28,58,864,57,30,33,1,10,-1,-1
28,68,373,13,23,47,1,2,-1,-1
28,69,917,3,48,48,1,4,-1,-1
28,70,1319,17,18,47,1,2,-1,-1
28,71,1390,12,22,41,1,1,-1,-1
28,92,951,230,61,46,1,10,-1,-1
28,93,380,243,214,79,1,4,-1,-1
28,140,880,522,48,113,1,1,-1,-1
28,169,1693,108,143,58,1,4,-1,-1
28,170,518,200,166,79,1,4,-1,-1
28,213,214,186,196,91,1,4,-1,-1
28,214,1205,479,106,67,1,3,-1,-1
28,215,357,17,23,48,1,2,-1,-1
28,281,1460,483,108,65,1,3,-1,-1
29,1,916,519,53,118,1,1,-1,-1
29,2,899,57,25,35,1,10,-1,-1
29,3,125,673,84,94,1,2,-1,-1
29,5,710,168,168,80,1,4,-1,-1
29,9,1343,14,23,41,1,1,-1,-1
29,10,495,84,25,54,1,1,-1,-1
29,15,948,207,45,60,1,2,-1,-1
29,22,349,149,180,69,1,4,-1,-1
29,26,961,125,161,57,1,4,-1,-1
29,34,1678,428,63,96,1,1,-1,-1
29,35,1214,257,168,104,1,4,-1,-1
29,58,865,59,30,33,1,10,-1,-1
29,59,868,220,131,85,1,7,-1,-1
29,69,918,4,48,48,1,4,-1,-1
29,70,1322,19,18,47,1,2,-1,-1
29,71,1392,13,23,41,1,1,-1,-1
29,92,942,230,61,46,1,10,-1,-1
29,93,388,246,215,80,1,4,-1,-1
29,140,888,528,48,113,1,1,-1,-1
29,170,522,203,166,80,1,4,-1,-1
29,213,216,189,196,92,1,4,-1,-1
29,214,1217,486,106,67,1,3,-1,-1
29,215,355,18,23,48,1,2,-1,-1
29,281,1470,490,113,64,1,3,-1,-1
29,282,388,13,17,46,1,2,-1,-1
29,283,1295,20,18,41,1,1,-1,-1
29,284,1419,120,152,58,1,4,-1,-1
30,1,914,529,51,120,1,1,-1,-1
30,2,899,59,25,35,1,10,-1,-1
30,3,118,685,84,94,1,2,-1,-1
30,5,701,169,169,79,1,4,-1,-1
30,9,1343,15,23,41,1,1,-1,-1
30,10,493,86,25,54,1,1,-1,-1
30,15,939,209,45,60,1,2,-1,-1
30,22,336,151,181,69,1,4,-1,-1
30,23,371,15,23,47,1,2,-1,-1
30,26,951,127,161,58,1,4,-1,-1
30,35,1210,263,171,106,1,4,-1,-1
30,58,866,61,30,33,1,10,-1,-1
30,59,875,224,131,85,1,7,-1,-1
30,69,919,5,48,48,1,4,-1,-1
30,70,1325,21,18,47,1,2,-1,-1
30,71,1394,14,23,41,1,1,-1,-1
30,92,934,231,61,46,1,10,-1,-1
30,93,395,248,216,82,1,4,-1,-1
30,140,896,534,48,113,1,1,-1,-1
30,170,526,207,165,80,1,4,-1,-1
30,214,1228,496,109,67,1,3,-1,-1
30,215,353,19,23,48,1,2,-1,-1
30,281,1480,497,118,64,1,3,-1,-1
30,282,387,14,16,46,1,2,-1,-1
30,283,1297,21,18,41,1,1,-1,-1
30,284,1412,122,154,58,1,4,-1,-1
30,285,1499,195,130,82,1,4,-1,-1
31,1,933,535,53,118,1,1,-1,-1
31,2,899,61,25,35,1,10,-1,-1
31,3,118,719,74,117,1,10,-1,-1
31,5,690,171,171,80,1,4,-1,-1
31,9,1343,17,23,41,1,1,-1,-1
31,10,492,88,25,54,1,1,-1,-1
31,15,931,210,45,60,1,2,-1,-1
31,22,318,153,184,69,1,4,-1,-1
31,23,370,16,23,47,1,2,-1,-1
31,26,941,129,161,60,1,4,-1,-1
31,35,1206,269,173,108,1,4,-1,-1
31,58,867,63,30,33,1,10,-1,-1
31,59,882,227,131,85,1,7,-1,-1
31,69,920,6,48,49,1,4,-1,-1
31,70,1328,23,18,47,1,2,-1,-1
31,71,1397,15,23,41,1,1,-1,-1
31,92,926,232,60,46,1,10,-1,-1
31,93,403,251,217,83,1,4,-1,-1
31,140,906,544,48,113,1,1,-1,-1
31,141,318,26,25,46,1,2,-1,-1
31,214,1240,506,111,67,1,3,-1,-1
31,215,351,20,23,48,1,2,-1,-1
31,216,1703,444,64,97,1,1,-1,-1
31,281,1495,507,119,64,1,3,-1,-1
31,282,386,15,16,46,1,2,-1,-1
31,283,1300,23,18,41,1,1,-1,-1
31,284,1405,124,156,58,1,4,-1,-1
31,285,1496,199,130,84,1,4,-1,-1
32,1,941,545,53,118,1,1,-1,-1
32,2,901,44,23,35,1,2,-1,-1
32,3,111,727,74,118,1,10,-1,-1
32,9,1343,18,23,41,1,1,-1,-1
32,10,490,90,25,54,1,1,-1,-1
32,15,922,212,45,60,1,2,-1,-1
32,22,301,156,186,69,1,4,-1,-1
32,23,369,17,23,47,1,2,-1,-1
32,26,931,131,161,62,1,4,-1,-1
32,35,1203,275,175,110,1,4,-1,-1
32,36,397,17,22,53,1,2,-1,-1
32,59,889,231,131,85,1,7,-1,-1
32,69,921,7,48,49,1,4,-1,-1
32,70,1331,25,18,47,1,2,-1,-1
32,71,1399,17,23,41,1,1,-1,-1
32,92,917,233,61,46,1,10,-1,-1
32,93,411,254,218,84,1,4,-1,-1
32,141,317,28,24,46,1,2,-1,-1
32,215,350,22,23,48,1,2,-1,-1
32,216,1715,451,64,98,1,1,-1,-1
32,217,23,253,201,81,1,4,-1,-1
32,281,1510,517,120,64,1,3,-1,-1
32,282,385,17,16,46,1,2,-1,-1
32,283,1303,25,17,41,1,1,-1,-1
32,284,1398,126,158,58,1,4,-1,-1
32,285,1493,203,131,87,1,4,-1,-1
33,1,926,565,48,113,1,1,-1,-1
33,2,901,46,23,35,1,2,-1,-1
33,3,104,736,74,118,1,10,-1,-1
33,9,1343,19,23,41,1,1,-1,-1
33,10,488,92,25,54,1,1,-1,-1
33,15,913,213,45,60,1,2,-1,-1
33,22,284,159,188,69,1,4,-1,-1
33,23,366,18,23,47,1,2,-1,-1
33,26,922,134,161,63,1,4,-1,-1
33,35,1199,281,177,112,1,4,-1,-1
33,36,394,18,22,53,1,2,-1,-1
33,59,896,235,131,85,1,7,-1,-1
33,71,1402,18,23,41,1,1,-1,-1
33,93,417,258,220,85,1,4,-1,-1
33,141,314,30,24,46,1,2,-1,-1
33,215,347,23,23,48,1,2,-1,-1
33,216,1727,459,65,98,1,1,-1,-1
33,217,28,257,202,81,1,4,-1,-1
33,218,900,65,25,35,1,10,-1,-1
33,282,382,18,16,46,1,2,-1,-1
33,283,1306,27,17,41,1,1,-1,-1
33,284,1390,129,160,59,1,4,-1,-1
33,285,1492,209,133,89,1,4,-1,-1
33,286,1296,480,45,104,1,2,-1,-1
34,1,936,575,48,113,1,1,-1,-1
34,2,902,48,23,35,1,2,-1,-1
34,3,97,745,75,118,1,10,-1,-1
34,9,1343,21,23,41,1,1,-1,-1
34,22,267,162,190,69,1,4,-1,-1
34,23,363,20,23,47,1,2,-1,-1
34,26,908,137,164,63,1,4,-1,-1
34,35,1195,287,180,114,1,4,-1,-1
34,36,391,20,22,53,1,2,-1,-1
34,59,903,239,131,85,1,7,-1,-1
34,71,1404,20,23,41,1,1,-1,-1
34,93,424,263,221,85,1,4,-1,-1
34,141,311,33,24,46,1,2,-1,-1
34,216,1740,467,65,98,1,1,-1,-1
34,217,33,261,203,80,1,4,-1,-1
34,218,900,67,25,35,1,10,-1,-1
34,285,1492,216,134,90,1,4,-1,-1
34,286,1309,487,45,107,1,2,-1,-1
34,287,1540,537,123,64,1,3,-1,-1
34,288,1574,490,66,102,1,2,-1,-1
35,1,946,586,48,113,1,1,-1,-1
35,2,902,50,23,35,1,2,-1,-1
35,3,83,762,75,119,1,10,-1,-1
35,9,1341,31,18,47,1,2,-1,-1
35,23,361,22,23,47,1,2,-1,-1
35,26,895,140,166,64,1,4,-1,-1
35,35,1192,294,182,116,1,4,-1,-1
35,36,388,22,22,53,1,2,-1,-1
35,59,909,242,132,87,1,7,-1,-1
35,71,1407,21,23,41,1,1,-1,-1
35,93,431,267,223,86,1,4,-1,-1
35,141,322,42,22,38,1,2,-1,-1
35,216,1752,475,66,99,1,1,-1,-1
35,217,38,265,204,80,1,4,-1,-1
35,218,900,69,25,35,1,10,-1,-1
35,286,1322,495,45,109,1,2,-1,-1
35,287,1555,547,125,64,1,3,-1,-1
35,288,1591,499,66,103,1,2,-1,-1
35,289,341,27,23,48,1,2,-1,-1
35,290,1344,22,23,41,1,1,-1,-1
36,1,958,600,48,117,1,1,-1,-1
36,2,903,52,23,35,1,2,-1,-1
36,3,69,780,75,120,1,10,-1,-1
36,9,1344,23,23,41,1,1,-1,-1
36,23,374,23,16,46,1,2,-1,-1
36,26,882,144,169,64,1,4,-1,-1
36,35,1187,302,185,121,1,4,-1,-1
36,36,385,24,22,53,1,2,-1,-1
36,59,916,245,133,89,1,7,-1,-1
36,71,1410,22,23,41,1,1,-1,-1
36,93,437,272,225,86,1,4,-1,-1
36,141,319,23,23,42,1,2,-1,-1
36,216,1765,483,66,99,1,1,-1,-1
36,217,44,270,204,79,1,4,-1,-1
36,218,900,71,25,35,1,10,-1,-1
36,219,1491,229,137,94,1,4,-1,-1
36,220,1660,126,143,69,1,4,-1,-1
36,286,1336,506,47,108,1,2,-1,-1
36,287,1573,561,125,64,1,3,-1,-1
36,288,1612,510,66,103,1,2,-1,-1
36,289,338,29,23,48,1,2,-1,-1
36,290,1344,33,18,47,1,2,-1,-1
36,291,233,168,194,69,1,4,-1,-1
37,1,971,615,47,121,1,1,-1,-1
37,2,903,54,23,35,1,2,-1,-1
37,3,55,798,75,121,1,10,-1,-1
37,9,1344,24,23,41,1,1,-1,-1
37,23,371,25,16,46,1,2,-1,-1
37,26,869,147,171,64,1,4,-1,-1
37,35,1171,308,209,140,1,4,-1,-1
37,36,383,26,22,53,1,2,-1,-1
37,59,923,249,134,91,1,7,-1,-1
37,71,1412,24,23,41,1,1,-1,-1
37,72,355,26,23,47,1,2,-1,-1
37,93,444,276,226,87,1,4,-1,-1
37,141,316,25,23,42,1,2,-1,-1
37,217,48,275,206,81,1,4,-1,-1
37,218,900,73,25,35,1,10,-1,-1
37,219,1490,236,139,95,1,4,-1,-1
37,220,1656,128,143,71,1,4,-1,-1
37,221,1317,34,17,41,1,1,-1,-1
37,286,1350,517,50,108,1,2,-1,-1
37,287,1591,575,125,64,1,3,-1,-1
37,288,1633,522,66,103,1,2,-1,-1
37,289,335,31,23,48,1,2,-1,-1
37,290,1348,35,18,47,1,2,-1,-1
37,291,212,171,198,70,1,4,-1,-1
38,1,983,630,48,125,1,1,-1,-1
38,2,904,57,23,35,1,2,-1,-1
38,9,1344,26,23,41,1,1,-1,-1
38,23,368,26,16,47,1,2,-1,-1
38,26,857,150,173,65,1,4,-1,-1
38,35,1179,320,190,131,1,4,-1,-1
38,36,380,27,22,53,1,2,-1,-1
38,59,932,253,135,92,1,7,-1,-1
38,72,353,27,23,47,1,2,-1,-1
38,94,1380,28,23,33,1,3,-1,-1
38,141,313,27,23,42,1,2,-1,-1
38,171,1328,578,128,67,1,3,-1,-1
38,218,900,75,25,35,1,10,-1,-1
38,219,1490,242,140,97,1,4,-1,-1
38,220,1653,131,143,72,1,4,-1,-1
38,221,1319,36,17,41,1,1,-1,-1
38,287,1609,590,125,64,1,3,-1,-1
38,288,1654,533,66,103,1,2,-1,-1
38,289,332,32,23,48,1,2,-1,-1
38,290,1350,37,18,47,1,2,-1,-1
38,291,192,174,201,71,1,4,-1,-1
39,1,996,644,47,129,1,1,-1,-1
39,2,904,58,23,35,1,2,-1,-1
39,9,1352,39,18,47,1,2,-1,-1
39,23,365,28,16,47,1,2,-1,-1
39,35,1174,328,194,136,1,4,-1,-1
39,36,377,29,22,53,1,2,-1,-1
39,59,942,257,136,94,1,7,-1,-1
39,72,350,29,23,47,1,2,-1,-1
39,73,499,99,27,64,1,1,-1,-1
39,94,1383,29,23,33,1,3,-1,-1
39,171,1342,589,130,67,1,3,-1,-1
39,219,1489,249,142,98,1,4,-1,-1
39,220,1646,134,145,71,1,4,-1,-1
39,221,1322,38,17,41,1,1,-1,-1
39,222,56,286,211,84,1,4,-1,-1
39,223,1341,148,173,64,1,4,-1,-1
39,289,329,34,23,48,1,2,-1,-1
39,290,1344,27,23,41,1,1,-1,-1
39,291,171,177,205,72,1,4,-1,-1
40,1,1008,659,47,133,1,1,-1,-1
40,2,904,60,23,35,1,2,-1,-1
40,9,1354,41,18,47,1,2,-1,-1
40,23,363,29,16,47,1,2,-1,-1
40,36,374,31,22,53,1,2,-1,-1
40,59,952,261,137,96,1,7,-1,-1
40,72,347,31,23,47,1,2,-1,-1
40,73,497,102,27,64,1,1,-1,-1
40,94,1386,31,23,33,1,3,-1,-1
40,109,475,106,25,53,1,1,-1,-1
40,171,1356,600,132,67,1,3,-1,-1
40,172,850,225,45,60,1,2,-1,-1
40,219,1489,256,143,100,1,4,-1,-1
40,220,1639,137,148,71,1,4,-1,-1
40,221,1325,41,17,41,1,1,-1,-1
40,222,60,292,214,85,1,4,-1,-1
40,223,1332,152,173,64,1,4,-1,-1
40,224,463,293,235,88,1,4,-1,-1
40,225,1646,619,125,64,1,3,-1,-1
40,291,151,181,209,72,1,4,-1,-1
40,292,1341,45,17,41,1,1,-1,-1
41,1,1021,674,47,137,1,1,-1,-1
41,2,904,62,23,35,1,2,-1,-1
41,9,1356,43,18,47,1,2,-1,-1
41,23,360,31,16,47,1,2,-1,-1
41,36,371,33,22,53,1,2,-1,-1
41,72,342,23,17,49,1,2,-1,-1
41,73,495,105,27,64,1,1,-1,-1
41,94,1389,32,23,34,1,3,-1,-1
41,109,473,108,25,53,1,1,-1,-1
41,110,323,38,23,48,1,2,-1,-1
41,171,1371,611,134,67,1,3,-1,-1
41,172,836,228,46,60,1,2,-1,-1
41,219,1489,264,144,104,1,4,-1,-1
41,220,1632,140,151,71,1,4,-1,-1
41,221,1328,43,17,41,1,1,-1,-1
41,222,64,298,217,86,1,4,-1,-1
41,223,1324,156,173,64,1,4,-1,-1
41,224,469,300,238,88,1,4,-1,-1
41,225,1668,635,124,63,1,3,-1,-1
41,226,872,56,23,34,1,2,-1,-1
41,292,1345,47,17,41,1,1,-1,-1
41,293,290,51,24,46,1,2,-1,-1
42,1,1036,693,47,137,1,1,-1,-1
42,2,905,64,23,35,1,2,-1,-1
42,9,1348,49,17,41,1,1,-1,-1
42,23,357,33,16,47,1,2,-1,-1
42,36,369,35,22,53,1,2,-1,-1
42,72,342,35,23,47,1,2,-1,-1
42,73,493,108,27,64,1,1,-1,-1
42,94,1392,34,23,34,1,3,-1,-1
42,109,471,110,25,53,1,1,-1,-1
42,110,320,40,23,48,1,2,-1,-1
42,111,569,260,184,83,1,4,-1,-1
42,142,927,17,50,53,1,4,-1,-1
42,143,1358,45,18,47,1,2,-1,-1
42,171,1388,625,133,69,1,3,-1,-1
42,172,823,232,46,60,1,2,-1,-1
42,173,870,89,30,33,1,10,-1,-1
42,221,1331,45,17,41,1,1,-1,-1
42,222,68,303,219,88,1,4,-1,-1
42,223,1315,160,173,64,1,4,-1,-1
42,224,475,306,242,88,1,4,-1,-1
42,225,1690,651,124,63,1,3,-1,-1
42,226,873,58,23,35,1,2,-1,-1
42,292,1345,32,23,41,1,1,-1,-1
42,293,288,54,24,46,1,2,-1,-1
43,1,1051,713,47,137,1,1,-1,-1
43,2,905,66,23,35,1,2,-1,-1
43,9,1351,51,17,41,1,1,-1,-1
43,23,354,34,16,48,1,2,-1,-1
43,36,366,36,22,53,1,2,-1,-1
43,72,339,36,23,47,1,2,-1,-1
43,73,491,111,27,64,1,1,-1,-1
43,74,1619,146,155,70,1,4,-1,-1
43,94,1395,35,23,35,1,3,-1,-1
43,109,470,113,25,52,1,1,-1,-1
43,110,317,41,23,48,1,2,-1,-1
43,111,571,264,187,86,1,4,-1,-1
43,142,926,17,51,55,1,4,-1,-1
43,143,1360,47,18,47,1,2,-1,-1
43,171,1405,639,132,71,1,3,-1,-1
43,172,810,236,46,60,1,2,-1,-1
43,173,870,91,30,33,1,10,-1,-1
43,222,72,309,222,89,1,4,-1,-1
43,223,1307,164,173,64,1,4,-1,-1
43,224,482,313,245,88,1,4,-1,-1
43,225,1712,667,124,63,1,3,-1,-1
43,226,873,60,23,35,1,2,-1,-1
43,292,1346,34,23,41,1,1,-1,-1
43,293,284,53,24,46,1,2,-1,-1
44,1,1067,732,47,137,1,1,-1,-1
44,2,905,68,23,35,1,2,-1,-1
44,9,1354,53,17,41,1,1,-1,-1
44,23,352,36,16,47,1,2,-1,-1
44,36,363,38,22,53,1,2,-1,-1
44,72,337,38,23,47,1,2,-1,-1
44,73,487,114,27,64,1,1,-1,-1
44,74,1612,149,158,70,1,4,-1,-1
44,94,1398,37,23,35,1,3,-1,-1
44,109,466,115,25,53,1,1,-1,-1
44,110,314,43,23,48,1,2,-1,-1
44,111,573,268,190,88,1,4,-1,-1
44,142,926,17,52,58,1,4,-1,-1
44,143,1362,49,18,47,1,2,-1,-1
44,171,1423,653,131,73,1,3,-1,-1
44,172,797,240,46,60,1,2,-1,-1
44,173,871,94,30,33,1,10,-1,-1
44,222,76,314,224,91,1,4,-1,-1
44,223,1298,168,173,64,1,4,-1,-1
44,224,488,319,247,91,1,4,-1,-1
44,225,1734,683,123,63,1,3,-1,-1
44,226,873,62,23,35,1,2,-1,-1
44,227,1337,50,17,41,1,1,-1,-1
44,292,1346,36,23,41,1,1,-1,-1
44,293,280,53,24,46,1,2,-1,-1
45,1,1082,752,47,137,1,1,-1,-1
45,2,905,70,23,35,1,2,-1,-1
45,9,1358,55,17,41,1,1,-1,-1
45,23,349,37,16,48,1,2,-1,-1
45,36,360,40,22,53,1,2,-1,-1
45,37,530,208,199,82,1,4,-1,-1
45,72,334,40,23,47,1,2,-1,-1
45,73,484,118,27,64,1,1,-1,-1
45,74,1605,152,161,70,1,4,-1,-1
45,94,1401,39,23,35,1,3,-1,-1
45,109,462,118,25,54,1,1,-1,-1
45,110,311,45,23,48,1,2,-1,-1
45,111,575,272,194,91,1,4,-1,-1
45,112,1480,623,64,106,1,2,-1,-1
45,142,925,17,53,60,1,4,-1,-1
45,143,1365,51,17,47,1,2,-1,-1
45,144,292,38,23,45,1,2,-1,-1
45,172,783,243,46,60,1,2,-1,-1
45,173,870,96,29,33,1,10,-1,-1
45,174,1004,285,144,102,1,7,-1,-1
45,175,1434,37,28,42,1,1,-1,-1
45,224,494,326,250,94,1,4,-1,-1
45,225,1756,699,123,63,1,3,-1,-1
45,226,873,64,23,35,1,2,-1,-1
45,227,1340,53,17,41,1,1,-1,-1
45,293,276,52,24,46,1,2,-1,-1
46,1,1098,772,47,137,1,1,-1,-1
46,2,906,72,23,35,1,2,-1,-1
46,9,1360,57,17,41,1,1,-1,-1
46,37,515,212,203,82,1,4,-1,-1
46,72,331,42,23,47,1,2,-1,-1
46,73,480,121,27,64,1,1,-1,-1
46,74,1599,156,163,69,1,4,-1,-1
46,94,1405,42,23,35,1,3,-1,-1
46,109,459,121,25,56,1,1,-1,-1
46,110,308,47,23,48,1,2,-1,-1
46,111,574,279,197,91,1,4,-1,-1
46,112,1498,639,68,106,1,2,-1,-1
46,142,925,17,54,62,1,4,-1,-1
46,143,1369,52,17,47,1,2,-1,-1
46,144,289,40,23,45,1,2,-1,-1
46,145,1147,408,219,170,1,4,-1,-1
46,172,770,246,46,60,1,2,-1,-1
46,173,869,98,29,33,1,10,-1,-1
46,174,1015,291,146,102,1,7,-1,-1
46,175,1437,38,28,42,1,1,-1,-1
46,226,874,67,23,35,1,2,-1,-1
46,227,1341,58,18,41,1,1,-1,-1
46,294,84,326,230,94,1,4,-1,-1
47,1,1102,796,53,139,1,1,-1,-1
47,2,905,75,23,35,1,2,-1,-1
47,9,1363,59,17,41,1,1,-1,-1
47,37,499,216,208,82,1,4,-1,-1
47,72,344,41,16,48,1,2,-1,-1
47,73,477,125,27,64,1,1,-1,-1
47,74,1588,160,163,71,1,4,-1,-1
47,94,1408,45,23,35,1,3,-1,-1
47,109,455,124,25,58,1,1,-1,-1
47,110,305,49,23,48,1,2,-1,-1
47,111,573,286,200,91,1,4,-1,-1
47,112,1516,655,72,106,1,2,-1,-1
47,142,925,18,55,64,1,4,-1,-1
47,143,1373,54,17,47,1,2,-1,-1
47,144,287,42,22,45,1,2,-1,-1
47,145,1142,422,223,177,1,4,-1,-1
47,173,868,100,29,34,1,10,-1,-1
47,174,1026,297,149,103,1,7,-1,-1
47,175,1440,40,28,42,1,1,-1,-1
47,227,1342,63,19,41,1,1,-1,-1
47,294,74,336,234,96,1,4,-1,-1
48,1,1106,821,59,141,1,1,-1,-1
48,2,904,79,23,35,1,2,-1,-1
48,9,1365,61,17,41,1,1,-1,-1
48,37,484,220,212,82,1,4,-1,-1
48,60,1497,723,142,73,1,3,-1,-1
48,73,474,128,28,64,1,1,-1,-1
48,74,1577,164,163,73,1,4,-1,-1
48,109,452,127,25,60,1,1,-1,-1
48,110,302,50,23,47,1,2,-1,-1
48,111,573,293,203,91,1,4,-1,-1
48,112,1535,671,76,106,1,2,-1,-1
48,142,914,20,55,64,1,4,-1,-1
48,143,1377,56,17,47,1,2,-1,-1
48,144,282,46,22,45,1,2,-1,-1
48,145,1138,436,227,184,1,4,-1,-1
48,173,859,91,32,38,1,10,-1,-1
48,174,1037,303,152,104,1,7,-1,-1
48,175,1443,41,28,42,1,1,-1,-1
48,227,1343,68,20,41,1,1,-1,-1
48,294,64,347,238,97,1,4,-1,-1
49,1,1105,815,58,131,1,1,-1,-1
49,9,1368,64,17,41,1,1,-1,-1
49,37,452,225,217,84,1,4,-1,-1
49,60,1506,738,142,76,1,3,-1,-1
49,73,472,132,29,64,1,1,-1,-1
49,74,1566,168,163,75,1,4,-1,-1
49,110,300,51,23,47,1,2,-1,-1
49,111,572,300,206,91,1,4,-1,-1
49,112,1545,689,76,106,1,2,-1,-1
49,142,903,22,55,64,1,4,-1,-1
49,143,1382,58,17,47,1,2,-1,-1
49,144,277,50,23,46,1,2,-1,-1
49,145,1134,450,231,191,1,4,-1,-1
49,174,1059,312,132,90,1,7,-1,-1
49,175,1446,43,28,42,1,1,-1,-1
49,227,1345,73,21,41,1,1,-1,-1
49,228,520,354,258,106,1,4,-1,-1
49,294,55,358,241,98,1,4,-1,-1
50,1,1112,837,58,131,1,1,-1,-1
50,9,1366,59,17,47,1,2,-1,-1
50,37,421,231,221,86,1,4,-1,-1
50,60,1516,754,142,79,1,3,-1,-1
50,61,1202,189,189,72,1,4,-1,-1
50,74,1555,173,163,76,1,4,-1,-1
50,111,571,307,209,91,1,4,-1,-1
50,112,1555,707,76,106,1,2,-1,-1
50,113,1468,348,152,131,1,4,-1,-1
50,144,275,55,23,47,1,2,-1,-1
50,145,1113,469,237,201,1,4,-1,-1
50,174,1040,319,155,107,1,7,-1,-1
50,175,1433,46,28,42,1,1,-1,-1
50,228,507,365,264,107,1,4,-1,-1
50,294,45,368,245,100,1,4,-1,-1
51,1,1120,860,58,131,1,1,-1,-1
51,37,390,236,225,88,1,4,-1,-1
51,60,1525,769,142,82,1,3,-1,-1
51,61,1184,193,193,73,1,4,-1,-1
51,74,1526,174,163,77,1,4,-1,-1
51,75,228,56,23,46,1,2,-1,-1
51,112,1565,726,76,106,1,2,-1,-1
51,113,1463,358,152,134,1,4,-1,-1
51,144,286,53,21,48,1,2,-1,-1
51,145,1098,481,205,177,1,4,-1,-1
51,174,1041,327,157,109,1,7,-1,-1
51,175,1421,49,28,42,1,1,-1,-1
51,176,881,27,56,64,1,4,-1,-1
51,228,494,376,271,109,1,4,-1,-1
51,295,1237,1,70,51,1,4,-1,-1
52,1,1128,883,58,131,1,1,-1,-1
52,7,1323,69,17,41,1,1,-1,-1
52,37,359,242,230,90,1,4,-1,-1
52,60,1535,785,142,85,1,3,-1,-1
52,61,1167,197,196,75,1,4,-1,-1
52,74,1498,175,163,78,1,4,-1,-1
52,75,229,66,23,47,1,2,-1,-1
52,112,1575,744,76,106,1,2,-1,-1
52,113,1446,368,163,141,1,4,-1,-1
52,144,279,56,23,53,1,2,-1,-1
52,145,1071,508,249,220,1,4,-1,-1
52,176,870,29,57,64,1,4,-1,-1
52,228,500,386,261,103,1,4,-1,-1
52,295,1231,2,70,50,1,4,-1,-1
52,296,573,322,214,92,1,4,-1,-1
53,1,1127,908,58,131,1,1,-1,-1
53,7,1319,65,17,47,1,2,-1,-1
53,37,327,245,232,93,1,4,-1,-1
53,60,1545,801,142,88,1,3,-1,-1
53,61,1154,203,196,75,1,4,-1,-1
53,74,1470,176,163,79,1,4,-1,-1
53,75,223,59,23,47,1,2,-1,-1
53,95,201,68,23,48,1,2,-1,-1
53,112,1586,763,76,106,1,2,-1,-1
53,113,1425,359,173,147,1,4,-1,-1
53,145,1051,528,254,229,1,4,-1,-1
53,146,380,154,27,64,1,1,-1,-1
53,176,859,31,57,64,1,4,-1,-1
53,228,468,398,285,112,1,4,-1,-1
53,229,1291,65,21,42,1,1,-1,-1
53,295,1224,2,71,51,1,4,-1,-1
53,296,575,330,217,94,1,4,-1,-1
53,297,1045,344,160,112,1,7,-1,-1
54,1,1149,933,56,122,1,1,-1,-1
54,7,1321,67,17,47,1,2,-1,-1
54,11,1385,46,28,49,1,1,-1,-1
54,37,303,250,235,95,1,4,-1,-1
54,60,1573,829,144,85,1,3,-1,-1
54,61,1142,209,196,75,1,4,-1,-1
54,75,216,62,23,47,1,2,-1,-1
54,95,194,71,23,48,1,2,-1,-1
54,113,1432,392,174,153,1,4,-1,-1
54,146,367,156,29,65,1,1,-1,-1
54,176,848,34,58,64,1,4,-1,-1
54,177,566,311,76,45,1,10,-1,-1
54,228,482,399,278,113,1,4,-1,-1
54,229,1294,68,21,42,1,1,-1,-1
54,230,138,323,269,115,1,4,-1,-1
54,295,1218,3,71,50,1,4,-1,-1
54,296,577,338,220,95,1,4,-1,-1
54,297,1061,349,162,113,1,7,-1,-1
54,298,1634,208,185,90,1,4,-1,-1
55,7,1314,76,17,41,1,1,-1,-1
55,11,1388,50,28,49,1,1,-1,-1
55,37,279,255,238,97,1,4,-1,-1
55,60,1601,857,147,83,1,3,-1,-1
55,61,1129,215,196,75,1,4,-1,-1
55,75,210,65,23,47,1,2,-1,-1
55,95,188,74,23,48,1,2,-1,-1
55,113,1436,407,174,158,1,4,-1,-1
55,146,364,162,29,65,1,1,-1,-1
55,176,847,36,58,64,1,4,-1,-1
55,177,539,316,79,45,1,10,-1,-1
55,229,1297,71,21,42,1,1,-1,-1
55,230,136,333,268,117,1,4,-1,-1
55,295,1212,4,71,49,1,4,-1,-1
55,296,579,346,223,97,1,4,-1,-1
55,297,1078,354,164,115,1,7,-1,-1
55,298,1627,213,185,90,1,4,-1,-1
55,299,1324,70,17,47,1,2,-1,-1
56,7,1317,79,17,41,1,1,-1,-1
56,11,1391,54,28,49,1,1,-1,-1
56,37,255,260,241,99,1,4,-1,-1
56,60,1629,885,149,81,1,3,-1,-1
56,61,1117,221,196,75,1,4,-1,-1
56,75,204,69,23,47,1,2,-1,-1
56,95,181,78,23,48,1,2,-1,-1
56,113,1440,422,174,162,1,4,-1,-1
56,146,362,169,28,64,1,1,-1,-1
56,176,847,38,58,64,1,4,-1,-1
56,177,515,325,82,45,1,10,-1,-1
56,229,1301,74,21,42,1,1,-1,-1
56,230,134,343,267,119,1,4,-1,-1
56,296,581,355,226,97,1,4,-1,-1
56,297,1095,361,167,116,1,7,-1,-1
56,298,1621,218,184,91,1,4,-1,-1
56,299,1326,73,17,47,1,2,-1,-1
57,7,1320,82,17,41,1,1,-1,-1
57,11,1394,59,28,48,1,1,-1,-1
57,12,1199,5,72,49,1,4,-1,-1
57,37,232,266,243,100,1,4,-1,-1
57,60,1657,914,152,77,1,3,-1,-1
57,61,1105,227,196,75,1,4,-1,-1
57,75,197,72,23,47,1,2,-1,-1
57,95,175,81,23,48,1,2,-1,-1
57,113,1444,437,173,167,1,4,-1,-1
57,146,356,171,29,67,1,1,-1,-1
57,176,847,41,58,64,1,4,-1,-1
57,177,491,334,86,46,1,10,-1,-1
57,229,1304,77,21,42,1,1,-1,-1
57,230,98,355,301,133,1,4,-1,-1
57,297,1113,368,169,118,1,7,-1,-1
57,298,1618,225,188,91,1,4,-1,-1
57,299,1329,76,17,47,1,2,-1,-1
57,300,532,233,215,79,1,4,-1,-1
58,7,1323,85,17,41,1,1,-1,-1
58,11,1396,61,28,48,1,1,-1,-1
58,12,1193,6,73,49,1,4,-1,-1
58,37,198,273,250,105,1,4,-1,-1
58,60,1685,942,154,75,1,3,-1,-1
58,61,1087,233,200,77,1,4,-1,-1
58,75,191,75,23,47,1,2,-1,-1
58,95,168,84,23,48,1,2,-1,-1
58,96,585,371,231,100,1,4,-1,-1
58,113,1448,452,173,171,1,4,-1,-1
58,146,350,174,30,69,1,1,-1,-1
58,177,467,344,90,46,1,10,-1,-1
58,229,1308,80,21,42,1,1,-1,-1
58,230,135,346,261,115,1,4,-1,-1
58,231,147,78,22,45,1,2,-1,-1
58,298,1616,233,192,90,1,4,-1,-1
58,299,1332,79,17,47,1,2,-1,-1
58,300,517,240,218,79,1,4,-1,-1
58,301,122,88,23,53,1,2,-1,-1
59,7,1320,86,17,41,1,1,-1,-1
59,8,1149,382,173,121,1,7,-1,-1
59,11,1399,63,28,48,1,1,-1,-1
59,12,1190,8,73,49,1,4,-1,-1
59,60,1713,970,157,73,1,3,-1,-1
59,61,1069,239,205,80,1,4,-1,-1
59,75,185,79,23,47,1,2,-1,-1
59,76,787,107,23,35,1,2,-1,-1
59,95,162,88,23,48,1,2,-1,-1
59,96,587,379,234,102,1,4,-1,-1
59,146,344,177,31,71,1,1,-1,-1
59,177,437,352,90,47,1,10,-1,-1
59,178,505,456,306,124,1,4,-1,-1
59,179,828,129,24,35,1,10,-1,-1
59,230,120,369,284,123,1,4,-1,-1
59,231,141,82,22,45,1,2,-1,-1
59,299,1328,82,17,47,1,2,-1,-1
59,300,493,246,221,82,1,4,-1,-1
59,301,115,91,23,54,1,2,-1,-1
60,7,1318,88,17,41,1,1,-1,-1
60,8,1167,390,175,122,1,7,-1,-1
60,11,1402,65,28,48,1,1,-1,-1
60,12,1188,11,73,49,1,4,-1,-1
60,38,1449,487,177,184,1,4,-1,-1
60,61,1051,245,210,83,1,4,-1,-1
60,75,188,81,17,48,1,2,-1,-1
60,76,782,110,23,35,1,2,-1,-1
60,95,170,83,23,47,1,2,-1,-1
60,96,589,387,237,103,1,4,-1,-1
60,146,331,181,33,72,1,1,-1,-1
60,177,407,361,90,48,1,10,-1,-1
60,178,506,469,307,130,1,4,-1,-1
60,179,822,132,24,35,1,10,-1,-1
60,180,1275,68,23,46,1,1,-1,-1
60,231,146,92,23,48,1,2,-1,-1
60,300,470,252,224,85,1,4,-1,-1
60,301,124,84,22,48,1,2,-1,-1
60,302,100,95,23,54,1,2,-1,-1
61,7,1315,90,17,41,1,1,-1,-1
61,8,1182,399,176,124,1,7,-1,-1
61,11,1397,67,28,48,1,1,-1,-1
61,12,1186,13,73,49,1,4,-1,-1
61,38,1447,507,180,192,1,4,-1,-1
61,61,1033,252,215,85,1,4,-1,-1
61,75,188,86,22,53,1,2,-1,-1
61,76,777,113,23,35,1,2,-1,-1
61,95,173,85,18,48,1,2,-1,-1
61,96,592,396,239,104,1,4,-1,-1
61,178,508,482,308,137,1,4,-1,-1
61,179,816,135,24,35,1,10,-1,-1
61,180,1268,71,23,46,1,1,-1,-1
61,181,86,99,23,54,1,2,-1,-1
61,231,155,87,23,47,1,2,-1,-1
61,300,447,258,227,88,1,4,-1,-1
61,301,131,96,23,48,1,2,-1,-1
61,302,108,87,22,50,1,2,-1,-1
61,303,1354,69,23,35,1,3,-1,-1
62,7,1313,92,17,41,1,1,-1,-1
62,8,1197,408,177,126,1,7,-1,-1
62,11,1393,69,28,48,1,1,-1,-1
62,12,1184,16,73,49,1,4,-1,-1
62,38,1445,527,184,200,1,4,-1,-1
62,76,773,116,23,35,1,2,-1,-1
62,95,173,90,22,53,1,2,-1,-1
62,96,594,406,243,108,1,4,-1,-1
62,147,769,146,28,39,1,10,-1,-1
62,178,509,495,310,143,1,4,-1,-1
62,179,810,138,24,35,1,10,-1,-1
62,180,1261,75,23,46,1,1,-1,-1
62,181,91,90,22,52,1,2,-1,-1
62,231,158,89,18,48,1,2,-1,-1
62,301,140,91,23,47,1,2,-1,-1
62,302,116,100,23,48,1,2,-1,-1
62,303,1349,71,23,35,1,3,-1,-1
63,7,1311,94,17,41,1,1,-1,-1
63,8,1212,417,178,128,1,7,-1,-1
63,11,1387,71,28,48,1,1,-1,-1
63,12,1177,17,74,49,1,4,-1,-1
63,38,1442,547,188,208,1,4,-1,-1
63,76,763,120,23,35,1,2,-1,-1
63,96,596,417,248,112,1,4,-1,-1
63,147,762,150,28,41,1,10,-1,-1
63,178,511,508,311,150,1,4,-1,-1
63,179,804,141,24,35,1,10,-1,-1
63,180,1252,77,23,46,1,1,-1,-1
63,181,89,98,17,42,1,2,-1,-1
63,182,57,108,23,53,1,2,-1,-1
63,231,158,95,22,53,1,2,-1,-1
63,302,125,96,23,47,1,2,-1,-1
63,303,1344,73,23,35,1,3,-1,-1
64,7,1305,98,17,41,1,1,-1,-1
64,8,1227,426,179,130,1,7,-1,-1
64,11,1381,73,28,48,1,1,-1,-1
64,12,1171,18,75,49,1,4,-1,-1
64,38,1440,567,192,216,1,4,-1,-1
64,76,754,124,23,35,1,2,-1,-1
64,96,598,428,253,116,1,4,-1,-1
64,97,89,427,306,130,1,4,-1,-1
64,114,791,125,23,35,1,2,-1,-1
64,147,752,151,28,41,1,10,-1,-1
64,178,515,523,317,152,1,4,-1,-1
64,179,794,145,24,35,1,10,-1,-1
64,180,1243,80,23,46,1,1,-1,-1
64,181,83,107,23,48,1,2,-1,-1
64,182,58,97,22,54,1,2,-1,-1
64,183,39,112,23,53,1,2,-1,-1
64,232,1328,230,198,89,1,4,-1,-1
64,302,126,98,18,47,1,2,-1,-1
64,303,1339,75,23,35,1,3,-1,-1
64,304,11,538,287,132,1,4,-1,-1
65,7,1299,103,17,41,1,1,-1,-1
65,8,1242,436,181,131,1,7,-1,-1
65,11,1375,76,28,48,1,1,-1,-1
65,12,1164,19,77,49,1,4,-1,-1
65,38,1438,587,195,224,1,4,-1,-1
65,76,745,128,23,35,1,2,-1,-1
65,96,600,439,257,120,1,4,-1,-1
65,97,75,433,336,142,1,4,-1,-1
65,114,783,130,23,35,1,2,-1,-1
65,147,742,153,28,41,1,10,-1,-1
65,178,519,538,324,155,1,4,-1,-1
65,179,784,149,24,35,1,10,-1,-1
65,180,1235,83,23,46,1,1,-1,-1
65,181,93,106,23,47,1,2,-1,-1
65,182,65,111,23,48,1,2,-1,-1
65,183,41,101,22,54,1,2,-1,-1
65,232,1311,235,200,91,1,4,-1,-1
65,303,1334,78,23,35,1,3,-1,-1
65,304,8,553,290,135,1,4,-1,-1
66,7,1293,107,17,41,1,1,-1,-1
66,8,1261,446,185,133,1,7,-1,-1
66,11,1372,78,28,48,1,1,-1,-1
66,12,1158,21,78,49,1,4,-1,-1
66,38,1436,608,199,231,1,4,-1,-1
66,44,932,289,222,94,1,4,-1,-1
66,76,737,133,23,35,1,2,-1,-1
66,96,602,450,262,124,1,4,-1,-1
66,97,71,459,313,133,1,4,-1,-1
66,114,775,134,23,35,1,2,-1,-1
66,147,732,155,28,41,1,10,-1,-1
66,180,1229,86,23,46,1,1,-1,-1
66,181,93,106,17,47,1,2,-1,-1
66,182,77,112,23,47,1,2,-1,-1
66,183,48,115,23,48,1,2,-1,-1
66,232,1293,241,203,93,1,4,-1,-1
66,233,1278,98,21,53,1,1,-1,-1
66,304,6,568,293,138,1,4,-1,-1
67,7,1296,103,17,47,1,2,-1,-1
67,8,1281,456,188,135,1,7,-1,-1
67,11,1369,81,28,48,1,1,-1,-1
67,12,1151,22,80,49,1,4,-1,-1
67,38,1439,635,204,246,1,4,-1,-1
67,44,912,297,224,96,1,4,-1,-1
67,76,729,138,23,35,1,2,-1,-1
67,96,604,461,267,128,1,4,-1,-1
67,97,65,470,322,138,1,4,-1,-1
67,114,768,138,23,35,1,2,-1,-1
67,147,726,159,28,41,1,10,-1,-1
67,181,99,108,22,53,1,2,-1,-1
67,182,79,108,17,47,1,2,-1,-1
67,183,59,113,23,47,1,2,-1,-1
67,184,198,224,30,76,1,1,-1,-1
67,232,1276,247,205,95,1,4,-1,-1
67,233,1274,101,21,53,1,1,-1,-1
67,304,4,583,295,141,1,4,-1,-1
68,7,1292,105,17,47,1,2,-1,-1
68,8,1301,466,192,137,1,7,-1,-1
68,11,1366,83,28,48,1,1,-1,-1
68,12,1145,23,81,49,1,4,-1,-1
68,38,1457,683,186,234,1,4,-1,-1
68,44,887,305,228,98,1,4,-1,-1
68,76,721,143,23,35,1,2,-1,-1
68,97,60,482,331,142,1,4,-1,-1
68,114,761,142,23,35,1,2,-1,-1
68,115,1281,116,17,41,1,1,-1,-1
68,147,720,164,28,41,1,10,-1,-1
68,182,83,117,22,53,1,2,-1,-1
68,183,48,118,23,47,1,2,-1,-1
68,184,183,230,31,78,1,1,-1,-1
68,232,1259,253,208,97,1,4,-1,-1
68,233,1270,103,21,53,1,1,-1,-1
68,304,2,598,298,144,1,4,-1,-1
69,7,1288,107,17,47,1,2,-1,-1
69,8,1321,476,195,140,1,7,-1,-1
69,11,1364,86,28,48,1,1,-1,-1
69,12,1139,25,82,49,1,4,-1,-1
69,38,1446,690,213,276,1,4,-1,-1
69,44,863,314,231,99,1,4,-1,-1
69,45,1318,87,23,35,1,3,-1,-1
69,76,713,149,23,35,1,2,-1,-1
69,97,54,494,340,146,1,4,-1,-1
69,114,754,147,23,35,1,2,-1,-1
69,115,1275,121,17,41,1,1,-1,-1
69,116,1214,95,23,46,1,1,-1,-1
69,147,714,168,28,41,1,10,-1,-1
69,182,72,119,22,53,1,2,-1,-1
69,183,53,121,17,47,1,2,-1,-1
69,184,169,237,31,80,1,1,-1,-1
69,232,1241,259,211,99,1,4,-1,-1
69,233,1266,106,21,53,1,1,-1,-1
69,305,770,74,70,64,1,4,-1,-1
70,7,1284,110,17,47,1,2,-1,-1
70,8,1341,486,198,142,1,7,-1,-1
70,11,1361,87,28,50,1,1,-1,-1
70,12,1133,27,82,49,1,4,-1,-1
70,38,1450,718,217,291,1,4,-1,-1
70,44,839,323,235,100,1,4,-1,-1
70,45,1315,89,23,35,1,3,-1,-1
70,97,49,506,349,151,1,4,-1,-1
70,114,747,151,23,35,1,2,-1,-1
70,115,1269,126,17,41,1,1,-1,-1
70,116,1208,97,23,46,1,1,-1,-1
70,183,57,126,22,53,1,2,-1,-1
70,184,184,245,31,81,1,1,-1,-1
70,233,1263,109,21,53,1,1,-1,-1
70,305,764,78,70,63,1,4,-1,-1
71,7,1281,113,17,47,1,2,-1,-1
71,8,1361,496,202,144,1,7,-1,-1
71,11,1358,88,28,52,1,1,-1,-1
71,12,1128,30,82,49,1,4,-1,-1
71,38,1454,746,222,306,1,4,-1,-1
71,44,814,332,239,101,1,4,-1,-1
71,45,1313,91,23,35,1,3,-1,-1
71,46,138,250,33,85,1,1,-1,-1
71,62,701,176,28,44,1,10,-1,-1
71,97,47,520,355,153,1,4,-1,-1
71,114,740,156,23,35,1,2,-1,-1
71,115,1267,130,17,41,1,1,-1,-1
71,116,1202,99,23,46,1,1,-1,-1
71,117,1207,271,216,103,1,4,-1,-1
71,184,171,252,31,82,1,1,-1,-1
71,233,1261,113,21,53,1,1,-1,-1
71,305,756,79,72,66,1,4,-1,-1
71,306,699,155,23,35,1,2,-1,-1
72,7,1279,117,17,47,1,2,-1,-1
72,8,1341,482,229,163,1,7,-1,-1
72,11,1355,90,28,53,1,1,-1,-1
72,12,1123,32,82,49,1,4,-1,-1
72,38,1458,780,228,276,1,4,-1,-1
72,44,780,329,257,108,1,4,-1,-1
72,45,1311,93,23,35,1,3,-1,-1
72,46,121,257,35,88,1,1,-1,-1
72,62,694,180,27,47,1,10,-1,-1
72,97,45,534,362,156,1,4,-1,-1
72,114,733,161,23,35,1,2,-1,-1
72,115,1265,134,17,41,1,1,-1,-1
72,116,1196,102,23,46,1,1,-1,-1
72,117,1190,278,219,105,1,4,-1,-1
72,118,565,649,368,174,1,4,-1,-1
72,184,157,259,31,82,1,1,-1,-1
72,305,748,81,75,69,1,4,-1,-1
72,306,692,159,23,35,1,2,-1,-1
73,7,1277,120,17,47,1,2,-1,-1
73,8,1401,516,209,149,1,7,-1,-1
73,11,1352,91,28,55,1,1,-1,-1
73,12,1118,35,82,49,1,4,-1,-1
73,38,1463,814,233,247,1,4,-1,-1
73,44,766,350,246,104,1,4,-1,-1
73,45,1309,96,23,35,1,3,-1,-1
73,46,104,263,37,91,1,1,-1,-1
73,62,686,184,27,49,1,10,-1,-1
73,97,43,548,368,158,1,4,-1,-1
73,115,1263,139,17,41,1,1,-1,-1
73,116,1190,104,23,46,1,1,-1,-1
73,117,1173,285,222,107,1,4,-1,-1
73,118,577,667,375,177,1,4,-1,-1
73,184,143,267,31,82,1,1,-1,-1
73,234,1257,121,22,53,1,1,-1,-1
73,305,740,82,77,72,1,4,-1,-1
73,306,685,162,23,35,1,2,-1,-1
74,7,1274,124,17,47,1,2,-1,-1
74,8,1433,528,206,151,1,7,-1,-1
74,11,1350,93,28,57,1,1,-1,-1
74,12,1118,36,82,50,1,4,-1,-1
74,44,741,360,252,107,1,4,-1,-1
74,45,1307,99,23,35,1,3,-1,-1
74,46,88,270,39,94,1,1,-1,-1
74,62,679,188,27,52,1,10,-1,-1
74,115,1261,143,17,41,1,1,-1,-1
74,116,1184,107,23,46,1,1,-1,-1
74,117,1156,293,225,108,1,4,-1,-1
74,118,589,684,382,181,1,4,-1,-1
74,234,1255,125,23,53,1,1,-1,-1
74,306,678,166,23,35,1,2,-1,-1
75,7,1272,127,17,47,1,2,-1,-1
75,8,1466,540,202,153,1,7,-1,-1
75,11,1353,96,28,57,1,1,-1,-1
75,12,1118,37,82,51,1,4,-1,-1
75,44,716,371,259,110,1,4,-1,-1
75,45,1306,102,23,35,1,3,-1,-1
75,46,79,278,41,94,1,1,-1,-1
75,62,676,192,28,52,1,10,-1,-1
75,115,1259,147,17,41,1,1,-1,-1
75,116,1184,110,23,46,1,1,-1,-1
75,117,1139,300,228,111,1,4,-1,-1
75,118,601,702,389,184,1,4,-1,-1
75,234,1253,129,23,53,1,1,-1,-1
75,306,676,170,23,35,1,2,-1,-1
76,7,1270,131,17,47,1,2,-1,-1
76,8,1499,553,198,154,1,7,-1,-1
76,12,1119,39,81,51,1,4,-1,-1
76,44,691,381,266,113,1,4,-1,-1
76,45,1309,104,23,35,1,3,-1,-1
76,46,70,286,43,94,1,1,-1,-1
76,62,674,197,29,51,1,10,-1,-1
76,63,47,591,387,170,1,4,-1,-1
76,115,1258,152,17,41,1,1,-1,-1
76,116,1184,114,23,46,1,1,-1,-1
76,117,1122,308,231,112,1,4,-1,-1
76,118,613,719,396,188,1,4,-1,-1
76,234,1252,133,23,53,1,1,-1,-1
77,7,1271,134,17,47,1,2,-1,-1
77,8,1532,565,194,156,1,7,-1,-1
77,12,1119,40,82,52,1,4,-1,-1
77,44,666,392,273,116,1,4,-1,-1
77,45,1313,107,23,35,1,3,-1,-1
77,46,61,295,45,94,1,1,-1,-1
77,62,672,201,30,52,1,10,-1,-1
77,63,56,607,392,176,1,4,-1,-1
77,116,1184,117,23,46,1,1,-1,-1
77,117,1105,315,234,114,1,4,-1,-1
77,118,625,737,403,191,1,4,-1,-1
77,234,1253,136,23,53,1,1,-1,-1
77,307,673,179,23,35,1,2,-1,-1
78,8,1565,578,191,158,1,7,-1,-1
78,27,1387,377,240,115,1,4,-1,-1
78,44,642,403,279,119,1,4,-1,-1
78,45,1316,110,23,35,1,3,-1,-1
78,46,51,302,45,94,1,1,-1,-1
78,62,670,206,31,51,1,10,-1,-1
78,63,64,623,397,181,1,4,-1,-1
78,117,1089,323,237,116,1,4,-1,-1
78,118,646,758,411,192,1,4,-1,-1
78,185,716,189,23,35,1,2,-1,-1
78,234,1255,140,23,53,1,1,-1,-1
78,307,671,183,23,35,1,2,-1,-1
79,8,1597,590,188,160,1,7,-1,-1
79,27,1380,387,242,115,1,4,-1,-1
79,45,1320,113,23,35,1,3,-1,-1
79,46,41,310,45,94,1,1,-1,-1
79,62,668,210,32,51,1,10,-1,-1
79,63,73,639,402,187,1,4,-1,-1
79,117,1073,331,240,120,1,4,-1,-1
79,118,668,779,419,194,1,4,-1,-1
79,185,715,194,23,35,1,2,-1,-1
79,186,1132,4,23,41,1,1,-1,-1
79,235,1120,43,81,53,1,4,-1,-1
79,236,1261,163,17,41,1,1,-1,-1
79,237,1275,142,17,47,1,2,-1,-1
79,307,670,188,23,35,1,2,-1,-1
80,8,1630,602,184,162,1,7,-1,-1
80,27,1367,396,249,119,1,4,-1,-1
80,45,1323,115,23,35,1,3,-1,-1
80,46,31,318,46,94,1,1,-1,-1
80,62,666,215,33,51,1,10,-1,-1
80,63,82,655,406,193,1,4,-1,-1
80,77,750,625,310,172,1,4,-1,-1
80,118,690,801,427,194,1,4,-1,-1
80,185,711,198,24,35,1,2,-1,-1
80,186,1133,7,23,41,1,1,-1,-1
80,235,1121,45,81,54,1,4,-1,-1
80,236,1262,166,17,41,1,1,-1,-1
80,237,1276,146,17,47,1,2,-1,-1
80,307,665,193,25,34,1,2,-1,-1
81,8,1663,615,180,163,1,7,-1,-1
81,27,1355,406,256,123,1,4,-1,-1
81,45,1326,117,23,35,1,3,-1,-1
81,46,21,326,46,94,1,1,-1,-1
81,62,662,220,33,51,1,10,-1,-1
81,63,90,671,412,198,1,4,-1,-1
81,77,766,638,314,176,1,4,-1,-1
81,185,707,203,25,35,1,2,-1,-1
81,186,1135,11,23,41,1,1,-1,-1
81,235,1123,49,82,54,1,4,-1,-1
81,236,1263,170,17,41,1,1,-1,-1
81,237,1278,150,17,47,1,2,-1,-1
81,307,661,198,26,34,1,2,-1,-1
82,8,1696,627,176,165,1,7,-1,-1
82,27,1324,410,295,142,1,4,-1,-1
82,46,11,334,46,94,1,1,-1,-1
82,62,658,225,33,52,1,10,-1,-1
82,63,99,687,416,204,1,4,-1,-1
82,77,781,651,319,180,1,4,-1,-1
82,185,703,207,26,35,1,2,-1,-1
82,186,1137,15,23,41,1,1,-1,-1
82,235,1126,53,82,54,1,4,-1,-1
82,236,1264,174,17,41,1,1,-1,-1
82,237,1280,154,17,47,1,2,-1,-1
83,8,1729,640,173,167,1,7,-1,-1
83,27,1331,426,269,130,1,4,-1,-1
83,46,26,335,41,91,1,1,-1,-1
83,63,108,703,421,210,1,4,-1,-1
83,77,796,664,324,184,1,4,-1,-1
83,185,699,212,27,35,1,2,-1,-1
83,186,1127,16,23,41,1,1,-1,-1
83,235,1129,58,83,54,1,4,-1,-1
83,236,1266,178,17,41,1,1,-1,-1
83,237,1282,158,17,47,1,2,-1,-1
84,27,1312,439,271,132,1,4,-1,-1
84,63,109,713,426,215,1,4,-1,-1
84,77,812,677,328,188,1,4,-1,-1
84,98,982,374,255,137,1,4,-1,-1
84,185,695,217,29,35,1,2,-1,-1
84,186,1117,17,23,41,1,1,-1,-1
84,235,1128,59,83,54,1,4,-1,-1
84,236,1264,179,17,41,1,1,-1,-1
84,237,1282,163,17,47,1,2,-1,-1
85,27,1263,441,272,135,1,4,-1,-1
85,63,89,736,431,220,1,4,-1,-1
85,77,798,685,330,192,1,4,-1,-1
85,98,926,381,258,141,1,4,-1,-1
85,186,1108,19,23,41,1,1,-1,-1
85,308,1719,648,184,173,1,7,-1,-1
86,27,1214,443,273,139,1,4,-1,-1
86,63,69,759,436,225,1,4,-1,-1
86,77,785,694,332,195,1,4,-1,-1
86,98,871,389,261,144,1,4,-1,-1
86,308,1714,653,190,176,1,7,-1,-1
87,27,1176,446,317,164,1,4,-1,-1
87,63,49,782,441,230,1,4,-1,-1
87,77,772,702,333,199,1,4,-1,-1
87,98,816,397,264,147,1,4,-1,-1
87,308,1705,643,197,178,1,7,-1,-1
88,27,1111,452,277,145,1,4,-1,-1
88,28,537,136,97,73,1,4,-1,-1
88,77,759,711,335,202,1,4,-1,-1
88,98,760,404,267,151,1,4,-1,-1
88,308,1696,634,204,179,1,7,-1,-1
89,27,1059,456,279,148,1,4,-1,-1
89,28,489,137,99,81,1,4,-1,-1
89,77,746,719,336,206,1,4,-1,-1
89,98,705,412,270,154,1,4,-1,-1
89,119,779,930,445,137,1,4,-1,-1
89,238,930,64,91,55,1,4,-1,-1
89,308,1687,624,211,181,1,7,-1,-1
90,14,9,840,454,227,1,4,-1,-1
90,27,1008,461,281,151,1,4,-1,-1
90,28,441,139,101,89,1,4,-1,-1
90,77,733,728,338,209,1,4,-1,-1
90,98,650,420,273,158,1,4,-1,-1
90,119,785,935,445,131,1,4,-1,-1
90,238,893,65,91,55,1,4,-1,-1
91,14,8,853,458,214,1,4,-1,-1
91,27,966,468,284,154,1,4,-1,-1
91,28,411,150,97,73,1,4,-1,-1
91,98,596,431,276,163,1,4,-1,-1
91,119,792,941,444,125,1,4,-1,-1
91,238,856,65,91,55,1,4,-1,-1
91,309,1430,390,218,112,1,4,-1,-1
91,310,1734,517,140,75,1,10,-1,-1
91,311,1789,491,69,92,1,2,-1,-1
92,14,8,865,460,201,1,4,-1,-1
92,27,925,476,287,156,1,4,-1,-1
92,28,378,153,100,74,1,4,-1,-1
92,98,542,442,279,168,1,4,-1,-1
92,119,799,947,443,119,1,4,-1,-1
92,120,719,741,340,212,1,4,-1,-1
92,238,819,66,91,55,1,4,-1,-1
92,309,1394,393,218,112,1,4,-1,-1
92,310,1699,513,140,75,1,10,-1,-1
92,311,1754,487,69,92,1,2,-1,-1
93,14,7,878,464,188,1,4,-1,-1
93,28,346,156,102,75,1,4,-1,-1
93,98,488,453,283,173,1,4,-1,-1
93,119,799,941,450,124,1,4,-1,-1
93,120,718,746,340,212,1,4,-1,-1
93,238,782,67,91,55,1,4,-1,-1
93,309,1358,396,218,112,1,4,-1,-1
93,310,1665,509,140,75,1,10,-1,-1
93,311,1719,484,69,92,1,2,-1,-1
94,14,7,891,467,175,1,4,-1,-1
94,28,313,159,105,77,1,4,-1,-1
94,119,799,936,457,129,1,4,-1,-1
94,120,717,750,340,212,1,4,-1,-1
94,238,755,67,91,55,1,4,-1,-1
94,309,1322,400,218,112,1,4,-1,-1
94,310,1631,505,140,75,1,10,-1,-1
94,311,1684,480,69,93,1,2,-1,-1
95,14,4,898,474,169,1,4,-1,-1
95,28,281,162,107,78,1,4,-1,-1
95,39,1642,213,184,85,1,4,-1,-1
95,119,799,930,464,134,1,4,-1,-1
95,120,673,733,415,259,1,4,-1,-1
95,309,1286,403,218,112,1,4,-1,-1
95,310,1596,501,140,75,1,10,-1,-1
95,311,1649,477,69,92,1,2,-1,-1
96,6,702,69,91,55,1,4,-1,-1
96,14,2,905,480,163,1,4,-1,-1
96,28,249,166,109,79,1,4,-1,-1
96,39,1606,210,184,85,1,4,-1,-1
96,119,799,925,471,139,1,4,-1,-1
96,120,711,752,340,212,1,4,-1,-1
96,312,761,508,297,164,1,4,-1,-1
97,6,676,70,91,55,1,4,-1,-1
97,14,0,912,487,157,1,4,-1,-1
97,28,213,168,114,84,1,4,-1,-1
97,39,1571,208,184,85,1,4,-1,-1
97,47,1579,470,69,93,1,2,-1,-1
97,119,799,919,478,144,1,4,-1,-1
97,120,705,749,340,212,1,4,-1,-1
97,239,1209,409,220,113,1,4,-1,-1
97,312,715,513,302,169,1,4,-1,-1
98,6,650,71,91,55,1,4,-1,-1
98,14,1,912,489,156,1,4,-1,-1
98,28,177,171,119,88,1,4,-1,-1
98,39,1533,205,185,85,1,4,-1,-1
98,47,1493,489,140,75,1,10,-1,-1
98,78,1601,268,174,112,1,5,-1,-1
98,120,699,746,340,212,1,4,-1,-1
98,239,1168,411,222,114,1,4,-1,-1
98,312,669,518,307,174,1,4,-1,-1
98,313,1544,467,69,92,1,2,-1,-1
99,6,620,71,92,55,1,4,-1,-1
99,14,2,913,492,155,1,4,-1,-1
99,28,142,174,124,93,1,4,-1,-1
99,39,1496,203,185,85,1,4,-1,-1
99,47,1459,485,140,75,1,10,-1,-1
99,78,1559,266,174,113,1,5,-1,-1
99,120,693,743,340,212,1,4,-1,-1
99,239,1126,413,224,115,1,4,-1,-1
99,240,799,909,493,154,1,4,-1,-1
99,312,623,524,313,179,1,4,-1,-1
99,313,1509,463,69,93,1,2,-1,-1
100,6,590,71,93,55,1,4,-1,-1
100,14,3,913,495,154,1,4,-1,-1
100,28,106,176,124,94,1,4,-1,-1
100,39,1459,201,185,85,1,4,-1,-1
100,47,1425,481,140,75,1,10,-1,-1
100,78,1518,265,173,113,1,5,-1,-1
100,120,687,740,340,212,1,4,-1,-1
100,239,1085,415,226,116,1,4,-1,-1
100,240,806,881,524,182,1,4,-1,-1
100,312,577,529,318,184,1,4,-1,-1
100,313,1474,460,69,93,1,2,-1,-1
101,6,560,72,94,55,1,4,-1,-1
101,14,4,914,497,153,1,4,-1,-1
101,28,70,178,124,95,1,4,-1,-1
101,39,1427,198,182,85,1,4,-1,-1
101,47,1391,477,140,75,1,10,-1,-1
101,78,1477,263,172,114,1,5,-1,-1
101,239,1044,417,228,118,1,4,-1,-1
101,240,850,889,456,176,1,4,-1,-1
101,313,1439,457,70,93,1,2,-1,-1
102,6,530,72,95,55,1,4,-1,-1
102,14,5,914,500,152,1,4,-1,-1
102,28,34,181,124,95,1,4,-1,-1
102,39,1395,195,179,85,1,4,-1,-1
102,47,1373,475,139,75,1,10,-1,-1
102,48,675,734,340,212,1,4,-1,-1
102,78,1436,262,172,115,1,5,-1,-1
102,239,1019,419,226,121,1,4,-1,-1
102,240,875,879,438,187,1,4,-1,-1
102,313,1415,455,70,93,1,2,-1,-1
102,314,1762,147,124,72,1,4,-1,-1
103,6,500,73,97,55,1,4,-1,-1
103,14,6,915,503,151,1,4,-1,-1
103,39,1364,192,176,85,1,4,-1,-1
103,47,1392,453,70,93,1,2,-1,-1
103,48,669,732,340,212,1,4,-1,-1
103,64,14,324,40,71,1,2,-1,-1
103,65,529,178,23,47,1,1,-1,-1
103,78,1421,265,172,115,1,5,-1,-1
103,99,737,132,23,35,1,3,-1,-1
103,187,1587,496,179,164,1,7,-1,-1
103,240,901,869,419,198,1,4,-1,-1
103,314,1757,147,123,72,1,4,-1,-1
104,6,498,73,97,56,1,4,-1,-1
104,14,28,909,499,157,1,4,-1,-1
104,29,1285,87,28,48,1,1,-1,-1
104,39,1356,192,176,85,1,4,-1,-1
104,40,16,349,53,47,1,10,-1,-1
104,47,1337,473,139,75,1,10,-1,-1
104,48,686,724,335,212,1,4,-1,-1
104,64,-2,344,49,87,1,2,-1,-1
104,65,526,179,23,47,1,1,-1,-1
104,78,1407,268,172,115,1,5,-1,-1
104,99,736,133,23,35,1,3,-1,-1
104,148,971,423,222,128,1,4,-1,-1
104,187,1589,486,173,163,1,7,-1,-1
104,240,927,859,400,209,1,4,-1,-1
104,241,13,189,124,93,1,4,-1,-1
104,314,1752,147,122,72,1,4,-1,-1
104,315,1369,451,70,93,1,2,-1,-1
105,6,497,74,97,56,1,4,-1,-1
105,14,50,903,496,163,1,4,-1,-1
105,29,1285,87,28,48,1,1,-1,-1
105,39,1349,192,176,85,1,4,-1,-1
105,40,14,349,53,47,1,10,-1,-1
105,47,1328,473,139,75,1,10,-1,-1
105,48,703,717,331,212,1,4,-1,-1
105,49,791,127,29,59,1,1,-1,-1
105,64,10,322,40,71,1,2,-1,-1
105,65,523,181,23,47,1,1,-1,-1
105,78,1393,272,172,115,1,5,-1,-1
105,99,735,133,23,36,1,3,-1,-1
105,148,955,429,222,128,1,4,-1,-1
105,187,1602,479,171,163,1,7,-1,-1
105,241,12,189,124,93,1,4,-1,-1
105,314,1748,147,121,72,1,4,-1,-1
105,315,1363,451,70,93,1,2,-1,-1
106,6,496,74,97,57,1,4,-1,-1
106,14,72,898,493,168,1,4,-1,-1
106,29,1285,88,28,48,1,1,-1,-1
106,39,1342,192,176,85,1,4,-1,-1
106,40,12,349,53,47,1,10,-1,-1
106,47,1320,474,139,75,1,10,-1,-1
106,48,720,710,327,211,1,4,-1,-1
106,49,791,128,29,59,1,1,-1,-1
106,64,9,321,40,71,1,2,-1,-1
106,65,520,182,23,47,1,1,-1,-1
106,78,1379,275,172,115,1,5,-1,-1
106,99,735,134,23,36,1,3,-1,-1
106,148,940,435,222,128,1,4,-1,-1
106,187,1615,473,169,162,1,7,-1,-1
106,241,11,189,123,93,1,4,-1,-1
106,314,1743,147,120,72,1,4,-1,-1
106,315,1357,452,70,93,1,2,-1,-1
106,316,1318,95,116,49,1,4,-1,-1
107,6,495,75,97,57,1,4,-1,-1
107,14,94,892,490,175,1,4,-1,-1
107,29,1285,88,28,48,1,1,-1,-1
107,30,659,200,22,47,1,1,-1,-1
107,39,1335,192,176,85,1,4,-1,-1
107,40,10,349,53,47,1,10,-1,-1
107,47,1311,475,139,75,1,10,-1,-1
107,48,737,703,322,211,1,4,-1,-1
107,49,790,128,29,59,1,1,-1,-1
107,64,7,320,40,71,1,2,-1,-1
107,65,517,184,23,47,1,1,-1,-1
107,78,1365,278,172,115,1,5,-1,-1
107,99,734,135,23,37,1,3,-1,-1
107,148,925,442,222,128,1,4,-1,-1
107,187,1629,467,166,161,1,7,-1,-1
107,241,10,189,123,93,1,4,-1,-1
107,242,519,29,23,41,1,1,-1,-1
107,243,642,187,23,65,1,1,-1,-1
107,315,1351,452,70,93,1,2,-1,-1
107,316,1319,95,116,49,1,4,-1,-1
107,317,1713,214,142,81,1,4,-1,-1
108,6,494,76,97,57,1,4,-1,-1
108,14,116,886,486,181,1,4,-1,-1
108,29,1285,89,28,48,1,1,-1,-1
108,30,657,200,22,47,1,1,-1,-1
108,39,1328,192,176,85,1,4,-1,-1
108,40,8,349,53,47,1,10,-1,-1
108,47,1303,476,139,75,1,10,-1,-1
108,48,754,696,318,210,1,4,-1,-1
108,49,790,129,29,59,1,1,-1,-1
108,64,6,319,40,71,1,2,-1,-1
108,65,513,184,23,47,1,1,-1,-1
108,78,1351,282,172,115,1,5,-1,-1
108,79,669,185,23,47,1,2,-1,-1
108,99,734,136,23,37,1,3,-1,-1
108,148,910,448,222,128,1,4,-1,-1
108,187,1641,463,166,158,1,7,-1,-1
108,241,8,189,123,93,1,4,-1,-1
108,242,518,29,23,41,1,1,-1,-1
108,243,641,187,23,65,1,1,-1,-1
108,315,1345,453,70,93,1,2,-1,-1
108,316,1320,95,116,50,1,4,-1,-1
108,317,1704,215,142,82,1,4,-1,-1
109,6,493,76,97,58,1,4,-1,-1
109,29,1286,90,28,48,1,1,-1,-1
109,30,656,201,22,47,1,1,-1,-1
109,40,6,349,53,47,1,10,-1,-1
109,47,1339,454,70,93,1,2,-1,-1
109,48,771,689,314,210,1,4,-1,-1
109,49,790,129,29,59,1,1,-1,-1
109,64,4,318,40,71,1,2,-1,-1
109,65,509,184,23,47,1,1,-1,-1
109,79,668,185,23,47,1,2,-1,-1
109,99,733,137,23,37,1,3,-1,-1
109,148,895,454,222,128,1,4,-1,-1
109,187,1654,459,166,155,1,7,-1,-1
109,241,7,189,123,93,1,4,-1,-1
109,242,518,30,23,41,1,1,-1,-1
109,243,640,187,23,65,1,1,-1,-1
109,316,1321,96,116,50,1,4,-1,-1
109,317,1695,217,146,84,1,4,-1,-1
110,6,493,61,83,49,1,4,-1,-1
110,29,1286,90,28,48,1,1,-1,-1
110,30,655,201,22,47,1,1,-1,-1
110,40,5,349,53,47,1,10,-1,-1
110,48,789,682,309,210,1,4,-1,-1
110,49,789,130,29,59,1,1,-1,-1
110,50,160,875,480,192,1,4,-1,-1
110,64,3,317,40,71,1,2,-1,-1
110,65,505,184,23,47,1,1,-1,-1
110,79,667,185,23,47,1,2,-1,-1
110,80,1326,289,174,118,1,5,-1,-1
110,99,733,138,23,38,1,3,-1,-1
110,148,880,460,222,128,1,4,-1,-1
110,242,518,31,23,41,1,1,-1,-1
110,243,639,187,23,65,1,1,-1,-1
110,316,1322,96,116,51,1,4,-1,-1
110,317,1687,219,149,87,1,4,-1,-1
111,6,491,77,97,59,1,4,-1,-1
111,18,1278,481,136,75,1,10,-1,-1
111,29,1286,91,28,48,1,1,-1,-1
111,30,653,201,22,47,1,1,-1,-1
111,40,3,349,53,47,1,10,-1,-1
111,48,804,679,307,208,1,4,-1,-1
111,49,789,130,29,59,1,1,-1,-1
111,50,182,869,477,199,1,4,-1,-1
111,64,2,317,38,71,1,2,-1,-1
111,65,501,184,23,47,1,1,-1,-1
111,79,666,184,23,47,1,2,-1,-1
111,80,1314,292,175,120,1,5,-1,-1
111,99,733,139,23,38,1,3,-1,-1
111,148,860,458,244,140,1,4,-1,-1
111,149,250,601,362,226,1,4,-1,-1
111,242,518,31,23,41,1,1,-1,-1
111,243,638,187,23,65,1,1,-1,-1
111,317,1679,221,153,89,1,4,-1,-1
111,318,5,189,122,93,1,4,-1,-1
111,319,1321,459,70,93,1,2,-1,-1
112,6,489,78,97,59,1,4,-1,-1
112,18,1270,483,135,75,1,10,-1,-1
112,29,1286,91,28,48,1,1,-1,-1
112,30,652,202,22,47,1,1,-1,-1
112,40,2,349,53,47,1,10,-1,-1
112,48,819,676,306,207,1,4,-1,-1
112,49,789,131,29,59,1,1,-1,-1
112,50,204,864,473,204,1,4,-1,-1
112,64,2,317,36,71,1,2,-1,-1
112,65,498,185,23,47,1,1,-1,-1
112,66,1325,97,115,52,1,4,-1,-1
112,79,665,184,23,47,1,2,-1,-1
112,80,1302,296,176,122,1,5,-1,-1
112,81,1854,119,39,29,1,10,-1,-1
112,99,732,140,23,38,1,3,-1,-1
112,149,223,610,366,230,1,4,-1,-1
112,242,518,32,23,41,1,1,-1,-1
112,243,637,187,23,65,1,1,-1,-1
112,318,3,189,123,93,1,4,-1,-1
112,319,1312,461,70,93,1,2,-1,-1
113,6,488,79,97,59,1,4,-1,-1
113,18,1262,485,133,75,1,10,-1,-1
113,29,1286,92,28,48,1,1,-1,-1
113,30,651,202,22,47,1,1,-1,-1
113,40,1,349,52,47,1,10,-1,-1
113,48,834,673,304,205,1,4,-1,-1
113,49,788,131,29,59,1,1,-1,-1
113,50,226,858,470,210,1,4,-1,-1
113,64,1,318,35,71,1,2,-1,-1
113,65,493,186,24,49,1,1,-1,-1
113,66,1326,97,115,53,1,4,-1,-1
113,79,664,184,23,47,1,2,-1,-1
113,80,1290,299,177,124,1,5,-1,-1
113,81,1852,121,39,29,1,10,-1,-1
113,149,191,622,368,237,1,4,-1,-1
113,188,1663,226,160,94,1,4,-1,-1
113,318,2,189,122,93,1,4,-1,-1
113,319,1303,464,70,93,1,2,-1,-1
114,6,487,79,97,60,1,4,-1,-1
114,18,1254,487,131,75,1,10,-1,-1
114,29,1287,93,28,48,1,1,-1,-1
114,30,650,203,22,47,1,1,-1,-1
114,40,0,349,52,47,1,10,-1,-1
114,48,849,670,303,204,1,4,-1,-1
114,49,788,132,29,59,1,1,-1,-1
114,50,248,852,467,216,1,4,-1,-1
114,64,1,318,32,71,1,2,-1,-1
114,65,488,188,25,51,1,1,-1,-1
114,66,1327,98,115,53,1,4,-1,-1
114,79,668,180,25,53,1,1,-1,-1
114,80,1278,303,178,125,1,5,-1,-1
114,81,1851,122,39,29,1,10,-1,-1
114,121,1294,195,176,87,1,4,-1,-1
114,149,159,634,370,244,1,4,-1,-1
114,188,1658,230,160,94,1,4,-1,-1
114,244,518,33,23,41,1,1,-1,-1
114,245,731,142,23,39,1,3,-1,-1
114,318,1,189,122,93,1,4,-1,-1
114,319,1284,465,73,98,1,2,-1,-1
115,6,470,102,92,57,1,4,-1,-1
115,18,1246,490,130,75,1,10,-1,-1
115,29,1288,93,28,48,1,1,-1,-1
115,30,646,205,22,47,1,1,-1,-1
115,40,0,352,47,47,1,10,-1,-1
115,49,788,133,29,59,1,1,-1,-1
115,50,271,847,463,222,1,4,-1,-1
115,66,1328,98,115,54,1,4,-1,-1
115,79,660,186,24,49,1,2,-1,-1
115,80,1266,307,179,127,1,5,-1,-1
115,81,1849,123,39,29,1,10,-1,-1
115,121,1288,196,175,89,1,4,-1,-1
115,149,128,646,371,251,1,4,-1,-1
115,188,1653,234,160,94,1,4,-1,-1
115,244,518,34,23,41,1,1,-1,-1
115,245,731,143,23,39,1,3,-1,-1
115,318,0,189,122,93,1,4,-1,-1
115,319,1285,469,70,93,1,2,-1,-1
116,6,485,81,97,60,1,4,-1,-1
116,18,1237,495,130,75,1,10,-1,-1
116,29,1289,93,28,48,1,1,-1,-1
116,30,643,208,22,47,1,1,-1,-1
116,40,0,356,42,47,1,10,-1,-1
116,49,787,133,29,59,1,1,-1,-1
116,50,287,850,463,218,1,4,-1,-1
116,66,1329,98,115,55,1,4,-1,-1
116,79,657,189,24,50,1,2,-1,-1
116,80,1252,311,182,131,1,5,-1,-1
116,81,1848,125,39,29,1,10,-1,-1
116,121,1282,198,175,89,1,4,-1,-1
116,149,96,659,374,258,1,4,-1,-1
116,188,1648,238,160,94,1,4,-1,-1
116,244,518,35,23,41,1,1,-1,-1
116,245,730,144,23,40,1,3,-1,-1
116,320,1353,131,118,66,1,4,-1,-1
117,4,626,194,23,65,1,1,-1,-1
117,6,484,81,97,61,1,4,-1,-1
117,18,1228,500,131,76,1,10,-1,-1
117,29,1290,93,28,48,1,1,-1,-1
117,30,639,211,22,47,1,1,-1,-1
117,40,0,360,37,47,1,10,-1,-1
117,49,787,134,29,59,1,1,-1,-1
117,50,303,853,463,215,1,4,-1,-1
117,66,1331,99,114,54,1,4,-1,-1
117,79,653,191,25,53,1,2,-1,-1
117,80,1238,316,185,134,1,5,-1,-1
117,81,1846,126,39,29,1,10,-1,-1
117,121,1276,200,175,90,1,4,-1,-1
117,122,473,193,28,56,1,1,-1,-1
117,149,65,671,375,265,1,4,-1,-1
117,188,1643,242,160,94,1,4,-1,-1
117,244,518,35,23,41,1,1,-1,-1
117,245,730,145,23,40,1,3,-1,-1
117,246,0,188,110,92,1,4,-1,-1
117,320,1355,132,118,66,1,4,-1,-1
117,321,1854,109,22,36,1,2,-1,-1
118,4,623,196,23,65,1,1,-1,-1
118,6,483,82,97,61,1,4,-1,-1
118,18,1220,506,130,75,1,10,-1,-1
118,29,1291,94,28,48,1,1,-1,-1
118,30,636,214,22,47,1,1,-1,-1
118,50,319,856,463,211,1,4,-1,-1
118,66,1332,99,114,55,1,4,-1,-1
118,79,650,194,25,54,1,2,-1,-1
118,80,1224,321,188,138,1,5,-1,-1
118,81,1845,128,39,29,1,10,-1,-1
118,121,1276,204,171,89,1,4,-1,-1
118,122,469,195,28,58,1,1,-1,-1
118,149,33,683,377,272,1,4,-1,-1
118,188,1638,246,160,94,1,4,-1,-1
118,244,518,36,23,41,1,1,-1,-1
118,245,730,146,23,40,1,3,-1,-1
118,246,0,188,104,91,1,4,-1,-1
118,320,1356,133,118,66,1,4,-1,-1
118,321,1853,111,22,36,1,2,-1,-1
119,4,620,198,23,65,1,1,-1,-1
119,6,482,82,97,62,1,4,-1,-1
119,18,1211,511,131,76,1,10,-1,-1
119,30,633,217,22,47,1,1,-1,-1
119,50,336,859,463,208,1,4,-1,-1
119,66,1333,99,114,56,1,4,-1,-1
119,80,1210,326,191,141,1,5,-1,-1
119,81,1843,131,39,29,1,10,-1,-1
119,121,1277,209,167,87,1,4,-1,-1
119,122,463,196,28,60,1,1,-1,-1
119,188,1631,253,163,93,1,4,-1,-1
119,244,518,37,23,41,1,1,-1,-1
119,245,729,147,23,41,1,3,-1,-1
119,246,0,189,101,91,1,4,-1,-1
119,320,1357,134,118,66,1,4,-1,-1
119,321,1852,114,22,36,1,2,-1,-1
119,322,1297,749,344,243,1,4,-1,-1
120,4,617,201,23,65,1,1,-1,-1
120,6,481,83,97,62,1,4,-1,-1
120,18,1203,517,131,76,1,10,-1,-1
120,30,629,219,22,47,1,1,-1,-1
120,50,352,862,463,204,1,4,-1,-1
120,66,1334,100,114,56,1,4,-1,-1
120,80,1196,331,194,145,1,5,-1,-1
120,81,1842,134,39,29,1,10,-1,-1
120,121,1270,214,171,88,1,4,-1,-1
120,122,458,197,28,63,1,1,-1,-1
120,123,1293,100,28,48,1,1,-1,-1
120,150,940,674,300,200,1,4,-1,-1
120,246,0,190,98,91,1,4,-1,-1
120,320,1359,135,118,66,1,4,-1,-1
120,321,1851,117,22,36,1,2,-1,-1
120,322,1324,747,341,243,1,4,-1,-1
121,4,614,203,23,65,1,1,-1,-1
121,6,479,84,97,62,1,4,-1,-1
121,18,1227,504,70,94,1,2,-1,-1
121,30,626,222,22,47,1,1,-1,-1
121,50,368,865,463,201,1,4,-1,-1
121,66,1335,100,114,57,1,4,-1,-1
121,81,1841,137,39,29,1,10,-1,-1
121,82,517,38,23,41,1,1,-1,-1
121,121,1263,219,175,90,1,4,-1,-1
121,122,453,198,28,66,1,1,-1,-1
121,123,1294,103,28,48,1,1,-1,-1
121,150,955,677,300,200,1,4,-1,-1
121,246,0,191,95,91,1,4,-1,-1
121,247,728,149,23,42,1,3,-1,-1
121,248,1618,267,169,91,1,4,-1,-1
121,321,1851,121,22,36,1,2,-1,-1
121,322,1351,745,337,243,1,4,-1,-1
121,323,786,136,29,59,1,1,-1,-1
122,4,611,205,23,65,1,1,-1,-1
122,6,478,84,97,63,1,4,-1,-1
122,18,1218,511,70,96,1,2,-1,-1
122,50,385,869,463,197,1,4,-1,-1
122,66,1337,101,113,57,1,4,-1,-1
122,81,1850,124,22,36,1,2,-1,-1
122,82,517,39,23,41,1,1,-1,-1
122,121,1280,221,151,89,1,4,-1,-1
122,122,448,199,28,68,1,1,-1,-1
122,123,1295,106,28,48,1,1,-1,-1
122,150,970,679,300,200,1,4,-1,-1
122,189,1429,200,79,63,1,10,-1,-1
122,246,0,192,92,91,1,4,-1,-1
122,247,728,150,23,42,1,3,-1,-1
122,248,1615,272,170,94,1,4,-1,-1
122,249,1361,136,119,67,1,4,-1,-1
122,250,1465,200,40,59,1,2,-1,-1
122,322,1378,744,334,243,1,4,-1,-1
122,323,785,136,29,59,1,1,-1,-1
123,4,608,208,23,65,1,1,-1,-1
123,6,477,85,97,63,1,4,-1,-1
123,18,1210,519,69,97,1,2,-1,-1
123,66,1338,101,113,58,1,4,-1,-1
123,82,517,39,23,41,1,1,-1,-1
123,122,443,200,28,71,1,1,-1,-1
123,123,1290,100,29,50,1,1,-1,-1
123,150,985,682,300,200,1,4,-1,-1
123,189,1425,204,79,63,1,10,-1,-1
123,247,728,151,23,42,1,3,-1,-1
123,248,1612,278,171,96,1,4,-1,-1
123,249,1362,137,119,67,1,4,-1,-1
123,250,1456,195,32,51,1,2,-1,-1
123,251,1731,179,118,72,1,4,-1,-1
123,322,1405,745,331,240,1,4,-1,-1
123,323,785,137,29,59,1,1,-1,-1
124,4,605,210,23,65,1,1,-1,-1
124,18,1201,526,69,98,1,2,-1,-1
124,82,517,40,23,41,1,1,-1,-1
124,122,438,202,28,73,1,1,-1,-1
124,123,1297,112,28,48,1,1,-1,-1
124,150,1001,684,300,200,1,4,-1,-1
124,189,1421,209,79,63,1,10,-1,-1
124,190,608,568,298,186,1,4,-1,-1
124,247,727,152,23,43,1,3,-1,-1
124,248,1609,283,172,99,1,4,-1,-1
124,249,1364,138,118,67,1,4,-1,-1
124,250,1451,198,32,51,1,2,-1,-1
124,251,1733,182,118,72,1,4,-1,-1
124,252,1150,371,200,145,1,5,-1,-1
124,323,785,138,29,59,1,1,-1,-1
125,4,602,212,23,65,1,1,-1,-1
125,18,1177,554,148,86,1,10,-1,-1
125,31,1841,150,40,29,1,10,-1,-1
125,82,517,41,23,41,1,1,-1,-1
125,122,432,206,29,73,1,1,-1,-1
125,123,1299,115,28,48,1,1,-1,-1
125,150,1016,687,300,200,1,4,-1,-1
125,151,1237,265,175,55,1,4,-1,-1
125,189,1417,213,79,64,1,10,-1,-1
125,190,585,581,303,191,1,4,-1,-1
125,247,727,153,23,43,1,3,-1,-1
125,248,1606,289,173,102,1,4,-1,-1
125,249,1365,139,119,67,1,4,-1,-1
125,250,1446,202,32,51,1,2,-1,-1
125,251,1734,185,118,72,1,4,-1,-1
125,252,1134,379,205,148,1,5,-1,-1
125,253,1340,102,113,59,1,4,-1,-1
125,254,1460,748,324,234,1,4,-1,-1
125,323,784,139,29,60,1,1,-1,-1
126,4,599,215,23,65,1,1,-1,-1
126,18,1138,564,131,76,1,10,-1,-1
126,31,1843,154,39,29,1,10,-1,-1
126,82,517,41,23,41,1,1,-1,-1
126,123,1301,117,28,48,1,1,-1,-1
126,150,1031,689,300,200,1,4,-1,-1
126,151,1229,268,179,55,1,4,-1,-1
126,189,1401,229,76,62,1,10,-1,-1
126,190,562,594,309,196,1,4,-1,-1
126,247,726,154,23,43,1,3,-1,-1
126,248,1603,295,174,104,1,4,-1,-1
126,249,1366,140,119,67,1,4,-1,-1
126,250,1441,205,32,51,1,2,-1,-1
126,251,1735,188,118,72,1,4,-1,-1
126,252,1119,388,210,151,1,5,-1,-1
126,253,1341,102,113,60,1,4,-1,-1
126,254,1488,750,321,231,1,4,-1,-1
127,4,596,217,23,65,1,1,-1,-1
127,18,1128,572,131,76,1,10,-1,-1
127,31,1844,157,40,29,1,10,-1,-1
127,82,517,42,23,41,1,1,-1,-1
127,123,1302,120,29,48,1,1,-1,-1
127,150,1047,692,300,200,1,4,-1,-1
127,151,1221,272,183,55,1,4,-1,-1
127,189,1410,223,79,64,1,10,-1,-1
127,190,533,610,318,204,1,4,-1,-1
127,249,1368,141,119,67,1,4,-1,-1
127,250,1435,208,33,51,1,2,-1,-1
127,251,1737,191,118,72,1,4,-1,-1
127,252,1103,397,216,154,1,5,-1,-1
127,253,1343,103,112,60,1,4,-1,-1
127,254,1518,751,309,232,1,4,-1,-1
127,255,1459,202,33,46,1,2,-1,-1
128,4,593,219,23,65,1,1,-1,-1
128,31,1845,161,40,29,1,10,-1,-1
128,82,517,43,23,41,1,1,-1,-1
128,100,472,88,97,65,1,4,-1,-1
128,123,1304,122,29,48,1,1,-1,-1
128,124,725,156,23,44,1,3,-1,-1
128,151,1213,276,187,55,1,4,-1,-1
128,189,1406,226,79,64,1,10,-1,-1
128,190,505,627,327,212,1,4,-1,-1
128,251,1737,194,120,73,1,4,-1,-1
128,252,1088,406,221,157,1,5,-1,-1
128,253,1346,105,112,61,1,4,-1,-1
128,254,1548,752,297,233,1,4,-1,-1
128,255,1456,206,33,45,1,2,-1,-1
129,4,591,222,23,65,1,1,-1,-1
129,31,1847,165,40,29,1,10,-1,-1
129,82,517,43,23,41,1,1,-1,-1
129,83,1083,700,300,206,1,4,-1,-1
129,100,470,89,97,65,1,4,-1,-1
129,124,725,157,23,44,1,3,-1,-1
129,151,1205,276,191,59,1,4,-1,-1
129,190,476,644,336,219,1,4,-1,-1
129,191,1112,604,131,76,1,10,-1,-1
129,252,1072,415,227,163,1,5,-1,-1
129,253,1349,108,112,61,1,4,-1,-1
129,254,1579,754,285,234,1,4,-1,-1
129,255,1453,209,33,45,1,2,-1,-1
130,4,585,226,23,65,1,1,-1,-1
130,31,1847,167,40,29,1,10,-1,-1
130,51,1399,232,79,64,1,10,-1,-1
130,82,517,44,23,41,1,1,-1,-1
130,83,1101,704,300,209,1,4,-1,-1
130,100,469,89,97,66,1,4,-1,-1
130,124,725,158,23,45,1,3,-1,-1
130,151,1197,276,195,63,1,4,-1,-1
130,190,448,661,345,227,1,4,-1,-1
130,191,1104,620,131,76,1,10,-1,-1
130,253,1353,111,112,61,1,4,-1,-1
130,254,1609,755,273,235,1,4,-1,-1
130,255,1450,213,34,45,1,2,-1,-1
130,256,1738,200,123,75,1,4,-1,-1
131,4,580,230,23,65,1,1,-1,-1
131,31,1848,170,40,29,1,10,-1,-1
131,51,1396,235,78,64,1,10,-1,-1
131,82,517,45,23,41,1,1,-1,-1
131,83,1119,709,300,212,1,4,-1,-1
131,100,465,94,99,67,1,4,-1,-1
131,124,724,159,23,45,1,3,-1,-1
131,151,1191,280,196,62,1,4,-1,-1
131,191,1093,633,131,79,1,10,-1,-1
131,255,1445,216,34,45,1,2,-1,-1
131,256,1738,204,125,75,1,4,-1,-1
131,324,1041,434,238,175,1,5,-1,-1
132,4,585,254,22,58,1,2,-1,-1
132,31,1849,173,40,29,1,10,-1,-1
132,51,1392,238,78,64,1,10,-1,-1
132,52,597,234,29,77,1,2,-1,-1
132,83,1137,713,300,215,1,4,-1,-1
132,100,442,93,114,79,1,4,-1,-1
132,124,724,160,23,45,1,3,-1,-1
132,125,1585,329,185,126,1,4,-1,-1
132,151,1185,284,197,61,1,4,-1,-1
132,191,1082,647,131,81,1,10,-1,-1
132,255,1440,219,34,45,1,2,-1,-1
132,256,1739,207,126,76,1,4,-1,-1
132,257,390,234,39,76,1,1,-1,-1
132,258,1359,117,112,61,1,4,-1,-1
132,324,1026,443,243,182,1,5,-1,-1
133,4,576,263,22,49,1,1,-1,-1
133,31,1849,175,40,29,1,10,-1,-1
133,51,1389,241,78,64,1,10,-1,-1
133,52,592,239,29,76,1,2,-1,-1
133,53,569,238,23,65,1,1,-1,-1
133,83,1155,717,300,218,1,4,-1,-1
133,100,466,91,97,67,1,4,-1,-1
133,124,723,161,23,46,1,3,-1,-1
133,125,1581,335,188,131,1,4,-1,-1
133,191,1071,661,131,83,1,10,-1,-1
133,256,1739,210,128,77,1,4,-1,-1
133,257,381,238,39,76,1,1,-1,-1
133,258,1363,120,112,61,1,4,-1,-1
133,324,1011,453,248,188,1,5,-1,-1
134,4,571,267,22,50,1,1,-1,-1
134,31,1850,178,40,29,1,10,-1,-1
134,51,1385,244,78,64,1,10,-1,-1
134,52,587,243,29,77,1,2,-1,-1
134,53,564,242,23,65,1,1,-1,-1
134,83,1174,722,300,221,1,4,-1,-1
134,100,465,92,97,67,1,4,-1,-1
134,124,723,162,23,46,1,3,-1,-1
134,125,1578,341,191,135,1,4,-1,-1
134,126,1394,155,119,67,1,4,-1,-1
134,191,1060,675,131,85,1,10,-1,-1
134,256,1740,213,129,78,1,4,-1,-1
134,257,372,242,40,76,1,1,-1,-1
134,258,1366,123,112,61,1,4,-1,-1
134,324,990,463,255,196,1,5,-1,-1
135,4,565,272,22,50,1,1,-1,-1
135,31,1851,181,40,29,1,10,-1,-1
135,51,1381,248,79,64,1,10,-1,-1
135,52,581,247,29,77,1,2,-1,-1
135,53,559,246,23,65,1,1,-1,-1
135,54,512,50,23,41,1,1,-1,-1
135,83,1193,727,300,222,1,4,-1,-1
135,100,464,92,97,68,1,4,-1,-1
135,124,723,163,23,47,1,3,-1,-1
135,125,1575,347,194,140,1,4,-1,-1
135,126,1398,157,119,67,1,4,-1,-1
135,191,1077,656,62,102,1,2,-1,-1
135,256,1740,217,131,78,1,4,-1,-1
135,257,364,247,39,76,1,1,-1,-1
135,258,1370,126,112,61,1,4,-1,-1
135,324,969,474,262,204,1,5,-1,-1
135,325,779,159,29,69,1,1,-1,-1
136,4,559,276,22,51,1,1,-1,-1
136,31,1849,184,40,29,1,10,-1,-1
136,51,1372,237,86,71,1,10,-1,-1
136,52,576,252,29,76,1,2,-1,-1
136,53,553,250,23,65,1,1,-1,-1
136,54,512,52,23,41,1,1,-1,-1
136,83,1212,732,300,223,1,4,-1,-1
136,100,463,93,97,68,1,4,-1,-1
136,124,719,165,24,47,1,3,-1,-1
136,125,1573,358,194,140,1,4,-1,-1
136,126,1398,159,119,67,1,4,-1,-1
136,257,355,251,40,76,1,1,-1,-1
136,258,1369,127,112,61,1,4,-1,-1
136,325,778,161,29,70,1,1,-1,-1
136,326,1420,231,34,45,1,2,-1,-1
137,4,554,281,22,51,1,1,-1,-1
137,31,1859,169,22,36,1,2,-1,-1
137,41,1027,716,131,92,1,10,-1,-1
137,51,1374,255,79,64,1,10,-1,-1
137,52,571,256,29,77,1,2,-1,-1
137,53,548,254,23,65,1,1,-1,-1
137,54,512,54,23,41,1,1,-1,-1
137,55,927,495,276,221,1,5,-1,-1
137,83,1231,737,300,225,1,4,-1,-1
137,100,462,94,97,69,1,4,-1,-1
137,125,1571,369,194,140,1,4,-1,-1
137,126,1398,161,120,67,1,4,-1,-1
137,127,1741,223,134,80,1,4,-1,-1
137,192,1152,293,197,71,1,4,-1,-1
137,257,347,256,40,76,1,1,-1,-1
137,258,1369,129,112,61,1,4,-1,-1
137,325,778,163,29,71,1,1,-1,-1
137,326,1415,235,34,46,1,2,-1,-1
138,4,548,285,22,52,1,1,-1,-1
138,31,1858,171,22,36,1,2,-1,-1
138,41,1017,730,131,94,1,10,-1,-1
138,51,1386,243,38,61,1,2,-1,-1
138,52,566,260,29,77,1,2,-1,-1
138,53,543,258,23,65,1,1,-1,-1
138,54,508,57,23,41,1,1,-1,-1
138,55,902,510,281,227,1,5,-1,-1
138,56,1055,697,68,113,1,2,-1,-1
138,83,1250,742,300,226,1,4,-1,-1
138,125,1570,381,194,140,1,4,-1,-1
138,126,1398,163,121,67,1,4,-1,-1
138,127,1742,227,136,81,1,4,-1,-1
138,192,1145,287,199,81,1,4,-1,-1
138,325,773,166,29,71,1,1,-1,-1
138,326,1411,240,34,46,1,2,-1,-1
139,4,543,290,22,52,1,1,-1,-1
139,31,1857,173,22,36,1,2,-1,-1
139,41,1000,749,133,93,1,10,-1,-1
139,51,1386,247,33,52,1,2,-1,-1
139,52,561,265,29,77,1,2,-1,-1
139,53,538,263,23,65,1,1,-1,-1
139,54,504,60,23,41,1,1,-1,-1
139,55,878,525,286,233,1,5,-1,-1
139,56,1040,711,67,112,1,2,-1,-1
139,83,1269,747,300,228,1,4,-1,-1
139,101,1363,263,79,64,1,10,-1,-1
139,125,1563,391,197,141,1,4,-1,-1
139,126,1398,165,122,67,1,4,-1,-1
139,127,1739,230,138,82,1,4,-1,-1
139,192,1139,282,200,91,1,4,-1,-1
139,259,323,265,40,76,1,1,-1,-1
139,260,451,98,97,69,1,4,-1,-1
139,325,768,169,29,71,1,1,-1,-1
139,326,1406,245,34,46,1,2,-1,-1
140,4,533,293,22,54,1,1,-1,-1
140,41,983,768,136,93,1,10,-1,-1
140,51,1381,253,33,52,1,2,-1,-1
140,52,551,271,30,77,1,2,-1,-1
140,53,527,268,23,65,1,1,-1,-1
140,54,501,63,23,41,1,1,-1,-1
140,55,853,540,291,239,1,5,-1,-1
140,56,1024,731,67,112,1,2,-1,-1
140,101,1356,268,79,64,1,10,-1,-1
140,125,1557,401,199,142,1,4,-1,-1
140,126,1399,168,121,66,1,4,-1,-1
140,127,1737,233,140,84,1,4,-1,-1
140,128,705,176,26,47,1,3,-1,-1
140,129,1843,196,40,29,1,10,-1,-1
140,192,1127,297,203,79,1,4,-1,-1
140,259,311,269,40,76,1,1,-1,-1
140,260,446,100,97,69,1,4,-1,-1
140,326,1402,250,34,46,1,2,-1,-1
141,4,523,296,22,57,1,1,-1,-1
141,41,966,788,139,92,1,10,-1,-1
141,51,1397,253,34,46,1,2,-1,-1
141,52,541,277,31,77,1,2,-1,-1
141,53,517,274,23,65,1,1,-1,-1
141,54,494,63,23,41,1,1,-1,-1
141,55,829,555,296,245,1,5,-1,-1
141,56,1008,751,66,113,1,2,-1,-1
141,101,1349,273,79,64,1,10,-1,-1
141,126,1399,170,122,66,1,4,-1,-1
141,127,1735,236,141,85,1,4,-1,-1
141,128,702,179,26,46,1,3,-1,-1
141,129,1842,199,40,29,1,10,-1,-1
141,152,758,175,29,71,1,1,-1,-1
141,192,1115,299,207,82,1,4,-1,-1
141,259,299,274,40,76,1,1,-1,-1
141,260,441,102,97,69,1,4,-1,-1
142,4,513,299,22,59,1,1,-1,-1
142,41,949,807,142,92,1,10,-1,-1
142,51,1392,257,34,46,1,2,-1,-1
142,52,531,283,32,77,1,2,-1,-1
142,53,507,280,23,65,1,1,-1,-1
142,54,487,64,23,41,1,1,-1,-1
142,55,805,571,301,251,1,5,-1,-1
142,56,992,771,66,113,1,2,-1,-1
142,101,1334,279,71,58,1,10,-1,-1
142,126,1405,157,146,78,1,4,-1,-1
142,127,1733,239,143,87,1,4,-1,-1
142,128,699,182,26,46,1,3,-1,-1
142,129,1840,202,40,29,1,10,-1,-1
142,152,754,179,29,71,1,1,-1,-1
142,192,1104,301,210,85,1,4,-1,-1
142,259,288,279,40,76,1,1,-1,-1
142,260,436,104,97,69,1,4,-1,-1
142,261,1367,136,112,61,1,4,-1,-1
143,4,503,303,22,61,1,1,-1,-1
143,41,932,826,145,92,1,10,-1,-1
143,52,521,289,34,77,1,2,-1,-1
143,53,497,286,23,65,1,1,-1,-1
143,54,485,66,23,41,1,1,-1,-1
143,55,779,588,311,259,1,5,-1,-1
143,56,975,792,66,113,1,2,-1,-1
143,101,1338,282,79,64,1,10,-1,-1
143,127,1731,242,144,88,1,4,-1,-1
143,128,695,184,27,47,1,3,-1,-1
143,129,1839,205,40,29,1,10,-1,-1
143,152,752,181,27,71,1,1,-1,-1
143,192,1092,304,214,87,1,4,-1,-1
143,259,277,285,40,76,1,1,-1,-1
143,260,431,106,97,69,1,4,-1,-1
143,261,1367,138,112,61,1,4,-1,-1
144,4,496,310,22,61,1,1,-1,-1
144,41,915,846,148,91,1,10,-1,-1
144,52,512,294,34,77,1,2,-1,-1
144,53,489,291,23,66,1,1,-1,-1
144,54,484,68,23,41,1,1,-1,-1
144,55,754,605,321,268,1,5,-1,-1
144,56,959,812,66,113,1,2,-1,-1
144,101,1334,287,79,64,1,10,-1,-1
144,127,1729,245,146,90,1,4,-1,-1
144,128,692,187,27,46,1,3,-1,-1
144,129,1839,209,40,29,1,10,-1,-1
144,152,751,184,25,70,1,1,-1,-1
144,259,266,291,40,76,1,1,-1,-1
144,260,428,108,97,69,1,4,-1,-1
144,261,1367,140,112,61,1,4,-1,-1
145,4,489,318,22,61,1,1,-1,-1
145,41,899,865,150,90,1,10,-1,-1
145,53,482,296,22,67,1,1,-1,-1
145,54,483,71,23,41,1,1,-1,-1
145,55,728,622,332,276,1,5,-1,-1
145,56,943,832,65,114,1,2,-1,-1
145,101,1330,292,79,64,1,10,-1,-1
145,127,1727,248,147,91,1,4,-1,-1
145,128,688,190,28,46,1,3,-1,-1
145,129,1851,194,23,36,1,2,-1,-1
145,152,750,186,22,70,1,1,-1,-1
145,261,1362,142,115,60,1,4,-1,-1
146,4,482,326,22,61,1,1,-1,-1
146,41,882,885,153,89,1,10,-1,-1
146,54,476,72,23,41,1,1,-1,-1
146,55,703,639,342,285,1,5,-1,-1
146,56,927,852,65,114,1,2,-1,-1
146,101,1326,296,79,64,1,10,-1,-1
146,128,685,192,28,47,1,3,-1,-1
146,129,1851,200,23,36,1,2,-1,-1
146,152,749,189,20,70,1,1,-1,-1
146,261,1357,144,118,60,1,4,-1,-1
147,4,475,333,22,61,1,1,-1,-1
147,41,865,904,156,89,1,10,-1,-1
147,54,469,73,23,41,1,1,-1,-1
147,55,667,669,351,291,1,5,-1,-1
147,56,910,873,65,114,1,2,-1,-1
147,101,1322,301,79,64,1,10,-1,-1
147,128,681,195,29,46,1,3,-1,-1
147,129,1851,206,23,36,1,2,-1,-1
147,152,748,192,29,71,1,1,-1,-1
147,261,1353,146,121,60,1,4,-1,-1
148,4,468,341,22,61,1,1,-1,-1
148,41,848,923,159,89,1,10,-1,-1
148,55,632,699,359,297,1,5,-1,-1
148,56,894,893,65,114,1,2,-1,-1
148,84,1458,792,307,245,1,4,-1,-1
148,85,1843,229,40,29,1,10,-1,-1
148,101,1318,306,79,64,1,10,-1,-1
148,128,678,198,29,46,1,3,-1,-1
148,129,1851,213,23,36,1,2,-1,-1
148,152,740,197,29,71,1,1,-1,-1
149,4,461,349,22,61,1,1,-1,-1
149,24,1344,150,127,60,1,4,-1,-1
149,41,831,943,162,88,1,10,-1,-1
149,55,597,729,367,303,1,5,-1,-1
149,56,878,913,64,115,1,2,-1,-1
149,84,1469,792,307,245,1,4,-1,-1
149,85,1827,230,40,29,1,10,-1,-1
149,262,398,119,98,70,1,4,-1,-1
149,327,1507,494,226,168,1,4,-1,-1
150,24,1339,152,130,60,1,4,-1,-1
150,41,814,962,165,88,1,10,-1,-1
150,56,862,933,64,115,1,2,-1,-1
150,84,1480,793,307,245,1,4,-1,-1
150,85,1811,232,40,29,1,10,-1,-1
150,262,380,122,99,70,1,4,-1,-1
150,327,1492,502,229,173,1,4,-1,-1
151,24,1335,154,133,60,1,4,-1,-1
151,84,1491,794,307,245,1,4,-1,-1
151,85,1796,233,40,29,1,10,-1,-1
151,130,1295,301,31,58,1,2,-1,-1
151,193,1665,265,147,103,1,4,-1,-1
151,262,362,124,100,70,1,4,-1,-1
151,327,1477,510,232,178,1,4,-1,-1
151,328,1386,191,124,66,1,4,-1,-1
152,19,1255,323,86,64,1,10,-1,-1
152,24,1324,154,133,62,1,4,-1,-1
152,84,1502,794,307,245,1,4,-1,-1
152,85,1780,235,40,29,1,10,-1,-1
152,130,1302,301,33,54,1,2,-1,-1
152,153,382,340,22,70,1,1,-1,-1
152,193,1653,268,146,105,1,4,-1,-1
152,262,344,127,101,70,1,4,-1,-1
152,327,1462,518,234,183,1,4,-1,-1
152,328,1373,190,124,70,1,4,-1,-1
153,19,1240,327,87,64,1,10,-1,-1
153,24,1313,155,133,63,1,4,-1,-1
153,84,1513,795,307,245,1,4,-1,-1
153,85,1765,237,40,29,1,10,-1,-1
153,130,1288,304,33,55,1,2,-1,-1
153,131,669,213,30,72,1,1,-1,-1
153,132,1852,216,41,23,1,10,-1,-1
153,153,373,350,35,82,1,2,-1,-1
153,154,357,370,34,65,1,1,-1,-1
153,193,1641,271,146,107,1,4,-1,-1
153,262,326,129,102,70,1,4,-1,-1
153,327,1447,526,237,188,1,4,-1,-1
153,328,1360,190,124,74,1,4,-1,-1
154,19,1242,310,39,75,1,2,-1,-1
154,24,1302,155,133,65,1,4,-1,-1
154,84,1525,796,307,245,1,4,-1,-1
154,85,1762,242,40,29,1,10,-1,-1
154,130,1275,308,33,55,1,2,-1,-1
154,131,660,216,32,72,1,1,-1,-1
154,132,1850,221,41,23,1,10,-1,-1
154,153,361,358,35,82,1,2,-1,-1
154,154,346,375,32,65,1,1,-1,-1
154,193,1629,274,146,109,1,4,-1,-1
154,262,309,132,103,70,1,4,-1,-1
154,328,1347,189,124,78,1,4,-1,-1
155,19,1237,321,31,61,1,2,-1,-1
155,24,1291,156,133,66,1,4,-1,-1
155,84,1547,798,298,245,1,4,-1,-1
155,85,1760,248,40,29,1,10,-1,-1
155,102,1431,546,242,200,1,4,-1,-1
155,130,1261,312,33,55,1,2,-1,-1
155,131,651,220,34,72,1,1,-1,-1
155,132,1849,227,41,23,1,10,-1,-1
155,153,349,366,35,82,1,2,-1,-1
155,154,335,380,30,65,1,1,-1,-1
155,193,1626,279,148,109,1,4,-1,-1
155,328,1334,189,124,82,1,4,-1,-1
156,19,1223,326,31,61,1,2,-1,-1
156,24,1292,158,133,66,1,4,-1,-1
156,84,1570,801,289,245,1,4,-1,-1
156,85,1758,253,40,29,1,10,-1,-1
156,102,1430,559,245,205,1,4,-1,-1
156,130,1248,316,33,55,1,2,-1,-1
156,131,649,223,34,74,1,1,-1,-1
156,132,1847,233,41,23,1,10,-1,-1
156,153,338,374,35,82,1,2,-1,-1
156,154,324,385,28,65,1,1,-1,-1
156,193,1623,284,150,109,1,4,-1,-1
156,329,299,136,103,70,1,4,-1,-1
156,330,884,348,234,106,1,4,-1,-1
157,19,1210,332,31,61,1,2,-1,-1
157,24,1293,161,133,66,1,4,-1,-1
157,84,1592,804,281,245,1,4,-1,-1
157,85,1756,259,40,29,1,10,-1,-1
157,102,1429,571,248,211,1,4,-1,-1
157,130,1235,320,33,55,1,2,-1,-1
157,131,647,226,34,76,1,1,-1,-1
157,132,1846,238,41,23,1,10,-1,-1
157,133,582,223,29,47,1,3,-1,-1
157,153,326,382,35,82,1,2,-1,-1
157,154,313,390,26,65,1,1,-1,-1
157,155,1178,345,94,64,1,10,-1,-1
157,193,1620,289,152,110,1,4,-1,-1
157,329,294,138,103,70,1,4,-1,-1
157,330,873,352,238,106,1,4,-1,-1
158,19,1203,336,31,61,1,2,-1,-1
158,24,1294,163,133,66,1,4,-1,-1
158,84,1615,807,272,245,1,4,-1,-1
158,85,1754,265,40,29,1,10,-1,-1
158,102,1427,584,252,216,1,4,-1,-1
158,130,1229,323,33,55,1,2,-1,-1
158,131,645,227,34,76,1,1,-1,-1
158,132,1844,244,41,23,1,10,-1,-1
158,133,579,225,31,47,1,3,-1,-1
158,153,315,390,35,82,1,2,-1,-1
158,154,303,396,23,64,1,1,-1,-1
158,155,1170,350,94,64,1,10,-1,-1
158,329,289,141,103,70,1,4,-1,-1
158,330,862,356,242,106,1,4,-1,-1
158,331,1767,238,23,36,1,2,-1,-1
159,19,1197,340,31,61,1,2,-1,-1
159,24,1295,166,134,66,1,4,-1,-1
159,102,1426,596,255,222,1,4,-1,-1
159,130,1224,326,33,55,1,2,-1,-1
159,131,643,229,34,76,1,1,-1,-1
159,132,1843,250,41,23,1,10,-1,-1
159,133,577,228,32,47,1,3,-1,-1
159,153,303,395,34,82,1,2,-1,-1
159,154,293,400,23,64,1,1,-1,-1
159,155,1162,355,94,64,1,10,-1,-1
159,329,286,143,105,70,1,4,-1,-1
159,330,851,361,246,105,1,4,-1,-1
159,331,1767,244,23,36,1,2,-1,-1
160,19,1191,344,31,61,1,2,-1,-1
160,24,1297,168,133,66,1,4,-1,-1
160,102,1425,609,258,228,1,4,-1,-1
160,131,642,231,34,76,1,1,-1,-1
160,132,1841,253,41,23,1,10,-1,-1
160,133,575,231,33,47,1,3,-1,-1
160,154,284,405,23,64,1,1,-1,-1
160,155,1154,361,94,64,1,10,-1,-1
160,329,283,146,107,70,1,4,-1,-1
160,330,840,365,250,105,1,4,-1,-1
160,331,1767,250,23,36,1,2,-1,-1
161,19,1179,347,30,61,1,2,-1,-1
161,24,1298,171,133,66,1,4,-1,-1
161,86,1344,205,124,82,1,4,-1,-1
161,102,1419,619,261,232,1,4,-1,-1
161,131,638,233,34,76,1,1,-1,-1
161,132,1840,257,41,23,1,10,-1,-1
161,133,573,234,34,46,1,3,-1,-1
161,155,1144,366,97,63,1,10,-1,-1
161,194,1207,333,33,55,1,2,-1,-1
161,331,1767,256,23,36,1,2,-1,-1
161,332,208,48,29,48,1,1,-1,-1
162,19,1167,351,30,61,1,2,-1,-1
162,24,1299,173,134,66,1,4,-1,-1
162,86,1345,207,124,82,1,4,-1,-1
162,87,277,152,112,70,1,4,-1,-1
162,102,1414,629,263,237,1,4,-1,-1
162,133,571,237,35,46,1,3,-1,-1
162,155,1135,372,99,62,1,10,-1,-1
162,194,1195,337,33,55,1,2,-1,-1
162,331,1767,262,23,36,1,2,-1,-1
162,332,206,50,29,48,1,1,-1,-1
163,19,1155,354,30,61,1,2,-1,-1
163,24,1300,176,134,66,1,4,-1,-1
163,86,1347,210,124,82,1,4,-1,-1
163,87,262,153,111,71,1,4,-1,-1
163,102,1409,639,265,242,1,4,-1,-1
163,133,569,240,36,46,1,3,-1,-1
163,155,1126,377,101,61,1,10,-1,-1
163,194,1183,341,33,55,1,2,-1,-1
163,263,1602,319,164,112,1,4,-1,-1
163,332,205,52,29,48,1,1,-1,-1
163,333,631,237,34,76,1,1,-1,-1
164,19,1143,358,30,61,1,2,-1,-1
164,24,1301,178,134,66,1,4,-1,-1
164,86,1349,213,124,82,1,4,-1,-1
164,87,247,155,111,72,1,4,-1,-1
164,102,1419,643,245,225,1,4,-1,-1
164,133,559,242,36,46,1,3,-1,-1
164,155,1117,383,103,60,1,10,-1,-1
164,194,1171,345,33,55,1,2,-1,-1
164,263,1600,324,166,113,1,4,-1,-1
164,332,203,54,29,48,1,1,-1,-1
164,333,628,239,34,76,1,1,-1,-1
165,19,1131,361,30,61,1,2,-1,-1
165,86,1351,216,124,82,1,4,-1,-1
165,87,232,156,111,73,1,4,-1,-1
165,133,549,244,36,46,1,3,-1,-1
165,194,1159,349,33,55,1,2,-1,-1
165,263,1576,309,141,95,1,4,-1,-1
165,264,1823,268,41,23,1,10,-1,-1
165,332,202,56,29,48,1,1,-1,-1
165,333,625,242,34,76,1,1,-1,-1
165,334,836,346,35,61,1,2,-1,-1
166,19,1119,365,30,61,1,2,-1,-1
166,86,1334,214,130,84,1,4,-1,-1
166,87,217,158,110,74,1,4,-1,-1
166,103,1393,670,272,255,1,4,-1,-1
166,194,1147,353,33,55,1,2,-1,-1
166,263,1559,326,168,113,1,4,-1,-1
166,264,1809,268,41,23,1,10,-1,-1
166,265,1637,488,194,152,1,4,-1,-1
166,333,611,244,35,77,1,1,-1,-1
166,334,821,346,35,61,1,2,-1,-1
167,19,1107,369,30,61,1,2,-1,-1
167,32,1759,276,142,107,1,4,-1,-1
167,86,1317,212,136,86,1,4,-1,-1
167,87,202,159,110,76,1,4,-1,-1
167,103,1373,676,273,259,1,4,-1,-1
167,194,1135,357,33,55,1,2,-1,-1
167,263,1539,328,169,112,1,4,-1,-1
167,264,1795,268,41,23,1,10,-1,-1
167,265,1625,495,195,155,1,4,-1,-1
167,333,597,246,34,76,1,1,-1,-1
167,334,812,346,41,52,1,1,-1,-1
168,19,1107,358,33,55,1,2,-1,-1
168,32,1741,276,143,107,1,4,-1,-1
168,86,1300,210,142,88,1,4,-1,-1
168,87,187,161,110,76,1,4,-1,-1
168,103,1353,682,275,264,1,4,-1,-1
168,104,714,379,255,115,1,4,-1,-1
168,156,1080,368,32,64,1,2,-1,-1
168,263,1519,329,170,113,1,4,-1,-1
168,264,1781,268,41,23,1,10,-1,-1
168,265,1613,502,197,158,1,4,-1,-1
168,266,791,348,35,61,1,2,-1,-1
168,334,799,347,41,52,1,1,-1,-1
169,32,1724,277,143,107,1,4,-1,-1
169,86,1284,208,148,91,1,4,-1,-1
169,87,172,162,109,78,1,4,-1,-1
169,103,1333,688,277,269,1,4,-1,-1
169,104,690,382,255,115,1,4,-1,-1
169,156,1071,342,40,71,1,1,-1,-1
169,264,1760,268,41,23,1,10,-1,-1
169,265,1592,505,198,161,1,4,-1,-1
169,266,777,349,35,61,1,2,-1,-1
169,334,787,348,41,52,1,1,-1,-1
170,32,1707,278,143,107,1,4,-1,-1
170,86,1269,207,148,91,1,4,-1,-1
170,87,157,164,109,78,1,4,-1,-1
170,103,1313,694,279,274,1,4,-1,-1
170,104,667,386,255,115,1,4,-1,-1
170,156,1056,342,40,71,1,1,-1,-1
170,264,1740,268,41,23,1,10,-1,-1
170,265,1572,509,198,163,1,4,-1,-1
170,266,763,350,35,61,1,2,-1,-1
170,335,546,252,34,76,1,1,-1,-1
171,32,1690,279,143,107,1,4,-1,-1
171,86,1254,206,148,91,1,4,-1,-1
171,87,142,165,109,80,1,4,-1,-1
171,88,1731,246,23,35,1,2,-1,-1
171,103,1293,700,281,279,1,4,-1,-1
171,104,647,385,258,115,1,4,-1,-1
171,156,1041,343,40,71,1,1,-1,-1
171,195,1024,362,33,55,1,2,-1,-1
171,265,1551,513,199,165,1,4,-1,-1
171,266,750,351,35,61,1,2,-1,-1
171,335,528,252,34,76,1,1,-1,-1
172,32,1673,280,143,107,1,4,-1,-1
172,87,127,167,109,81,1,4,-1,-1
172,88,1723,246,23,35,1,2,-1,-1
172,103,1288,709,281,282,1,4,-1,-1
172,104,628,385,261,114,1,4,-1,-1
172,156,1039,342,40,73,1,1,-1,-1
172,157,1204,171,134,67,1,4,-1,-1
172,195,1011,363,33,55,1,2,-1,-1
172,196,44,474,36,89,1,2,-1,-1
172,266,737,353,35,60,1,2,-1,-1
172,335,515,255,35,77,1,1,-1,-1
172,336,1626,271,23,35,1,2,-1,-1
173,32,1656,281,143,107,1,4,-1,-1
173,88,1716,246,23,35,1,2,-1,-1
173,103,1283,718,281,285,1,4,-1,-1
173,104,609,385,263,113,1,4,-1,-1
173,156,1037,341,40,76,1,1,-1,-1
173,157,1204,171,134,67,1,4,-1,-1
173,158,1525,521,201,169,1,4,-1,-1
173,195,998,365,33,55,1,2,-1,-1
173,196,34,475,37,90,1,2,-1,-1
173,266,736,352,35,60,1,2,-1,-1
173,267,1254,199,144,88,1,4,-1,-1
173,335,503,259,35,77,1,1,-1,-1
173,336,1623,272,23,35,1,2,-1,-1
174,32,1649,283,146,109,1,4,-1,-1
174,88,1709,246,23,35,1,2,-1,-1
174,103,1278,727,282,289,1,4,-1,-1
174,104,590,385,266,113,1,4,-1,-1
174,156,1035,340,40,78,1,1,-1,-1
174,157,1204,171,134,67,1,4,-1,-1
174,158,1519,525,202,171,1,4,-1,-1
174,159,1424,340,175,114,1,4,-1,-1
174,195,985,367,33,55,1,2,-1,-1
174,196,24,476,38,92,1,2,-1,-1
174,267,1239,205,148,91,1,4,-1,-1
174,335,508,254,35,76,1,1,-1,-1
174,336,1619,272,23,35,1,2,-1,-1
174,337,36,482,23,64,1,1,-1,-1
175,32,1642,285,149,111,1,4,-1,-1
175,88,1707,247,23,35,1,2,-1,-1
175,103,1274,736,281,292,1,4,-1,-1
175,104,582,385,266,113,1,4,-1,-1
175,156,1033,340,40,80,1,1,-1,-1
175,157,1204,171,134,67,1,4,-1,-1
175,158,1514,529,203,173,1,4,-1,-1
175,159,1417,342,175,115,1,4,-1,-1
175,195,972,369,33,55,1,2,-1,-1
175,196,14,477,39,93,1,2,-1,-1
175,197,734,352,35,60,1,2,-1,-1
175,267,1239,205,148,91,1,4,-1,-1
175,336,1615,274,23,35,1,2,-1,-1
175,337,28,486,23,64,1,1,-1,-1
176,32,1635,287,152,113,1,4,-1,-1
176,88,1706,249,23,35,1,2,-1,-1
176,104,574,385,266,113,1,4,-1,-1
176,157,1204,171,134,67,1,4,-1,-1
176,158,1499,539,192,166,1,4,-1,-1
176,159,1410,345,175,116,1,4,-1,-1
176,195,964,369,33,55,1,2,-1,-1
176,196,4,478,41,95,1,2,-1,-1
176,197,733,352,35,60,1,2,-1,-1
176,267,1239,205,148,91,1,4,-1,-1
176,268,891,405,122,58,1,10,-1,-1
176,269,935,377,45,70,1,2,-1,-1
176,336,1612,276,23,35,1,2,-1,-1
176,337,18,464,28,70,1,1,-1,-1
177,32,1631,290,152,113,1,4,-1,-1
177,88,1704,250,23,35,1,2,-1,-1
177,104,566,385,266,114,1,4,-1,-1
177,157,1204,171,134,67,1,4,-1,-1
177,158,1505,537,202,178,1,4,-1,-1
177,159,1403,347,175,117,1,4,-1,-1
177,195,957,369,33,56,1,2,-1,-1
177,196,0,482,36,95,1,2,-1,-1
177,197,732,352,35,60,1,2,-1,-1
177,267,1239,205,148,91,1,4,-1,-1
177,268,883,405,122,58,1,10,-1,-1
177,269,927,378,45,70,1,2,-1,-1
177,337,6,467,28,70,1,1,-1,-1
177,338,116,166,120,80,1,4,-1,-1
177,339,500,257,35,76,1,1,-1,-1
177,340,1032,337,40,83,1,1,-1,-1
178,32,1628,293,152,113,1,4,-1,-1
178,88,1703,252,23,35,1,2,-1,-1
178,157,1204,171,134,67,1,4,-1,-1
178,158,1501,542,202,180,1,4,-1,-1
178,159,1396,350,175,118,1,4,-1,-1
178,196,0,486,26,95,1,2,-1,-1
178,197,742,347,41,52,1,1,-1,-1
178,267,1239,205,148,91,1,4,-1,-1
178,268,875,406,122,58,1,10,-1,-1
178,269,918,380,45,70,1,2,-1,-1
178,337,7,492,23,64,1,1,-1,-1
178,338,114,166,122,80,1,4,-1,-1
178,339,500,257,35,76,1,1,-1,-1
178,340,1031,343,38,77,1,1,-1,-1
179,32,1625,297,151,112,1,4,-1,-1
179,88,1702,254,23,35,1,2,-1,-1
179,157,1204,171,134,67,1,4,-1,-1
179,158,1497,546,201,182,1,4,-1,-1
179,159,1389,352,175,119,1,4,-1,-1
179,197,730,353,35,59,1,2,-1,-1
179,268,867,406,122,58,1,10,-1,-1
179,269,910,381,45,70,1,2,-1,-1
179,338,112,166,124,79,1,4,-1,-1
179,339,500,257,35,76,1,1,-1,-1
179,340,1031,345,38,75,1,1,-1,-1
180,32,1622,300,151,112,1,4,-1,-1
180,88,1703,258,23,35,1,2,-1,-1
180,158,1493,550,200,185,1,4,-1,-1
180,159,1382,355,175,120,1,4,-1,-1
180,197,740,347,41,52,1,1,-1,-1
180,268,859,407,122,58,1,10,-1,-1
180,269,901,382,45,70,1,2,-1,-1
180,338,110,166,126,79,1,4,-1,-1
180,339,500,257,35,76,1,1,-1,-1
180,340,1031,347,38,73,1,1,-1,-1
181,32,1619,304,151,112,1,4,-1,-1
181,88,1704,263,23,35,1,2,-1,-1
181,159,1375,358,176,121,1,4,-1,-1
181,197,739,347,41,52,1,1,-1,-1
181,268,851,408,122,58,1,10,-1,-1
181,269,893,384,45,70,1,2,-1,-1
181,338,108,166,128,79,1,4,-1,-1
181,339,500,258,35,76,1,1,-1,-1
181,340,1031,349,38,71,1,1,-1,-1
