1,-1,816,1265,59,137,1,1,-1,0
1,-1,1116,259,213,150,1,4,-1,0
1,-1,2274,355,345,138,1,4,-1,1
1,-1,1097,218,250,176,1,4,-1,0
1,-1,815,1291,34,78,1,1,-1,0
2,-1,821,1261,62,140,1,1,-1,0
2,-1,2203,332,329,133,1,4,-1,1
2,-1,1165,295,220,152,1,4,-1,0
2,-1,1178,285,182,126,1,4,-1,0
3,-1,827,1257,65,143,1,1,-1,0
3,-1,1179,293,251,173,1,4,-1,0
3,-1,2132,309,314,128,1,4,-1,1
3,-1,1133,264,364,251,1,4,-1,0
3,-1,2106,286,354,144,1,4,-1,1
4,-1,1218,349,269,182,1,4,-1,0
4,-1,2041,319,300,122,1,4,-1,1
4,-1,1158,323,385,261,1,4,-1,0
4,-1,1142,313,399,270,1,4,-1,0
5,-1,1267,457,291,195,1,4,-1,0
5,-1,1982,394,284,119,1,4,-1,1
5,-1,1247,433,376,252,1,4,-1,0
6,-1,1314,592,309,206,1,4,-1,0
6,-1,1924,470,268,116,1,4,-1,1
6,-1,1234,533,444,296,1,4,-1,0
7,-1,315,250,48,45,1,4,-1,0
7,-1,1866,546,252,113,1,4,-1,1
7,-1,1406,743,260,172,1,4,-1,0
7,-1,1896,573,206,92,1,4,-1,1
8,-1,325,283,47,47,1,4,-1,0
8,-1,1430,757,353,227,1,4,-1,0
8,-1,1821,546,235,108,1,4,-1,1
8,-1,1801,519,294,135,1,4,-1,1
8,-1,311,301,51,51,1,4,-1,0
9,-1,327,277,53,65,1,4,-1,0
9,-1,1493,788,377,245,1,4,-1,0
9,-1,1776,546,219,103,1,4,-1,1
9,-1,1807,560,142,67,1,4,-1,1
9,-1,1771,533,166,78,1,4,-1,1
10,-1,331,283,52,58,1,4,-1,0
10,-1,1530,792,433,285,1,4,-1,0
10,-1,1597,840,322,212,1,4,-1,0
11,-1,1641,858,432,296,1,4,-1,0
11,-1,324,288,50,49,1,4,-1,0
11,-1,350,304,31,30,1,4,-1,0
12,-1,341,297,50,42,1,4,-1,0
12,-1,1641,524,195,95,1,4,-1,1
12,-1,1736,904,490,322,1,4,-1,0
12,-1,350,286,30,25,1,4,-1,0
12,-1,1647,502,179,87,1,4,-1,1
13,-1,346,304,49,34,1,4,-1,0
13,-1,1832,951,548,347,1,4,-1,0
13,-1,1845,964,496,314,1,4,-1,0
13,-1,379,344,25,17,1,4,-1,0
14,-1,349,302,52,38,1,4,-1,0
14,-1,1561,502,184,92,1,4,-1,1
14,-1,1940,1008,596,386,1,4,-1,0
14,-1,2431,654,255,147,1,4,-1,1
14,-1,2479,669,196,113,1,4,-1,1
14,-1,2402,635,339,195,1,4,-1,1
15,-1,2333,625,314,146,1,4,-1,1
15,-1,332,306,58,44,1,4,-1,0
15,-1,1518,512,184,94,1,4,-1,1
16,-1,357,300,57,45,1,4,-1,0
16,-1,1489,481,173,89,1,4,-1,1
16,-1,2223,605,299,131,1,4,-1,1
16,-1,2189,581,344,151,1,4,-1,1
16,-1,2198,620,368,161,1,4,-1,1
17,-1,361,303,58,44,1,4,-1,0
17,-1,1461,472,166,87,1,4,-1,1
17,-1,2134,585,296,119,1,4,-1,1
17,-1,1456,439,239,125,1,4,-1,1
17,-1,367,290,66,50,1,4,-1,0
18,-1,366,306,59,43,1,4,-1,0
18,-1,2047,572,278,116,1,4,-1,1
18,-1,2111,600,172,72,1,4,-1,1
18,-1,1411,446,153,83,1,4,-1,1
19,-1,370,309,61,43,1,4,-1,0
19,-1,1407,455,151,84,1,4,-1,1
19,-1,1978,551,245,101,1,4,-1,1
19,-1,1400,419,173,96,1,4,-1,1
19,-1,2018,574,165,68,1,4,-1,1
20,-1,375,312,61,42,1,4,-1,0
20,-1,1380,446,144,83,1,4,-1,1
20,-1,1912,537,233,103,1,4,-1,1
20,-1,1402,438,118,68,1,4,-1,1
20,-1,350,325,62,43,1,4,-1,0
21,-1,379,315,63,42,1,4,-1,0
21,-1,1353,438,137,81,1,4,-1,1
21,-1,1846,523,221,105,1,4,-1,1
21,-1,356,321,84,56,1,4,-1,0
21,-1,1346,441,135,80,1,4,-1,1
22,-1,1322,431,136,81,1,4,-1,1
22,-1,1789,501,209,104,1,4,-1,1
22,-1,428,327,64,41,1,4,-1,0
22,-1,1355,448,89,53,1,4,-1,1
23,-1,227,269,36,29,1,4,-1,0
23,-1,411,290,56,38,1,4,-1,0
23,-1,1291,424,135,81,1,4,-1,1
23,-1,1733,492,196,101,1,4,-1,1
23,-1,217,258,46,37,1,4,-1,0
23,-1,1309,409,148,89,1,4,-1,1
23,-1,1727,483,220,114,1,4,-1,1
24,-1,395,324,66,43,1,4,-1,0
24,-1,415,291,56,38,1,4,-1,0
24,-1,1268,426,134,68,1,4,-1,1
24,-1,1682,480,190,98,1,4,-1,1
24,-1,246,265,24,19,1,4,-1,0
24,-1,1301,420,77,39,1,4,-1,1
24,-1,1699,499,173,89,1,4,-1,1
25,-1,228,270,36,29,1,4,-1,0
25,-1,401,327,67,45,1,4,-1,0
25,-1,420,293,55,37,1,4,-1,0
25,-1,1631,469,185,95,1,4,-1,1
25,-1,1605,429,221,113,1,4,-1,1
25,-1,1576,460,225,116,1,4,-1,1
25,-1,1688,459,140,72,1,4,-1,1
26,-1,229,270,36,29,1,4,-1,0
26,-1,407,330,69,47,1,4,-1,0
26,-1,1224,414,143,77,1,4,-1,1
26,-1,425,313,51,35,1,4,-1,0
26,-1,204,272,54,43,1,4,-1,0
26,-1,1210,412,174,94,1,4,-1,1
27,-1,230,271,36,29,1,4,-1,0
27,-1,413,333,70,49,1,4,-1,0
27,-1,430,297,53,36,1,4,-1,0
27,-1,1204,408,134,74,1,4,-1,1
27,-1,1539,449,167,83,1,4,-1,1
27,-1,216,289,47,38,1,4,-1,0
27,-1,428,325,40,27,1,4,-1,0
27,-1,449,273,38,26,1,4,-1,0
28,-1,231,271,36,29,1,4,-1,0
28,-1,419,336,71,51,1,4,-1,0
28,-1,435,299,53,36,1,4,-1,0
28,-1,1184,402,125,71,1,4,-1,1
28,-1,1499,441,159,79,1,4,-1,1
28,-1,1477,409,204,101,1,4,-1,1
28,-1,1535,471,126,63,1,4,-1,1
28,-1,1178,389,86,49,1,4,-1,1
29,-1,232,272,36,29,1,4,-1,0
29,-1,437,303,52,37,1,4,-1,0
29,-1,1164,396,116,68,1,4,-1,1
29,-1,1143,387,154,90,1,4,-1,1
29,-1,428,321,54,39,1,4,-1,0
29,-1,448,338,72,52,1,4,-1,0
30,-1,232,271,37,29,1,4,-1,0
30,-1,431,342,78,56,1,4,-1,0
30,-1,445,301,53,36,1,4,-1,0
30,-1,1145,397,116,62,1,4,-1,1
30,-1,1423,428,149,68,1,4,-1,1
30,-1,419,346,83,59,1,4,-1,0
30,-1,236,273,26,20,1,4,-1,0
30,-1,1482,424,89,41,1,4,-1,1
31,-1,234,291,37,28,1,4,-1,0
31,-1,438,346,83,59,1,4,-1,0
31,-1,1129,390,119,65,1,4,-1,1
31,-1,1124,368,138,75,1,4,-1,1
31,-1,238,294,41,31,1,4,-1,0
31,-1,237,269,44,33,1,4,-1,0
32,-1,237,311,36,28,1,4,-1,0
32,-1,449,379,84,60,1,4,-1,0
32,-1,1109,415,115,63,1,4,-1,1
32,-1,1315,449,169,75,1,4,-1,1
32,-1,462,356,75,55,1,4,-1,0
32,-1,245,320,27,21,1,4,-1,0
33,-1,240,331,36,28,1,4,-1,0
33,-1,460,413,86,61,1,4,-1,0
33,-1,463,368,52,39,1,4,-1,0
33,-1,1089,440,112,62,1,4,-1,1
33,-1,1326,462,123,62,1,4,-1,1
33,-1,263,311,22,17,1,4,-1,0
33,-1,1354,475,97,49,1,4,-1,1
33,-1,457,400,93,66,1,4,-1,0
34,-1,241,347,36,28,1,4,-1,0
34,-1,469,385,52,40,1,4,-1,0
34,-1,469,432,87,62,1,4,-1,0
34,-1,1059,466,122,65,1,4,-1,1
34,-1,253,339,25,20,1,4,-1,0
34,-1,475,449,65,46,1,4,-1,0
34,-1,464,405,39,30,1,4,-1,0
35,-1,475,402,52,41,1,4,-1,0
35,-1,478,452,89,63,1,4,-1,0
35,-1,1060,463,101,63,1,4,-1,1
35,-1,1264,481,125,60,1,4,-1,1
35,-1,472,392,61,48,1,4,-1,0
35,-1,477,462,97,69,1,4,-1,0
36,-1,475,406,54,42,1,4,-1,0
36,-1,489,459,90,64,1,4,-1,0
36,-1,1046,461,99,62,1,4,-1,1
36,-1,1240,478,119,59,1,4,-1,1
36,-1,1216,470,150,74,1,4,-1,1
36,-1,1245,494,91,45,1,4,-1,1
37,-1,481,409,56,42,1,4,-1,0
37,-1,500,466,91,65,1,4,-1,0
37,-1,1033,459,96,61,1,4,-1,1
37,-1,1215,471,115,59,1,4,-1,1
37,-1,1195,442,136,70,1,4,-1,1
37,-1,497,445,113,81,1,4,-1,0
38,-1,511,474,93,65,1,4,-1,0
38,-1,1190,464,111,60,1,4,-1,1
38,-1,1209,489,77,42,1,4,-1,1
38,-1,1200,479,125,68,1,4,-1,1
39,-1,494,415,60,44,1,4,-1,0
39,-1,524,481,96,69,1,4,-1,0
39,-1,1005,454,92,57,1,4,-1,1
39,-1,1165,458,108,60,1,4,-1,1
39,-1,490,388,75,55,1,4,-1,0
39,-1,1042,501,75,47,1,4,-1,1
39,-1,992,486,121,75,1,4,-1,1
40,-1,247,369,37,28,1,4,-1,0
40,-1,501,418,61,45,1,4,-1,0
40,-1,538,488,99,73,1,4,-1,0
40,-1,991,451,91,55,1,4,-1,1
40,-1,1145,454,102,60,1,4,-1,1
40,-1,521,406,37,27,1,4,-1,0
40,-1,1008,445,77,46,1,4,-1,1
40,-1,480,420,50,37,1,4,-1,0
41,-1,507,421,64,46,1,4,-1,0
41,-1,552,496,102,77,1,4,-1,0
41,-1,977,447,89,53,1,4,-1,1
41,-1,1119,450,103,58,1,4,-1,1
41,-1,577,469,62,47,1,4,-1,0
41,-1,1144,469,72,41,1,4,-1,1
41,-1,973,435,114,68,1,4,-1,1
42,-1,514,424,65,47,1,4,-1,0
42,-1,566,503,104,81,1,4,-1,0
42,-1,963,444,88,51,1,4,-1,1
42,-1,1104,447,95,59,1,4,-1,1
42,-1,1111,441,68,42,1,4,-1,1
42,-1,242,355,34,26,1,4,-1,0
42,-1,1134,436,70,44,1,4,-1,1
43,-1,250,371,38,29,1,4,-1,0
43,-1,520,427,67,47,1,4,-1,0
43,-1,580,510,107,85,1,4,-1,0
43,-1,950,441,89,49,1,4,-1,1
43,-1,1096,450,52,29,1,4,-1,1
43,-1,261,352,26,20,1,4,-1,0
43,-1,250,352,54,41,1,4,-1,0
44,-1,251,371,39,30,1,4,-1,0
44,-1,594,518,110,89,1,4,-1,0
44,-1,938,438,90,48,1,4,-1,1
44,-1,1062,440,91,53,1,4,-1,1
44,-1,1093,452,55,32,1,4,-1,1
44,-1,571,525,135,110,1,4,-1,0
44,-1,1091,431,95,55,1,4,-1,1
45,-1,533,433,71,49,1,4,-1,0
45,-1,614,531,114,92,1,4,-1,0
45,-1,927,435,84,47,1,4,-1,1
45,-1,633,519,132,107,1,4,-1,0
45,-1,252,373,46,34,1,4,-1,0
45,-1,1016,439,88,52,1,4,-1,1
46,-1,540,436,73,50,1,4,-1,0
46,-1,634,545,118,95,1,4,-1,0
46,-1,916,432,83,47,1,4,-1,1
46,-1,885,429,119,67,1,4,-1,1
46,-1,565,478,41,28,1,4,-1,0
46,-1,968,451,55,31,1,4,-1,1
47,-1,254,373,40,30,1,4,-1,0
47,-1,546,439,75,51,1,4,-1,0
47,-1,654,559,122,98,1,4,-1,0
47,-1,906,430,82,47,1,4,-1,1
47,-1,1011,429,83,47,1,4,-1,1
47,-1,1033,419,64,36,1,4,-1,1
47,-1,1032,444,65,37,1,4,-1,1
47,-1,922,459,61,35,1,4,-1,1
48,-1,255,373,41,31,1,4,-1,0
48,-1,675,572,135,105,1,4,-1,0
48,-1,896,427,81,48,1,4,-1,1
48,-1,994,427,83,47,1,4,-1,0
48,-1,553,486,89,60,1,4,-1,0
48,-1,234,382,53,40,1,4,-1,0
48,-1,578,472,46,31,1,4,-1,0
49,-1,886,425,80,48,1,4,-1,1
49,-1,979,422,80,48,1,4,-1,0
49,-1,893,414,95,57,1,4,-1,1
49,-1,967,411,111,66,1,4,-1,0
49,-1,569,466,71,48,1,4,-1,0
50,-1,257,375,42,31,1,4,-1,0
50,-1,717,599,161,118,1,4,-1,0
50,-1,876,422,79,49,1,4,-1,1
50,-1,963,419,80,51,1,4,-1,0
50,-1,250,351,55,40,1,4,-1,0
50,-1,241,383,49,36,1,4,-1,0
50,-1,723,625,100,73,1,4,-1,0
51,-1,258,376,42,31,1,4,-1,0
51,-1,581,452,85,57,1,4,-1,0
51,-1,738,613,175,124,1,4,-1,0
51,-1,866,420,78,49,1,4,-1,1
51,-1,949,416,75,46,1,4,-1,0
51,-1,271,384,61,45,1,4,-1,0
51,-1,895,423,73,46,1,4,-1,1
51,-1,932,437,75,46,1,4,-1,0
52,-1,259,377,43,31,1,4,-1,0
52,-1,592,457,88,59,1,4,-1,0
52,-1,769,635,189,137,1,4,-1,0
52,-1,256,383,27,19,1,4,-1,0
52,-1,570,442,124,83,1,4,-1,0
52,-1,572,449,59,39,1,4,-1,0
53,-1,260,378,44,31,1,4,-1,0
53,-1,604,462,90,61,1,4,-1,0
53,-1,800,657,204,151,1,4,-1,0
53,-1,922,413,74,43,1,4,-1,0
53,-1,928,423,39,23,1,4,-1,0
53,-1,612,465,63,42,1,4,-1,0
53,-1,272,384,36,25,1,4,-1,0
54,-1,262,379,43,32,1,4,-1,0
54,-1,616,468,92,62,1,4,-1,0
54,-1,831,679,219,165,1,4,-1,0
54,-1,840,414,70,47,1,4,-1,1
54,-1,906,407,71,48,1,4,-1,0
54,-1,272,404,24,18,1,4,-1,0
54,-1,271,378,37,27,1,4,-1,0
54,-1,794,613,301,226,1,4,-1,0
55,-1,263,380,44,32,1,4,-1,0
55,-1,627,473,95,64,1,4,-1,0
55,-1,832,412,67,47,1,4,-1,1
55,-1,863,701,233,179,1,4,-1,0
55,-1,898,401,62,55,1,4,-1,0
55,-1,269,398,37,27,1,4,-1,0
55,-1,233,349,56,41,1,4,-1,0
55,-1,271,390,27,19,1,4,-1,0
56,-1,264,381,45,32,1,4,-1,0
56,-1,639,478,97,67,1,4,-1,0
56,-1,815,411,75,50,1,4,-1,1
56,-1,885,404,66,46,1,4,-1,0
56,-1,922,722,246,188,1,4,-1,0
56,-1,900,429,92,64,1,4,-1,0
56,-1,888,681,338,258,1,4,-1,0
56,-1,617,474,106,73,1,4,-1,0
57,-1,265,382,46,32,1,4,-1,0
57,-1,651,484,99,68,1,4,-1,0
57,-1,818,409,63,47,1,4,-1,1
57,-1,978,762,256,185,1,4,-1,0
57,-1,881,400,48,38,1,4,-1,1
57,-1,893,384,88,68,1,4,-1,1
57,-1,1042,809,152,110,1,4,-1,0
58,-1,662,489,102,70,1,4,-1,0
58,-1,809,408,64,43,1,4,-1,1
58,-1,865,400,62,46,1,4,-1,1
58,-1,1023,778,314,251,1,4,-1,0
58,-1,289,397,26,19,1,4,-1,0
58,-1,821,410,85,57,1,4,-1,1
58,-1,829,392,69,46,1,4,-1,1
59,-1,674,494,104,72,1,4,-1,0
59,-1,800,407,65,39,1,4,-1,1
59,-1,854,400,58,42,1,4,-1,1
59,-1,1122,854,303,243,1,4,-1,0
59,-1,861,427,54,39,1,4,-1,1
59,-1,681,494,89,62,1,4,-1,0
60,-1,686,500,106,74,1,4,-1,0
60,-1,791,406,67,35,1,4,-1,1
60,-1,840,395,59,43,1,4,-1,1
60,-1,1188,886,350,278,1,4,-1,0
60,-1,292,397,25,17,1,4,-1,0
60,-1,300,369,35,24,1,4,-1,0
60,-1,771,398,96,50,1,4,-1,1
61,-1,271,386,47,34,1,4,-1,0
61,-1,703,508,110,76,1,4,-1,0
61,-1,784,404,65,35,1,4,-1,1
61,-1,1290,944,410,322,1,4,-1,0
61,-1,1302,996,368,289,1,4,-1,0
61,-1,785,394,64,35,1,4,-1,1
61,-1,789,404,55,29,1,4,-1,1
62,-1,720,516,115,78,1,4,-1,0
62,-1,825,394,54,38,1,4,-1,1
62,-1,252,398,54,39,1,4,-1,0
62,-1,715,493,153,104,1,4,-1,0
62,-1,767,385,83,47,1,4,-1,1
63,-1,273,388,48,34,1,4,-1,0
63,-1,771,400,61,37,1,4,-1,1
63,-1,818,394,51,35,1,4,-1,1
63,-1,1516,1104,561,402,1,4,-1,0
63,-1,255,415,53,37,1,4,-1,0
63,-1,775,396,63,38,1,4,-1,1
63,-1,756,515,102,69,1,4,-1,0
64,-1,274,389,49,34,1,4,-1,0
64,-1,765,398,59,38,1,4,-1,1
64,-1,805,393,48,35,1,4,-1,1
64,-1,771,434,36,23,1,4,-1,1
64,-1,268,368,56,39,1,4,-1,0
64,-1,1730,1241,531,271,1,4,-1,0
65,-1,276,390,48,35,1,4,-1,0
65,-1,771,541,130,85,1,4,-1,0
65,-1,787,391,59,35,1,4,-1,1
65,-1,763,537,173,113,1,4,-1,0
65,-1,756,546,158,104,1,4,-1,0
66,-1,277,391,49,35,1,4,-1,0
66,-1,750,395,59,41,1,4,-1,1
66,-1,776,388,59,38,1,4,-1,1
66,-1,751,384,82,57,1,4,-1,1
66,-1,772,370,83,54,1,4,-1,1
67,-1,742,394,59,42,1,4,-1,1
67,-1,812,557,128,100,1,4,-1,0
67,-1,794,412,40,26,1,4,-1,1
67,-1,783,410,63,41,1,4,-1,1
68,-1,279,393,51,35,1,4,-1,0
68,-1,764,391,51,31,1,4,-1,1
68,-1,832,569,138,102,1,4,-1,0
68,-1,291,372,54,37,1,4,-1,0
68,-1,766,395,31,23,1,4,-1,1
69,-1,730,398,58,37,1,4,-1,1
69,-1,752,387,53,33,1,4,-1,1
69,-1,852,581,149,105,1,4,-1,0
69,-1,266,410,61,44,1,4,-1,0
69,-1,738,364,34,21,1,4,-1,1
70,-1,282,395,51,36,1,4,-1,0
70,-1,725,395,57,36,1,4,-1,1
70,-1,878,594,160,107,1,4,-1,0
70,-1,752,368,57,41,1,4,-1,1
70,-1,736,391,67,42,1,4,-1,1
71,-1,283,396,52,36,1,4,-1,0
71,-1,720,393,56,34,1,4,-1,1
71,-1,745,383,46,34,1,4,-1,1
71,-1,905,607,170,109,1,4,-1,0
71,-1,894,607,200,128,1,4,-1,0
71,-1,272,420,33,23,1,4,-1,0
72,-1,285,397,52,37,1,4,-1,0
72,-1,716,391,55,33,1,4,-1,1
72,-1,728,379,50,41,1,4,-1,1
72,-1,932,620,181,111,1,4,-1,0
72,-1,2381,784,300,144,1,4,-1,1
72,-1,286,394,76,54,1,4,-1,0
72,-1,268,385,61,43,1,4,-1,0
72,-1,2328,738,428,205,1,4,-1,1
73,-1,286,398,52,37,1,4,-1,0
73,-1,721,380,49,39,1,4,-1,1
73,-1,2267,757,356,143,1,4,-1,1
73,-1,719,395,42,34,1,4,-1,1
73,-1,719,384,28,17,1,4,-1,1
73,-1,736,395,36,29,1,4,-1,1
74,-1,287,399,53,38,1,4,-1,0
74,-1,702,391,58,33,1,4,-1,1
74,-1,715,382,47,36,1,4,-1,1
74,-1,1003,650,194,131,1,4,-1,0
74,-1,2156,727,356,143,1,4,-1,1
74,-1,322,394,41,29,1,4,-1,0
74,-1,691,357,70,54,1,4,-1,1
74,-1,721,416,84,48,1,4,-1,1
75,-1,288,400,54,39,1,4,-1,0
75,-1,695,392,60,33,1,4,-1,1
75,-1,703,379,53,41,1,4,-1,1
75,-1,1039,665,200,141,1,4,-1,0
75,-1,2079,707,331,137,1,4,-1,1
75,-1,688,369,64,50,1,4,-1,1
75,-1,289,400,47,34,1,4,-1,0
75,-1,687,368,73,56,1,4,-1,1
76,-1,689,390,60,33,1,4,-1,1
76,-1,696,379,46,30,1,4,-1,1
76,-1,1091,689,220,154,1,4,-1,0
76,-1,2002,687,307,131,1,4,-1,1
76,-1,279,377,51,37,1,4,-1,0
76,-1,721,392,28,18,1,4,-1,1
76,-1,681,382,46,25,1,4,-1,1
77,-1,291,403,55,39,1,4,-1,0
77,-1,684,388,59,34,1,4,-1,1
77,-1,695,377,39,36,1,4,-1,1
77,-1,1143,713,240,167,1,4,-1,0
77,-1,1925,667,282,125,1,4,-1,1
77,-1,1111,665,338,235,1,4,-1,0
77,-1,1965,710,146,65,1,4,-1,1
77,-1,272,426,48,34,1,4,-1,0
78,-1,292,404,55,40,1,4,-1,0
78,-1,679,387,59,34,1,4,-1,1
78,-1,683,375,43,32,1,4,-1,1
78,-1,1848,647,258,119,1,4,-1,1
78,-1,320,416,31,23,1,4,-1,0
78,-1,286,403,39,28,1,4,-1,0
78,-1,695,383,25,18,1,4,-1,1
79,-1,294,405,55,40,1,4,-1,0
79,-1,674,375,43,27,1,4,-1,1
79,-1,682,386,50,34,1,4,-1,1
79,-1,1247,762,281,193,1,4,-1,0
79,-1,1772,628,233,113,1,4,-1,1
79,-1,667,398,63,43,1,4,-1,1
79,-1,703,397,26,16,1,4,-1,1
79,-1,673,380,63,40,1,4,-1,1
80,-1,295,406,56,41,1,4,-1,0
80,-1,677,379,43,31,1,4,-1,1
80,-1,677,385,50,34,1,4,-1,1
80,-1,1299,787,302,205,1,4,-1,0
80,-1,1714,614,220,106,1,4,-1,1
80,-1,295,404,70,51,1,4,-1,0
80,-1,1368,816,220,149,1,4,-1,0
80,-1,1642,589,317,153,1,4,-1,1
81,-1,296,407,57,42,1,4,-1,0
81,-1,664,373,44,32,1,4,-1,1
81,-1,672,384,51,34,1,4,-1,1
81,-1,1351,811,322,218,1,4,-1,0
81,-1,285,390,85,62,1,4,-1,0
81,-1,1314,764,401,271,1,4,-1,0
81,-1,1657,602,238,115,1,4,-1,1
82,-1,298,409,57,42,1,4,-1,0
82,-1,666,383,49,32,1,4,-1,1
82,-1,1403,836,343,231,1,4,-1,0
82,-1,1599,586,193,94,1,4,-1,1
82,-1,657,379,42,28,1,4,-1,1
82,-1,682,396,45,30,1,4,-1,1
82,-1,309,434,63,46,1,4,-1,0
83,-1,299,411,58,42,1,4,-1,0
83,-1,650,372,45,36,1,4,-1,1
83,-1,662,382,48,32,1,4,-1,1
83,-1,1503,882,392,262,1,4,-1,0
83,-1,662,379,34,23,1,4,-1,1
83,-1,644,355,66,44,1,4,-1,1
83,-1,643,352,53,35,1,4,-1,1
84,-1,301,413,58,43,1,4,-1,0
84,-1,646,372,43,35,1,4,-1,1
84,-1,1517,568,178,89,1,4,-1,1
84,-1,1604,929,440,293,1,4,-1,0
84,-1,1513,905,602,401,1,4,-1,0
84,-1,1536,571,162,81,1,4,-1,1
84,-1,1511,579,120,60,1,4,-1,1
85,-1,303,416,58,43,1,4,-1,0
85,-1,642,373,42,34,1,4,-1,1
85,-1,1476,559,170,87,1,4,-1,1
85,-1,1705,976,488,323,1,4,-1,0
85,-1,630,370,51,41,1,4,-1,1
85,-1,1445,530,242,124,1,4,-1,1
85,-1,659,378,36,24,1,4,-1,1
86,-1,305,418,58,44,1,4,-1,0
86,-1,640,371,39,38,1,4,-1,1
86,-1,651,382,45,30,1,4,-1,1
86,-1,1806,1023,537,354,1,4,-1,0
86,-1,1761,1006,613,404,1,4,-1,0
86,-1,1430,557,198,103,1,4,-1,1
86,-1,1429,560,196,102,1,4,-1,1
87,-1,306,420,60,44,1,4,-1,0
87,-1,631,374,43,31,1,4,-1,1
87,-1,647,381,44,31,1,4,-1,1
87,-1,1395,541,155,83,1,4,-1,1
87,-1,1958,1094,557,347,1,4,-1,0
87,-1,292,415,82,60,1,4,-1,0
87,-1,1402,598,111,60,1,4,-1,1
87,-1,634,367,64,46,1,4,-1,1
88,-1,308,423,60,44,1,4,-1,0
88,-1,624,373,43,30,1,4,-1,1
88,-1,644,381,43,30,1,4,-1,1
88,-1,301,421,58,42,1,4,-1,0
88,-1,1344,507,210,113,1,4,-1,1
89,-1,310,425,60,45,1,4,-1,0
89,-1,618,372,43,29,1,4,-1,1
89,-1,640,381,42,30,1,4,-1,1
89,-1,1313,523,143,77,1,4,-1,1
89,-1,1374,556,72,39,1,4,-1,1
89,-1,621,393,42,28,1,4,-1,1
90,-1,312,427,60,46,1,4,-1,0
90,-1,612,371,42,28,1,4,-1,1
90,-1,636,381,41,29,1,4,-1,1
90,-1,1283,517,131,72,1,4,-1,1
90,-1,275,433,40,31,1,4,-1,0
90,-1,1303,513,108,59,1,4,-1,1
91,-1,1254,512,119,67,1,4,-1,1
91,-1,312,451,57,43,1,4,-1,0
91,-1,326,452,63,48,1,4,-1,0
92,-1,317,431,61,47,1,4,-1,0
92,-1,605,372,39,27,1,4,-1,1
92,-1,629,379,42,31,1,4,-1,1
92,-1,1226,508,143,77,1,4,-1,1
92,-1,583,358,36,25,1,4,-1,1
92,-1,629,368,41,30,1,4,-1,1
93,-1,320,433,62,48,1,4,-1,0
93,-1,602,369,35,35,1,4,-1,1
93,-1,626,378,43,33,1,4,-1,1
93,-1,1203,502,136,75,1,4,-1,1
93,-1,661,372,44,34,1,4,-1,1
93,-1,638,380,22,17,1,4,-1,1
94,-1,323,435,63,49,1,4,-1,0
94,-1,623,377,45,35,1,4,-1,1
94,-1,1180,496,129,73,1,4,-1,1
94,-1,301,427,70,54,1,4,-1,0
94,-1,1156,509,167,94,1,4,-1,1
95,-1,326,437,63,49,1,4,-1,0
95,-1,592,369,35,33,1,4,-1,1
95,-1,619,375,47,38,1,4,-1,1
95,-1,1155,503,85,49,1,4,-1,1
95,-1,1172,518,67,39,1,4,-1,1
96,-1,616,374,48,40,1,4,-1,1
96,-1,2524,738,164,137,1,4,-1,1
96,-1,1108,470,139,83,1,4,-1,1
96,-1,2512,728,205,171,1,4,-1,1
96,-1,317,416,61,49,1,4,-1,0
97,-1,613,373,50,42,1,4,-1,1
97,-1,1112,478,108,68,1,4,-1,1
97,-1,620,386,32,27,1,4,-1,1
97,-1,2419,725,316,200,1,4,-1,1
97,-1,601,389,63,53,1,4,-1,1
98,-1,336,442,64,52,1,4,-1,0
98,-1,577,364,36,36,1,4,-1,1
98,-1,1067,472,125,71,1,4,-1,1
98,-1,2363,724,321,135,1,4,-1,1
98,-1,329,441,46,38,1,4,-1,0
98,-1,2327,703,416,175,1,4,-1,1
98,-1,1085,489,149,85,1,4,-1,1
99,-1,339,444,65,53,1,4,-1,0
99,-1,573,365,36,34,1,4,-1,1
99,-1,605,378,48,35,1,4,-1,1
99,-1,1059,467,108,62,1,4,-1,1
99,-1,2303,709,320,134,1,4,-1,1
99,-1,574,381,41,38,1,4,-1,1
99,-1,561,368,22,21,1,4,-1,1
99,-1,1085,485,57,33,1,4,-1,1
100,-1,343,446,65,54,1,4,-1,0
100,-1,1051,463,92,53,1,4,-1,1
100,-1,2226,697,307,121,1,4,-1,1
100,-1,2258,719,254,100,1,4,-1,1
100,-1,580,384,20,18,1,4,-1,0
100,-1,1059,450,86,49,1,4,-1,1
101,-1,346,449,66,54,1,4,-1,0
101,-1,565,366,36,33,1,4,-1,0
101,-1,599,380,45,31,1,4,-1,1
101,-1,1032,459,94,54,1,4,-1,1
101,-1,1046,458,83,48,1,4,-1,1
101,-1,2190,692,267,107,1,4,-1,1
101,-1,368,439,34,28,1,4,-1,0
102,-1,561,366,36,33,1,4,-1,0
102,-1,597,380,44,30,1,4,-1,1
102,-1,1014,455,96,56,1,4,-1,1
102,-1,2102,669,283,116,1,4,-1,1
102,-1,963,447,137,80,1,4,-1,1
102,-1,1018,477,63,37,1,4,-1,1
102,-1,614,353,40,27,1,4,-1,1
103,-1,353,457,67,52,1,4,-1,0
103,-1,996,451,98,57,1,4,-1,1
103,-1,2040,656,272,113,1,4,-1,1
103,-1,2045,676,257,107,1,4,-1,1
103,-1,594,355,21,19,1,4,-1,0
103,-1,1012,431,108,63,1,4,-1,1
104,-1,357,461,68,52,1,4,-1,0
104,-1,553,366,36,33,1,4,-1,0
104,-1,592,379,43,30,1,4,-1,1
104,-1,977,447,100,59,1,4,-1,1
104,-1,1985,646,260,110,1,4,-1,1
104,-1,2004,626,274,116,1,4,-1,1
104,-1,599,355,47,33,1,4,-1,1
104,-1,993,464,67,40,1,4,-1,1
105,-1,360,464,69,53,1,4,-1,0
105,-1,550,366,36,34,1,4,-1,0
105,-1,589,378,43,30,1,4,-1,1
105,-1,959,443,102,60,1,4,-1,1
105,-1,1934,636,248,107,1,4,-1,1
105,-1,367,449,79,60,1,4,-1,0
105,-1,1949,651,220,95,1,4,-1,1
105,-1,360,449,102,79,1,4,-1,0
106,-1,363,467,71,55,1,4,-1,0
106,-1,546,366,36,34,1,4,-1,0
106,-1,587,378,42,29,1,4,-1,1
106,-1,941,439,104,62,1,4,-1,1
106,-1,2449,796,238,143,1,4,-1,1
106,-1,568,363,43,41,1,4,-1,0
106,-1,954,439,64,38,1,4,-1,1
106,-1,1941,615,188,83,1,4,-1,1
107,-1,542,366,36,34,1,4,-1,0
107,-1,929,437,96,59,1,4,-1,1
107,-1,1837,613,224,101,1,4,-1,1
107,-1,2324,781,362,143,1,4,-1,1
107,-1,1915,618,116,52,1,4,-1,1
107,-1,597,382,45,32,1,4,-1,1
107,-1,1845,611,193,87,1,4,-1,1
108,-1,369,473,74,58,1,4,-1,0
108,-1,582,377,41,29,1,4,-1,1
108,-1,917,436,89,55,1,4,-1,1
108,-1,2213,748,362,143,1,4,-1,1
108,-1,591,378,31,22,1,4,-1,1
108,-1,385,485,57,45,1,4,-1,0
108,-1,930,435,75,46,1,4,-1,1
109,-1,534,366,36,34,1,4,-1,0
109,-1,579,376,41,29,1,4,-1,1
109,-1,905,434,82,52,1,4,-1,1
109,-1,1755,596,207,95,1,4,-1,1
109,-1,2118,727,323,131,1,4,-1,1
109,-1,524,392,31,29,1,4,-1,0
109,-1,1752,605,150,69,1,4,-1,1
109,-1,551,389,29,27,1,4,-1,0
110,-1,376,480,76,60,1,4,-1,0
110,-1,531,366,36,35,1,4,-1,0
110,-1,894,433,74,48,1,4,-1,1
110,-1,1714,587,201,92,1,4,-1,1
110,-1,2025,707,301,116,1,4,-1,1
110,-1,2016,714,311,120,1,4,-1,1
110,-1,1671,592,267,122,1,4,-1,1
110,-1,575,354,46,33,1,4,-1,1
111,-1,287,376,45,43,1,4,-1,0
111,-1,380,483,78,62,1,4,-1,0
111,-1,530,364,37,41,1,4,-1,0
111,-1,571,375,44,35,1,4,-1,1
111,-1,882,430,72,49,1,4,-1,1
111,-1,1674,580,197,89,1,4,-1,1
111,-1,1937,685,278,110,1,4,-1,1
111,-1,521,348,36,40,1,4,-1,0
111,-1,1978,694,191,76,1,4,-1,1
111,-1,404,542,41,33,1,4,-1,0
111,-1,1688,611,156,71,1,4,-1,1
112,-1,289,378,46,43,1,4,-1,0
112,-1,385,487,79,63,1,4,-1,0
112,-1,526,364,37,39,1,4,-1,0
112,-1,570,378,42,31,1,4,-1,1
112,-1,870,428,70,49,1,4,-1,1
112,-1,1643,574,185,86,1,4,-1,1
112,-1,1865,669,260,103,1,4,-1,1
112,-1,388,497,76,60,1,4,-1,0
112,-1,370,475,103,82,1,4,-1,0
112,-1,568,366,28,20,1,4,-1,1
112,-1,862,433,52,36,1,4,-1,1
113,-1,291,380,47,44,1,4,-1,0
113,-1,523,364,36,38,1,4,-1,0
113,-1,567,377,41,28,1,4,-1,1
113,-1,858,425,68,51,1,4,-1,1
113,-1,1792,648,239,103,1,4,-1,1
113,-1,1785,640,240,104,1,4,-1,1
113,-1,524,349,31,32,1,4,-1,0
113,-1,542,413,35,24,1,4,-1,1
113,-1,283,400,38,36,1,4,-1,0
114,-1,293,382,49,44,1,4,-1,0
114,-1,394,495,83,65,1,4,-1,0
114,-1,520,365,36,36,1,4,-1,0
114,-1,564,376,41,26,1,4,-1,1
114,-1,1574,563,173,80,1,4,-1,1
114,-1,1724,633,230,103,1,4,-1,1
114,-1,543,375,41,26,1,4,-1,1
114,-1,1617,590,108,50,1,4,-1,1
114,-1,508,382,29,29,1,4,-1,0
114,-1,550,420,19,19,1,4,-1,0
115,-1,296,384,49,45,1,4,-1,0
115,-1,399,499,84,66,1,4,-1,0
115,-1,516,365,36,35,1,4,-1,0
115,-1,562,375,40,24,1,4,-1,1
115,-1,1542,553,172,77,1,4,-1,1
115,-1,1663,618,219,99,1,4,-1,1
115,-1,1600,574,324,146,1,4,-1,1
115,-1,1688,591,237,107,1,4,-1,1
115,-1,828,446,51,41,1,4,-1,1
115,-1,1582,569,111,50,1,4,-1,1
116,-1,298,386,51,45,1,4,-1,0
116,-1,404,502,85,68,1,4,-1,0
116,-1,513,366,36,33,1,4,-1,0
116,-1,559,378,39,23,1,4,-1,1
116,-1,803,412,83,62,1,4,-1,1
116,-1,1508,544,164,75,1,4,-1,1
116,-1,1603,604,208,95,1,4,-1,1
116,-1,806,454,43,32,1,4,-1,1
116,-1,405,507,90,72,1,4,-1,0
116,-1,562,376,43,25,1,4,-1,1
116,-1,1517,570,130,60,1,4,-1,1
117,-1,300,388,52,46,1,4,-1,0
117,-1,510,366,35,32,1,4,-1,0
117,-1,795,412,79,58,1,4,-1,1
117,-1,1479,541,155,72,1,4,-1,1
117,-1,1557,592,191,98,1,4,-1,1
117,-1,1446,509,164,76,1,4,-1,1
117,-1,280,372,67,59,1,4,-1,0
117,-1,1553,586,195,100,1,4,-1,1
117,-1,1556,581,185,95,1,4,-1,1
118,-1,303,390,53,47,1,4,-1,0
118,-1,506,367,36,30,1,4,-1,0
118,-1,555,376,36,26,1,4,-1,1
118,-1,788,412,75,54,1,4,-1,1
118,-1,1450,537,162,68,1,4,-1,1
118,-1,1473,555,112,47,1,4,-1,1
118,-1,567,363,54,39,1,4,-1,1
118,-1,1442,531,220,92,1,4,-1,1
118,-1,318,418,47,42,1,4,-1,0
119,-1,305,390,55,47,1,4,-1,0
119,-1,418,514,90,71,1,4,-1,0
119,-1,503,367,35,29,1,4,-1,0
119,-1,553,376,34,26,1,4,-1,1
119,-1,780,413,72,49,1,4,-1,1
119,-1,1425,527,155,68,1,4,-1,1
119,-1,1451,485,155,68,1,4,-1,1
119,-1,783,441,45,31,1,4,-1,1
119,-1,520,354,41,34,1,4,-1,0
119,-1,1456,529,228,124,1,4,-1,1
120,-1,307,390,57,47,1,4,-1,0
120,-1,423,518,91,72,1,4,-1,0
120,-1,500,368,35,27,1,4,-1,0
120,-1,551,375,33,28,1,4,-1,1
120,-1,1400,523,147,68,1,4,-1,1
120,-1,1430,561,161,89,1,4,-1,1
120,-1,483,387,36,28,1,4,-1,0
120,-1,300,381,77,64,1,4,-1,0
120,-1,472,367,49,38,1,4,-1,0
120,-1,570,379,29,25,1,4,-1,1
121,-1,310,391,59,47,1,4,-1,0
121,-1,428,522,93,73,1,4,-1,0
121,-1,497,371,34,23,1,4,-1,0
121,-1,549,375,32,29,1,4,-1,1
121,-1,766,414,64,41,1,4,-1,1
121,-1,1375,519,140,68,1,4,-1,1
121,-1,1390,552,156,87,1,4,-1,1
121,-1,327,411,56,44,1,4,-1,0
121,-1,755,398,76,48,1,4,-1,1
121,-1,1353,534,174,84,1,4,-1,1
121,-1,1390,508,127,62,1,4,-1,1
122,-1,434,526,93,75,1,4,-1,0
122,-1,496,366,31,26,1,4,-1,0
122,-1,755,413,66,39,1,4,-1,1
122,-1,1350,516,133,67,1,4,-1,1
122,-1,1350,543,151,86,1,4,-1,1
122,-1,510,362,24,20,1,4,-1,0
122,-1,1384,509,69,35,1,4,-1,1
122,-1,546,374,28,24,1,4,-1,1
122,-1,1312,549,167,95,1,4,-1,1
123,-1,316,394,61,47,1,4,-1,0
123,-1,441,531,93,77,1,4,-1,0
123,-1,541,375,36,32,1,4,-1,1
123,-1,745,413,67,37,1,4,-1,1
123,-1,1310,534,146,84,1,4,-1,1
123,-1,1326,512,131,67,1,4,-1,1
123,-1,457,522,62,51,1,4,-1,0
123,-1,1359,493,98,50,1,4,-1,1
123,-1,1319,494,150,77,1,4,-1,1
124,-1,319,395,62,47,1,4,-1,0
124,-1,342,399,81,61,1,4,-1,0
124,-1,741,410,39,20,1,4,-1,1
124,-1,554,397,19,18,1,4,-1,1
125,-1,323,397,63,47,1,4,-1,0
125,-1,453,543,100,83,1,4,-1,0
125,-1,536,376,36,30,1,4,-1,1
125,-1,725,412,70,33,1,4,-1,1
125,-1,1244,520,134,80,1,4,-1,1
125,-1,1282,505,127,67,1,4,-1,1
125,-1,1296,506,107,57,1,4,-1,1
125,-1,1287,535,97,58,1,4,-1,1
125,-1,1264,514,123,65,1,4,-1,1
126,-1,326,400,64,47,1,4,-1,0
126,-1,460,549,102,86,1,4,-1,0
126,-1,1217,516,128,77,1,4,-1,1
126,-1,1222,553,69,41,1,4,-1,1
126,-1,528,349,53,49,1,4,-1,1
126,-1,537,386,39,36,1,4,-1,1
127,-1,329,403,66,48,1,4,-1,0
127,-1,466,555,106,89,1,4,-1,0
127,-1,531,378,39,28,1,4,-1,1
127,-1,1243,497,123,68,1,4,-1,1
127,-1,529,389,24,17,1,4,-1,1
127,-1,319,410,59,43,1,4,-1,0
127,-1,564,356,31,23,1,4,-1,1
128,-1,333,406,67,49,1,4,-1,0
128,-1,473,562,109,91,1,4,-1,0
128,-1,533,379,39,28,1,4,-1,1
128,-1,700,407,65,33,1,4,-1,1
128,-1,1163,508,116,71,1,4,-1,1
128,-1,1224,493,121,68,1,4,-1,1
128,-1,1160,526,87,53,1,4,-1,1
128,-1,692,387,56,28,1,4,-1,1
128,-1,1132,516,149,91,1,4,-1,1
129,-1,692,406,63,33,1,4,-1,1
129,-1,1137,503,114,67,1,4,-1,1
129,-1,1205,490,119,68,1,4,-1,1
129,-1,497,589,86,72,1,4,-1,0
129,-1,347,425,35,25,1,4,-1,0
129,-1,473,590,87,73,1,4,-1,0
130,-1,485,574,116,97,1,4,-1,0
130,-1,527,377,39,28,1,4,-1,1
130,-1,515,543,139,116,1,4,-1,0
130,-1,510,405,30,22,1,4,-1,1
130,-1,678,401,79,42,1,4,-1,1
131,-1,340,408,73,51,1,4,-1,0
131,-1,492,580,118,100,1,4,-1,0
131,-1,525,376,38,28,1,4,-1,1
131,-1,675,403,60,33,1,4,-1,1
131,-1,1086,493,110,60,1,4,-1,1
131,-1,1169,484,114,60,1,4,-1,1
131,-1,466,541,154,130,1,4,-1,0
131,-1,652,418,83,46,1,4,-1,1
131,-1,1125,516,88,48,1,4,-1,1
132,-1,346,412,74,51,1,4,-1,0
132,-1,498,586,122,103,1,4,-1,0
132,-1,522,375,38,28,1,4,-1,1
132,-1,667,401,58,33,1,4,-1,1
132,-1,1061,488,107,56,1,4,-1,1
132,-1,1151,481,112,56,1,4,-1,1
132,-1,536,372,34,25,1,4,-1,1
132,-1,1135,499,149,74,1,4,-1,1
132,-1,471,579,103,87,1,4,-1,0
133,-1,352,416,76,51,1,4,-1,0
133,-1,520,375,38,28,1,4,-1,1
133,-1,1036,484,105,52,1,4,-1,1
133,-1,1134,478,109,53,1,4,-1,1
133,-1,551,367,54,40,1,4,-1,1
133,-1,668,433,51,30,1,4,-1,1
133,-1,1051,497,104,52,1,4,-1,1
134,-1,359,420,77,51,1,4,-1,0
134,-1,515,603,129,108,1,4,-1,0
134,-1,518,376,37,27,1,4,-1,1
134,-1,635,400,83,53,1,4,-1,1
134,-1,1049,444,66,34,1,4,-1,1
134,-1,540,600,132,110,1,4,-1,0
134,-1,649,412,62,39,1,4,-1,1
135,-1,361,420,77,51,1,4,-1,0
135,-1,516,378,36,26,1,4,-1,1
135,-1,526,613,132,111,1,4,-1,0
135,-1,999,476,94,50,1,4,-1,1
135,-1,1104,472,98,53,1,4,-1,1
135,-1,514,385,28,20,1,4,-1,1
135,-1,520,569,163,137,1,4,-1,0
135,-1,355,439,59,39,1,4,-1,0
136,-1,363,426,77,51,1,4,-1,0
136,-1,514,377,36,27,1,4,-1,1
136,-1,536,624,136,113,1,4,-1,0
136,-1,639,399,60,37,1,4,-1,1
136,-1,981,472,89,50,1,4,-1,1
136,-1,1090,469,92,53,1,4,-1,1
136,-1,522,626,130,108,1,4,-1,0
136,-1,474,351,34,26,1,4,-1,1
136,-1,521,382,20,15,1,4,-1,1
137,-1,371,426,77,51,1,4,-1,0
137,-1,512,377,36,27,1,4,-1,1
137,-1,547,634,140,116,1,4,-1,0
137,-1,632,399,59,36,1,4,-1,1
137,-1,963,468,89,50,1,4,-1,1
137,-1,1075,466,92,53,1,4,-1,1
137,-1,644,404,50,30,1,4,-1,1
137,-1,505,405,36,27,1,4,-1,1
137,-1,493,385,21,15,1,4,-1,1
138,-1,511,376,36,29,1,4,-1,1
138,-1,558,644,143,119,1,4,-1,0
138,-1,625,399,58,35,1,4,-1,1
138,-1,946,465,89,49,1,4,-1,1
138,-1,1061,464,92,53,1,4,-1,1
138,-1,978,462,61,34,1,4,-1,1
138,-1,1036,418,137,79,1,4,-1,1
138,-1,1050,458,123,71,1,4,-1,1
139,-1,389,436,77,51,1,4,-1,0
139,-1,509,376,36,29,1,4,-1,1
139,-1,568,655,147,121,1,4,-1,0
139,-1,618,399,57,33,1,4,-1,1
139,-1,928,461,90,49,1,4,-1,1
139,-1,1047,461,92,54,1,4,-1,1
139,-1,545,692,130,107,1,4,-1,0
139,-1,422,483,39,26,1,4,-1,0
139,-1,556,447,49,29,1,4,-1,1
140,-1,391,440,77,51,1,4,-1,0
140,-1,508,376,36,30,1,4,-1,1
140,-1,579,665,150,124,1,4,-1,0
140,-1,911,458,90,48,1,4,-1,1
140,-1,1020,476,103,60,1,4,-1,1
140,-1,582,665,146,121,1,4,-1,0
140,-1,1007,440,92,54,1,4,-1,1
141,-1,395,440,77,51,1,4,-1,0
141,-1,500,375,41,27,1,4,-1,1
141,-1,590,676,154,127,1,4,-1,0
141,-1,414,460,68,45,1,4,-1,0
141,-1,530,659,220,181,1,4,-1,0
141,-1,905,460,77,32,1,4,-1,1
142,-1,407,448,77,51,1,4,-1,0
142,-1,498,375,41,28,1,4,-1,1
142,-1,596,398,52,33,1,4,-1,1
142,-1,602,686,162,134,1,4,-1,0
142,-1,881,458,83,37,1,4,-1,1
142,-1,1007,460,79,44,1,4,-1,1
142,-1,411,414,87,57,1,4,-1,0
142,-1,591,386,55,35,1,4,-1,1
142,-1,524,366,22,15,1,4,-1,1
143,-1,415,450,77,51,1,4,-1,0
143,-1,496,375,41,30,1,4,-1,1
143,-1,589,398,49,35,1,4,-1,1
143,-1,615,696,170,141,1,4,-1,0
143,-1,866,455,82,39,1,4,-1,1
143,-1,995,458,79,44,1,4,-1,0
143,-1,973,459,80,45,1,4,-1,0
143,-1,401,467,58,39,1,4,-1,0
143,-1,595,412,37,26,1,4,-1,1
144,-1,421,454,77,51,1,4,-1,0
144,-1,494,375,41,30,1,4,-1,1
144,-1,584,397,49,34,1,4,-1,1
144,-1,633,712,178,148,1,4,-1,0
144,-1,854,452,81,39,1,4,-1,1
144,-1,983,456,78,44,1,4,-1,0
144,-1,609,693,246,204,1,4,-1,0
144,-1,1005,483,78,44,1,4,-1,0
144,-1,605,704,217,180,1,4,-1,0
145,-1,425,454,78,51,1,4,-1,0
145,-1,580,397,48,32,1,4,-1,1
145,-1,652,729,186,154,1,4,-1,0
145,-1,842,450,80,39,1,4,-1,1
145,-1,972,454,77,44,1,4,-1,0
145,-1,589,394,37,24,1,4,-1,1
145,-1,487,381,47,34,1,4,-1,1
145,-1,858,448,47,23,1,4,-1,1
146,-1,436,459,78,52,1,4,-1,0
146,-1,490,376,41,29,1,4,-1,1
146,-1,576,396,48,31,1,4,-1,1
146,-1,671,746,193,161,1,4,-1,0
146,-1,960,452,77,44,1,4,-1,0
146,-1,589,415,30,20,1,4,-1,1
146,-1,449,451,55,36,1,4,-1,0
146,-1,539,379,64,42,1,4,-1,1
147,-1,447,464,78,54,1,4,-1,0
147,-1,488,376,41,29,1,4,-1,1
147,-1,572,396,47,30,1,4,-1,1
147,-1,949,450,75,44,1,4,-1,0
147,-1,732,773,172,142,1,4,-1,0
147,-1,923,478,82,48,1,4,-1,0
147,-1,504,384,34,24,1,4,-1,1
148,-1,458,469,78,56,1,4,-1,0
148,-1,486,376,41,29,1,4,-1,1
148,-1,708,779,209,175,1,4,-1,0
148,-1,806,443,78,39,1,4,-1,1
148,-1,937,448,75,44,1,4,-1,0
148,-1,658,737,307,257,1,4,-1,0
148,-1,782,447,104,52,1,4,-1,1
148,-1,731,770,163,137,1,4,-1,0
149,-1,469,475,78,57,1,4,-1,0
149,-1,485,377,40,29,1,4,-1,1
149,-1,564,395,46,27,1,4,-1,1
149,-1,727,796,217,181,1,4,-1,0
149,-1,794,441,77,39,1,4,-1,1
149,-1,926,446,74,44,1,4,-1,0
149,-1,737,857,201,168,1,4,-1,0
149,-1,687,784,265,221,1,4,-1,0
149,-1,774,423,101,51,1,4,-1,1
150,-1,480,480,78,59,1,4,-1,0
150,-1,560,395,46,26,1,4,-1,1
150,-1,745,813,225,188,1,4,-1,0
150,-1,782,439,76,39,1,4,-1,1
150,-1,914,444,73,44,1,4,-1,0
150,-1,736,821,241,201,1,4,-1,0
150,-1,914,426,98,59,1,4,-1,0
150,-1,714,826,263,220,1,4,-1,0
151,-1,491,485,78,61,1,4,-1,0
151,-1,554,394,44,28,1,4,-1,1
151,-1,764,830,233,194,1,4,-1,0
151,-1,771,437,75,39,1,4,-1,1
151,-1,903,442,72,44,1,4,-1,0
151,-1,556,370,46,29,1,4,-1,1
151,-1,488,476,79,61,1,4,-1,0
151,-1,530,520,44,34,1,4,-1,0
152,-1,503,491,77,62,1,4,-1,0
152,-1,549,394,41,30,1,4,-1,1
152,-1,758,435,67,32,1,4,-1,1
152,-1,783,847,241,201,1,4,-1,0
152,-1,892,441,71,43,1,4,-1,0
152,-1,2420,811,266,137,1,4,-1,1
152,-1,830,905,131,109,1,4,-1,0
152,-1,534,381,61,45,1,4,-1,1
152,-1,877,423,75,46,1,4,-1,0
153,-1,519,496,77,64,1,4,-1,0
153,-1,544,393,42,32,1,4,-1,1
153,-1,746,430,71,38,1,4,-1,1
153,-1,807,872,261,219,1,4,-1,0
153,-1,2315,784,356,137,1,4,-1,1
153,-1,752,420,89,48,1,4,-1,1
153,-1,496,484,89,74,1,4,-1,0
153,-1,535,527,55,46,1,4,-1,0
154,-1,536,502,77,65,1,4,-1,0
154,-1,734,425,75,45,1,4,-1,1
154,-1,832,897,280,237,1,4,-1,0
154,-1,875,435,68,44,1,4,-1,0
154,-1,2219,763,326,137,1,4,-1,1
154,-1,2229,779,312,131,1,4,-1,1
154,-1,881,453,82,53,1,4,-1,0
154,-1,527,410,43,35,1,4,-1,1
155,-1,535,391,43,37,1,4,-1,1
155,-1,546,509,82,68,1,4,-1,0
155,-1,726,431,71,37,1,4,-1,1
155,-1,857,923,300,254,1,4,-1,0
155,-1,2131,744,308,130,1,4,-1,1
155,-1,744,453,38,20,1,4,-1,1
155,-1,541,428,42,36,1,4,-1,1
155,-1,511,382,61,53,1,4,-1,1
156,-1,561,516,86,71,1,4,-1,0
156,-1,897,960,319,271,1,4,-1,0
156,-1,727,417,48,26,1,4,-1,1
156,-1,725,439,49,27,1,4,-1,1
156,-1,586,539,46,38,1,4,-1,0
157,-1,526,389,45,41,1,4,-1,1
157,-1,577,524,90,73,1,4,-1,0
157,-1,710,428,66,37,1,4,-1,1
157,-1,937,997,339,289,1,4,-1,0
157,-1,1955,706,272,117,1,4,-1,1
157,-1,881,990,397,338,1,4,-1,0
157,-1,528,376,39,36,1,4,-1,1
157,-1,871,419,70,46,1,4,-1,0
158,-1,522,388,45,44,1,4,-1,1
158,-1,592,531,94,76,1,4,-1,0
158,-1,702,426,63,37,1,4,-1,1
158,-1,836,430,67,45,1,4,-1,0
158,-1,977,1034,358,306,1,4,-1,0
158,-1,1868,687,254,111,1,4,-1,1
158,-1,1935,704,207,91,1,4,-1,1
158,-1,962,1053,363,310,1,4,-1,0
158,-1,813,454,38,25,1,4,-1,0
159,-1,517,387,46,46,1,4,-1,1
159,-1,695,425,60,37,1,4,-1,1
159,-1,827,428,67,46,1,4,-1,0
159,-1,1017,1071,378,324,1,4,-1,0
159,-1,1814,673,237,104,1,4,-1,1
159,-1,731,420,48,29,1,4,-1,1
159,-1,647,565,55,45,1,4,-1,0
159,-1,720,390,79,49,1,4,-1,1
160,-1,513,386,46,48,1,4,-1,1
160,-1,625,549,106,81,1,4,-1,0
160,-1,687,423,57,37,1,4,-1,1
160,-1,1070,1115,415,317,1,4,-1,0
160,-1,1811,666,145,64,1,4,-1,1
160,-1,629,553,79,61,1,4,-1,0
160,-1,529,368,36,38,1,4,-1,1
161,-1,509,385,47,51,1,4,-1,1
161,-1,642,559,114,84,1,4,-1,0
161,-1,679,422,55,37,1,4,-1,1
161,-1,810,426,66,46,1,4,-1,0
161,-1,1123,1160,452,310,1,4,-1,0
161,-1,1706,646,204,92,1,4,-1,1
161,-1,628,555,147,108,1,4,-1,0
161,-1,616,532,156,115,1,4,-1,0
161,-1,494,414,41,45,1,4,-1,1
162,-1,505,394,44,34,1,4,-1,1
162,-1,660,569,122,87,1,4,-1,0
162,-1,802,425,65,47,1,4,-1,0
162,-1,1176,1205,490,303,1,4,-1,0
162,-1,1652,633,188,86,1,4,-1,1
162,-1,524,405,25,19,1,4,-1,1
162,-1,832,431,47,34,1,4,-1,0
162,-1,502,371,62,48,1,4,-1,1
163,-1,501,393,43,34,1,4,-1,1
163,-1,686,579,121,91,1,4,-1,0
163,-1,791,427,68,44,1,4,-1,0
163,-1,1599,622,184,81,1,4,-1,1
163,-1,515,402,31,24,1,4,-1,1
163,-1,652,396,89,68,1,4,-1,1
163,-1,816,432,71,46,1,4,-1,0
164,-1,498,393,42,33,1,4,-1,1
164,-1,713,589,119,95,1,4,-1,0
164,-1,1546,611,180,76,1,4,-1,1
164,-1,496,410,50,39,1,4,-1,1
164,-1,776,399,73,48,1,4,-1,0
164,-1,774,445,35,23,1,4,-1,0
165,-1,629,416,67,53,1,4,-1,1
165,-1,740,601,134,102,1,4,-1,0
165,-1,776,426,62,41,1,4,-1,0
165,-1,1493,601,176,71,1,4,-1,1
165,-1,489,391,50,39,1,4,-1,1
165,-1,487,389,56,44,1,4,-1,1
165,-1,731,575,184,140,1,4,-1,0
166,-1,492,392,40,32,1,4,-1,1
166,-1,629,415,60,46,1,4,-1,1
166,-1,769,425,60,41,1,4,-1,0
166,-1,1451,595,176,71,1,4,-1,1
166,-1,764,444,80,55,1,4,-1,0
166,-1,804,644,103,74,1,4,-1,0
166,-1,753,595,181,132,1,4,-1,0
167,-1,489,392,39,31,1,4,-1,1
167,-1,629,414,53,39,1,4,-1,1
167,-1,762,424,58,40,1,4,-1,0
167,-1,1409,589,176,71,1,4,-1,1
167,-1,490,388,21,16,1,4,-1,1
167,-1,753,429,71,49,1,4,-1,0
167,-1,830,638,137,100,1,4,-1,0
168,-1,755,424,56,39,1,4,-1,0
168,-1,1367,583,176,71,1,4,-1,1
168,-1,777,643,244,179,1,4,-1,0
168,-1,676,427,27,19,1,4,-1,1
168,-1,1386,599,99,40,1,4,-1,1
169,-1,484,393,37,28,1,4,-1,1
169,-1,747,423,59,38,1,4,-1,0
169,-1,1340,575,166,71,1,4,-1,1
169,-1,1378,587,112,48,1,4,-1,1
169,-1,1301,562,201,86,1,4,-1,1
169,-1,1321,535,233,99,1,4,-1,1
170,-1,740,423,61,37,1,4,-1,0
170,-1,923,690,182,136,1,4,-1,0
170,-1,1313,567,156,71,1,4,-1,1
170,-1,620,421,59,43,1,4,-1,1
170,-1,1311,569,157,71,1,4,-1,1
171,-1,734,422,58,37,1,4,-1,0
171,-1,1286,560,146,71,1,4,-1,1
171,-1,735,422,43,27,1,4,-1,0
171,-1,996,743,102,76,1,4,-1,0
172,-1,600,412,49,33,1,4,-1,1
172,-1,728,421,56,38,1,4,-1,0
172,-1,699,405,75,51,1,4,-1,0
172,-1,743,416,34,23,1,4,-1,0
173,-1,594,412,49,33,1,4,-1,1
173,-1,723,421,53,38,1,4,-1,0
173,-1,1233,545,125,71,1,4,-1,1
173,-1,2396,829,285,159,1,4,-1,1
173,-1,2441,724,234,111,1,4,-1,1
173,-1,2519,743,136,65,1,4,-1,1
173,-1,604,407,30,20,1,4,-1,1
173,-1,705,408,51,37,1,4,-1,0
174,-1,716,421,56,36,1,4,-1,0
174,-1,1130,787,251,176,1,4,-1,0
174,-1,1213,537,112,63,1,4,-1,1
174,-1,2290,792,369,157,1,4,-1,1
174,-1,2347,702,294,109,1,4,-1,1
174,-1,716,413,49,31,1,4,-1,0
174,-1,2386,688,251,93,1,4,-1,1
174,-1,2362,831,193,82,1,4,-1,1
175,-1,709,418,53,45,1,4,-1,0
175,-1,1188,532,110,62,1,4,-1,1
175,-1,1213,828,287,196,1,4,-1,0
175,-1,2266,687,283,106,1,4,-1,1
175,-1,566,394,44,38,1,4,-1,1
175,-1,1167,545,110,62,1,4,-1,1
175,-1,2254,777,249,101,1,4,-1,1
176,-1,576,410,49,33,1,4,-1,1
176,-1,701,422,56,34,1,4,-1,0
176,-1,1164,527,107,62,1,4,-1,1
176,-1,1296,869,323,216,1,4,-1,0
176,-1,2087,747,317,123,1,4,-1,1
176,-1,2186,672,271,104,1,4,-1,1
176,-1,1179,541,54,31,1,4,-1,1
176,-1,2237,683,188,72,1,4,-1,1
176,-1,593,413,43,29,1,4,-1,1
177,-1,571,409,47,33,1,4,-1,1
177,-1,1379,910,359,236,1,4,-1,0
177,-1,2000,728,292,128,1,4,-1,1
177,-1,2106,658,260,101,1,4,-1,1
177,-1,720,402,70,44,1,4,-1,0
177,-1,2090,624,310,121,1,4,-1,1
177,-1,601,437,40,28,1,4,-1,1
177,-1,2168,687,147,57,1,4,-1,1
178,-1,690,419,55,35,1,4,-1,0
178,-1,1115,517,102,61,1,4,-1,1
178,-1,1914,709,266,134,1,4,-1,1
178,-1,2042,646,242,95,1,4,-1,1
178,-1,569,437,31,23,1,4,-1,1
178,-1,2383,722,279,127,1,5,-1,1
178,-1,666,397,76,49,1,4,-1,0
178,-1,567,418,59,43,1,4,-1,1
179,-1,561,409,43,32,1,4,-1,1
179,-1,1091,512,99,60,1,4,-1,1
179,-1,1622,1027,488,320,1,4,-1,0
179,-1,2267,727,326,149,1,5,-1,1
179,-1,1984,637,226,89,1,4,-1,1
179,-1,676,419,75,50,1,4,-1,0
179,-1,1992,671,164,65,1,4,-1,1
179,-1,2235,715,376,172,1,5,-1,1
180,-1,557,409,41,32,1,4,-1,1
180,-1,1067,508,96,59,1,4,-1,1
180,-1,1775,1111,584,371,1,4,-1,0
180,-1,1915,624,207,83,1,4,-1,1
180,-1,2196,706,301,127,1,5,-1,1
180,-1,1897,635,213,85,1,4,-1,1
180,-1,2112,648,448,189,1,5,-1,1
180,-1,1800,658,226,97,1,4,-1,1
180,-1,1789,1136,509,323,1,4,-1,0
181,-1,552,409,45,32,1,4,-1,1
181,-1,1048,504,94,59,1,4,-1,1
181,-1,1721,654,216,101,1,4,-1,1
181,-1,1859,613,201,83,1,4,-1,1
181,-1,2131,691,288,124,1,5,-1,1
181,-1,1697,660,245,114,1,4,-1,1
181,-1,1033,483,132,83,1,4,-1,1
181,-1,1040,473,117,73,1,4,-1,1
181,-1,2089,669,357,154,1,5,-1,1
182,-1,1029,501,92,58,1,4,-1,1
182,-1,1661,636,199,103,1,4,-1,1
182,-1,1804,603,194,82,1,4,-1,1
182,-1,579,415,24,16,1,4,-1,1
182,-1,653,425,65,43,1,4,-1,0
182,-1,1081,526,57,36,1,4,-1,1
183,-1,544,409,51,33,1,4,-1,1
183,-1,662,418,56,35,1,4,-1,0
183,-1,1010,498,91,58,1,4,-1,1
183,-1,1601,619,182,104,1,4,-1,1
183,-1,1749,593,188,81,1,4,-1,0
183,-1,2015,665,261,122,1,5,-1,1
183,-1,1705,567,256,110,1,4,-1,0
183,-1,1602,643,146,83,1,4,-1,1
183,-1,1613,638,192,110,1,4,-1,1
184,-1,657,417,55,35,1,4,-1,0
184,-1,991,495,89,57,1,4,-1,1
184,-1,1554,612,182,98,1,4,-1,1
184,-1,1694,583,182,80,1,4,-1,0
184,-1,1964,655,248,122,1,5,-1,1
184,-1,1011,522,54,35,1,4,-1,1
184,-1,2007,661,184,90,1,5,-1,1
184,-1,1562,619,177,95,1,4,-1,1
185,-1,652,417,54,35,1,4,-1,0
185,-1,973,492,87,57,1,4,-1,1
185,-1,1508,605,182,92,1,4,-1,1
185,-1,1651,577,177,79,1,4,-1,0
185,-1,1913,645,235,122,1,5,-1,1
185,-1,1638,597,207,92,1,4,-1,0
185,-1,1946,656,158,82,1,5,-1,1
185,-1,661,392,61,40,1,4,-1,0
186,-1,529,410,50,30,1,4,-1,1
186,-1,647,417,53,35,1,4,-1,0
186,-1,958,490,83,49,1,4,-1,1
186,-1,1461,598,182,86,1,4,-1,1
186,-1,1608,571,172,78,1,4,-1,0
186,-1,1797,636,313,172,1,5,-1,1
186,-1,620,432,71,47,1,4,-1,0
186,-1,535,390,70,42,1,4,-1,1
187,-1,524,411,50,29,1,4,-1,1
187,-1,642,417,52,35,1,4,-1,0
187,-1,938,486,85,50,1,4,-1,1
187,-1,1415,592,182,80,1,4,-1,1
187,-1,1566,566,167,77,1,4,-1,0
187,-1,1796,632,241,141,1,5,-1,1
187,-1,955,491,64,38,1,4,-1,1
187,-1,1591,587,118,55,1,4,-1,0
188,-1,519,411,50,28,1,4,-1,1
188,-1,637,417,51,35,1,4,-1,0
188,-1,918,483,87,50,1,4,-1,1
188,-1,1378,581,163,80,1,4,-1,1
188,-1,1533,560,158,75,1,4,-1,0
188,-1,520,406,61,34,1,4,-1,1
188,-1,1589,567,101,48,1,4,-1,0
188,-1,903,459,124,71,1,4,-1,1
189,-1,633,417,49,35,1,4,-1,0
189,-1,899,480,89,51,1,4,-1,1
189,-1,1341,570,145,81,1,4,-1,1
189,-1,1501,554,148,73,1,4,-1,0
189,-1,1700,604,197,98,1,5,-1,1
189,-1,882,496,48,28,1,4,-1,1
189,-1,1345,568,217,121,1,4,-1,1
189,-1,1469,544,212,105,1,4,-1,0
190,-1,510,411,48,27,1,4,-1,1
190,-1,632,415,44,38,1,4,-1,0
190,-1,887,477,89,49,1,4,-1,1
190,-1,1309,563,140,78,1,4,-1,1
190,-1,1468,548,135,65,1,4,-1,0
190,-1,1666,594,184,106,1,5,-1,1
190,-1,497,416,62,35,1,4,-1,1
190,-1,1281,537,181,101,1,4,-1,1
190,-1,848,476,127,70,1,4,-1,1
191,-1,623,412,50,41,1,4,-1,0
191,-1,875,474,89,47,1,4,-1,1
191,-1,1277,556,136,76,1,4,-1,1
191,-1,1632,584,171,114,1,5,-1,1
191,-1,631,393,72,59,1,4,-1,0
191,-1,1273,562,176,98,1,4,-1,1
191,-1,605,409,42,34,1,4,-1,0
192,-1,503,409,44,29,1,4,-1,1
192,-1,619,412,48,40,1,4,-1,0
192,-1,863,472,89,44,1,4,-1,1
192,-1,1246,549,130,73,1,4,-1,1
192,-1,1405,537,131,60,1,4,-1,0
192,-1,1598,574,158,122,1,5,-1,1
192,-1,521,436,25,16,1,4,-1,1
192,-1,624,411,45,38,1,4,-1,0
192,-1,1400,532,157,72,1,4,-1,0
193,-1,499,408,43,30,1,4,-1,1
193,-1,616,413,46,39,1,4,-1,0
193,-1,851,469,89,42,1,4,-1,1
193,-1,1214,542,126,71,1,4,-1,1
193,-1,1374,532,129,57,1,4,-1,0
193,-1,1555,573,158,106,1,5,-1,1
193,-1,1570,581,115,77,1,5,-1,1
193,-1,1564,561,162,109,1,5,-1,1
193,-1,1518,552,198,133,1,5,-1,1
194,-1,613,414,44,38,1,4,-1,0
194,-1,839,467,90,40,1,4,-1,1
194,-1,1183,536,121,68,1,4,-1,1
194,-1,1343,527,127,55,1,4,-1,0
194,-1,1513,573,157,90,1,5,-1,1
194,-1,507,402,26,20,1,4,-1,1
194,-1,1204,545,94,53,1,4,-1,1
194,-1,1307,559,148,64,1,4,-1,0
195,-1,492,407,42,30,1,4,-1,1
195,-1,606,413,47,38,1,4,-1,0
195,-1,1160,530,116,69,1,4,-1,1
195,-1,1317,522,119,59,1,4,-1,0
195,-1,1486,567,153,88,1,5,-1,1
195,-1,509,413,35,25,1,4,-1,1
195,-1,1313,526,128,64,1,4,-1,0
195,-1,1354,532,66,32,1,4,-1,0
196,-1,489,407,42,30,1,4,-1,1
196,-1,815,462,84,43,1,4,-1,1
196,-1,1137,524,111,71,1,4,-1,1
196,-1,1280,517,125,62,1,4,-1,0
196,-1,1459,562,150,86,1,5,-1,1
196,-1,786,465,124,63,1,4,-1,1
196,-1,814,476,64,33,1,4,-1,1
196,-1,492,394,38,27,1,4,-1,1
197,-1,485,407,43,30,1,4,-1,1
197,-1,594,412,50,41,1,4,-1,0
197,-1,1114,518,106,72,1,4,-1,1
197,-1,1264,511,121,62,1,4,-1,0
197,-1,1432,557,147,83,1,5,-1,1
197,-1,780,448,110,61,1,4,-1,1
197,-1,1150,514,61,42,1,4,-1,1
197,-1,1399,526,178,100,1,5,-1,1
198,-1,482,407,43,30,1,4,-1,1
198,-1,590,415,53,38,1,4,-1,0
198,-1,792,457,77,46,1,4,-1,1
198,-1,1091,512,102,74,1,4,-1,1
198,-1,1248,505,118,62,1,4,-1,0
198,-1,1405,552,144,81,1,5,-1,1
198,-1,1271,539,84,44,1,4,-1,0
198,-1,791,459,82,49,1,4,-1,1
198,-1,1274,518,72,38,1,4,-1,0
199,-1,477,404,45,35,1,4,-1,1
199,-1,586,414,51,36,1,4,-1,0
199,-1,1073,508,97,76,1,4,-1,1
199,-1,1223,502,107,59,1,4,-1,0
199,-1,1419,575,106,58,1,5,-1,1
199,-1,497,396,26,20,1,4,-1,1
199,-1,1090,541,74,58,1,4,-1,1
200,-1,583,414,49,34,1,4,-1,0
200,-1,773,456,75,43,1,4,-1,1
200,-1,1055,505,93,78,1,4,-1,1
200,-1,1199,499,95,57,1,4,-1,0
200,-1,1351,541,137,77,1,5,-1,1
200,-1,751,411,100,58,1,4,-1,1
200,-1,582,424,25,17,1,4,-1,0
200,-1,1357,536,146,82,1,5,-1,1
201,-1,579,413,47,33,1,4,-1,0
201,-1,1037,502,89,80,1,4,-1,1
201,-1,1178,496,95,58,1,4,-1,0
201,-1,1324,536,134,74,1,5,-1,1
201,-1,559,412,59,41,1,4,-1,0
201,-1,1334,515,139,76,1,5,-1,1
201,-1,560,415,36,25,1,4,-1,0
202,-1,576,413,45,31,1,4,-1,0
202,-1,754,455,73,40,1,4,-1,1
202,-1,1015,498,89,75,1,4,-1,1
202,-1,1157,493,95,59,1,4,-1,0
202,-1,1297,531,131,72,1,5,-1,1
202,-1,576,416,54,37,1,4,-1,0
202,-1,1166,486,70,43,1,4,-1,0
202,-1,1172,472,113,70,1,4,-1,0
203,-1,745,455,72,38,1,4,-1,1
203,-1,994,494,88,71,1,4,-1,1
203,-1,1136,490,95,60,1,4,-1,0
203,-1,1296,533,80,43,1,5,-1,1
203,-1,586,416,46,31,1,4,-1,0
203,-1,1119,496,105,66,1,4,-1,0
204,-1,570,409,51,31,1,4,-1,0
204,-1,973,491,88,66,1,4,-1,1
204,-1,1127,467,108,69,1,4,-1,0
204,-1,1207,502,180,97,1,5,-1,1
204,-1,952,461,126,94,1,4,-1,1
205,-1,564,411,49,33,1,4,-1,0
205,-1,957,489,88,64,1,4,-1,1
205,-1,1097,484,91,57,1,4,-1,0
205,-1,1224,518,121,66,1,5,-1,1
205,-1,1227,502,163,89,1,5,-1,1
205,-1,1240,543,141,77,1,5,-1,1
205,-1,1101,471,58,36,1,4,-1,0
206,-1,558,414,47,35,1,4,-1,0
206,-1,718,451,64,36,1,4,-1,1
206,-1,941,487,88,63,1,4,-1,1
206,-1,1080,481,85,52,1,4,-1,0
206,-1,1204,515,119,65,1,5,-1,1
206,-1,729,483,36,20,1,4,-1,1
206,-1,548,411,63,47,1,4,-1,0
206,-1,678,459,85,48,1,4,-1,1
207,-1,556,413,45,35,1,4,-1,0
207,-1,1184,512,117,65,1,5,-1,1
207,-1,720,434,79,47,1,4,-1,1
207,-1,1207,519,121,67,1,5,-1,1
207,-1,913,472,92,64,1,4,-1,1
208,-1,555,412,43,35,1,4,-1,0
208,-1,701,448,57,35,1,4,-1,1
208,-1,909,483,88,60,1,4,-1,1
208,-1,1048,478,81,49,1,4,-1,0
208,-1,1164,509,114,64,1,5,-1,1
208,-1,1038,468,118,72,1,4,-1,0
208,-1,703,439,56,34,1,4,-1,1
208,-1,1048,464,98,59,1,4,-1,0
209,-1,552,418,33,27,1,4,-1,0
209,-1,691,446,60,39,1,4,-1,1
209,-1,893,481,88,58,1,4,-1,1
209,-1,1144,506,112,63,1,5,-1,1
209,-1,526,388,48,40,1,4,-1,0
209,-1,562,401,35,29,1,4,-1,0
209,-1,516,422,49,40,1,4,-1,0
210,-1,543,407,50,36,1,4,-1,0
210,-1,878,479,87,57,1,4,-1,1
210,-1,1011,472,84,53,1,4,-1,0
210,-1,1124,504,110,62,1,5,-1,1
210,-1,1015,496,58,36,1,4,-1,0
210,-1,985,456,116,73,1,4,-1,0
210,-1,898,464,99,65,1,4,-1,1
211,-1,540,409,47,34,1,4,-1,0
211,-1,674,442,62,43,1,4,-1,1
211,-1,866,475,81,55,1,4,-1,1
211,-1,1107,501,107,61,1,5,-1,1
211,-1,556,378,48,35,1,4,-1,0
211,-1,1009,493,43,26,1,4,-1,0
211,-1,1092,488,152,87,1,5,-1,1
212,-1,667,441,62,42,1,4,-1,1
212,-1,854,472,75,53,1,4,-1,1
212,-1,984,468,81,49,1,4,-1,0
212,-1,1100,499,62,36,1,5,-1,1
212,-1,1106,499,123,71,1,5,-1,1
212,-1,877,493,68,48,1,4,-1,1
213,-1,536,414,39,31,1,4,-1,0
213,-1,660,439,61,42,1,4,-1,1
213,-1,970,467,80,46,1,4,-1,0
213,-1,1074,496,102,59,1,5,-1,1
213,-1,964,468,74,42,1,4,-1,0
213,-1,978,487,74,43,1,4,-1,0
213,-1,1085,489,112,65,1,5,-1,1
214,-1,529,404,51,41,1,4,-1,0
214,-1,830,466,72,51,1,4,-1,1
214,-1,957,465,78,44,1,4,-1,0
214,-1,1057,493,100,59,1,5,-1,1
214,-1,858,464,57,40,1,4,-1,1
214,-1,791,452,99,70,1,4,-1,1
214,-1,1043,459,126,74,1,5,-1,1
215,-1,818,463,75,52,1,4,-1,1
215,-1,653,460,44,30,1,4,-1,1
215,-1,936,474,77,42,1,4,-1,0
215,-1,671,461,63,42,1,4,-1,1
216,-1,532,403,40,47,1,4,-1,0
216,-1,639,435,60,39,1,4,-1,1
216,-1,806,461,79,52,1,4,-1,1
216,-1,930,462,76,39,1,4,-1,0
216,-1,1024,488,95,57,1,5,-1,1
216,-1,518,409,40,47,1,4,-1,0
216,-1,910,457,97,50,1,4,-1,0
216,-1,510,382,59,69,1,4,-1,0
217,-1,525,413,41,31,1,4,-1,0
217,-1,800,459,67,50,1,4,-1,1
217,-1,917,459,72,40,1,4,-1,0
217,-1,1003,480,110,64,1,5,-1,1
217,-1,985,470,105,61,1,5,-1,1
217,-1,981,507,96,56,1,5,-1,1
217,-1,909,442,89,49,1,4,-1,0
218,-1,522,412,39,33,1,4,-1,0
218,-1,904,456,68,42,1,4,-1,0
218,-1,983,472,125,71,1,5,-1,1
218,-1,537,389,46,39,1,4,-1,0
218,-1,912,475,42,26,1,4,-1,0
218,-1,510,409,46,39,1,4,-1,0
219,-1,620,435,49,29,1,4,-1,1
219,-1,891,454,65,43,1,4,-1,0
219,-1,978,473,103,68,1,5,-1,1
219,-1,628,397,51,30,1,4,-1,1
219,-1,600,429,70,42,1,4,-1,1
219,-1,619,418,51,30,1,4,-1,1
220,-1,620,433,48,41,1,4,-1,1
220,-1,775,454,55,48,1,4,-1,1
220,-1,882,456,63,39,1,4,-1,0
220,-1,974,475,81,64,1,5,-1,0
220,-1,496,419,50,50,1,4,-1,0
220,-1,516,382,40,40,1,4,-1,0
220,-1,878,469,73,45,1,4,-1,0
221,-1,516,405,36,35,1,4,-1,0
221,-1,611,433,50,36,1,4,-1,1
221,-1,873,458,61,35,1,4,-1,0
221,-1,961,473,81,61,1,5,-1,0
221,-1,885,446,72,41,1,4,-1,0
221,-1,798,445,55,48,1,4,-1,1
221,-1,769,494,43,37,1,4,-1,1
222,-1,602,433,52,31,1,4,-1,1
222,-1,756,451,54,47,1,4,-1,1
222,-1,948,471,81,58,1,5,-1,0
222,-1,756,450,42,36,1,4,-1,1
222,-1,939,463,101,72,1,5,-1,0
222,-1,940,478,112,80,1,5,-1,0
223,-1,511,407,35,32,1,4,-1,0
223,-1,596,433,50,30,1,4,-1,1
223,-1,746,449,54,47,1,4,-1,1
223,-1,852,450,57,40,1,4,-1,0
223,-1,936,469,80,55,1,5,-1,0
223,-1,922,471,99,68,1,5,-1,0
223,-1,859,470,56,39,1,4,-1,0
223,-1,637,453,35,21,1,4,-1,1
224,-1,590,434,48,28,1,4,-1,1
224,-1,737,448,53,46,1,4,-1,1
224,-1,841,446,55,42,1,4,-1,0
224,-1,924,467,79,52,1,5,-1,0
224,-1,722,425,73,64,1,4,-1,1
224,-1,805,427,69,53,1,4,-1,0
224,-1,603,448,53,31,1,4,-1,1
225,-1,506,410,34,28,1,4,-1,0
225,-1,584,435,51,27,1,4,-1,1
225,-1,728,447,53,45,1,4,-1,1
225,-1,831,443,53,44,1,4,-1,0
225,-1,912,466,79,49,1,5,-1,0
225,-1,594,423,39,21,1,4,-1,1
225,-1,902,443,69,43,1,5,-1,0
225,-1,909,465,79,49,1,5,-1,0
