1,16,551.00,377.00,45.00,54.00,1,2,-1,-1
1,15,989.00,526.00,82.00,63.00,1,10,-1,-1
1,14,927.00,417.00,30.00,69.00,1,10,-1,-1
1,13,917.00,438.00,33.00,72.00,1,10,-1,-1
1,12,730.00,252.00,20.00,44.00,1,10,-1,-1
1,11,660.00,300.00,20.00,52.00,1,1,-1,-1
1,10,634.00,383.00,23.00,60.00,1,1,-1,-1
1,9,602.00,263.00,20.00,50.00,1,1,-1,-1
1,8,591.00,422.00,32.00,79.00,1,1,-1,-1
1,7,543.00,390.00,36.00,43.00,1,2,-1,-1
1,6,532.00,377.00,28.00,28.00,1,2,-1,-1
1,5,531.00,641.00,87.00,114.00,1,7,-1,-1
1,4,492.00,398.00,16.00,43.00,1,1,-1,-1
1,3,445.00,403.00,20.00,57.00,1,1,-1,-1
1,2,424.00,543.00,35.00,88.00,1,1,-1,-1
2,23,688.00,298.00,27.00,50.00,1,2,-1,-1
2,22,621.00,390.00,27.00,68.00,1,1,-1,-1
2,21,603.00,340.00,27.00,55.00,1,10,-1,-1
2,20,537.00,370.00,26.00,25.00,1,2,-1,-1
2,19,453.00,412.00,21.00,48.00,1,1,-1,-1
2,18,415.00,530.00,36.00,85.00,1,1,-1,-1
2,17,529.00,381.00,15.00,14.00,1,2,-1,-1
2,15,988.85,525.12,82.31,63.76,1,10,-1,-1
2,14,927.00,416.00,30.00,69.00,1,10,-1,-1
2,13,917.00,437.00,33.00,72.00,1,10,-1,-1
2,12,730.00,252.00,20.00,44.00,1,10,-1,-1
2,11,659.00,300.00,20.00,52.00,1,1,-1,-1
2,7,542.00,389.00,36.00,43.00,1,2,-1,-1
2,6,531.00,376.00,28.00,28.00,1,2,-1,-1
2,3,444.00,402.00,20.00,57.00,1,1,-1,-1
2,2,423.00,543.00,35.00,88.00,1,1,-1,-1
3,25,507.00,416.00,10.00,25.00,1,1,-1,-1
3,24,689.00,312.00,23.00,45.00,1,10,-1,-1
3,23,687.94,298.12,27.13,50.76,1,2,-1,-1
3,21,603.00,340.00,27.00,55.00,1,10,-1,-1
3,19,453.00,412.00,21.00,48.00,1,1,-1,-1
3,18,415.00,530.00,36.00,85.00,1,1,-1,-1
3,12,730.11,251.91,20.72,45.11,1,10,-1,-1
3,11,658.94,300.00,20.00,52.00,1,1,-1,-1
3,10,632.71,380.84,20.59,57.32,1,1,-1,-1
3,8,589.48,432.43,30.03,80.15,1,1,-1,-1
3,7,541.94,388.94,36.00,43.00,1,2,-1,-1
3,6,530.94,375.94,28.00,28.00,1,2,-1,-1
3,4,490.11,395.71,16.77,43.59,1,1,-1,-1
3,2,422.94,543.00,35.00,88.00,1,1,-1,-1
4,11,658.92,300.16,20.07,52.52,1,1,-1,-1
4,7,541.96,388.96,36.00,43.00,1,2,-1,-1
4,6,530.96,375.96,28.00,28.00,1,2,-1,-1
5,8,588.60,433.40,29.36,82.20,1,1,-1,-1
5,7,541.19,388.97,36.00,43.00,1,2,-1,-1
6,15,992.01,524.90,82.92,64.16,1,10,-1,-1
6,14,928.85,415.23,30.00,69.00,1,10,-1,-1
6,7,540.96,388.97,36.00,43.00,1,2,-1,-1
7,24,688.26,298.04,27.70,52.25,1,10,-1,-1
7,15,992.92,524.90,83.03,64.18,1,10,-1,-1
7,14,929.08,415.00,30.00,69.00,1,10,-1,-1
7,2,421.99,543.00,35.00,88.00,1,1,-1,-1
8,15,993.83,525.06,83.21,64.56,1,10,-1,-1
8,11,658.41,301.05,20.45,53.03,1,1,-1,-1
8,6,535.00,371.42,26.95,26.65,1,2,-1,-1
8,2,421.92,543.00,35.00,88.00,1,1,-1,-1
9,15,994.27,525.04,83.66,64.86,1,10,-1,-1
9,11,658.17,301.67,20.69,53.24,1,1,-1,-1
9,6,536.54,369.96,26.35,25.85,1,2,-1,-1
9,4,487.32,391.79,18.38,43.35,1,1,-1,-1
10,11,658.05,301.87,20.84,53.34,1,1,-1,-1
10,6,537.15,368.90,25.99,25.35,1,2,-1,-1
11,11,657.99,301.93,20.94,53.38,1,1,-1,-1
11,6,533.57,373.09,26.67,26.19,1,2,-1,-1
12,40,734.82,257.00,20.36,45.04,1,10,-1,-1
13,42,527.39,643.57,90.36,111.72,1,7,-1,-1
13,14,932.10,413.91,30.00,69.00,1,10,-1,-1
14,43,414.50,532.12,35.29,86.88,1,1,-1,-1
14,42,527.18,643.77,90.57,111.52,1,7,-1,-1
14,39,634.26,370.23,20.55,56.67,1,1,-1,-1
15,43,412.80,529.55,35.48,86.25,1,1,-1,-1
15,42,527.09,643.86,90.71,111.39,1,7,-1,-1
16,51,444.00,400.15,20.00,57.00,1,1,-1,-1
16,42,527.05,643.91,90.80,111.29,1,7,-1,-1
17,42,526.53,644.42,91.15,110.96,1,7,-1,-1
17,35,451.98,410.93,21.00,48.00,1,1,-1,-1
18,58,531.00,373.96,28.00,28.00,1,2,-1,-1
18,42,526.28,644.66,91.40,110.72,1,7,-1,-1
18,35,451.31,410.94,21.00,48.00,1,1,-1,-1
19,42,526.16,644.78,91.58,110.54,1,7,-1,-1
19,35,451.06,410.95,21.00,48.00,1,1,-1,-1
20,64,738.87,260.87,21.00,46.00,1,10,-1,-1
20,55,948.94,462.86,40.94,86.31,1,10,-1,-1
20,35,450.97,410.95,21.00,48.00,1,1,-1,-1
21,68,928.83,435.03,35.13,71.84,1,10,-1,-1
21,65,584.10,449.83,31.75,90.15,1,1,-1,-1
21,64,739.05,261.25,21.06,46.43,1,10,-1,-1
22,73,936.89,411.96,30.00,69.00,1,10,-1,-1
22,68,929.20,434.80,35.58,72.27,1,10,-1,-1
22,65,583.88,451.13,31.96,90.78,1,1,-1,-1
22,62,602.00,258.00,20.00,50.00,1,1,-1,-1
23,72,689.96,304.23,29.08,54.47,1,2,-1,-1
23,65,583.09,452.86,32.06,91.10,1,1,-1,-1
23,42,525.16,645.77,92.56,109.57,1,7,-1,-1
24,72,690.74,304.80,29.04,54.30,1,2,-1,-1
25,72,690.96,305.16,29.07,54.59,1,2,-1,-1
26,78,417.89,543.00,35.00,88.00,1,1,-1,-1
26,72,691.03,305.22,29.09,54.77,1,2,-1,-1
26,58,531.00,372.96,28.00,28.00,1,2,-1,-1
27,78,417.90,543.00,35.00,88.00,1,1,-1,-1
27,72,691.04,305.89,29.09,54.88,1,2,-1,-1
28,78,417.91,543.00,35.00,88.00,1,1,-1,-1
28,72,691.21,306.03,29.43,55.09,1,2,-1,-1
29,93,956.08,464.56,37.81,79.47,1,10,-1,-1
29,92,654.97,306.94,22.01,55.26,1,1,-1,-1
29,85,692.00,324.10,23.00,45.00,1,10,-1,-1
30,93,958.18,465.06,39.30,82.56,1,10,-1,-1
30,92,654.98,307.53,22.00,54.86,1,1,-1,-1
30,91,533.24,386.91,36.65,44.18,1,2,-1,-1
30,85,692.00,324.87,23.00,45.00,1,10,-1,-1
31,105,939.07,414.38,32.72,67.94,1,10,-1,-1
31,97,602.00,256.19,20.00,50.00,1,1,-1,-1
31,93,959.34,465.03,40.18,84.64,1,10,-1,-1
31,92,654.96,307.93,22.04,55.01,1,1,-1,-1
31,91,533.01,386.90,36.81,44.20,1,2,-1,-1
32,105,941.49,409.57,31.14,66.59,1,10,-1,-1
32,93,960.28,464.75,40.66,85.83,1,10,-1,-1
32,92,654.95,308.04,22.06,55.09,1,1,-1,-1
33,105,942.31,408.59,30.33,66.18,1,10,-1,-1
33,93,961.20,465.00,40.90,86.19,1,10,-1,-1
33,92,654.95,308.75,22.07,55.13,1,1,-1,-1
34,112,449.15,410.00,21.00,48.00,1,1,-1,-1
34,105,943.30,407.90,29.89,66.17,1,10,-1,-1
34,92,654.95,308.99,22.07,55.14,1,1,-1,-1
35,116,936.75,433.75,37.63,73.09,1,10,-1,-1
35,112,448.16,410.00,21.00,48.00,1,1,-1,-1
36,123,693.00,327.04,23.00,45.00,1,10,-1,-1
36,122,691.98,308.15,30.03,56.84,1,2,-1,-1
36,121,531.49,371.20,27.64,27.42,1,2,-1,-1
36,112,447.14,410.00,21.00,48.00,1,1,-1,-1
37,122,692.14,308.75,30.50,57.23,1,2,-1,-1
37,121,532.75,367.55,26.95,26.80,1,2,-1,-1
37,117,1014.86,523.34,88.26,69.85,1,10,-1,-1
37,112,446.83,410.00,21.00,48.00,1,1,-1,-1
37,107,601.33,335.77,29.88,56.33,1,10,-1,-1
38,121,531.25,370.28,27.69,27.58,1,2,-1,-1
38,117,1015.85,523.07,88.29,69.97,1,10,-1,-1
38,112,446.05,410.00,21.00,48.00,1,1,-1,-1
39,121,530.73,371.09,28.06,27.98,1,2,-1,-1
39,112,445.12,410.00,21.00,48.00,1,1,-1,-1
39,98,625.76,352.73,24.19,62.04,1,1,-1,-1
40,112,444.13,410.00,21.00,48.00,1,1,-1,-1
40,98,627.21,343.31,26.92,68.43,1,1,-1,-1
41,137,536.10,353.12,30.19,28.77,1,2,-1,-1
41,129,530.02,385.93,36.80,45.15,1,2,-1,-1
42,131,600.30,255.72,20.00,50.00,1,1,-1,-1
42,129,529.79,385.28,36.50,45.02,1,2,-1,-1
43,142,943.22,407.89,30.42,65.73,1,10,-1,-1
43,131,599.98,255.26,20.00,50.00,1,1,-1,-1
43,127,470.87,371.31,17.99,39.67,1,1,-1,-1
44,142,943.18,407.45,30.47,66.43,1,10,-1,-1
44,128,522.46,650.84,98.08,104.40,1,7,-1,-1
44,78,409.04,534.84,35.62,84.43,1,1,-1,-1
45,147,531.24,370.31,27.91,28.56,1,2,-1,-1
45,145,1023.04,521.65,90.00,71.15,1,10,-1,-1
45,128,522.34,651.39,98.32,103.98,1,7,-1,-1
45,78,411.96,540.59,35.46,85.41,1,1,-1,-1
46,151,693.78,311.98,31.14,58.84,1,2,-1,-1
46,150,440.97,395.27,20.07,57.52,1,1,-1,-1
46,147,531.16,370.39,28.13,28.59,1,2,-1,-1
46,145,1024.83,520.28,90.03,71.13,1,10,-1,-1
46,143,751.11,273.14,22.77,49.80,1,10,-1,-1
46,128,522.25,651.66,98.50,103.69,1,7,-1,-1
47,150,439.96,395.05,20.08,57.76,1,1,-1,-1
47,147,531.09,370.33,28.23,28.56,1,2,-1,-1
47,127,468.37,369.36,17.12,39.40,1,1,-1,-1
48,150,438.94,394.39,20.13,58.31,1,1,-1,-1
48,127,467.25,369.10,17.03,39.43,1,1,-1,-1
49,150,437.48,394.65,18.19,52.57,1,1,-1,-1
49,127,466.21,369.02,16.97,39.47,1,1,-1,-1
49,78,403.87,538.70,35.90,85.61,1,1,-1,-1
50,156,525.17,364.05,25.62,27.88,1,2,-1,-1
50,155,532.79,352.17,29.27,29.66,1,2,-1,-1
50,128,522.13,652.69,98.74,102.64,1,7,-1,-1
50,127,465.19,368.33,16.93,39.50,1,1,-1,-1
50,78,400.60,538.04,36.22,85.47,1,1,-1,-1
51,128,521.80,652.80,99.41,102.50,1,7,-1,-1
51,127,463.52,368.08,16.90,39.53,1,1,-1,-1
51,78,398.69,538.00,36.45,85.66,1,1,-1,-1
52,139,574.23,504.66,40.54,108.58,1,1,-1,-1
53,160,690.45,310.10,32.69,62.50,1,10,-1,-1
54,156,522.67,363.93,25.52,28.07,1,2,-1,-1
54,149,433.48,399.20,21.78,53.42,1,1,-1,-1
55,165,745.40,294.98,23.52,41.42,1,10,-1,-1
55,156,521.90,363.93,25.39,28.07,1,2,-1,-1
55,149,432.44,394.57,21.61,56.09,1,1,-1,-1
56,180,938.61,408.70,35.43,67.62,1,10,-1,-1
56,165,744.24,295.13,23.69,41.92,1,10,-1,-1
57,180,937.92,403.67,34.73,66.34,1,10,-1,-1
58,184,430.39,407.89,21.78,54.05,1,1,-1,-1
59,184,429.87,408.57,21.21,51.31,1,1,-1,-1
59,149,429.43,389.40,20.38,61.43,1,1,-1,-1
60,191,383.94,541.95,38.96,88.99,1,1,-1,-1
61,173,686.69,328.82,26.11,50.52,1,10,-1,-1
63,206,1025.90,522.86,94.09,73.13,1,10,-1,-1
63,202,448.15,364.15,17.00,40.00,1,1,-1,-1
63,197,939.66,425.14,38.67,73.49,1,10,-1,-1
63,176,517.19,363.53,27.04,27.99,1,2,-1,-1
64,204,686.25,312.89,32.57,63.28,1,2,-1,-1
64,197,940.09,424.43,38.88,74.15,1,10,-1,-1
64,176,516.28,362.60,26.37,28.15,1,2,-1,-1
65,197,940.89,424.12,39.00,74.54,1,10,-1,-1
65,176,516.10,362.23,25.91,28.28,1,2,-1,-1
66,208,445.05,400.43,18.77,49.03,1,1,-1,-1
66,203,624.95,324.64,22.89,58.65,1,1,-1,-1
66,197,941.68,423.89,38.66,74.27,1,10,-1,-1
67,226,947.15,400.81,37.59,68.38,1,10,-1,-1
67,219,975.71,451.71,42.48,96.48,1,10,-1,-1
67,208,444.36,399.74,19.39,49.70,1,1,-1,-1
67,203,624.34,323.26,22.71,58.49,1,1,-1,-1
67,197,942.65,423.34,38.47,74.45,1,10,-1,-1
68,195,527.19,346.93,29.00,30.00,1,2,-1,-1
69,221,379.81,537.92,39.29,94.98,1,1,-1,-1
69,218,523.85,380.50,35.81,44.46,1,2,-1,-1
70,227,620.58,321.12,24.50,61.37,1,1,-1,-1
70,218,523.26,379.68,36.20,44.61,1,2,-1,-1
71,235,581.26,245.19,20.00,50.00,1,1,-1,-1
71,227,617.96,322.81,25.06,62.45,1,1,-1,-1
72,240,585.16,335.69,30.29,61.40,1,10,-1,-1
72,235,581.07,244.20,20.00,50.00,1,1,-1,-1
72,227,616.91,322.70,25.39,63.07,1,1,-1,-1
73,240,586.45,328.35,29.98,59.25,1,10,-1,-1
73,235,581.01,243.17,20.00,50.00,1,1,-1,-1
73,227,617.16,321.96,25.61,63.44,1,1,-1,-1
73,197,951.15,397.28,37.37,70.54,1,10,-1,-1
73,176,513.50,359.76,28.25,27.80,1,2,-1,-1
74,240,586.88,325.44,29.86,58.05,1,10,-1,-1
74,235,580.99,242.85,20.00,50.00,1,1,-1,-1
74,227,617.21,321.02,25.74,63.66,1,1,-1,-1
74,197,951.37,396.35,37.18,70.50,1,10,-1,-1
74,176,512.61,359.61,28.77,27.59,1,2,-1,-1
75,249,742.70,227.06,19.53,32.40,1,2,-1,-1
75,240,587.03,324.61,29.83,57.32,1,10,-1,-1
75,235,580.98,242.08,20.00,50.00,1,1,-1,-1
75,227,617.19,320.02,25.83,63.81,1,1,-1,-1
75,197,952.10,396.10,37.05,70.49,1,10,-1,-1
75,176,511.56,358.95,29.13,27.44,1,2,-1,-1
76,254,442.98,350.75,18.99,40.41,1,1,-1,-1
76,249,743.36,228.24,19.76,31.93,1,2,-1,-1
76,245,680.33,312.04,32.37,62.13,1,2,-1,-1
76,240,587.08,323.76,29.83,56.86,1,10,-1,-1
76,235,580.98,241.14,20.00,50.00,1,1,-1,-1
76,227,620.70,315.15,24.84,62.24,1,1,-1,-1
76,197,952.38,395.90,36.95,70.19,1,10,-1,-1
77,260,442.35,394.33,16.61,45.30,1,1,-1,-1
77,255,642.96,315.07,24.08,63.80,1,1,-1,-1
77,254,438.76,350.66,18.86,41.74,1,1,-1,-1
77,253,377.14,523.90,40.08,99.51,1,1,-1,-1
77,235,580.99,240.15,20.00,50.00,1,1,-1,-1
78,265,746.87,217.00,18.00,49.00,1,2,-1,-1
78,264,728.18,297.97,27.63,59.19,1,10,-1,-1
78,262,517.00,358.19,25.00,29.00,1,2,-1,-1
78,256,951.79,418.86,37.38,77.40,1,10,-1,-1
78,255,642.96,314.99,24.08,63.92,1,1,-1,-1
78,254,441.52,348.18,18.89,41.21,1,1,-1,-1
78,253,378.61,534.89,39.91,100.04,1,1,-1,-1
79,253,378.47,539.26,39.76,100.31,1,1,-1,-1
80,240,587.96,322.21,29.13,56.45,1,10,-1,-1
80,227,622.46,309.02,23.85,60.78,1,1,-1,-1
81,240,588.02,321.84,29.04,56.21,1,10,-1,-1
82,271,521.00,373.13,38.00,45.00,1,2,-1,-1
82,265,748.19,229.54,18.40,44.76,1,2,-1,-1
82,240,588.03,321.26,29.00,56.38,1,10,-1,-1
83,282,955.86,396.94,37.32,70.12,1,10,-1,-1
83,271,522.47,377.03,29.72,35.25,1,2,-1,-1
84,282,956.20,396.85,37.64,70.30,1,10,-1,-1
85,282,956.82,396.95,37.39,70.10,1,10,-1,-1
86,295,956.00,417.00,37.00,79.00,1,10,-1,-1
86,293,580.00,238.00,20.00,50.00,1,1,-1,-1
86,291,504.29,671.68,105.20,83.63,1,7,-1,-1
86,290,467.16,345.71,17.52,45.50,1,1,-1,-1
86,288,1058.35,513.85,97.06,75.91,1,10,-1,-1
86,282,957.19,396.89,37.64,70.21,1,10,-1,-1
86,265,749.71,224.83,18.22,47.70,1,2,-1,-1
86,262,507.65,358.36,28.20,28.58,1,2,-1,-1
86,240,588.30,319.92,28.94,56.67,1,10,-1,-1
86,227,623.23,303.03,22.89,59.42,1,1,-1,-1
87,299,982.17,457.41,61.68,133.42,1,10,-1,-1
87,295,955.96,417.16,37.08,79.46,1,10,-1,-1
87,293,580.00,238.00,20.00,50.00,1,1,-1,-1
87,291,503.38,672.61,104.99,82.79,1,7,-1,-1
87,283,442.48,342.99,19.60,39.45,1,1,-1,-1
87,282,957.80,396.96,37.42,70.07,1,10,-1,-1
87,271,520.08,374.37,36.90,43.39,1,2,-1,-1
87,265,749.98,225.46,18.18,48.09,1,2,-1,-1
87,262,506.03,358.57,29.19,28.60,1,2,-1,-1
87,240,588.14,319.89,28.94,56.73,1,10,-1,-1
87,227,623.24,302.07,22.85,59.38,1,1,-1,-1
88,302,410.96,384.11,19.00,68.00,1,1,-1,-1
88,293,580.00,238.00,20.00,50.00,1,1,-1,-1
88,271,519.43,374.33,37.37,44.03,1,2,-1,-1
88,227,623.24,301.11,22.81,59.35,1,1,-1,-1
89,308,517.00,354.89,25.00,29.00,1,2,-1,-1
89,305,747.07,242.00,21.00,33.00,1,3,-1,-1
89,271,519.14,374.23,37.66,44.43,1,2,-1,-1
89,227,622.58,300.13,22.79,59.34,1,1,-1,-1
90,308,517.00,354.88,25.00,29.00,1,2,-1,-1
90,305,747.87,243.76,21.00,33.00,1,3,-1,-1
90,303,673.91,323.27,40.88,76.89,1,2,-1,-1
90,290,465.51,346.05,18.82,45.56,1,1,-1,-1
90,271,518.50,374.11,38.17,44.76,1,2,-1,-1
90,227,622.33,299.81,22.78,59.34,1,1,-1,-1
91,308,517.00,354.89,25.00,29.00,1,2,-1,-1
91,303,675.12,322.27,38.58,71.97,1,2,-1,-1
91,298,519.12,340.97,29.00,30.00,1,2,-1,-1
91,295,957.02,418.17,37.07,79.75,1,10,-1,-1
92,322,739.46,325.27,28.94,57.48,1,10,-1,-1
92,308,516.29,354.91,25.00,29.00,1,2,-1,-1
92,303,675.86,323.20,37.16,68.93,1,2,-1,-1
93,324,569.99,269.44,15.24,41.34,1,1,-1,-1
93,308,508.49,358.15,26.85,29.53,1,2,-1,-1
93,303,676.33,324.60,36.25,66.98,1,2,-1,-1
93,291,497.80,678.38,104.30,77.24,1,7,-1,-1
94,308,505.45,359.30,28.05,29.73,1,2,-1,-1
94,305,746.43,253.05,21.63,33.65,1,3,-1,-1
94,303,675.95,325.37,35.67,65.72,1,2,-1,-1
94,287,364.85,539.04,41.79,102.87,1,1,-1,-1
94,282,961.88,398.00,37.29,69.05,1,10,-1,-1
94,227,622.16,297.89,22.77,59.36,1,1,-1,-1
95,308,503.68,359.83,29.25,30.22,1,2,-1,-1
95,287,363.66,537.30,41.21,102.17,1,1,-1,-1
96,308,509.99,356.60,27.99,29.80,1,2,-1,-1
96,287,362.84,536.88,41.16,102.14,1,1,-1,-1
97,344,676.27,347.81,26.61,59.43,1,10,-1,-1
97,342,433.88,398.82,20.03,48.32,1,1,-1,-1
98,344,675.89,348.92,26.38,59.19,1,10,-1,-1
98,342,433.22,398.97,20.53,49.03,1,1,-1,-1
99,354,1069.24,520.87,95.64,74.58,1,10,-1,-1
99,349,554.57,278.89,19.05,39.36,1,1,-1,-1
99,343,514.13,341.00,29.00,30.00,1,2,-1,-1
99,324,560.73,269.08,14.22,42.52,1,1,-1,-1
100,343,513.84,341.00,29.00,30.00,1,2,-1,-1
101,343,514.60,335.04,33.61,34.94,1,2,-1,-1
101,339,752.56,257.38,21.99,30.47,1,2,-1,-1
102,369,965.38,398.98,37.86,68.16,1,10,-1,-1
102,339,752.50,258.61,22.26,30.88,1,2,-1,-1
103,371,500.26,361.94,30.83,30.78,1,2,-1,-1
103,365,486.56,688.65,104.88,66.71,1,7,-1,-1
103,339,753.12,260.13,22.38,30.80,1,2,-1,-1
103,227,612.79,298.70,25.01,62.70,1,1,-1,-1
104,339,753.29,261.47,22.52,31.09,1,2,-1,-1
104,227,612.25,297.75,25.30,63.10,1,1,-1,-1
105,383,959.85,420.85,38.00,82.00,1,10,-1,-1
105,375,757.83,240.91,18.31,49.19,1,2,-1,-1
105,373,457.08,350.23,18.15,43.38,1,1,-1,-1
105,227,611.36,297.34,25.50,63.37,1,1,-1,-1
106,389,350.28,554.45,43.00,107.76,1,1,-1,-1
106,386,401.00,386.00,19.00,68.00,1,1,-1,-1
106,383,964.43,402.71,37.08,75.75,1,10,-1,-1
106,375,758.19,241.82,18.59,49.36,1,2,-1,-1
106,373,456.84,350.20,18.16,43.68,1,1,-1,-1
107,392,550.29,276.58,15.64,37.27,1,1,-1,-1
107,389,346.59,557.40,44.28,109.84,1,1,-1,-1
107,386,400.00,386.00,19.00,68.00,1,1,-1,-1
107,375,760.37,232.43,22.23,58.27,1,2,-1,-1
108,392,549.71,277.04,14.88,38.00,1,1,-1,-1
108,389,344.70,558.65,44.91,110.64,1,1,-1,-1
108,386,399.00,386.00,19.00,68.00,1,1,-1,-1
108,375,759.17,239.26,21.25,55.44,1,2,-1,-1
108,366,509.60,353.37,25.85,29.39,1,2,-1,-1
109,386,398.00,386.00,19.00,68.00,1,1,-1,-1
109,366,503.63,359.89,27.42,30.32,1,2,-1,-1
109,365,479.99,694.40,103.93,61.19,1,7,-1,-1
110,404,630.81,338.62,23.29,72.17,1,1,-1,-1
110,403,581.04,322.94,29.00,60.00,1,10,-1,-1
110,400,353.00,546.03,40.10,104.84,1,1,-1,-1
110,366,506.43,356.67,26.69,29.90,1,2,-1,-1
111,404,629.82,339.28,23.29,72.66,1,1,-1,-1
111,366,506.97,355.51,26.19,29.61,1,2,-1,-1
112,416,1067.08,528.11,102.85,77.77,1,10,-1,-1
112,408,404.83,402.84,20.07,54.00,1,1,-1,-1
112,404,628.85,340.11,23.26,72.92,1,1,-1,-1
113,419,621.84,288.37,22.48,59.49,1,1,-1,-1
113,416,1067.19,528.75,102.84,77.50,1,10,-1,-1
113,397,547.23,271.83,26.65,53.16,1,1,-1,-1
114,416,1067.10,529.12,103.04,77.76,1,10,-1,-1
114,397,546.00,272.04,26.79,53.20,1,1,-1,-1
115,418,419.08,397.73,20.95,52.54,1,1,-1,-1
115,416,1067.28,529.70,103.37,77.60,1,10,-1,-1
115,399,759.45,260.13,22.28,41.37,1,3,-1,-1
116,416,1065.87,525.64,98.74,74.17,1,10,-1,-1
116,404,624.86,343.26,23.25,74.64,1,1,-1,-1
116,399,758.78,269.28,22.53,40.10,1,3,-1,-1
117,415,957.38,423.58,39.48,83.44,1,10,-1,-1
117,399,758.47,274.18,22.70,39.25,1,3,-1,-1
118,430,563.73,154.09,17.59,34.77,1,1,-1,-1
118,399,758.98,277.43,22.83,38.68,1,3,-1,-1
119,449,709.00,363.12,40.09,73.45,1,2,-1,-1
119,447,425.85,337.89,20.00,39.00,1,1,-1,-1
119,430,563.20,154.04,17.73,34.88,1,1,-1,-1
119,418,415.74,397.37,20.52,53.26,1,1,-1,-1
120,453,490.59,363.87,31.28,32.15,1,2,-1,-1
120,430,563.00,154.02,17.81,34.94,1,1,-1,-1
120,404,620.39,346.29,23.79,76.05,1,1,-1,-1
120,397,538.31,275.11,26.45,53.02,1,1,-1,-1
121,397,536.92,275.88,26.31,52.98,1,1,-1,-1
123,469,654.85,349.37,37.42,74.19,1,10,-1,-1
123,449,700.54,367.25,41.70,77.29,1,2,-1,-1
123,415,954.93,428.40,38.82,80.68,1,10,-1,-1
124,471,318.02,566.16,45.05,112.67,1,1,-1,-1
124,470,1068.43,532.02,105.48,79.11,1,10,-1,-1
124,469,652.92,343.32,40.56,77.85,1,10,-1,-1
124,461,764.89,264.61,20.95,47.58,1,2,-1,-1
124,449,697.13,382.88,40.15,72.04,1,2,-1,-1
124,415,955.87,426.78,39.58,81.92,1,10,-1,-1
125,471,326.38,576.99,34.46,85.77,1,1,-1,-1
125,469,651.30,342.54,42.07,79.07,1,10,-1,-1
125,465,568.69,320.88,30.52,60.17,1,10,-1,-1
125,461,765.13,265.85,20.93,47.34,1,2,-1,-1
125,415,956.14,426.48,40.06,82.42,1,10,-1,-1
126,482,495.00,352.41,26.74,28.67,1,2,-1,-1
126,478,319.08,553.86,45.64,109.15,1,1,-1,-1
126,465,568.06,320.85,30.72,60.24,1,10,-1,-1
126,461,765.34,267.03,21.33,47.74,1,2,-1,-1
126,415,956.16,426.46,40.42,83.05,1,10,-1,-1
127,482,493.47,355.11,25.69,28.19,1,2,-1,-1
127,465,567.17,320.68,30.80,59.89,1,10,-1,-1
127,461,769.07,272.28,21.66,42.91,1,2,-1,-1
128,482,485.31,362.86,28.42,30.05,1,2,-1,-1
128,465,566.35,320.62,31.21,59.78,1,10,-1,-1
128,461,767.33,271.97,21.85,44.16,1,2,-1,-1
128,449,689.19,379.42,42.83,79.11,1,2,-1,-1
129,496,564.11,239.00,20.00,50.00,1,1,-1,-1
129,490,621.99,278.84,21.02,59.32,1,1,-1,-1
129,482,481.70,365.12,29.95,30.88,1,2,-1,-1
129,465,565.84,320.69,31.15,59.56,1,10,-1,-1
129,450,691.21,410.12,48.32,80.78,1,2,-1,-1
129,449,688.13,387.46,38.26,68.15,1,2,-1,-1
129,422,523.01,291.34,14.92,41.98,1,1,-1,-1
130,501,490.89,354.81,25.66,28.42,1,2,-1,-1
130,499,404.03,398.55,20.84,55.68,1,1,-1,-1
130,496,563.91,239.00,20.00,50.00,1,1,-1,-1
130,495,559.83,154.02,17.20,33.96,1,1,-1,-1
130,490,622.00,278.02,21.00,59.19,1,1,-1,-1
130,449,686.00,388.20,40.16,73.08,1,2,-1,-1
130,422,521.80,292.22,14.60,42.09,1,1,-1,-1
130,415,961.17,403.12,40.74,76.72,1,10,-1,-1
131,496,563.13,239.00,20.00,50.00,1,1,-1,-1
131,449,683.68,389.36,41.41,77.01,1,2,-1,-1
131,415,960.78,403.21,41.08,75.91,1,10,-1,-1
132,496,562.17,239.00,20.00,50.00,1,1,-1,-1
132,489,379.88,405.95,22.18,53.22,1,1,-1,-1
132,449,681.40,391.08,42.19,79.74,1,2,-1,-1
132,415,960.57,404.08,41.32,75.34,1,10,-1,-1
133,513,491.90,345.21,30.14,30.66,1,2,-1,-1
133,496,561.87,239.00,20.00,50.00,1,1,-1,-1
133,489,378.33,406.06,22.51,53.68,1,1,-1,-1
133,415,956.88,423.83,41.40,78.27,1,10,-1,-1
134,499,398.18,401.06,22.52,55.61,1,1,-1,-1
134,496,561.10,239.00,20.00,50.00,1,1,-1,-1
134,489,377.09,406.05,22.72,53.94,1,1,-1,-1
134,415,959.01,412.24,41.56,77.04,1,10,-1,-1
135,522,599.14,358.23,25.76,81.64,1,1,-1,-1
135,496,560.16,239.00,20.00,50.00,1,1,-1,-1
135,489,370.18,398.52,22.98,58.25,1,1,-1,-1
135,461,770.31,280.32,22.54,46.22,1,2,-1,-1
135,415,956.27,428.60,41.54,79.51,1,10,-1,-1
136,528,474.02,364.76,33.00,31.18,1,2,-1,-1
136,522,597.93,359.25,25.95,82.41,1,1,-1,-1
136,520,298.83,572.97,45.07,116.00,1,1,-1,-1
136,489,366.38,395.47,22.99,61.06,1,1,-1,-1
136,449,672.36,405.69,43.62,82.88,1,2,-1,-1
136,415,955.23,435.20,41.50,81.61,1,10,-1,-1
137,528,473.01,364.99,33.02,31.15,1,2,-1,-1
137,500,434.07,351.08,19.00,45.00,1,1,-1,-1
137,489,364.41,394.54,22.92,63.08,1,1,-1,-1
137,415,958.36,416.96,41.66,80.04,1,10,-1,-1
138,532,483.03,382.03,44.00,47.20,1,2,-1,-1
138,528,478.72,359.10,30.68,29.70,1,2,-1,-1
138,500,433.06,351.75,19.00,45.00,1,1,-1,-1
139,542,523.64,281.40,26.48,52.96,1,1,-1,-1
139,532,482.01,382.83,44.03,47.17,1,2,-1,-1
139,528,480.28,357.84,29.22,28.54,1,2,-1,-1
139,496,558.07,239.00,20.00,50.00,1,1,-1,-1
140,547,507.05,299.51,21.83,37.77,1,1,-1,-1
140,542,522.70,282.46,26.41,53.13,1,1,-1,-1
140,532,480.94,383.23,44.15,47.55,1,2,-1,-1
140,528,480.22,357.77,28.46,28.24,1,2,-1,-1
140,520,291.82,582.12,44.48,114.94,1,1,-1,-1
140,496,557.16,239.00,20.00,50.00,1,1,-1,-1
141,552,556.10,324.21,31.94,63.64,1,10,-1,-1
141,547,505.97,300.54,21.97,37.68,1,1,-1,-1
141,542,521.75,282.79,26.36,53.21,1,1,-1,-1
141,533,507.91,299.76,15.02,43.30,1,1,-1,-1
141,520,289.26,574.83,47.06,115.48,1,1,-1,-1
141,519,636.03,401.72,30.25,57.79,1,10,-1,-1
141,496,556.84,239.00,20.00,50.00,1,1,-1,-1
141,469,633.49,364.65,45.13,85.34,1,10,-1,-1
142,520,285.80,573.06,48.46,115.78,1,1,-1,-1
142,519,634.21,400.69,31.56,60.04,1,10,-1,-1
142,496,556.08,239.66,20.00,50.00,1,1,-1,-1
142,469,632.02,366.10,45.40,85.83,1,10,-1,-1
143,541,657.42,428.26,47.38,87.07,1,10,-1,-1
143,520,282.36,573.76,49.40,115.85,1,1,-1,-1
143,496,555.82,239.91,20.00,50.00,1,1,-1,-1
143,469,630.79,367.85,45.59,86.16,1,10,-1,-1
144,557,659.76,446.67,30.62,53.14,1,2,-1,-1
144,541,654.54,431.55,47.26,89.14,1,10,-1,-1
144,520,279.00,574.88,50.06,116.15,1,1,-1,-1
144,496,555.08,240.00,20.00,50.00,1,1,-1,-1
144,469,629.68,369.75,45.71,86.38,1,10,-1,-1
145,541,651.56,435.26,47.12,90.83,1,10,-1,-1
145,522,586.37,374.61,27.38,85.53,1,1,-1,-1
146,576,777.49,306.20,27.76,60.65,1,3,-1,-1
146,541,649.07,439.89,46.66,92.16,1,10,-1,-1
146,522,585.12,376.54,27.65,85.68,1,1,-1,-1
147,576,776.87,307.64,28.06,62.50,1,3,-1,-1
147,575,733.95,206.92,33.90,60.36,1,8,-1,-1
147,522,583.99,378.51,27.83,85.75,1,1,-1,-1
147,415,960.25,414.91,42.31,77.14,1,10,-1,-1
148,576,776.65,310.57,28.16,63.81,1,3,-1,-1
148,575,734.30,208.58,34.44,60.62,1,8,-1,-1
148,533,498.77,304.89,21.59,40.07,1,1,-1,-1
149,584,515.06,289.19,26.00,53.00,1,1,-1,-1
149,576,775.98,313.19,28.61,65.55,1,3,-1,-1
149,574,358.28,419.42,24.59,55.38,1,1,-1,-1
149,533,501.63,308.16,20.39,41.29,1,1,-1,-1
149,528,470.74,360.98,30.02,29.84,1,2,-1,-1
150,597,964.22,460.97,49.14,109.39,1,10,-1,-1
150,584,514.05,289.96,26.00,53.00,1,1,-1,-1
150,580,628.32,488.57,56.87,90.38,1,10,-1,-1
150,576,775.70,316.24,28.85,66.87,1,3,-1,-1
150,528,468.13,362.83,29.93,29.51,1,2,-1,-1
151,591,266.34,601.37,46.59,105.27,1,1,-1,-1
151,580,626.28,495.68,54.83,84.08,1,10,-1,-1
152,588,460.09,374.92,33.00,31.00,1,2,-1,-1
152,580,623.35,502.56,53.91,80.91,1,10,-1,-1
153,595,620.11,385.95,49.97,89.38,1,10,-1,-1
153,588,459.08,375.85,33.00,31.00,1,2,-1,-1
153,580,620.61,509.15,53.76,79.95,1,10,-1,-1
153,574,353.16,424.25,25.69,56.83,1,1,-1,-1
153,533,493.35,309.24,22.51,40.41,1,1,-1,-1
153,415,963.22,426.36,43.22,77.85,1,10,-1,-1
154,595,618.88,387.55,50.60,90.33,1,10,-1,-1
154,588,458.07,376.15,33.00,31.00,1,2,-1,-1
154,580,624.23,495.43,52.16,87.08,1,10,-1,-1
154,576,774.59,327.88,29.84,71.13,1,3,-1,-1
154,574,351.40,425.43,25.83,57.28,1,1,-1,-1
154,533,492.31,310.24,23.09,40.27,1,1,-1,-1
155,602,547.11,331.80,33.94,64.15,1,10,-1,-1
155,595,617.16,389.51,51.26,90.84,1,10,-1,-1
155,588,457.73,376.92,33.00,31.00,1,2,-1,-1
155,580,624.74,492.40,50.74,93.28,1,10,-1,-1
155,574,350.11,426.41,25.93,57.58,1,1,-1,-1
155,566,623.11,276.00,20.00,59.00,1,1,-1,-1
155,533,490.55,311.28,23.48,40.15,1,1,-1,-1
156,612,465.24,361.96,35.26,38.43,1,2,-1,-1
156,611,245.35,623.82,49.63,106.54,1,1,-1,-1
156,588,456.98,377.85,33.00,31.00,1,2,-1,-1
156,580,622.21,494.44,49.80,98.34,1,10,-1,-1
156,574,348.99,428.00,25.98,57.78,1,1,-1,-1
157,612,464.44,361.28,34.27,37.67,1,2,-1,-1
157,611,248.18,635.04,45.31,94.49,1,1,-1,-1
157,588,456.06,378.17,33.00,31.00,1,2,-1,-1
157,580,619.07,498.88,49.32,102.64,1,10,-1,-1
157,557,631.94,503.06,32.29,61.78,1,2,-1,-1
158,626,507.00,295.89,26.00,53.00,1,1,-1,-1
158,623,1069.38,588.70,125.25,91.73,1,10,-1,-1
158,612,463.62,361.84,33.74,37.29,1,2,-1,-1
158,588,455.08,378.93,33.00,31.00,1,2,-1,-1
159,626,506.00,296.88,26.00,53.00,1,1,-1,-1
159,595,612.56,398.36,52.59,91.56,1,10,-1,-1
159,566,621.04,276.00,20.00,59.00,1,1,-1,-1
160,626,505.00,297.89,26.00,53.00,1,1,-1,-1
160,606,735.60,224.89,35.83,66.38,1,8,-1,-1
160,595,611.51,400.57,52.61,91.37,1,10,-1,-1
160,574,344.02,432.88,26.85,59.23,1,1,-1,-1
160,566,620.29,287.62,19.96,56.08,1,1,-1,-1
161,641,479.13,319.91,25.84,39.39,1,1,-1,-1
161,627,602.25,535.70,49.04,89.14,1,10,-1,-1
161,620,604.29,281.71,26.00,64.00,1,1,-1,-1
161,606,735.81,226.53,36.05,67.42,1,8,-1,-1
161,566,620.00,280.90,19.98,56.89,1,1,-1,-1
162,641,477.87,320.94,25.95,39.36,1,1,-1,-1
162,640,451.78,376.10,29.50,30.87,1,2,-1,-1
162,623,1074.69,602.30,127.51,92.48,1,10,-1,-1
162,566,619.25,278.19,19.99,57.46,1,1,-1,-1
163,651,755.85,376.50,32.85,72.09,1,3,-1,-1
163,641,475.62,327.44,27.65,41.67,1,1,-1,-1
163,640,450.74,377.09,29.32,30.87,1,2,-1,-1
163,639,403.30,368.80,24.55,49.45,1,1,-1,-1
163,623,1076.65,606.31,127.88,92.51,1,10,-1,-1
163,566,618.97,277.06,20.00,57.88,1,1,-1,-1
164,651,753.95,373.05,34.07,79.10,1,3,-1,-1
164,650,557.99,415.02,31.10,94.89,1,1,-1,-1
164,640,449.22,378.01,29.61,31.01,1,2,-1,-1
164,639,402.04,369.73,24.84,49.64,1,1,-1,-1
164,623,1078.23,610.48,128.88,92.95,1,10,-1,-1
164,566,618.88,276.56,20.00,58.19,1,1,-1,-1
165,651,751.91,398.78,33.03,71.01,1,3,-1,-1
165,650,555.91,417.49,31.29,96.21,1,1,-1,-1
165,639,400.39,370.62,25.38,49.87,1,1,-1,-1
165,627,588.90,566.67,44.99,89.00,1,10,-1,-1
165,623,1079.96,614.52,129.53,93.21,1,10,-1,-1
166,651,749.91,388.83,34.05,78.33,1,3,-1,-1
166,639,399.07,371.74,25.76,50.31,1,1,-1,-1
166,627,583.99,577.12,41.54,78.50,1,10,-1,-1
167,672,1001.81,521.49,58.38,128.86,1,10,-1,-1
167,663,314.79,421.30,24.16,79.47,1,1,-1,-1
167,658,454.00,368.86,34.07,39.26,1,2,-1,-1
167,651,748.08,387.66,34.72,83.66,1,3,-1,-1
167,627,580.77,588.27,38.63,71.01,1,10,-1,-1
168,679,958.07,480.84,42.87,101.57,1,10,-1,-1
168,672,1002.14,524.37,58.93,130.31,1,10,-1,-1
168,669,191.91,644.16,55.99,107.14,1,1,-1,-1
168,660,966.44,448.78,50.43,93.60,1,10,-1,-1
168,658,452.92,369.86,34.11,39.25,1,2,-1,-1
168,651,746.15,389.83,34.91,87.12,1,3,-1,-1
168,640,444.35,382.95,27.09,29.62,1,2,-1,-1
168,566,616.35,276.03,20.70,58.86,1,1,-1,-1
169,677,579.01,602.75,59.99,113.78,1,10,-1,-1
169,672,1002.87,527.34,59.24,131.42,1,10,-1,-1
169,669,187.07,643.63,53.66,107.90,1,1,-1,-1
169,658,451.19,370.87,34.13,39.24,1,2,-1,-1
169,640,443.29,383.72,27.77,30.44,1,2,-1,-1
169,623,1087.33,629.78,132.04,94.71,1,10,-1,-1
169,566,616.04,276.47,20.80,58.64,1,1,-1,-1
170,685,528.27,346.84,35.62,69.37,1,10,-1,-1
170,677,570.30,627.95,59.58,112.69,1,10,-1,-1
170,669,182.66,645.99,51.97,106.87,1,1,-1,-1
170,665,465.09,331.87,25.80,43.04,1,1,-1,-1
170,658,449.94,372.57,34.13,39.22,1,2,-1,-1
170,640,442.19,384.52,28.20,30.97,1,2,-1,-1
171,686,554.41,159.73,15.49,34.48,1,1,-1,-1
171,685,526.84,348.09,35.47,69.63,1,10,-1,-1
171,677,564.67,620.97,58.56,118.73,1,10,-1,-1
171,665,463.44,333.84,26.07,42.77,1,1,-1,-1
171,663,305.05,427.51,23.92,81.09,1,1,-1,-1
171,627,570.41,634.02,32.99,58.54,1,10,-1,-1
172,686,553.62,159.63,16.26,35.00,1,1,-1,-1
172,685,525.76,349.13,35.36,69.79,1,10,-1,-1
172,679,967.33,484.89,47.73,102.90,1,10,-1,-1
172,677,561.30,623.08,57.11,119.53,1,10,-1,-1
172,627,567.52,643.75,31.87,55.26,1,10,-1,-1
173,699,388.97,378.93,28.95,51.98,1,1,-1,-1
173,679,963.78,492.55,47.17,103.92,1,10,-1,-1
173,677,558.60,629.47,55.77,117.02,1,10,-1,-1
174,679,963.16,496.62,46.79,104.96,1,10,-1,-1
174,677,556.57,654.94,50.85,95.98,1,10,-1,-1
174,671,584.39,448.36,60.16,102.55,1,2,-1,-1
175,704,336.04,443.99,23.00,60.82,1,1,-1,-1
175,677,554.06,668.51,44.77,75.94,1,10,-1,-1
175,623,1099.59,652.97,135.97,96.98,1,10,-1,-1
176,710,154.90,673.51,48.20,82.98,1,1,-1,-1
176,696,541.92,469.97,22.24,44.95,1,2,-1,-1
176,677,552.97,670.71,47.17,77.67,1,10,-1,-1
177,718,533.13,253.47,19.84,54.16,1,1,-1,-1
177,716,290.84,436.30,23.11,84.51,1,1,-1,-1
177,710,150.15,678.18,47.69,78.63,1,1,-1,-1
177,696,539.88,473.36,22.33,45.56,1,2,-1,-1
177,694,465.90,321.39,22.54,54.00,1,1,-1,-1
177,677,550.49,676.97,48.50,75.62,1,10,-1,-1
178,721,531.58,463.66,32.69,109.53,1,1,-1,-1
178,718,532.07,253.88,19.98,54.36,1,1,-1,-1
178,710,145.39,682.94,47.23,74.11,1,1,-1,-1
178,696,538.02,476.99,22.71,46.08,1,2,-1,-1
178,694,462.50,324.93,21.72,52.06,1,1,-1,-1
178,686,551.83,161.99,15.66,34.37,1,1,-1,-1
178,671,576.28,464.19,63.38,105.15,1,2,-1,-1
179,725,523.00,295.11,26.00,64.00,1,1,-1,-1
179,718,531.03,254.72,20.04,54.42,1,1,-1,-1
179,717,450.05,343.54,24.93,44.06,1,1,-1,-1
179,710,140.60,687.78,46.80,69.44,1,1,-1,-1
179,696,536.01,480.97,22.98,46.71,1,2,-1,-1
179,671,574.32,468.13,64.29,105.57,1,2,-1,-1
179,640,430.90,396.08,29.10,35.30,1,2,-1,-1
180,730,437.15,385.04,34.00,39.00,1,2,-1,-1
180,718,530.54,255.29,19.72,54.49,1,1,-1,-1
180,696,533.95,484.39,23.17,47.43,1,2,-1,-1
180,685,515.81,357.25,36.18,73.34,1,10,-1,-1
180,640,424.15,403.70,30.68,35.76,1,2,-1,-1
181,732,968.41,515.92,48.18,111.96,1,10,-1,-1
181,718,529.76,256.12,19.51,54.58,1,1,-1,-1
181,712,419.99,433.83,45.28,56.03,1,2,-1,-1
181,704,324.90,454.96,23.34,64.15,1,1,-1,-1
181,696,531.91,488.07,23.28,47.91,1,2,-1,-1
181,685,514.77,358.36,36.25,74.04,1,10,-1,-1
181,683,299.73,468.33,27.52,65.49,1,1,-1,-1
181,651,723.24,462.77,40.84,101.71,1,3,-1,-1
181,640,420.09,407.79,31.78,36.04,1,2,-1,-1
182,732,969.15,518.69,48.69,112.59,1,10,-1,-1
182,718,528.87,257.05,19.36,54.68,1,1,-1,-1
182,704,322.93,457.39,23.30,63.97,1,1,-1,-1
182,694,455.91,333.03,20.48,49.14,1,1,-1,-1
182,686,552.17,163.29,15.47,34.24,1,1,-1,-1
182,651,721.56,470.79,40.94,102.35,1,3,-1,-1
183,732,969.97,521.19,49.06,113.64,1,10,-1,-1
183,718,527.92,257.50,19.29,55.09,1,1,-1,-1
183,714,1022.73,574.45,68.95,151.59,1,10,-1,-1
183,704,321.11,459.68,23.62,64.31,1,1,-1,-1
183,694,454.71,334.51,20.33,48.77,1,1,-1,-1
183,686,551.62,163.08,15.97,34.34,1,1,-1,-1
183,651,721.45,503.06,40.68,100.66,1,3,-1,-1
184,732,970.88,523.91,49.25,114.21,1,10,-1,-1
184,718,526.94,258.24,19.23,55.38,1,1,-1,-1
184,694,453.68,336.40,20.22,48.52,1,1,-1,-1
184,651,721.18,498.35,41.13,102.73,1,3,-1,-1
185,751,600.14,287.95,25.76,64.84,1,1,-1,-1
185,712,412.93,441.94,46.78,57.60,1,2,-1,-1
185,694,452.04,337.77,20.15,48.35,1,1,-1,-1
185,651,721.24,502.67,41.74,104.53,1,3,-1,-1
186,751,600.97,288.07,25.88,65.02,1,1,-1,-1
186,651,721.38,510.21,42.46,106.70,1,3,-1,-1
187,756,558.23,500.78,70.49,109.31,1,2,-1,-1
187,714,1035.86,592.79,70.77,145.01,1,10,-1,-1
187,651,721.53,518.71,43.27,108.83,1,3,-1,-1
188,766,993.84,499.27,51.36,89.68,1,10,-1,-1
188,765,722.12,574.42,42.54,98.31,1,3,-1,-1
188,756,556.27,504.79,71.42,110.26,1,2,-1,-1
188,718,521.51,254.64,21.65,63.88,1,1,-1,-1
189,768,347.09,387.76,19.84,44.57,1,1,-1,-1
189,718,523.16,257.69,21.22,62.00,1,1,-1,-1
190,718,524.37,259.80,20.61,60.65,1,1,-1,-1
191,780,610.89,282.89,25.00,58.00,1,1,-1,-1
191,762,507.45,541.16,24.69,53.18,1,2,-1,-1
192,785,996.60,567.19,48.54,110.68,1,10,-1,-1
192,765,721.72,613.18,45.69,105.81,1,3,-1,-1
192,694,443.82,349.05,20.00,48.00,1,1,-1,-1
192,683,272.57,490.21,27.51,68.29,1,1,-1,-1
192,640,402.23,429.02,36.32,39.07,1,2,-1,-1
193,786,301.12,483.51,26.87,63.93,1,1,-1,-1
193,785,999.44,568.59,50.05,114.91,1,10,-1,-1
193,765,721.98,627.08,45.89,103.43,1,3,-1,-1
193,640,400.94,431.13,36.69,39.52,1,2,-1,-1
194,794,420.38,403.74,35.10,42.11,1,2,-1,-1
194,786,299.09,485.72,26.95,63.74,1,1,-1,-1
194,765,722.40,639.59,46.66,100.95,1,3,-1,-1
194,640,399.79,433.09,36.94,39.83,1,2,-1,-1
195,797,722.71,607.45,52.47,113.98,1,2,-1,-1
195,794,418.53,405.93,35.79,42.26,1,2,-1,-1
195,787,488.80,556.25,35.25,105.03,1,1,-1,-1
195,786,297.19,487.81,27.47,64.34,1,1,-1,-1
195,731,539.05,601.36,53.90,109.03,1,10,-1,-1
195,640,398.70,435.21,37.13,40.33,1,2,-1,-1
196,797,722.83,620.12,53.44,112.85,1,2,-1,-1
196,794,417.33,408.01,36.55,42.37,1,2,-1,-1
196,787,486.02,547.73,35.96,97.18,1,1,-1,-1
196,766,1016.96,529.44,55.16,98.45,1,10,-1,-1
197,797,723.04,632.91,54.80,112.06,1,2,-1,-1
197,794,416.11,410.27,37.07,42.72,1,2,-1,-1
197,787,486.57,567.24,31.29,79.74,1,1,-1,-1
197,780,613.20,285.20,25.00,58.00,1,1,-1,-1
197,766,1019.67,531.10,55.10,99.08,1,10,-1,-1
198,813,389.00,473.22,52.89,63.83,1,2,-1,-1
198,794,414.97,412.37,37.35,42.86,1,2,-1,-1
198,780,613.87,285.87,25.00,58.00,1,1,-1,-1
198,694,442.53,359.79,19.98,47.96,1,1,-1,-1
199,783,406.74,346.34,29.25,60.20,1,1,-1,-1
199,780,614.10,286.10,25.00,58.00,1,1,-1,-1
199,694,442.56,361.79,19.98,47.96,1,1,-1,-1
201,815,613.93,237.78,24.21,54.45,1,1,-1,-1
201,808,676.03,229.02,25.02,55.15,1,2,-1,-1
202,831,1029.07,610.24,53.85,122.66,1,10,-1,-1
202,826,402.02,434.05,29.77,41.76,1,2,-1,-1
202,815,614.29,238.75,24.49,54.43,1,1,-1,-1
202,809,756.67,338.54,47.43,113.72,1,8,-1,-1
203,831,1032.30,614.97,54.40,123.22,1,10,-1,-1
203,815,615.04,239.77,24.67,54.39,1,1,-1,-1
203,809,758.02,342.39,47.97,115.26,1,8,-1,-1
203,780,616.09,288.09,25.00,58.00,1,1,-1,-1
203,694,437.19,370.67,20.00,48.65,1,1,-1,-1
204,843,1042.99,559.60,58.08,105.65,1,10,-1,-1
204,831,1035.82,620.13,54.36,123.61,1,10,-1,-1
204,827,453.97,359.09,30.10,67.91,1,1,-1,-1
204,825,386.82,452.97,40.24,44.10,1,2,-1,-1
204,815,615.26,240.79,24.79,54.34,1,1,-1,-1
204,694,436.08,373.07,20.01,49.04,1,1,-1,-1
205,827,452.97,361.06,30.09,67.98,1,1,-1,-1
205,825,385.74,455.10,40.39,44.60,1,2,-1,-1
205,815,615.97,241.82,24.87,54.30,1,1,-1,-1
205,694,434.39,375.17,20.01,49.32,1,1,-1,-1
206,826,396.03,442.68,30.83,41.72,1,2,-1,-1
206,825,384.03,457.08,40.45,44.90,1,2,-1,-1
206,815,616.37,242.78,25.25,54.38,1,1,-1,-1
206,694,433.12,377.34,20.02,49.79,1,1,-1,-1
207,861,404.14,430.79,40.51,44.42,1,2,-1,-1
207,859,350.96,356.11,33.00,56.00,1,1,-1,-1
207,828,504.27,342.48,33.48,64.02,1,1,-1,-1
207,826,399.29,450.14,31.05,39.75,1,2,-1,-1
207,825,382.10,459.71,40.46,45.08,1,2,-1,-1
207,815,616.93,243.82,25.19,54.30,1,1,-1,-1
208,861,403.05,432.94,40.94,44.90,1,2,-1,-1
208,840,350.84,412.34,20.23,48.39,1,1,-1,-1
208,826,402.90,447.29,27.74,35.79,1,2,-1,-1
208,825,380.27,462.55,40.79,45.26,1,2,-1,-1
208,815,617.30,244.81,25.47,54.34,1,1,-1,-1
209,861,401.40,434.88,41.54,45.26,1,2,-1,-1
209,850,490.40,673.69,78.20,87.67,1,2,-1,-1
209,848,426.54,683.70,31.60,62.39,1,2,-1,-1
209,840,350.32,413.73,20.60,48.63,1,1,-1,-1
209,826,395.67,449.97,29.60,38.06,1,2,-1,-1
210,861,400.11,436.84,41.88,45.41,1,2,-1,-1
210,850,486.24,684.36,74.17,76.98,1,2,-1,-1
210,826,391.93,452.47,30.43,39.08,1,2,-1,-1
210,694,427.77,386.40,19.75,51.11,1,1,-1,-1
211,880,403.79,682.03,44.20,74.93,1,1,-1,-1
211,694,426.26,388.98,19.83,51.39,1,1,-1,-1
212,887,616.07,300.32,25.07,69.52,1,1,-1,-1
212,880,397.69,693.22,42.80,64.34,1,1,-1,-1
212,873,213.24,552.57,40.51,79.12,1,1,-1,-1
212,694,425.05,391.34,19.89,51.87,1,1,-1,-1
213,895,1077.09,607.46,65.61,111.93,1,10,-1,-1
213,891,499.91,354.99,36.10,63.86,1,1,-1,-1
213,887,618.75,293.04,24.43,64.00,1,1,-1,-1
213,880,392.20,704.26,41.35,53.49,1,1,-1,-1
213,879,366.60,343.60,28.05,74.01,1,1,-1,-1
214,895,1080.96,612.77,66.06,112.51,1,10,-1,-1
214,887,620.31,292.18,24.17,61.09,1,1,-1,-1
214,886,561.32,269.93,21.56,57.09,1,1,-1,-1
214,880,386.27,715.42,39.69,42.24,1,1,-1,-1
214,867,418.86,410.45,25.32,56.01,1,1,-1,-1
215,902,322.81,450.16,28.08,65.52,1,1,-1,-1
215,898,538.87,280.28,24.20,58.39,1,1,-1,-1
215,895,1085.00,617.86,66.76,113.38,1,10,-1,-1
215,884,392.97,357.08,28.73,68.95,1,1,-1,-1
215,880,381.10,726.79,37.53,30.50,1,1,-1,-1
216,898,539.85,281.05,24.26,58.86,1,1,-1,-1
218,916,693.86,250.42,27.36,58.03,1,2,-1,-1
218,875,347.02,560.69,65.68,76.27,1,2,-1,-1
219,916,695.53,252.29,26.82,58.02,1,2,-1,-1
219,694,415.72,420.15,22.80,56.32,1,1,-1,-1
220,925,336.03,377.20,33.51,56.77,1,1,-1,-1
221,904,542.86,336.78,69.18,60.23,1,10,-1,-1
222,933,526.12,375.13,55.75,61.06,1,10,-1,-1
222,886,567.36,275.64,23.50,60.65,1,1,-1,-1
222,875,325.41,564.56,66.11,74.76,1,2,-1,-1
223,944,772.00,468.66,79.95,193.32,1,8,-1,-1
223,941,192.21,586.74,33.68,77.40,1,1,-1,-1
223,937,410.10,416.10,19.06,56.00,1,1,-1,-1
223,935,621.02,309.09,24.13,70.71,1,1,-1,-1
223,886,568.09,276.24,23.80,61.44,1,1,-1,-1
224,941,169.75,601.62,40.63,86.75,1,1,-1,-1
224,937,408.87,418.28,19.10,56.46,1,1,-1,-1
224,914,376.42,472.51,46.74,50.49,1,2,-1,-1
224,886,568.96,276.98,23.99,61.95,1,1,-1,-1
225,937,407.82,420.99,19.11,56.72,1,1,-1,-1
225,914,374.11,475.84,47.06,50.90,1,2,-1,-1
227,958,352.84,359.03,30.10,76.84,1,1,-1,-1
227,957,351.91,502.25,41.26,44.46,1,2,-1,-1
227,944,775.56,510.36,86.22,212.30,1,8,-1,-1
228,962,307.89,597.13,63.11,69.12,1,2,-1,-1
228,960,387.03,370.23,27.00,66.54,1,1,-1,-1
228,958,351.83,360.96,30.09,76.95,1,1,-1,-1
228,957,364.73,489.45,45.11,48.97,1,2,-1,-1
228,944,776.55,522.47,87.85,219.26,1,8,-1,-1
229,966,478.70,391.42,35.46,74.21,1,1,-1,-1
229,962,303.75,602.78,63.34,69.19,1,2,-1,-1
229,951,705.86,268.02,27.17,65.05,1,2,-1,-1
229,937,397.55,436.90,20.51,57.76,1,1,-1,-1
230,966,477.73,394.12,35.38,74.57,1,1,-1,-1
230,955,617.05,304.35,25.26,60.96,1,1,-1,-1
230,951,706.82,269.76,27.24,65.33,1,2,-1,-1
230,937,399.56,448.10,22.90,60.67,1,1,-1,-1
230,898,551.90,290.31,27.17,66.69,1,1,-1,-1
231,983,612.59,276.19,34.88,72.16,1,1,-1,-1
231,981,518.12,390.80,61.75,68.54,1,10,-1,-1
231,980,327.95,534.72,49.06,49.51,1,2,-1,-1
231,966,476.02,396.43,35.37,75.18,1,1,-1,-1
231,955,616.03,305.28,25.27,61.44,1,1,-1,-1
231,937,398.70,454.58,24.46,62.18,1,1,-1,-1
232,982,572.99,283.22,24.07,63.51,1,1,-1,-1
232,981,517.15,392.81,62.69,69.31,1,10,-1,-1
232,980,324.43,538.92,50.10,50.13,1,2,-1,-1
232,966,474.07,399.30,35.38,75.92,1,1,-1,-1
232,961,407.03,426.50,34.74,85.73,1,1,-1,-1
232,955,615.51,306.44,24.93,61.90,1,1,-1,-1
232,937,397.52,459.51,25.53,63.35,1,1,-1,-1
233,981,515.94,394.35,63.38,70.45,1,10,-1,-1
233,980,321.17,542.93,50.64,50.37,1,2,-1,-1
233,966,472.74,402.33,35.41,76.75,1,1,-1,-1
233,962,287.16,622.65,67.87,73.45,1,2,-1,-1
233,961,404.20,429.71,34.97,85.91,1,1,-1,-1
233,955,618.62,315.95,24.99,65.34,1,1,-1,-1
234,962,284.03,610.97,64.26,69.22,1,2,-1,-1
234,961,401.36,432.84,35.48,86.48,1,1,-1,-1
234,955,619.32,319.57,25.30,68.33,1,1,-1,-1
235,987,578.27,176.92,16.46,37.04,1,1,-1,-1
235,962,280.39,627.42,66.76,71.48,1,2,-1,-1
235,960,378.16,382.88,27.81,67.78,1,1,-1,-1
235,955,618.91,321.00,25.46,70.42,1,1,-1,-1
236,1008,347.27,513.65,50.57,55.74,1,2,-1,-1
236,1005,793.45,627.35,95.14,132.99,1,8,-1,-1
236,960,376.51,384.80,28.24,68.07,1,1,-1,-1
236,955,618.75,321.75,25.52,71.87,1,1,-1,-1
237,1009,630.39,285.67,26.04,58.67,1,1,-1,-1
237,1008,344.99,516.98,50.93,56.08,1,2,-1,-1
237,1002,328.31,468.86,24.06,56.01,1,1,-1,-1
237,960,374.55,386.75,28.52,68.23,1,1,-1,-1
238,1016,334.06,380.01,32.18,80.83,1,1,-1,-1
238,1014,91.78,666.64,45.42,80.14,1,1,-1,-1
238,1009,630.77,287.59,26.26,59.89,1,1,-1,-1
238,1002,325.64,471.11,24.50,56.69,1,1,-1,-1
238,998,701.05,252.02,26.10,62.97,1,1,-1,-1
238,961,391.33,446.75,37.34,88.48,1,1,-1,-1
239,1009,630.83,289.73,26.44,61.34,1,1,-1,-1
239,998,701.19,253.99,26.52,63.65,1,1,-1,-1
239,987,579.33,178.26,16.14,37.63,1,1,-1,-1
239,961,389.02,450.46,37.73,88.83,1,1,-1,-1
240,1031,426.10,521.77,68.64,103.39,1,10,-1,-1
240,1009,630.79,291.20,26.59,62.94,1,1,-1,-1
240,1005,808.83,713.43,83.04,47.95,1,8,-1,-1
240,987,579.17,178.46,16.12,38.05,1,1,-1,-1
240,961,386.19,453.66,37.99,89.03,1,1,-1,-1
241,1031,423.48,526.27,69.32,103.38,1,10,-1,-1
241,1009,631.29,293.04,26.30,64.07,1,1,-1,-1
241,987,579.12,178.95,16.08,38.02,1,1,-1,-1
241,982,572.96,288.96,24.08,65.91,1,1,-1,-1
241,961,385.08,444.19,35.72,83.28,1,1,-1,-1
242,1038,506.14,418.19,67.86,76.73,1,10,-1,-1
242,1036,713.12,288.78,33.09,69.39,1,2,-1,-1
242,1031,421.31,530.52,70.20,103.87,1,10,-1,-1
243,1031,419.16,534.59,70.70,104.03,1,10,-1,-1
243,998,702.09,261.80,27.06,64.40,1,1,-1,-1
243,980,288.59,585.27,55.19,54.34,1,2,-1,-1
244,1045,374.09,504.70,30.93,67.55,1,1,-1,-1
244,1002,311.17,488.53,25.75,58.52,1,1,-1,-1
245,1049,451.83,440.28,34.25,89.35,1,1,-1,-1
245,1042,322.16,550.77,54.62,59.42,1,2,-1,-1
245,1009,632.52,301.15,26.09,69.43,1,1,-1,-1
245,1002,309.02,492.59,25.95,59.24,1,1,-1,-1
245,987,578.38,180.26,15.81,38.65,1,1,-1,-1
245,982,560.18,300.59,28.22,73.10,1,1,-1,-1
246,1042,318.44,555.70,55.34,59.64,1,2,-1,-1
246,1002,307.10,496.68,26.41,60.12,1,1,-1,-1
246,987,578.17,180.46,15.89,39.08,1,1,-1,-1
247,1002,305.06,500.62,26.72,60.70,1,1,-1,-1
248,1034,216.05,565.53,40.61,84.85,1,1,-1,-1
248,1002,303.00,504.72,26.95,61.39,1,1,-1,-1
249,1061,764.53,269.66,26.64,47.53,1,2,-1,-1
249,1002,300.93,508.85,27.11,62.16,1,1,-1,-1
250,1061,766.34,276.47,26.39,45.51,1,2,-1,-1
250,1042,304.59,575.75,58.72,61.27,1,2,-1,-1
250,1002,299.06,512.94,27.53,63.06,1,1,-1,-1
250,980,282.11,601.52,50.35,60.67,1,2,-1,-1
251,1064,573.00,294.17,24.00,68.00,1,1,-1,-1
251,1042,301.23,580.72,59.45,61.58,1,2,-1,-1
251,1002,295.91,516.82,28.11,63.74,1,1,-1,-1
252,1084,354.89,523.11,24.00,64.00,1,1,-1,-1
252,1079,593.94,328.06,24.00,69.00,1,1,-1,-1
252,1034,197.27,585.04,43.54,88.18,1,1,-1,-1
253,1088,246.11,648.58,63.56,57.57,1,2,-1,-1
253,1084,353.88,527.90,24.00,64.00,1,1,-1,-1
253,1078,435.74,472.61,33.51,95.77,1,1,-1,-1
253,1034,192.40,589.87,44.37,89.27,1,1,-1,-1
254,1088,241.94,654.94,64.09,58.06,1,2,-1,-1
254,1084,352.89,532.13,24.00,64.00,1,1,-1,-1
254,1061,775.07,268.27,25.85,44.12,1,2,-1,-1
255,1103,674.94,235.93,24.07,58.99,1,1,-1,-1
255,1102,653.90,219.45,29.20,66.35,1,1,-1,-1
255,1084,351.91,536.89,24.00,64.00,1,1,-1,-1
255,1048,326.86,436.33,34.42,80.03,1,1,-1,-1
256,1089,331.73,533.98,46.55,120.96,1,1,-1,-1
256,1075,1024.41,606.77,74.22,102.51,1,2,-1,-1
256,1048,323.22,439.95,34.80,80.81,1,1,-1,-1
257,1075,1025.87,603.52,74.07,102.80,1,2,-1,-1
258,1096,472.87,458.80,87.89,101.37,1,10,-1,-1
258,1075,1026.89,599.76,73.63,102.92,1,2,-1,-1
259,1117,284.82,427.19,32.14,90.51,1,1,-1,-1
259,1103,674.99,239.79,25.08,60.58,1,1,-1,-1
259,1096,478.33,467.49,84.10,96.79,1,10,-1,-1
259,1075,1027.97,596.28,73.30,102.72,1,2,-1,-1
260,1125,265.26,554.61,31.55,69.74,1,1,-1,-1
260,1124,257.96,460.33,37.29,82.35,1,1,-1,-1
260,1118,327.00,601.06,31.00,68.00,1,1,-1,-1
260,1103,674.96,241.46,25.14,60.62,1,1,-1,-1
260,1075,1029.54,593.17,72.76,102.53,1,2,-1,-1
261,1126,785.29,282.13,27.97,52.81,1,10,-1,-1
261,1125,262.02,558.90,31.84,70.16,1,1,-1,-1
261,1124,255.72,463.41,37.36,83.18,1,1,-1,-1
261,1118,324.00,607.05,31.00,68.00,1,1,-1,-1
261,1103,674.94,242.69,25.18,60.63,1,1,-1,-1
261,1075,1030.85,589.98,72.36,102.11,1,2,-1,-1
262,1136,150.12,634.97,51.86,96.07,1,1,-1,-1
262,1130,237.17,672.44,50.15,56.87,1,2,-1,-1
262,1126,787.15,284.38,27.98,54.29,1,10,-1,-1
262,1125,258.35,562.81,32.40,70.62,1,1,-1,-1
262,1118,321.00,613.04,31.00,68.00,1,1,-1,-1
262,1103,675.09,243.87,25.55,61.10,1,1,-1,-1
263,1130,233.64,676.47,51.16,57.08,1,2,-1,-1
263,1126,788.45,287.47,27.96,55.54,1,10,-1,-1
263,1125,255.07,567.47,32.72,70.78,1,1,-1,-1
264,1130,229.69,681.70,51.68,56.75,1,2,-1,-1
264,1126,782.32,276.81,31.08,63.31,1,10,-1,-1
264,1125,251.76,571.96,32.59,70.98,1,1,-1,-1
264,1042,252.08,649.24,68.52,65.85,1,2,-1,-1
264,982,568.07,299.97,29.23,77.58,1,1,-1,-1
265,1130,225.81,687.32,52.32,56.23,1,2,-1,-1
265,1125,248.17,575.99,32.84,71.28,1,1,-1,-1
265,982,570.44,296.70,27.80,75.12,1,1,-1,-1
266,1155,152.08,579.87,57.85,74.18,1,1,-1,-1
266,1117,268.59,442.53,31.58,92.91,1,1,-1,-1
267,1163,1040.00,564.87,66.03,114.63,1,10,-1,-1
267,1117,265.95,444.49,31.43,93.23,1,1,-1,-1
268,1163,1039.42,573.81,66.03,118.58,1,10,-1,-1
268,1152,408.15,531.19,38.82,123.73,1,1,-1,-1
268,1117,263.75,446.58,31.34,93.78,1,1,-1,-1
269,1172,661.89,233.06,30.18,74.83,1,1,-1,-1
269,1163,1040.74,574.11,65.77,120.65,1,10,-1,-1
269,1152,406.89,535.20,39.72,126.48,1,1,-1,-1
269,1144,314.63,601.51,46.52,74.86,1,1,-1,-1
269,1117,261.70,449.18,31.27,94.17,1,1,-1,-1
269,982,572.57,299.00,25.32,70.58,1,1,-1,-1
