1,13,852.00,425.00,28.00,93.00,1,1,-1,-1
1,12,1478.00,418.00,74.00,176.00,1,1,-1,-1
1,11,1368.00,394.00,74.00,226.00,1,1,-1,-1
1,10,1232.00,412.00,36.00,112.00,1,1,-1,-1
1,9,1196.00,418.00,28.00,94.00,1,1,-1,-1
1,8,960.00,416.00,39.00,110.00,1,1,-1,-1
1,7,858.00,432.00,21.00,71.00,1,1,-1,-1
1,6,843.00,426.00,20.00,67.00,1,1,-1,-1
1,5,780.00,427.00,21.00,67.00,1,1,-1,-1
1,4,730.00,421.00,55.00,173.00,1,1,-1,-1
1,3,590.00,427.00,55.00,177.00,1,1,-1,-1
1,2,470.00,432.00,72.00,176.00,1,1,-1,-1
2,16,812.00,405.00,29.00,97.00,1,1,-1,-1
2,15,1164.00,420.00,38.00,104.00,1,1,-1,-1
2,14,544.00,436.00,61.00,170.00,1,1,-1,-1
2,13,850.95,432.14,21.10,70.73,1,1,-1,-1
2,12,1471.00,419.00,74.00,176.00,1,1,-1,-1
2,11,1366.00,393.99,74.99,229.01,1,1,-1,-1
2,10,1223.25,410.27,38.51,116.45,1,1,-1,-1
2,9,1189.08,417.72,28.83,95.55,1,1,-1,-1
2,8,955.00,417.00,39.00,110.00,1,1,-1,-1
2,5,772.96,426.12,21.07,67.76,1,1,-1,-1
2,3,584.96,427.12,55.07,177.76,1,1,-1,-1
2,2,464.07,430.83,72.86,177.34,1,1,-1,-1
3,19,658.00,345.00,108.00,295.00,1,1,-1,-1
3,18,627.00,427.00,52.00,137.00,1,1,-1,-1
3,17,378.00,433.00,28.00,69.00,1,1,-1,-1
3,15,1158.00,422.00,38.00,104.00,1,1,-1,-1
3,14,539.00,437.00,61.00,170.00,1,1,-1,-1
3,12,1464.94,420.00,74.00,176.00,1,1,-1,-1
3,11,1364.95,393.99,75.99,232.02,1,1,-1,-1
3,8,950.00,418.00,39.00,110.00,1,1,-1,-1
3,4,713.35,419.93,59.29,181.13,1,1,-1,-1
3,2,458.96,430.73,73.03,177.49,1,1,-1,-1
4,12,1458.11,421.00,74.00,176.00,1,1,-1,-1
5,12,1451.91,422.00,74.00,176.00,1,1,-1,-1
5,4,696.62,419.87,64.44,188.08,1,1,-1,-1
6,12,1445.87,423.00,74.00,176.00,1,1,-1,-1
6,10,1192.06,408.26,47.54,127.35,1,1,-1,-1
6,4,688.31,419.99,65.74,189.53,1,1,-1,-1
7,4,680.77,420.73,66.41,189.91,1,1,-1,-1
8,23,772.86,440.85,19.75,58.56,1,1,-1,-1
9,25,1084.06,423.52,31.87,83.01,1,1,-1,-1
11,32,1130.59,423.33,41.28,115.30,1,1,-1,-1
15,32,1114.98,426.00,38.18,107.05,1,1,-1,-1
16,53,778.16,439.91,21.58,65.98,1,1,-1,-1
16,32,1108.59,427.54,37.98,106.61,1,1,-1,-1
17,53,772.32,441.03,21.47,66.18,1,1,-1,-1
17,52,681.13,451.00,20.00,55.00,1,1,-1,-1
17,50,379.79,430.04,78.17,185.80,1,1,-1,-1
17,4,588.61,423.45,86.92,217.47,1,1,-1,-1
18,53,767.07,442.60,21.34,65.87,1,1,-1,-1
18,50,370.61,431.53,77.62,184.79,1,1,-1,-1
20,32,1087.55,435.88,37.79,106.97,1,1,-1,-1
23,74,513.40,428.75,105.19,231.27,1,1,-1,-1
23,66,1323.56,438.30,74.00,176.00,1,1,-1,-1
24,66,1324.19,432.35,85.87,220.65,1,1,-1,-1
26,32,1038.01,438.63,33.11,101.15,1,1,-1,-1
27,77,1036.88,437.12,46.75,120.13,1,1,-1,-1
27,32,1034.91,416.56,34.76,102.02,1,1,-1,-1
28,77,1021.08,437.81,46.58,120.77,1,1,-1,-1
28,66,1281.74,412.18,97.03,290.34,1,1,-1,-1
29,77,1005.82,438.58,46.45,121.19,1,1,-1,-1
31,109,345.33,428.26,119.58,261.55,1,1,-1,-1
32,114,916.54,450.11,40.00,108.00,1,1,-1,-1
35,109,271.95,438.79,118.66,272.72,1,1,-1,-1
36,125,546.26,458.95,23.09,68.74,1,1,-1,-1
36,109,254.30,439.01,119.37,276.53,1,1,-1,-1
37,125,552.37,465.70,23.05,71.08,1,1,-1,-1
37,109,236.73,439.46,120.50,280.25,1,1,-1,-1
38,131,827.68,452.82,31.65,90.62,1,1,-1,-1
38,99,1107.34,450.86,73.83,176.56,1,1,-1,-1
39,131,822.34,450.03,32.43,91.23,1,1,-1,-1
39,99,1100.78,450.13,72.52,174.74,1,1,-1,-1
40,145,886.00,450.00,30.00,102.00,1,1,-1,-1
40,141,854.22,454.34,37.12,105.85,1,1,-1,-1
40,131,816.87,447.44,33.63,91.87,1,1,-1,-1
40,99,1094.19,449.11,71.30,172.84,1,1,-1,-1
41,131,811.78,445.09,34.73,92.21,1,1,-1,-1
42,131,807.51,443.71,34.39,91.42,1,1,-1,-1
42,121,492.87,465.18,20.73,59.37,1,1,-1,-1
43,131,795.60,437.74,37.96,104.14,1,1,-1,-1
44,154,408.95,465.53,19.20,54.94,1,1,-1,-1
44,141,830.57,449.66,37.34,106.99,1,1,-1,-1
44,109,173.05,458.39,66.53,186.60,1,1,-1,-1
45,161,871.79,434.34,46.42,121.17,1,1,-1,-1
45,109,156.05,435.45,76.60,217.37,1,1,-1,-1
46,109,151.75,444.69,71.93,206.36,1,1,-1,-1
47,109,145.49,449.68,68.60,198.64,1,1,-1,-1
48,109,138.24,452.42,66.25,193.41,1,1,-1,-1
49,171,218.77,428.28,80.22,222.31,1,1,-1,-1
49,109,130.41,453.83,64.63,190.05,1,1,-1,-1
50,180,429.05,461.00,22.00,63.00,1,1,-1,-1
50,109,122.70,456.24,63.22,187.69,1,1,-1,-1
52,185,465.92,456.29,25.06,78.99,1,1,-1,-1
52,183,361.94,456.09,19.00,59.00,1,1,-1,-1
52,181,1016.25,444.52,64.70,163.24,1,1,-1,-1
52,178,73.20,407.65,131.04,299.12,1,1,-1,-1
52,173,396.27,454.81,21.00,66.00,1,1,-1,-1
53,187,425.75,462.41,20.48,59.43,1,1,-1,-1
53,181,1004.11,438.64,68.28,169.30,1,1,-1,-1
53,179,184.97,453.19,52.53,141.01,1,1,-1,-1
53,173,390.32,451.95,21.00,66.00,1,1,-1,-1
54,188,774.33,432.89,39.32,114.18,1,1,-1,-1
54,187,419.68,458.71,20.59,61.72,1,1,-1,-1
54,179,180.27,455.59,48.88,134.04,1,1,-1,-1
54,173,384.30,448.89,21.00,66.00,1,1,-1,-1
55,188,768.80,431.52,39.80,114.30,1,1,-1,-1
56,188,762.91,429.80,40.05,114.20,1,1,-1,-1
57,191,1239.98,373.80,127.55,422.26,1,1,-1,-1
57,188,757.62,428.68,40.19,114.01,1,1,-1,-1
57,181,975.64,430.62,71.45,175.07,1,1,-1,-1
60,209,93.59,458.25,61.27,153.70,1,1,-1,-1
60,183,317.63,455.91,19.00,59.00,1,1,-1,-1
61,214,350.89,448.11,21.00,66.00,1,1,-1,-1
61,183,314.66,455.24,19.00,59.00,1,1,-1,-1
62,183,313.09,454.33,19.00,59.00,1,1,-1,-1
63,183,312.03,453.34,19.00,59.00,1,1,-1,-1
64,223,1273.04,364.55,153.50,482.59,1,1,-1,-1
64,218,333.07,453.81,21.00,55.00,1,1,-1,-1
65,224,136.10,445.02,49.36,136.63,1,1,-1,-1
65,221,776.36,416.88,43.04,126.85,1,1,-1,-1
65,218,331.87,453.04,21.00,55.00,1,1,-1,-1
66,222,934.28,423.16,71.73,177.25,1,1,-1,-1
66,218,330.11,452.10,21.00,55.00,1,1,-1,-1
67,222,930.11,422.83,72.21,177.86,1,1,-1,-1
67,218,328.87,451.10,21.00,55.00,1,1,-1,-1
69,236,495.96,422.11,48.23,128.83,1,1,-1,-1
69,234,41.84,415.50,94.22,236.29,1,1,-1,-1
69,221,766.36,417.02,45.63,126.87,1,1,-1,-1
70,234,32.00,423.76,91.29,226.44,1,1,-1,-1
70,232,702.16,421.16,34.72,92.77,1,1,-1,-1
70,221,764.09,415.20,45.12,125.59,1,1,-1,-1
71,234,26.05,427.54,88.26,218.95,1,1,-1,-1
71,232,700.90,419.91,35.01,93.69,1,1,-1,-1
71,222,917.09,421.16,69.99,170.83,1,1,-1,-1
71,221,765.47,413.32,42.00,119.56,1,1,-1,-1
72,232,709.65,426.41,36.96,101.77,1,1,-1,-1
72,221,762.06,414.80,42.87,120.31,1,1,-1,-1
73,221,761.88,414.08,40.49,115.94,1,1,-1,-1
74,242,523.21,431.76,33.98,87.89,1,1,-1,-1
75,242,522.21,430.87,33.95,88.41,1,1,-1,-1
76,242,522.56,429.27,33.97,89.13,1,1,-1,-1
77,242,523.40,427.91,33.97,89.63,1,1,-1,-1
78,255,-11.42,426.41,75.92,207.31,1,1,-1,-1
78,252,691.18,417.50,34.69,98.47,1,1,-1,-1
78,242,524.39,426.85,34.00,90.32,1,1,-1,-1
79,255,-18.56,425.42,75.23,208.08,1,1,-1,-1
79,252,689.17,417.67,35.30,99.20,1,1,-1,-1
79,242,523.42,425.70,34.01,90.80,1,1,-1,-1
79,236,467.27,420.40,50.43,128.75,1,1,-1,-1
80,257,883.57,427.26,67.63,168.38,1,1,-1,-1
80,255,-24.96,424.74,74.48,209.12,1,1,-1,-1
80,252,695.05,424.59,37.69,107.34,1,1,-1,-1
80,242,522.40,425.22,34.02,91.14,1,1,-1,-1
80,236,458.07,414.63,55.66,141.00,1,1,-1,-1
81,257,881.26,428.97,66.06,165.67,1,1,-1,-1
81,255,-34.66,422.45,75.12,210.82,1,1,-1,-1
81,252,696.13,426.97,38.66,111.92,1,1,-1,-1
81,242,520.70,424.35,34.02,91.38,1,1,-1,-1
81,236,457.85,415.50,55.33,137.57,1,1,-1,-1
82,257,877.57,427.26,66.03,165.86,1,1,-1,-1
82,242,519.41,424.00,34.01,91.56,1,1,-1,-1
82,236,455.17,415.68,56.00,135.29,1,1,-1,-1
83,257,873.77,424.73,66.47,167.03,1,1,-1,-1
83,236,451.40,414.92,57.39,134.13,1,1,-1,-1
84,263,76.78,423.83,58.02,146.21,1,1,-1,-1
84,236,447.57,414.32,58.97,133.69,1,1,-1,-1
85,268,1521.38,324.57,233.82,752.64,1,1,-1,-1
85,264,742.79,416.52,37.79,113.77,1,1,-1,-1
85,263,74.75,421.61,58.12,146.13,1,1,-1,-1
85,252,690.41,417.64,42.04,119.50,1,1,-1,-1
86,264,742.53,416.21,36.52,111.87,1,1,-1,-1
86,252,688.02,416.20,40.23,113.55,1,1,-1,-1
87,264,741.83,416.44,35.34,110.50,1,1,-1,-1
88,264,741.12,416.20,34.58,109.97,1,1,-1,-1
89,264,740.36,416.17,34.05,109.67,1,1,-1,-1
89,263,65.86,424.14,58.21,145.81,1,1,-1,-1
90,281,595.00,422.89,26.00,69.00,1,1,-1,-1
90,280,414.66,414.07,51.85,123.77,1,1,-1,-1
90,264,739.53,415.70,33.71,109.82,1,1,-1,-1
90,263,63.13,426.23,58.21,145.72,1,1,-1,-1
91,280,411.53,410.58,52.94,126.87,1,1,-1,-1
91,264,738.65,415.66,33.48,110.28,1,1,-1,-1
92,284,290.96,430.96,19.00,59.00,1,1,-1,-1
92,280,408.90,405.84,56.57,131.50,1,1,-1,-1
92,279,852.93,415.95,67.29,166.37,1,1,-1,-1
92,277,725.83,408.85,43.36,124.20,1,1,-1,-1
93,279,852.66,411.76,68.52,168.32,1,1,-1,-1
93,277,723.27,407.19,45.45,126.91,1,1,-1,-1
100,306,548.90,394.07,34.07,97.99,1,1,-1,-1
101,314,355.89,409.05,34.00,95.00,1,1,-1,-1
101,309,605.57,398.85,26.00,69.00,1,1,-1,-1
101,306,548.54,395.51,34.06,98.02,1,1,-1,-1
102,314,354.09,407.81,34.00,95.00,1,1,-1,-1
102,309,603.60,398.62,26.00,69.00,1,1,-1,-1
103,309,602.26,397.88,26.00,69.00,1,1,-1,-1
104,309,600.41,397.68,26.00,69.00,1,1,-1,-1
105,309,599.11,397.66,26.00,69.00,1,1,-1,-1
106,331,708.89,385.25,47.82,130.27,1,1,-1,-1
106,312,46.00,405.82,58.00,145.00,1,1,-1,-1
107,334,669.85,387.65,41.27,113.91,1,1,-1,-1
109,309,592.23,395.83,26.00,69.00,1,1,-1,-1
110,340,545.05,391.74,35.98,102.24,1,1,-1,-1
110,339,267.55,407.39,26.81,60.83,1,1,-1,-1
110,331,705.06,381.73,46.97,127.89,1,1,-1,-1
111,340,545.50,391.91,36.14,102.92,1,1,-1,-1
111,331,704.55,383.32,45.09,125.23,1,1,-1,-1
112,346,42.54,398.65,58.00,145.00,1,1,-1,-1
112,344,1696.74,385.90,233.43,529.69,1,1,-1,-1
112,340,547.15,392.64,36.21,103.24,1,1,-1,-1
113,349,351.43,382.39,57.41,142.71,1,1,-1,-1
113,344,1699.12,381.34,224.74,526.17,1,1,-1,-1
114,352,313.29,399.88,33.64,92.92,1,1,-1,-1
114,349,352.29,383.61,58.49,143.05,1,1,-1,-1
115,352,315.44,400.77,33.65,92.96,1,1,-1,-1
115,341,-46.01,377.37,83.79,224.17,1,1,-1,-1
116,352,317.43,401.67,33.67,93.04,1,1,-1,-1
116,341,-47.03,376.44,85.79,225.80,1,1,-1,-1
116,340,557.43,396.78,36.24,104.07,1,1,-1,-1
117,340,562.92,397.94,36.25,104.55,1,1,-1,-1
118,358,709.09,392.91,38.09,104.37,1,1,-1,-1
118,340,566.07,391.55,43.26,125.66,1,1,-1,-1
119,363,865.52,384.61,45.81,142.80,1,1,-1,-1
120,363,852.15,393.29,55.18,162.75,1,1,-1,-1
121,363,853.98,396.06,58.32,167.60,1,1,-1,-1
122,363,857.51,393.72,61.27,171.45,1,1,-1,-1
122,352,350.25,417.91,26.53,78.61,1,1,-1,-1
125,370,152.11,396.18,58.00,145.00,1,1,-1,-1
125,350,745.12,388.73,40.50,117.01,1,1,-1,-1
126,378,380.59,408.96,24.45,75.52,1,1,-1,-1
126,370,162.86,393.06,58.00,145.00,1,1,-1,-1
127,387,784.12,385.29,36.77,106.32,1,1,-1,-1
127,378,388.04,406.19,24.05,75.34,1,1,-1,-1
128,389,416.24,392.30,33.13,98.51,1,1,-1,-1
128,387,792.37,383.43,37.49,107.23,1,1,-1,-1
128,382,8.39,395.64,74.53,184.37,1,1,-1,-1
129,387,801.22,382.00,38.27,107.87,1,1,-1,-1
129,382,7.98,383.26,85.50,207.70,1,1,-1,-1
130,382,11.68,376.10,90.87,219.58,1,1,-1,-1
130,370,203.93,388.50,57.39,144.73,1,1,-1,-1
131,370,214.72,388.07,57.22,144.37,1,1,-1,-1
134,408,724.96,373.03,37.08,113.84,1,1,-1,-1
134,397,1008.96,355.02,50.46,148.86,1,1,-1,-1
134,384,501.95,388.11,34.00,95.00,1,1,-1,-1
135,412,454.89,385.39,22.83,60.76,1,1,-1,-1
135,384,509.96,386.76,34.00,95.00,1,1,-1,-1
137,413,836.70,375.96,39.23,109.32,1,1,-1,-1
138,418,935.00,358.87,31.00,111.00,1,1,-1,-1
138,413,847.07,369.09,42.89,118.52,1,1,-1,-1
139,418,941.00,357.08,31.00,111.00,1,1,-1,-1
139,413,847.43,366.60,42.15,116.48,1,1,-1,-1
139,412,480.90,376.98,24.94,57.20,1,1,-1,-1
140,427,1044.21,340.40,55.57,159.19,1,1,-1,-1
140,418,947.00,355.13,31.00,111.00,1,1,-1,-1
140,413,850.92,363.25,41.73,115.30,1,1,-1,-1
141,428,144.63,373.10,21.06,67.00,1,1,-1,-1
141,427,1050.27,338.27,56.47,160.46,1,1,-1,-1
141,424,970.82,359.27,65.82,159.44,1,1,-1,-1
143,438,554.06,376.03,34.09,98.84,1,1,-1,-1
143,433,870.61,353.43,46.00,126.29,1,1,-1,-1
145,443,512.97,378.16,28.06,57.67,1,1,-1,-1
145,424,977.31,359.13,68.54,167.15,1,1,-1,-1
146,424,979.68,358.13,69.14,168.96,1,1,-1,-1
147,438,573.50,371.23,34.18,100.58,1,1,-1,-1
147,427,1083.07,335.89,60.00,166.38,1,1,-1,-1
148,446,225.65,380.56,35.06,105.28,1,1,-1,-1
148,438,577.42,370.08,34.17,100.81,1,1,-1,-1
148,427,1088.35,335.44,60.66,167.61,1,1,-1,-1
148,412,526.13,365.98,32.70,105.06,1,1,-1,-1
149,455,826.00,365.09,25.15,68.83,1,1,-1,-1
149,451,-14.68,391.23,69.23,199.67,1,1,-1,-1
149,446,230.52,380.68,35.20,106.58,1,1,-1,-1
149,438,586.17,362.38,44.88,123.69,1,1,-1,-1
149,427,1093.99,335.32,61.10,168.66,1,1,-1,-1
150,461,1771.58,237.24,254.22,780.15,1,1,-1,-1
150,460,998.97,353.13,30.07,114.84,1,1,-1,-1
150,459,805.24,344.69,39.64,124.73,1,1,-1,-1
150,427,1099.96,335.27,61.71,169.76,1,1,-1,-1
151,461,1781.23,267.81,228.62,700.04,1,1,-1,-1
151,460,1004.73,353.25,30.11,115.41,1,1,-1,-1
151,459,810.00,343.43,39.91,125.04,1,1,-1,-1
151,427,1109.43,335.81,60.27,170.38,1,1,-1,-1
152,460,1007.16,351.47,30.53,116.23,1,1,-1,-1
152,459,813.43,342.39,40.05,125.09,1,1,-1,-1
153,468,1001.23,350.63,68.59,170.96,1,1,-1,-1
153,460,1008.57,349.75,31.13,116.60,1,1,-1,-1
153,459,817.18,341.58,40.15,125.44,1,1,-1,-1
154,468,1002.09,348.28,69.67,172.90,1,1,-1,-1
154,464,525.66,371.13,26.84,84.25,1,1,-1,-1
154,460,1009.63,347.79,31.90,117.38,1,1,-1,-1
154,456,893.03,353.23,41.32,118.02,1,1,-1,-1
154,412,552.43,364.97,32.41,71.15,1,1,-1,-1
155,470,352.89,361.11,49.00,131.00,1,1,-1,-1
155,468,1005.31,347.57,70.18,173.67,1,1,-1,-1
155,464,526.15,369.46,26.81,84.22,1,1,-1,-1
155,456,898.95,349.39,44.89,125.58,1,1,-1,-1
155,412,547.83,367.20,33.78,80.52,1,1,-1,-1
156,470,355.88,358.91,49.00,131.00,1,1,-1,-1
156,456,899.90,346.59,47.08,129.82,1,1,-1,-1
156,446,249.02,366.53,28.52,83.25,1,1,-1,-1
156,412,555.30,361.12,33.23,74.46,1,1,-1,-1
157,470,352.97,358.35,49.00,131.00,1,1,-1,-1
157,456,899.83,344.61,48.50,132.68,1,1,-1,-1
158,475,-15.35,383.25,73.11,189.76,1,1,-1,-1
158,471,596.02,361.06,33.12,104.65,1,1,-1,-1
158,456,897.83,343.52,48.75,133.83,1,1,-1,-1
158,438,619.39,341.00,68.12,159.21,1,1,-1,-1
159,456,895.96,342.93,48.24,134.01,1,1,-1,-1
159,438,623.72,340.21,66.50,158.32,1,1,-1,-1
160,476,1118.84,326.93,59.21,178.04,1,1,-1,-1
160,472,851.06,353.33,26.45,71.04,1,1,-1,-1
160,460,1016.37,341.64,34.80,117.65,1,1,-1,-1
160,456,893.62,342.64,47.22,133.59,1,1,-1,-1
161,484,894.85,351.89,42.00,120.00,1,1,-1,-1
161,460,1016.66,345.36,33.39,116.98,1,1,-1,-1
162,484,887.03,347.14,43.57,126.01,1,1,-1,-1
162,475,-27.58,385.14,71.24,190.21,1,1,-1,-1
162,460,1010.02,350.77,44.90,141.05,1,1,-1,-1
163,484,879.87,343.90,45.56,130.65,1,1,-1,-1
166,500,786.60,344.57,42.65,129.82,1,1,-1,-1
166,482,477.16,365.51,28.63,94.62,1,1,-1,-1
169,518,539.15,363.89,33.00,109.00,1,1,-1,-1
170,516,457.41,353.09,38.72,115.71,1,1,-1,-1
170,514,161.80,369.39,30.79,83.75,1,1,-1,-1
172,484,816.35,340.53,48.62,133.21,1,1,-1,-1
173,484,814.46,341.04,49.94,134.45,1,1,-1,-1
174,535,60.27,371.10,24.46,68.30,1,1,-1,-1
174,533,1583.60,293.98,199.66,640.99,1,1,-1,-1
174,484,809.81,341.11,50.84,135.19,1,1,-1,-1
175,535,55.26,371.67,23.38,68.03,1,1,-1,-1
175,533,1576.13,295.12,200.06,638.96,1,1,-1,-1
176,540,108.93,370.13,40.00,107.00,1,1,-1,-1
176,535,52.05,373.89,22.78,68.20,1,1,-1,-1
177,546,117.21,369.78,24.68,66.40,1,1,-1,-1
178,551,836.00,336.72,34.05,108.61,1,1,-1,-1
178,546,114.97,367.48,24.96,66.78,1,1,-1,-1
179,552,919.07,332.93,34.00,115.00,1,1,-1,-1
179,546,112.28,364.67,25.56,67.65,1,1,-1,-1
180,557,786.52,335.79,46.08,126.53,1,1,-1,-1
181,550,709.82,334.00,42.91,132.05,1,1,-1,-1
182,564,881.45,337.09,60.06,157.20,1,1,-1,-1
182,551,830.01,327.64,34.40,111.39,1,1,-1,-1
182,544,220.52,348.92,49.00,131.00,1,1,-1,-1
183,564,878.90,334.77,61.96,160.82,1,1,-1,-1
184,568,453.83,345.88,23.52,61.62,1,1,-1,-1
184,564,876.19,332.32,64.36,164.82,1,1,-1,-1
184,557,777.85,333.88,46.90,131.79,1,1,-1,-1
184,532,743.44,334.02,28.38,80.35,1,1,-1,-1
185,564,873.35,330.04,67.06,169.18,1,1,-1,-1
185,557,775.28,334.23,48.84,135.01,1,1,-1,-1
185,532,745.75,332.91,27.39,77.31,1,1,-1,-1
186,567,36.04,343.62,22.00,72.00,1,1,-1,-1
186,564,870.73,328.97,68.64,171.34,1,1,-1,-1
186,551,823.71,321.31,39.20,121.11,1,1,-1,-1
186,546,97.17,347.05,28.75,72.26,1,1,-1,-1
186,532,747.51,333.52,26.70,74.89,1,1,-1,-1
187,532,748.52,334.36,26.51,73.52,1,1,-1,-1
188,588,917.11,330.00,34.00,115.00,1,1,-1,-1
188,587,873.89,343.89,43.00,98.00,1,1,-1,-1
188,583,72.11,347.00,40.00,107.00,1,1,-1,-1
189,583,70.91,346.00,40.00,107.00,1,1,-1,-1
189,581,917.85,330.80,40.00,93.00,1,1,-1,-1
190,583,69.87,345.00,40.00,107.00,1,1,-1,-1
190,568,456.48,340.54,25.39,62.74,1,1,-1,-1
192,598,369.00,348.00,31.00,95.00,1,1,-1,-1
193,604,390.00,331.94,40.00,122.00,1,1,-1,-1
194,604,389.78,331.13,40.00,122.00,1,1,-1,-1
195,613,854.43,340.81,32.00,104.00,1,1,-1,-1
196,613,858.40,343.56,32.00,104.00,1,1,-1,-1
196,611,787.12,333.81,50.15,144.71,1,1,-1,-1
197,617,928.91,337.91,34.00,115.00,1,1,-1,-1
197,613,862.48,345.83,32.00,104.00,1,1,-1,-1
197,611,779.18,335.27,51.09,143.79,1,1,-1,-1
197,607,105.07,346.38,28.00,69.00,1,1,-1,-1
198,623,859.07,350.08,43.83,100.86,1,1,-1,-1
198,621,712.95,331.47,46.95,135.87,1,1,-1,-1
198,613,866.57,348.64,32.00,104.00,1,1,-1,-1
198,611,769.68,310.75,53.38,153.61,1,1,-1,-1
198,606,36.38,334.08,24.87,72.35,1,1,-1,-1
199,624,516.00,359.11,33.00,109.00,1,1,-1,-1
199,623,857.59,352.19,42.84,98.29,1,1,-1,-1
199,620,553.19,372.00,23.00,52.00,1,1,-1,-1
199,594,1087.23,317.09,74.04,231.31,1,1,-1,-1
200,624,519.78,360.91,33.00,109.00,1,1,-1,-1
200,623,856.62,353.83,42.40,97.10,1,1,-1,-1
202,611,786.61,343.28,48.94,134.47,1,1,-1,-1
203,611,792.50,344.13,50.10,136.87,1,1,-1,-1
204,634,557.52,325.77,81.72,174.31,1,1,-1,-1
205,639,812.06,344.66,47.08,141.66,1,1,-1,-1
206,648,1629.27,275.55,275.08,754.70,1,1,-1,-1
206,646,888.95,361.95,42.95,100.99,1,1,-1,-1
206,639,814.89,343.95,50.27,146.12,1,1,-1,-1
207,648,1627.89,280.10,280.71,750.25,1,1,-1,-1
207,646,895.71,363.45,42.63,101.20,1,1,-1,-1
207,640,925.61,365.16,37.20,99.39,1,1,-1,-1
207,639,821.31,344.46,51.85,147.38,1,1,-1,-1
208,653,566.97,352.26,67.20,176.98,1,1,-1,-1
208,640,931.38,365.71,38.27,98.03,1,1,-1,-1
209,656,452.18,350.81,43.60,128.53,1,1,-1,-1
209,640,936.96,366.85,38.95,97.01,1,1,-1,-1
210,661,931.99,361.02,35.55,110.75,1,1,-1,-1
210,647,940.56,363.53,70.55,171.61,1,1,-1,-1
210,642,1184.12,332.33,84.62,260.43,1,1,-1,-1
210,640,941.88,367.45,39.40,96.25,1,1,-1,-1
211,665,797.82,352.02,52.15,147.91,1,1,-1,-1
211,661,941.63,362.69,33.86,106.80,1,1,-1,-1
211,646,922.70,369.34,42.33,103.17,1,1,-1,-1
211,642,1194.07,334.24,85.72,263.05,1,1,-1,-1
212,666,144.11,361.89,25.00,71.00,1,1,-1,-1
212,665,803.27,351.08,52.61,149.37,1,1,-1,-1
212,661,949.61,363.58,32.96,104.85,1,1,-1,-1
212,646,925.65,369.79,42.27,103.48,1,1,-1,-1
212,642,1202.03,334.97,86.78,265.76,1,1,-1,-1
213,670,1037.18,362.94,34.00,115.00,1,1,-1,-1
213,669,667.57,370.85,24.00,58.00,1,1,-1,-1
213,666,150.12,362.09,25.00,71.00,1,1,-1,-1
213,646,927.83,369.83,42.23,103.70,1,1,-1,-1
214,677,1701.37,418.48,159.12,489.36,1,1,-1,-1
214,669,672.38,371.06,24.00,58.00,1,1,-1,-1
214,646,929.08,370.43,42.19,103.84,1,1,-1,-1
214,640,961.70,364.79,44.10,105.51,1,1,-1,-1
215,669,677.99,371.27,24.06,58.42,1,1,-1,-1
215,646,930.67,370.57,42.16,103.94,1,1,-1,-1
215,640,967.42,366.65,42.98,102.00,1,1,-1,-1
216,669,683.85,371.43,24.12,59.05,1,1,-1,-1
216,665,827.39,340.05,58.31,168.98,1,1,-1,-1
216,646,932.42,371.23,42.14,104.01,1,1,-1,-1
216,640,969.37,366.33,39.81,102.03,1,1,-1,-1
217,673,200.08,361.90,40.00,114.00,1,1,-1,-1
217,646,933.57,371.43,42.12,104.05,1,1,-1,-1
217,640,972.37,366.78,37.58,102.18,1,1,-1,-1
218,673,205.14,361.13,40.00,114.00,1,1,-1,-1
218,667,897.92,359.59,47.14,136.01,1,1,-1,-1
218,646,935.18,371.45,42.11,104.08,1,1,-1,-1
219,688,233.11,362.00,28.00,69.00,1,1,-1,-1
219,687,604.69,353.75,78.97,168.70,1,1,-1,-1
219,671,1389.13,344.41,223.01,699.72,1,1,-1,-1
219,667,911.94,357.83,41.68,121.17,1,1,-1,-1
220,688,236.12,361.00,28.00,69.00,1,1,-1,-1
220,687,605.48,354.12,79.27,168.73,1,1,-1,-1
220,667,912.61,364.91,42.18,123.40,1,1,-1,-1
221,667,915.87,368.86,42.43,124.15,1,1,-1,-1
222,697,680.98,370.12,19.08,57.84,1,1,-1,-1
222,681,979.82,364.49,40.55,114.55,1,1,-1,-1
224,707,1287.84,333.27,96.23,303.42,1,1,-1,-1
225,710,484.83,367.02,37.29,111.76,1,1,-1,-1
225,702,191.00,349.06,25.00,71.00,1,1,-1,-1
225,665,835.41,345.28,51.36,146.92,1,1,-1,-1
226,717,927.91,355.64,42.86,125.93,1,1,-1,-1
226,710,486.34,364.84,38.29,113.58,1,1,-1,-1
226,702,193.00,347.05,25.00,71.00,1,1,-1,-1
227,717,930.70,354.68,42.67,125.87,1,1,-1,-1
227,715,659.00,372.00,23.00,52.00,1,1,-1,-1
227,702,195.00,345.76,25.00,71.00,1,1,-1,-1
228,717,933.42,353.89,42.18,125.57,1,1,-1,-1
228,705,978.96,364.91,39.96,96.99,1,1,-1,-1
229,717,944.62,355.72,41.07,115.75,1,1,-1,-1
229,705,979.75,364.40,39.69,97.27,1,1,-1,-1
231,714,517.04,344.98,46.00,130.00,1,1,-1,-1
231,665,866.65,343.13,53.98,150.18,1,1,-1,-1
232,696,440.09,351.75,48.69,119.92,1,1,-1,-1
232,665,869.65,340.22,54.71,152.01,1,1,-1,-1
233,696,444.76,349.74,48.68,119.70,1,1,-1,-1
234,727,747.61,358.31,23.00,64.00,1,1,-1,-1
236,748,283.89,343.98,28.00,69.00,1,1,-1,-1
237,753,699.04,353.68,22.91,51.48,1,1,-1,-1
237,752,633.62,321.52,88.17,184.91,1,1,-1,-1
237,748,286.88,341.94,28.00,69.00,1,1,-1,-1
238,752,640.75,324.35,79.73,178.05,1,1,-1,-1
238,748,289.15,339.94,28.00,69.00,1,1,-1,-1
239,762,471.89,337.00,49.00,120.00,1,1,-1,-1
239,757,957.00,347.13,42.00,104.00,1,1,-1,-1
239,752,646.27,325.11,73.85,174.04,1,1,-1,-1
239,748,291.92,337.95,28.00,69.00,1,1,-1,-1
239,744,-13.16,326.83,78.00,204.87,1,1,-1,-1
239,732,1039.49,341.74,57.21,143.69,1,1,-1,-1
240,762,476.09,335.00,49.00,120.00,1,1,-1,-1
240,757,968.02,345.42,43.29,113.37,1,1,-1,-1
240,750,1369.73,341.42,197.40,633.84,1,1,-1,-1
240,748,294.86,335.26,28.00,69.00,1,1,-1,-1
240,732,1047.03,346.38,59.68,146.07,1,1,-1,-1
241,768,532.27,325.73,47.52,132.54,1,1,-1,-1
241,750,1382.07,329.18,197.33,648.25,1,1,-1,-1
241,732,1051.95,347.38,60.93,146.02,1,1,-1,-1
242,768,534.05,323.67,47.77,132.66,1,1,-1,-1
242,764,761.66,341.29,18.12,62.26,1,1,-1,-1
242,750,1385.90,320.88,199.66,660.72,1,1,-1,-1
242,732,1055.43,347.00,61.90,146.99,1,1,-1,-1
243,774,718.14,339.00,26.66,60.82,1,1,-1,-1
243,768,535.95,321.83,47.95,133.07,1,1,-1,-1
243,764,764.34,340.24,18.06,62.37,1,1,-1,-1
243,732,1058.58,346.05,63.01,149.09,1,1,-1,-1
244,769,956.56,334.41,48.30,142.34,1,1,-1,-1
244,768,536.46,320.02,48.08,133.66,1,1,-1,-1
244,764,766.52,339.20,18.02,62.46,1,1,-1,-1
245,781,1068.95,342.16,34.49,110.01,1,1,-1,-1
245,780,651.62,304.65,90.48,197.77,1,1,-1,-1
245,769,957.54,334.84,49.78,144.09,1,1,-1,-1
245,768,536.55,318.71,48.15,134.00,1,1,-1,-1
246,783,979.96,334.44,42.42,131.38,1,1,-1,-1
246,782,498.60,322.22,47.77,125.11,1,1,-1,-1
246,781,1071.67,340.98,34.48,110.10,1,1,-1,-1
246,780,654.96,305.56,85.61,193.75,1,1,-1,-1
246,768,536.51,317.60,48.17,134.19,1,1,-1,-1
247,785,1170.04,337.04,34.00,115.00,1,1,-1,-1
247,783,982.68,333.40,42.76,131.48,1,1,-1,-1
247,782,501.94,321.12,48.63,124.76,1,1,-1,-1
247,781,1073.91,339.06,34.98,111.14,1,1,-1,-1
247,780,658.79,306.86,79.09,189.12,1,1,-1,-1
247,768,536.94,316.84,47.87,134.43,1,1,-1,-1
247,732,1071.03,340.82,65.97,158.06,1,1,-1,-1
248,785,1173.81,336.81,34.00,115.00,1,1,-1,-1
248,783,985.04,332.23,43.36,131.79,1,1,-1,-1
248,781,1076.41,337.82,34.89,111.34,1,1,-1,-1
248,768,537.28,315.81,47.98,134.81,1,1,-1,-1
249,793,513.00,325.89,41.00,119.00,1,1,-1,-1
249,785,1177.04,336.04,34.00,115.00,1,1,-1,-1
250,793,513.00,324.88,41.00,119.00,1,1,-1,-1
250,785,1180.10,335.10,34.00,115.00,1,1,-1,-1
251,797,783.13,333.07,18.00,63.00,1,1,-1,-1
251,788,1077.58,329.24,41.19,120.44,1,1,-1,-1
251,785,1183.81,334.81,34.00,115.00,1,1,-1,-1
251,782,516.97,309.72,53.32,132.47,1,1,-1,-1
252,797,785.90,332.28,18.04,63.43,1,1,-1,-1
252,788,1075.57,326.74,41.34,122.31,1,1,-1,-1
252,785,1187.05,333.36,34.00,115.00,1,1,-1,-1
252,784,980.24,330.72,44.88,119.50,1,1,-1,-1
252,782,520.92,312.31,52.05,128.79,1,1,-1,-1
253,797,788.84,331.99,18.05,63.68,1,1,-1,-1
253,788,1075.79,326.64,41.09,123.66,1,1,-1,-1
253,787,284.96,317.84,40.05,114.66,1,1,-1,-1
253,785,1190.80,331.51,34.00,115.00,1,1,-1,-1
253,784,980.93,326.03,43.01,113.30,1,1,-1,-1
253,782,524.49,313.88,51.21,126.36,1,1,-1,-1
254,809,306.09,314.84,32.70,77.27,1,1,-1,-1
254,801,1382.98,295.08,229.63,697.95,1,1,-1,-1
254,787,286.70,318.12,39.72,114.94,1,1,-1,-1
254,784,981.47,323.89,41.76,109.19,1,1,-1,-1
254,782,527.85,314.90,50.64,124.70,1,1,-1,-1
255,812,977.40,316.73,54.34,152.22,1,1,-1,-1
255,809,307.62,313.77,32.99,77.65,1,1,-1,-1
255,807,17.82,308.34,86.04,196.53,1,1,-1,-1
255,801,1384.28,294.65,230.26,695.79,1,1,-1,-1
255,782,519.73,318.40,47.72,123.27,1,1,-1,-1
256,817,1100.67,321.45,70.26,177.31,1,1,-1,-1
256,815,730.95,328.11,21.00,56.00,1,1,-1,-1
256,812,977.91,314.42,55.99,153.11,1,1,-1,-1
256,809,310.26,312.73,33.12,77.76,1,1,-1,-1
256,808,271.69,313.29,27.61,75.18,1,1,-1,-1
256,807,17.06,309.51,87.36,196.08,1,1,-1,-1
256,801,1384.57,293.15,231.49,696.47,1,1,-1,-1
256,777,948.88,310.90,52.30,141.28,1,1,-1,-1
257,821,703.95,325.15,38.00,114.00,1,1,-1,-1
257,818,1618.32,251.10,175.43,492.94,1,1,-1,-1
257,817,1105.09,320.88,70.66,175.88,1,1,-1,-1
257,816,1042.87,335.00,19.00,45.00,1,1,-1,-1
257,812,979.62,312.67,56.83,153.27,1,1,-1,-1
257,809,312.52,311.71,33.18,77.78,1,1,-1,-1
257,808,276.19,315.78,26.11,74.11,1,1,-1,-1
258,821,706.94,323.32,38.05,114.46,1,1,-1,-1
258,818,1633.12,246.89,179.87,500.14,1,1,-1,-1
258,816,1046.77,333.09,19.43,45.30,1,1,-1,-1
258,809,315.33,310.72,33.21,77.74,1,1,-1,-1
259,821,709.92,321.45,38.12,115.13,1,1,-1,-1
259,818,1647.64,242.43,184.82,507.29,1,1,-1,-1
259,816,1051.48,331.79,19.68,45.41,1,1,-1,-1
260,826,808.94,328.36,17.05,65.08,1,1,-1,-1
260,824,833.00,323.15,22.00,61.00,1,1,-1,-1
260,821,712.89,319.55,38.17,115.91,1,1,-1,-1
260,818,1662.53,238.27,189.73,514.35,1,1,-1,-1
260,815,743.95,322.12,21.00,56.00,1,1,-1,-1
260,807,34.45,310.92,79.03,193.11,1,1,-1,-1
261,829,958.47,317.61,41.72,104.76,1,1,-1,-1
261,826,811.20,325.97,17.02,65.30,1,1,-1,-1
261,821,703.19,307.87,51.74,158.57,1,1,-1,-1
261,818,1700.47,288.19,234.05,642.22,1,1,-1,-1
261,815,747.03,320.88,21.00,56.00,1,1,-1,-1
261,807,38.12,309.28,76.38,191.62,1,1,-1,-1
261,788,1118.32,314.01,47.16,140.42,1,1,-1,-1
261,787,298.71,314.21,39.25,117.37,1,1,-1,-1
262,829,956.18,309.96,53.01,137.75,1,1,-1,-1
262,821,695.84,296.91,62.73,184.75,1,1,-1,-1
262,818,1698.01,232.70,224.64,608.84,1,1,-1,-1
262,815,750.73,319.13,21.00,56.00,1,1,-1,-1
262,807,41.09,308.13,74.63,190.84,1,1,-1,-1
262,788,1120.51,310.30,43.68,134.40,1,1,-1,-1
262,787,300.74,311.41,39.19,117.57,1,1,-1,-1
263,829,957.98,303.05,59.46,155.83,1,1,-1,-1
263,821,689.11,288.21,73.33,201.62,1,1,-1,-1
263,818,1711.93,215.95,217.95,586.76,1,1,-1,-1
263,807,43.85,307.01,73.78,190.63,1,1,-1,-1
263,788,1124.35,308.87,41.27,130.29,1,1,-1,-1
263,787,302.78,309.02,39.15,117.71,1,1,-1,-1
264,837,551.42,292.51,53.89,157.84,1,1,-1,-1
264,829,952.65,301.61,54.04,140.14,1,1,-1,-1
264,821,682.66,281.48,84.41,212.80,1,1,-1,-1
264,807,46.23,305.93,73.21,190.59,1,1,-1,-1
265,842,727.89,310.33,39.21,119.35,1,1,-1,-1
265,829,959.82,299.19,57.09,152.16,1,1,-1,-1
265,821,679.30,277.76,91.72,218.03,1,1,-1,-1
265,807,49.09,305.51,72.83,190.65,1,1,-1,-1
266,848,995.79,299.74,60.07,146.47,1,1,-1,-1
266,846,567.84,310.21,48.37,116.69,1,1,-1,-1
266,845,-37.57,288.29,71.45,204.12,1,1,-1,-1
266,842,731.05,308.78,39.67,120.22,1,1,-1,-1
266,838,975.04,318.11,39.00,100.00,1,1,-1,-1
266,829,952.46,299.02,52.33,139.38,1,1,-1,-1
266,821,678.27,275.61,96.61,220.80,1,1,-1,-1
266,807,50.12,303.35,72.58,190.78,1,1,-1,-1
267,848,997.94,298.36,60.55,146.80,1,1,-1,-1
267,845,-35.92,286.38,71.85,204.77,1,1,-1,-1
267,838,974.10,317.82,39.00,100.00,1,1,-1,-1
267,807,50.45,300.53,72.42,190.92,1,1,-1,-1
268,845,-36.28,285.89,72.05,204.98,1,1,-1,-1
268,807,50.50,297.48,72.33,191.08,1,1,-1,-1
269,855,324.13,306.00,33.00,77.00,1,1,-1,-1
269,845,-37.21,286.55,72.15,205.03,1,1,-1,-1
269,788,1135.23,306.97,38.23,124.06,1,1,-1,-1
270,863,1700.25,230.28,282.31,793.14,1,1,-1,-1
270,855,322.92,306.00,33.00,77.00,1,1,-1,-1
270,842,721.84,307.07,41.55,125.22,1,1,-1,-1
270,788,1136.70,307.26,37.72,123.23,1,1,-1,-1
271,863,1697.40,231.90,285.97,794.88,1,1,-1,-1
271,842,719.73,308.35,41.50,124.89,1,1,-1,-1
271,788,1135.42,301.77,37.73,125.05,1,1,-1,-1
272,869,1167.63,311.43,59.23,149.60,1,1,-1,-1
272,863,1697.46,235.00,288.31,795.21,1,1,-1,-1
272,842,717.63,308.90,41.45,124.66,1,1,-1,-1
272,807,38.58,305.37,72.95,191.74,1,1,-1,-1
273,848,1028.56,306.46,43.90,124.65,1,1,-1,-1
273,842,715.04,309.74,41.75,124.63,1,1,-1,-1
273,807,36.17,305.69,73.38,192.01,1,1,-1,-1
274,872,495.88,306.04,42.23,143.79,1,1,-1,-1
274,862,1242.69,306.02,34.16,112.51,1,1,-1,-1
274,855,316.90,306.69,33.00,77.00,1,1,-1,-1
275,870,1447.32,261.62,239.33,743.44,1,1,-1,-1
275,855,309.06,306.26,33.00,77.00,1,1,-1,-1
275,838,960.22,303.35,51.48,133.50,1,1,-1,-1
276,870,1449.19,266.69,238.48,744.50,1,1,-1,-1
276,869,1145.29,302.77,67.25,164.58,1,1,-1,-1
276,855,299.52,306.09,33.00,77.00,1,1,-1,-1
276,838,954.72,302.72,48.04,124.18,1,1,-1,-1
277,842,701.68,310.39,42.25,126.17,1,1,-1,-1
277,838,945.57,300.87,54.42,142.99,1,1,-1,-1
277,807,16.31,303.93,74.71,193.29,1,1,-1,-1
278,889,1104.70,300.34,45.91,125.28,1,1,-1,-1
278,842,693.44,309.45,42.62,126.88,1,1,-1,-1
278,807,-0.65,292.42,80.55,209.58,1,1,-1,-1
279,890,790.00,305.00,17.00,66.00,1,1,-1,-1
279,889,1102.84,302.27,42.10,119.65,1,1,-1,-1
279,882,1048.08,314.98,21.00,47.00,1,1,-1,-1
280,888,957.85,319.13,41.59,114.70,1,1,-1,-1
281,895,1669.44,145.39,283.46,881.21,1,1,-1,-1
282,900,1066.90,290.87,43.16,128.37,1,1,-1,-1
282,895,1679.48,169.04,274.21,845.30,1,1,-1,-1
282,870,1418.75,246.44,238.28,715.14,1,1,-1,-1
283,900,1062.65,290.91,39.66,124.86,1,1,-1,-1
283,895,1676.70,187.95,270.12,821.91,1,1,-1,-1
284,909,838.46,297.79,44.19,115.32,1,1,-1,-1
284,900,1058.15,288.52,39.63,126.59,1,1,-1,-1
284,897,686.00,311.89,22.00,58.00,1,1,-1,-1
284,895,1672.37,195.05,270.48,812.51,1,1,-1,-1
285,909,831.63,295.83,45.65,116.50,1,1,-1,-1
285,905,930.02,284.66,52.74,148.88,1,1,-1,-1
285,899,768.52,305.53,21.59,60.68,1,1,-1,-1
285,897,678.71,311.90,22.00,58.00,1,1,-1,-1
285,883,206.74,293.56,40.66,109.03,1,1,-1,-1
286,909,824.64,294.44,46.84,117.06,1,1,-1,-1
286,905,938.59,289.13,49.55,142.30,1,1,-1,-1
286,899,765.02,304.44,21.73,60.83,1,1,-1,-1
286,883,194.83,299.61,41.68,114.48,1,1,-1,-1
287,916,993.00,303.00,22.00,48.00,1,1,-1,-1
287,905,940.33,290.19,47.56,138.26,1,1,-1,-1
287,899,761.87,303.65,21.48,61.02,1,1,-1,-1
287,883,184.56,301.10,42.28,118.17,1,1,-1,-1
288,883,174.97,301.07,42.65,120.73,1,1,-1,-1
289,926,1164.82,284.94,34.00,115.00,1,1,-1,-1
289,924,861.61,276.19,69.51,179.73,1,1,-1,-1
289,883,166.31,300.82,42.90,122.83,1,1,-1,-1
290,918,730.00,298.74,17.73,65.23,1,1,-1,-1
290,883,161.97,298.39,43.06,124.32,1,1,-1,-1
291,934,374.16,273.45,64.06,182.63,1,1,-1,-1
291,918,728.50,296.50,17.85,65.30,1,1,-1,-1
291,916,992.05,291.33,22.08,48.67,1,1,-1,-1
291,900,1042.42,272.08,42.72,136.77,1,1,-1,-1
291,899,751.63,296.97,21.14,62.07,1,1,-1,-1
292,936,186.85,289.00,33.00,77.00,1,1,-1,-1
292,932,1698.40,199.11,258.20,779.81,1,1,-1,-1
292,900,1043.04,269.85,41.05,136.14,1,1,-1,-1
292,899,752.17,292.40,21.11,62.63,1,1,-1,-1
293,936,183.06,287.00,33.00,77.00,1,1,-1,-1
293,932,1709.43,189.26,254.56,774.78,1,1,-1,-1
293,930,667.17,288.00,22.00,58.00,1,1,-1,-1
293,900,1052.13,266.17,40.76,133.78,1,1,-1,-1
294,936,179.85,285.74,33.00,77.00,1,1,-1,-1
294,932,1720.93,179.66,251.49,769.07,1,1,-1,-1
294,900,1044.80,261.71,42.55,135.88,1,1,-1,-1
295,944,1171.20,260.73,38.34,117.54,1,1,-1,-1
295,941,800.87,276.12,38.00,106.46,1,1,-1,-1
295,939,880.51,259.19,59.55,155.33,1,1,-1,-1
295,924,851.81,263.99,70.85,189.95,1,1,-1,-1
295,900,1051.14,261.93,41.58,133.68,1,1,-1,-1
296,944,1172.12,259.53,38.35,117.40,1,1,-1,-1
296,943,1103.91,263.39,64.66,159.53,1,1,-1,-1
296,941,797.16,274.55,38.96,107.92,1,1,-1,-1
296,939,879.58,256.64,59.69,154.50,1,1,-1,-1
296,924,855.57,229.28,75.93,200.78,1,1,-1,-1
296,900,1053.09,263.11,40.89,132.14,1,1,-1,-1
297,951,311.47,281.06,54.91,167.09,1,1,-1,-1
297,939,879.18,254.15,59.33,153.53,1,1,-1,-1
297,934,337.36,215.97,82.32,227.84,1,1,-1,-1
298,939,879.38,254.53,57.92,151.76,1,1,-1,-1
298,936,167.86,279.80,33.00,77.00,1,1,-1,-1
298,934,338.63,230.82,79.21,217.78,1,1,-1,-1
299,959,503.46,251.49,87.09,213.98,1,1,-1,-1
299,948,611.38,273.43,44.00,131.00,1,1,-1,-1
299,939,879.90,256.05,55.91,150.02,1,1,-1,-1
299,936,164.88,278.73,33.00,77.00,1,1,-1,-1
299,934,336.58,237.65,77.46,211.78,1,1,-1,-1
299,928,108.17,268.67,35.68,90.68,1,1,-1,-1
300,959,505.51,251.94,79.76,209.09,1,1,-1,-1
300,948,609.36,272.70,44.00,131.00,1,1,-1,-1
300,944,1175.44,261.14,35.61,116.38,1,1,-1,-1
300,939,880.60,257.89,53.53,148.40,1,1,-1,-1
300,928,102.69,266.86,36.38,92.16,1,1,-1,-1
301,959,497.31,249.23,79.83,212.74,1,1,-1,-1
301,944,1177.04,261.57,34.71,116.48,1,1,-1,-1
302,963,751.82,271.25,21.00,64.00,1,1,-1,-1
302,941,753.07,271.50,45.42,115.48,1,1,-1,-1
303,943,1111.10,263.36,61.97,153.34,1,1,-1,-1
303,941,745.98,271.24,45.26,115.97,1,1,-1,-1
303,936,152.93,272.86,33.00,77.00,1,1,-1,-1
304,965,824.52,247.43,72.77,198.44,1,1,-1,-1
304,943,1110.21,261.77,62.72,155.63,1,1,-1,-1
304,941,738.77,271.16,44.81,116.17,1,1,-1,-1
305,941,731.55,271.35,44.19,116.49,1,1,-1,-1
306,941,724.38,271.61,43.43,116.92,1,1,-1,-1
308,988,974.00,273.80,24.00,50.00,1,1,-1,-1
309,991,1741.71,177.16,262.42,800.69,1,1,-1,-1
309,988,971.78,275.59,24.00,50.00,1,1,-1,-1
310,997,1035.15,273.89,40.00,131.00,1,1,-1,-1
310,993,253.77,248.79,74.61,211.51,1,1,-1,-1
310,991,1739.55,179.62,268.64,806.93,1,1,-1,-1
310,988,969.76,277.59,24.00,50.00,1,1,-1,-1
310,980,586.22,275.90,44.00,131.00,1,1,-1,-1
310,977,86.45,263.22,50.03,133.38,1,1,-1,-1
310,941,696.57,272.74,39.96,117.10,1,1,-1,-1
311,997,1024.11,261.61,42.47,138.79,1,1,-1,-1
311,991,1737.28,183.11,276.09,815.42,1,1,-1,-1
311,977,85.30,265.07,50.43,134.16,1,1,-1,-1
312,997,1019.16,260.99,43.63,142.34,1,1,-1,-1
312,991,1734.81,186.83,284.16,824.48,1,1,-1,-1
312,965,841.85,263.78,50.28,144.97,1,1,-1,-1
313,997,1016.91,264.18,44.21,144.08,1,1,-1,-1
313,991,1732.72,191.48,292.21,833.27,1,1,-1,-1
314,993,220.95,252.85,75.47,217.84,1,1,-1,-1
315,1002,693.89,283.85,47.89,115.66,1,1,-1,-1
315,993,218.41,255.56,76.32,219.93,1,1,-1,-1
316,1006,188.32,274.72,58.76,198.96,1,1,-1,-1
316,1002,692.32,284.20,48.03,115.45,1,1,-1,-1
316,993,216.54,258.34,77.20,221.70,1,1,-1,-1
317,1002,691.97,283.58,48.12,115.28,1,1,-1,-1
317,997,1020.51,260.58,56.39,151.55,1,1,-1,-1
318,1019,1112.80,273.35,65.69,161.91,1,1,-1,-1
318,997,1033.80,263.27,51.79,146.91,1,1,-1,-1
318,995,914.32,277.56,46.44,135.12,1,1,-1,-1
319,1024,1810.52,194.42,284.06,806.32,1,1,-1,-1
319,1019,1118.59,273.76,64.90,158.67,1,1,-1,-1
319,997,1032.71,260.73,54.88,148.29,1,1,-1,-1
320,1019,1124.07,274.22,64.29,154.87,1,1,-1,-1
320,1006,175.67,276.72,65.25,205.61,1,1,-1,-1
320,997,1035.88,259.40,54.78,148.24,1,1,-1,-1
321,1030,29.92,282.12,35.17,95.83,1,1,-1,-1
321,1019,1130.08,274.96,63.86,151.10,1,1,-1,-1
321,1006,172.58,277.65,66.69,206.66,1,1,-1,-1
321,977,84.94,282.05,51.39,133.03,1,1,-1,-1
322,1033,199.46,251.05,85.19,233.01,1,1,-1,-1
322,1023,850.04,265.36,53.09,149.33,1,1,-1,-1
322,1019,1133.28,274.98,63.87,150.36,1,1,-1,-1
322,977,84.87,284.94,52.39,137.01,1,1,-1,-1
323,1033,196.25,249.02,86.41,234.86,1,1,-1,-1
324,1039,525.11,281.00,48.00,114.00,1,1,-1,-1
324,1033,191.08,248.54,88.00,237.48,1,1,-1,-1
325,1039,528.91,281.78,48.00,114.00,1,1,-1,-1
325,1033,185.49,248.89,90.11,240.29,1,1,-1,-1
327,1029,382.72,233.55,110.62,260.54,1,1,-1,-1
328,1044,668.95,281.35,41.86,113.36,1,1,-1,-1
329,1056,94.89,289.11,33.00,77.00,1,1,-1,-1
329,1033,160.95,250.45,100.84,252.93,1,1,-1,-1
330,1033,130.05,267.26,95.91,241.43,1,1,-1,-1
331,1033,115.83,276.05,93.19,234.00,1,1,-1,-1
332,1033,108.10,281.24,91.63,229.22,1,1,-1,-1
333,1072,1169.56,270.88,63.56,160.50,1,1,-1,-1
333,1063,757.98,252.72,90.53,241.07,1,1,-1,-1
334,1063,755.69,253.44,91.39,242.09,1,1,-1,-1
334,977,76.06,284.01,54.32,145.64,1,1,-1,-1
335,1077,1671.35,220.05,256.30,780.94,1,1,-1,-1
335,1063,753.64,254.49,92.28,243.41,1,1,-1,-1
335,1040,587.55,292.79,44.00,131.00,1,1,-1,-1
335,977,72.89,283.29,54.32,145.71,1,1,-1,-1
336,1063,748.24,254.26,93.20,244.91,1,1,-1,-1
337,1078,632.00,286.00,45.00,119.00,1,1,-1,-1
337,1063,741.65,253.55,94.13,246.52,1,1,-1,-1
337,1037,665.62,286.78,39.45,111.23,1,1,-1,-1
338,1082,665.05,297.10,21.85,59.66,1,1,-1,-1
339,1089,-0.79,281.48,32.49,96.55,1,1,-1,-1
340,1089,-5.84,283.40,32.53,96.65,1,1,-1,-1
340,1080,544.90,291.47,42.16,108.08,1,1,-1,-1
341,1089,-10.08,286.09,32.64,96.97,1,1,-1,-1
341,1037,650.49,292.49,33.49,97.08,1,1,-1,-1
343,1097,1064.59,288.39,46.48,159.46,1,1,-1,-1
343,1092,704.94,297.58,25.06,72.53,1,1,-1,-1
345,1105,1231.23,303.11,37.54,124.48,1,1,-1,-1
346,1105,1230.73,304.04,38.43,125.80,1,1,-1,-1
346,1069,341.48,262.45,126.03,278.82,1,1,-1,-1
347,1107,735.00,317.13,21.00,64.00,1,1,-1,-1
347,1105,1230.56,304.06,39.33,127.04,1,1,-1,-1
347,1098,670.04,316.22,24.28,60.36,1,1,-1,-1
348,1110,652.00,320.18,21.00,66.00,1,1,-1,-1
349,1115,918.03,321.54,57.80,136.93,1,1,-1,-1
349,1113,31.58,283.25,58.34,165.05,1,1,-1,-1
351,1122,1072.02,302.27,55.33,186.28,1,1,-1,-1
351,1120,566.99,316.99,46.01,133.55,1,1,-1,-1
352,1122,1077.01,305.12,51.17,168.78,1,1,-1,-1
352,1120,564.96,317.19,45.92,135.75,1,1,-1,-1
353,1122,1069.43,300.20,50.80,167.57,1,1,-1,-1
353,1120,563.46,317.77,45.34,136.86,1,1,-1,-1
353,1115,915.42,322.72,53.20,133.90,1,1,-1,-1
354,1122,1066.60,299.60,51.78,168.31,1,1,-1,-1
354,1120,561.64,318.43,44.94,137.93,1,1,-1,-1
355,1122,1065.16,302.44,51.63,167.91,1,1,-1,-1
355,1120,559.72,319.17,44.64,138.95,1,1,-1,-1
357,1138,990.81,338.00,25.00,60.00,1,1,-1,-1
357,1137,950.13,344.00,19.00,37.00,1,1,-1,-1
358,1137,948.92,346.00,19.00,37.00,1,1,-1,-1
358,1136,658.86,329.36,24.26,61.49,1,1,-1,-1
359,1147,1146.20,333.50,62.94,156.71,1,1,-1,-1
359,1140,538.45,349.31,33.14,93.23,1,1,-1,-1
359,1132,547.12,322.08,38.21,130.08,1,1,-1,-1
360,1151,904.75,333.56,48.51,130.88,1,1,-1,-1
360,1146,830.99,319.81,56.08,152.95,1,1,-1,-1
360,1144,1733.13,283.54,283.90,791.92,1,1,-1,-1
360,1132,541.10,323.71,38.18,130.17,1,1,-1,-1
361,1155,1070.93,323.34,49.15,152.36,1,1,-1,-1
361,1146,828.96,322.96,56.11,153.40,1,1,-1,-1
361,1132,535.08,324.92,38.16,130.23,1,1,-1,-1
362,1157,1239.55,339.21,37.01,118.42,1,1,-1,-1
362,1155,1069.90,324.43,49.21,153.17,1,1,-1,-1
362,1146,828.35,322.49,56.12,153.68,1,1,-1,-1
362,1132,529.07,325.98,38.14,130.25,1,1,-1,-1
363,1159,715.00,339.00,21.00,64.00,1,1,-1,-1
363,1138,985.54,343.40,25.89,60.88,1,1,-1,-1
364,1162,481.96,327.00,44.00,130.00,1,1,-1,-1
364,1159,712.00,339.00,21.00,64.00,1,1,-1,-1
364,1138,973.37,345.76,30.81,72.21,1,1,-1,-1
365,1159,703.08,335.47,21.75,67.36,1,1,-1,-1
367,1160,1071.55,327.70,47.18,155.41,1,1,-1,-1
372,1186,1792.49,286.89,324.40,820.15,1,1,-1,-1
373,1186,1795.59,291.72,323.73,819.47,1,1,-1,-1
373,1163,574.91,319.02,41.00,109.00,1,1,-1,-1
374,1186,1798.88,297.01,322.10,817.89,1,1,-1,-1
375,1187,338.54,265.66,153.03,310.85,1,1,-1,-1
375,1186,1802.56,302.21,320.23,815.79,1,1,-1,-1
376,1187,345.36,261.10,152.77,316.19,1,1,-1,-1
377,1204,663.52,322.05,24.15,64.99,1,1,-1,-1
378,1201,1033.34,316.89,26.07,59.27,1,1,-1,-1
378,1179,1315.84,316.90,38.93,122.48,1,1,-1,-1
379,1210,926.25,302.32,67.84,169.62,1,1,-1,-1
379,1179,1322.58,314.36,39.89,122.94,1,1,-1,-1
380,1210,930.29,301.51,64.19,160.47,1,1,-1,-1
380,1179,1328.87,311.39,40.86,123.30,1,1,-1,-1
381,1210,934.33,302.59,61.84,154.61,1,1,-1,-1
381,1179,1335.64,308.93,41.85,123.60,1,1,-1,-1
382,1224,986.87,336.17,18.16,39.44,1,1,-1,-1
382,1187,364.61,246.10,141.99,345.53,1,1,-1,-1
382,1179,1335.12,306.58,40.01,116.82,1,1,-1,-1
383,1226,569.12,320.19,42.66,144.37,1,1,-1,-1
383,1187,401.93,254.95,159.97,386.99,1,1,-1,-1
385,1232,1190.23,307.12,61.27,157.50,1,1,-1,-1
385,1231,1131.90,302.06,52.39,173.43,1,1,-1,-1
385,1228,744.82,319.21,29.41,69.50,1,1,-1,-1
386,1231,1140.13,303.13,51.00,168.65,1,1,-1,-1
386,1228,745.15,319.41,29.74,70.30,1,1,-1,-1
387,1240,1809.12,330.60,327.18,794.79,1,1,-1,-1
387,1231,1134.99,304.16,53.01,174.50,1,1,-1,-1
388,1231,1140.15,302.91,51.73,170.96,1,1,-1,-1
391,1252,368.36,298.03,56.02,166.03,1,1,-1,-1
391,1250,1050.09,322.00,28.77,64.07,1,1,-1,-1
392,1248,706.93,310.13,24.79,70.58,1,1,-1,-1
392,1231,1141.80,301.83,51.07,169.87,1,1,-1,-1
393,1248,704.04,312.05,27.18,76.93,1,1,-1,-1
394,1248,702.76,311.47,28.45,80.23,1,1,-1,-1
395,1266,1832.42,321.75,323.05,815.43,1,1,-1,-1
395,1250,1049.48,321.30,29.06,64.31,1,1,-1,-1
395,1248,702.16,310.90,29.16,82.02,1,1,-1,-1
396,1270,970.64,321.44,27.11,62.84,1,1,-1,-1
396,1250,1051.10,320.20,29.07,64.30,1,1,-1,-1
396,1248,701.85,309.79,29.57,83.01,1,1,-1,-1
397,1268,173.83,215.55,216.26,535.84,1,1,-1,-1
397,1250,1053.71,318.64,29.11,64.62,1,1,-1,-1
397,1248,701.69,308.59,29.80,83.53,1,1,-1,-1
398,1268,174.26,220.73,198.64,529.18,1,1,-1,-1
398,1250,1056.02,317.19,29.11,64.51,1,1,-1,-1
399,1272,364.95,308.33,49.57,134.57,1,1,-1,-1
401,1287,944.00,305.89,56.00,148.00,1,1,-1,-1
401,1273,718.65,304.97,22.82,65.27,1,1,-1,-1
401,1248,700.90,305.46,29.97,83.80,1,1,-1,-1
402,1289,1157.56,291.87,51.88,179.63,1,1,-1,-1
402,1273,719.90,305.38,22.38,64.04,1,1,-1,-1
403,1289,1162.09,289.32,51.78,177.11,1,1,-1,-1
403,1273,721.04,305.02,22.11,63.28,1,1,-1,-1
404,1295,694.00,300.00,24.00,65.00,1,1,-1,-1
406,1298,314.02,223.22,160.95,375.83,1,1,-1,-1
407,1301,1022.75,311.70,18.00,42.00,1,1,-1,-1
407,1289,1166.91,273.35,57.50,201.86,1,1,-1,-1
408,1301,1023.75,311.77,18.00,42.00,1,1,-1,-1
409,1311,1174.35,289.34,51.93,180.82,1,1,-1,-1
409,1307,558.02,291.03,47.12,152.72,1,1,-1,-1
409,1301,1024.79,311.82,18.00,42.00,1,1,-1,-1
410,1311,1169.62,296.23,56.99,197.60,1,1,-1,-1
410,1301,1025.83,311.86,18.00,42.00,1,1,-1,-1
411,1319,1083.31,307.49,27.59,72.03,1,1,-1,-1
411,1311,1174.93,293.59,54.51,189.06,1,1,-1,-1
411,1308,700.26,294.37,29.00,81.00,1,1,-1,-1
411,1301,1026.86,313.27,18.00,42.00,1,1,-1,-1
412,1321,299.41,286.06,54.74,153.92,1,1,-1,-1
412,1316,947.51,300.05,52.95,143.73,1,1,-1,-1
412,1308,699.30,295.30,29.00,81.00,1,1,-1,-1
412,1301,1027.88,315.16,18.00,42.00,1,1,-1,-1
413,1321,292.51,287.80,55.57,155.19,1,1,-1,-1
413,1308,698.28,296.35,29.00,81.00,1,1,-1,-1
413,1301,1028.90,317.87,18.00,42.00,1,1,-1,-1
414,1321,285.59,290.17,56.34,155.57,1,1,-1,-1
414,1301,1029.91,320.20,18.00,42.00,1,1,-1,-1
415,1330,996.00,318.89,27.00,63.00,1,1,-1,-1
415,1301,1031.59,323.03,18.00,42.00,1,1,-1,-1
416,1330,996.22,320.09,27.00,63.00,1,1,-1,-1
416,1316,950.26,307.21,55.39,147.66,1,1,-1,-1
416,1301,1032.18,324.06,18.00,42.00,1,1,-1,-1
417,1334,728.46,316.98,21.47,60.72,1,1,-1,-1
417,1326,704.31,318.99,24.00,65.00,1,1,-1,-1
417,1316,950.21,307.96,55.63,147.95,1,1,-1,-1
418,1335,860.96,297.00,58.00,158.00,1,1,-1,-1
418,1334,729.25,317.94,21.45,60.88,1,1,-1,-1
418,1326,696.99,310.11,26.60,72.67,1,1,-1,-1
418,1325,1188.72,297.26,61.42,195.19,1,1,-1,-1
418,1321,257.66,299.50,59.94,157.56,1,1,-1,-1
418,1316,949.82,308.33,55.13,147.81,1,1,-1,-1
419,1340,307.27,282.45,144.60,312.55,1,1,-1,-1
419,1335,862.72,298.16,58.06,158.46,1,1,-1,-1
419,1334,729.44,318.13,21.47,61.09,1,1,-1,-1
419,1326,700.40,317.72,25.75,70.18,1,1,-1,-1
419,1325,1199.08,299.21,60.28,180.20,1,1,-1,-1
419,1321,250.66,302.03,60.89,157.50,1,1,-1,-1
419,1316,949.59,309.00,54.44,147.30,1,1,-1,-1
420,1340,305.25,267.63,162.36,348.69,1,1,-1,-1
420,1334,730.18,318.80,21.50,61.30,1,1,-1,-1
420,1330,996.16,324.78,27.00,63.00,1,1,-1,-1
420,1326,701.12,322.19,25.19,68.53,1,1,-1,-1
420,1325,1202.83,303.63,58.76,169.82,1,1,-1,-1
421,1334,730.39,319.64,21.54,61.48,1,1,-1,-1
421,1330,996.14,326.02,27.00,63.00,1,1,-1,-1
421,1325,1204.34,309.00,57.33,161.76,1,1,-1,-1
422,1338,727.96,320.97,30.00,74.50,1,1,-1,-1
422,1330,996.12,327.09,27.00,63.00,1,1,-1,-1
422,1325,1198.33,306.90,55.95,172.87,1,1,-1,-1
423,1349,1189.73,304.42,50.38,188.11,1,1,-1,-1
423,1325,1203.57,307.63,56.43,165.92,1,1,-1,-1
424,1349,1199.89,299.88,49.24,193.96,1,1,-1,-1
424,1347,532.01,315.45,50.91,164.07,1,1,-1,-1
424,1340,290.41,250.68,184.84,394.63,1,1,-1,-1
424,1325,1205.82,308.00,57.40,162.38,1,1,-1,-1
425,1349,1203.75,297.15,50.20,201.28,1,1,-1,-1
425,1347,531.80,315.08,52.07,165.43,1,1,-1,-1
425,1325,1206.85,308.26,58.73,160.74,1,1,-1,-1
426,1354,186.95,318.48,78.32,162.00,1,1,-1,-1
426,1349,1196.48,299.02,50.12,198.83,1,1,-1,-1
426,1348,691.94,313.45,28.09,82.33,1,1,-1,-1
426,1347,530.04,315.22,52.34,165.95,1,1,-1,-1
426,1325,1207.00,309.27,59.69,159.58,1,1,-1,-1
427,1348,691.95,315.09,28.07,82.53,1,1,-1,-1
428,1348,691.96,316.26,28.05,82.67,1,1,-1,-1
428,1338,724.78,331.78,29.01,72.03,1,1,-1,-1
429,1348,691.96,317.45,28.06,83.11,1,1,-1,-1
429,1316,952.62,315.74,55.46,148.02,1,1,-1,-1
430,1348,691.96,319.10,28.07,83.41,1,1,-1,-1
430,1346,1098.43,324.48,30.59,70.04,1,1,-1,-1
430,1340,312.92,248.33,191.62,414.57,1,1,-1,-1
430,1325,1209.63,312.25,60.97,173.60,1,1,-1,-1
430,1316,955.61,314.92,54.42,147.83,1,1,-1,-1
431,1348,689.45,319.52,28.39,83.80,1,1,-1,-1
431,1346,1099.03,322.45,30.50,70.76,1,1,-1,-1
431,1340,329.13,252.08,187.03,410.52,1,1,-1,-1
431,1325,1207.59,311.28,61.33,168.49,1,1,-1,-1
431,1316,960.58,315.42,52.21,147.42,1,1,-1,-1
432,1348,685.97,320.17,28.94,84.18,1,1,-1,-1
432,1325,1206.76,311.65,61.57,165.00,1,1,-1,-1
432,1316,961.26,314.88,52.44,148.69,1,1,-1,-1
433,1348,682.11,320.26,29.64,84.53,1,1,-1,-1
433,1325,1206.40,312.98,61.73,162.55,1,1,-1,-1
434,1358,641.28,327.40,40.00,102.00,1,1,-1,-1
434,1325,1212.50,307.11,61.08,176.95,1,1,-1,-1
435,1372,1040.15,328.21,18.00,42.44,1,1,-1,-1
435,1370,730.42,330.93,22.00,63.00,1,1,-1,-1
435,1367,1017.40,320.78,17.29,44.52,1,1,-1,-1
435,1338,715.09,326.30,28.91,71.78,1,1,-1,-1
435,1325,1204.69,309.93,61.44,170.99,1,1,-1,-1
436,1372,1037.57,328.19,18.03,42.38,1,1,-1,-1
436,1371,1196.91,293.23,50.40,206.65,1,1,-1,-1
436,1370,727.32,331.89,22.00,63.00,1,1,-1,-1
436,1354,99.35,322.48,98.29,171.04,1,1,-1,-1
436,1338,707.90,323.80,27.33,69.48,1,1,-1,-1
437,1371,1194.96,294.02,51.19,208.10,1,1,-1,-1
437,1338,703.52,323.91,26.22,67.80,1,1,-1,-1
438,1371,1193.13,295.07,52.38,209.10,1,1,-1,-1
441,1338,691.18,329.48,24.33,64.84,1,1,-1,-1
442,1384,710.00,336.96,22.00,63.00,1,1,-1,-1
442,1372,1022.05,335.01,18.04,42.17,1,1,-1,-1
442,1338,688.22,329.93,25.44,68.14,1,1,-1,-1
443,1386,144.94,328.12,71.09,150.52,1,1,-1,-1
443,1384,707.00,337.97,22.00,63.00,1,1,-1,-1
443,1372,1019.44,335.90,18.38,42.27,1,1,-1,-1
443,1338,683.94,330.67,26.46,70.19,1,1,-1,-1
444,1384,704.00,338.97,22.00,63.00,1,1,-1,-1
444,1382,1168.11,321.04,60.99,147.42,1,1,-1,-1
444,1372,1017.17,336.85,18.60,42.31,1,1,-1,-1
445,1382,1164.10,320.25,61.70,150.81,1,1,-1,-1
446,1382,1160.03,319.51,62.06,152.92,1,1,-1,-1
447,1382,1155.97,318.94,62.26,154.27,1,1,-1,-1
448,1395,1179.05,308.21,59.79,210.59,1,1,-1,-1
448,1382,1151.92,318.52,62.36,155.16,1,1,-1,-1
448,1373,966.48,335.91,27.78,63.21,1,1,-1,-1
448,1325,1197.81,293.23,53.73,238.83,1,1,-1,-1
449,1400,910.00,330.00,56.00,152.00,1,1,-1,-1
449,1387,600.81,332.88,40.00,102.00,1,1,-1,-1
449,1373,965.39,336.22,27.87,63.21,1,1,-1,-1
450,1403,676.46,331.44,25.41,71.72,1,1,-1,-1
450,1393,447.76,336.00,45.04,176.68,1,1,-1,-1
450,1387,594.20,329.72,38.30,94.82,1,1,-1,-1
450,1373,965.04,336.97,27.93,63.21,1,1,-1,-1
451,1393,443.00,337.21,45.04,176.83,1,1,-1,-1
451,1390,976.16,338.48,17.04,48.05,1,1,-1,-1
451,1387,592.79,329.55,37.15,90.12,1,1,-1,-1
452,1395,1176.69,312.43,59.51,211.95,1,1,-1,-1
452,1393,438.06,338.41,45.06,177.27,1,1,-1,-1
452,1381,1065.72,336.56,32.38,71.68,1,1,-1,-1
453,1395,1175.92,313.42,59.36,212.23,1,1,-1,-1
453,1393,433.09,339.90,45.05,177.22,1,1,-1,-1
453,1381,1068.70,339.77,31.36,71.33,1,1,-1,-1
454,1395,1175.68,314.52,59.28,212.78,1,1,-1,-1
454,1393,428.08,341.24,45.06,177.51,1,1,-1,-1
454,1381,1070.07,340.82,31.90,71.44,1,1,-1,-1
455,1393,421.10,337.91,41.01,161.90,1,1,-1,-1
455,1381,1071.06,341.23,33.21,72.02,1,1,-1,-1
456,1414,913.13,329.61,56.00,153.01,1,1,-1,-1
456,1393,423.43,342.86,42.58,167.42,1,1,-1,-1
456,1381,1074.93,341.54,32.69,73.18,1,1,-1,-1
457,1422,1187.10,267.25,76.49,297.84,1,1,-1,-1
457,1414,913.88,329.65,56.06,152.88,1,1,-1,-1
457,1393,425.74,343.13,43.96,171.35,1,1,-1,-1
457,1381,1080.36,342.39,31.16,74.70,1,1,-1,-1
458,1381,1080.31,338.44,31.50,75.86,1,1,-1,-1
462,1432,1019.06,347.00,21.00,41.00,1,1,-1,-1
462,1428,602.22,337.05,36.00,83.00,1,1,-1,-1
463,1432,1020.81,347.00,21.00,41.00,1,1,-1,-1
464,1432,1022.04,347.00,21.00,41.00,1,1,-1,-1
465,1447,1193.47,205.01,97.95,339.62,1,1,-1,-1
465,1432,1023.81,347.00,21.00,41.00,1,1,-1,-1
466,1450,685.53,341.98,24.07,64.99,1,1,-1,-1
467,1453,613.96,339.32,40.08,102.52,1,1,-1,-1
467,1450,693.46,345.98,23.02,63.24,1,1,-1,-1
468,1453,613.95,340.09,40.09,102.76,1,1,-1,-1
468,1450,695.95,347.32,22.47,62.46,1,1,-1,-1
468,1428,594.02,334.97,36.00,83.00,1,1,-1,-1
469,1455,1193.90,304.36,66.21,232.27,1,1,-1,-1
469,1453,613.95,341.00,40.09,102.90,1,1,-1,-1
469,1450,696.01,347.76,22.17,62.12,1,1,-1,-1
469,1447,1213.06,264.43,82.72,301.00,1,1,-1,-1
469,1428,592.94,334.89,36.00,83.00,1,1,-1,-1
470,1459,974.91,338.56,26.92,65.95,1,1,-1,-1
470,1457,998.29,344.06,17.40,46.16,1,1,-1,-1
470,1455,1193.90,305.26,66.21,232.71,1,1,-1,-1
470,1447,1218.23,274.22,78.09,288.71,1,1,-1,-1
471,1457,997.23,345.80,17.13,46.29,1,1,-1,-1
472,1457,995.48,346.94,16.99,46.48,1,1,-1,-1
473,1465,1022.11,349.85,21.00,41.00,1,1,-1,-1
474,1447,1209.99,282.79,80.86,295.13,1,1,-1,-1
475,1470,390.12,330.13,69.72,200.59,1,1,-1,-1
475,1462,672.83,344.82,24.00,65.00,1,1,-1,-1
476,1471,692.94,348.88,22.00,63.00,1,1,-1,-1
476,1470,387.92,330.97,69.82,201.90,1,1,-1,-1
476,1462,672.53,345.76,24.00,65.00,1,1,-1,-1
476,1457,988.52,345.03,21.99,50.69,1,1,-1,-1
477,1472,915.96,330.50,56.04,154.90,1,1,-1,-1
477,1471,692.95,349.91,22.00,63.00,1,1,-1,-1
477,1468,1127.58,333.41,60.28,149.05,1,1,-1,-1
478,1472,914.74,331.88,54.90,153.07,1,1,-1,-1
479,1478,1024.85,354.00,21.00,41.00,1,1,-1,-1
479,1472,913.46,333.51,53.45,151.51,1,1,-1,-1
479,1467,622.67,346.00,29.00,72.00,1,1,-1,-1
479,1455,1205.55,309.49,68.24,240.59,1,1,-1,-1
480,1478,1026.06,354.22,21.00,41.00,1,1,-1,-1
480,1467,623.63,347.00,29.00,72.00,1,1,-1,-1
480,1455,1207.81,309.37,68.95,241.76,1,1,-1,-1
481,1478,1027.11,354.98,21.00,41.00,1,1,-1,-1
481,1471,693.30,354.60,22.00,63.00,1,1,-1,-1
481,1467,624.06,348.00,29.00,72.00,1,1,-1,-1
481,1455,1210.48,309.32,69.45,242.82,1,1,-1,-1
482,1482,616.43,350.38,39.00,105.00,1,1,-1,-1
482,1478,1028.11,355.92,21.00,41.00,1,1,-1,-1
482,1467,624.95,349.00,29.00,72.00,1,1,-1,-1
482,1455,1212.85,309.24,70.09,243.92,1,1,-1,-1
483,1478,1029.79,356.91,21.00,41.00,1,1,-1,-1
483,1468,1122.52,336.50,61.52,150.62,1,1,-1,-1
485,1486,215.12,250.21,255.86,532.33,1,1,-1,-1
486,1490,1106.23,337.26,34.49,86.60,1,1,-1,-1
486,1483,988.12,348.30,27.99,64.78,1,1,-1,-1
487,1483,990.16,348.35,28.00,64.86,1,1,-1,-1
487,1478,1039.27,353.05,21.00,41.00,1,1,-1,-1
488,1483,992.15,348.32,28.01,64.91,1,1,-1,-1
488,1478,1040.35,351.01,21.00,41.00,1,1,-1,-1
489,1483,1000.27,351.69,25.98,59.49,1,1,-1,-1
490,1483,998.72,350.35,26.65,61.24,1,1,-1,-1
491,1483,998.60,349.57,27.09,62.42,1,1,-1,-1
492,1506,372.98,335.44,62.90,238.12,1,1,-1,-1
492,1483,999.73,349.09,27.38,63.21,1,1,-1,-1
493,1511,1127.96,336.87,33.72,83.29,1,1,-1,-1
494,1513,1145.72,329.82,61.54,152.30,1,1,-1,-1
495,1515,1279.40,286.52,83.52,298.78,1,1,-1,-1
495,1513,1147.68,330.78,61.50,150.35,1,1,-1,-1
496,1515,1260.64,293.53,80.94,281.69,1,1,-1,-1
496,1513,1149.76,332.36,61.32,147.81,1,1,-1,-1
496,1483,1005.76,347.69,27.83,64.49,1,1,-1,-1
497,1521,658.94,340.34,38.23,106.28,1,1,-1,-1
497,1515,1275.27,290.59,82.21,290.21,1,1,-1,-1
497,1513,1148.70,330.42,61.04,147.51,1,1,-1,-1
498,1521,660.98,339.69,38.17,106.81,1,1,-1,-1
498,1518,712.76,347.27,24.00,65.00,1,1,-1,-1
498,1515,1264.76,293.28,80.89,280.66,1,1,-1,-1
498,1513,1149.02,332.39,60.80,146.93,1,1,-1,-1
499,1524,822.92,315.34,57.89,173.44,1,1,-1,-1
499,1513,1150.51,336.44,60.60,146.18,1,1,-1,-1
499,1506,359.99,329.13,64.04,249.71,1,1,-1,-1
500,1513,1150.21,336.57,60.10,145.15,1,1,-1,-1
500,1506,357.32,327.89,64.26,251.54,1,1,-1,-1
501,1529,330.88,330.33,27.12,77.47,1,1,-1,-1
501,1513,1143.65,325.58,53.23,126.44,1,1,-1,-1
502,1529,330.89,329.08,27.13,77.76,1,1,-1,-1
502,1513,1147.86,332.09,54.72,131.04,1,1,-1,-1
503,1513,1148.58,331.88,55.70,134.18,1,1,-1,-1
504,1539,299.88,337.25,27.19,66.36,1,1,-1,-1
504,1513,1148.68,330.17,56.38,136.68,1,1,-1,-1
506,1544,49.55,190.91,394.66,765.01,1,1,-1,-1
506,1536,325.00,324.10,43.00,106.00,1,1,-1,-1
508,1542,1153.98,327.02,36.29,90.40,1,1,-1,-1
509,1550,726.96,330.99,24.77,67.54,1,1,-1,-1
510,1562,1303.11,276.27,84.89,292.57,1,1,-1,-1
510,1550,730.03,329.06,24.74,67.35,1,1,-1,-1
511,1562,1307.22,273.76,85.69,294.60,1,1,-1,-1
512,1562,1311.27,271.56,86.57,296.74,1,1,-1,-1
512,1542,1167.30,317.12,50.07,122.35,1,1,-1,-1
513,1562,1315.30,269.45,87.49,298.88,1,1,-1,-1
513,1542,1174.16,315.29,44.58,113.68,1,1,-1,-1
514,1575,699.95,323.00,38.00,108.00,1,1,-1,-1
514,1569,1040.00,321.00,28.00,65.00,1,1,-1,-1
514,1562,1319.85,267.56,88.07,300.68,1,1,-1,-1
514,1542,1174.28,315.65,51.18,129.06,1,1,-1,-1
515,1577,834.80,295.53,60.24,177.70,1,1,-1,-1
515,1562,1321.90,266.93,88.41,302.01,1,1,-1,-1
515,1551,759.91,326.97,22.00,63.00,1,1,-1,-1
515,1542,1170.66,310.39,51.42,121.06,1,1,-1,-1
516,1580,295.15,313.91,27.85,80.18,1,1,-1,-1
516,1577,835.03,294.41,60.16,177.18,1,1,-1,-1
516,1576,21.12,232.26,325.77,675.42,1,1,-1,-1
516,1551,761.90,325.95,22.00,63.00,1,1,-1,-1
517,1577,835.83,293.47,60.12,176.86,1,1,-1,-1
517,1551,763.24,324.95,22.00,63.00,1,1,-1,-1
518,1584,1333.87,258.37,86.61,323.89,1,1,-1,-1
518,1581,320.73,294.57,42.40,113.86,1,1,-1,-1
518,1577,836.79,292.56,60.10,176.65,1,1,-1,-1
518,1575,707.98,315.00,38.00,108.00,1,1,-1,-1
519,1585,1170.91,314.07,40.88,94.10,1,1,-1,-1
519,1584,1327.75,264.74,85.87,313.97,1,1,-1,-1
519,1582,1092.84,322.99,19.37,51.56,1,1,-1,-1
519,1577,842.08,275.31,67.55,198.70,1,1,-1,-1
519,1575,709.99,313.00,38.00,108.00,1,1,-1,-1
519,1542,1177.51,303.99,58.87,139.56,1,1,-1,-1
520,1585,1185.79,323.02,33.32,78.65,1,1,-1,-1
520,1584,1327.56,268.39,85.30,308.99,1,1,-1,-1
520,1580,284.09,310.01,28.06,81.06,1,1,-1,-1
520,1577,839.27,281.22,65.14,191.47,1,1,-1,-1
520,1575,711.99,311.00,38.00,108.00,1,1,-1,-1
521,1585,1180.87,321.81,35.41,82.76,1,1,-1,-1
521,1584,1328.79,270.63,85.47,306.63,1,1,-1,-1
521,1580,281.25,308.86,28.43,81.36,1,1,-1,-1
521,1575,713.99,309.67,38.00,108.00,1,1,-1,-1
522,1584,1330.65,272.10,85.38,305.73,1,1,-1,-1
523,1584,1332.87,272.78,85.41,305.71,1,1,-1,-1
524,1599,1066.45,323.18,21.72,54.36,1,1,-1,-1
524,1584,1335.16,273.75,85.50,306.20,1,1,-1,-1
526,1602,824.76,289.92,59.93,175.48,1,1,-1,-1
526,1590,1035.08,318.32,28.00,65.00,1,1,-1,-1
527,1607,757.15,321.26,22.00,63.00,1,1,-1,-1
527,1590,1031.39,317.56,28.03,65.35,1,1,-1,-1
528,1608,241.07,304.50,28.76,81.89,1,1,-1,-1
528,1603,1154.83,302.29,58.64,143.82,1,1,-1,-1
529,1608,234.67,304.32,28.54,82.23,1,1,-1,-1
529,1603,1148.47,299.18,61.99,151.43,1,1,-1,-1
533,1620,1321.16,253.86,93.73,328.29,1,1,-1,-1
533,1618,686.12,308.48,40.72,107.29,1,1,-1,-1
534,1618,683.86,309.34,40.78,107.74,1,1,-1,-1
534,1605,226.06,297.52,38.81,108.71,1,1,-1,-1
535,1608,210.93,290.37,30.28,90.29,1,1,-1,-1
535,1601,189.36,299.44,102.65,270.38,1,1,-1,-1
536,1626,1001.71,303.54,22.88,58.62,1,1,-1,-1
536,1601,178.35,292.70,105.33,279.35,1,1,-1,-1
537,1626,1001.25,305.68,24.93,64.09,1,1,-1,-1
537,1621,1363.20,226.85,99.48,393.69,1,1,-1,-1
538,1621,1367.48,221.99,103.84,400.56,1,1,-1,-1
539,1621,1372.77,216.25,110.11,407.60,1,1,-1,-1
540,1621,1373.22,213.08,111.88,409.61,1,1,-1,-1
542,1640,638.09,295.98,20.00,41.00,1,1,-1,-1
542,1638,1126.10,288.64,52.89,137.28,1,1,-1,-1
543,1640,637.07,293.16,20.00,41.00,1,1,-1,-1
543,1638,1123.71,286.16,54.50,139.99,1,1,-1,-1
545,1649,1339.44,216.12,100.02,373.49,1,1,-1,-1
546,1652,643.96,290.76,20.00,46.00,1,1,-1,-1
546,1649,1362.88,173.24,131.42,496.76,1,1,-1,-1
546,1643,1030.51,288.47,22.09,57.77,1,1,-1,-1
547,1652,644.13,291.59,20.46,46.37,1,1,-1,-1
547,1648,999.33,288.68,27.68,70.90,1,1,-1,-1
547,1641,663.92,295.91,18.72,38.32,1,1,-1,-1
548,1652,644.71,292.73,20.29,46.17,1,1,-1,-1
548,1650,1159.26,274.27,54.75,119.47,1,1,-1,-1
548,1621,1363.51,203.22,106.07,404.66,1,1,-1,-1
549,1652,644.92,293.81,20.19,46.08,1,1,-1,-1
549,1650,1158.81,273.94,56.40,119.90,1,1,-1,-1
549,1647,207.99,292.97,31.83,85.66,1,1,-1,-1
549,1621,1356.76,208.41,103.37,393.46,1,1,-1,-1
550,1650,1158.59,273.84,57.76,120.06,1,1,-1,-1
550,1647,205.43,294.21,32.27,85.46,1,1,-1,-1
551,1655,677.08,301.91,18.83,35.06,1,1,-1,-1
551,1647,203.17,295.35,32.57,85.28,1,1,-1,-1
554,1673,831.00,275.61,55.05,165.20,1,1,-1,-1
554,1671,690.10,291.16,40.07,113.00,1,1,-1,-1
555,1676,1032.70,291.10,20.08,55.46,1,1,-1,-1
556,1682,1376.37,215.55,104.11,391.65,1,1,-1,-1
556,1679,629.91,295.62,20.23,42.62,1,1,-1,-1
556,1678,1107.77,276.44,60.74,145.07,1,1,-1,-1
556,1676,1031.96,290.04,20.04,55.57,1,1,-1,-1
556,1675,584.92,293.09,24.93,50.26,1,1,-1,-1
556,1641,659.42,299.33,20.11,38.93,1,1,-1,-1
557,1682,1413.93,196.58,116.64,438.29,1,1,-1,-1
557,1679,628.25,294.75,20.53,42.57,1,1,-1,-1
557,1676,1031.78,289.02,20.01,55.66,1,1,-1,-1
557,1641,657.62,298.59,20.15,39.37,1,1,-1,-1
558,1685,102.00,276.85,44.00,129.00,1,1,-1,-1
558,1682,1436.71,183.14,136.39,478.76,1,1,-1,-1
558,1676,1031.04,288.01,20.00,55.73,1,1,-1,-1
559,1688,726.87,301.44,22.00,62.55,1,1,-1,-1
559,1685,98.39,277.07,45.90,131.32,1,1,-1,-1
559,1682,1453.83,175.94,160.65,508.84,1,1,-1,-1
559,1676,1030.82,287.01,19.99,55.78,1,1,-1,-1
560,1688,726.85,304.51,22.02,62.46,1,1,-1,-1
560,1680,989.91,289.62,29.47,68.13,1,1,-1,-1
561,1688,726.86,306.86,22.04,62.38,1,1,-1,-1
561,1680,989.75,290.80,29.60,68.33,1,1,-1,-1
562,1703,1434.97,193.63,127.53,463.71,1,1,-1,-1
562,1691,639.97,301.90,21.00,45.00,1,1,-1,-1
562,1687,603.61,306.13,20.87,50.50,1,1,-1,-1
562,1680,989.72,292.55,29.68,68.46,1,1,-1,-1
563,1703,1454.67,191.72,129.03,480.10,1,1,-1,-1
563,1697,112.12,297.83,34.08,93.80,1,1,-1,-1
563,1691,640.98,304.92,21.00,45.00,1,1,-1,-1
563,1676,1034.12,298.95,19.98,55.88,1,1,-1,-1
563,1641,659.42,302.86,20.93,40.28,1,1,-1,-1
564,1707,1180.90,286.25,60.65,121.23,1,1,-1,-1
565,1707,1185.64,286.33,60.97,121.88,1,1,-1,-1
565,1699,592.09,312.64,25.15,50.20,1,1,-1,-1
566,1707,1190.59,286.24,61.11,122.18,1,1,-1,-1
566,1699,596.95,313.75,25.12,50.17,1,1,-1,-1
567,1712,640.93,308.31,22.10,43.16,1,1,-1,-1
567,1709,71.79,287.95,76.66,142.01,1,1,-1,-1
567,1707,1195.61,286.87,61.17,122.32,1,1,-1,-1
568,1717,1078.89,301.89,24.00,57.00,1,1,-1,-1
568,1712,644.70,306.38,22.20,43.66,1,1,-1,-1
568,1710,751.53,280.49,62.12,173.94,1,1,-1,-1
568,1709,68.74,289.75,80.30,143.14,1,1,-1,-1
568,1707,1201.14,286.08,60.92,122.92,1,1,-1,-1
569,1710,755.33,280.42,62.11,174.01,1,1,-1,-1
569,1707,1207.42,285.32,60.06,123.32,1,1,-1,-1
570,1722,630.41,310.11,21.00,49.00,1,1,-1,-1
570,1715,1024.40,301.00,33.85,70.73,1,1,-1,-1
571,1722,632.40,309.29,21.07,49.46,1,1,-1,-1
571,1715,1029.91,296.92,37.10,78.15,1,1,-1,-1
572,1722,634.34,308.26,21.09,49.71,1,1,-1,-1
573,1729,689.47,306.62,20.10,40.74,1,1,-1,-1
573,1728,170.64,301.50,39.48,99.61,1,1,-1,-1
573,1726,1538.94,166.99,142.99,552.65,1,1,-1,-1
573,1721,1069.18,295.96,22.81,59.58,1,1,-1,-1
574,1729,690.55,307.50,20.10,40.87,1,1,-1,-1
574,1728,169.41,301.24,39.75,100.32,1,1,-1,-1
575,1740,658.13,304.75,21.00,44.59,1,1,-1,-1
575,1739,118.05,299.82,36.51,100.60,1,1,-1,-1
575,1729,691.51,308.51,20.10,40.96,1,1,-1,-1
575,1728,167.74,300.96,40.28,100.96,1,1,-1,-1
576,1729,691.76,310.23,20.09,41.01,1,1,-1,-1
576,1712,669.39,301.37,24.78,52.83,1,1,-1,-1
577,1729,691.77,312.21,20.08,41.04,1,1,-1,-1
577,1707,1235.71,290.61,60.91,133.51,1,1,-1,-1
578,1750,1140.54,292.72,58.28,143.55,1,1,-1,-1
578,1745,1487.91,207.28,131.99,479.25,1,1,-1,-1
578,1729,691.71,314.93,20.07,41.05,1,1,-1,-1
580,1749,1100.87,318.89,24.00,57.00,1,1,-1,-1
581,1749,1099.02,319.04,24.00,57.00,1,1,-1,-1
581,1740,677.95,312.79,21.51,44.93,1,1,-1,-1
582,1760,734.41,308.26,44.00,111.00,1,1,-1,-1
582,1752,757.81,286.18,61.88,174.04,1,1,-1,-1
582,1749,1096.26,318.27,24.00,57.00,1,1,-1,-1
583,1762,605.08,311.16,25.06,52.67,1,1,-1,-1
583,1755,627.06,314.41,22.31,50.06,1,1,-1,-1
583,1752,753.16,286.98,61.89,173.96,1,1,-1,-1
584,1755,624.96,313.30,22.14,49.84,1,1,-1,-1
584,1752,748.03,287.24,61.90,173.92,1,1,-1,-1
585,1740,678.27,317.83,18.75,37.66,1,1,-1,-1
586,1772,638.40,312.10,21.60,45.73,1,1,-1,-1
586,1749,1087.13,315.54,24.00,57.00,1,1,-1,-1
587,1775,1132.85,303.12,60.14,147.41,1,1,-1,-1
587,1762,595.72,311.22,25.19,54.04,1,1,-1,-1
587,1749,1087.29,318.03,24.00,57.00,1,1,-1,-1
587,1745,1522.40,194.89,161.09,568.19,1,1,-1,-1
588,1771,1624.23,173.40,163.42,647.53,1,1,-1,-1
588,1762,595.78,311.88,25.20,54.45,1,1,-1,-1
589,1781,650.02,312.98,22.88,48.16,1,1,-1,-1
589,1771,1632.57,172.85,167.91,658.81,1,1,-1,-1
589,1762,596.58,313.41,25.20,54.71,1,1,-1,-1
589,1760,736.91,297.94,59.07,157.89,1,1,-1,-1
589,1740,690.40,318.26,20.94,40.66,1,1,-1,-1
590,1772,635.02,320.19,22.47,46.27,1,1,-1,-1
590,1771,1640.92,172.39,172.60,670.06,1,1,-1,-1
591,1782,1245.43,303.66,68.97,152.30,1,1,-1,-1
591,1777,95.23,304.33,39.21,107.39,1,1,-1,-1
591,1772,635.41,321.48,22.30,46.39,1,1,-1,-1
592,1785,46.58,304.83,38.07,109.00,1,1,-1,-1
592,1777,93.18,306.20,38.34,107.41,1,1,-1,-1
592,1774,1066.89,325.89,24.00,62.00,1,1,-1,-1
593,1789,828.71,308.68,56.92,165.47,1,1,-1,-1
593,1785,43.60,307.60,38.06,109.02,1,1,-1,-1
594,1793,1565.34,214.01,170.28,571.78,1,1,-1,-1
594,1785,41.26,310.59,38.05,109.04,1,1,-1,-1
595,1793,1575.45,214.04,173.65,580.51,1,1,-1,-1
595,1792,1127.14,314.17,60.95,144.35,1,1,-1,-1
595,1772,637.50,325.35,22.30,46.76,1,1,-1,-1
596,1798,742.04,312.07,58.58,158.16,1,1,-1,-1
596,1793,1586.68,214.31,177.67,589.72,1,1,-1,-1
597,1798,740.97,306.07,62.73,171.89,1,1,-1,-1
597,1789,829.31,322.91,56.52,161.64,1,1,-1,-1
598,1798,742.33,304.82,64.55,178.65,1,1,-1,-1
598,1762,605.38,328.45,25.17,56.48,1,1,-1,-1
599,1800,628.93,337.62,22.11,50.25,1,1,-1,-1
599,1762,607.08,331.93,25.16,56.71,1,1,-1,-1
602,1808,1797.52,184.28,207.90,771.76,1,1,-1,-1
603,1800,636.83,354.04,22.68,49.86,1,1,-1,-1
603,1785,22.57,337.32,39.20,109.78,1,1,-1,-1
604,1818,1046.01,348.97,30.87,69.06,1,1,-1,-1
604,1800,639.51,358.88,22.81,49.72,1,1,-1,-1
604,1798,749.97,313.85,65.05,184.17,1,1,-1,-1
604,1785,19.85,341.27,39.81,110.16,1,1,-1,-1
605,1822,688.04,355.89,20.00,41.00,1,1,-1,-1
605,1818,1049.06,353.03,30.76,68.72,1,1,-1,-1
605,1814,67.32,339.97,55.04,115.06,1,1,-1,-1
605,1800,641.09,360.58,22.91,49.61,1,1,-1,-1
606,1822,690.81,359.88,20.00,41.00,1,1,-1,-1
606,1818,1050.02,354.72,31.15,68.88,1,1,-1,-1
606,1814,64.37,341.09,55.27,114.97,1,1,-1,-1
606,1789,832.70,343.31,55.95,159.87,1,1,-1,-1
607,1818,1050.29,355.86,31.85,69.59,1,1,-1,-1
607,1814,61.05,342.15,55.04,114.68,1,1,-1,-1
608,1818,1050.71,355.47,31.90,69.74,1,1,-1,-1
609,1800,654.61,359.13,23.27,47.11,1,1,-1,-1
610,1835,4.66,351.86,48.78,111.33,1,1,-1,-1
611,1841,713.09,355.81,22.25,43.08,1,1,-1,-1
611,1839,621.09,353.98,24.91,56.00,1,1,-1,-1
612,1839,621.85,353.00,24.93,55.98,1,1,-1,-1
612,1836,739.85,359.00,29.00,57.00,1,1,-1,-1
613,1836,741.08,359.00,29.00,57.00,1,1,-1,-1
614,1833,1334.78,324.46,75.48,175.41,1,1,-1,-1
616,1852,659.66,359.74,23.00,49.40,1,1,-1,-1
617,1849,46.21,349.40,46.86,115.20,1,1,-1,-1
618,1849,47.85,349.57,45.67,115.06,1,1,-1,-1
619,1849,49.09,349.84,44.60,115.26,1,1,-1,-1
620,1866,760.96,358.36,29.07,57.47,1,1,-1,-1
620,1854,690.84,350.40,24.77,53.49,1,1,-1,-1
620,1852,673.57,359.70,23.77,50.45,1,1,-1,-1
620,1849,50.36,349.81,43.90,115.57,1,1,-1,-1
621,1866,763.95,358.12,29.10,57.72,1,1,-1,-1
621,1854,697.28,351.62,23.86,52.26,1,1,-1,-1
621,1849,51.90,350.05,42.79,115.82,1,1,-1,-1
622,1875,743.11,357.85,22.00,42.00,1,1,-1,-1
622,1873,1167.99,353.15,29.16,62.67,1,1,-1,-1
622,1866,766.95,358.02,29.10,57.87,1,1,-1,-1
622,1854,701.71,352.23,23.27,51.47,1,1,-1,-1
623,1877,1189.06,343.80,57.86,136.09,1,1,-1,-1
623,1854,705.33,352.57,22.86,50.95,1,1,-1,-1
624,1877,1170.72,345.45,67.48,160.00,1,1,-1,-1
624,1854,709.30,353.43,22.59,50.60,1,1,-1,-1
625,1883,1409.10,324.30,70.73,163.04,1,1,-1,-1
625,1854,711.38,353.80,22.39,50.36,1,1,-1,-1
626,1881,807.44,326.02,62.06,181.00,1,1,-1,-1
627,1885,668.82,360.65,25.35,56.46,1,1,-1,-1
627,1881,809.10,328.75,62.06,181.03,1,1,-1,-1
628,1885,671.16,361.94,25.69,56.94,1,1,-1,-1
628,1881,811.01,333.15,62.01,180.65,1,1,-1,-1
628,1876,1111.65,355.34,30.89,69.05,1,1,-1,-1
629,1881,813.69,338.22,61.99,180.41,1,1,-1,-1
629,1876,1112.95,356.35,30.95,69.38,1,1,-1,-1
630,1888,-9.71,361.26,45.41,119.28,1,1,-1,-1
630,1881,815.24,339.29,61.98,180.25,1,1,-1,-1
630,1875,759.17,363.83,22.00,42.00,1,1,-1,-1
631,1881,816.40,338.93,61.97,180.15,1,1,-1,-1
631,1875,761.08,365.52,22.00,42.00,1,1,-1,-1
632,1885,677.42,364.50,25.68,57.13,1,1,-1,-1
632,1881,817.41,338.07,61.97,180.09,1,1,-1,-1
633,1885,677.63,364.45,25.47,57.06,1,1,-1,-1
633,1881,818.39,337.03,61.97,180.04,1,1,-1,-1
634,1890,755.80,362.33,21.13,41.80,1,1,-1,-1
634,1885,678.34,364.40,25.33,57.02,1,1,-1,-1
634,1881,817.52,334.54,62.29,180.16,1,1,-1,-1
636,1897,1199.38,352.70,28.48,68.05,1,1,-1,-1
636,1889,695.76,362.43,22.17,52.99,1,1,-1,-1
637,1889,694.14,359.26,22.53,53.30,1,1,-1,-1
638,1889,692.80,356.07,22.77,53.48,1,1,-1,-1
639,1909,1198.93,332.87,55.92,142.00,1,1,-1,-1
639,1908,781.62,352.03,30.52,56.41,1,1,-1,-1
639,1889,691.60,353.56,22.93,53.57,1,1,-1,-1
640,1909,1197.13,331.09,55.94,141.98,1,1,-1,-1
640,1889,690.47,351.98,23.04,53.62,1,1,-1,-1
641,1915,808.15,317.55,62.70,175.64,1,1,-1,-1
641,1909,1195.90,329.88,55.95,141.96,1,1,-1,-1
642,1909,1196.28,330.27,55.96,141.96,1,1,-1,-1
642,1890,758.04,350.41,22.10,42.39,1,1,-1,-1
643,1909,1197.86,331.16,55.96,141.95,1,1,-1,-1
643,1890,759.64,351.06,22.12,42.37,1,1,-1,-1
645,1917,712.81,344.74,23.96,53.51,1,1,-1,-1
645,1915,813.50,320.78,63.79,179.11,1,1,-1,-1
646,1917,715.72,343.65,24.40,53.67,1,1,-1,-1
646,1915,818.18,319.67,63.97,179.68,1,1,-1,-1
646,1889,694.60,350.30,23.93,52.63,1,1,-1,-1
647,1917,719.30,343.40,24.32,53.55,1,1,-1,-1
647,1915,824.57,318.00,64.09,180.36,1,1,-1,-1
647,1889,699.06,349.98,24.35,53.27,1,1,-1,-1
653,1940,788.00,346.00,22.00,42.00,1,1,-1,-1
653,1889,722.98,343.94,25.11,53.91,1,1,-1,-1
654,1940,792.00,345.00,22.00,42.00,1,1,-1,-1
