1,2,238,648,82,107,1,1,1,0
1,4,377,553,49,90,1,1,0,0
1,5,371,565,47,65,1,2,0,1
1,6,631,475,122,181,1,10,0,0
1,7,625,417,91,120,1,10,0,1
1,8,1176,388,110,122,1,10,0,1
1,9,697,288,43,132,1,1,0,0
1,10,764,284,43,114,1,1,0,0
1,14,1189,361,85,119,1,2,0,1
1,15,1202,373,47,90,1,2,0,1
1,16,1093,236,41,97,1,1,0,1
1,17,1063,228,42,104,1,1,0,1
1,18,650,235,37,66,1,2,0,0
1,19,660,233,43,49,1,10,0,1
1,20,805,163,32,75,1,1,0,0
1,21,588,190,26,47,1,1,0,0
1,22,569,183,24,27,1,2,0,0
1,23,677,151,17,60,1,1,0,1
1,25,739,148,19,59,1,1,0,0
1,26,722,162,18,40,1,1,0,1
2,2,226,668,82,87,1,1,1,0
2,4,378,567,49,88,1,1,0,0
2,5,364,579,47,63,1,2,0,1
2,6,632,491,124,180,1,10,0,0
2,7,624,428,93,123,1,10,0,1
2,8,1176,390,109,123,1,10,0,1
2,9,698,291,46,135,1,1,0,0
2,10,766,291,42,117,1,1,0,0
2,14,1189,365,84,117,1,2,0,1
2,15,1201,376,47,90,1,2,0,1
2,16,1099,241,42,98,1,1,0,1
2,17,1068,233,43,105,1,1,0,1
2,18,650,239,37,65,1,2,0,0
2,19,660,236,43,49,1,10,0,1
2,20,806,165,32,76,1,1,0,0
2,21,587,191,26,47,1,1,0,0
2,22,569,184,24,27,1,2,0,0
2,23,677,153,17,60,1,1,0,1
2,25,740,149,19,59,1,1,0,0
2,26,723,163,18,40,1,1,0,1
3,2,215,688,82,67,1,1,1,0
3,4,370,583,50,86,1,1,0,0
3,5,358,593,47,62,1,2,0,1
3,6,633,507,127,180,1,10,0,0
3,7,623,439,95,127,1,10,0,1
3,8,1176,392,109,124,1,10,0,1
3,9,698,298,49,138,1,1,0,0
3,10,768,298,41,120,1,1,0,0
3,14,1189,369,84,116,1,2,0,1
3,15,1200,380,47,90,1,2,0,1
3,16,1106,246,42,99,1,1,0,1
3,17,1074,238,43,106,1,1,0,1
3,18,650,243,37,64,1,2,0,0
3,19,660,240,43,48,1,10,0,1
3,20,808,168,32,77,1,1,0,0
3,21,586,192,27,47,1,1,0,0
3,22,569,185,24,27,1,2,0,0
3,23,677,155,18,60,1,1,0,1
3,25,741,151,19,59,1,1,0,0
3,26,725,164,18,40,1,1,0,1
4,2,203,708,82,47,1,1,1,0
4,4,362,600,51,84,1,1,0,0
4,5,351,607,47,60,1,2,0,1
4,6,634,523,129,180,1,10,0,0
4,7,622,451,97,130,1,10,0,1
4,8,1176,394,109,125,1,10,0,1
4,9,699,306,51,140,1,1,0,0
4,10,770,305,40,123,1,1,0,0
4,14,1189,373,84,115,1,2,0,1
4,15,1200,384,47,90,1,2,0,1
4,16,1113,251,42,100,1,1,0,1
4,17,1079,243,45,108,1,1,0,1
4,18,650,247,37,64,1,2,0,0
4,19,660,243,43,49,1,10,0,1
4,20,810,171,32,77,1,1,0,0
4,21,586,194,27,47,1,1,0,0
4,22,569,186,24,28,1,2,0,0
4,23,678,157,18,60,1,1,0,1
4,25,742,152,19,60,1,1,0,0
4,26,726,165,18,40,1,1,0,1
5,2,192,728,82,27,1,1,1,0
5,4,355,617,52,82,1,1,0,0
5,5,345,621,47,59,1,2,0,1
5,6,636,540,131,179,1,10,0,0
5,7,621,462,100,133,1,10,0,1
5,8,1177,396,108,127,1,10,0,1
5,9,699,313,54,143,1,1,0,0
5,10,773,309,40,124,1,1,0,0
5,14,1189,377,84,114,1,2,0,1
5,15,1199,387,47,90,1,2,0,1
5,16,1119,256,43,101,1,1,0,1
5,17,1085,248,45,109,1,1,0,1
5,18,650,251,37,63,1,2,0,0
5,19,661,247,43,48,1,10,0,1
5,20,812,174,32,78,1,1,0,0
5,21,586,196,27,47,1,1,0,0
5,22,568,188,24,28,1,2,0,0
5,23,678,159,18,61,1,1,0,1
5,25,743,154,20,60,1,1,0,0
5,26,728,166,18,40,1,1,0,1
6,4,348,637,52,86,1,1,0,0
6,5,338,637,47,58,1,2,0,1
6,6,634,555,133,173,1,10,0,0
6,7,620,474,102,136,1,10,0,1
6,8,1177,402,108,126,1,10,0,1
6,9,700,321,56,145,1,1,0,0
6,10,774,315,41,127,1,1,0,0
6,14,1189,382,83,112,1,2,0,1
6,15,1198,391,47,90,1,2,0,1
6,16,1126,261,43,102,1,1,0,1
6,17,1090,253,46,110,1,1,0,1
6,18,650,255,38,63,1,2,0,0
6,19,661,251,43,47,1,10,0,1
6,20,814,177,32,79,1,1,0,0
6,21,586,198,27,47,1,1,0,0
6,22,568,190,23,29,1,2,0,0
6,23,678,161,18,62,1,1,0,1
6,25,743,155,20,61,1,1,0,0
6,26,728,168,18,40,1,1,0,1
7,4,342,657,52,91,1,1,0,0
7,5,332,653,46,57,1,2,0,1
7,6,632,571,136,166,1,10,0,0
7,7,619,485,104,140,1,10,0,1
7,8,1178,409,107,124,1,10,0,1
7,9,701,329,58,147,1,1,0,0
7,10,775,322,43,129,1,1,0,0
7,14,1189,386,83,111,1,2,0,1
7,15,1198,395,47,90,1,2,0,1
7,16,1133,267,43,103,1,1,0,1
7,17,1096,259,47,111,1,1,0,1
7,18,650,259,38,63,1,2,0,0
7,19,661,254,43,48,1,10,0,1
7,20,816,180,31,79,1,1,0,0
7,21,586,200,28,47,1,1,0,0
7,22,567,192,24,29,1,2,0,0
7,23,678,163,18,63,1,1,0,1
7,25,743,157,20,61,1,1,0,0
7,26,729,171,18,40,1,1,0,1
8,4,337,679,53,76,1,1,1,0
8,5,325,670,47,55,1,2,0,1
8,6,630,586,139,160,1,10,0,0
8,7,618,496,107,143,1,10,0,1
8,8,1178,416,108,122,1,10,0,1
8,9,702,338,58,150,1,1,0,0
8,10,777,329,44,131,1,1,0,0
8,14,1189,390,83,110,1,2,0,1
8,15,1197,398,47,90,1,2,0,1
8,16,1142,274,43,104,1,1,0,1
8,17,1103,266,48,113,1,1,0,1
8,18,650,263,38,63,1,2,0,0
8,19,661,258,43,47,1,10,0,1
8,20,818,183,31,80,1,1,0,0
8,21,585,202,28,49,1,1,0,0
8,22,567,194,23,30,1,2,0,0
8,23,678,165,18,63,1,1,0,1
8,25,744,159,20,61,1,1,0,0
8,26,730,173,18,40,1,1,0,1
9,4,331,697,53,58,1,1,1,0
9,5,319,686,46,54,1,2,0,1
9,6,629,602,141,153,1,10,1,0
9,7,617,508,109,146,1,10,0,1
9,8,1179,423,107,120,1,10,0,1
9,9,703,347,58,153,1,1,0,0
9,10,780,339,45,132,1,1,0,0
9,14,1189,394,83,109,1,2,0,1
9,15,1196,402,47,90,1,2,0,1
9,16,1152,282,43,104,1,1,0,1
9,17,1111,273,48,115,1,1,0,1
9,18,650,268,39,63,1,2,0,0
9,19,662,262,43,47,1,10,0,1
9,20,819,185,32,81,1,1,0,0
9,21,585,204,27,51,1,1,0,0
9,22,567,196,23,31,1,2,0,0
9,23,678,167,18,63,1,1,0,1
9,25,744,161,20,61,1,1,0,0
9,26,731,176,18,40,1,1,0,1
10,4,325,715,53,40,1,1,1,0
10,6,628,626,141,129,1,10,1,0
10,7,616,519,111,150,1,10,0,1
10,8,1180,430,107,118,1,10,0,1
10,9,704,357,59,155,1,1,0,0
10,10,783,349,46,134,1,1,0,0
10,14,1189,399,83,107,1,2,0,1
10,15,1196,406,47,90,1,2,0,1
10,16,1162,289,43,105,1,1,0,1
10,17,1118,281,49,116,1,1,0,1
10,18,650,272,39,64,1,2,0,0
10,19,662,266,43,47,1,10,0,1
10,20,821,188,32,82,1,1,0,0
10,21,586,205,27,51,1,1,0,0
10,22,567,197,23,31,1,2,0,0
10,23,678,169,18,63,1,1,0,1
10,25,744,163,21,61,1,1,0,0
10,26,732,178,18,40,1,1,0,1
11,4,319,733,53,22,1,1,1,0
11,6,628,651,141,104,1,10,1,0
11,7,615,531,114,153,1,10,0,1
11,8,1180,434,106,118,1,10,0,1
11,9,705,368,55,156,1,1,0,0
11,10,786,359,47,136,1,1,0,0
11,14,1189,400,84,113,1,2,0,1
11,15,1196,409,47,90,1,2,0,1
11,16,1171,297,44,105,1,1,0,1
11,17,1126,288,50,119,1,1,0,1
11,18,650,277,39,65,1,2,0,0
11,19,663,270,43,47,1,10,0,1
11,20,823,191,32,83,1,1,0,0
11,21,587,207,28,51,1,1,0,0
11,22,568,199,23,31,1,2,0,0
11,23,678,171,18,63,1,1,0,1
11,25,745,165,20,61,1,1,0,0
11,26,733,181,18,40,1,1,0,1
12,6,628,676,141,79,1,10,1,0
12,7,614,549,116,149,1,10,0,1
12,8,1181,438,105,118,1,10,0,1
12,9,706,379,51,158,1,1,0,0
12,10,789,369,48,138,1,1,0,0
12,14,1190,402,85,119,1,2,0,1
12,15,1196,413,47,90,1,2,0,1
12,16,1181,305,44,105,1,1,0,1
12,17,1133,295,51,121,1,1,0,1
12,18,650,282,39,65,1,2,0,0
12,19,663,274,43,47,1,10,0,1
12,20,825,194,31,83,1,1,0,0
12,21,587,209,29,52,1,1,0,0
12,22,566,201,23,31,1,2,0,0
12,23,679,173,18,63,1,1,0,1
12,25,745,167,21,61,1,1,0,0
12,26,734,183,18,40,1,1,0,1
13,6,627,701,141,54,1,10,1,0
13,7,613,567,119,145,1,10,0,1
13,8,1182,442,103,118,1,10,0,1
13,9,705,390,53,160,1,1,0,0
13,10,793,379,49,140,1,1,0,0
13,14,1190,411,84,111,1,2,0,1
13,15,1196,417,47,90,1,2,0,1
13,16,1191,312,44,106,1,1,0,1
13,17,1141,303,51,122,1,1,0,1
13,18,650,287,39,66,1,2,0,0
13,19,664,278,43,47,1,10,0,1
13,20,827,197,31,84,1,1,0,0
13,21,588,211,29,53,1,1,0,0
13,22,564,203,23,31,1,2,0,0
13,23,679,175,18,63,1,1,0,1
13,25,745,169,21,61,1,1,0,0
13,26,735,186,18,40,1,1,0,1
14,6,627,726,141,29,1,10,1,0
14,7,613,585,121,141,1,10,0,1
14,8,1182,446,103,118,1,10,0,1
14,9,705,401,54,162,1,1,0,0
14,10,797,389,50,143,1,1,0,0
14,14,1190,415,84,110,1,2,0,1
14,15,1196,420,47,90,1,2,0,1
14,16,1200,320,45,106,1,1,0,1
14,17,1148,310,52,124,1,1,0,1
14,18,650,292,39,67,1,2,0,0
14,19,665,282,43,47,1,10,0,1
14,20,829,200,31,84,1,1,0,0
14,21,589,214,30,54,1,1,0,0
14,22,563,206,23,31,1,2,0,0
14,23,679,177,18,64,1,1,0,1
14,25,746,171,21,62,1,1,0,0
14,26,736,189,18,40,1,1,0,1
15,7,612,603,124,137,1,10,0,1
15,8,1183,450,101,118,1,10,0,1
15,9,704,412,56,164,1,1,0,0
15,10,801,399,51,145,1,1,0,0
15,14,1191,419,83,109,1,2,0,1
15,15,1197,424,47,90,1,2,0,1
15,16,1210,327,45,107,1,1,0,1
15,17,1156,318,53,126,1,1,0,0
15,18,649,296,40,69,1,2,0,0
15,19,665,286,43,47,1,10,0,1
15,20,831,203,31,85,1,1,0,0
15,21,588,218,31,55,1,1,0,0
15,22,564,207,23,32,1,2,0,0
15,23,679,179,18,64,1,1,0,1
15,25,746,174,21,62,1,1,0,0
15,26,736,192,17,39,1,1,0,1
16,8,1184,455,100,118,1,10,0,1
16,9,704,424,57,166,1,1,0,0
16,10,805,410,52,147,1,1,0,0
16,14,1192,423,82,109,1,2,0,1
16,15,1197,428,47,90,1,2,0,1
16,16,1220,335,45,107,1,1,0,1
16,17,1165,324,54,126,1,1,0,0
16,18,649,300,40,71,1,2,0,0
16,19,666,290,43,47,1,10,0,1
16,20,833,206,31,86,1,1,0,0
16,21,588,223,31,56,1,1,0,0
16,22,565,209,23,32,1,2,0,0
16,23,679,182,19,64,1,1,0,1
16,25,746,177,21,63,1,1,0,0
16,26,736,195,17,39,1,1,0,1
17,8,1182,459,100,118,1,10,0,1
17,9,703,435,59,176,1,1,0,0
17,10,807,422,53,149,1,1,0,0
17,14,1193,427,81,108,1,2,0,1
17,15,1197,431,47,90,1,2,0,1
17,16,1230,343,45,108,1,1,0,1
17,17,1175,331,55,126,1,1,0,0
17,18,648,305,40,71,1,2,0,0
17,19,667,295,43,47,1,10,0,1
17,20,835,208,31,89,1,1,0,0
17,21,587,226,31,57,1,1,0,0
17,22,563,211,23,33,1,2,0,0
17,23,678,184,19,64,1,1,0,1
17,25,746,180,21,63,1,1,0,0
17,26,736,198,16,39,1,1,0,1
18,8,1180,463,100,118,1,10,0,1
18,9,703,447,62,181,1,1,0,0
18,10,809,435,55,150,1,1,0,0
18,14,1194,431,80,107,1,2,0,1
18,15,1197,435,47,90,1,2,0,1
18,16,1235,348,45,112,1,1,0,1
18,17,1185,338,56,126,1,1,0,0
18,18,648,310,40,72,1,2,0,0
18,19,664,299,43,48,1,10,0,1
18,20,837,211,31,91,1,1,0,0
18,21,586,229,32,58,1,1,0,0
18,22,561,213,23,34,1,2,0,0
18,23,677,186,19,64,1,1,0,1
18,25,746,183,22,64,1,1,0,0
18,26,737,201,15,39,1,1,0,1
19,8,1179,467,100,119,1,10,0,1
19,9,703,459,65,186,1,1,0,0
19,10,812,448,56,152,1,1,0,0
19,14,1195,436,79,106,1,2,0,1
19,15,1198,439,47,90,1,2,0,1
19,16,1241,354,44,116,1,1,0,1
19,17,1188,344,57,126,1,1,0,0
19,18,641,314,41,72,1,2,0,0
19,19,661,303,43,50,1,10,0,1
19,20,832,213,31,90,1,1,0,0
19,21,580,230,32,59,1,1,0,0
19,22,555,213,23,35,1,2,0,0
19,23,672,188,19,64,1,1,0,1
19,24,699,178,28,69,1,1,0,0
19,25,740,183,22,65,1,1,0,0
19,26,734,201,18,40,1,1,0,1
20,8,1173,464,100,119,1,10,0,1
20,9,704,472,67,190,1,1,0,0
20,10,807,456,57,158,1,1,0,0
20,14,1190,436,79,107,1,2,0,1
20,15,1192,439,47,90,1,2,0,1
20,16,1246,360,44,119,1,1,0,1
20,17,1192,351,57,125,1,1,0,1
20,18,635,318,41,72,1,2,0,0
20,19,654,306,43,50,1,10,0,1
20,20,828,216,31,90,1,1,0,0
20,21,574,231,32,60,1,1,0,0
20,22,550,214,23,35,1,2,0,0
20,23,667,190,19,64,1,1,0,0
20,24,693,178,24,69,1,1,0,0
20,25,734,184,23,65,1,1,0,0
20,26,726,201,18,41,1,1,0,1
21,8,1167,462,100,119,1,10,0,1
21,9,704,484,69,193,1,1,0,0
21,10,802,465,58,164,1,1,0,0
21,14,1185,436,80,108,1,2,0,1
21,15,1186,439,47,90,1,2,0,1
21,16,1252,366,44,123,1,1,0,1
21,17,1202,357,58,130,1,1,0,1
21,18,629,322,42,72,1,2,0,0
21,19,648,309,43,51,1,10,0,1
21,20,822,219,31,90,1,1,0,0
21,21,565,232,31,58,1,1,0,0
21,22,541,217,23,35,1,2,0,0
21,23,660,192,19,65,1,1,0,0
21,24,687,179,20,69,1,1,0,0
21,25,729,185,23,65,1,1,0,0
21,26,719,202,18,42,1,1,0,1
22,8,1162,460,100,119,1,10,0,1
22,9,704,496,72,196,1,1,0,0
22,10,807,474,59,172,1,1,0,0
22,14,1181,437,80,108,1,2,0,1
22,15,1180,440,47,90,1,2,0,1
22,16,1264,371,43,127,1,1,0,1
22,17,1213,363,59,135,1,1,0,1
22,18,629,325,42,74,1,2,0,0
22,19,648,312,43,51,1,10,0,1
22,20,825,222,31,91,1,1,0,0
22,21,565,234,35,62,1,1,0,0
22,22,540,217,23,35,1,2,0,0
22,23,660,192,19,66,1,1,0,0
22,24,687,180,21,69,1,1,0,0
22,25,729,185,23,66,1,1,0,0
22,26,719,202,18,43,1,1,0,1
23,8,1164,459,100,120,1,10,0,1
23,9,705,509,74,199,1,1,0,0
23,10,813,484,60,179,1,1,0,0
23,14,1182,436,80,109,1,2,0,1
23,15,1182,439,47,90,1,2,0,1
23,16,1276,377,43,131,1,1,0,1
23,17,1223,369,61,140,1,1,0,1
23,18,629,327,43,76,1,2,0,0
23,19,649,316,43,51,1,10,0,1
23,20,827,225,31,92,1,1,0,0
23,21,563,235,35,62,1,1,0,0
23,22,540,217,23,36,1,2,0,0
23,23,660,193,19,66,1,1,0,0
23,24,688,181,21,69,1,1,0,0
23,25,730,186,23,66,1,1,0,0
23,26,720,203,18,43,1,1,0,1
24,8,1167,459,100,120,1,10,0,1
24,9,709,522,77,201,1,1,0,0
24,10,819,494,61,186,1,1,0,0
24,14,1183,435,80,110,1,2,0,1
24,15,1184,439,47,90,1,2,0,1
24,16,1288,383,42,134,1,1,0,1
24,17,1234,375,62,145,1,1,0,1
24,18,630,329,44,78,1,2,0,0
24,19,650,320,43,51,1,10,0,1
24,20,830,226,31,93,1,1,0,0
24,21,562,236,35,63,1,1,0,0
24,22,540,218,23,36,1,2,0,0
24,23,660,193,19,67,1,1,0,0
24,24,688,182,22,70,1,1,0,0
24,25,731,187,23,66,1,1,0,0
24,26,721,204,17,43,1,1,0,1
25,8,1170,459,100,121,1,10,0,1
25,9,713,535,81,203,1,1,0,0
25,10,825,504,62,194,1,1,0,0
25,14,1184,434,81,111,1,2,0,1
25,15,1186,439,47,90,1,2,0,1
25,17,1245,381,63,151,1,1,0,1
25,18,630,332,45,79,1,2,0,0
25,19,653,320,43,49,1,10,0,1
25,20,833,228,31,94,1,1,0,0
25,21,560,237,35,63,1,1,0,0
25,22,539,218,23,37,1,2,0,0
25,23,661,194,18,67,1,1,0,0
25,24,689,183,22,70,1,1,0,0
25,25,731,188,24,66,1,1,0,0
25,26,722,205,17,44,1,1,0,1
26,8,1173,459,100,121,1,10,0,1
26,9,718,548,84,206,1,1,0,0
26,10,831,516,63,195,1,1,0,0
26,14,1185,433,81,113,1,2,0,1
26,15,1188,438,47,90,1,2,0,1
26,17,1259,387,65,155,1,1,0,1
26,18,631,334,46,81,1,2,0,0
26,19,652,322,43,51,1,10,0,1
26,20,837,230,31,95,1,1,0,0
26,21,559,238,35,64,1,1,0,0
26,22,539,219,23,36,1,2,0,0
26,23,661,194,18,68,1,1,0,0
26,24,689,184,23,70,1,1,0,0
26,25,732,189,24,66,1,1,0,0
26,26,722,205,18,45,1,1,0,1
27,8,1176,458,100,122,1,10,0,1
27,9,723,562,90,193,1,1,1,0
27,10,837,529,65,195,1,1,0,0
27,14,1186,432,82,114,1,2,0,1
27,15,1190,438,47,90,1,2,0,1
27,17,1273,394,67,159,1,1,0,0
27,18,632,337,47,83,1,2,0,0
27,19,652,324,44,53,1,10,0,1
27,20,841,232,31,96,1,1,0,0
27,21,558,239,35,65,1,1,0,0
27,22,539,219,23,37,1,2,0,0
27,23,661,195,18,68,1,1,0,0
27,24,690,185,23,71,1,1,0,0
27,25,733,190,24,66,1,1,0,0
27,26,723,206,17,45,1,1,0,1
27,27,743,188,22,55,1,1,0,1
27,28,783,158,24,39,1,10,0,0
28,8,1179,458,100,123,1,10,0,1
28,9,726,580,94,174,1,1,1,0
28,10,843,542,67,195,1,1,0,0
28,14,1187,431,82,115,1,2,0,1
28,15,1192,438,47,90,1,2,0,1
28,17,1286,407,55,159,1,1,0,0
28,18,631,340,48,84,1,2,0,0
28,19,653,327,45,54,1,10,0,1
28,20,845,235,31,97,1,1,0,0
28,21,558,240,33,66,1,1,0,0
28,22,538,220,23,37,1,2,0,0
28,23,661,195,18,69,1,1,0,0
28,24,690,186,24,71,1,1,0,0
28,25,734,191,24,67,1,1,0,0
28,26,724,207,17,45,1,1,0,1
28,27,741,190,24,55,1,1,0,1
28,28,783,159,24,39,1,10,0,0
29,8,1182,458,100,123,1,10,0,1
29,9,729,598,98,156,1,1,1,0
29,10,849,555,69,188,1,1,0,0
29,14,1188,431,83,116,1,2,0,1
29,15,1194,438,47,90,1,2,0,1
29,18,631,343,48,86,1,2,0,0
29,19,654,330,46,55,1,10,0,1
29,20,849,238,31,97,1,1,0,0
29,21,558,242,31,66,1,1,0,0
29,22,538,220,23,38,1,2,0,0
29,23,662,196,18,69,1,1,0,0
29,24,691,187,24,72,1,1,0,0
29,25,735,192,24,68,1,1,0,0
29,26,725,208,17,46,1,1,0,1
29,27,739,192,26,55,1,1,0,1
29,28,784,160,24,40,1,10,0,0
30,8,1185,458,100,123,1,10,0,1
30,9,733,616,102,138,1,1,1,0
30,10,855,568,72,181,1,1,0,0
30,14,1192,430,84,117,1,2,0,1
30,15,1199,437,47,90,1,2,0,1
30,18,631,347,48,87,1,2,0,0
30,19,655,333,46,56,1,10,0,1
30,20,853,241,31,98,1,1,0,0
30,21,557,243,31,67,1,1,0,0
30,22,538,221,23,38,1,2,0,0
30,23,662,197,18,69,1,1,0,0
30,24,691,188,25,72,1,1,0,0
30,25,736,193,24,68,1,1,0,0
30,26,726,209,17,47,1,1,0,1
30,27,741,192,26,56,1,1,0,1
30,28,784,162,25,40,1,10,0,0
31,8,1188,458,100,124,1,10,0,1
31,9,736,635,96,119,1,1,1,0
31,10,862,581,74,174,1,1,1,0
31,14,1197,430,84,118,1,2,0,1
31,15,1204,437,47,90,1,2,0,1
31,18,632,350,49,89,1,2,0,0
31,19,656,336,47,57,1,10,0,1
31,20,856,243,32,100,1,1,0,0
31,21,556,245,31,67,1,1,0,0
31,22,538,221,23,38,1,2,0,0
31,23,662,198,18,70,1,1,0,0
31,24,691,189,26,72,1,1,0,0
31,25,737,194,24,69,1,1,0,0
31,26,727,210,17,48,1,1,0,1
31,27,743,193,26,56,1,1,0,1
31,28,785,163,25,41,1,10,0,0
32,8,1191,458,99,124,1,10,0,1
32,10,875,595,74,159,1,1,1,0
32,14,1202,430,85,119,1,2,0,1
32,15,1209,437,47,90,1,2,0,1
32,18,633,354,50,90,1,2,0,0
32,19,657,339,48,58,1,10,0,1
32,20,860,246,33,101,1,1,0,0
32,21,556,247,31,67,1,1,0,0
32,22,538,221,23,38,1,2,0,0
32,23,663,200,18,70,1,1,0,0
32,24,692,190,26,73,1,1,0,0
32,25,739,195,24,70,1,1,0,0
32,26,728,211,17,49,1,1,0,1
32,27,746,194,26,56,1,1,0,1
32,28,786,165,25,41,1,10,0,0
33,8,1194,459,99,123,1,10,0,1
33,10,888,615,74,139,1,1,1,0
33,14,1204,430,84,119,1,2,0,1
33,15,1214,436,47,90,1,2,0,1
33,18,635,358,50,91,1,2,0,0
33,19,658,342,48,59,1,10,0,1
33,20,864,248,34,103,1,1,0,0
33,21,555,248,31,67,1,1,0,0
33,22,537,222,23,38,1,2,0,0
33,23,664,201,18,70,1,1,0,0
33,24,692,191,27,73,1,1,0,0
33,25,740,196,24,70,1,1,0,0
33,26,729,212,17,50,1,1,0,1
33,27,747,194,26,58,1,1,0,1
33,28,786,166,25,42,1,10,0,0
34,8,1197,459,97,123,1,10,0,1
34,10,902,635,74,119,1,1,1,0
34,13,1008,616,91,129,1,1,0,1
34,14,1206,431,84,119,1,2,0,1
34,15,1219,436,47,90,1,2,0,1
34,18,635,361,50,91,1,2,0,0
34,19,659,345,49,60,1,10,0,1
34,20,868,251,34,104,1,1,0,0
34,21,554,249,32,67,1,1,0,0
34,22,536,223,24,39,1,2,0,0
34,23,665,202,18,71,1,1,0,0
34,24,693,192,27,73,1,1,0,0
34,25,741,197,25,70,1,1,0,0
34,26,730,213,17,51,1,1,0,1
34,27,748,195,26,59,1,1,0,1
34,28,787,168,25,42,1,10,0,0
35,8,1200,459,96,123,1,10,0,1
35,10,916,655,74,99,1,1,1,0
35,13,1020,634,95,115,1,1,0,1
35,14,1208,432,84,119,1,2,0,1
35,15,1224,436,47,90,1,2,0,1
35,18,636,365,50,91,1,2,0,0
35,19,660,348,50,61,1,10,0,1
35,20,872,254,35,105,1,1,0,0
35,21,554,250,32,67,1,1,0,0
35,22,536,225,24,39,1,2,0,0
35,23,666,203,18,71,1,1,0,0
35,24,693,193,28,74,1,1,0,0
35,25,742,198,25,70,1,1,0,0
35,26,732,214,17,52,1,1,0,1
35,27,749,195,27,62,1,1,0,1
35,28,788,169,25,43,1,10,0,0
36,8,1203,460,95,123,1,10,0,1
36,10,929,675,74,79,1,1,1,0
36,14,1211,433,83,119,1,2,0,1
36,15,1230,436,47,90,1,2,0,1
36,18,637,369,50,91,1,2,0,0
36,19,661,351,51,63,1,10,0,1
36,20,875,256,37,107,1,1,0,0
36,21,553,251,32,68,1,1,0,0
36,22,536,226,24,39,1,2,0,0
36,23,667,204,18,72,1,1,0,0
36,24,694,194,28,74,1,1,0,0
36,25,743,199,26,70,1,1,0,0
36,26,731,215,17,53,1,1,0,1
36,27,750,196,27,63,1,1,0,1
36,28,788,171,26,42,1,10,0,0
37,8,1207,461,94,123,1,10,0,1
37,10,943,695,74,59,1,1,1,0
37,14,1216,433,82,119,1,2,0,1
37,15,1230,437,47,90,1,2,0,1
37,18,638,374,50,93,1,2,0,0
37,19,661,355,51,64,1,10,0,1
37,20,879,259,37,108,1,1,0,0
37,21,553,253,32,69,1,1,0,0
37,22,536,228,24,38,1,2,0,0
37,23,668,205,18,73,1,1,0,0
37,24,695,195,28,75,1,1,0,0
37,25,744,200,27,70,1,1,0,0
37,26,731,216,16,54,1,1,0,1
37,27,752,197,27,65,1,1,0,1
37,28,789,172,26,43,1,10,0,0
38,8,1211,462,93,123,1,10,0,1
38,14,1221,433,82,119,1,2,0,1
38,15,1231,438,47,90,1,2,0,1
38,18,639,380,51,94,1,2,0,0
38,19,662,359,51,66,1,10,0,1
38,20,883,261,38,110,1,1,0,0
38,21,552,255,32,69,1,1,0,0
38,22,536,229,24,38,1,2,0,0
38,23,669,205,18,73,1,1,0,0
38,24,694,195,29,75,1,1,0,0
38,25,745,201,27,71,1,1,0,0
38,26,732,217,17,56,1,1,0,1
38,27,754,198,27,65,1,1,0,1
38,28,790,174,26,43,1,10,0,0
39,8,1216,464,91,122,1,10,0,1
39,14,1226,433,82,119,1,2,0,1
39,15,1232,440,47,90,1,2,0,1
39,18,639,385,52,95,1,2,0,0
39,19,662,363,52,67,1,10,0,1
39,20,887,264,39,111,1,1,0,0
39,21,552,257,32,70,1,1,0,0
39,22,537,231,24,38,1,2,0,0
39,23,670,205,18,73,1,1,0,0
39,24,694,195,29,76,1,1,0,0
39,25,747,202,26,72,1,1,0,0
39,26,734,219,17,57,1,1,0,1
39,27,757,200,26,64,1,1,0,1
39,28,790,175,26,44,1,10,0,0
40,8,1218,465,91,122,1,10,0,1
40,14,1229,434,82,118,1,2,0,1
40,15,1234,441,47,90,1,2,0,1
40,18,639,390,53,97,1,2,0,0
40,19,663,368,52,68,1,10,0,1
40,20,891,267,40,112,1,1,0,0
40,21,551,260,32,70,1,1,0,0
40,22,535,232,25,38,1,2,0,0
40,23,669,207,18,73,1,1,0,0
40,24,693,196,30,77,1,1,0,0
40,25,747,203,25,73,1,1,0,0
40,26,731,221,17,58,1,1,0,1
40,27,757,201,26,64,1,1,0,1
40,28,791,177,26,44,1,10,0,0
41,8,1221,467,90,122,1,10,0,1
41,14,1232,435,82,118,1,2,0,1
41,15,1236,442,47,90,1,2,0,1
41,18,640,395,54,99,1,2,0,0
41,19,663,372,53,69,1,10,0,1
41,20,892,271,40,114,1,1,0,0
41,21,550,263,32,71,1,1,0,0
41,22,533,233,26,38,1,2,0,0
41,23,668,209,18,73,1,1,0,0
41,24,693,198,30,77,1,1,0,0
41,25,747,204,25,74,1,1,0,0
41,26,732,223,17,58,1,1,0,1
41,27,758,202,25,65,1,1,0,1
41,28,792,178,26,45,1,10,0,0
42,8,1224,469,90,122,1,10,0,1
42,14,1235,436,83,118,1,2,0,1
42,15,1239,443,47,90,1,2,0,1
42,18,640,401,54,101,1,2,0,0
42,19,663,376,54,70,1,10,0,1
42,20,893,276,41,115,1,1,0,0
42,21,550,267,31,71,1,1,0,0
42,22,532,235,27,38,1,2,0,0
42,23,668,211,18,74,1,1,0,0
42,24,693,200,31,78,1,1,0,0
42,25,747,206,25,74,1,1,0,0
42,26,733,226,18,58,1,1,0,1
42,27,759,203,25,66,1,1,0,1
42,28,792,180,27,45,1,10,0,0
43,8,1224,468,89,121,1,10,0,1
43,14,1233,436,83,118,1,2,0,1
43,15,1238,443,47,90,1,2,0,1
43,18,640,407,55,103,1,2,0,0
43,19,664,381,54,71,1,10,0,1
43,20,894,281,42,117,1,1,0,0
43,21,545,268,31,72,1,1,0,0
43,22,528,236,27,38,1,2,0,0
43,23,666,213,18,75,1,1,0,0
43,24,693,202,31,78,1,1,0,0
43,25,745,207,24,74,1,1,0,0
43,26,729,227,19,58,1,1,0,1
43,27,756,204,26,66,1,1,0,1
43,28,793,181,27,46,1,10,0,0
44,8,1224,468,89,120,1,10,0,1
44,14,1231,437,83,117,1,2,0,1
44,15,1237,443,47,90,1,2,0,1
44,18,637,413,55,105,1,2,0,0
44,19,661,387,54,71,1,10,0,1
44,20,895,286,43,118,1,1,0,0
44,21,540,270,32,73,1,1,0,0
44,22,524,238,27,38,1,2,0,0
44,23,664,215,18,76,1,1,0,0
44,24,693,204,32,79,1,1,0,0
44,25,743,208,24,75,1,1,0,0
44,26,726,229,19,58,1,1,0,1
44,27,754,206,26,65,1,1,0,1
44,28,794,183,27,46,1,10,0,0
45,8,1224,467,88,120,1,10,0,1
45,14,1229,437,83,117,1,2,0,1
45,15,1236,443,47,90,1,2,0,1
45,18,635,419,55,107,1,2,0,0
45,19,658,394,55,71,1,10,0,1
45,20,896,291,44,120,1,1,0,0
45,21,535,271,32,74,1,1,0,0
45,22,520,239,27,38,1,2,0,0
45,23,663,218,18,76,1,1,0,0
45,24,687,205,31,80,1,1,0,0
45,25,741,209,24,76,1,1,0,0
45,26,723,231,19,58,1,1,0,1
45,27,752,208,26,64,1,1,0,1
45,28,790,179,27,50,1,10,0,0
46,8,1224,467,88,119,1,10,0,1
46,14,1228,438,83,116,1,2,0,1
46,15,1236,444,47,90,1,2,0,1
46,18,630,425,56,108,1,2,0,0
46,19,650,398,58,72,1,10,0,1
46,20,894,294,45,121,1,1,0,0
46,21,531,273,32,75,1,1,0,0
46,22,516,241,27,38,1,2,0,0
46,23,656,219,19,77,1,1,0,0
46,24,682,207,30,80,1,1,0,0
46,25,739,210,24,77,1,1,0,0
46,26,720,233,19,58,1,1,0,1
46,27,750,210,27,63,1,1,0,1
46,28,786,176,27,53,1,10,0,0
47,8,1216,466,87,119,1,10,0,1
47,14,1219,437,83,116,1,2,0,1
47,15,1227,443,47,90,1,2,0,1
47,18,623,433,56,110,1,2,0,0
47,19,643,403,59,74,1,10,0,1
47,20,892,297,46,123,1,1,0,0
47,21,520,276,32,76,1,1,0,0
47,22,507,242,27,38,1,2,0,0
47,23,649,221,20,77,1,1,0,0
47,24,677,209,29,80,1,1,0,0
47,25,733,212,24,77,1,1,0,0
47,26,713,234,20,58,1,1,0,1
47,27,745,212,26,62,1,1,0,1
47,28,781,177,24,53,1,10,0,0
48,8,1208,465,87,119,1,10,0,1
48,14,1211,437,83,115,1,2,0,1
48,15,1219,442,47,90,1,2,0,1
48,18,616,441,57,112,1,2,0,0
48,19,637,409,59,76,1,10,0,1
48,20,891,301,46,124,1,1,0,0
48,21,510,279,32,77,1,1,0,0
48,22,498,244,27,37,1,2,0,0
48,23,643,223,20,78,1,1,0,0
48,24,672,211,28,80,1,1,0,0
48,25,728,214,24,78,1,1,0,0
48,26,707,235,20,58,1,1,0,1
48,27,740,214,25,62,1,1,0,1
48,28,776,178,22,54,1,10,0,0
49,8,1200,464,87,119,1,10,0,1
49,14,1203,437,83,114,1,2,0,1
49,15,1211,441,47,90,1,2,0,1
49,18,609,449,58,115,1,2,0,0
49,19,630,414,61,78,1,10,0,1
49,20,886,304,47,126,1,1,0,0
49,21,500,282,31,78,1,1,0,0
49,22,490,245,27,38,1,2,0,0
49,23,634,224,21,79,1,1,0,0
49,24,664,212,29,81,1,1,0,0
49,25,718,216,25,79,1,1,0,0
49,26,699,237,20,58,1,1,0,1
49,27,735,216,24,62,1,1,0,1
49,28,767,195,28,48,1,10,0,1
49,29,767,180,25,48,1,2,0,1
50,8,1193,463,86,119,1,10,0,1
50,14,1195,437,83,114,1,2,0,1
50,15,1203,440,47,91,1,2,0,1
50,18,603,456,59,117,1,2,0,0
50,19,624,420,61,80,1,10,0,1
50,20,882,308,48,127,1,1,0,0
50,21,490,285,31,79,1,1,0,0
50,22,481,247,27,37,1,2,0,0
50,23,626,226,21,79,1,1,0,0
50,24,657,214,29,81,1,1,0,0
50,25,709,219,25,79,1,1,0,0
50,26,691,239,20,58,1,1,0,1
50,27,726,218,24,63,1,1,0,1
50,28,759,200,26,44,1,10,0,1
50,29,759,182,24,47,1,2,0,1
51,8,1193,462,84,119,1,10,0,1
51,14,1192,436,83,113,1,2,0,1
51,15,1202,440,46,90,1,2,0,1
51,18,598,463,59,119,1,2,0,0
51,19,617,425,62,82,1,10,0,1
51,20,879,312,50,129,1,1,0,0
51,21,480,289,31,79,1,1,0,0
51,22,472,248,27,37,1,2,0,0
51,23,618,228,21,80,1,1,0,0
51,24,650,216,29,82,1,1,0,0
51,25,700,222,25,80,1,1,0,0
51,26,684,241,20,58,1,1,0,1
51,27,718,220,24,65,1,1,0,1
51,28,752,206,23,39,1,10,0,1
51,29,751,185,24,45,1,2,0,1
52,8,1193,462,82,118,1,10,0,1
52,14,1190,436,83,111,1,2,0,1
52,15,1201,440,46,90,1,2,0,1
52,18,593,470,59,121,1,2,0,0
52,19,611,431,63,84,1,10,0,1
52,20,877,317,51,131,1,1,0,0
52,21,473,292,33,79,1,1,0,0
52,22,464,250,27,37,1,2,0,0
52,23,614,230,21,80,1,1,0,0
52,24,644,218,29,82,1,1,0,0
52,25,697,224,26,80,1,1,0,0
52,26,681,243,20,57,1,1,0,1
52,27,716,221,24,67,1,1,0,1
52,28,749,208,23,39,1,10,0,1
52,29,749,187,24,45,1,2,0,1
53,8,1193,462,80,117,1,10,0,1
53,14,1187,435,83,110,1,2,0,1
53,15,1200,440,46,89,1,2,0,1
53,18,588,477,59,123,1,2,0,0
53,19,609,438,65,86,1,10,0,1
53,20,880,323,52,132,1,1,0,0
53,21,467,296,34,78,1,1,0,0
53,22,462,252,27,37,1,2,0,0
53,23,610,233,22,80,1,1,0,0
53,24,638,220,29,83,1,1,0,0
53,25,695,226,26,81,1,1,0,0
53,26,678,245,21,57,1,1,0,1
53,27,714,223,24,69,1,1,0,1
53,28,746,211,24,39,1,10,0,1
53,29,747,189,24,46,1,2,0,1
54,8,1193,462,78,116,1,10,0,1
54,14,1185,435,83,108,1,2,0,1
54,15,1199,440,46,89,1,2,0,1
54,18,586,486,59,121,1,2,0,0
54,19,608,445,66,88,1,10,0,1
54,20,883,329,53,134,1,1,0,0
54,21,465,299,35,78,1,1,0,0
54,22,460,255,27,37,1,2,0,0
54,23,606,235,23,81,1,1,0,0
54,24,636,222,30,83,1,1,0,0
54,25,693,228,26,81,1,1,0,0
54,26,675,247,21,57,1,1,0,1
54,27,712,225,24,70,1,1,0,1
54,28,743,213,24,40,1,10,0,1
54,29,745,191,24,47,1,2,0,1
55,8,1194,462,75,116,1,10,0,1
55,14,1183,435,83,106,1,2,0,1
55,15,1198,441,46,88,1,2,0,1
55,18,584,495,59,119,1,2,0,0
55,19,607,452,67,90,1,10,0,1
55,20,886,336,54,134,1,1,0,0
55,21,463,302,37,79,1,1,0,0
55,22,458,257,27,37,1,2,0,0
55,23,603,238,23,81,1,1,0,0
55,24,635,224,30,84,1,1,0,0
55,25,691,230,26,82,1,1,0,0
55,26,673,249,21,57,1,1,0,1
55,27,710,227,24,72,1,1,0,1
55,28,741,216,24,40,1,10,0,1
55,29,743,194,24,47,1,2,0,1
56,8,1193,463,78,116,1,10,0,1
56,14,1186,435,83,108,1,2,0,1
56,15,1199,441,46,89,1,2,0,1
56,18,584,504,61,123,1,2,0,0
56,19,607,458,66,92,1,10,0,1
56,20,889,342,55,136,1,1,0,0
56,21,461,305,38,79,1,1,0,0
56,22,456,260,27,37,1,2,0,0
56,23,602,241,24,81,1,1,0,0
56,24,635,226,30,85,1,1,0,0
56,25,691,232,26,82,1,1,0,0
56,26,673,252,21,57,1,1,0,1
56,27,711,229,23,74,1,1,0,1
56,28,741,220,24,39,1,10,0,1
56,29,744,197,24,48,1,2,0,1
57,8,1193,464,80,117,1,10,0,1
57,14,1189,435,84,110,1,2,0,1
57,15,1200,442,46,90,1,2,0,1
57,18,585,514,63,126,1,2,0,0
57,19,607,464,66,94,1,10,0,1
57,20,893,349,55,137,1,1,0,0
57,21,459,308,40,80,1,1,0,0
57,22,454,262,27,37,1,2,0,0
57,23,601,244,25,81,1,1,0,0
57,24,635,228,31,86,1,1,0,0
57,25,691,234,27,83,1,1,0,0
57,26,673,255,21,57,1,1,0,1
57,27,712,232,23,75,1,1,0,1
57,28,741,224,25,38,1,10,0,1
57,29,745,201,24,48,1,2,0,1
58,8,1193,466,82,117,1,10,0,1
58,14,1194,437,84,110,1,2,0,1
58,15,1201,443,47,91,1,2,0,1
58,18,586,524,65,130,1,2,0,0
58,19,610,470,67,95,1,10,0,1
58,20,898,358,55,137,1,1,0,0
58,21,458,312,41,80,1,1,0,0
58,22,452,265,27,37,1,2,0,0
58,23,601,247,25,82,1,1,0,0
58,24,636,231,31,86,1,1,0,0
58,25,691,236,28,84,1,1,0,0
58,26,673,258,21,57,1,1,0,1
58,27,713,235,23,77,1,1,0,1
58,28,742,229,25,36,1,10,0,1
58,29,746,205,25,48,1,2,0,1
58,30,618,204,22,67,1,1,0,1
58,31,703,156,24,37,1,10,0,1
