1,33,369.00,198.00,126.00,54.00,1,4,-1,-1
1,32,596.00,166.00,215.00,93.00,1,4,-1,-1
1,31,1273.00,428.00,47.00,75.00,1,2,-1,-1
1,30,1251.00,21.00,15.00,43.00,1,1,-1,-1
1,29,907.00,186.00,179.00,90.00,1,4,-1,-1
1,28,650.00,172.00,134.00,58.00,1,4,-1,-1
1,27,1656.00,137.00,129.00,57.00,1,4,-1,-1
1,26,1626.00,106.00,150.00,52.00,1,4,-1,-1
1,25,1601.00,403.00,48.00,92.00,1,1,-1,-1
1,24,1363.00,6.00,18.00,41.00,1,1,-1,-1
1,23,1353.00,177.00,157.00,81.00,1,4,-1,-1
1,22,1286.00,7.00,20.00,44.00,1,2,-1,-1
1,21,1253.00,114.00,155.00,58.00,1,4,-1,-1
1,20,1250.00,423.00,57.00,91.00,1,2,-1,-1
1,19,1223.00,320.00,60.00,59.00,1,10,-1,-1
1,18,1218.00,462.00,95.00,66.00,1,3,-1,-1
1,17,1007.00,416.00,48.00,73.00,1,2,-1,-1
1,16,983.00,437.00,106.00,67.00,1,3,-1,-1
1,15,903.00,4.00,50.00,49.00,1,4,-1,-1
1,14,877.00,27.00,23.00,35.00,1,2,-1,-1
1,13,842.00,39.00,33.00,34.00,1,10,-1,-1
1,12,712.00,476.00,53.00,118.00,1,1,-1,-1
1,11,671.00,201.00,130.00,85.00,1,7,-1,-1
1,10,635.00,165.00,159.00,69.00,1,4,-1,-1
1,9,519.00,76.00,27.00,59.00,1,1,-1,-1
1,8,402.00,15.00,22.00,51.00,1,2,-1,-1
1,7,373.00,15.00,23.00,47.00,1,2,-1,-1
1,6,325.00,28.00,24.00,46.00,1,2,-1,-1
1,5,177.00,650.00,75.00,112.00,1,2,-1,-1
1,4,176.00,697.00,52.00,67.00,1,2,-1,-1
1,3,122.00,234.00,212.00,76.00,1,4,-1,-1
1,2,49.00,183.00,198.00,87.00,1,4,-1,-1
2,47,1192.00,276.00,63.00,86.00,1,2,-1,-1
2,46,1593.00,407.00,45.00,88.00,1,1,-1,-1
2,45,485.00,61.00,36.00,77.00,1,1,-1,-1
2,44,402.00,38.00,15.00,37.00,1,2,-1,-1
2,43,894.00,194.00,157.00,79.00,1,4,-1,-1
2,42,1598.00,631.00,300.00,236.00,1,4,-1,-1
2,41,1525.00,389.00,51.00,89.00,1,1,-1,-1
2,40,1358.00,11.00,17.00,41.00,1,1,-1,-1
2,39,848.00,22.00,23.00,34.00,1,2,-1,-1
2,38,696.00,477.00,50.00,116.00,1,1,-1,-1
2,37,503.00,78.00,25.00,54.00,1,1,-1,-1
2,36,343.00,14.00,22.00,45.00,1,2,-1,-1
2,35,317.00,132.00,164.00,60.00,1,4,-1,-1
2,34,181.00,667.00,63.00,109.00,1,10,-1,-1
2,29,901.99,200.00,169.02,85.00,1,4,-1,-1
2,27,1647.73,137.12,129.54,57.76,1,4,-1,-1
2,26,1659.35,111.53,111.30,43.94,1,4,-1,-1
2,25,1605.94,401.12,48.12,92.76,1,1,-1,-1
2,24,1361.00,5.00,18.00,41.00,1,1,-1,-1
2,23,1346.00,179.00,157.00,81.00,1,4,-1,-1
2,22,1286.00,7.00,20.00,44.00,1,2,-1,-1
2,18,1226.00,460.00,95.00,66.00,1,3,-1,-1
2,17,1014.00,414.00,48.00,73.00,1,2,-1,-1
2,13,842.00,39.00,33.00,34.00,1,10,-1,-1
2,12,718.00,474.00,53.00,118.00,1,1,-1,-1
2,11,678.00,200.00,130.00,85.00,1,7,-1,-1
2,10,626.12,162.95,159.76,69.10,1,4,-1,-1
2,8,402.00,14.00,22.00,51.00,1,2,-1,-1
2,5,177.28,646.59,75.44,110.82,1,2,-1,-1
2,4,177.00,693.00,52.00,67.00,1,2,-1,-1
2,2,56.00,182.00,198.00,87.00,1,4,-1,-1
3,57,948.00,36.00,41.00,40.00,1,4,-1,-1
3,56,867.00,-0.00,31.00,47.00,1,2,-1,-1
3,55,881.00,57.00,22.00,33.00,1,2,-1,-1
3,54,1610.00,105.00,150.00,53.00,1,4,-1,-1
3,53,1276.00,14.00,17.00,40.00,1,1,-1,-1
3,52,1260.00,8.00,16.00,41.00,1,1,-1,-1
3,51,1205.00,292.00,45.00,61.00,1,2,-1,-1
3,50,879.00,40.00,25.00,36.00,1,10,-1,-1
3,49,392.00,14.00,17.00,43.00,1,2,-1,-1
3,48,358.00,19.00,23.00,48.00,1,2,-1,-1
3,47,1200.07,281.88,48.86,66.23,1,2,-1,-1
3,43,895.01,198.00,168.97,85.00,1,4,-1,-1
3,42,1598.88,630.09,299.24,235.81,1,4,-1,-1
3,41,1528.00,388.00,51.00,89.00,1,1,-1,-1
3,40,1359.00,10.00,17.00,41.00,1,1,-1,-1
3,39,849.00,23.00,23.00,34.00,1,2,-1,-1
3,38,702.00,476.00,50.00,116.00,1,1,-1,-1
3,37,504.00,78.00,25.00,54.00,1,1,-1,-1
3,36,343.00,14.00,22.00,45.00,1,2,-1,-1
3,27,1640.43,138.17,130.02,58.54,1,4,-1,-1
3,25,1610.88,399.23,48.24,93.54,1,1,-1,-1
3,21,1232.00,114.00,155.00,58.00,1,4,-1,-1
3,20,1256.81,435.50,85.38,80.00,1,2,-1,-1
3,19,1222.91,285.62,55.19,63.77,1,10,-1,-1
3,17,1021.94,412.94,48.00,73.00,1,2,-1,-1
3,16,996.00,436.00,106.00,67.00,1,3,-1,-1
3,15,904.00,3.00,50.00,49.00,1,4,-1,-1
3,14,879.00,28.00,23.00,35.00,1,2,-1,-1
3,13,842.94,39.00,33.00,34.00,1,10,-1,-1
3,12,724.00,472.94,53.00,118.00,1,1,-1,-1
3,10,618.00,161.89,159.93,69.10,1,4,-1,-1
3,9,519.00,75.00,27.00,59.00,1,1,-1,-1
3,7,374.00,13.00,23.00,47.00,1,2,-1,-1
3,5,177.46,643.39,76.08,110.16,1,2,-1,-1
3,4,178.00,689.94,52.00,67.00,1,2,-1,-1
3,3,141.00,232.00,212.00,76.00,1,4,-1,-1
3,2,63.00,181.00,198.00,87.00,1,4,-1,-1
4,27,1633.45,139.12,130.00,58.83,1,4,-1,-1
4,25,1616.73,398.01,48.23,93.83,1,1,-1,-1
4,17,1029.11,411.11,48.00,73.00,1,2,-1,-1
4,13,843.96,39.00,33.00,34.00,1,10,-1,-1
4,10,609.98,160.07,160.00,69.08,1,4,-1,-1
4,5,178.52,640.05,76.65,109.01,1,2,-1,-1
4,4,179.00,686.96,52.00,67.00,1,2,-1,-1
5,42,1589.40,617.83,326.79,258.17,1,4,-1,-1
5,38,715.11,474.00,50.00,116.00,1,1,-1,-1
5,36,344.11,12.89,22.00,45.00,1,2,-1,-1
5,27,1626.18,140.26,129.78,59.34,1,4,-1,-1
5,20,1275.01,423.08,66.82,82.61,1,2,-1,-1
5,17,1036.90,409.91,48.00,73.00,1,2,-1,-1
5,13,844.35,39.70,33.46,34.16,1,10,-1,-1
5,10,601.97,158.87,160.02,69.07,1,4,-1,-1
5,5,178.94,637.54,77.25,107.61,1,2,-1,-1
6,53,1278.47,1.17,21.44,50.41,1,1,-1,-1
6,52,1261.98,7.77,16.99,41.47,1,1,-1,-1
6,51,1163.71,291.15,56.81,55.11,1,2,-1,-1
6,50,882.00,40.00,25.00,36.00,1,10,-1,-1
6,48,359.89,17.11,23.00,48.00,1,2,-1,-1
6,42,1595.04,621.87,312.36,246.70,1,4,-1,-1
6,38,721.78,473.03,49.47,115.17,1,1,-1,-1
6,36,344.12,12.88,22.00,45.00,1,2,-1,-1
6,23,1311.55,180.09,175.16,90.28,1,4,-1,-1
6,20,1284.34,420.95,63.31,83.97,1,2,-1,-1
6,17,1044.13,408.87,48.00,73.00,1,2,-1,-1
6,13,845.11,39.91,33.71,34.21,1,10,-1,-1
6,10,593.81,157.26,160.35,69.48,1,4,-1,-1
6,5,179.68,634.78,77.59,106.32,1,2,-1,-1
7,51,1151.62,285.90,56.77,53.08,1,2,-1,-1
7,40,1363.00,8.13,17.00,41.00,1,1,-1,-1
7,36,344.85,12.15,22.00,45.00,1,2,-1,-1
7,23,1310.66,185.93,167.02,86.11,1,4,-1,-1
7,21,1191.15,114.04,154.07,57.93,1,4,-1,-1
7,17,1051.89,407.16,48.00,73.00,1,2,-1,-1
7,16,1018.96,432.09,115.63,73.12,1,3,-1,-1
7,14,883.00,29.86,23.00,35.00,1,2,-1,-1
7,13,846.01,39.97,33.86,34.22,1,10,-1,-1
7,10,585.33,155.84,160.60,69.37,1,4,-1,-1
7,7,376.14,11.10,23.00,47.00,1,2,-1,-1
7,5,180.21,631.63,78.49,104.98,1,2,-1,-1
8,65,721.71,196.04,130.48,85.00,1,7,-1,-1
8,63,238.66,127.84,164.68,62.31,1,4,-1,-1
8,59,405.07,187.87,169.00,72.00,1,4,-1,-1
8,47,1147.56,262.63,46.72,63.33,1,2,-1,-1
8,40,1364.00,7.89,17.00,41.00,1,1,-1,-1
8,37,508.01,78.00,25.00,54.00,1,1,-1,-1
8,36,345.08,11.92,22.00,45.00,1,2,-1,-1
8,25,1623.90,392.29,56.30,97.34,1,1,-1,-1
8,23,1306.76,189.06,162.14,83.61,1,4,-1,-1
8,21,1180.24,114.03,154.01,57.93,1,4,-1,-1
8,17,1059.13,405.93,48.00,73.00,1,2,-1,-1
8,14,884.00,30.10,23.00,35.00,1,2,-1,-1
8,10,577.02,154.20,160.99,69.67,1,4,-1,-1
8,5,180.92,628.67,79.06,103.68,1,2,-1,-1
9,65,736.32,199.30,147.47,95.99,1,7,-1,-1
9,63,225.57,127.17,164.86,62.66,1,4,-1,-1
9,59,411.11,187.08,169.00,72.00,1,4,-1,-1
9,54,1562.79,105.99,149.39,54.32,1,4,-1,-1
9,47,1136.12,256.82,47.33,64.16,1,2,-1,-1
9,40,1365.00,7.14,17.00,41.00,1,1,-1,-1
9,36,345.14,11.86,22.00,45.00,1,2,-1,-1
9,34,193.21,646.00,63.00,109.00,1,10,-1,-1
9,25,1628.21,398.28,60.84,103.26,1,1,-1,-1
9,23,1301.43,191.76,159.14,82.07,1,4,-1,-1
9,22,1291.46,8.32,18.84,45.47,1,2,-1,-1
9,17,1066.88,404.17,48.00,73.00,1,2,-1,-1
9,10,568.97,152.78,161.01,69.49,1,4,-1,-1
9,5,180.73,650.50,68.43,89.31,1,2,-1,-1
10,73,843.97,181.89,170.00,85.09,1,4,-1,-1
10,59,417.10,186.13,169.00,72.00,1,4,-1,-1
10,58,330.19,22.90,24.00,46.00,1,2,-1,-1
10,50,886.07,40.98,24.86,35.11,1,10,-1,-1
10,49,394.05,10.87,17.00,43.00,1,2,-1,-1
10,47,1124.92,250.78,47.60,64.53,1,2,-1,-1
10,34,188.83,627.78,69.73,106.17,1,10,-1,-1
10,25,1632.07,392.17,60.31,101.04,1,1,-1,-1
10,23,1296.04,194.18,157.29,81.13,1,4,-1,-1
10,22,1291.95,8.33,18.47,45.01,1,2,-1,-1
10,10,560.86,151.17,161.20,69.71,1,4,-1,-1
10,5,183.18,659.05,60.80,79.07,1,2,-1,-1
10,2,112.94,176.05,197.16,86.93,1,4,-1,-1
11,67,1349.99,2.99,18.00,41.00,1,1,-1,-1
11,47,1114.51,244.73,47.68,64.64,1,2,-1,-1
11,34,186.36,619.63,74.48,103.84,1,10,-1,-1
11,23,1289.81,196.43,156.16,80.55,1,4,-1,-1
11,16,1051.44,431.40,107.12,67.72,1,3,-1,-1
11,10,552.81,149.93,161.30,69.85,1,4,-1,-1
11,7,378.92,9.12,23.00,47.00,1,2,-1,-1
11,5,186.06,661.91,55.41,71.88,1,2,-1,-1
12,89,857.90,28.63,24.10,35.66,1,2,-1,-1
12,85,1576.12,146.35,128.68,64.15,1,4,-1,-1
12,47,1102.70,250.19,51.76,59.78,1,2,-1,-1
12,38,760.39,466.84,48.66,113.27,1,1,-1,-1
12,23,1283.86,198.58,155.48,80.21,1,4,-1,-1
12,16,1058.85,432.24,106.30,67.20,1,3,-1,-1
12,14,887.33,32.10,23.00,35.00,1,2,-1,-1
12,5,189.33,662.11,51.69,66.93,1,2,-1,-1
13,85,1568.87,147.42,128.38,64.94,1,4,-1,-1
13,63,169.82,124.87,167.17,64.05,1,4,-1,-1
13,54,1531.96,105.81,148.10,55.13,1,4,-1,-1
13,52,1266.96,6.54,18.98,41.85,1,1,-1,-1
13,47,1092.80,249.65,54.46,56.81,1,2,-1,-1
13,40,1367.97,4.87,17.00,41.00,1,1,-1,-1
13,23,1278.51,199.67,155.31,80.65,1,4,-1,-1
13,20,1341.36,412.08,56.12,88.52,1,2,-1,-1
13,14,888.08,32.19,23.00,35.00,1,2,-1,-1
13,13,849.97,41.64,34.86,34.25,1,10,-1,-1
13,5,192.44,659.60,49.20,63.62,1,2,-1,-1
14,102,405.94,7.00,22.00,53.00,1,2,-1,-1
14,101,246.65,223.69,217.39,77.94,1,4,-1,-1
14,85,1561.81,148.49,128.27,65.80,1,4,-1,-1
14,73,814.63,169.04,167.85,84.18,1,4,-1,-1
14,63,155.05,124.70,168.53,64.26,1,4,-1,-1
14,54,1524.53,105.70,147.64,55.31,1,4,-1,-1
14,40,1368.95,4.11,17.00,41.00,1,1,-1,-1
14,25,1651.95,387.45,59.35,97.28,1,1,-1,-1
14,20,1349.43,410.38,54.30,88.53,1,2,-1,-1
14,14,888.99,32.20,23.00,35.00,1,2,-1,-1
14,2,140.48,174.73,196.98,86.94,1,4,-1,-1
15,102,405.91,7.00,22.00,53.00,1,2,-1,-1
15,101,254.69,221.95,222.27,79.69,1,4,-1,-1
15,85,1554.89,149.39,128.05,66.34,1,4,-1,-1
15,40,1369.95,3.85,17.00,41.00,1,1,-1,-1
15,34,191.28,606.97,76.51,91.78,1,10,-1,-1
15,20,1358.08,409.18,52.43,88.44,1,2,-1,-1
15,14,889.96,32.19,23.00,35.00,1,2,-1,-1
16,115,910.89,1.00,49.00,48.00,1,4,-1,-1
16,101,265.71,221.48,223.80,80.23,1,4,-1,-1
16,94,1574.65,376.48,51.48,88.61,1,1,-1,-1
16,85,1547.77,150.45,127.61,66.99,1,4,-1,-1
16,40,1370.95,3.11,17.00,41.00,1,1,-1,-1
16,34,185.90,605.25,78.71,92.90,1,10,-1,-1
16,20,1359.69,407.51,50.51,88.30,1,2,-1,-1
16,14,890.95,32.84,23.00,35.00,1,2,-1,-1
17,124,491.64,143.82,166.87,70.35,1,4,-1,-1
17,123,331.12,19.63,25.87,46.78,1,2,-1,-1
17,107,778.16,445.00,48.56,112.59,1,1,-1,-1
17,101,277.73,221.44,223.97,80.29,1,4,-1,-1
17,94,1579.73,377.41,52.18,89.47,1,1,-1,-1
17,85,1540.77,151.53,127.36,67.77,1,4,-1,-1
17,67,1342.91,1.91,18.00,41.00,1,1,-1,-1
17,34,187.71,628.03,85.69,110.89,1,10,-1,-1
17,23,1259.37,203.79,156.40,83.94,1,4,-1,-1
17,20,1372.35,406.38,48.24,88.04,1,2,-1,-1
17,14,891.30,33.07,23.00,35.00,1,2,-1,-1
18,124,481.49,142.78,167.96,70.43,1,4,-1,-1
18,101,290.10,221.56,223.58,80.15,1,4,-1,-1
18,94,1584.88,378.99,52.96,90.09,1,1,-1,-1
18,85,1533.81,152.60,127.22,68.62,1,4,-1,-1
18,65,792.44,196.18,130.04,84.39,1,7,-1,-1
18,34,186.95,627.49,76.63,98.65,1,10,-1,-1
18,25,1676.13,397.54,58.16,94.58,1,1,-1,-1
18,20,1382.82,405.44,46.04,87.76,1,2,-1,-1
19,137,1067.00,110.89,154.00,58.00,1,4,-1,-1
19,124,471.46,141.76,168.96,70.48,1,4,-1,-1
19,117,1301.00,4.53,18.00,45.00,1,2,-1,-1
19,101,302.58,221.72,222.94,79.92,1,4,-1,-1
19,100,191.23,632.71,59.93,93.65,1,10,-1,-1
19,94,1590.01,380.30,53.84,90.89,1,1,-1,-1
19,85,1529.59,154.82,127.03,69.21,1,4,-1,-1
19,20,1387.38,405.10,45.47,89.02,1,2,-1,-1
19,7,378.50,8.87,23.00,47.00,1,2,-1,-1
20,147,859.10,45.05,34.48,33.81,1,10,-1,-1
20,137,1055.82,111.85,154.46,58.06,1,4,-1,-1
20,125,521.32,73.80,26.95,57.97,1,1,-1,-1
20,124,461.48,140.74,169.94,70.52,1,4,-1,-1
20,115,912.78,1.07,48.40,47.86,1,4,-1,-1
20,101,320.76,212.10,210.87,75.52,1,4,-1,-1
20,100,190.66,628.47,58.56,82.66,1,10,-1,-1
20,85,1526.35,157.50,126.83,69.61,1,4,-1,-1
20,54,1479.34,107.13,146.54,57.31,1,4,-1,-1
20,47,1019.73,195.07,55.33,71.64,1,2,-1,-1
21,155,1293.95,14.00,17.00,40.00,1,1,-1,-1
21,145,510.54,68.76,25.15,55.23,1,1,-1,-1
21,138,1278.45,8.16,18.56,40.72,1,1,-1,-1
21,137,1044.78,112.82,155.13,58.13,1,4,-1,-1
21,127,1389.80,445.80,92.30,68.79,1,2,-1,-1
21,125,521.00,74.82,26.95,57.97,1,1,-1,-1
21,54,1472.41,108.01,146.40,57.51,1,4,-1,-1
21,47,1011.00,199.26,52.80,68.92,1,2,-1,-1
22,164,394.95,7.03,17.10,45.84,1,2,-1,-1
22,156,1629.71,651.34,274.70,235.16,1,4,-1,-1
22,155,1295.19,15.00,17.00,40.00,1,1,-1,-1
22,145,508.54,70.41,25.23,55.45,1,1,-1,-1
22,127,1399.58,449.42,92.83,68.21,1,2,-1,-1
22,65,820.11,197.09,130.58,84.73,1,7,-1,-1
22,47,1003.22,200.82,50.99,66.94,1,2,-1,-1
22,40,1381.60,5.49,17.00,41.00,1,1,-1,-1
22,25,1695.13,403.25,65.45,106.24,1,1,-1,-1
23,171,185.45,681.56,54.11,73.99,1,2,-1,-1
23,164,394.96,6.97,17.09,45.95,1,2,-1,-1
23,156,1636.60,660.08,268.67,234.59,1,4,-1,-1
23,155,1296.96,16.00,17.00,40.00,1,1,-1,-1
23,154,840.04,493.75,48.92,114.26,1,1,-1,-1
23,143,24.74,128.06,153.61,66.97,1,4,-1,-1
23,136,994.87,226.37,60.67,46.38,1,10,-1,-1
23,127,1409.47,453.46,93.17,67.80,1,2,-1,-1
23,47,990.93,188.64,49.38,65.19,1,2,-1,-1
23,40,1383.63,6.45,17.00,41.00,1,1,-1,-1
23,25,1702.37,403.01,63.22,103.08,1,1,-1,-1
23,17,1180.51,416.03,47.28,81.83,1,2,-1,-1
23,7,377.95,11.02,22.63,46.25,1,2,-1,-1
24,182,853.76,41.54,29.87,34.92,1,10,-1,-1
24,171,172.35,681.58,52.89,70.69,1,2,-1,-1
24,170,168.75,662.10,73.75,110.04,1,2,-1,-1
24,164,394.94,7.11,17.13,46.42,1,2,-1,-1
24,156,1643.78,669.00,261.68,234.06,1,4,-1,-1
24,155,1298.87,17.16,17.05,40.39,1,1,-1,-1
24,154,859.45,511.83,39.67,92.91,1,1,-1,-1
24,143,10.52,128.27,151.06,67.59,1,4,-1,-1
24,136,986.86,226.23,60.75,46.26,1,10,-1,-1
24,127,1419.42,457.62,93.39,67.49,1,2,-1,-1
24,17,1190.49,420.99,47.02,83.11,1,2,-1,-1
25,183,509.24,193.74,156.96,72.51,1,4,-1,-1
25,180,1001.61,117.47,153.25,56.09,1,4,-1,-1
25,177,880.00,499.00,53.00,118.00,1,1,-1,-1
25,170,161.76,669.55,73.15,111.80,1,2,-1,-1
25,164,393.50,7.81,17.14,46.70,1,2,-1,-1
25,155,1300.86,18.86,17.07,40.63,1,1,-1,-1
25,154,872.78,481.36,53.27,122.88,1,1,-1,-1
25,136,978.86,226.27,60.81,46.18,1,10,-1,-1
25,54,1446.32,112.57,146.14,57.83,1,4,-1,-1
25,17,1200.59,426.72,46.84,84.31,1,2,-1,-1
25,14,897.03,36.70,23.00,35.00,1,2,-1,-1
26,186,735.06,165.00,166.00,81.00,1,4,-1,-1
26,183,521.93,206.42,123.10,57.24,1,4,-1,-1
26,180,995.04,119.76,145.60,52.75,1,4,-1,-1
26,177,889.00,504.00,53.00,118.00,1,1,-1,-1
26,176,400.51,13.16,20.07,50.11,1,2,-1,-1
26,173,868.82,32.98,23.00,34.00,1,2,-1,-1
26,170,154.79,677.67,72.69,112.92,1,2,-1,-1
26,155,1302.86,20.76,17.07,40.79,1,1,-1,-1
26,136,969.52,227.03,60.86,46.13,1,10,-1,-1
26,131,355.79,9.10,24.32,50.95,1,2,-1,-1
26,85,1511.82,178.37,126.56,70.96,1,4,-1,-1
26,54,1439.81,113.80,146.40,57.89,1,4,-1,-1
26,17,1211.37,432.28,46.73,85.73,1,2,-1,-1
27,186,728.81,166.76,166.00,81.00,1,4,-1,-1
27,183,525.50,203.88,137.00,64.02,1,4,-1,-1
27,180,987.22,122.28,142.66,51.34,1,4,-1,-1
27,173,869.13,33.98,23.00,34.00,1,2,-1,-1
27,170,144.61,696.59,63.91,93.45,1,2,-1,-1
27,155,1305.55,22.73,17.07,40.89,1,1,-1,-1
27,136,960.36,228.04,60.89,46.09,1,10,-1,-1
27,115,908.39,-9.31,55.46,55.36,1,4,-1,-1
27,85,1508.77,182.78,126.83,72.03,1,4,-1,-1
27,54,1433.32,115.53,147.18,57.94,1,4,-1,-1
27,47,963.81,189.62,43.13,57.32,1,2,-1,-1
28,209,1217.47,251.20,166.81,101.59,1,4,-1,-1
28,204,1205.70,479.03,103.11,65.10,1,3,-1,-1
28,186,720.02,167.25,166.40,81.05,1,4,-1,-1
28,185,340.12,12.69,23.90,41.28,1,2,-1,-1
28,180,978.55,124.64,142.07,50.90,1,4,-1,-1
28,170,138.16,713.43,57.42,80.59,1,2,-1,-1
28,155,1307.82,24.73,17.07,40.96,1,1,-1,-1
28,136,951.27,229.12,60.92,46.06,1,10,-1,-1
28,127,1461.85,480.45,101.86,66.94,1,2,-1,-1
28,115,912.69,-2.80,53.30,53.23,1,4,-1,-1
28,85,1505.39,187.33,127.76,73.69,1,4,-1,-1
28,54,1426.75,117.45,148.31,58.00,1,4,-1,-1
28,47,956.29,199.35,43.94,58.44,1,2,-1,-1
29,215,515.06,85.16,27.09,57.52,1,1,-1,-1
29,214,372.00,14.00,23.00,47.00,1,2,-1,-1
29,209,1213.57,257.28,169.02,103.44,1,4,-1,-1
29,204,1217.72,486.05,102.95,65.02,1,3,-1,-1
29,202,1342.74,14.11,23.00,41.00,1,1,-1,-1
29,201,1321.78,18.95,18.14,46.96,1,2,-1,-1
29,186,711.19,167.87,166.82,80.74,1,4,-1,-1
29,185,337.39,13.74,23.90,41.14,1,2,-1,-1
29,180,969.39,126.82,142.60,50.92,1,4,-1,-1
29,170,137.75,737.55,49.20,67.01,1,2,-1,-1
29,155,1310.58,26.74,17.06,41.00,1,1,-1,-1
29,136,942.22,229.55,60.94,46.04,1,10,-1,-1
29,115,915.32,0.68,51.79,51.74,1,4,-1,-1
29,85,1502.11,191.66,128.46,75.44,1,4,-1,-1
29,54,1419.91,119.45,149.41,58.04,1,4,-1,-1
29,47,947.73,203.61,44.49,59.21,1,2,-1,-1
29,14,899.24,39.76,23.00,35.00,1,2,-1,-1
30,220,493.00,86.00,25.00,54.00,1,1,-1,-1
30,215,514.11,86.77,27.04,57.30,1,1,-1,-1
30,209,1209.70,263.30,171.58,105.39,1,4,-1,-1
30,204,1229.53,495.21,104.26,65.33,1,3,-1,-1
30,202,1342.98,15.10,23.00,41.00,1,1,-1,-1
30,196,336.79,150.56,179.43,69.52,1,4,-1,-1
30,186,702.35,168.61,167.31,80.20,1,4,-1,-1
30,185,335.15,14.64,23.85,40.69,1,2,-1,-1
30,176,399.25,14.21,21.57,52.58,1,2,-1,-1
30,170,129.40,745.23,47.04,62.81,1,2,-1,-1
30,155,1312.87,28.09,17.06,41.03,1,1,-1,-1
30,144,218.54,191.80,197.61,91.28,1,4,-1,-1
30,136,933.85,230.39,60.95,46.03,1,10,-1,-1
30,85,1498.59,196.06,129.64,77.59,1,4,-1,-1
30,14,899.97,40.76,23.00,35.00,1,2,-1,-1
31,220,491.78,88.00,25.00,54.00,1,1,-1,-1
31,215,513.84,87.97,27.01,57.19,1,1,-1,-1
31,202,1343.06,16.78,23.00,41.00,1,1,-1,-1
31,195,402.00,251.41,218.78,81.67,1,4,-1,-1
31,185,333.07,15.68,23.83,40.40,1,2,-1,-1
31,176,398.23,15.08,21.72,52.77,1,2,-1,-1
31,173,871.82,37.99,23.00,34.00,1,2,-1,-1
31,170,121.49,755.50,45.77,60.27,1,2,-1,-1
31,155,1315.64,29.86,17.05,41.05,1,1,-1,-1
31,85,1495.22,200.24,130.50,79.70,1,4,-1,-1
32,236,889.00,230.89,131.00,85.00,1,7,-1,-1
32,234,107.93,735.64,80.58,109.02,1,2,-1,-1
32,217,1519.70,508.84,98.75,77.66,1,2,-1,-1
32,215,513.08,89.04,27.00,57.12,1,1,-1,-1
32,185,331.04,16.75,23.83,40.20,1,2,-1,-1
32,176,397.20,16.68,21.82,52.89,1,2,-1,-1
32,173,872.14,38.99,23.00,34.00,1,2,-1,-1
32,170,114.27,765.85,45.11,58.81,1,2,-1,-1
32,155,1317.93,31.13,17.05,41.06,1,1,-1,-1
32,85,1492.12,204.51,131.46,82.07,1,4,-1,-1
33,236,896.00,234.88,131.00,85.00,1,7,-1,-1
33,234,89.42,737.60,81.02,114.62,1,2,-1,-1
33,217,1531.04,522.40,107.73,74.22,1,2,-1,-1
33,215,512.14,90.06,26.99,57.07,1,1,-1,-1
33,214,366.60,18.00,23.00,47.00,1,2,-1,-1
33,201,1334.49,26.92,18.09,47.09,1,2,-1,-1
33,176,394.83,17.89,21.89,52.97,1,2,-1,-1
33,155,1320.69,32.87,17.05,41.07,1,1,-1,-1
33,115,919.29,7.46,49.04,49.41,1,4,-1,-1
33,85,1490.61,209.88,132.73,84.39,1,4,-1,-1
33,54,1392.04,128.36,155.82,58.49,1,4,-1,-1
33,47,912.74,211.51,45.40,60.50,1,2,-1,-1
34,234,90.82,748.46,79.53,115.85,1,2,-1,-1
34,215,505.07,80.89,30.22,63.67,1,1,-1,-1
34,214,363.73,19.69,23.00,47.00,1,2,-1,-1
34,201,1337.76,28.92,18.07,47.10,1,2,-1,-1
34,155,1323.62,34.78,17.04,41.07,1,1,-1,-1
34,54,1384.34,131.47,158.13,59.04,1,4,-1,-1
34,47,904.39,213.36,45.49,60.62,1,2,-1,-1
35,253,79.19,751.24,85.52,94.21,1,2,-1,-1
35,242,308.17,35.20,24.05,45.58,1,2,-1,-1
35,214,370.41,21.50,20.57,45.87,1,2,-1,-1
35,202,1343.73,22.03,23.00,41.00,1,1,-1,-1
35,195,430.61,266.70,223.88,85.37,1,4,-1,-1
35,54,1376.38,134.65,160.39,59.72,1,4,-1,-1
35,47,894.96,214.72,45.55,60.71,1,2,-1,-1
36,265,1300.23,555.26,121.39,67.67,1,3,-1,-1
36,263,1409.95,22.04,23.00,41.00,1,1,-1,-1
36,254,869.00,75.13,30.00,33.00,1,10,-1,-1
36,253,66.30,768.27,86.37,94.90,1,2,-1,-1
36,247,1764.21,481.19,67.60,101.80,1,1,-1,-1
36,242,305.18,37.96,23.99,45.63,1,2,-1,-1
36,214,371.95,23.40,18.91,44.92,1,2,-1,-1
36,209,1176.01,295.54,207.17,131.56,1,4,-1,-1
36,170,73.49,815.19,45.17,58.11,1,2,-1,-1
36,144,226.23,214.09,203.68,93.30,1,4,-1,-1
36,47,885.79,216.53,45.59,60.77,1,2,-1,-1
37,265,1314.43,566.07,123.10,67.82,1,3,-1,-1
37,263,1412.19,23.81,23.00,41.00,1,1,-1,-1
37,254,869.00,77.92,30.00,33.00,1,10,-1,-1
37,253,60.65,806.44,70.94,85.54,1,2,-1,-1
37,242,302.17,40.90,23.96,45.67,1,2,-1,-1
37,217,1616.39,534.68,92.79,82.17,1,2,-1,-1
37,214,370.80,25.51,17.78,44.33,1,2,-1,-1
37,209,1175.41,306.76,203.16,130.95,1,4,-1,-1
37,170,58.31,830.12,45.72,59.08,1,2,-1,-1
37,144,227.05,218.09,205.38,93.44,1,4,-1,-1
38,276,578.39,146.32,266.81,120.59,1,4,-1,-1
38,275,332.00,32.15,23.00,48.00,1,2,-1,-1
38,265,1328.80,577.02,125.30,68.01,1,3,-1,-1
38,263,1414.96,25.04,23.00,41.00,1,1,-1,-1
38,242,299.15,43.21,23.94,45.71,1,2,-1,-1
38,217,1649.74,542.92,84.63,85.14,1,2,-1,-1
38,209,1173.47,317.60,201.31,132.13,1,4,-1,-1
38,144,228.01,222.11,207.16,93.54,1,4,-1,-1
38,14,903.93,56.21,23.00,35.00,1,2,-1,-1
39,286,851.51,245.69,66.86,46.71,1,10,-1,-1
39,283,55.47,286.32,212.17,83.46,1,4,-1,-1
39,265,1342.96,588.03,127.37,68.13,1,3,-1,-1
39,263,1417.18,26.82,23.00,41.00,1,1,-1,-1
39,209,1170.45,327.33,201.41,134.54,1,4,-1,-1
39,144,229.00,226.13,209.00,93.62,1,4,-1,-1
40,286,842.34,248.40,67.98,46.82,1,10,-1,-1
40,263,1419.93,28.07,23.00,41.00,1,1,-1,-1
40,256,1007.00,641.20,57.66,121.04,1,1,-1,-1
40,176,374.58,30.66,22.02,53.08,1,2,-1,-1
40,144,229.29,230.51,210.98,94.28,1,4,-1,-1
41,302,537.03,170.84,239.13,105.43,1,4,-1,-1
41,286,829.47,251.39,68.57,46.79,1,10,-1,-1
41,263,1422.86,29.83,23.00,41.00,1,1,-1,-1
41,256,1018.30,670.60,54.90,125.24,1,1,-1,-1
41,176,371.54,32.67,22.02,53.08,1,2,-1,-1
41,144,229.30,235.58,213.06,95.34,1,4,-1,-1
42,311,1391.76,33.78,22.59,32.94,1,3,-1,-1
42,302,549.15,187.92,218.52,95.77,1,4,-1,-1
42,286,816.26,254.44,68.92,46.72,1,10,-1,-1
42,263,1425.48,31.12,23.73,41.61,1,1,-1,-1
42,195,476.71,304.58,238.50,89.00,1,4,-1,-1
42,176,369.15,34.69,22.02,53.07,1,2,-1,-1
42,144,232.79,231.46,199.53,89.30,1,4,-1,-1
42,85,1488.56,273.25,145.06,102.20,1,4,-1,-1
42,14,904.90,63.72,23.00,35.00,1,2,-1,-1
43,319,901.02,89.14,24.00,34.72,1,10,-1,-1
43,311,1394.83,35.29,22.66,33.46,1,3,-1,-1
43,263,1428.42,32.77,24.55,42.07,1,1,-1,-1
43,176,366.35,36.06,22.02,53.07,1,2,-1,-1
43,85,1488.79,282.37,146.29,104.96,1,4,-1,-1
44,325,280.09,53.03,24.00,46.00,1,2,-1,-1
44,319,901.81,92.12,23.98,34.76,1,10,-1,-1
44,318,50.93,200.44,222.44,77.44,1,4,-1,-1
44,311,1397.88,37.12,22.71,33.81,1,3,-1,-1
44,309,1734.64,683.53,123.01,62.72,1,3,-1,-1
44,176,363.39,37.84,22.02,53.07,1,2,-1,-1
45,332,783.15,243.15,46.00,60.00,1,2,-1,-1
45,331,349.09,37.16,16.04,47.67,1,2,-1,-1
45,320,1003.86,284.71,143.26,101.90,1,7,-1,-1
45,319,902.05,93.62,23.96,34.80,1,10,-1,-1
45,318,30.07,206.56,221.50,77.34,1,4,-1,-1
45,311,1400.92,39.05,22.74,34.07,1,3,-1,-1
45,309,1756.52,699.49,123.14,62.87,1,3,-1,-1
45,265,1470.79,626.63,78.71,91.27,1,3,-1,-1
45,256,1069.38,730.48,62.08,154.25,1,1,-1,-1
45,202,1359.35,53.35,17.84,44.05,1,1,-1,-1
45,176,360.39,39.77,22.02,53.07,1,2,-1,-1
46,340,924.55,17.34,54.68,61.37,1,4,-1,-1
46,339,873.85,66.85,23.00,35.00,1,2,-1,-1
46,332,766.13,242.31,46.59,60.67,1,2,-1,-1
46,319,902.11,94.69,23.96,34.83,1,10,-1,-1
46,256,1081.13,742.29,61.31,148.20,1,1,-1,-1
46,176,357.36,41.76,22.02,53.07,1,2,-1,-1
46,14,905.56,72.65,23.00,34.83,1,2,-1,-1
47,353,1347.22,40.56,22.79,42.78,1,1,-1,-1
47,340,924.50,18.18,55.75,63.24,1,4,-1,-1
47,337,328.87,44.00,23.00,47.00,1,2,-1,-1
47,319,902.12,95.63,23.95,34.86,1,10,-1,-1
47,256,1089.84,761.61,60.74,144.05,1,1,-1,-1
47,14,905.34,74.80,23.00,34.88,1,2,-1,-1
48,357,511.30,347.73,259.54,101.54,1,4,-1,-1
48,355,202.80,276.11,231.51,105.89,1,4,-1,-1
48,353,1347.10,41.62,22.96,42.43,1,1,-1,-1
48,351,1343.45,67.30,19.27,42.16,1,1,-1,-1
48,325,264.01,55.55,24.05,46.39,1,2,-1,-1
48,256,1098.05,784.18,60.31,141.11,1,1,-1,-1
48,14,904.59,78.16,23.00,34.91,1,2,-1,-1
49,372,1111.78,843.52,62.38,145.99,1,1,-1,-1
49,355,197.93,282.04,234.05,107.05,1,4,-1,-1
49,353,1347.78,43.42,23.06,42.16,1,1,-1,-1
49,351,1345.28,72.19,20.10,42.44,1,1,-1,-1
49,320,1041.81,309.75,152.40,105.67,1,7,-1,-1
49,256,1106.07,807.77,59.98,138.98,1,1,-1,-1
49,14,903.64,81.99,23.00,34.93,1,2,-1,-1
50,376,1467.17,348.72,153.66,129.56,1,4,-1,-1
50,375,1497.30,704.89,150.49,99.13,1,3,-1,-1
50,373,594.21,330.64,155.90,69.14,1,4,-1,-1
50,372,1116.30,867.09,67.11,150.49,1,1,-1,-1
50,367,1201.61,189.26,189.58,71.61,1,4,-1,-1
50,358,690.94,289.61,69.00,46.00,1,10,-1,-1
50,351,1350.84,68.16,18.99,41.57,1,1,-1,-1
50,320,1044.03,317.83,154.38,106.91,1,7,-1,-1
50,14,898.05,84.68,23.00,34.95,1,2,-1,-1
51,381,271.09,52.30,23.21,47.22,1,2,-1,-1
51,376,1446.19,357.80,194.77,166.42,1,4,-1,-1
51,373,588.54,337.55,189.93,83.56,1,4,-1,-1
51,358,659.45,295.58,69.00,46.00,1,10,-1,-1
51,351,1350.54,64.96,18.55,43.11,1,1,-1,-1
51,348,37.19,378.47,248.10,101.09,1,4,-1,-1
51,340,884.75,25.77,54.35,62.30,1,4,-1,-1
51,320,1045.11,326.08,156.42,108.40,1,7,-1,-1
52,381,262.24,55.68,22.83,47.40,1,2,-1,-1
52,376,1439.68,364.09,185.79,159.12,1,4,-1,-1
52,373,580.98,330.46,201.62,88.11,1,4,-1,-1
52,357,485.81,386.19,277.04,110.05,1,4,-1,-1
52,340,873.01,28.53,55.64,63.42,1,4,-1,-1
52,320,1046.32,334.37,158.17,110.02,1,7,-1,-1
53,403,1469.28,176.33,164.36,78.35,1,4,-1,-1
53,402,1384.91,49.93,28.72,45.18,1,1,-1,-1
53,401,1350.70,49.74,23.00,35.00,1,3,-1,-1
53,398,1049.17,529.43,257.50,226.02,1,4,-1,-1
53,381,256.06,60.24,23.35,49.89,1,2,-1,-1
53,376,1427.20,374.83,183.83,157.13,1,4,-1,-1
53,373,578.76,333.07,209.62,91.38,1,4,-1,-1
53,357,473.12,397.13,282.87,112.02,1,4,-1,-1
54,414,1320.05,68.12,17.70,43.94,1,1,-1,-1
54,404,1630.05,207.44,186.34,89.72,1,4,-1,-1
54,403,1456.77,180.21,166.19,79.04,1,4,-1,-1
54,398,1038.05,548.42,263.48,234.69,1,4,-1,-1
54,381,249.24,63.48,23.54,51.34,1,2,-1,-1
54,372,1159.59,976.86,79.82,112.99,1,1,-1,-1
54,367,1139.31,208.09,198.81,75.76,1,4,-1,-1
55,428,1601.42,855.51,144.29,85.02,1,3,-1,-1
55,427,1317.55,85.20,16.47,36.02,1,1,-1,-1
55,420,187.96,74.12,23.18,48.39,1,2,-1,-1
55,417,1274.41,54.92,23.51,42.95,1,1,-1,-1
55,414,1322.80,70.39,17.54,44.91,1,1,-1,-1
55,403,1447.98,184.85,168.74,79.58,1,4,-1,-1
55,398,1029.41,567.73,269.20,243.65,1,4,-1,-1
55,358,542.05,315.57,74.79,46.05,1,10,-1,-1
56,433,135.85,82.30,24.22,50.35,1,2,-1,-1
56,428,1630.20,883.33,145.38,83.57,1,3,-1,-1
56,427,1318.15,82.86,16.70,37.58,1,1,-1,-1
56,425,833.16,120.65,24.30,33.68,1,10,-1,-1
56,420,181.13,77.83,23.17,48.38,1,2,-1,-1
56,419,131.21,343.16,270.98,118.56,1,4,-1,-1
56,417,1274.22,57.40,23.72,43.93,1,1,-1,-1
56,414,1325.18,73.11,17.41,45.53,1,1,-1,-1
56,403,1439.98,190.44,171.73,80.00,1,4,-1,-1
56,398,1018.76,593.46,276.50,255.05,1,4,-1,-1
56,358,515.47,312.58,66.17,47.92,1,10,-1,-1
56,340,843.91,37.60,58.13,64.84,1,4,-1,-1
56,320,1091.12,361.18,165.94,115.63,1,7,-1,-1
57,433,128.65,85.59,23.84,50.79,1,2,-1,-1
57,428,1659.16,911.64,146.55,81.13,1,3,-1,-1
57,425,833.38,123.48,24.10,33.91,1,10,-1,-1
57,417,1274.18,59.85,23.89,45.19,1,1,-1,-1
57,414,1328.11,75.98,17.31,45.96,1,1,-1,-1
57,403,1432.00,195.65,175.01,80.30,1,4,-1,-1
57,373,570.06,357.77,255.34,110.76,1,4,-1,-1
57,320,1108.73,368.12,168.12,117.21,1,7,-1,-1
58,433,122.22,83.53,19.53,42.67,1,2,-1,-1
58,428,1690.82,949.40,128.13,68.30,1,3,-1,-1
58,417,1274.22,61.87,23.91,45.93,1,1,-1,-1
58,381,224.64,75.15,22.91,52.91,1,2,-1,-1
58,373,575.65,366.96,249.63,108.23,1,4,-1,-1
58,366,198.56,272.89,251.21,102.75,1,4,-1,-1
58,320,1126.87,375.02,170.21,118.61,1,7,-1,-1
59,460,140.89,81.85,22.00,45.00,1,2,-1,-1
59,454,792.59,135.72,29.26,33.94,1,10,-1,-1
59,448,1359.23,64.87,23.00,35.00,1,3,-1,-1
59,446,486.90,223.61,246.37,91.48,1,4,-1,-1
59,433,115.33,90.95,21.13,47.07,1,2,-1,-1
59,428,1720.11,972.79,137.00,70.21,1,3,-1,-1
59,373,580.30,376.12,246.83,107.17,1,4,-1,-1
59,366,188.83,294.71,219.41,90.84,1,4,-1,-1
59,357,502.30,455.23,305.17,123.03,1,4,-1,-1
59,320,1145.18,382.11,172.30,120.18,1,7,-1,-1
60,473,1401.95,65.00,28.00,48.00,1,1,-1,-1
60,466,1450.46,490.72,173.97,174.07,1,4,-1,-1
60,463,818.30,108.88,23.00,35.00,1,2,-1,-1
60,446,465.86,243.06,240.02,89.68,1,4,-1,-1
60,433,102.68,95.75,21.97,49.64,1,2,-1,-1
60,398,972.92,707.87,309.54,308.55,1,4,-1,-1
60,373,584.24,384.89,245.81,106.76,1,4,-1,-1
60,366,148.21,296.70,236.34,98.94,1,4,-1,-1
60,357,504.29,468.58,309.09,126.31,1,4,-1,-1
60,340,842.96,47.25,58.66,64.96,1,4,-1,-1
61,480,376.55,370.23,91.75,48.44,1,10,-1,-1
61,446,444.27,254.61,237.70,89.73,1,4,-1,-1
61,425,818.20,135.23,23.90,34.44,1,10,-1,-1
61,373,588.14,394.09,245.67,106.75,1,4,-1,-1
61,366,110.70,301.98,249.44,105.61,1,4,-1,-1
61,357,505.64,482.55,312.48,130.62,1,4,-1,-1
61,340,824.11,49.49,62.72,68.29,1,4,-1,-1
62,481,1568.23,256.49,204.14,91.00,1,4,-1,-1
62,480,346.39,379.32,92.29,49.30,1,10,-1,-1
62,446,422.27,263.60,237.41,90.50,1,4,-1,-1
62,444,303.28,193.56,33.07,73.14,1,1,-1,-1
62,373,591.46,404.56,246.99,107.97,1,4,-1,-1
62,366,74.83,308.65,260.21,111.42,1,4,-1,-1
62,357,506.45,496.38,315.60,135.39,1,4,-1,-1
62,340,822.64,51.67,63.11,67.38,1,4,-1,-1
63,488,763.87,119.85,23.00,35.00,1,2,-1,-1
63,481,1552.58,262.32,207.07,92.82,1,4,-1,-1
63,480,316.97,388.39,92.64,50.16,1,10,-1,-1
63,472,1289.49,91.98,21.95,50.56,1,1,-1,-1
63,446,398.39,272.85,239.35,91.79,1,4,-1,-1
63,444,287.90,200.61,33.33,73.72,1,1,-1,-1
63,366,39.91,315.94,269.47,116.67,1,4,-1,-1
63,357,507.55,510.25,318.26,140.76,1,4,-1,-1
63,320,1210.24,416.59,178.88,126.60,1,7,-1,-1
64,488,754.69,123.84,23.00,35.00,1,2,-1,-1
64,481,1538.10,268.58,209.21,94.96,1,4,-1,-1
64,480,280.11,400.28,93.28,51.10,1,10,-1,-1
64,472,1285.73,93.94,21.91,51.74,1,1,-1,-1
64,446,337.76,271.19,296.16,113.92,1,4,-1,-1
64,444,271.82,206.97,33.48,74.05,1,1,-1,-1
64,320,1225.35,425.73,180.17,128.42,1,7,-1,-1
65,505,1334.50,255.05,173.19,77.51,1,4,-1,-1
65,501,963.20,294.35,193.63,79.16,1,4,-1,-1
65,498,784.56,147.52,25.31,36.94,1,10,-1,-1
65,481,1523.89,274.40,210.63,97.62,1,4,-1,-1
65,480,238.47,399.16,78.53,51.32,1,10,-1,-1
65,472,1281.82,96.39,21.83,52.49,1,1,-1,-1
65,454,743.09,154.50,29.17,40.04,1,10,-1,-1
65,444,255.53,213.10,33.56,74.23,1,1,-1,-1
66,512,774.96,134.11,23.00,35.00,1,2,-1,-1
66,508,71.15,459.04,312.55,132.77,1,4,-1,-1
66,505,1304.28,249.34,186.51,84.05,1,4,-1,-1
66,501,962.42,309.83,179.90,74.45,1,4,-1,-1
66,498,774.25,152.36,25.37,37.03,1,10,-1,-1
66,495,1293.54,106.75,17.00,41.00,1,1,-1,-1
66,494,1227.07,84.32,25.06,50.12,1,1,-1,-1
66,481,1510.22,280.47,211.62,100.34,1,4,-1,-1
66,480,199.17,407.34,68.58,51.91,1,10,-1,-1
66,472,1277.86,98.40,21.75,52.98,1,1,-1,-1
67,508,64.67,471.52,320.10,136.34,1,4,-1,-1
67,505,1281.81,251.14,194.62,88.40,1,4,-1,-1
67,498,765.82,156.76,26.18,37.62,1,10,-1,-1
67,495,1287.49,111.55,17.00,41.00,1,1,-1,-1
67,481,1498.51,286.50,213.03,101.93,1,4,-1,-1
67,480,160.10,419.10,61.82,52.87,1,10,-1,-1
67,471,198.88,224.25,29.64,75.06,1,1,-1,-1
67,460,96.19,84.23,20.76,49.97,1,2,-1,-1
67,357,526.13,568.87,335.77,155.71,1,4,-1,-1
68,508,9.75,470.36,422.98,180.65,1,4,-1,-1
68,505,1221.90,245.36,243.06,111.32,1,4,-1,-1
68,503,1320.43,85.08,23.00,35.00,1,3,-1,-1
68,498,758.43,161.17,27.10,38.72,1,10,-1,-1
68,481,1487.25,292.88,215.06,103.07,1,4,-1,-1
68,480,120.66,431.67,57.25,54.22,1,10,-1,-1
68,446,258.41,315.68,279.28,107.11,1,4,-1,-1
68,357,531.38,583.78,340.54,158.70,1,4,-1,-1
69,503,1309.86,81.51,28.16,42.79,1,3,-1,-1
69,498,751.39,165.35,28.01,39.74,1,10,-1,-1
69,481,1476.52,299.48,217.24,103.84,1,4,-1,-1
69,444,197.35,239.32,33.19,77.37,1,1,-1,-1
69,433,34.71,121.09,22.68,47.74,1,2,-1,-1
69,357,536.33,598.82,345.93,161.71,1,4,-1,-1
70,481,1465.42,306.21,219.89,104.38,1,4,-1,-1
70,472,1262.55,108.64,21.51,53.63,1,1,-1,-1
70,444,183.78,245.70,32.75,78.69,1,1,-1,-1
70,357,541.57,614.39,351.43,164.42,1,4,-1,-1
71,513,1449.64,750.93,228.31,292.29,1,4,-1,-1
71,495,1265.96,129.97,17.00,41.00,1,1,-1,-1
71,481,1454.74,313.03,222.88,104.76,1,4,-1,-1
71,444,170.63,252.44,32.44,79.95,1,1,-1,-1
71,357,550.92,631.21,357.40,167.51,1,4,-1,-1
72,505,1185.20,276.52,226.41,106.54,1,4,-1,-1
72,495,1264.15,134.91,15.22,38.00,1,1,-1,-1
72,357,562.41,648.43,363.71,170.87,1,4,-1,-1
73,505,1170.13,284.12,226.45,107.26,1,4,-1,-1
73,498,725.37,165.24,24.42,36.09,1,10,-1,-1
73,495,1262.06,139.53,15.76,38.98,1,1,-1,-1
74,562,723.58,190.54,35.13,48.65,1,10,-1,-1
74,551,732.61,84.49,79.42,73.76,1,4,-1,-1
74,550,678.18,189.44,28.37,48.86,1,10,-1,-1
74,505,1154.34,292.06,227.44,108.12,1,4,-1,-1
74,495,1260.05,143.62,16.13,39.62,1,1,-1,-1
75,565,676.86,562.52,294.23,150.91,1,4,-1,-1
75,550,674.18,193.05,28.69,50.46,1,10,-1,-1
75,505,1138.04,299.81,229.24,109.68,1,4,-1,-1
75,481,1406.26,347.01,237.04,114.08,1,4,-1,-1
76,565,690.39,575.06,297.40,154.07,1,4,-1,-1
76,559,43.91,591.25,388.40,168.08,1,4,-1,-1
76,550,671.92,197.11,29.12,51.22,1,10,-1,-1
76,505,1121.54,307.67,231.36,111.09,1,4,-1,-1
76,481,1395.97,328.60,272.00,131.27,1,4,-1,-1
77,559,51.41,607.52,395.07,172.78,1,4,-1,-1
77,550,670.14,201.12,29.75,52.13,1,10,-1,-1
77,498,714.08,182.86,23.68,35.68,1,10,-1,-1
77,481,1384.38,352.40,264.59,127.59,1,4,-1,-1
78,559,59.28,623.82,401.22,177.49,1,4,-1,-1
78,550,668.48,205.45,30.44,52.40,1,10,-1,-1
78,498,713.23,187.72,23.56,35.60,1,10,-1,-1
78,481,1377.22,368.38,259.46,124.90,1,4,-1,-1
79,577,1261.55,165.79,15.97,38.04,1,1,-1,-1
79,571,1274.19,141.87,17.00,47.00,1,2,-1,-1
79,559,67.88,640.25,407.19,182.60,1,4,-1,-1
79,498,712.46,192.75,23.48,35.54,1,10,-1,-1
80,577,1262.68,169.20,15.72,37.58,1,1,-1,-1
80,571,1275.56,145.88,17.00,47.00,1,2,-1,-1
80,570,578.95,425.78,295.25,127.30,1,4,-1,-1
80,565,747.86,626.48,312.75,168.69,1,4,-1,-1
80,559,76.60,656.67,412.59,187.92,1,4,-1,-1
80,505,1057.27,339.90,242.60,119.87,1,4,-1,-1
80,498,709.91,197.16,23.72,35.53,1,10,-1,-1
81,593,1326.04,117.04,23.00,35.00,1,3,-1,-1
81,592,1259.89,150.11,23.00,53.00,1,1,-1,-1
81,584,713.88,820.88,430.48,198.00,1,4,-1,-1
81,571,1275.43,139.94,22.36,58.57,1,2,-1,-1
81,570,546.17,437.74,303.79,132.07,1,4,-1,-1
81,565,763.64,639.43,316.89,172.74,1,4,-1,-1
81,559,85.17,672.81,418.08,193.17,1,4,-1,-1
82,592,1261.88,153.91,23.00,53.00,1,1,-1,-1
82,584,736.25,842.55,437.85,199.41,1,4,-1,-1
82,571,1277.81,148.29,20.74,55.14,1,2,-1,-1
82,565,779.13,652.41,321.30,176.79,1,4,-1,-1
82,551,720.25,109.02,85.89,78.82,1,4,-1,-1
82,481,1342.31,414.54,262.66,126.21,1,4,-1,-1
83,601,1733.97,649.72,163.96,151.99,1,7,-1,-1
83,598,653.33,207.60,27.35,34.81,1,2,-1,-1
83,584,755.20,865.22,436.71,200.44,1,4,-1,-1
83,565,794.47,665.40,325.87,180.84,1,4,-1,-1
83,551,719.19,111.71,86.76,78.20,1,4,-1,-1
84,601,1734.36,650.73,172.28,161.12,1,7,-1,-1
85,601,1729.55,652.59,179.10,167.75,1,7,-1,-1
85,559,70.95,721.19,476.32,233.39,1,4,-1,-1
86,601,1723.59,655.81,185.34,173.06,1,7,-1,-1
86,559,62.08,749.46,469.15,233.14,1,4,-1,-1
87,565,760.31,695.85,381.49,220.39,1,4,-1,-1
87,559,47.36,775.55,465.78,234.50,1,4,-1,-1
88,565,752.68,706.27,370.99,216.84,1,4,-1,-1
88,559,29.99,800.53,464.91,236.93,1,4,-1,-1
89,632,1530.54,391.87,217.03,113.36,1,4,-1,-1
90,632,1480.44,390.55,217.02,112.80,1,4,-1,-1
94,559,2.25,882.56,473.76,202.83,1,4,-1,-1
95,559,1.57,891.84,476.61,193.19,1,4,-1,-1
96,645,247.81,165.70,107.34,79.45,1,4,-1,-1
96,559,4.38,895.26,438.96,169.12,1,4,-1,-1
97,645,213.63,168.87,110.82,81.92,1,4,-1,-1
97,565,714.08,752.95,330.22,204.61,1,4,-1,-1
97,559,8.95,908.15,453.72,165.97,1,4,-1,-1
98,645,178.49,172.15,114.96,84.99,1,4,-1,-1
98,565,704.82,751.74,335.10,208.00,1,4,-1,-1
98,559,9.32,912.93,464.80,163.51,1,4,-1,-1
99,645,143.52,175.56,119.59,88.75,1,4,-1,-1
99,559,8.84,915.22,473.57,161.49,1,4,-1,-1
100,730,124.30,548.07,259.66,173.01,1,4,-1,-1
100,688,1473.95,460.06,69.11,92.65,1,2,-1,-1
100,645,107.20,177.67,122.59,91.50,1,4,-1,-1
100,559,8.41,915.87,480.70,159.77,1,4,-1,-1
101,730,63.80,551.43,288.32,193.86,1,4,-1,-1
101,697,527.21,532.82,333.63,190.89,1,4,-1,-1
101,687,1390.89,477.00,140.00,75.00,1,10,-1,-1
101,645,74.69,174.69,128.24,96.48,1,4,-1,-1
101,559,8.07,916.55,486.36,158.24,1,4,-1,-1
102,756,1015.30,419.67,229.12,119.47,1,4,-1,-1
102,750,530.38,72.32,94.31,55.26,1,4,-1,-1
102,697,483.18,539.34,334.92,193.43,1,4,-1,-1
102,645,34.98,179.33,128.39,97.06,1,4,-1,-1
102,559,8.20,916.58,491.26,156.86,1,4,-1,-1
103,756,990.07,422.14,229.01,121.52,1,4,-1,-1
103,750,500.58,73.14,95.71,55.53,1,4,-1,-1
103,743,878.91,877.55,462.41,181.00,1,4,-1,-1
103,716,1412.00,264.07,173.37,114.10,1,5,-1,-1
104,756,965.54,424.72,228.64,124.15,1,4,-1,-1
104,750,460.92,71.32,97.76,56.59,1,4,-1,-1
104,716,1395.91,266.65,173.10,114.43,1,5,-1,-1
104,700,1345.51,191.45,178.29,84.52,1,4,-1,-1
105,777,1747.53,147.19,121.64,71.62,1,4,-1,-1
105,768,9.60,320.86,41.87,72.45,1,10,-1,-1
105,756,947.69,429.33,227.88,125.77,1,4,-1,-1
105,700,1336.63,191.18,177.35,84.52,1,4,-1,-1
106,787,378.12,559.74,354.39,211.09,1,4,-1,-1
106,777,1742.66,147.24,120.80,71.52,1,4,-1,-1
106,768,8.29,319.76,41.77,72.84,1,10,-1,-1
106,756,932.59,434.71,227.07,126.81,1,4,-1,-1
106,645,-5.03,168.39,136.99,103.35,1,4,-1,-1
107,789,10.00,349.00,53.00,47.00,1,10,-1,-1
107,787,350.48,564.28,363.41,217.19,1,4,-1,-1
107,777,1737.64,147.28,119.93,71.44,1,4,-1,-1
107,768,6.51,318.79,41.61,72.93,1,10,-1,-1
108,795,7.00,187.98,124.22,93.83,1,4,-1,-1
108,793,1285.00,88.89,28.00,48.00,1,1,-1,-1
108,789,8.00,349.00,53.00,47.00,1,10,-1,-1
108,787,322.92,571.68,369.00,221.61,1,4,-1,-1
108,781,518.23,28.84,23.00,41.00,1,1,-1,-1
108,777,1733.21,147.48,119.22,71.76,1,4,-1,-1
108,768,5.31,317.86,41.45,72.89,1,10,-1,-1
109,799,1654.67,458.29,164.40,156.34,1,7,-1,-1
109,795,5.95,188.14,124.18,93.82,1,4,-1,-1
109,794,1299.82,478.02,130.42,70.29,1,10,-1,-1
109,793,1285.78,89.88,28.00,48.00,1,1,-1,-1
109,789,6.00,349.00,53.00,47.00,1,10,-1,-1
109,781,518.05,29.57,23.00,41.00,1,1,-1,-1
109,777,1731.32,148.17,118.75,72.01,1,4,-1,-1
109,768,3.60,316.94,41.29,72.80,1,10,-1,-1
110,808,639.05,189.18,23.35,61.80,1,1,-1,-1
110,799,1667.21,454.00,163.73,153.93,1,7,-1,-1
110,795,5.04,188.27,124.08,93.77,1,4,-1,-1
110,794,1291.01,480.25,129.52,69.98,1,10,-1,-1
110,793,1286.02,90.15,28.00,48.00,1,1,-1,-1
110,789,4.71,349.00,53.00,47.00,1,10,-1,-1
110,777,1730.25,149.74,118.43,72.21,1,4,-1,-1
110,768,2.40,316.02,41.15,72.69,1,10,-1,-1
110,756,875.43,459.33,224.96,128.29,1,4,-1,-1
111,810,803.61,678.88,308.18,207.32,1,4,-1,-1
111,808,638.10,188.73,23.14,62.42,1,1,-1,-1
111,795,4.00,188.42,123.59,93.62,1,4,-1,-1
111,794,1301.56,473.91,104.64,68.09,1,10,-1,-1
111,789,2.96,349.00,53.00,47.00,1,10,-1,-1
111,783,665.57,184.56,23.00,47.00,1,2,-1,-1
111,777,1729.43,151.61,118.21,72.36,1,4,-1,-1
111,768,1.03,315.88,40.36,72.36,1,10,-1,-1
111,764,787.53,129.26,30.09,60.51,1,3,-1,-1
111,756,861.03,466.01,224.52,128.43,1,4,-1,-1
111,559,184.89,875.18,469.18,177.13,1,4,-1,-1
112,808,637.12,188.38,23.02,62.91,1,1,-1,-1
112,795,2.57,188.48,123.62,93.60,1,4,-1,-1
112,794,1284.48,481.36,112.02,69.58,1,10,-1,-1
112,777,1728.70,153.43,117.96,72.14,1,4,-1,-1
112,768,0.38,316.03,39.14,71.94,1,10,-1,-1
112,764,787.62,130.04,29.97,60.47,1,3,-1,-1
112,756,845.38,469.59,227.13,131.24,1,4,-1,-1
112,559,200.62,873.08,473.09,185.05,1,4,-1,-1
113,821,1860.11,105.00,22.00,36.00,1,2,-1,-1
113,808,636.13,188.12,22.94,63.29,1,1,-1,-1
113,795,1.29,188.57,123.26,93.50,1,4,-1,-1
113,781,517.98,32.63,23.00,41.00,1,1,-1,-1
113,777,1727.93,155.44,117.81,72.00,1,4,-1,-1
113,768,-0.45,316.89,37.95,71.58,1,10,-1,-1
113,764,787.08,130.34,29.88,60.42,1,3,-1,-1
113,559,219.46,868.15,474.84,192.33,1,4,-1,-1
114,824,488.17,187.98,24.80,50.64,1,1,-1,-1
114,820,1850.87,122.07,39.00,29.00,1,10,-1,-1
114,799,1723.00,443.02,156.65,147.56,1,7,-1,-1
114,768,-1.03,317.43,36.16,71.09,1,10,-1,-1
114,764,786.95,131.11,29.81,60.37,1,3,-1,-1
114,700,1288.68,194.07,175.84,85.97,1,4,-1,-1
115,832,1652.64,233.78,160.63,94.44,1,4,-1,-1
115,824,483.20,189.83,25.71,52.17,1,1,-1,-1
115,820,1849.08,123.11,39.00,29.00,1,10,-1,-1
115,799,1737.67,440.48,154.10,146.75,1,7,-1,-1
115,768,1.04,336.79,39.62,61.77,1,10,-1,-1
116,830,730.03,144.20,23.20,39.47,1,3,-1,-1
116,824,478.16,191.29,26.75,54.34,1,1,-1,-1
116,820,1847.86,124.83,39.00,29.00,1,10,-1,-1
116,794,1238.48,495.43,139.49,82.36,1,10,-1,-1
116,768,0.56,347.49,40.23,56.69,1,10,-1,-1
117,821,1854.12,109.00,22.00,36.00,1,2,-1,-1
117,820,1846.10,126.06,39.00,29.00,1,10,-1,-1
117,794,1227.92,498.46,135.69,79.72,1,10,-1,-1
117,768,-0.53,354.80,39.03,53.42,1,10,-1,-1
117,559,297.14,855.04,472.11,210.40,1,4,-1,-1
118,846,1356.11,133.00,118.00,66.00,1,4,-1,-1
118,844,1265.77,751.48,355.82,245.23,1,4,-1,-1
118,820,1844.86,127.82,39.00,29.00,1,10,-1,-1
118,794,1219.38,503.71,132.77,77.62,1,10,-1,-1
118,768,-1.57,360.02,36.62,51.06,1,10,-1,-1
118,700,1269.49,202.84,174.16,88.17,1,4,-1,-1
119,851,-2.21,334.51,22.89,68.29,1,2,-1,-1
119,832,1615.78,240.21,171.44,99.91,1,4,-1,-1
119,826,1244.45,487.67,71.71,95.30,1,2,-1,-1
119,794,1211.12,509.39,131.18,76.53,1,10,-1,-1
119,768,-2.42,365.03,33.38,49.19,1,10,-1,-1
119,700,1260.96,182.85,199.55,101.79,1,4,-1,-1
120,856,617.00,200.85,23.00,65.00,1,1,-1,-1
120,832,1618.32,253.24,169.56,97.41,1,4,-1,-1
120,828,480.79,83.05,97.78,61.59,1,4,-1,-1
120,794,1203.27,515.55,130.13,75.80,1,10,-1,-1
120,764,785.37,134.57,29.55,60.06,1,3,-1,-1
120,700,1257.91,200.28,191.86,98.11,1,4,-1,-1
121,861,-0.96,191.90,96.91,89.21,1,4,-1,-1
121,828,479.36,84.03,97.30,61.54,1,4,-1,-1
121,794,1193.52,522.48,129.45,75.32,1,10,-1,-1
121,764,785.35,135.36,29.50,59.97,1,3,-1,-1
121,559,364.29,861.40,469.31,207.34,1,4,-1,-1
122,861,-24.38,210.90,115.76,108.65,1,4,-1,-1
122,794,1195.94,522.10,111.67,76.96,1,10,-1,-1
123,794,1180.04,535.00,116.20,76.21,1,10,-1,-1
124,873,1297.00,112.26,28.00,48.00,1,1,-1,-1
124,867,1339.40,102.40,113.33,57.79,1,4,-1,-1
124,856,605.00,210.06,23.00,65.00,1,1,-1,-1
124,794,1166.97,545.12,119.52,75.72,1,10,-1,-1
125,884,623.77,211.98,29.51,71.67,1,2,-1,-1
125,881,1460.35,747.94,323.41,234.33,1,4,-1,-1
125,867,1354.65,104.16,93.70,48.06,1,4,-1,-1
125,856,602.00,212.13,23.00,65.00,1,1,-1,-1
125,855,508.54,41.94,25.99,46.41,1,1,-1,-1
125,821,1851.09,133.58,22.00,36.00,1,2,-1,-1
126,887,1366.15,139.98,118.85,67.04,1,4,-1,-1
126,886,1119.66,387.94,208.65,150.85,1,5,-1,-1
126,884,624.13,213.78,27.75,67.97,1,2,-1,-1
126,881,1488.29,749.68,320.10,231.46,1,4,-1,-1
126,867,1348.51,104.71,101.93,52.80,1,4,-1,-1
126,856,599.00,214.81,23.00,65.00,1,1,-1,-1
126,855,498.70,42.52,25.81,45.90,1,1,-1,-1
127,891,1046.85,691.89,300.00,200.00,1,4,-1,-1
127,883,1435.39,208.01,32.44,51.20,1,2,-1,-1
127,881,1516.05,751.94,313.83,229.33,1,4,-1,-1
127,867,1346.66,105.05,106.09,55.47,1,4,-1,-1
127,856,596.00,217.06,23.00,65.00,1,1,-1,-1
127,855,498.23,51.08,24.94,44.39,1,1,-1,-1
127,700,1222.42,266.79,178.48,64.25,1,4,-1,-1
128,897,1596.04,306.49,177.92,107.91,1,4,-1,-1
128,891,1064.04,696.14,300.73,201.38,1,4,-1,-1
128,881,1544.19,754.18,305.77,227.79,1,4,-1,-1
128,867,1347.42,106.31,108.72,57.47,1,4,-1,-1
128,794,1126.74,587.03,113.65,78.28,1,10,-1,-1
128,700,1215.33,272.69,180.26,61.08,1,4,-1,-1
129,901,475.21,644.57,337.79,217.92,1,4,-1,-1
129,891,1081.59,700.59,301.56,203.37,1,4,-1,-1
129,881,1573.47,756.96,296.55,226.68,1,4,-1,-1
129,867,1349.37,108.48,110.27,58.76,1,4,-1,-1
129,828,464.89,84.03,90.85,60.17,1,4,-1,-1
129,821,1855.97,147.43,22.00,36.00,1,2,-1,-1
129,700,1208.23,275.95,182.44,60.22,1,4,-1,-1
130,886,1057.36,424.76,231.14,167.01,1,5,-1,-1
130,881,1597.08,772.31,263.41,207.82,1,4,-1,-1
130,867,1352.53,111.05,111.21,59.61,1,4,-1,-1
130,828,467.99,88.33,92.82,61.94,1,4,-1,-1
131,904,587.31,253.83,22.10,47.80,1,1,-1,-1
131,898,1738.44,203.68,124.20,75.29,1,4,-1,-1
131,886,1041.51,434.69,237.09,172.14,1,5,-1,-1
131,883,1416.34,221.24,32.94,51.27,1,2,-1,-1
132,914,390.43,233.15,38.04,77.60,1,1,-1,-1
132,909,517.00,45.94,23.00,41.00,1,1,-1,-1
132,904,576.88,251.29,23.92,52.29,1,1,-1,-1
132,898,1739.14,206.96,125.56,76.00,1,4,-1,-1
132,892,1110.40,608.29,67.88,104.38,1,2,-1,-1
132,886,1025.98,444.40,242.89,177.85,1,5,-1,-1
133,914,381.96,237.12,38.70,77.86,1,1,-1,-1
133,904,568.72,244.49,24.51,57.28,1,1,-1,-1
133,892,1101.35,621.61,67.78,105.33,1,2,-1,-1
133,891,1154.25,718.52,300.50,211.16,1,4,-1,-1
133,886,1010.68,454.43,248.42,183.61,1,5,-1,-1
133,821,1859.57,158.90,22.00,36.00,1,2,-1,-1
134,892,1092.45,635.49,67.72,106.30,1,2,-1,-1
134,886,995.88,461.05,263.05,196.44,1,5,-1,-1
134,867,1365.40,122.64,112.40,60.88,1,4,-1,-1
134,828,465.49,92.60,95.87,65.44,1,4,-1,-1
134,821,1860.60,161.89,22.00,36.00,1,2,-1,-1
135,922,1850.94,180.94,40.00,29.00,1,10,-1,-1
135,896,1381.29,247.78,78.42,63.93,1,10,-1,-1
135,886,971.69,473.56,266.89,201.54,1,5,-1,-1
135,828,464.34,92.95,96.30,66.22,1,4,-1,-1
135,821,1856.40,154.74,23.31,38.01,1,2,-1,-1
136,928,1036.82,702.70,133.37,88.50,1,10,-1,-1
136,886,949.73,485.19,271.85,207.89,1,5,-1,-1
136,828,463.23,93.58,96.58,66.76,1,4,-1,-1
136,821,1858.50,163.06,22.95,37.46,1,2,-1,-1
137,933,1310.03,151.14,27.89,46.68,1,1,-1,-1
137,928,1025.61,716.80,133.79,90.27,1,10,-1,-1
137,886,928.53,496.77,277.48,214.81,1,5,-1,-1
138,928,1015.19,730.92,134.09,92.04,1,10,-1,-1
139,946,1406.04,244.98,34.14,45.99,1,2,-1,-1
139,944,1132.77,285.41,212.30,84.24,1,4,-1,-1
139,935,1386.51,246.71,33.00,52.00,1,2,-1,-1
139,922,1845.35,192.98,40.00,29.00,1,10,-1,-1
139,896,1366.69,266.31,74.18,60.28,1,10,-1,-1
140,947,1737.23,233.16,139.99,83.60,1,4,-1,-1
140,944,1124.70,293.16,209.63,82.70,1,4,-1,-1
140,935,1381.18,252.45,33.00,52.00,1,2,-1,-1
140,896,1359.17,269.25,75.67,61.44,1,10,-1,-1
140,828,447.69,99.81,97.10,68.39,1,4,-1,-1
140,821,1855.86,175.00,22.63,36.52,1,2,-1,-1
141,944,1114.17,297.59,210.70,83.22,1,4,-1,-1
141,935,1376.06,256.34,33.00,52.00,1,2,-1,-1
141,896,1351.64,273.36,76.67,62.21,1,10,-1,-1
141,821,1854.66,177.11,22.74,36.39,1,2,-1,-1
142,944,1103.23,300.79,213.04,84.71,1,4,-1,-1
142,928,951.22,808.78,136.34,91.25,1,10,-1,-1
142,896,1344.19,277.96,77.36,62.75,1,10,-1,-1
142,821,1853.54,179.16,22.83,36.30,1,2,-1,-1
143,961,1399.53,173.94,122.93,66.19,1,4,-1,-1
143,928,935.05,825.76,139.89,92.21,1,10,-1,-1
143,927,751.40,181.26,28.48,70.81,1,1,-1,-1
143,896,1338.80,282.11,77.85,63.12,1,10,-1,-1
144,947,1729.31,247.61,135.83,82.54,1,4,-1,-1
144,928,918.27,844.45,143.10,92.50,1,10,-1,-1
144,927,749.47,184.14,27.31,70.08,1,1,-1,-1
144,896,1334.22,286.77,78.19,63.38,1,10,-1,-1
145,975,503.85,299.45,33.99,77.88,1,2,-1,-1
145,965,728.60,622.47,330.43,274.48,1,5,-1,-1
145,927,747.88,186.72,25.53,69.23,1,1,-1,-1
146,965,703.56,639.65,340.34,282.97,1,5,-1,-1
146,927,746.67,189.83,23.68,68.40,1,1,-1,-1
146,828,422.08,111.87,97.26,69.32,1,4,-1,-1
146,821,1850.87,198.43,22.97,36.15,1,2,-1,-1
147,970,681.38,194.45,28.34,47.22,1,3,-1,-1
147,965,670.92,665.47,349.57,290.41,1,5,-1,-1
147,927,747.52,192.52,25.22,69.47,1,1,-1,-1
147,897,1505.40,471.94,241.99,173.33,1,4,-1,-1
147,828,418.99,113.90,97.26,69.57,1,4,-1,-1
147,821,1850.82,204.47,22.99,36.12,1,2,-1,-1
148,981,458.84,311.78,22.56,68.44,1,1,-1,-1
148,965,636.25,694.38,358.14,297.19,1,5,-1,-1
148,897,1516.06,507.31,223.05,160.38,1,4,-1,-1
148,828,415.94,116.54,97.27,69.74,1,4,-1,-1
148,821,1850.81,211.23,23.00,36.11,1,2,-1,-1
149,981,451.64,317.39,22.42,68.94,1,1,-1,-1
149,965,600.99,724.37,366.35,303.58,1,5,-1,-1
149,897,1508.67,503.69,225.86,163.88,1,4,-1,-1
149,828,403.31,118.76,97.55,69.87,1,4,-1,-1
150,999,1309.13,294.47,40.80,62.29,1,2,-1,-1
150,987,448.95,335.75,29.15,74.43,1,1,-1,-1
150,981,434.15,317.48,27.94,77.22,1,1,-1,-1
150,965,565.80,755.36,374.69,309.79,1,5,-1,-1
150,947,1679.61,263.41,149.91,97.96,1,4,-1,-1
150,897,1496.22,507.49,228.78,167.80,1,4,-1,-1
151,999,1292.69,300.13,37.16,60.04,1,2,-1,-1
151,981,423.42,330.73,31.29,80.72,1,1,-1,-1
151,947,1667.05,266.32,150.36,100.15,1,4,-1,-1
151,897,1481.85,514.06,231.75,172.04,1,4,-1,-1
152,947,1654.36,269.29,150.34,102.21,1,4,-1,-1
152,897,1466.60,521.65,234.46,176.48,1,4,-1,-1
153,1016,1514.71,797.65,304.65,243.01,1,4,-1,-1
153,947,1641.91,272.28,150.31,104.25,1,4,-1,-1
154,1016,1525.51,798.42,307.09,245.00,1,4,-1,-1
154,1004,904.43,339.02,237.30,103.72,1,4,-1,-1
154,965,390.50,835.78,431.44,270.97,1,5,-1,-1
154,947,1629.58,275.28,150.26,106.27,1,4,-1,-1
155,1004,891.20,343.19,237.17,104.32,1,4,-1,-1
155,965,349.47,861.38,434.04,242.32,1,5,-1,-1
156,1037,1859.00,215.11,25.00,35.00,1,2,-1,-1
156,1004,879.04,348.05,236.81,105.02,1,4,-1,-1
156,997,1194.19,339.46,89.93,65.34,1,10,-1,-1
156,965,334.29,889.35,432.63,212.45,1,5,-1,-1
157,1004,868.80,352.18,237.86,105.61,1,4,-1,-1
157,997,1179.03,344.13,91.65,65.36,1,10,-1,-1
158,1049,1227.93,323.15,33.00,55.00,1,2,-1,-1
158,1048,1202.04,336.26,31.00,61.00,1,2,-1,-1
158,1043,636.91,205.02,38.14,84.72,1,1,-1,-1
158,1036,1844.13,243.96,41.00,23.00,1,10,-1,-1
158,1032,-5.47,389.71,41.44,72.34,1,1,-1,-1
158,1004,858.96,356.07,239.83,106.09,1,4,-1,-1
158,997,1168.38,349.06,92.79,65.32,1,10,-1,-1
159,1049,1222.68,326.16,33.00,55.00,1,2,-1,-1
159,997,1159.47,354.08,93.55,65.25,1,10,-1,-1
160,1052,1766.76,249.40,23.00,36.00,1,2,-1,-1
160,1037,1853.37,229.12,25.00,35.00,1,2,-1,-1
160,1009,1292.70,167.60,135.25,66.38,1,4,-1,-1
160,997,1151.24,359.80,94.06,65.17,1,10,-1,-1
160,897,1422.05,611.92,258.15,218.25,1,4,-1,-1
161,1063,279.91,405.72,33.24,81.41,1,2,-1,-1
161,1061,207.85,48.00,29.00,48.00,1,1,-1,-1
161,1059,573.39,233.13,33.17,47.80,1,3,-1,-1
161,1037,1853.31,232.19,25.00,35.00,1,2,-1,-1
161,997,1142.49,364.91,95.27,64.84,1,10,-1,-1
161,897,1418.04,622.59,261.08,223.80,1,4,-1,-1
162,1069,1345.15,207.15,124.00,82.00,1,4,-1,-1
162,1068,367.13,94.89,22.00,49.00,1,1,-1,-1
162,1064,1755.13,282.03,40.68,29.09,1,10,-1,-1
162,1063,268.60,410.86,32.66,81.35,1,2,-1,-1
162,1061,206.06,50.00,29.00,48.00,1,1,-1,-1
162,1059,571.46,236.10,34.03,47.67,1,3,-1,-1
162,1037,1853.35,235.20,25.00,35.00,1,2,-1,-1
162,1036,1838.81,261.52,41.00,23.00,1,10,-1,-1
162,997,1133.90,370.50,96.69,64.30,1,10,-1,-1
163,1069,1346.94,209.94,124.00,82.00,1,4,-1,-1
163,1068,363.88,96.09,22.00,49.00,1,1,-1,-1
163,1064,1755.94,286.82,40.84,29.11,1,10,-1,-1
163,1063,256.88,415.82,32.34,81.48,1,2,-1,-1
163,1049,1184.39,340.78,33.00,55.00,1,2,-1,-1
163,1037,1853.42,238.18,25.00,35.00,1,2,-1,-1
163,1036,1837.81,265.49,41.00,23.00,1,10,-1,-1
164,1069,1348.89,212.89,124.00,82.00,1,4,-1,-1
164,1063,245.55,421.60,31.76,81.34,1,2,-1,-1
164,1049,1172.38,344.78,33.00,55.00,1,2,-1,-1
164,1036,1836.82,269.44,41.00,23.00,1,10,-1,-1
165,1078,624.94,241.81,34.00,76.00,1,1,-1,-1
165,1049,1160.26,348.80,33.00,55.00,1,2,-1,-1
165,1048,1131.98,361.49,30.07,60.67,1,2,-1,-1
166,1084,1109.43,342.29,40.11,70.99,1,1,-1,-1
166,1078,613.58,244.04,34.00,76.00,1,1,-1,-1
166,1074,217.61,158.37,111.85,73.21,1,4,-1,-1
166,1049,1148.12,352.83,33.00,55.00,1,2,-1,-1
166,1009,1291.32,180.04,135.23,66.55,1,4,-1,-1
167,1084,1098.50,342.29,40.09,71.02,1,1,-1,-1
167,1078,599.92,246.10,34.00,76.00,1,1,-1,-1
167,1074,202.24,159.85,111.94,74.38,1,4,-1,-1
167,1064,1717.59,287.40,49.31,34.96,1,10,-1,-1
167,1062,185.78,443.37,29.13,79.47,1,1,-1,-1
167,1009,1278.82,179.21,135.14,66.53,1,4,-1,-1
168,1093,1519.37,328.92,169.26,113.11,1,4,-1,-1
168,1084,1087.29,342.24,40.08,71.04,1,1,-1,-1
168,1078,585.67,248.81,34.00,76.00,1,1,-1,-1
168,1074,187.06,161.50,111.87,75.13,1,4,-1,-1
168,1062,164.09,450.49,30.28,82.17,1,1,-1,-1
168,1009,1265.02,177.53,135.08,66.50,1,4,-1,-1
168,897,1358.55,687.17,277.12,257.33,1,4,-1,-1
169,1107,136.57,435.93,26.43,67.56,1,1,-1,-1
169,1102,1011.45,388.33,107.98,60.14,1,10,-1,-1
169,1100,787.72,347.03,39.88,53.45,1,2,-1,-1
169,1084,1078.19,352.31,36.55,63.67,1,1,-1,-1
169,1078,567.84,250.35,34.00,76.00,1,1,-1,-1
169,1074,171.69,162.94,111.61,76.24,1,4,-1,-1
170,1107,109.23,443.82,26.55,67.41,1,1,-1,-1
170,1100,764.62,351.40,38.49,55.42,1,2,-1,-1
170,1084,1060.54,346.91,37.86,66.28,1,1,-1,-1
170,1078,549.53,252.18,34.00,76.00,1,1,-1,-1
170,1074,156.59,164.56,111.32,77.00,1,4,-1,-1
171,1118,646.99,385.59,256.56,115.26,1,4,-1,-1
171,1112,1692.09,280.53,138.11,103.32,1,4,-1,-1
171,1107,81.86,451.06,26.70,67.49,1,1,-1,-1
171,1100,748.79,353.02,37.53,56.86,1,2,-1,-1
171,1084,1044.18,345.26,38.64,67.90,1,1,-1,-1
171,1078,531.12,252.75,34.00,76.00,1,1,-1,-1
172,1118,628.38,385.11,258.32,115.07,1,4,-1,-1
172,1107,53.18,470.01,24.59,63.79,1,1,-1,-1
172,1100,735.22,354.41,36.77,57.57,1,2,-1,-1
172,1093,1431.99,329.07,181.85,118.41,1,4,-1,-1
172,1078,516.24,255.00,34.36,76.46,1,1,-1,-1
172,897,1286.94,712.69,284.29,276.17,1,4,-1,-1
173,1118,609.81,384.75,259.89,114.57,1,4,-1,-1
173,1102,926.86,396.91,119.27,60.03,1,10,-1,-1
173,1100,719.37,348.64,33.03,52.68,1,2,-1,-1
173,897,1279.59,720.79,285.15,280.29,1,4,-1,-1
174,1146,983.78,362.58,33.63,59.25,1,2,-1,-1
174,1118,591.21,384.62,262.09,114.34,1,4,-1,-1
174,1102,900.90,392.80,120.12,59.32,1,10,-1,-1
174,1074,116.88,167.15,113.34,80.65,1,4,-1,-1
174,1009,1200.67,171.20,134.98,67.26,1,4,-1,-1
175,1152,28.58,487.37,22.35,58.88,1,2,-1,-1
175,1118,579.70,384.62,263.53,114.12,1,4,-1,-1
175,1102,895.66,398.95,121.19,59.22,1,10,-1,-1
175,1074,115.02,166.82,114.66,81.16,1,4,-1,-1
175,1009,1200.19,171.09,134.91,67.29,1,4,-1,-1
176,1152,22.25,493.73,20.71,55.44,1,2,-1,-1
176,1137,1506.92,533.62,204.88,173.76,1,4,-1,-1
176,1118,558.28,372.50,285.89,123.17,1,4,-1,-1
176,1102,886.35,403.22,121.88,59.10,1,10,-1,-1
177,1164,713.57,347.00,28.60,48.17,1,2,-1,-1
177,1163,1692.58,277.82,41.00,23.00,1,10,-1,-1
177,1152,15.50,495.69,20.10,54.41,1,2,-1,-1
177,1145,742.25,347.09,41.00,52.00,1,1,-1,-1
177,1137,1502.40,537.94,205.07,175.83,1,4,-1,-1
177,1118,554.50,378.89,279.99,120.45,1,4,-1,-1
178,1164,713.52,347.08,28.65,48.20,1,2,-1,-1
178,1163,1691.68,280.86,41.00,23.00,1,10,-1,-1
178,1145,732.42,352.96,39.24,53.52,1,1,-1,-1
178,1137,1498.33,542.76,205.19,177.82,1,4,-1,-1
178,1118,549.30,381.71,275.96,118.60,1,4,-1,-1
179,1176,942.94,370.13,33.12,55.99,1,2,-1,-1
179,1164,713.55,347.18,28.63,48.14,1,2,-1,-1
179,1163,1690.75,283.89,41.00,23.00,1,10,-1,-1
179,1145,737.38,349.00,39.75,53.11,1,1,-1,-1
179,1137,1494.22,547.11,204.92,179.71,1,4,-1,-1
179,1118,543.19,383.23,273.29,117.64,1,4,-1,-1
179,1074,109.04,165.60,118.62,79.39,1,4,-1,-1
179,1009,1191.54,164.76,146.55,73.21,1,4,-1,-1
180,1176,935.90,370.29,33.19,56.48,1,2,-1,-1
180,1163,1689.10,286.21,41.00,23.00,1,10,-1,-1
180,1145,738.58,347.58,40.10,52.81,1,1,-1,-1
180,1009,1195.75,167.68,143.27,71.59,1,4,-1,-1
181,1189,1619.11,303.94,150.74,111.86,1,4,-1,-1
181,1176,928.90,371.00,33.20,56.74,1,2,-1,-1
181,1145,738.39,347.09,40.36,52.59,1,1,-1,-1
181,1009,1198.04,169.06,140.91,70.43,1,4,-1,-1
