1,23,196.00,625.00,106.00,139.00,1,1,-1,-1
1,22,785.00,247.00,59.00,151.00,1,1,-1,-1
1,21,223.00,676.00,71.00,92.00,1,1,-1,-1
1,20,698.00,165.00,17.00,38.00,1,1,-1,-1
1,19,385.00,558.00,52.00,96.00,1,1,-1,-1
1,18,653.00,286.00,20.00,36.00,1,2,-1,-1
1,17,619.00,465.00,167.00,248.00,1,10,-1,-1
1,16,358.00,517.00,39.00,71.00,1,1,-1,-1
1,15,595.00,401.00,128.00,168.00,1,10,-1,-1
1,14,576.00,189.00,20.00,36.00,1,1,-1,-1
1,13,183.00,595.00,118.00,155.00,1,1,-1,-1
1,12,851.00,265.00,59.00,150.00,1,1,-1,-1
1,11,1176.00,388.00,110.00,122.00,1,10,-1,-1
1,10,1093.00,236.00,41.00,97.00,1,1,-1,-1
1,9,1063.00,228.00,42.00,104.00,1,1,-1,-1
1,8,837.00,320.00,28.00,58.00,1,1,-1,-1
1,7,805.00,163.00,32.00,75.00,1,1,-1,-1
1,6,764.00,284.00,43.00,114.00,1,1,-1,-1
1,5,739.00,148.00,19.00,59.00,1,1,-1,-1
1,4,650.00,235.00,37.00,66.00,1,2,-1,-1
1,3,588.00,190.00,26.00,47.00,1,1,-1,-1
1,2,238.00,648.00,82.00,107.00,1,1,-1,-1
2,35,624.00,194.00,14.00,26.00,1,1,-1,-1
2,34,587.00,195.00,20.00,22.00,1,2,-1,-1
2,33,649.00,163.00,17.00,61.00,1,1,-1,-1
2,32,828.00,276.00,45.00,115.00,1,1,-1,-1
2,31,1220.00,403.00,42.00,81.00,1,2,-1,-1
2,30,585.00,187.00,35.00,39.00,1,2,-1,-1
2,29,590.00,192.00,29.00,53.00,1,1,-1,-1
2,28,672.00,183.00,10.00,36.00,1,1,-1,-1
2,27,1201.00,376.00,47.00,90.00,1,2,-1,-1
2,26,831.00,278.00,42.00,107.00,1,1,-1,-1
2,25,632.00,491.00,124.00,180.00,1,10,-1,-1
2,24,364.00,579.00,47.00,63.00,1,2,-1,-1
2,21,227.81,666.00,78.38,91.01,1,1,-1,-1
2,19,387.22,509.61,55.56,100.78,1,1,-1,-1
2,17,600.48,449.32,176.05,258.36,1,10,-1,-1
2,15,632.90,422.05,84.19,110.89,1,10,-1,-1
2,11,1175.77,390.25,109.45,122.49,1,10,-1,-1
2,8,840.96,325.10,31.09,64.81,1,1,-1,-1
2,6,765.75,291.69,42.50,115.61,1,1,-1,-1
2,5,740.00,149.00,19.00,59.00,1,1,-1,-1
2,4,661.93,233.57,39.13,53.85,1,2,-1,-1
2,3,587.00,191.00,26.00,47.00,1,1,-1,-1
3,45,673.00,267.00,33.00,57.00,1,2,-1,-1
3,44,1189.00,409.00,24.00,46.00,1,2,-1,-1
3,43,618.00,202.00,14.00,24.00,1,1,-1,-1
3,42,712.00,321.00,29.00,82.00,1,1,-1,-1
3,41,668.00,155.00,14.00,47.00,1,1,-1,-1
3,40,344.00,579.00,65.00,85.00,1,2,-1,-1
3,39,1150.00,291.00,22.00,51.00,1,1,-1,-1
3,38,725.00,164.00,18.00,40.00,1,1,-1,-1
3,37,698.00,298.00,49.00,138.00,1,1,-1,-1
3,36,623.00,439.00,95.00,127.00,1,10,-1,-1
3,32,816.08,261.84,63.84,162.33,1,1,-1,-1
3,27,1200.00,380.00,47.00,90.00,1,2,-1,-1
3,25,633.36,506.49,126.28,181.02,1,10,-1,-1
3,24,358.09,592.88,46.82,62.24,1,2,-1,-1
3,21,218.87,682.04,76.54,76.50,1,1,-1,-1
3,17,616.65,468.69,158.06,228.73,1,10,-1,-1
3,15,638.12,448.60,78.47,103.97,1,10,-1,-1
3,14,570.07,183.68,21.86,29.64,1,1,-1,-1
3,12,865.78,335.26,39.44,90.48,1,1,-1,-1
3,11,1184.68,372.75,92.53,111.68,1,10,-1,-1
3,10,1106.02,245.96,41.96,99.08,1,1,-1,-1
3,9,1067.01,275.97,33.98,84.05,1,1,-1,-1
3,3,586.17,191.80,26.61,47.40,1,1,-1,-1
4,17,612.21,476.34,152.37,218.11,1,10,-1,-1
4,11,1187.94,373.33,86.19,108.21,1,10,-1,-1
4,3,585.98,193.62,26.84,47.45,1,1,-1,-1
5,27,1199.11,387.15,47.00,90.00,1,2,-1,-1
5,11,1189.37,376.97,83.34,107.03,1,10,-1,-1
5,3,585.93,195.63,26.95,47.42,1,1,-1,-1
6,27,1198.12,390.94,47.00,90.00,1,2,-1,-1
6,11,1186.10,382.00,79.53,103.31,1,10,-1,-1
7,46,650.19,258.76,37.73,63.43,1,2,-1,-1
7,36,627.65,494.72,93.64,125.12,1,10,-1,-1
7,27,1206.25,392.40,44.26,84.63,1,2,-1,-1
7,11,1189.19,386.62,79.21,103.72,1,10,-1,-1
8,27,1201.25,391.95,51.63,87.96,1,2,-1,-1
8,14,566.79,193.84,23.19,29.34,1,1,-1,-1
8,11,1190.32,390.76,79.09,103.91,1,10,-1,-1
8,10,1147.95,269.07,51.70,123.86,1,1,-1,-1
9,27,1198.60,403.70,51.72,90.92,1,2,-1,-1
9,14,566.64,196.10,23.23,29.90,1,1,-1,-1
9,11,1188.31,396.52,75.68,108.53,1,10,-1,-1
9,10,1152.03,276.91,48.77,117.16,1,1,-1,-1
10,87,846.39,366.60,47.54,109.12,1,1,-1,-1
10,27,1193.46,418.88,55.97,89.70,1,2,-1,-1
10,17,636.32,622.02,125.62,139.57,1,10,-1,-1
10,11,1190.56,399.04,76.63,106.64,1,10,-1,-1
10,10,1160.37,285.34,46.87,113.10,1,1,-1,-1
11,87,848.68,383.11,45.39,102.65,1,1,-1,-1
11,72,787.11,333.28,54.84,161.36,1,1,-1,-1
11,46,665.21,267.72,40.25,49.58,1,2,-1,-1
11,36,611.11,528.14,119.20,160.01,1,10,-1,-1
11,10,1167.45,274.88,45.55,109.69,1,1,-1,-1
12,87,837.86,382.53,54.67,122.88,1,1,-1,-1
12,72,788.36,355.89,52.77,154.23,1,1,-1,-1
12,36,611.74,543.54,119.47,158.37,1,10,-1,-1
13,106,870.44,365.63,59.67,139.24,1,1,-1,-1
13,79,704.64,392.42,54.05,154.55,1,1,-1,-1
13,72,791.83,371.68,51.87,150.62,1,1,-1,-1
13,36,611.87,560.38,120.46,155.91,1,10,-1,-1
14,106,880.30,375.55,59.68,138.39,1,1,-1,-1
14,90,828.75,200.40,31.38,83.35,1,1,-1,-1
14,79,704.83,403.20,54.19,157.04,1,1,-1,-1
14,72,795.93,384.76,51.68,149.43,1,1,-1,-1
14,36,612.20,577.90,121.63,152.80,1,10,-1,-1
14,27,1190.88,415.98,54.05,97.09,1,2,-1,-1
14,11,1200.31,433.18,72.80,94.40,1,10,-1,-1
15,125,581.27,219.63,33.73,60.38,1,1,-1,-1
15,106,896.78,407.40,52.74,128.03,1,1,-1,-1
15,79,704.51,413.81,55.01,159.88,1,1,-1,-1
15,72,789.95,369.48,62.20,178.68,1,1,-1,-1
15,36,612.07,595.75,123.24,149.27,1,10,-1,-1
15,11,1196.54,428.03,75.36,98.06,1,10,-1,-1
16,79,700.23,426.31,53.45,155.57,1,1,-1,-1
17,10,1231.16,341.98,44.59,106.52,1,1,-1,-1
18,146,560.97,213.30,23.32,33.35,1,2,-1,-1
18,90,836.73,212.25,31.47,88.03,1,1,-1,-1
18,10,1236.17,348.69,44.78,107.94,1,1,-1,-1
19,146,555.75,213.85,23.45,34.15,1,2,-1,-1
19,11,1195.50,429.51,56.43,93.15,1,10,-1,-1
19,10,1246.57,357.38,42.97,106.13,1,1,-1,-1
20,144,637.55,319.86,38.84,68.43,1,2,-1,-1
20,11,1192.09,437.29,52.07,89.37,1,10,-1,-1
21,162,656.97,303.79,33.06,46.18,1,2,-1,-1
21,144,631.50,323.71,39.35,68.77,1,2,-1,-1
21,115,1203.02,359.68,56.61,127.63,1,1,-1,-1
21,11,1187.61,440.84,49.01,86.59,1,10,-1,-1
22,175,1155.19,422.15,116.69,144.64,1,10,-1,-1
22,115,1212.59,365.27,57.90,131.08,1,1,-1,-1
23,175,1170.60,394.02,110.30,158.49,1,10,-1,-1
23,10,1291.62,392.06,39.27,108.90,1,1,-1,-1
24,182,659.51,193.42,19.15,66.47,1,1,-1,-1
24,90,830.31,215.75,36.19,106.16,1,1,-1,-1
24,10,1292.87,393.45,40.39,116.23,1,1,-1,-1
25,195,945.67,578.49,44.36,104.18,1,2,-1,-1
25,182,660.20,194.37,18.72,66.32,1,1,-1,-1
25,165,813.93,495.74,68.18,202.80,1,1,-1,-1
25,157,634.32,330.00,44.52,55.95,1,10,-1,-1
25,11,1187.41,426.38,59.10,98.86,1,10,-1,-1
26,203,722.20,205.45,17.71,44.37,1,1,-1,-1
26,179,914.46,554.01,56.32,125.94,1,2,-1,-1
26,165,824.94,511.07,67.27,202.34,1,1,-1,-1
26,157,624.85,328.01,60.05,82.11,1,10,-1,-1
26,11,1185.94,433.56,54.55,94.57,1,10,-1,-1
27,203,722.82,206.28,17.48,44.49,1,1,-1,-1
27,11,1179.67,431.40,54.50,88.27,1,10,-1,-1
28,200,733.75,190.57,24.31,68.08,1,1,-1,-1
28,11,1184.03,433.09,53.49,83.40,1,10,-1,-1
29,200,738.00,189.70,24.81,63.62,1,1,-1,-1
29,11,1189.60,438.85,50.56,83.02,1,10,-1,-1
30,214,654.61,333.05,46.69,55.76,1,10,-1,-1
30,165,847.38,560.41,77.22,214.04,1,1,-1,-1
30,11,1190.40,439.51,56.69,88.50,1,10,-1,-1
31,214,637.96,337.12,58.50,77.51,1,10,-1,-1
31,166,969.42,564.20,78.72,153.75,1,1,-1,-1
31,165,857.84,570.72,76.90,203.06,1,1,-1,-1
32,242,633.00,353.94,49.86,90.00,1,2,-1,-1
32,221,1209.43,451.47,70.91,94.07,1,10,-1,-1
32,214,628.88,346.17,64.23,91.79,1,10,-1,-1
32,166,981.82,578.51,81.08,156.11,1,1,-1,-1
33,242,634.70,357.94,50.28,90.99,1,2,-1,-1
33,214,631.79,344.40,71.28,108.42,1,10,-1,-1
33,166,994.54,592.67,83.70,153.03,1,1,-1,-1
34,242,635.14,361.12,50.45,91.44,1,2,-1,-1
34,236,856.62,252.68,29.92,92.29,1,1,-1,-1
34,234,554.24,249.42,31.44,66.66,1,1,-1,-1
34,166,1007.71,607.87,86.39,146.37,1,1,-1,-1
35,268,1224.00,435.96,47.00,90.00,1,2,-1,-1
35,267,749.78,212.91,24.44,58.32,1,1,-1,-1
35,242,635.93,364.80,50.50,91.64,1,2,-1,-1
35,236,859.28,267.62,28.82,88.51,1,1,-1,-1
36,275,788.30,170.71,25.56,42.63,1,10,-1,-1
36,267,752.51,198.62,28.00,69.16,1,1,-1,-1
36,11,1215.37,435.31,70.80,110.94,1,10,-1,-1
37,284,947.91,690.37,63.96,68.27,1,1,-1,-1
37,267,752.43,197.10,27.85,68.28,1,1,-1,-1
37,11,1217.52,432.28,65.23,107.83,1,10,-1,-1
38,267,747.20,200.48,28.00,69.97,1,1,-1,-1
38,11,1223.93,433.21,59.62,102.42,1,10,-1,-1
39,291,1222.83,439.61,75.76,118.58,1,2,-1,-1
39,267,746.56,202.37,27.68,71.06,1,1,-1,-1
39,242,639.34,384.62,51.66,94.61,1,2,-1,-1
39,240,1206.29,453.23,109.79,144.54,1,2,-1,-1
39,221,1238.66,464.44,59.23,80.26,1,10,-1,-1
39,11,1227.93,435.97,55.51,98.12,1,10,-1,-1
40,299,551.05,259.98,32.12,69.84,1,1,-1,-1
40,291,1230.61,438.14,74.43,113.51,1,2,-1,-1
40,267,746.94,216.17,24.94,62.85,1,1,-1,-1
40,242,639.54,389.88,52.42,95.98,1,2,-1,-1
40,240,1211.89,457.36,103.92,137.50,1,2,-1,-1
41,299,550.03,263.09,32.18,70.40,1,1,-1,-1
41,291,1232.63,472.52,64.65,95.27,1,2,-1,-1
41,283,892.96,269.97,40.01,115.00,1,1,-1,-1
41,242,640.28,395.11,53.28,97.59,1,2,-1,-1
41,240,1215.89,454.33,95.67,129.38,1,2,-1,-1
42,299,549.59,266.97,31.77,70.40,1,1,-1,-1
42,291,1246.08,482.38,58.96,84.80,1,2,-1,-1
42,283,902.41,279.04,46.95,134.14,1,1,-1,-1
42,242,640.38,400.99,53.88,99.26,1,2,-1,-1
42,240,1227.44,440.46,91.43,125.31,1,2,-1,-1
43,313,750.61,197.31,28.37,79.34,1,1,-1,-1
43,309,730.00,226.73,18.33,59.13,1,1,-1,-1
43,299,545.95,268.96,31.57,70.85,1,1,-1,-1
43,291,1250.11,507.39,47.83,67.94,1,2,-1,-1
43,283,897.33,278.60,45.79,129.91,1,1,-1,-1
43,242,640.46,407.04,54.62,101.07,1,2,-1,-1
43,240,1231.05,435.95,88.44,122.41,1,2,-1,-1
44,309,728.91,237.68,15.25,47.68,1,1,-1,-1
44,299,541.40,270.87,31.83,71.77,1,1,-1,-1
44,283,896.28,282.38,45.33,127.42,1,1,-1,-1
44,242,638.35,413.18,55.15,102.90,1,2,-1,-1
44,240,1231.47,435.28,86.31,120.04,1,2,-1,-1
45,323,1242.53,449.50,44.95,86.33,1,2,-1,-1
45,322,520.00,239.11,27.00,38.00,1,2,-1,-1
45,309,724.76,235.06,16.87,52.38,1,1,-1,-1
45,283,896.66,287.66,45.33,126.37,1,1,-1,-1
45,242,635.75,400.83,56.92,95.02,1,2,-1,-1
45,240,1230.55,435.49,84.81,118.38,1,2,-1,-1
46,309,721.12,234.97,17.78,54.94,1,1,-1,-1
46,303,657.93,219.47,18.53,76.43,1,1,-1,-1
46,242,631.65,420.06,57.23,99.14,1,2,-1,-1
46,240,1229.70,436.38,83.74,116.93,1,2,-1,-1
47,316,781.37,177.84,26.69,51.12,1,10,-1,-1
47,313,745.02,173.15,32.25,87.37,1,1,-1,-1
47,309,715.13,235.09,18.68,56.71,1,1,-1,-1
47,303,651.51,221.00,19.12,77.30,1,1,-1,-1
47,242,625.47,432.09,57.39,102.70,1,2,-1,-1
48,331,1209.07,452.15,115.27,158.03,1,2,-1,-1
48,330,1208.85,465.30,87.06,118.46,1,10,-1,-1
48,309,708.85,235.56,19.25,57.71,1,1,-1,-1
49,309,701.19,236.90,19.62,58.27,1,1,-1,-1
50,339,657.20,214.29,28.87,80.34,1,1,-1,-1
50,309,693.08,238.61,19.86,58.60,1,1,-1,-1
51,342,701.00,227.75,23.57,74.90,1,1,-1,-1
51,339,650.09,216.32,28.98,81.02,1,1,-1,-1
51,309,685.52,240.49,20.01,58.77,1,1,-1,-1
52,356,462.03,292.01,34.24,85.18,1,1,-1,-1
52,309,680.86,242.27,20.10,58.54,1,1,-1,-1
52,240,1192.32,454.54,82.67,121.44,1,2,-1,-1
53,356,451.33,279.89,41.01,99.76,1,1,-1,-1
53,309,677.46,244.20,20.46,58.45,1,1,-1,-1
53,240,1191.92,459.17,81.50,119.57,1,2,-1,-1
54,316,743.88,190.49,24.09,46.39,1,10,-1,-1
54,309,674.32,246.22,20.72,58.35,1,1,-1,-1
54,240,1210.51,457.97,80.93,114.91,1,2,-1,-1
55,378,886.19,335.33,53.63,135.29,1,1,-1,-1
55,373,1191.25,431.29,65.00,103.80,1,2,-1,-1
55,316,741.85,193.36,24.00,46.43,1,10,-1,-1
56,378,889.22,341.56,54.57,136.84,1,1,-1,-1
56,377,740.52,219.46,24.02,39.83,1,10,-1,-1
56,373,1178.72,456.44,74.10,115.93,1,2,-1,-1
57,390,602.62,247.14,21.77,74.00,1,1,-1,-1
57,378,892.83,348.43,55.08,137.85,1,1,-1,-1
57,377,734.04,225.07,30.13,48.57,1,10,-1,-1
57,349,604.74,464.75,67.84,92.69,1,10,-1,-1
58,395,672.69,256.16,21.31,59.49,1,1,-1,-1
58,390,602.34,250.47,22.08,74.27,1,1,-1,-1
58,378,897.40,356.76,55.33,138.29,1,1,-1,-1
58,240,1193.70,439.26,83.59,114.68,1,2,-1,-1
