3,3,569,185,24,27,1,2,-1,-1
3,4,623,439,95,127,1,10,-1,-1
3,5,633,507,127,180,1,10,-1,-1
3,6,650,243,37,64,1,10,-1,-1
3,7,660,240,43,48,1,1,-1,-1
3,8,745,296,55,160,1,1,-1,-1
3,10,820,310,47,83,1,1,-1,-1
3,11,838,160,20,48,1,1,-1,-1
3,12,840,310,23,58,1,1,-1,-1
3,13,845,339,28,60,1,1,-1,-1
3,15,1176,392,109,124,1,10,-1,-1
3,16,1189,369,84,116,1,2,-1,-1
3,17,1200,380,47,90,1,2,-1,-1
3,18,370,583,50,86,1,2,-1,-1
3,19,768,298,41,120,1,1,-1,-1
4,3,569,186,24,28,1,2,-1,-1
4,4,622,451,97,130,1,10,-1,-1
4,5,634,523,129,180,1,10,-1,-1
4,6,586,194,27,47,1,10,-1,-1
4,7,678,240,20,34,1,1,-1,-1
4,8,699,306,51,140,1,1,-1,-1
4,9,742,152,19,60,1,1,-1,-1
4,10,837,293,44,110,1,1,-1,-1
4,11,810,171,32,77,1,1,-1,-1
4,12,840,310,23,58,1,1,-1,-1
4,13,849,348,28,62,1,1,-1,-1
4,14,1082,253,34,82,1,1,-1,-1
4,15,1176,394,109,125,1,10,-1,-1
4,16,1189,373,84,115,1,2,-1,-1
4,17,1200,384,47,90,1,2,-1,-1
4,18,362,600,51,84,1,2,-1,-1
4,19,771,308,30,92,1,1,-1,-1
5,3,568,188,24,28,1,2,-1,-1
5,4,621,462,100,133,1,10,-1,-1
5,5,636,540,131,179,1,10,-1,-1
5,6,586,196,27,47,1,10,-1,-1
5,7,661,247,43,48,1,1,-1,-1
5,8,699,313,54,143,1,1,-1,-1
5,9,680,143,16,55,1,1,-1,-1
5,10,840,302,45,112,1,1,-1,-1
5,11,816,167,32,77,1,1,-1,-1
5,13,827,329,46,85,1,1,-1,-1
5,14,1080,254,34,82,1,1,-1,-1
5,15,1168,403,70,134,1,10,-1,-1
5,16,1189,377,84,114,1,2,-1,-1
5,17,1199,387,47,90,1,2,-1,-1
5,18,355,617,52,82,1,2,-1,-1
5,19,773,309,40,124,1,1,-1,-1
5,22,192,728,82,27,1,1,-1,-1
6,3,568,190,23,29,1,2,-1,-1
6,4,620,474,102,136,1,10,-1,-1
6,5,634,555,133,173,1,10,-1,-1
6,6,567,184,27,47,1,10,-1,-1
6,7,650,255,38,63,1,1,-1,-1
6,8,700,321,56,145,1,1,-1,-1
6,9,728,168,18,40,1,1,-1,-1
6,10,843,311,46,113,1,1,-1,-1
6,11,814,177,32,79,1,1,-1,-1
6,13,831,338,46,87,1,1,-1,-1
6,14,1126,261,43,102,1,1,-1,-1
6,15,1177,402,108,126,1,10,-1,-1
6,16,1189,382,83,112,1,2,-1,-1
6,17,1198,391,47,90,1,2,-1,-1
6,18,348,637,52,86,1,2,-1,-1
6,19,780,298,57,175,1,1,-1,-1
6,22,188,731,82,27,1,1,-1,-1
6,29,678,161,18,62,1,1,-1,-1
6,31,743,155,20,61,1,1,-1,-1
7,3,568,191,23,29,1,2,-1,-1
7,4,619,485,104,140,1,10,-1,-1
7,5,632,571,136,166,1,10,-1,-1
7,7,661,254,43,48,1,1,-1,-1
7,8,775,322,43,129,1,1,-1,-1
7,9,729,171,18,40,1,1,-1,-1
7,10,846,320,47,115,1,1,-1,-1
7,11,816,180,31,79,1,1,-1,-1
7,13,862,377,28,65,1,1,-1,-1
7,14,1133,267,43,103,1,1,-1,-1
7,15,1178,409,107,124,1,10,-1,-1
7,16,1189,386,83,111,1,2,-1,-1
7,17,1197,394,47,90,1,2,-1,-1
7,18,342,657,52,91,1,2,-1,-1
7,19,835,348,45,88,1,1,-1,-1
7,29,673,161,18,62,1,1,-1,-1
7,31,743,157,20,61,1,1,-1,-1
7,34,586,200,28,47,1,1,-1,-1
8,4,618,496,107,143,1,10,-1,-1
8,5,633,617,131,151,1,10,-1,-1
8,7,661,258,43,47,1,1,-1,-1
8,8,777,329,44,131,1,1,-1,-1
8,9,727,173,18,40,1,1,-1,-1
8,10,849,329,48,116,1,1,-1,-1
8,11,818,183,31,80,1,1,-1,-1
8,13,867,386,27,67,1,1,-1,-1
8,14,1142,274,43,104,1,1,-1,-1
8,15,1178,412,107,124,1,10,-1,-1
8,16,1189,390,83,110,1,2,-1,-1
8,17,1197,398,47,90,1,2,-1,-1
8,18,337,679,53,76,1,2,-1,-1
8,19,839,358,45,89,1,1,-1,-1
8,31,744,159,20,61,1,1,-1,-1
8,32,324,659,30,36,1,1,-1,-1
8,34,585,202,28,49,1,1,-1,-1
9,4,618,507,107,143,1,10,-1,-1
9,5,629,602,141,153,1,10,-1,-1
9,7,662,262,43,47,1,1,-1,-1
9,8,713,324,70,185,1,1,-1,-1
9,9,720,171,20,44,1,1,-1,-1
9,10,852,338,50,118,1,1,-1,-1
9,11,819,185,32,81,1,1,-1,-1
9,13,881,394,19,46,1,1,-1,-1
9,14,1152,282,43,104,1,1,-1,-1
9,15,1179,423,107,120,1,10,-1,-1
9,16,1189,393,83,110,1,2,-1,-1
9,17,1196,402,47,90,1,2,-1,-1
9,18,331,697,53,58,1,2,-1,-1
9,19,843,367,44,91,1,1,-1,-1
9,31,731,176,18,40,1,1,-1,-1
9,32,319,686,46,54,1,1,-1,-1
9,34,585,204,27,51,1,1,-1,-1
9,36,744,161,20,61,1,2,-1,-1
10,4,636,539,59,79,1,10,-1,-1
10,5,606,513,126,170,1,10,-1,-1
10,7,663,266,43,47,1,1,-1,-1
10,8,704,357,59,155,1,1,-1,-1
10,9,721,174,20,44,1,1,-1,-1
10,10,855,347,51,119,1,1,-1,-1
10,11,820,189,32,81,1,1,-1,-1
10,13,875,405,27,69,1,1,-1,-1
10,14,1162,289,43,105,1,1,-1,-1
10,15,1180,430,107,118,1,10,-1,-1
10,17,1195,405,47,90,1,2,-1,-1
10,18,325,715,53,40,1,2,-1,-1
10,19,847,377,44,92,1,1,-1,-1
10,31,732,178,18,40,1,1,-1,-1
10,32,313,690,46,54,1,1,-1,-1
10,34,599,235,31,59,1,1,-1,-1
10,36,744,163,21,61,1,2,-1,-1
10,39,1118,281,49,116,1,10,-1,-1
10,41,783,349,46,134,1,1,-1,-1
11,4,615,531,114,153,1,10,-1,-1
11,5,628,651,141,104,1,10,-1,-1
11,7,663,270,43,47,1,1,-1,-1
11,8,705,368,55,156,1,1,-1,-1
11,10,859,356,51,121,1,1,-1,-1
11,11,823,191,32,83,1,1,-1,-1
11,13,879,415,28,70,1,1,-1,-1
11,14,1212,298,41,99,1,1,-1,-1
11,15,1192,467,64,72,1,10,-1,-1
11,17,1180,434,106,118,1,2,-1,-1
11,18,319,733,53,22,1,2,-1,-1
11,19,851,386,43,94,1,1,-1,-1
11,31,733,181,18,40,1,1,-1,-1
11,32,301,720,63,26,1,1,-1,-1
11,34,650,277,39,65,1,1,-1,-1
11,36,743,160,21,61,1,2,-1,-1
11,39,1126,288,50,119,1,10,-1,-1
11,41,786,359,47,136,1,1,-1,-1
11,42,568,199,23,31,1,2,-1,-1
11,43,652,267,55,91,1,1,-1,-1
12,4,614,549,116,149,1,10,-1,-1
12,5,628,676,141,79,1,10,-1,-1
12,7,664,274,43,47,1,1,-1,-1
12,8,706,379,51,158,1,1,-1,-1
12,10,862,365,52,123,1,1,-1,-1
12,11,825,194,31,83,1,1,-1,-1
12,13,884,424,27,71,1,1,-1,-1
12,14,1181,305,44,105,1,1,-1,-1
12,15,1190,402,85,119,1,10,-1,-1
12,17,1181,375,122,171,1,2,-1,-1
12,18,313,746,53,22,1,2,-1,-1
12,19,861,396,43,94,1,1,-1,-1
12,31,734,183,18,40,1,1,-1,-1
12,32,296,733,63,26,1,1,-1,-1
12,34,650,282,39,65,1,1,-1,-1
12,36,745,167,21,61,1,2,-1,-1
12,39,1133,295,51,121,1,10,-1,-1
12,41,773,362,47,136,1,1,-1,-1
12,42,587,209,29,52,1,2,-1,-1
12,43,651,267,55,91,1,1,-1,-1
12,44,679,126,23,80,1,2,-1,-1
13,4,613,567,119,145,1,10,-1,-1
13,5,627,701,141,54,1,10,-1,-1
13,7,664,278,43,47,1,1,-1,-1
13,8,705,390,53,160,1,1,-1,-1
13,10,865,374,53,124,1,1,-1,-1
13,11,827,197,31,84,1,1,-1,-1
13,13,888,434,27,72,1,1,-1,-1
13,14,1208,339,23,56,1,1,-1,-1
13,15,1190,411,84,111,1,10,-1,-1
13,17,1182,442,103,118,1,2,-1,-1
13,19,859,406,42,96,1,1,-1,-1
13,31,735,186,18,40,1,1,-1,-1
13,34,650,287,39,66,1,1,-1,-1
13,36,745,169,21,61,1,2,-1,-1
13,39,1141,303,51,122,1,10,-1,-1
13,41,793,379,49,140,1,1,-1,-1
13,42,588,211,29,53,1,2,-1,-1
13,43,646,289,32,35,1,1,-1,-1
13,44,679,123,23,80,1,2,-1,-1
14,4,614,582,119,145,1,10,-1,-1
14,5,627,726,141,29,1,10,-1,-1
14,7,665,282,43,47,1,1,-1,-1
14,8,705,401,54,162,1,1,-1,-1
14,10,869,384,53,124,1,1,-1,-1
14,11,829,200,31,84,1,1,-1,-1
14,13,892,443,27,74,1,1,-1,-1
14,14,1196,420,47,90,1,1,-1,-1
14,15,1190,415,84,110,1,10,-1,-1
14,17,1182,446,103,118,1,2,-1,-1
14,19,865,416,42,96,1,1,-1,-1
14,31,736,189,18,40,1,1,-1,-1
14,34,650,292,39,67,1,1,-1,-1
14,36,746,171,21,62,1,2,-1,-1
14,39,1148,310,52,124,1,10,-1,-1
14,41,797,389,50,143,1,1,-1,-1
14,42,589,214,30,54,1,2,-1,-1
14,43,641,283,33,57,1,1,-1,-1
14,44,679,177,18,64,1,2,-1,-1
14,46,1200,320,45,106,1,10,-1,-1
15,5,628,743,141,29,1,10,-1,-1
15,7,666,286,43,47,1,1,-1,-1
15,8,701,414,54,162,1,1,-1,-1
15,10,872,410,33,75,1,1,-1,-1
15,11,831,203,31,85,1,1,-1,-1
15,13,877,413,57,137,1,1,-1,-1
15,14,1197,424,47,90,1,1,-1,-1
15,15,1191,419,83,109,1,10,-1,-1
15,17,1183,450,101,118,1,2,-1,-1
15,19,867,425,41,99,1,1,-1,-1
15,31,736,192,17,39,1,1,-1,-1
15,34,649,296,40,69,1,1,-1,-1
15,36,746,174,21,62,1,2,-1,-1
15,39,1156,318,53,126,1,10,-1,-1
15,41,801,399,51,145,1,1,-1,-1
15,42,588,218,31,55,1,2,-1,-1
15,43,638,283,33,57,1,1,-1,-1
15,44,679,179,18,64,1,2,-1,-1
15,46,1204,320,45,106,1,10,-1,-1
15,47,564,207,23,32,1,2,-1,-1
16,7,666,290,43,47,1,1,-1,-1
16,8,704,424,57,166,1,1,-1,-1
16,10,874,401,57,129,1,1,-1,-1
16,11,833,206,31,85,1,1,-1,-1
16,13,871,435,41,100,1,1,-1,-1
16,14,1204,455,47,90,1,1,-1,-1
16,15,1197,428,47,90,1,10,-1,-1
16,17,1184,455,100,118,1,2,-1,-1
16,19,836,406,55,133,1,1,-1,-1
16,31,736,195,17,39,1,1,-1,-1
16,34,649,300,40,71,1,1,-1,-1
16,36,741,183,12,29,1,2,-1,-1
16,39,1163,326,53,126,1,10,-1,-1
16,41,800,409,51,145,1,1,-1,-1
16,42,565,209,23,32,1,2,-1,-1
16,43,588,223,31,56,1,1,-1,-1
16,44,679,182,19,64,1,2,-1,-1
16,46,1220,335,45,107,1,10,-1,-1
16,47,536,202,34,47,1,2,-1,-1
17,7,667,295,43,47,1,1,-1,-1
17,8,703,435,59,176,1,1,-1,-1
17,10,872,446,43,103,1,1,-1,-1
17,11,850,223,23,66,1,1,-1,-1
17,13,903,477,30,79,1,1,-1,-1
17,14,1193,427,81,108,1,1,-1,-1
17,15,1197,431,47,90,1,10,-1,-1
17,17,1184,464,100,118,1,2,-1,-1
17,19,840,416,55,133,1,1,-1,-1
17,31,734,211,21,51,1,1,-1,-1
17,34,648,305,40,71,1,1,-1,-1
17,36,746,180,21,63,1,2,-1,-1
17,39,1175,331,55,126,1,10,-1,-1
17,42,568,215,23,32,1,2,-1,-1
17,43,587,226,31,57,1,1,-1,-1
17,44,678,184,19,64,1,2,-1,-1
17,46,1170,290,79,181,1,10,-1,-1
17,47,536,203,34,47,1,2,-1,-1
17,49,835,208,31,89,1,2,-1,-1
18,7,664,299,43,48,1,1,-1,-1
18,8,703,447,62,181,1,1,-1,-1
18,10,874,458,45,106,1,1,-1,-1
18,11,856,240,20,59,1,1,-1,-1
18,13,907,489,31,82,1,1,-1,-1
18,14,1180,463,100,118,1,1,-1,-1
18,15,1194,431,80,107,1,10,-1,-1
18,17,1162,438,150,177,1,2,-1,-1
18,19,809,435,55,150,1,1,-1,-1
18,31,734,214,21,51,1,1,-1,-1
18,34,648,310,40,72,1,1,-1,-1
18,36,744,180,21,63,1,2,-1,-1
18,39,1212,442,26,50,1,10,-1,-1
18,42,561,213,23,34,1,2,-1,-1
18,43,586,229,32,58,1,1,-1,-1
18,44,678,190,19,64,1,2,-1,-1
18,46,1235,348,45,112,1,10,-1,-1
18,49,837,211,31,91,1,2,-1,-1
19,7,661,303,43,50,1,1,-1,-1
19,8,703,459,65,186,1,1,-1,-1
19,10,884,428,60,134,1,1,-1,-1
19,11,832,213,31,90,1,1,-1,-1
19,13,910,502,33,83,1,1,-1,-1
19,14,1195,436,79,106,1,1,-1,-1
19,15,1201,425,37,71,1,10,-1,-1
19,17,1198,439,47,90,1,2,-1,-1
19,19,812,448,56,152,1,1,-1,-1
19,31,734,201,18,40,1,1,-1,-1
19,34,641,314,41,72,1,1,-1,-1
19,36,740,183,22,65,1,2,-1,-1
19,39,1188,344,57,126,1,10,-1,-1
19,42,537,217,15,23,1,2,-1,-1
19,43,572,217,32,58,1,1,-1,-1
19,44,699,178,28,69,1,2,-1,-1
19,46,1191,332,68,150,1,10,-1,-1
19,49,862,216,31,91,1,2,-1,-1
20,7,654,306,43,50,1,1,-1,-1
20,8,684,453,86,244,1,1,-1,-1
20,10,889,437,61,136,1,1,-1,-1
20,11,828,216,31,90,1,1,-1,-1
20,13,913,514,35,85,1,1,-1,-1
20,14,1173,464,100,119,1,1,-1,-1
20,15,1192,439,47,90,1,10,-1,-1
20,17,1168,431,82,112,1,2,-1,-1
20,19,878,481,48,112,1,1,-1,-1
20,31,726,201,18,41,1,1,-1,-1
20,34,635,318,41,72,1,1,-1,-1
20,36,734,184,23,65,1,2,-1,-1
20,39,1192,351,57,125,1,10,-1,-1
20,42,550,214,23,35,1,2,-1,-1
20,43,667,190,19,64,1,1,-1,-1
20,44,706,183,26,60,1,2,-1,-1
20,46,1246,360,44,119,1,10,-1,-1
21,7,648,309,43,51,1,1,-1,-1
21,8,704,484,69,193,1,1,-1,-1
21,10,894,446,61,136,1,1,-1,-1
21,11,822,219,31,90,1,1,-1,-1
21,13,917,526,36,88,1,1,-1,-1
21,14,1185,479,86,116,1,1,-1,-1
21,15,1184,458,54,73,1,10,-1,-1
21,17,1186,439,47,90,1,2,-1,-1
21,19,871,494,48,112,1,1,-1,-1
21,31,726,202,18,41,1,1,-1,-1
21,34,629,322,42,72,1,1,-1,-1
21,36,729,185,23,65,1,2,-1,-1
21,39,1202,357,58,130,1,10,-1,-1
21,42,541,217,23,35,1,2,-1,-1
21,43,679,156,25,86,1,1,-1,-1
21,44,687,179,20,69,1,2,-1,-1
21,46,1247,367,44,119,1,10,-1,-1
22,7,654,343,26,46,1,1,-1,-1
22,8,702,500,69,193,1,1,-1,-1
22,10,899,457,65,139,1,1,-1,-1
22,11,819,221,31,90,1,1,-1,-1
22,13,922,540,36,88,1,1,-1,-1
22,14,1206,491,66,79,1,1,-1,-1
22,15,1162,460,100,119,1,10,-1,-1
22,17,1181,437,80,108,1,2,-1,-1
22,31,648,312,43,51,1,1,-1,-1
22,34,629,325,42,74,1,1,-1,-1
22,36,729,185,23,66,1,2,-1,-1
22,39,1213,363,59,135,1,10,-1,-1
22,42,540,217,23,35,1,2,-1,-1
22,43,687,180,21,69,1,1,-1,-1
22,44,660,192,19,66,1,2,-1,-1
22,46,1264,371,43,127,1,10,-1,-1
23,7,650,347,26,46,1,1,-1,-1
23,8,705,509,74,199,1,1,-1,-1
23,10,902,524,43,98,1,1,-1,-1
23,13,924,551,39,92,1,1,-1,-1
23,14,1188,464,87,105,1,1,-1,-1
23,15,1164,459,100,120,1,10,-1,-1
23,17,1182,436,80,109,1,2,-1,-1
23,31,638,327,43,51,1,1,-1,-1
23,34,629,327,43,76,1,1,-1,-1
23,36,720,203,18,43,1,2,-1,-1
23,39,1223,369,61,140,1,10,-1,-1
23,42,540,217,23,36,1,2,-1,-1
23,43,685,179,16,53,1,1,-1,-1
23,44,660,193,19,66,1,2,-1,-1
23,46,1276,377,43,131,1,10,-1,-1
24,8,709,522,77,201,1,1,-1,-1
24,10,908,533,43,98,1,1,-1,-1
24,13,929,565,39,92,1,1,-1,-1
24,14,1191,473,87,105,1,1,-1,-1
24,15,1167,459,100,120,1,10,-1,-1
24,17,1183,435,80,110,1,2,-1,-1
24,34,630,329,44,78,1,1,-1,-1
24,36,731,187,23,66,1,2,-1,-1
24,39,1231,373,61,140,1,10,-1,-1
24,42,522,216,30,48,1,2,-1,-1
24,43,736,199,12,33,1,1,-1,-1
24,44,721,204,17,43,1,2,-1,-1
24,46,1288,383,42,134,1,10,-1,-1
25,8,713,535,81,203,1,1,-1,-1
25,10,914,487,71,144,1,1,-1,-1
25,13,967,560,37,75,1,1,-1,-1
25,15,1170,459,100,121,1,10,-1,-1
25,17,1184,434,81,111,1,2,-1,-1
25,34,630,332,45,79,1,1,-1,-1
25,36,752,228,13,36,1,2,-1,-1
25,42,519,217,30,48,1,2,-1,-1
25,43,731,188,24,66,1,1,-1,-1
25,44,689,183,22,70,1,2,-1,-1
25,46,1300,391,42,134,1,10,-1,-1
25,53,865,541,37,116,1,2,-1,-1
25,54,1186,439,47,90,1,2,-1,-1
26,8,718,548,84,206,1,1,-1,-1
26,10,948,541,45,89,1,1,-1,-1
26,13,959,598,45,94,1,1,-1,-1
26,15,1173,459,100,121,1,10,-1,-1
26,17,1185,433,81,113,1,2,-1,-1
26,34,631,334,46,81,1,1,-1,-1
26,36,744,210,21,53,1,2,-1,-1
26,42,539,219,23,36,1,2,-1,-1
26,43,732,189,24,66,1,1,-1,-1
26,44,722,205,18,45,1,2,-1,-1
26,46,1211,465,32,62,1,10,-1,-1
26,53,831,516,63,195,1,2,-1,-1
26,54,1188,438,47,90,1,2,-1,-1
26,56,661,194,18,68,1,1,-1,-1
27,8,723,562,90,193,1,1,-1,-1
27,10,933,513,75,148,1,1,-1,-1
27,13,971,616,47,86,1,1,-1,-1
27,15,1176,458,100,122,1,10,-1,-1
27,17,1186,432,82,114,1,2,-1,-1
27,34,631,337,46,81,1,1,-1,-1
27,36,766,215,12,29,1,2,-1,-1
27,42,539,219,23,37,1,2,-1,-1
27,43,743,188,22,55,1,1,-1,-1
27,44,733,190,24,66,1,2,-1,-1
27,46,1209,477,32,62,1,10,-1,-1
27,53,912,566,56,122,1,2,-1,-1
27,54,1189,438,47,90,1,2,-1,-1
27,56,661,195,18,68,1,1,-1,-1
28,8,726,580,94,174,1,1,-1,-1
28,10,943,526,77,150,1,1,-1,-1
28,13,984,634,48,78,1,1,-1,-1
28,15,1178,461,100,122,1,10,-1,-1
28,17,1187,431,82,115,1,2,-1,-1
28,34,631,340,48,84,1,1,-1,-1
28,36,741,190,24,55,1,2,-1,-1
28,42,538,220,23,37,1,2,-1,-1
28,43,724,207,17,45,1,1,-1,-1
28,44,690,186,24,71,1,2,-1,-1
28,53,931,581,66,139,1,2,-1,-1
28,54,1192,438,47,90,1,2,-1,-1
28,56,661,195,18,69,1,1,-1,-1
28,57,653,327,45,54,1,2,-1,-1
28,58,570,235,43,86,1,2,-1,-1
28,59,845,235,31,97,1,1,-1,-1
28,60,914,577,84,177,1,2,-1,-1
29,8,732,592,94,174,1,1,-1,-1
29,10,953,540,78,151,1,1,-1,-1
29,13,996,652,50,71,1,1,-1,-1
29,15,1182,458,100,123,1,10,-1,-1
29,17,1188,431,82,115,1,2,-1,-1
29,34,631,343,48,86,1,1,-1,-1
29,36,739,192,26,55,1,2,-1,-1
29,42,552,223,17,28,1,2,-1,-1
29,43,735,192,24,68,1,1,-1,-1
29,44,702,186,24,71,1,2,-1,-1
29,53,940,595,68,142,1,2,-1,-1
29,54,1193,438,47,90,1,2,-1,-1
29,56,672,196,18,69,1,1,-1,-1
29,57,653,328,45,54,1,2,-1,-1
29,58,558,242,31,66,1,2,-1,-1
29,59,849,238,31,97,1,1,-1,-1
29,60,849,555,69,188,1,2,-1,-1
29,62,784,160,24,40,1,1,-1,-1
30,8,733,616,102,138,1,1,-1,-1
30,10,962,550,78,151,1,1,-1,-1
30,13,1009,670,51,63,1,1,-1,-1
30,15,1185,458,100,123,1,10,-1,-1
30,17,1192,430,84,117,1,2,-1,-1
30,34,632,347,48,86,1,1,-1,-1
30,36,784,162,25,40,1,2,-1,-1
30,42,552,223,17,28,1,2,-1,-1
30,43,741,192,26,56,1,1,-1,-1
30,44,691,188,25,72,1,2,-1,-1
30,53,966,609,68,142,1,2,-1,-1
30,54,1199,437,47,90,1,2,-1,-1
30,58,557,243,31,67,1,2,-1,-1
30,59,853,241,31,98,1,1,-1,-1
30,60,849,561,69,188,1,2,-1,-1
30,62,817,141,18,29,1,1,-1,-1
31,8,736,635,96,119,1,1,-1,-1
31,10,973,566,82,155,1,1,-1,-1
31,13,1021,688,53,55,1,1,-1,-1
31,15,1188,459,100,123,1,10,-1,-1
31,17,1194,430,84,117,1,2,-1,-1
31,34,632,350,49,89,1,1,-1,-1
31,36,743,193,26,56,1,2,-1,-1
31,42,538,221,23,38,1,2,-1,-1
31,43,737,194,24,69,1,1,-1,-1
31,44,691,189,26,72,1,2,-1,-1
31,53,963,628,70,127,1,2,-1,-1
31,54,1204,437,47,90,1,2,-1,-1
31,58,556,245,31,67,1,2,-1,-1
31,59,848,233,47,148,1,1,-1,-1
31,62,785,163,25,41,1,1,-1,-1
31,63,862,581,74,174,1,2,-1,-1
32,8,742,645,96,119,1,1,-1,-1
32,10,983,580,84,156,1,1,-1,-1
32,13,1033,704,53,55,1,1,-1,-1
32,15,1191,458,99,124,1,10,-1,-1
32,34,633,354,50,90,1,1,-1,-1
32,36,753,181,26,56,1,2,-1,-1
32,42,538,221,23,38,1,2,-1,-1
32,43,739,195,24,70,1,1,-1,-1
32,44,692,190,26,73,1,2,-1,-1
32,53,983,643,70,127,1,2,-1,-1
32,54,1209,437,47,90,1,2,-1,-1
32,58,572,287,22,47,1,2,-1,-1
32,59,860,246,33,101,1,1,-1,-1
32,62,786,165,25,41,1,1,-1,-1
32,63,875,595,74,159,1,2,-1,-1
33,10,993,593,84,156,1,1,-1,-1
33,15,1194,459,99,123,1,10,-1,-1
33,34,635,358,50,91,1,1,-1,-1
33,42,537,222,23,38,1,2,-1,-1
33,43,741,188,35,103,1,1,-1,-1
33,44,692,191,27,73,1,2,-1,-1
33,53,993,666,70,89,1,2,-1,-1
33,54,1204,430,84,119,1,2,-1,-1
33,58,547,242,43,93,1,2,-1,-1
33,59,864,248,34,103,1,1,-1,-1
33,62,786,166,25,41,1,1,-1,-1
33,63,888,615,74,139,1,2,-1,-1
33,69,579,223,21,35,1,10,-1,-1
34,10,985,588,132,188,1,1,-1,-1
34,15,1197,459,97,123,1,10,-1,-1
34,34,636,362,50,91,1,1,-1,-1
34,42,536,223,24,39,1,2,-1,-1
34,43,741,197,25,70,1,1,-1,-1
34,44,693,192,27,73,1,2,-1,-1
34,53,1008,685,70,70,1,2,-1,-1
34,54,1208,430,84,119,1,2,-1,-1
34,58,554,231,32,67,1,2,-1,-1
34,59,868,251,34,104,1,1,-1,-1
34,62,787,168,25,42,1,1,-1,-1
34,63,897,620,74,139,1,2,-1,-1
34,67,730,213,17,51,1,1,-1,-1
34,68,667,176,30,82,1,2,-1,-1
34,69,665,202,18,71,1,10,-1,-1
35,10,1020,634,95,115,1,1,-1,-1
35,15,1211,442,88,125,1,10,-1,-1
35,34,642,345,73,133,1,1,-1,-1
35,42,536,225,24,39,1,2,-1,-1
35,43,742,198,25,70,1,1,-1,-1
35,44,710,185,23,71,1,2,-1,-1
35,53,1023,697,70,70,1,2,-1,-1
35,54,1208,432,84,119,1,2,-1,-1
35,58,554,250,32,67,1,2,-1,-1
35,59,872,254,35,105,1,1,-1,-1
35,62,788,169,25,43,1,1,-1,-1
35,63,916,655,74,99,1,2,-1,-1
35,67,732,214,17,52,1,1,-1,-1
35,68,668,176,30,82,1,2,-1,-1
35,69,659,201,18,71,1,10,-1,-1
36,10,1032,647,95,115,1,1,-1,-1
36,15,1209,443,93,121,1,10,-1,-1
36,34,660,375,35,43,1,1,-1,-1
36,42,536,226,24,39,1,2,-1,-1
36,43,750,196,27,63,1,1,-1,-1
36,44,718,227,23,60,1,2,-1,-1
36,54,1211,433,83,119,1,2,-1,-1
36,58,552,245,32,67,1,2,-1,-1
36,59,875,256,37,107,1,1,-1,-1
36,62,788,171,26,42,1,1,-1,-1
36,63,929,675,74,79,1,2,-1,-1
36,67,743,199,26,70,1,1,-1,-1
36,68,694,194,28,74,1,2,-1,-1
36,69,667,204,18,72,1,10,-1,-1
37,15,1213,439,93,121,1,10,-1,-1
37,34,661,355,51,64,1,1,-1,-1
37,42,536,228,24,38,1,2,-1,-1
37,43,752,197,27,65,1,1,-1,-1
37,44,731,216,16,54,1,2,-1,-1
37,54,1216,433,82,119,1,2,-1,-1
37,58,553,253,32,69,1,2,-1,-1
37,59,879,259,37,107,1,1,-1,-1
37,62,789,172,26,43,1,1,-1,-1
37,63,943,695,74,59,1,2,-1,-1
37,67,767,236,20,48,1,1,-1,-1
37,68,695,195,28,75,1,2,-1,-1
37,69,684,201,18,72,1,10,-1,-1
37,74,645,336,75,94,1,2,-1,-1
38,15,1247,517,61,80,1,10,-1,-1
38,34,662,359,51,66,1,1,-1,-1
38,42,536,229,24,38,1,2,-1,-1
38,43,754,198,27,65,1,1,-1,-1
38,44,734,217,11,38,1,2,-1,-1
38,54,1221,433,82,119,1,2,-1,-1
38,58,552,255,32,69,1,2,-1,-1
38,59,883,261,38,110,1,1,-1,-1
38,62,789,174,26,43,1,1,-1,-1
38,63,956,704,74,59,1,2,-1,-1
38,67,772,236,20,48,1,1,-1,-1
38,68,694,195,29,75,1,2,-1,-1
38,69,669,205,18,73,1,10,-1,-1
38,74,645,336,75,94,1,2,-1,-1
38,75,1231,438,47,90,1,1,-1,-1
38,76,639,380,51,94,1,2,-1,-1
38,77,1211,462,93,123,1,2,-1,-1
39,15,1253,521,61,80,1,10,-1,-1
39,34,652,355,71,91,1,1,-1,-1
39,42,537,231,24,38,1,2,-1,-1
39,43,757,200,26,64,1,1,-1,-1
39,44,734,219,17,57,1,2,-1,-1
39,54,1231,421,90,131,1,2,-1,-1
39,58,552,257,32,70,1,2,-1,-1
39,59,887,264,39,111,1,1,-1,-1
39,62,790,175,26,44,1,1,-1,-1
39,67,747,202,26,72,1,1,-1,-1
39,68,694,195,29,76,1,2,-1,-1
39,69,670,205,18,73,1,10,-1,-1
39,75,1226,433,82,119,1,1,-1,-1
39,76,639,385,52,95,1,2,-1,-1
39,77,1216,464,91,122,1,2,-1,-1
40,34,663,368,52,68,1,1,-1,-1
40,42,524,234,30,46,1,2,-1,-1
40,43,757,201,26,64,1,1,-1,-1
40,44,740,220,17,57,1,2,-1,-1
40,54,1235,422,90,131,1,2,-1,-1
40,58,551,260,32,70,1,2,-1,-1
40,59,891,267,40,112,1,1,-1,-1
40,62,790,177,26,44,1,1,-1,-1
40,67,753,204,26,72,1,1,-1,-1
40,68,693,196,30,77,1,2,-1,-1
40,69,658,205,22,89,1,10,-1,-1
40,75,1229,434,82,118,1,1,-1,-1
40,76,639,390,53,97,1,2,-1,-1
40,77,1218,465,91,122,1,2,-1,-1
41,34,663,372,53,69,1,1,-1,-1
41,42,533,233,26,38,1,2,-1,-1
41,43,758,202,25,65,1,1,-1,-1
41,54,1242,434,69,100,1,2,-1,-1
41,58,550,263,32,71,1,2,-1,-1
41,59,892,271,40,114,1,1,-1,-1
41,62,792,178,26,45,1,1,-1,-1
41,67,747,204,25,74,1,1,-1,-1
41,68,696,197,30,77,1,2,-1,-1
41,69,668,209,18,73,1,10,-1,-1
41,75,1236,442,47,90,1,1,-1,-1
41,76,640,395,54,99,1,2,-1,-1
41,77,1220,466,91,122,1,2,-1,-1
42,34,640,401,54,101,1,1,-1,-1
42,42,531,236,26,38,1,2,-1,-1
42,43,759,203,25,66,1,1,-1,-1
42,54,1235,436,83,118,1,2,-1,-1
42,58,550,267,31,71,1,2,-1,-1
42,59,896,274,40,114,1,1,-1,-1
42,62,792,180,27,45,1,1,-1,-1
42,67,747,206,25,74,1,1,-1,-1
42,68,703,231,24,61,1,2,-1,-1
42,69,668,211,18,74,1,10,-1,-1
42,75,1239,443,47,90,1,1,-1,-1
42,76,652,425,37,70,1,2,-1,-1
42,77,1224,469,90,122,1,2,-1,-1
43,34,664,381,54,71,1,1,-1,-1
43,43,760,204,25,66,1,1,-1,-1
43,54,1233,436,83,118,1,2,-1,-1
43,58,549,270,31,71,1,2,-1,-1
43,59,894,281,42,117,1,1,-1,-1
43,62,793,181,27,46,1,1,-1,-1
43,67,719,209,17,42,1,1,-1,-1
43,68,729,227,19,58,1,2,-1,-1
43,69,670,212,18,74,1,10,-1,-1
43,75,1238,443,47,90,1,1,-1,-1
43,76,640,407,55,103,1,2,-1,-1
43,77,1224,468,89,121,1,2,-1,-1
44,34,659,394,54,71,1,1,-1,-1
44,43,754,206,26,65,1,1,-1,-1
44,54,1240,458,53,101,1,2,-1,-1
44,58,540,270,32,73,1,2,-1,-1
44,59,897,285,42,117,1,1,-1,-1
44,62,794,183,27,46,1,1,-1,-1
44,67,693,204,32,79,1,1,-1,-1
44,68,743,208,24,75,1,2,-1,-1
44,69,664,215,18,76,1,10,-1,-1
44,75,1238,443,47,90,1,1,-1,-1
44,76,637,413,55,105,1,2,-1,-1
44,77,1224,468,89,120,1,2,-1,-1
45,43,752,208,26,64,1,1,-1,-1
45,54,1229,437,83,117,1,2,-1,-1
45,58,532,293,20,47,1,2,-1,-1
45,62,790,179,27,50,1,1,-1,-1
45,67,687,205,31,80,1,1,-1,-1
45,68,741,209,24,76,1,2,-1,-1
45,69,663,218,18,76,1,10,-1,-1
45,75,1236,443,47,90,1,1,-1,-1
45,76,635,419,55,107,1,2,-1,-1
45,77,1224,467,88,120,1,2,-1,-1
46,43,750,210,27,63,1,1,-1,-1
46,54,1228,438,83,116,1,2,-1,-1
46,58,531,273,32,75,1,2,-1,-1
46,62,786,176,27,53,1,1,-1,-1
46,67,656,219,19,77,1,1,-1,-1
46,68,752,210,24,76,1,2,-1,-1
46,69,645,212,22,89,1,10,-1,-1
46,75,1243,435,70,98,1,1,-1,-1
46,76,630,425,56,108,1,2,-1,-1
46,77,1225,467,88,120,1,2,-1,-1
46,81,516,241,27,38,1,2,-1,-1
47,43,733,212,24,77,1,1,-1,-1
47,54,1227,443,47,90,1,2,-1,-1
47,58,520,276,32,76,1,2,-1,-1
47,62,781,177,24,53,1,1,-1,-1
47,67,644,220,19,77,1,1,-1,-1
47,68,774,236,19,45,1,2,-1,-1
47,69,649,221,20,77,1,10,-1,-1
47,75,1242,435,70,98,1,1,-1,-1
47,76,600,423,65,127,1,2,-1,-1
47,81,519,249,27,38,1,2,-1,-1
47,82,713,234,20,58,1,1,-1,-1
48,43,740,214,25,62,1,1,-1,-1
48,54,1211,437,83,115,1,2,-1,-1
48,58,516,278,32,76,1,2,-1,-1
48,62,776,178,22,54,1,1,-1,-1
48,67,643,223,20,78,1,1,-1,-1
48,68,740,218,24,79,1,2,-1,-1
48,69,672,211,28,80,1,10,-1,-1
48,75,1218,435,83,115,1,1,-1,-1
48,76,616,441,57,112,1,2,-1,-1
48,81,498,244,27,37,1,2,-1,-1
48,82,728,214,24,78,1,1,-1,-1
48,84,637,409,59,76,1,2,-1,-1
49,43,767,180,25,48,1,1,-1,-1
49,54,1203,437,83,114,1,2,-1,-1
49,58,500,282,31,78,1,2,-1,-1
49,62,773,172,19,36,1,1,-1,-1
49,67,627,227,20,78,1,1,-1,-1
49,68,767,195,28,48,1,2,-1,-1
49,69,699,237,20,58,1,10,-1,-1
49,75,1200,464,87,119,1,1,-1,-1
49,76,608,448,57,112,1,2,-1,-1
49,81,493,240,27,37,1,2,-1,-1
49,82,718,216,25,79,1,1,-1,-1
49,84,633,417,59,76,1,2,-1,-1
50,43,745,199,31,52,1,1,-1,-1
50,54,1195,437,83,114,1,2,-1,-1
50,58,490,285,31,79,1,2,-1,-1
50,62,759,200,26,44,1,1,-1,-1
50,67,657,214,29,81,1,1,-1,-1
50,68,776,211,17,29,1,2,-1,-1
50,69,691,239,20,58,1,10,-1,-1
50,75,1193,463,86,119,1,1,-1,-1
50,76,603,456,59,117,1,2,-1,-1
50,81,503,264,16,40,1,2,-1,-1
50,82,709,219,25,79,1,1,-1,-1
50,87,1203,440,47,91,1,2,-1,-1
51,43,751,185,24,45,1,1,-1,-1
51,54,1192,436,83,113,1,2,-1,-1
51,58,482,288,31,79,1,2,-1,-1
51,62,718,220,24,65,1,1,-1,-1
51,67,618,228,21,80,1,1,-1,-1
51,68,752,206,23,39,1,2,-1,-1
51,69,650,216,29,82,1,10,-1,-1
51,75,1193,462,84,119,1,1,-1,-1
51,76,598,463,59,119,1,2,-1,-1
51,81,472,248,27,37,1,2,-1,-1
51,82,700,222,25,80,1,1,-1,-1
51,86,879,312,50,129,1,2,-1,-1
51,87,1202,440,46,90,1,2,-1,-1
52,43,752,180,24,45,1,1,-1,-1
52,54,1201,440,46,90,1,2,-1,-1
52,58,473,292,33,79,1,2,-1,-1
52,62,713,226,23,72,1,1,-1,-1
52,67,614,230,21,80,1,1,-1,-1
52,68,716,221,24,67,1,2,-1,-1
52,69,701,237,14,45,1,10,-1,-1
52,75,1193,462,82,118,1,1,-1,-1
52,76,593,470,59,121,1,2,-1,-1
52,81,464,250,27,37,1,2,-1,-1
52,82,697,224,26,80,1,1,-1,-1
52,86,877,317,51,131,1,2,-1,-1
52,87,1148,400,120,160,1,2,-1,-1
53,43,757,163,26,50,1,1,-1,-1
53,54,1200,440,46,89,1,2,-1,-1
53,58,467,296,34,78,1,2,-1,-1
53,62,695,226,26,81,1,1,-1,-1
53,67,638,220,29,83,1,1,-1,-1
53,68,747,189,24,46,1,2,-1,-1
53,69,746,211,24,39,1,10,-1,-1
53,75,1193,462,80,117,1,1,-1,-1
53,76,588,478,59,121,1,2,-1,-1
53,81,462,252,27,37,1,2,-1,-1
53,82,714,223,24,69,1,1,-1,-1
53,86,875,320,51,131,1,2,-1,-1
53,87,1210,452,28,54,1,2,-1,-1
54,43,758,155,26,50,1,1,-1,-1
54,54,1194,438,46,89,1,2,-1,-1
54,58,465,299,35,78,1,2,-1,-1
54,62,675,247,21,57,1,1,-1,-1
54,67,606,235,23,81,1,1,-1,-1
54,68,736,193,24,46,1,2,-1,-1
54,69,743,213,24,40,1,10,-1,-1
54,75,1189,466,80,117,1,1,-1,-1
54,76,600,488,61,125,1,2,-1,-1
54,81,460,255,27,37,1,2,-1,-1
54,82,712,225,24,70,1,1,-1,-1
54,86,887,300,72,181,1,2,-1,-1
54,87,1204,450,28,54,1,2,-1,-1
54,89,608,445,66,88,1,2,-1,-1
55,43,743,194,24,47,1,1,-1,-1
55,54,1198,441,46,88,1,2,-1,-1
55,58,457,302,35,78,1,2,-1,-1
55,62,635,224,30,84,1,1,-1,-1
55,67,603,238,23,81,1,1,-1,-1
55,68,710,227,24,72,1,2,-1,-1
55,69,741,216,24,40,1,10,-1,-1
55,75,1194,462,75,116,1,1,-1,-1
55,76,597,497,61,125,1,2,-1,-1
55,81,458,257,27,37,1,2,-1,-1
55,82,691,230,26,82,1,1,-1,-1
55,86,888,304,72,181,1,2,-1,-1
55,87,1175,419,98,125,1,2,-1,-1
55,89,607,452,67,90,1,2,-1,-1
55,93,1211,465,46,89,1,2,-1,-1
56,43,744,197,24,48,1,1,-1,-1
56,54,1194,439,46,88,1,2,-1,-1
56,58,461,305,38,79,1,2,-1,-1
56,62,635,226,30,85,1,1,-1,-1
56,67,616,233,30,86,1,1,-1,-1
56,68,711,229,23,74,1,2,-1,-1
56,69,741,220,24,39,1,10,-1,-1
56,75,1192,463,75,116,1,1,-1,-1
56,76,584,504,61,123,1,2,-1,-1
56,81,456,260,27,37,1,2,-1,-1
56,82,691,232,26,82,1,1,-1,-1
56,87,1186,435,83,108,1,2,-1,-1
56,89,597,408,74,104,1,2,-1,-1
56,93,1210,464,46,89,1,2,-1,-1
56,95,889,342,55,136,1,2,-1,-1
57,43,745,201,24,48,1,1,-1,-1
57,54,1200,442,46,90,1,2,-1,-1
57,58,456,308,38,79,1,2,-1,-1
57,62,673,255,21,57,1,1,-1,-1
57,67,635,228,31,86,1,1,-1,-1
57,68,741,224,25,38,1,2,-1,-1
57,69,740,214,29,57,1,10,-1,-1
57,75,1193,464,80,117,1,1,-1,-1
57,76,585,514,63,126,1,2,-1,-1
57,81,454,262,27,37,1,2,-1,-1
57,82,712,232,23,75,1,1,-1,-1
57,87,1189,435,84,110,1,2,-1,-1
57,89,607,464,66,94,1,2,-1,-1
57,95,893,349,55,137,1,2,-1,-1
58,43,704,148,21,39,1,1,-1,-1
58,54,1193,466,82,117,1,2,-1,-1
58,62,673,258,21,57,1,1,-1,-1
58,67,633,230,31,86,1,1,-1,-1
58,68,703,156,24,37,1,2,-1,-1
58,69,746,205,25,48,1,10,-1,-1
58,75,1161,465,102,146,1,1,-1,-1
58,76,581,522,63,126,1,2,-1,-1
58,81,452,265,27,37,1,2,-1,-1
58,82,742,229,25,36,1,1,-1,-1
58,87,1232,452,49,96,1,2,-1,-1
58,89,639,486,48,68,1,2,-1,-1
58,95,898,358,55,137,1,2,-1,-1
58,96,713,235,23,77,1,2,-1,-1
