1,-1,1117,442,84,58,1,5,-1,1
1,-1,1141,383,13,34,1,1,-1,0
1,-1,1157,383,16,34,1,1,-1,1
1,-1,1173,381,13,36,1,1,-1,1
1,-1,1273,569,64,75,1,4,-1,0
1,-1,1292,569,49,57,1,4,-1,0
2,-1,1156,383,16,33,1,1,-1,1
2,-1,1172,381,13,36,1,1,-1,1
2,-1,1274,573,65,74,1,4,-1,0
2,-1,1454,223,23,19,1,4,-1,0
2,-1,1539,235,40,32,1,4,-1,0
2,-1,1140,376,15,33,1,1,-1,0
3,-1,1118,384,15,33,1,1,-1,0
3,-1,1125,443,84,58,1,5,-1,1
3,-1,1140,383,13,34,1,1,-1,0
3,-1,1455,223,23,19,1,4,-1,0
3,-1,1542,236,40,30,1,4,-1,0
3,-1,1111,456,67,46,1,5,-1,1
4,-1,1130,444,84,58,1,5,-1,1
4,-1,1140,383,13,34,1,1,-1,0
4,-1,1156,384,16,32,1,1,-1,1
4,-1,1172,381,13,36,1,1,-1,1
4,-1,1508,384,248,70,1,9,-1,2
4,-1,1168,377,15,42,1,1,-1,1
4,-1,1165,386,9,24,1,1,-1,1
5,-1,1134,445,84,58,1,5,-1,1
5,-1,1140,383,13,34,1,1,-1,0
5,-1,1156,384,16,32,1,1,-1,1
5,-1,1172,381,13,36,1,1,-1,1
5,-1,1278,585,65,75,1,4,-1,0
5,-1,1458,224,23,19,1,4,-1,0
5,-1,1501,384,248,70,1,9,-1,2
5,-1,1158,398,7,18,1,1,-1,0
5,-1,1175,397,19,54,1,1,-1,1
6,-1,1118,384,15,33,1,1,-1,0
6,-1,1138,446,84,58,1,5,-1,1
6,-1,1140,383,13,34,1,1,-1,0
6,-1,1156,385,16,31,1,1,-1,1
6,-1,1172,381,13,36,1,1,-1,1
6,-1,1278,589,66,77,1,4,-1,0
6,-1,1495,384,248,70,1,9,-1,2
6,-1,1550,239,39,29,1,4,-1,0
6,-1,1171,370,14,39,1,1,-1,1
6,-1,1573,263,26,19,1,4,-1,0
7,-1,1118,384,15,33,1,1,-1,0
7,-1,1140,383,13,34,1,1,-1,0
7,-1,1143,447,84,58,1,5,-1,1
7,-1,1172,381,13,36,1,1,-1,1
7,-1,1278,593,67,78,1,4,-1,0
7,-1,1460,224,23,20,1,4,-1,0
7,-1,1488,384,248,70,1,9,-1,2
7,-1,1552,240,39,29,1,4,-1,0
7,-1,1255,589,85,99,1,4,-1,0
7,-1,1481,375,280,79,1,9,-1,2
8,-1,1118,384,15,33,1,1,-1,0
8,-1,1172,381,13,36,1,1,-1,1
8,-1,1278,598,68,79,1,4,-1,0
8,-1,1461,225,23,19,1,4,-1,0
8,-1,1482,385,248,69,1,9,-1,2
8,-1,1554,241,39,29,1,4,-1,0
8,-1,1296,629,46,53,1,4,-1,0
8,-1,1144,391,10,27,1,1,-1,0
9,-1,1140,383,13,34,1,1,-1,0
9,-1,1172,381,13,36,1,1,-1,1
9,-1,1463,225,23,19,1,4,-1,0
9,-1,1475,385,249,69,1,9,-1,2
9,-1,1556,242,39,29,1,4,-1,0
9,-1,1252,577,45,53,1,4,-1,0
9,-1,1130,386,12,32,1,1,-1,0
10,-1,1118,384,15,33,1,1,-1,0
10,-1,1155,386,16,30,1,1,-1,1
10,-1,1171,381,13,36,1,1,-1,1
10,-1,1278,606,70,82,1,4,-1,0
10,-1,1464,225,23,20,1,4,-1,0
10,-1,1469,385,248,69,1,9,-1,2
10,-1,1558,243,39,29,1,4,-1,0
10,-1,1161,382,11,31,1,1,-1,1
10,-1,1437,202,30,26,1,4,-1,0
11,-1,1118,384,15,33,1,1,-1,0
11,-1,1140,383,13,34,1,1,-1,0
11,-1,1171,381,13,36,1,1,-1,1
11,-1,1278,610,71,84,1,4,-1,0
11,-1,1462,385,249,69,1,9,-1,2
11,-1,1560,244,39,29,1,4,-1,0
11,-1,1154,453,78,54,1,5,-1,1
11,-1,1259,592,93,110,1,4,-1,0
12,-1,1155,387,16,29,1,1,-1,1
12,-1,1165,452,84,58,1,5,-1,1
12,-1,1171,381,13,36,1,1,-1,1
12,-1,1279,615,71,85,1,4,-1,0
12,-1,1456,386,249,69,1,9,-1,2
12,-1,1466,226,23,20,1,4,-1,0
12,-1,1563,245,39,29,1,4,-1,0
12,-1,1120,395,16,35,1,1,-1,0
12,-1,1118,424,8,17,1,1,-1,0
13,-1,1117,384,15,33,1,1,-1,0
13,-1,1155,388,16,28,1,1,-1,1
13,-1,1170,454,84,58,1,5,-1,1
13,-1,1171,381,13,36,1,1,-1,1
13,-1,1450,387,249,69,1,9,-1,2
13,-1,1468,226,23,20,1,4,-1,0
13,-1,1566,245,39,29,1,4,-1,0
13,-1,1437,362,267,74,1,9,-1,2
13,-1,1577,239,43,32,1,4,-1,0
14,-1,1117,384,15,33,1,1,-1,0
14,-1,1155,388,16,28,1,1,-1,1
14,-1,1175,456,84,58,1,5,-1,1
14,-1,1469,227,23,19,1,4,-1,0
14,-1,1569,245,39,30,1,4,-1,0
14,-1,1140,392,11,28,1,1,-1,0
14,-1,1477,201,24,20,1,4,-1,0
15,-1,1140,383,13,34,1,1,-1,0
15,-1,1171,381,13,36,1,1,-1,1
15,-1,1181,459,84,57,1,5,-1,0
15,-1,1279,633,71,85,1,4,-1,0
15,-1,1573,245,39,31,1,4,-1,0
15,-1,1457,266,13,11,1,4,-1,0
15,-1,1208,458,83,56,1,5,-1,0
16,-1,1139,383,13,34,1,1,-1,0
16,-1,1155,389,15,27,1,1,-1,1
16,-1,1171,381,13,36,1,1,-1,1
16,-1,1471,227,23,20,1,4,-1,0
16,-1,1576,246,40,31,1,4,-1,0
16,-1,1114,356,17,44,1,1,-1,0
16,-1,1296,661,44,53,1,4,-1,0
17,-1,1117,384,15,33,1,1,-1,0
17,-1,1155,389,15,27,1,1,-1,1
17,-1,1171,381,13,36,1,1,-1,1
17,-1,1187,461,82,58,1,5,-1,0
17,-1,1428,390,249,68,1,9,-1,2
17,-1,1579,247,41,32,1,4,-1,0
17,-1,1177,363,15,42,1,1,-1,1
17,-1,1118,388,13,29,1,1,-1,0
18,-1,1139,383,13,34,1,1,-1,0
18,-1,1171,381,13,36,1,1,-1,1
18,-1,1190,462,81,58,1,5,-1,0
18,-1,1277,651,73,88,1,4,-1,0
18,-1,1582,249,42,32,1,4,-1,0
18,-1,1487,212,21,18,1,4,-1,0
18,-1,1467,248,28,24,1,4,-1,0
19,-1,1139,383,13,34,1,1,-1,0
19,-1,1170,381,13,36,1,1,-1,1
19,-1,1193,463,80,59,1,5,-1,0
19,-1,1416,391,249,68,1,9,-1,2
19,-1,1586,250,43,33,1,4,-1,0
19,-1,1199,484,59,43,1,5,-1,0
19,-1,1140,353,20,33,1,1,-1,1
20,-1,1117,384,15,33,1,1,-1,0
20,-1,1154,390,16,26,1,1,-1,1
20,-1,1170,381,13,36,1,1,-1,1
20,-1,1276,663,75,90,1,4,-1,0
20,-1,1410,392,249,67,1,9,-1,2
20,-1,1477,229,23,20,1,4,-1,0
20,-1,1370,388,330,89,1,9,-1,2
20,-1,1258,633,98,118,1,4,-1,0
21,-1,1139,383,13,34,1,1,-1,0
21,-1,1154,391,16,25,1,1,-1,1
21,-1,1170,381,13,36,1,1,-1,1
21,-1,1275,669,76,91,1,4,-1,0
21,-1,1404,392,249,67,1,9,-1,2
21,-1,1479,229,23,20,1,4,-1,0
21,-1,1592,253,45,33,1,4,-1,0
21,-1,1591,270,46,34,1,4,-1,0
21,-1,1201,463,61,47,1,5,-1,0
22,-1,1117,384,15,33,1,1,-1,0
22,-1,1170,381,13,36,1,1,-1,1
22,-1,1275,675,76,93,1,4,-1,0
22,-1,1398,393,249,67,1,9,-1,2
22,-1,1481,229,23,21,1,4,-1,0
22,-1,1331,692,39,48,1,4,-1,0
22,-1,1256,645,113,138,1,4,-1,0
23,-1,1139,383,13,34,1,1,-1,0
23,-1,1154,392,15,24,1,1,-1,1
23,-1,1274,681,77,94,1,4,-1,0
23,-1,1373,386,282,76,1,9,-1,2
23,-1,1326,366,346,93,1,9,-1,2
24,-1,1116,384,15,33,1,1,-1,0
24,-1,1139,383,13,34,1,1,-1,0
24,-1,1208,468,75,61,1,5,-1,0
24,-1,1274,687,78,95,1,4,-1,0
24,-1,1485,229,24,22,1,4,-1,0
24,-1,1185,433,93,75,1,5,-1,0
24,-1,1377,366,254,67,1,9,-1,2
25,-1,1116,384,15,33,1,1,-1,0
25,-1,1154,393,15,23,1,1,-1,1
25,-1,1170,381,13,36,1,1,-1,1
25,-1,1273,693,79,96,1,4,-1,0
25,-1,1380,394,249,67,1,9,-1,2
25,-1,1487,229,25,23,1,4,-1,0
25,-1,1606,259,49,34,1,4,-1,0
25,-1,1169,385,17,46,1,1,-1,1
25,-1,1481,252,15,14,1,4,-1,0
26,-1,1116,384,15,33,1,1,-1,0
26,-1,1139,383,13,34,1,1,-1,0
26,-1,1154,393,15,23,1,1,-1,1
26,-1,1170,381,13,36,1,1,-1,1
26,-1,1374,395,249,66,1,9,-1,2
26,-1,1489,229,25,24,1,4,-1,0
26,-1,1609,261,50,34,1,4,-1,0
26,-1,1227,460,41,35,1,5,-1,0
26,-1,1127,398,16,34,1,1,-1,0
27,-1,1153,393,16,23,1,1,-1,1
27,-1,1169,381,13,36,1,1,-1,1
27,-1,1217,471,72,63,1,5,-1,0
27,-1,1491,229,25,25,1,4,-1,0
27,-1,1612,262,51,35,1,4,-1,0
27,-1,1502,176,20,20,1,4,-1,0
27,-1,1086,409,11,28,1,1,-1,0
28,-1,1116,384,15,33,1,1,-1,0
28,-1,1153,394,16,22,1,1,-1,1
28,-1,1221,473,71,63,1,5,-1,0
28,-1,1362,396,249,66,1,9,-1,1
28,-1,1493,229,26,25,1,4,-1,0
28,-1,1616,264,52,35,1,4,-1,0
28,-1,1250,490,54,48,1,5,-1,0
28,-1,1165,371,11,30,1,1,-1,1
29,-1,1116,384,15,33,1,1,-1,0
29,-1,1139,383,13,34,1,1,-1,0
29,-1,1169,381,13,36,1,1,-1,1
29,-1,1223,474,70,63,1,5,-1,0
29,-1,1355,395,242,66,1,9,-1,1
29,-1,1620,265,53,36,1,4,-1,0
29,-1,1644,293,39,26,1,4,-1,0
29,-1,1223,499,63,57,1,5,-1,0
30,-1,1116,384,15,33,1,1,-1,0
30,-1,1138,383,13,34,1,1,-1,0
30,-1,1153,395,15,21,1,1,-1,1
30,-1,1169,381,13,36,1,1,-1,1
30,-1,1270,726,84,105,1,4,-1,0
30,-1,1349,394,234,67,1,9,-1,1
30,-1,1497,229,27,27,1,4,-1,0
30,-1,1625,266,54,37,1,4,-1,0
30,-1,1162,406,8,12,1,1,-1,1
30,-1,1308,372,276,79,1,9,-1,1
31,-1,1138,383,13,34,1,1,-1,0
31,-1,1169,381,13,36,1,1,-1,1
31,-1,1227,477,69,64,1,5,-1,0
31,-1,1269,734,86,108,1,4,-1,0
31,-1,1342,394,227,67,1,9,-1,1
31,-1,1630,267,54,38,1,4,-1,0
31,-1,1662,297,44,31,1,4,-1,0
31,-1,1332,416,255,75,1,9,-1,1
32,-1,1116,384,15,33,1,1,-1,0
32,-1,1153,395,15,21,1,1,-1,1
32,-1,1230,478,67,65,1,5,-1,0
32,-1,1269,742,87,110,1,4,-1,0
32,-1,1501,229,28,28,1,4,-1,0
32,-1,1635,268,55,39,1,4,-1,0
32,-1,1162,373,13,35,1,1,-1,1
32,-1,1365,408,134,41,1,9,-1,1
33,-1,1116,384,15,33,1,1,-1,0
33,-1,1138,383,13,34,1,1,-1,0
33,-1,1232,480,67,65,1,5,-1,0
33,-1,1268,750,89,113,1,4,-1,0
33,-1,1329,392,212,68,1,9,-1,1
33,-1,1640,269,55,40,1,4,-1,0
33,-1,1155,364,18,24,1,1,-1,1
33,-1,1286,779,53,67,1,4,-1,0
34,-1,1115,384,15,33,1,1,-1,0
34,-1,1138,383,13,34,1,1,-1,0
34,-1,1153,396,15,20,1,1,-1,1
34,-1,1234,481,66,66,1,5,-1,0
34,-1,1267,757,90,116,1,4,-1,0
34,-1,1323,392,204,68,1,9,-1,1
34,-1,1505,229,28,30,1,4,-1,0
34,-1,1645,270,56,41,1,4,-1,0
34,-1,1227,498,57,57,1,5,-1,0
34,-1,1497,217,22,24,1,4,-1,0
35,-1,1115,384,15,33,1,1,-1,0
35,-1,1138,383,13,34,1,1,-1,0
35,-1,1267,765,91,118,1,4,-1,0
35,-1,1316,391,197,69,1,9,-1,1
35,-1,1507,229,29,31,1,4,-1,0
35,-1,1650,271,56,42,1,4,-1,0
35,-1,1180,376,12,33,1,1,-1,1
35,-1,1506,233,32,34,1,4,-1,0
36,-1,1115,384,15,33,1,1,-1,0
36,-1,1138,383,13,34,1,1,-1,0
36,-1,1152,397,16,19,1,1,-1,1
36,-1,1239,484,64,67,1,5,-1,0
36,-1,1266,773,93,121,1,4,-1,0
36,-1,1310,390,189,69,1,9,-1,1
36,-1,1509,229,29,31,1,4,-1,0
36,-1,1655,273,57,43,1,4,-1,0
36,-1,1247,428,54,56,1,5,-1,0
36,-1,1489,230,38,40,1,4,-1,0
37,-1,1115,384,15,33,1,1,-1,0
37,-1,1138,383,13,34,1,1,-1,0
37,-1,1152,398,15,18,1,1,-1,1
37,-1,1168,381,13,36,1,1,-1,1
37,-1,1241,485,63,68,1,5,-1,0
37,-1,1265,781,95,123,1,4,-1,0
37,-1,1659,274,59,44,1,4,-1,0
37,-1,1250,508,49,52,1,5,-1,0
37,-1,1263,487,55,59,1,5,-1,0
38,-1,1152,398,15,18,1,1,-1,1
38,-1,1168,381,13,36,1,1,-1,1
38,-1,1297,389,174,70,1,9,-1,1
38,-1,1664,275,59,45,1,4,-1,0
38,-1,1140,385,8,21,1,1,-1,0
38,-1,1154,387,7,19,1,1,-1,0
39,-1,1115,384,15,33,1,1,-1,0
39,-1,1138,383,13,34,1,1,-1,0
39,-1,1152,398,15,18,1,1,-1,1
39,-1,1245,488,61,68,1,5,-1,0
39,-1,1264,799,97,129,1,4,-1,0
39,-1,1291,389,167,70,1,9,-1,0
39,-1,1515,230,31,33,1,4,-1,0
39,-1,1669,276,60,46,1,4,-1,0
39,-1,1260,811,104,139,1,4,-1,0
39,-1,1146,398,10,28,1,1,-1,1
40,-1,1115,384,15,33,1,1,-1,0
40,-1,1138,383,13,34,1,1,-1,0
40,-1,1152,399,15,17,1,1,-1,1
40,-1,1247,489,60,69,1,5,-1,0
40,-1,1263,810,99,131,1,4,-1,0
40,-1,1284,388,167,70,1,9,-1,0
40,-1,1517,230,31,34,1,4,-1,0
40,-1,1674,277,60,47,1,4,-1,0
40,-1,1320,396,146,61,1,9,-1,0
40,-1,1527,228,26,28,1,4,-1,0
41,-1,1115,384,15,33,1,1,-1,0
41,-1,1138,383,13,34,1,1,-1,0
41,-1,1152,399,15,17,1,1,-1,1
41,-1,1168,381,13,36,1,1,-1,1
41,-1,1248,491,60,69,1,5,-1,0
41,-1,1278,508,38,44,1,5,-1,0
41,-1,1530,250,18,19,1,4,-1,0
42,-1,1115,384,15,33,1,1,-1,0
42,-1,1138,383,13,34,1,1,-1,0
42,-1,1152,400,15,16,1,1,-1,1
42,-1,1168,381,13,36,1,1,-1,1
42,-1,1261,831,102,136,1,4,-1,0
42,-1,1271,387,167,71,1,9,-1,0
42,-1,1522,232,32,35,1,4,-1,0
42,-1,1684,279,61,49,1,4,-1,0
42,-1,1135,394,21,22,1,1,-1,1
42,-1,1149,361,19,53,1,1,-1,1
43,-1,1115,384,15,33,1,1,-1,0
43,-1,1138,383,13,34,1,1,-1,0
43,-1,1152,400,15,16,1,1,-1,1
43,-1,1251,493,58,71,1,5,-1,0
43,-1,1651,256,84,68,1,4,-1,0
43,-1,1254,501,65,80,1,5,-1,0
44,-1,1138,383,13,34,1,1,-1,0
44,-1,1152,401,15,15,1,1,-1,1
44,-1,1526,234,34,36,1,4,-1,0
44,-1,1694,282,63,51,1,4,-1,0
44,-1,1300,385,119,50,1,9,-1,0
44,-1,1169,345,17,47,1,1,-1,1
45,-1,1114,384,15,33,1,1,-1,0
45,-1,1137,383,13,34,1,1,-1,0
45,-1,1151,401,15,15,1,1,-1,1
45,-1,1167,381,13,36,1,1,-1,1
45,-1,1253,497,57,72,1,5,-1,0
45,-1,1257,867,107,147,1,4,-1,0
45,-1,1701,285,65,52,1,4,-1,0
45,-1,1117,370,22,48,1,1,-1,0
45,-1,1538,272,30,32,1,4,-1,0
46,-1,1114,385,15,33,1,1,-1,0
46,-1,1137,384,13,34,1,1,-1,0
46,-1,1151,402,15,15,1,1,-1,1
46,-1,1246,387,166,71,1,9,-1,0
46,-1,1254,500,56,72,1,5,-1,0
46,-1,1255,883,110,153,1,4,-1,0
46,-1,1531,235,35,37,1,4,-1,0
46,-1,1263,884,104,145,1,4,-1,0
46,-1,1153,383,19,19,1,1,-1,1
47,-1,1114,386,15,33,1,1,-1,0
47,-1,1136,385,13,34,1,1,-1,0
47,-1,1151,402,15,15,1,1,-1,1
47,-1,1239,388,166,70,1,9,-1,0
47,-1,1716,293,69,53,1,4,-1,0
47,-1,1168,367,17,47,1,1,-1,1
47,-1,1120,357,20,44,1,1,-1,0
48,-1,1136,385,13,35,1,1,-1,0
48,-1,1166,383,13,36,1,1,-1,1
48,-1,1233,388,166,71,1,9,-1,0
48,-1,1252,914,115,165,1,4,-1,0
48,-1,1255,505,55,73,1,5,-1,0
48,-1,1723,297,72,54,1,4,-1,0
48,-1,1272,951,98,141,1,4,-1,0
48,-1,1165,375,13,37,1,1,-1,1
49,-1,1113,388,15,32,1,1,-1,0
49,-1,1135,386,13,34,1,1,-1,0
49,-1,1150,403,15,15,1,1,-1,1
49,-1,1165,383,13,36,1,1,-1,1
49,-1,1226,388,166,71,1,9,-1,0
49,-1,1250,930,118,170,1,4,-1,0
49,-1,1255,507,55,74,1,5,-1,0
49,-1,1538,238,36,39,1,4,-1,0
49,-1,1730,301,74,54,1,4,-1,0
49,-1,1158,409,10,28,1,1,-1,1
49,-1,1536,249,48,52,1,4,-1,0
50,-1,1150,404,15,15,1,1,-1,1
50,-1,1220,389,165,70,1,9,-1,0
50,-1,1248,946,121,176,1,4,-1,0
50,-1,1256,510,54,74,1,5,-1,0
50,-1,1540,238,37,40,1,4,-1,0
50,-1,1184,382,15,41,1,1,-1,1
50,-1,1131,387,17,37,1,1,-1,0
51,-1,1112,389,15,33,1,1,-1,0
51,-1,1134,387,14,35,1,1,-1,0
51,-1,1164,385,13,36,1,1,-1,1
51,-1,1213,389,165,70,1,9,-1,0
51,-1,1257,512,53,75,1,5,-1,0
51,-1,1543,239,37,40,1,4,-1,0
51,-1,1745,308,78,57,1,4,-1,0
51,-1,1183,371,10,29,1,1,-1,1
51,-1,1255,902,144,212,1,4,-1,0
52,-1,1112,390,15,33,1,1,-1,0
52,-1,1150,405,15,15,1,1,-1,1
52,-1,1164,385,13,36,1,1,-1,1
52,-1,1207,389,165,71,1,9,-1,0
52,-1,1257,515,53,75,1,5,-1,0
52,-1,1545,240,38,41,1,4,-1,0
52,-1,1752,312,81,57,1,4,-1,0
52,-1,1180,379,217,93,1,9,-1,0
52,-1,1247,984,110,164,1,4,-1,0
53,-1,1112,391,15,32,1,1,-1,0
53,-1,1133,389,14,34,1,1,-1,0
53,-1,1163,386,13,36,1,1,-1,1
53,-1,1258,517,52,76,1,5,-1,0
53,-1,1760,316,82,58,1,4,-1,0
53,-1,1533,223,50,53,1,4,-1,0
53,-1,1180,418,20,20,1,1,-1,1
54,-1,1111,392,15,32,1,1,-1,0
54,-1,1133,389,13,35,1,1,-1,0
54,-1,1149,406,15,15,1,1,-1,1
54,-1,1163,386,13,36,1,1,-1,1
54,-1,1194,390,164,70,1,9,-1,0
54,-1,1281,516,40,59,1,5,-1,0
54,-1,1248,512,54,79,1,5,-1,0
55,-1,1111,393,15,32,1,1,-1,0
55,-1,1132,390,14,35,1,1,-1,0
55,-1,1149,407,15,15,1,1,-1,1
55,-1,1259,522,51,77,1,5,-1,0
55,-1,1553,243,40,42,1,4,-1,0
55,-1,1774,324,87,59,1,4,-1,0
55,-1,1138,376,7,21,1,1,-1,1
55,-1,1174,379,7,20,1,1,-1,1
56,-1,1111,394,15,32,1,1,-1,0
56,-1,1132,391,14,35,1,1,-1,0
56,-1,1149,408,15,15,1,1,-1,1
56,-1,1162,388,13,36,1,1,-1,1
56,-1,1181,391,164,70,1,9,-1,0
56,-1,1238,1040,137,212,1,4,-1,0
56,-1,1260,525,51,77,1,5,-1,0
56,-1,1782,328,89,60,1,4,-1,0
56,-1,1763,320,132,89,1,4,-1,0
56,-1,1252,1078,115,178,1,4,-1,0
57,-1,1111,395,15,32,1,1,-1,0
57,-1,1132,391,14,35,1,1,-1,0
57,-1,1162,388,13,36,1,1,-1,1
57,-1,1235,1057,136,218,1,4,-1,0
57,-1,1260,529,51,76,1,5,-1,0
57,-1,1561,247,41,42,1,4,-1,0
57,-1,1794,331,89,60,1,4,-1,0
57,-1,1571,249,31,31,1,4,-1,0
57,-1,1767,340,118,80,1,4,-1,0
58,-1,1111,396,15,32,1,1,-1,0
58,-1,1132,391,14,35,1,1,-1,1
58,-1,1162,388,13,36,1,1,-1,2
58,-1,1165,391,164,71,1,9,-1,0
58,-1,1233,1075,135,223,1,4,-1,0
58,-1,1565,248,42,42,1,4,-1,0
58,-1,1806,335,89,60,1,4,-1,0
58,-1,1531,260,46,46,1,4,-1,0
58,-1,1180,413,143,62,1,9,-1,0
59,-1,1111,397,15,32,1,1,-1,0
59,-1,1132,391,14,35,1,1,-1,1
59,-1,1149,408,15,15,1,1,-1,2
59,-1,1158,391,164,71,1,9,-1,1
59,-1,1162,389,13,36,1,1,-1,2
59,-1,1260,536,52,76,1,5,-1,0
59,-1,1819,333,90,65,1,4,-1,0
59,-1,1114,357,14,29,1,1,-1,0
59,-1,1139,407,20,20,1,1,-1,2
60,-1,1111,398,15,32,1,1,-1,0
60,-1,1149,409,15,15,1,1,-1,2
60,-1,1150,391,164,71,1,9,-1,1
60,-1,1163,391,13,36,1,1,-1,2
60,-1,1227,1133,143,250,1,4,-1,0
60,-1,1260,539,52,76,1,5,-1,0
60,-1,1831,339,93,66,1,4,-1,0
60,-1,1188,387,15,42,1,1,-1,2
60,-1,1258,542,43,62,1,5,-1,0
61,-1,1112,399,15,33,1,1,-1,0
61,-1,1150,410,15,15,1,1,-1,2
61,-1,1164,392,13,36,1,1,-1,2
61,-1,1223,1160,152,261,1,4,-1,0
61,-1,1260,542,52,76,1,5,-1,0
61,-1,1577,253,43,42,1,4,-1,0
61,-1,1843,346,96,67,1,4,-1,0
61,-1,1129,380,185,80,1,9,-1,1
61,-1,1110,383,17,37,1,1,-1,0
62,-1,1112,401,15,32,1,1,-1,0
62,-1,1150,412,15,15,1,1,-1,2
62,-1,1165,394,13,36,1,1,-1,2
62,-1,1219,1188,161,271,1,4,-1,0
62,-1,1581,255,44,42,1,4,-1,0
62,-1,1856,353,98,68,1,4,-1,0
62,-1,1843,327,145,100,1,4,-1,0
62,-1,1147,428,12,12,1,1,-1,2
63,-1,1112,402,15,32,1,1,-1,0
63,-1,1125,393,164,71,1,9,-1,1
63,-1,1151,413,15,15,1,1,-1,2
63,-1,1166,395,13,36,1,1,-1,2
63,-1,1216,1226,161,284,1,4,-1,0
63,-1,1258,551,56,77,1,5,-1,0
63,-1,1585,257,44,42,1,4,-1,0
63,-1,1871,360,102,69,1,4,-1,0
63,-1,1127,395,180,78,1,9,-1,1
63,-1,1879,385,79,53,1,4,-1,0
64,-1,1112,403,15,32,1,1,-1,0
64,-1,1116,394,164,71,1,9,-1,1
64,-1,1132,393,14,35,1,1,-1,2
64,-1,1167,397,13,36,1,1,-1,2
64,-1,1589,258,45,42,1,4,-1,0
64,-1,1887,368,105,69,1,4,-1,0
64,-1,1595,243,38,36,1,4,-1,0
64,-1,1239,1310,116,177,1,4,-1,0
65,-1,1107,395,164,71,1,9,-1,1
65,-1,1112,404,15,32,1,1,-1,0
65,-1,1132,395,14,35,1,1,-1,2
65,-1,1152,416,15,15,1,1,-1,2
65,-1,1168,398,13,36,1,1,-1,2
65,-1,1593,260,45,42,1,4,-1,0
65,-1,1114,400,16,41,1,1,-1,2
65,-1,1146,431,11,30,1,1,-1,2
66,-1,1113,405,15,33,1,1,-1,2
66,-1,1132,396,14,35,1,1,-1,2
66,-1,1153,418,15,14,1,1,-1,2
66,-1,1253,568,68,79,1,5,-1,0
66,-1,1918,383,113,71,1,4,-1,0
66,-1,1587,271,32,29,1,4,-1,0
67,-1,1113,406,15,33,1,1,-1,2
67,-1,1170,401,13,36,1,1,-1,2
67,-1,1601,264,47,42,1,4,-1,0
67,-1,1935,392,120,72,1,4,-1,0
67,-1,1920,397,178,107,1,4,-1,0
68,-1,1082,403,165,71,1,9,-1,1
68,-1,1154,421,15,14,1,1,-1,2
68,-1,1253,580,63,77,1,5,-1,0
68,-1,1608,267,48,42,1,4,-1,0
68,-1,1953,401,127,74,1,4,-1,0
68,-1,1923,399,129,75,1,4,-1,0
69,-1,0,439,53,50,1,4,-1,0
69,-1,1113,409,15,32,1,1,-1,2
69,-1,1172,404,13,36,1,1,-1,2
69,-1,1251,584,64,80,1,5,-1,0
69,-1,1973,410,138,80,1,4,-1,0
69,-1,1077,384,22,47,1,1,-1,2
69,-1,1969,446,101,58,1,4,-1,0
70,-1,0,440,62,50,1,4,-1,0
70,-1,1114,410,15,33,1,1,-1,2
70,-1,1156,423,15,14,1,1,-1,2
70,-1,1173,406,13,36,1,1,-1,2
70,-1,1250,588,64,83,1,5,-1,0
70,-1,1622,275,50,42,1,4,-1,0
70,-1,1111,402,22,47,1,1,-1,2
70,-1,1083,407,16,35,1,1,-1,2
71,-1,1055,406,165,69,1,9,-1,1
71,-1,1114,411,15,33,1,1,-1,2
71,-1,1134,404,13,35,1,1,-1,2
71,-1,1174,407,13,36,1,1,-1,2
71,-1,1248,593,65,85,1,5,-1,0
71,-1,1629,279,51,42,1,4,-1,0
71,-1,15,444,85,60,1,4,-1,0
71,-1,1028,395,210,88,1,9,-1,1
72,-1,0,443,84,49,1,4,-1,0
72,-1,1046,407,165,68,1,9,-1,1
72,-1,1157,426,15,14,1,1,-1,2
72,-1,1175,409,13,36,1,1,-1,2
72,-1,1636,282,52,42,1,4,-1,0
72,-1,1000,391,245,101,1,9,-1,1
72,-1,1153,419,10,27,1,1,-1,2
73,-1,1038,408,165,68,1,9,-1,1
73,-1,1114,413,15,33,1,1,-1,2
73,-1,1158,428,15,13,1,1,-1,2
73,-1,1643,286,53,42,1,4,-1,0
73,-1,2037,445,220,123,1,4,-1,0
73,-1,1274,591,62,86,1,5,-1,0
74,-1,1114,415,15,32,1,1,-1,2
74,-1,1134,408,14,35,1,1,-1,2
74,-1,1177,412,13,36,1,1,-1,2
74,-1,1650,290,54,42,1,4,-1,0
74,-1,2093,459,196,108,1,4,-1,0
74,-1,2142,482,129,71,1,4,-1,0
74,-1,1234,583,94,133,1,5,-1,0
75,-1,20,449,105,50,1,4,-1,0
75,-1,1115,416,15,33,1,1,-1,2
75,-1,1135,410,13,35,1,1,-1,2
75,-1,1178,413,13,36,1,1,-1,2
75,-1,1658,294,55,42,1,4,-1,0
75,-1,2139,477,194,113,1,4,-1,0
75,-1,1143,375,18,47,1,1,-1,2
75,-1,28,445,72,34,1,4,-1,0
76,-1,35,451,105,50,1,4,-1,0
76,-1,1115,417,15,33,1,1,-1,2
76,-1,1135,411,13,35,1,1,-1,2
76,-1,1160,432,15,13,1,1,-1,2
76,-1,1672,297,57,43,1,4,-1,0
76,-1,2186,495,209,119,1,4,-1,0
76,-1,-3,456,141,67,1,4,-1,0
76,-1,1193,384,16,45,1,1,-1,2
77,-1,1026,411,165,69,1,9,-1,1
77,-1,1115,418,15,33,1,1,-1,2
77,-1,1135,413,13,35,1,1,-1,2
77,-1,1160,434,15,13,1,1,-1,2
77,-1,1180,416,13,36,1,1,-1,2
77,-1,1275,628,68,100,1,5,-1,0
77,-1,1152,416,19,53,1,1,-1,2
77,-1,1166,426,8,23,1,1,-1,2
78,-1,66,455,105,50,1,4,-1,0
78,-1,1023,412,165,69,1,9,-1,1
78,-1,1115,419,15,33,1,1,-1,2
78,-1,1135,414,13,35,1,1,-1,2
78,-1,1273,634,69,102,1,5,-1,0
78,-1,1701,304,61,44,1,4,-1,0
78,-1,2281,531,240,133,1,4,-1,0
78,-1,104,450,57,27,1,4,-1,0
78,-1,1007,411,191,80,1,9,-1,1
79,-1,1020,413,165,69,1,9,-1,1
79,-1,1116,421,15,33,1,1,-1,2
79,-1,1136,416,13,35,1,1,-1,2
79,-1,1162,437,15,13,1,1,-1,2
79,-1,1182,420,13,36,1,1,-1,0
79,-1,1272,641,69,103,1,5,-1,0
79,-1,1709,307,63,45,1,4,-1,0
79,-1,2395,538,169,93,1,4,-1,0
79,-1,1131,403,19,50,1,1,-1,2
80,-1,97,459,105,50,1,4,-1,0
80,-1,1005,416,170,69,1,9,-1,1
80,-1,1117,422,15,33,1,1,-1,2
80,-1,1137,418,13,35,1,1,-1,2
80,-1,1271,648,69,103,1,5,-1,0
80,-1,1717,311,65,46,1,4,-1,0
80,-1,1121,429,14,37,1,1,-1,2
80,-1,1284,649,38,56,1,5,-1,0
81,-1,113,461,105,50,1,4,-1,1
81,-1,990,419,175,69,1,9,-1,1
81,-1,1118,423,15,33,1,1,-1,2
81,-1,1138,420,13,35,1,1,-1,2
81,-1,1164,433,15,19,1,1,-1,2
81,-1,1180,421,13,36,1,1,-1,0
81,-1,1271,656,68,103,1,5,-1,0
81,-1,1518,449,133,58,1,4,-1,2
81,-1,2444,604,242,153,1,4,-1,0
81,-1,2413,570,318,201,1,4,-1,0
81,-1,932,388,245,97,1,9,-1,1
82,-1,118,457,105,50,1,4,-1,1
82,-1,975,423,180,68,1,9,-1,1
82,-1,1180,422,13,36,1,1,-1,0
82,-1,1271,664,68,103,1,5,-1,0
82,-1,1511,450,133,58,1,4,-1,2
82,-1,1733,319,69,47,1,4,-1,0
82,-1,125,467,112,53,1,4,-1,1
82,-1,1128,425,16,36,1,1,-1,2
83,-1,1167,429,14,26,1,1,-1,2
83,-1,1179,422,13,36,1,1,-1,0
83,-1,1271,674,68,103,1,5,-1,0
83,-1,1504,452,133,58,1,4,-1,2
83,-1,1157,449,11,20,1,1,-1,2
83,-1,1734,350,66,44,1,4,-1,0
84,-1,140,465,103,46,1,4,-1,1
84,-1,1122,426,15,33,1,1,-1,2
84,-1,1142,426,13,35,1,1,-1,2
84,-1,1179,423,13,36,1,1,-1,0
84,-1,1271,681,68,103,1,5,-1,0
84,-1,1749,327,73,48,1,4,-1,0
84,-1,1129,418,11,23,1,1,-1,2
84,-1,1739,295,98,64,1,4,-1,0
85,-1,152,469,101,42,1,4,-1,1
85,-1,953,425,180,68,1,9,-1,1
85,-1,1144,428,13,35,1,1,-1,0
85,-1,1170,425,13,33,1,1,-1,0
85,-1,1178,424,13,36,1,1,-1,0
85,-1,1271,688,68,103,1,5,-1,0
85,-1,1757,331,76,49,1,4,-1,0
85,-1,1754,355,71,46,1,4,-1,0
85,-1,1162,413,8,20,1,1,-1,0
86,-1,162,470,101,42,1,4,-1,1
86,-1,942,425,181,68,1,9,-1,1
86,-1,1124,429,15,33,1,1,-1,0
86,-1,1144,429,13,35,1,1,-1,0
86,-1,1169,426,13,33,1,1,-1,0
86,-1,1268,696,70,106,1,5,-1,0
86,-1,1767,335,79,51,1,4,-1,0
86,-1,1154,453,8,23,1,1,-1,0
86,-1,1178,422,7,20,1,1,-1,0
87,-1,172,472,101,42,1,4,-1,1
87,-1,932,425,181,68,1,9,-1,1
87,-1,1124,430,15,33,1,1,-1,0
87,-1,1169,427,13,33,1,1,-1,0
87,-1,1177,425,13,36,1,1,-1,0
87,-1,1265,704,72,110,1,5,-1,0
87,-1,1778,339,82,53,1,4,-1,0
87,-1,1274,714,101,155,1,5,-1,0
87,-1,1116,445,16,34,1,1,-1,0
88,-1,182,474,101,42,1,4,-1,1
88,-1,922,425,181,68,1,9,-1,1
88,-1,1169,428,13,33,1,1,-1,0
88,-1,1262,712,74,114,1,5,-1,0
88,-1,1488,464,100,46,1,4,-1,1
88,-1,1789,343,84,55,1,4,-1,0
88,-1,1138,430,10,22,1,1,-1,0
88,-1,1243,747,51,79,1,5,-1,0
89,-1,192,476,101,42,1,4,-1,2
89,-1,912,426,181,68,1,9,-1,1
89,-1,1124,433,15,33,1,1,-1,0
89,-1,1176,427,13,36,1,1,-1,0
89,-1,1260,721,76,117,1,5,-1,0
89,-1,1487,470,89,42,1,4,-1,1
89,-1,1189,448,13,36,1,1,-1,0
89,-1,1225,730,82,126,1,5,-1,0
90,-1,205,477,101,42,1,4,-1,2
90,-1,907,426,181,68,1,9,-1,1
90,-1,1127,434,15,33,1,1,-1,0
90,-1,1147,433,13,35,1,1,-1,0
90,-1,1172,431,13,33,1,1,-1,0
90,-1,1264,732,76,121,1,5,-1,0
90,-1,1126,438,10,27,1,1,-1,0
90,-1,1261,746,51,81,1,5,-1,0
91,-1,219,479,101,42,1,4,-1,2
91,-1,902,427,181,68,1,9,-1,1
91,-1,1131,435,15,34,1,1,-1,0
91,-1,1184,430,13,36,1,1,-1,0
91,-1,1482,473,90,42,1,4,-1,1
91,-1,1842,360,92,62,1,4,-1,0
91,-1,1169,423,17,44,1,1,-1,0
91,-1,1119,459,15,34,1,1,-1,0
92,-1,898,428,181,68,1,9,-1,1
92,-1,1155,436,13,35,1,1,-1,0
92,-1,1188,432,13,36,1,1,-1,0
92,-1,1272,754,78,129,1,5,-1,0
92,-1,1479,474,91,42,1,4,-1,1
92,-1,1493,459,67,31,1,4,-1,1
92,-1,1169,469,11,29,1,1,-1,0
93,-1,247,482,101,42,1,4,-1,2
93,-1,893,429,181,68,1,9,-1,1
93,-1,1193,433,13,36,1,1,-1,0
93,-1,1477,476,91,42,1,4,-1,1
93,-1,1884,373,98,67,1,4,-1,0
93,-1,1129,443,13,31,1,1,-1,0
93,-1,1162,438,18,47,1,1,-1,0
94,-1,261,483,101,42,1,4,-1,2
94,-1,889,430,181,68,1,9,-1,1
94,-1,1143,439,14,34,1,1,-1,0
94,-1,1188,438,13,33,1,1,-1,0
94,-1,1197,435,13,36,1,1,-1,0
94,-1,1280,776,80,137,1,5,-1,0
94,-1,254,449,137,57,1,4,-1,2
94,-1,1187,444,10,28,1,1,-1,0
95,-1,275,485,101,42,1,4,-1,2
95,-1,1167,441,13,35,1,1,-1,0
95,-1,1201,437,13,36,1,1,-1,0
95,-1,1284,788,81,141,1,5,-1,0
95,-1,1925,389,107,72,1,4,-1,0
95,-1,1187,431,8,20,1,1,-1,0
95,-1,1504,480,60,27,1,4,-1,1
96,-1,1151,442,14,35,1,1,-1,0
96,-1,1171,443,13,35,1,1,-1,0
96,-1,1206,439,13,36,1,1,-1,0
96,-1,1470,481,92,42,1,4,-1,1
96,-1,1946,399,113,75,1,4,-1,0
96,-1,1195,429,7,21,1,1,-1,0
96,-1,1209,456,8,19,1,1,-1,0
97,-1,869,432,181,68,1,9,-1,1
97,-1,1151,443,14,35,1,1,-1,0
97,-1,1171,444,13,35,1,1,-1,0
97,-1,1196,443,13,33,1,1,-1,0
97,-1,1277,816,86,153,1,5,-1,0
97,-1,1464,482,93,42,1,4,-1,1
97,-1,1268,843,68,121,1,5,-1,0
97,-1,1961,398,136,89,1,4,-1,0
98,-1,312,491,101,42,1,4,-1,2
98,-1,858,433,181,68,1,9,-1,1
98,-1,1206,442,13,36,1,1,-1,0
98,-1,1274,830,90,160,1,5,-1,0
98,-1,1459,483,94,42,1,4,-1,1
98,-1,867,428,150,56,1,9,-1,1
98,-1,1189,459,15,38,1,1,-1,0
99,-1,324,493,101,42,1,4,-1,2
99,-1,1171,447,15,35,1,1,-1,0
99,-1,1196,447,13,33,1,1,-1,0
99,-1,1206,444,13,36,1,1,-1,0
99,-1,1271,843,95,168,1,5,-1,0
99,-1,1454,485,95,41,1,4,-1,1
99,-1,2009,428,131,84,1,4,-1,0
99,-1,2003,450,137,88,1,4,-1,0
99,-1,1452,488,75,33,1,4,-1,1
100,-1,1152,449,14,35,1,1,-1,0
100,-1,1206,446,13,36,1,1,-1,0
100,-1,1268,857,99,175,1,5,-1,0
100,-1,1449,486,95,41,1,4,-1,1
100,-1,2030,438,137,87,1,4,-1,0
100,-1,1204,425,8,20,1,1,-1,0
100,-1,1984,405,194,123,1,4,-1,0
101,-1,347,497,101,42,1,4,-1,2
101,-1,826,436,181,68,1,9,-1,1
101,-1,1152,450,14,35,1,1,-1,0
101,-1,1197,450,12,34,1,1,-1,0
101,-1,1265,870,103,183,1,5,-1,0
101,-1,1443,488,97,40,1,4,-1,1
101,-1,1167,453,10,25,1,1,-1,0
101,-1,324,491,141,59,1,4,-1,2
102,-1,359,499,101,42,1,4,-1,2
102,-1,815,437,181,68,1,9,-1,1
102,-1,1172,452,17,35,1,1,-1,0
102,-1,1197,452,12,34,1,1,-1,0
102,-1,1263,884,107,191,1,5,-1,0
102,-1,2097,463,162,104,1,4,-1,0
102,-1,1271,888,96,172,1,5,-1,0
102,-1,1169,458,24,49,1,1,-1,0
103,-1,371,501,101,42,1,4,-1,2
103,-1,804,438,181,68,1,9,-1,1
103,-1,1153,454,14,35,1,1,-1,0
103,-1,1172,453,18,35,1,1,-1,0
103,-1,1197,453,12,35,1,1,-1,0
103,-1,1207,452,13,35,1,1,-1,0
103,-1,1262,904,110,190,1,5,-1,0
103,-1,1433,491,98,39,1,4,-1,1
103,-1,2130,476,175,113,1,4,-1,0
103,-1,1181,487,9,18,1,1,-1,0
103,-1,1257,916,114,198,1,5,-1,0
104,-1,382,503,102,42,1,4,-1,2
104,-1,1153,456,14,35,1,1,-1,0
104,-1,1172,455,19,35,1,1,-1,0
104,-1,1197,455,12,35,1,1,-1,0
104,-1,1207,454,13,35,1,1,-1,0
104,-1,1261,924,114,190,1,5,-1,0
104,-1,2164,489,187,121,1,4,-1,0
104,-1,771,426,243,91,1,9,-1,1
104,-1,794,433,213,80,1,9,-1,1
105,-1,394,505,102,42,1,4,-1,2
105,-1,1173,457,19,35,1,1,-1,1
105,-1,1198,457,11,35,1,1,-1,0
105,-1,1208,456,13,35,1,1,-1,0
105,-1,1261,945,117,189,1,5,-1,0
105,-1,1423,494,100,39,1,4,-1,1
105,-1,2198,502,199,130,1,4,-1,0
105,-1,1224,470,7,23,1,1,-1,0
105,-1,1424,519,135,52,1,4,-1,1
106,-1,406,507,101,42,1,4,-1,2
106,-1,772,441,181,68,1,9,-1,1
106,-1,1154,459,14,35,1,1,-1,0
106,-1,1197,458,11,35,1,1,-1,0
106,-1,1208,456,13,35,1,1,-1,0
106,-1,1257,967,121,202,1,5,-1,0
106,-1,1418,495,99,39,1,4,-1,1
106,-1,1177,440,25,46,1,1,-1,1
106,-1,1248,990,110,183,1,5,-1,0
107,-1,761,442,181,68,1,9,-1,1
107,-1,1154,460,14,35,1,1,-1,0
107,-1,1197,459,11,35,1,1,-1,0
107,-1,1253,990,126,214,1,5,-1,0
107,-1,1413,497,98,39,1,4,-1,1
107,-1,2298,544,235,150,1,4,-1,0
107,-1,1212,457,10,27,1,1,-1,0
107,-1,1271,986,130,220,1,5,-1,0
108,-1,750,443,181,68,1,9,-1,1
108,-1,1173,459,19,35,1,1,-1,1
108,-1,1197,461,11,35,1,1,-1,0
108,-1,1208,458,13,35,1,1,-1,0
108,-1,1249,1012,131,228,1,5,-1,0
108,-1,1408,498,97,40,1,4,-1,1
108,-1,1494,281,23,22,1,4,-1,0
108,-1,741,418,209,79,1,9,-1,1
108,-1,1135,454,7,18,1,1,-1,0
109,-1,1154,463,14,35,1,1,-1,0
109,-1,1173,460,19,35,1,1,-1,1
109,-1,1208,459,13,35,1,1,-1,0
109,-1,1245,1035,136,240,1,5,-1,0
109,-1,1494,281,24,22,1,4,-1,0
109,-1,1365,510,134,56,1,4,-1,1
109,-1,1482,290,30,27,1,4,-1,0
110,-1,729,445,181,68,1,9,-1,1
110,-1,1173,460,19,35,1,1,-1,1
110,-1,1398,502,95,40,1,4,-1,1
110,-1,1495,281,24,23,1,4,-1,0
110,-1,1155,464,11,27,1,1,-1,0
110,-1,1382,479,119,50,1,4,-1,1
111,-1,449,516,101,42,1,4,-1,2
111,-1,718,446,181,68,1,9,-1,1
111,-1,1173,461,19,35,1,1,-1,1
111,-1,1208,460,13,35,1,1,-1,0
111,-1,1393,503,94,41,1,4,-1,1
111,-1,1496,282,24,23,1,4,-1,0
111,-1,1196,485,7,22,1,1,-1,0
111,-1,1172,466,8,26,1,1,-1,0
112,-1,445,517,101,42,1,4,-1,2
112,-1,707,447,181,68,1,9,-1,1
112,-1,1173,462,19,35,1,1,-1,1
112,-1,1208,461,13,35,1,1,-1,0
112,-1,1233,1116,149,268,1,5,-1,0
112,-1,1388,505,93,41,1,4,-1,1
112,-1,1497,282,24,24,1,4,-1,0
112,-1,1204,479,10,32,1,1,-1,0
112,-1,1384,521,89,39,1,4,-1,1
113,-1,441,519,101,42,1,4,-1,2
113,-1,1154,468,14,35,1,1,-1,0
113,-1,1173,463,19,35,1,1,-1,1
113,-1,1208,462,13,35,1,1,-1,0
113,-1,1383,507,92,41,1,4,-1,0
113,-1,1497,283,25,24,1,4,-1,0
113,-1,1210,465,14,46,1,1,-1,0
113,-1,1212,1135,184,330,1,5,-1,0
114,-1,451,527,101,42,1,4,-1,2
114,-1,1197,469,11,35,1,1,-1,0
114,-1,1229,1183,153,275,1,5,-1,0
114,-1,1498,283,25,25,1,4,-1,0
114,-1,1575,505,97,47,1,4,-1,2
114,-1,1160,465,19,47,1,1,-1,0
114,-1,1518,284,27,27,1,4,-1,0
115,-1,483,527,102,42,1,4,-1,2
115,-1,676,457,181,68,1,9,-1,1
115,-1,1154,471,14,35,1,1,-1,0
115,-1,1173,466,19,34,1,1,-1,1
115,-1,1209,464,13,35,1,1,-1,0
115,-1,1222,1215,153,269,1,5,-1,0
115,-1,1568,507,97,47,1,4,-1,2
115,-1,1489,278,17,17,1,4,-1,0
115,-1,1187,1146,226,397,1,5,-1,0
116,-1,516,527,102,42,1,4,-1,2
116,-1,1154,472,14,35,1,1,-1,0
116,-1,1195,469,12,35,1,1,-1,0
116,-1,1209,465,13,35,1,1,-1,0
116,-1,1562,509,97,47,1,4,-1,2
116,-1,1501,263,16,17,1,4,-1,0
116,-1,1181,479,8,22,1,1,-1,0
117,-1,1154,473,14,35,1,1,-1,0
117,-1,1209,467,13,35,1,1,-1,0
117,-1,1353,509,97,46,1,4,-1,0
117,-1,1500,284,27,27,1,4,-1,0
117,-1,1142,459,12,31,1,1,-1,0
117,-1,1158,481,15,37,1,1,-1,0
118,-1,634,460,187,69,1,9,-1,1
118,-1,1154,474,14,35,1,1,-1,0
118,-1,1173,472,16,33,1,1,-1,1
118,-1,1209,468,13,35,1,1,-1,0
118,-1,1501,285,27,27,1,4,-1,0
118,-1,1554,511,97,47,1,4,-1,2
118,-1,1193,470,19,49,1,1,-1,0
118,-1,568,536,64,26,1,4,-1,2
119,-1,562,538,100,41,1,4,-1,2
119,-1,619,460,190,68,1,9,-1,1
119,-1,1154,476,14,35,1,1,-1,0
119,-1,1173,474,16,33,1,1,-1,1
119,-1,1194,471,13,33,1,1,-1,0
119,-1,1209,470,13,35,1,1,-1,0
119,-1,1339,512,96,46,1,4,-1,0
119,-1,1502,285,27,28,1,4,-1,0
119,-1,1550,513,97,47,1,4,-1,1
119,-1,1204,465,9,23,1,1,-1,0
119,-1,1183,459,9,23,1,1,-1,0
120,-1,564,539,100,41,1,4,-1,2
120,-1,606,460,190,69,1,9,-1,1
120,-1,1208,471,13,35,1,1,-1,0
120,-1,1331,513,97,46,1,4,-1,0
120,-1,1503,285,27,29,1,4,-1,0
120,-1,1503,486,132,63,1,4,-1,1
120,-1,1317,477,124,59,1,4,-1,0
121,-1,566,541,100,41,1,4,-1,2
121,-1,593,461,191,69,1,9,-1,1
121,-1,1153,478,14,35,1,1,-1,0
121,-1,1172,476,16,33,1,1,-1,1
121,-1,1193,474,13,33,1,1,-1,0
121,-1,1208,472,13,35,1,1,-1,0
121,-1,1324,514,97,46,1,4,-1,0
121,-1,1503,286,28,29,1,4,-1,0
121,-1,514,473,261,94,1,9,-1,1
121,-1,533,541,116,48,1,4,-1,2
122,-1,569,542,100,41,1,4,-1,2
122,-1,580,461,191,70,1,9,-1,1
122,-1,1153,479,14,35,1,1,-1,0
122,-1,1172,477,16,33,1,1,-1,1
122,-1,1192,475,13,33,1,1,-1,0
122,-1,1208,474,13,35,1,1,-1,0
122,-1,1504,286,28,30,1,4,-1,0
122,-1,1540,520,59,28,1,4,-1,1
122,-1,637,567,58,24,1,4,-1,2
123,-1,567,462,192,70,1,9,-1,1
123,-1,571,544,100,41,1,4,-1,2
123,-1,1153,481,14,35,1,1,-1,0
123,-1,1171,479,16,33,1,1,-1,1
123,-1,1208,475,13,35,1,1,-1,0
123,-1,1310,517,98,46,1,4,-1,0
123,-1,1505,287,28,30,1,4,-1,0
123,-1,1152,487,15,36,1,1,-1,0
123,-1,1289,508,99,46,1,4,-1,0
124,-1,554,463,193,70,1,9,-1,1
124,-1,574,546,100,41,1,4,-1,2
124,-1,1153,482,14,35,1,1,-1,0
124,-1,1171,480,16,33,1,1,-1,1
124,-1,1192,478,13,33,1,1,-1,0
124,-1,1303,518,98,46,1,4,-1,0
124,-1,1504,504,134,61,1,4,-1,1
124,-1,1523,535,126,57,1,4,-1,1
125,-1,541,463,193,71,1,9,-1,1
125,-1,576,547,100,41,1,4,-1,2
125,-1,1152,483,14,35,1,1,-1,0
125,-1,1191,480,13,33,1,1,-1,0
125,-1,1207,478,13,35,1,1,-1,0
125,-1,1507,288,29,31,1,4,-1,0
125,-1,1516,521,103,47,1,4,-1,1
125,-1,1519,534,83,38,1,4,-1,1
125,-1,1520,538,91,41,1,4,-1,1
126,-1,528,464,194,71,1,9,-1,1
126,-1,579,549,100,41,1,4,-1,2
126,-1,1152,484,14,35,1,1,-1,0
126,-1,1207,479,13,35,1,1,-1,0
126,-1,1289,521,99,46,1,4,-1,0
126,-1,1508,288,29,31,1,4,-1,0
126,-1,1510,523,104,46,1,4,-1,1
126,-1,1178,472,17,36,1,1,-1,1
126,-1,561,540,131,54,1,4,-1,2
127,-1,515,465,195,72,1,9,-1,1
127,-1,581,551,100,41,1,4,-1,2
127,-1,1152,486,14,35,1,1,-1,0
127,-1,1191,483,13,33,1,1,-1,0
127,-1,1207,481,13,35,1,1,-1,0
127,-1,1505,524,104,46,1,4,-1,1
127,-1,1509,289,29,31,1,4,-1,0
127,-1,1478,296,25,27,1,4,-1,0
127,-1,1276,525,90,41,1,4,-1,0
128,-1,502,465,195,73,1,9,-1,1
128,-1,1152,487,14,35,1,1,-1,0
128,-1,1170,485,16,33,1,1,-1,1
128,-1,1207,482,13,35,1,1,-1,0
128,-1,1499,526,106,46,1,4,-1,1
128,-1,1511,290,29,31,1,4,-1,0
128,-1,1291,516,65,29,1,4,-1,0
128,-1,1253,533,131,58,1,4,-1,0
129,-1,586,554,100,41,1,4,-1,2
129,-1,1152,488,14,35,1,1,-1,0
129,-1,1170,487,16,33,1,1,-1,1
129,-1,1190,486,13,33,1,1,-1,0
129,-1,1267,525,101,46,1,4,-1,0
129,-1,1494,527,106,46,1,4,-1,1
129,-1,1157,448,15,37,1,1,-1,0
129,-1,1139,492,14,36,1,1,-1,0
130,-1,476,467,197,73,1,9,-1,1
130,-1,1152,489,14,35,1,1,-1,0
130,-1,1260,526,102,46,1,4,-1,0
130,-1,1488,529,108,46,1,4,-1,1
130,-1,1514,291,29,31,1,4,-1,0
130,-1,1479,560,74,32,1,4,-1,1
130,-1,1217,526,149,67,1,4,-1,0
131,-1,464,467,196,74,1,9,-1,1
131,-1,591,557,100,41,1,4,-1,2
131,-1,1151,491,14,35,1,1,-1,0
131,-1,1169,489,16,33,1,1,-1,1
131,-1,1189,489,13,33,1,1,-1,0
131,-1,1206,486,13,35,1,1,-1,0
131,-1,1253,528,102,45,1,4,-1,0
131,-1,1483,530,108,46,1,4,-1,1
131,-1,1515,292,29,31,1,4,-1,0
131,-1,1173,477,13,33,1,1,-1,0
131,-1,1140,482,16,40,1,1,-1,0
132,-1,451,468,197,74,1,9,-1,1
132,-1,593,559,100,41,1,4,-1,2
132,-1,1151,492,14,35,1,1,-1,0
132,-1,1189,490,13,33,1,1,-1,0
132,-1,1246,529,103,45,1,4,-1,0
132,-1,1477,532,109,45,1,4,-1,1
132,-1,1140,515,13,27,1,1,-1,1
132,-1,1205,499,14,30,1,1,-1,1
133,-1,1169,492,16,33,1,1,-1,1
133,-1,1189,492,13,33,1,1,-1,0
133,-1,1239,530,103,46,1,4,-1,0
133,-1,1471,533,111,46,1,4,-1,1
133,-1,1518,293,29,31,1,4,-1,0
133,-1,1206,514,11,28,1,1,-1,0
133,-1,1187,469,21,42,1,1,-1,1
134,-1,425,469,198,75,1,9,-1,1
134,-1,1151,494,14,35,1,1,-1,0
134,-1,1188,493,13,33,1,1,-1,0
134,-1,1232,532,103,45,1,4,-1,0
134,-1,1466,535,111,45,1,4,-1,1
134,-1,1520,294,29,31,1,4,-1,0
134,-1,1469,541,108,44,1,4,-1,1
134,-1,1442,528,142,57,1,4,-1,1
135,-1,600,564,100,41,1,4,-1,2
135,-1,1151,496,14,35,1,1,-1,0
135,-1,1168,494,16,33,1,1,-1,1
135,-1,1224,533,105,45,1,4,-1,0
135,-1,1496,313,18,19,1,4,-1,0
135,-1,1141,486,15,37,1,1,-1,0
136,-1,399,471,200,76,1,9,-1,1
136,-1,603,566,100,41,1,4,-1,2
136,-1,1168,496,16,33,1,1,-1,1
136,-1,1206,493,13,35,1,1,-1,0
136,-1,1455,538,113,45,1,4,-1,1
136,-1,1523,295,29,31,1,4,-1,0
136,-1,1183,509,9,22,1,1,-1,0
136,-1,1481,576,57,23,1,4,-1,1
137,-1,1,538,68,54,1,4,-1,0
137,-1,386,471,200,77,1,9,-1,1
137,-1,605,567,100,41,1,4,-1,2
137,-1,1168,497,16,33,1,1,-1,1
137,-1,1187,498,13,33,1,1,-1,0
137,-1,1210,536,106,45,1,4,-1,0
137,-1,1449,539,114,45,1,4,-1,1
137,-1,1195,459,17,45,1,1,-1,0
137,-1,1169,526,153,65,1,4,-1,0
138,-1,1,541,81,53,1,4,-1,0
138,-1,373,472,201,77,1,9,-1,1
138,-1,1150,499,14,35,1,1,-1,0
138,-1,1168,498,16,33,1,1,-1,1
138,-1,1526,297,29,31,1,4,-1,0
138,-1,1193,551,131,56,1,4,-1,0
138,-1,1123,483,13,33,1,1,-1,0
139,-1,1,544,94,53,1,4,-1,0
139,-1,360,473,202,77,1,9,-1,1
139,-1,610,571,100,41,1,4,-1,2
139,-1,1167,500,16,33,1,1,-1,1
139,-1,1187,501,13,33,1,1,-1,0
139,-1,1527,297,29,31,1,4,-1,0
139,-1,1153,525,16,41,1,1,-1,0
139,-1,1514,321,41,43,1,4,-1,0
140,-1,2,547,107,53,1,4,-1,0
140,-1,347,473,202,78,1,9,-1,1
140,-1,613,572,100,41,1,4,-1,2
140,-1,1167,501,16,33,1,1,-1,1
140,-1,1186,502,13,33,1,1,-1,0
140,-1,1205,499,13,35,1,1,-1,0
140,-1,1433,544,114,46,1,4,-1,0
140,-1,1529,298,29,31,1,4,-1,0
140,-1,1211,469,13,34,1,1,-1,0
140,-1,1167,501,12,24,1,1,-1,1
141,-1,1150,503,14,35,1,1,-1,0
141,-1,1182,541,107,45,1,4,-1,0
141,-1,1186,504,13,33,1,1,-1,0
141,-1,1205,500,13,35,1,1,-1,0
141,-1,1427,546,114,46,1,4,-1,0
141,-1,1530,299,29,31,1,4,-1,0
141,-1,1127,478,8,20,1,1,-1,0
141,-1,294,476,291,112,1,9,-1,1
142,-1,3,553,133,53,1,4,-1,0
142,-1,618,576,100,41,1,4,-1,2
142,-1,1186,506,13,33,1,1,-1,0
142,-1,1205,502,13,35,1,1,-1,1
142,-1,1422,548,114,46,1,4,-1,0
142,-1,1532,299,29,31,1,4,-1,0
142,-1,1183,542,107,44,1,4,-1,0
142,-1,628,554,74,30,1,4,-1,2
143,-1,634,574,100,42,1,4,-1,2
143,-1,1167,505,16,33,1,1,-1,1
143,-1,1420,548,113,47,1,4,-1,0
143,-1,1533,300,29,31,1,4,-1,0
143,-1,59,580,86,34,1,4,-1,0
143,-1,1189,511,15,41,1,1,-1,1
144,-1,296,478,202,79,1,9,-1,1
144,-1,656,576,100,42,1,4,-1,2
144,-1,1150,507,14,35,1,1,-1,0
144,-1,1160,544,108,45,1,4,-1,1
144,-1,1186,506,13,33,1,1,-1,0
144,-1,1535,301,29,31,1,4,-1,0
144,-1,1544,295,37,40,1,4,-1,0
144,-1,1207,487,16,43,1,1,-1,1
145,-1,46,557,133,52,1,4,-1,0
145,-1,283,479,202,79,1,9,-1,1
145,-1,678,579,100,42,1,4,-1,2
145,-1,1150,508,14,35,1,1,-1,0
145,-1,1155,545,108,45,1,4,-1,1
145,-1,1167,507,16,33,1,1,-1,1
145,-1,1186,507,13,33,1,1,-1,0
145,-1,1205,504,13,35,1,1,-1,1
145,-1,1406,552,113,47,1,4,-1,0
145,-1,1536,301,29,31,1,4,-1,0
145,-1,1140,513,17,42,1,1,-1,0
145,-1,654,580,120,51,1,4,-1,2
146,-1,61,559,133,52,1,4,-1,1
146,-1,270,481,202,79,1,9,-1,1
146,-1,1150,546,108,45,1,4,-1,1
146,-1,1167,508,16,33,1,1,-1,1
146,-1,1205,504,13,35,1,1,-1,1
146,-1,1399,554,114,47,1,4,-1,0
146,-1,1147,544,10,25,1,1,-1,0
146,-1,223,457,252,99,1,9,-1,1
147,-1,72,559,133,52,1,4,-1,1
147,-1,253,481,205,79,1,9,-1,1
147,-1,723,585,100,42,1,4,-1,2
147,-1,1150,510,14,35,1,1,-1,0
147,-1,1167,510,16,33,1,1,-1,1
147,-1,1187,508,13,33,1,1,-1,0
147,-1,1205,505,13,35,1,1,-1,1
147,-1,1393,555,114,47,1,4,-1,0
147,-1,1539,303,29,31,1,4,-1,0
147,-1,1141,501,11,28,1,1,-1,0
147,-1,715,581,114,48,1,4,-1,2
148,-1,83,560,133,52,1,4,-1,1
148,-1,237,481,208,79,1,9,-1,1
148,-1,745,587,100,42,1,4,-1,2
148,-1,1130,549,108,45,1,4,-1,1
148,-1,1150,511,14,35,1,1,-1,0
148,-1,1167,511,16,33,1,1,-1,1
148,-1,1205,506,13,35,1,1,-1,1
148,-1,1525,288,25,27,1,4,-1,0
148,-1,1118,526,151,63,1,4,-1,1
149,-1,95,560,133,52,1,4,-1,1
149,-1,220,481,212,79,1,9,-1,1
149,-1,768,590,100,42,1,4,-1,2
149,-1,1121,550,108,45,1,4,-1,1
149,-1,1150,512,14,35,1,1,-1,0
149,-1,1167,512,16,33,1,1,-1,1
149,-1,1187,509,13,33,1,1,-1,0
149,-1,1382,557,114,47,1,4,-1,0
149,-1,1543,304,29,31,1,4,-1,0
149,-1,1353,555,128,53,1,4,-1,0
149,-1,1123,563,119,50,1,4,-1,1
150,-1,106,561,133,52,1,4,-1,1
150,-1,790,593,100,42,1,4,-1,2
150,-1,1111,552,108,45,1,4,-1,1
150,-1,1150,513,14,35,1,1,-1,0
150,-1,1167,513,16,33,1,1,-1,1
150,-1,1377,558,113,47,1,4,-1,0
150,-1,1360,558,127,53,1,4,-1,0
150,-1,774,581,99,42,1,4,-1,2
151,-1,118,562,133,52,1,4,-1,1
151,-1,813,596,100,42,1,4,-1,2
151,-1,1102,554,108,45,1,4,-1,1
151,-1,1150,515,14,35,1,1,-1,0
151,-1,1205,508,13,35,1,1,-1,1
151,-1,814,588,148,62,1,4,-1,2
151,-1,1160,509,12,25,1,1,-1,1
152,-1,131,567,133,52,1,4,-1,1
152,-1,174,482,218,79,1,9,-1,1
152,-1,1167,517,16,33,1,1,-1,1
152,-1,1188,512,12,33,1,1,-1,0
152,-1,1205,510,13,35,1,1,-1,1
152,-1,1362,560,113,47,1,4,-1,0
152,-1,1383,550,105,44,1,4,-1,0
152,-1,810,571,114,48,1,4,-1,2
153,-1,161,484,218,79,1,9,-1,1
153,-1,836,591,100,42,1,4,-1,2
153,-1,1087,557,109,45,1,4,-1,1
153,-1,1149,516,13,35,1,1,-1,0
153,-1,1167,519,16,33,1,1,-1,1
153,-1,1188,514,12,33,1,1,-1,0
153,-1,1353,560,113,47,1,4,-1,0
153,-1,1553,308,29,31,1,4,-1,0
153,-1,838,570,102,43,1,4,-1,2
153,-1,1551,317,28,30,1,4,-1,0
154,-1,147,484,218,79,1,9,-1,1
154,-1,857,598,100,42,1,4,-1,2
154,-1,1078,558,108,44,1,4,-1,1
154,-1,1167,521,16,33,1,1,-1,1
154,-1,1188,516,12,33,1,1,-1,0
154,-1,1205,514,13,35,1,1,-1,1
154,-1,1345,562,113,46,1,4,-1,0
154,-1,1555,308,29,31,1,4,-1,0
154,-1,1095,589,78,32,1,4,-1,1
154,-1,75,497,286,104,1,9,-1,1
155,-1,133,485,218,79,1,9,-1,1
155,-1,878,605,100,42,1,4,-1,2
155,-1,1167,523,16,33,1,1,-1,1
155,-1,1205,516,13,35,1,1,-1,1
155,-1,1338,564,113,46,1,4,-1,0
155,-1,1558,309,29,31,1,4,-1,0
155,-1,1151,532,7,20,1,1,-1,0
155,-1,923,628,65,27,1,4,-1,2
156,-1,180,579,130,64,1,4,-1,2
156,-1,1060,560,107,42,1,4,-1,1
156,-1,1148,518,12,35,1,1,-1,0
156,-1,1167,525,16,33,1,1,-1,1
156,-1,1188,520,12,33,1,1,-1,0
156,-1,1205,518,13,35,1,1,-1,1
156,-1,1331,566,113,46,1,4,-1,0
156,-1,928,614,53,22,1,4,-1,2
156,-1,1195,525,8,21,1,1,-1,1
157,-1,105,489,221,79,1,9,-1,1
157,-1,211,582,130,64,1,4,-1,2
157,-1,912,615,100,43,1,4,-1,2
157,-1,1049,559,113,41,1,4,-1,0
157,-1,1148,519,12,35,1,1,-1,0
157,-1,1167,527,16,33,1,1,-1,1
157,-1,1188,522,12,33,1,1,-1,0
157,-1,1206,520,13,35,1,1,-1,1
157,-1,1563,311,29,31,1,4,-1,0
157,-1,53,486,327,117,1,9,-1,1
157,-1,1154,503,17,48,1,1,-1,0
158,-1,90,490,221,79,1,9,-1,1
158,-1,220,582,130,64,1,4,-1,2
158,-1,925,617,100,45,1,4,-1,2
158,-1,1040,559,113,43,1,4,-1,0
158,-1,1167,527,16,33,1,1,-1,1
158,-1,1188,522,12,33,1,1,-1,0
158,-1,1206,520,13,35,1,1,-1,1
158,-1,1318,568,118,47,1,4,-1,0
158,-1,1565,312,29,31,1,4,-1,0
158,-1,252,599,68,34,1,4,-1,2
158,-1,967,622,56,25,1,4,-1,2
159,-1,1032,559,113,45,1,4,-1,0
159,-1,1167,527,16,33,1,1,-1,1
159,-1,1206,520,13,35,1,1,-1,1
159,-1,1310,571,118,47,1,4,-1,0
159,-1,1567,312,29,31,1,4,-1,0
159,-1,1561,312,39,42,1,4,-1,0
159,-1,1015,552,120,48,1,4,-1,0
160,-1,60,493,221,79,1,9,-1,1
160,-1,240,582,130,64,1,4,-1,2
160,-1,950,622,100,47,1,4,-1,2
160,-1,1024,559,113,47,1,4,-1,0
160,-1,1190,524,12,33,1,1,-1,0
160,-1,1206,521,13,35,1,1,-1,1
160,-1,1546,341,43,46,1,4,-1,0
160,-1,1022,550,106,44,1,4,-1,0
161,-1,48,493,220,79,1,9,-1,1
161,-1,255,584,130,64,1,4,-1,2
161,-1,957,624,104,48,1,4,-1,2
161,-1,1150,525,12,35,1,1,-1,0
161,-1,1167,527,16,34,1,1,-1,1
161,-1,1206,521,13,35,1,1,-1,1
161,-1,1294,574,118,47,1,4,-1,0
161,-1,1572,314,29,31,1,4,-1,0
161,-1,1158,525,19,41,1,1,-1,1
161,-1,1160,528,14,39,1,1,-1,0
162,-1,271,587,130,64,1,4,-1,2
162,-1,964,626,109,49,1,4,-1,2
162,-1,1006,561,113,47,1,4,-1,0
162,-1,1150,526,12,35,1,1,-1,0
162,-1,1167,528,16,33,1,1,-1,1
162,-1,1191,525,12,33,1,1,-1,0
162,-1,1207,522,12,35,1,1,-1,1
162,-1,1575,315,29,31,1,4,-1,0
162,-1,1009,559,150,62,1,4,-1,0
162,-1,948,593,152,68,1,4,-1,2
163,-1,24,494,218,79,1,9,-1,1
163,-1,971,628,114,50,1,4,-1,2
163,-1,1150,527,12,35,1,1,-1,0
163,-1,1192,526,12,33,1,1,-1,0
163,-1,1207,522,12,35,1,1,-1,1
163,-1,1280,575,118,47,1,4,-1,0
163,-1,1577,316,29,31,1,4,-1,0
163,-1,1205,523,9,25,1,1,-1,1
163,-1,-16,478,272,99,1,9,-1,1
164,-1,12,495,217,78,1,9,-1,1
164,-1,302,592,130,65,1,4,-1,2
164,-1,988,564,113,47,1,4,-1,0
164,-1,1150,528,12,35,1,1,-1,0
164,-1,1167,528,16,34,1,1,-1,1
164,-1,1207,523,12,35,1,1,-1,1
164,-1,1273,576,118,47,1,4,-1,0
164,-1,1135,545,17,50,1,1,-1,0
164,-1,1187,511,23,50,1,1,-1,1
165,-1,318,595,130,65,1,4,-1,2
165,-1,980,566,113,47,1,4,-1,0
165,-1,986,633,123,52,1,4,-1,1
165,-1,1150,529,12,35,1,1,-1,0
165,-1,1167,528,16,34,1,1,-1,1
165,-1,1193,528,12,33,1,1,-1,0
165,-1,1207,523,12,35,1,1,-1,1
165,-1,1266,577,118,47,1,4,-1,0
165,-1,1582,317,29,31,1,4,-1,0
165,-1,1702,599,133,59,1,5,-1,2
165,-1,1662,590,164,73,1,5,-1,2
165,-1,1206,508,13,37,1,1,-1,0
166,-1,969,566,115,48,1,4,-1,0
166,-1,994,635,124,54,1,4,-1,1
166,-1,1150,530,12,35,1,1,-1,0
166,-1,1167,528,16,35,1,1,-1,1
166,-1,1194,529,12,33,1,1,-1,0
166,-1,1207,523,12,35,1,1,-1,1
166,-1,1257,577,118,47,1,4,-1,0
166,-1,1585,318,29,31,1,4,-1,0
166,-1,1692,571,180,82,1,5,-1,2
166,-1,1161,531,9,24,1,1,-1,0
167,-1,959,567,116,48,1,4,-1,0
167,-1,1002,638,126,56,1,4,-1,1
167,-1,1150,531,12,35,1,1,-1,0
167,-1,1167,529,16,34,1,1,-1,1
167,-1,1195,529,12,33,1,1,-1,0
167,-1,1208,524,11,35,1,1,-1,1
167,-1,1587,319,29,31,1,4,-1,0
167,-1,1211,537,17,48,1,1,-1,0
167,-1,989,584,84,35,1,4,-1,0
168,-1,361,601,131,65,1,4,-1,2
168,-1,949,567,117,50,1,4,-1,0
168,-1,1011,640,127,59,1,4,-1,1
168,-1,1150,532,12,35,1,1,-1,0
168,-1,1167,529,16,34,1,1,-1,1
168,-1,1195,530,12,33,1,1,-1,0
168,-1,1208,524,11,35,1,1,-1,1
168,-1,1239,579,120,47,1,4,-1,0
168,-1,1533,311,24,10,1,4,-1,0
168,-1,929,547,149,63,1,4,-1,0
168,-1,1526,333,33,14,1,4,-1,0
169,-1,939,568,118,50,1,4,-1,0
169,-1,1150,533,12,35,1,1,-1,0
169,-1,1167,529,16,35,1,1,-1,1
169,-1,1208,525,11,35,1,1,-1,1
169,-1,1230,580,121,47,1,4,-1,0
169,-1,1534,310,24,11,1,4,-1,0
169,-1,1591,320,31,32,1,4,-1,0
169,-1,1684,607,127,63,1,5,-1,2
169,-1,348,616,123,62,1,4,-1,2
169,-1,1032,656,90,42,1,4,-1,1
170,-1,929,568,119,51,1,4,-1,0
170,-1,1027,645,130,63,1,4,-1,1
170,-1,1150,534,12,35,1,1,-1,0
170,-1,1167,529,16,35,1,1,-1,1
170,-1,1208,525,11,35,1,1,-1,1
170,-1,1221,581,122,47,1,4,-1,0
170,-1,1536,310,24,12,1,4,-1,0
170,-1,1593,320,32,33,1,4,-1,0
170,-1,1680,609,125,64,1,5,-1,2
170,-1,922,548,176,75,1,4,-1,0
170,-1,1247,595,85,33,1,4,-1,0
171,-1,1036,648,131,65,1,4,-1,1
171,-1,1150,535,12,35,1,1,-1,0
171,-1,1167,530,16,35,1,1,-1,1
171,-1,1198,533,12,33,1,1,-1,0
171,-1,1209,526,11,35,1,1,-1,1
171,-1,1212,582,123,47,1,4,-1,0
171,-1,1537,310,25,13,1,4,-1,0
171,-1,1150,547,13,37,1,1,-1,0
171,-1,1654,632,167,88,1,5,-1,1
172,-1,1045,654,131,65,1,4,-1,1
172,-1,1198,534,12,33,1,1,-1,0
172,-1,1539,310,25,14,1,4,-1,0
172,-1,1596,320,36,36,1,4,-1,0
172,-1,915,585,98,42,1,4,-1,0
172,-1,418,603,153,76,1,4,-1,2
173,-1,449,611,131,65,1,4,-1,2
173,-1,1054,660,131,65,1,4,-1,1
173,-1,1151,537,12,35,1,1,-1,0
173,-1,1168,532,16,36,1,1,-1,1
173,-1,1196,587,123,47,1,4,-1,0
173,-1,1198,535,12,33,1,1,-1,0
173,-1,1210,527,11,36,1,1,-1,1
173,-1,1540,309,25,15,1,4,-1,0
173,-1,1673,615,123,65,1,5,-1,1
173,-1,1052,660,179,89,1,4,-1,1
173,-1,1151,550,21,46,1,1,-1,1
174,-1,471,614,131,65,1,4,-1,2
174,-1,896,573,120,52,1,4,-1,1
174,-1,1064,663,130,67,1,4,-1,1
174,-1,1168,533,16,36,1,1,-1,1
174,-1,1199,536,12,33,1,1,-1,0
174,-1,1210,528,12,37,1,1,-1,1
174,-1,1542,309,25,16,1,4,-1,0
174,-1,1670,617,122,66,1,5,-1,1
174,-1,1205,608,145,55,1,4,-1,0
174,-1,1134,536,17,38,1,1,-1,1
175,-1,494,616,131,65,1,4,-1,2
175,-1,886,574,120,52,1,4,-1,1
175,-1,1074,667,130,69,1,4,-1,1
175,-1,1152,539,12,35,1,1,-1,0
175,-1,1169,534,16,37,1,1,-1,1
175,-1,1178,588,123,47,1,4,-1,0
175,-1,1211,528,12,38,1,1,-1,1
175,-1,1543,309,26,17,1,4,-1,0
175,-1,1601,320,40,40,1,4,-1,0
175,-1,1667,620,122,67,1,5,-1,1
175,-1,867,556,162,70,1,4,-1,1
175,-1,1162,527,17,49,1,1,-1,0
176,-1,516,619,131,65,1,4,-1,2
176,-1,875,575,120,52,1,4,-1,1
176,-1,1084,670,130,71,1,4,-1,1
176,-1,1152,540,13,35,1,1,-1,0
176,-1,1169,589,123,47,1,4,-1,1
176,-1,1170,535,15,37,1,1,-1,1
176,-1,1200,539,11,33,1,1,-1,0
176,-1,1211,529,13,38,1,1,-1,1
176,-1,1545,309,26,18,1,4,-1,0
176,-1,1603,320,42,42,1,4,-1,0
176,-1,1664,623,122,67,1,5,-1,1
176,-1,1188,552,11,27,1,1,-1,1
176,-1,1205,563,12,35,1,1,-1,1
177,-1,538,621,131,65,1,4,-1,2
177,-1,865,576,120,52,1,4,-1,1
177,-1,1159,589,123,47,1,4,-1,1
177,-1,1170,536,16,38,1,1,-1,1
177,-1,1661,626,122,68,1,5,-1,1
177,-1,1159,522,10,26,1,1,-1,0
177,-1,1623,316,59,59,1,4,-1,0
178,-1,561,624,131,65,1,4,-1,2
178,-1,854,576,120,52,1,4,-1,1
178,-1,1150,590,123,47,1,4,-1,1
178,-1,1171,537,16,38,1,1,-1,1
178,-1,1212,531,13,39,1,1,-1,1
178,-1,1547,309,26,18,1,4,-1,0
178,-1,1611,320,42,42,1,4,-1,0
178,-1,592,648,104,52,1,4,-1,2
178,-1,1623,302,48,48,1,4,-1,0
179,-1,567,625,131,65,1,4,-1,2
179,-1,844,577,120,52,1,4,-1,1
179,-1,1140,591,123,47,1,4,-1,1
179,-1,1154,543,13,35,1,1,-1,0
179,-1,1172,538,15,39,1,1,-1,1
179,-1,1201,543,11,33,1,1,-1,0
179,-1,1213,531,13,40,1,1,-1,1
179,-1,1616,321,42,42,1,4,-1,0
179,-1,1110,676,141,83,1,4,-1,1
179,-1,1118,587,113,43,1,4,-1,1
180,-1,573,626,131,65,1,4,-1,2
180,-1,833,578,120,52,1,4,-1,1
180,-1,1124,684,130,79,1,4,-1,1
180,-1,1131,592,123,47,1,4,-1,1
180,-1,1154,544,14,35,1,1,-1,0
180,-1,1172,539,16,39,1,1,-1,1
180,-1,1201,544,12,33,1,1,-1,0
180,-1,1213,532,14,41,1,1,-1,1
180,-1,1549,309,26,18,1,4,-1,0
180,-1,1620,321,42,42,1,4,-1,0
180,-1,1652,635,121,70,1,5,-1,1
180,-1,826,613,74,32,1,4,-1,1
180,-1,1170,517,8,20,1,1,-1,1
181,-1,579,627,131,65,1,4,-1,2
181,-1,823,579,120,52,1,4,-1,1
181,-1,1134,688,130,81,1,4,-1,1
181,-1,1155,545,14,35,1,1,-1,0
181,-1,1202,546,11,33,1,1,-1,0
181,-1,1551,309,26,18,1,4,-1,0
181,-1,1625,322,42,42,1,4,-1,0
181,-1,1649,638,121,71,1,5,-1,1
181,-1,849,575,100,43,1,4,-1,1
181,-1,1201,525,9,26,1,1,-1,1
182,-1,585,629,131,65,1,4,-1,2
182,-1,812,580,121,52,1,4,-1,1
182,-1,1144,694,128,81,1,4,-1,1
182,-1,1174,541,15,41,1,1,-1,1
182,-1,1202,547,12,33,1,1,-1,0
182,-1,1215,534,14,42,1,1,-1,1
182,-1,1629,322,42,42,1,4,-1,0
182,-1,1645,643,120,71,1,5,-1,1
182,-1,1216,537,10,29,1,1,-1,1
182,-1,1126,533,17,43,1,1,-1,0
183,-1,591,630,131,65,1,4,-1,2
183,-1,1104,594,123,47,1,4,-1,1
183,-1,1155,700,125,81,1,4,-1,1
183,-1,1174,542,16,41,1,1,-1,1
183,-1,1202,548,12,33,1,1,-1,0
183,-1,1553,309,26,18,1,4,-1,0
183,-1,1634,323,42,42,1,4,-1,0
183,-1,1641,648,120,71,1,5,-1,1
183,-1,1187,545,10,25,1,1,-1,1
183,-1,1547,295,36,25,1,4,-1,0
184,-1,790,582,123,52,1,4,-1,1
184,-1,1095,594,123,47,1,4,-1,1
184,-1,1157,548,14,35,1,1,-1,0
184,-1,1166,706,122,81,1,4,-1,1
184,-1,1175,543,15,42,1,1,-1,1
184,-1,1203,550,11,33,1,1,-1,0
184,-1,1216,535,14,43,1,1,-1,1
184,-1,1554,309,26,18,1,4,-1,0
184,-1,1637,653,120,71,1,5,-1,1
184,-1,1638,323,42,42,1,4,-1,0
184,-1,747,541,96,41,1,4,-1,1
184,-1,1203,727,75,50,1,4,-1,1
185,-1,604,633,131,65,1,4,-1,2
185,-1,1086,595,123,47,1,4,-1,1
185,-1,1157,549,15,35,1,1,-1,0
185,-1,1177,712,120,81,1,4,-1,1
185,-1,1203,551,12,33,1,1,-1,0
185,-1,1216,536,15,44,1,1,-1,1
185,-1,1634,658,119,71,1,5,-1,1
185,-1,1643,324,42,42,1,4,-1,0
185,-1,1636,305,50,50,1,4,-1,0
185,-1,1235,508,16,47,1,1,-1,1
186,-1,620,636,131,65,1,4,-1,2
186,-1,769,584,124,53,1,4,-1,1
186,-1,1076,596,124,47,1,4,-1,1
186,-1,1158,550,14,35,1,1,-1,0
186,-1,1176,545,15,43,1,1,-1,1
186,-1,1188,719,120,82,1,4,-1,1
186,-1,1204,552,11,33,1,1,-1,0
186,-1,1217,536,15,45,1,1,-1,1
186,-1,1558,308,26,18,1,4,-1,0
186,-1,1648,326,43,42,1,4,-1,0
186,-1,1154,537,19,56,1,1,-1,1
186,-1,1160,554,18,51,1,1,-1,1
187,-1,637,640,131,65,1,4,-1,2
187,-1,759,585,124,53,1,4,-1,1
187,-1,1067,598,125,47,1,4,-1,1
187,-1,1158,551,15,35,1,1,-1,0
187,-1,1177,546,15,43,1,1,-1,1
187,-1,1217,537,16,45,1,1,-1,1
187,-1,1560,307,26,18,1,4,-1,0
187,-1,1631,664,118,75,1,5,-1,1
187,-1,1653,328,45,42,1,4,-1,0
187,-1,2584,389,97,90,1,5,-1,1
187,-1,1089,576,129,48,1,4,-1,1
187,-1,1627,663,176,112,1,5,-1,1
188,-1,654,643,131,65,1,4,-1,2
188,-1,749,586,124,53,1,4,-1,1
188,-1,1058,599,125,47,1,4,-1,1
188,-1,1159,552,15,35,1,1,-1,0
188,-1,1177,547,16,44,1,1,-1,1
188,-1,1206,733,120,85,1,4,-1,0
188,-1,1562,307,26,18,1,4,-1,0
188,-1,1629,667,118,77,1,5,-1,1
188,-1,1659,331,46,42,1,4,-1,0
188,-1,2565,386,116,92,1,5,-1,1
188,-1,1634,693,102,66,1,5,-1,1
188,-1,2543,358,171,136,1,5,-1,1
189,-1,671,647,131,65,1,4,-1,2
189,-1,739,588,124,52,1,4,-1,1
189,-1,1049,601,126,47,1,4,-1,0
189,-1,1159,553,16,35,1,1,-1,0
189,-1,1205,556,11,33,1,1,-1,0
189,-1,1218,539,16,46,1,1,-1,1
189,-1,1628,671,117,78,1,5,-1,1
189,-1,1664,333,48,42,1,4,-1,0
189,-1,1046,593,142,53,1,4,-1,0
189,-1,2505,352,198,140,1,5,-1,1
190,-1,729,589,124,52,1,4,-1,1
190,-1,1037,601,127,47,1,4,-1,0
190,-1,1160,554,15,35,1,1,-1,0
190,-1,1205,558,11,33,1,1,-1,0
190,-1,1219,539,16,47,1,1,-1,1
190,-1,1222,749,120,87,1,4,-1,0
190,-1,1670,336,49,42,1,4,-1,0
190,-1,1517,312,36,26,1,4,-1,0
190,-1,1202,490,22,65,1,1,-1,1
191,-1,704,654,131,65,1,4,-1,2
191,-1,718,590,125,53,1,4,-1,1
191,-1,1026,602,127,47,1,4,-1,0
191,-1,1160,555,16,35,1,1,-1,0
191,-1,1206,559,11,33,1,1,-1,0
191,-1,1219,540,17,48,1,1,-1,1
191,-1,1569,306,25,18,1,4,-1,0
191,-1,2510,378,149,95,1,5,-1,1
191,-1,1167,560,22,48,1,1,-1,0
191,-1,2464,348,222,142,1,5,-1,1
192,-1,708,591,125,53,1,4,-1,1
192,-1,1015,603,128,46,1,4,-1,0
192,-1,1180,551,15,46,1,1,-1,1
192,-1,1220,541,17,48,1,1,-1,1
192,-1,1238,764,119,90,1,4,-1,0
192,-1,1571,306,25,18,1,4,-1,0
192,-1,1679,336,52,48,1,4,-1,0
192,-1,1210,584,10,31,1,1,-1,0
192,-1,1194,595,8,26,1,1,-1,1
193,-1,738,661,131,65,1,4,-1,2
193,-1,1004,603,128,47,1,4,-1,0
193,-1,1181,552,15,47,1,1,-1,0
193,-1,1221,542,17,49,1,1,-1,0
193,-1,1246,772,119,91,1,4,-1,0
193,-1,1573,306,25,18,1,4,-1,0
193,-1,2475,374,141,91,1,5,-1,1
193,-1,1203,579,16,47,1,1,-1,0
193,-1,1275,813,64,49,1,4,-1,0
194,-1,688,594,125,52,1,4,-1,1
194,-1,1161,558,17,36,1,1,-1,0
194,-1,1181,552,15,47,1,1,-1,0
194,-1,1207,561,11,33,1,1,-1,0
194,-1,1221,542,17,49,1,1,-1,0
194,-1,1619,687,114,86,1,5,-1,1
194,-1,2458,371,137,89,1,5,-1,1
194,-1,686,597,96,40,1,4,-1,1
194,-1,1561,295,29,21,1,4,-1,0
195,-1,678,595,125,52,1,4,-1,1
195,-1,982,605,129,46,1,4,-1,0
195,-1,1161,559,17,36,1,1,-1,0
195,-1,1182,552,15,47,1,1,-1,0
195,-1,1262,787,119,94,1,4,-1,0
195,-1,1577,306,25,18,1,4,-1,0
195,-1,1617,690,114,88,1,5,-1,1
195,-1,1694,337,55,56,1,4,-1,0
195,-1,2440,369,133,87,1,5,-1,1
195,-1,1579,652,133,103,1,5,-1,1
195,-1,1007,604,138,49,1,4,-1,0
196,-1,668,597,125,52,1,4,-1,1
196,-1,971,606,130,46,1,4,-1,0
196,-1,1161,559,17,37,1,1,-1,0
196,-1,1209,561,11,33,1,1,-1,0
196,-1,1270,795,119,95,1,4,-1,0
196,-1,1579,306,25,18,1,4,-1,0
196,-1,1699,338,57,58,1,4,-1,0
196,-1,2423,367,129,85,1,5,-1,1
196,-1,1163,588,11,25,1,1,-1,0
196,-1,1716,318,65,66,1,4,-1,0
197,-1,959,607,132,46,1,4,-1,0
197,-1,1183,552,16,47,1,1,-1,0
197,-1,1277,803,119,97,1,4,-1,0
197,-1,1705,339,59,59,1,4,-1,0
197,-1,2409,365,126,83,1,5,-1,1
197,-1,1736,359,36,36,1,4,-1,0
197,-1,1578,695,129,101,1,5,-1,1
198,-1,642,601,130,52,1,4,-1,1
198,-1,833,682,131,65,1,4,-1,2
198,-1,947,608,135,46,1,4,-1,0
198,-1,1161,560,17,39,1,1,-1,0
198,-1,1183,552,16,47,1,1,-1,0
198,-1,1225,546,17,49,1,1,-1,0
198,-1,1284,811,119,99,1,4,-1,0
198,-1,1582,306,25,18,1,4,-1,0
198,-1,1616,703,113,89,1,5,-1,1
198,-1,2395,363,124,81,1,5,-1,1
198,-1,2396,344,136,89,1,5,-1,1
198,-1,1178,546,24,69,1,1,-1,0
199,-1,630,604,132,51,1,4,-1,1
199,-1,855,687,131,65,1,4,-1,2
199,-1,936,610,137,45,1,4,-1,0
199,-1,1184,552,16,47,1,1,-1,0
199,-1,1212,560,11,34,1,1,-1,0
199,-1,1226,547,17,49,1,1,-1,0
199,-1,1292,819,118,102,1,4,-1,0
199,-1,1583,306,25,18,1,4,-1,0
199,-1,1718,342,62,60,1,4,-1,0
199,-1,2382,361,121,79,1,5,-1,1
199,-1,2418,401,90,58,1,5,-1,1
199,-1,967,614,100,33,1,4,-1,0
200,-1,619,604,132,51,1,4,-1,1
200,-1,1184,552,17,47,1,1,-1,0
200,-1,1213,560,11,34,1,1,-1,0
200,-1,1227,548,17,49,1,1,-1,0
200,-1,1298,827,118,104,1,4,-1,0
200,-1,1585,306,25,18,1,4,-1,0
200,-1,1612,711,113,89,1,5,-1,1
200,-1,2368,359,119,77,1,5,-1,1
200,-1,2357,349,99,64,1,5,-1,1
200,-1,1141,551,19,45,1,1,-1,0
201,-1,879,681,131,65,1,4,-1,2
201,-1,913,609,136,51,1,4,-1,0
201,-1,1161,562,17,41,1,1,-1,0
201,-1,1185,552,17,47,1,1,-1,0
201,-1,1214,560,11,34,1,1,-1,0
201,-1,1228,549,17,49,1,1,-1,0
201,-1,1304,835,118,107,1,4,-1,0
201,-1,1587,306,25,18,1,4,-1,0
201,-1,1608,714,113,89,1,5,-1,0
201,-1,1731,346,66,60,1,4,-1,0
201,-1,2355,358,116,74,1,5,-1,1
201,-1,1238,542,21,61,1,1,-1,0
201,-1,1575,293,18,13,1,4,-1,0
202,-1,599,606,132,51,1,4,-1,1
202,-1,1161,561,17,41,1,1,-1,0
202,-1,1185,551,17,47,1,1,-1,0
202,-1,1228,549,17,49,1,1,-1,0
202,-1,1310,844,117,113,1,4,-1,0
202,-1,1588,306,25,18,1,4,-1,0
202,-1,1605,718,113,89,1,5,-1,0
202,-1,1738,347,67,61,1,4,-1,0
202,-1,2341,356,113,72,1,5,-1,1
202,-1,589,610,178,69,1,4,-1,1
202,-1,912,690,88,44,1,4,-1,2
203,-1,590,607,132,51,1,4,-1,1
203,-1,893,608,136,52,1,4,-1,0
203,-1,898,681,138,71,1,4,-1,2
203,-1,1162,560,17,41,1,1,-1,0
203,-1,1186,551,17,47,1,1,-1,0
203,-1,1215,559,11,34,1,1,-1,0
203,-1,1316,853,117,119,1,4,-1,0
203,-1,1590,306,25,18,1,4,-1,0
203,-1,1602,722,113,89,1,5,-1,0
203,-1,1744,349,69,61,1,4,-1,0
203,-1,2327,354,111,70,1,5,-1,1
203,-1,1746,364,40,35,1,4,-1,0
203,-1,577,600,137,53,1,4,-1,1
204,-1,581,608,132,52,1,4,-1,1
204,-1,883,608,136,52,1,4,-1,1
204,-1,908,681,142,75,1,4,-1,1
204,-1,1187,551,17,47,1,1,-1,0
204,-1,1216,558,11,34,1,1,-1,0
204,-1,1322,862,117,125,1,4,-1,0
204,-1,1751,350,70,62,1,4,-1,0
204,-1,1763,338,62,55,1,4,-1,0
204,-1,923,675,112,59,1,4,-1,1
205,-1,570,607,132,52,1,4,-1,1
205,-1,918,681,145,75,1,4,-1,1
205,-1,1216,558,11,34,1,1,-1,0
205,-1,1230,549,17,49,1,1,-1,0
205,-1,1326,871,117,126,1,4,-1,0
205,-1,1593,306,25,18,1,4,-1,0
205,-1,1757,352,72,62,1,4,-1,0
205,-1,2300,350,106,66,1,5,-1,1
205,-1,1225,532,14,34,1,1,-1,0
205,-1,2277,317,156,97,1,5,-1,1
206,-1,857,606,136,52,1,4,-1,1
206,-1,929,682,147,75,1,4,-1,1
206,-1,1188,551,17,47,1,1,-1,0
206,-1,1217,558,11,34,1,1,-1,0
206,-1,1231,549,17,49,1,1,-1,0
206,-1,1594,731,113,89,1,5,-1,0
206,-1,1595,307,25,17,1,4,-1,0
206,-1,1210,564,8,24,1,1,-1,0
206,-1,1172,568,17,42,1,1,-1,0
207,-1,844,606,136,52,1,4,-1,1
207,-1,940,682,150,76,1,4,-1,1
207,-1,1165,556,17,41,1,1,-1,0
207,-1,1189,550,17,47,1,1,-1,0
207,-1,1218,557,11,34,1,1,-1,0
207,-1,1231,549,17,49,1,1,-1,0
207,-1,1334,890,118,128,1,4,-1,0
207,-1,1592,733,113,89,1,5,-1,0
207,-1,1597,305,25,17,1,4,-1,0
207,-1,1771,355,76,64,1,4,-1,0
207,-1,2274,345,101,63,1,5,-1,1
207,-1,1180,556,23,55,1,1,-1,0
207,-1,1615,299,18,12,1,4,-1,0
208,-1,540,606,132,52,1,4,-1,1
208,-1,832,605,136,52,1,4,-1,1
208,-1,1189,550,17,47,1,1,-1,0
208,-1,1232,549,17,49,1,1,-1,0
208,-1,1339,899,117,130,1,4,-1,0
208,-1,1590,735,113,89,1,5,-1,0
208,-1,2262,342,98,63,1,5,-1,1
208,-1,1234,516,18,51,1,1,-1,0
208,-1,1230,539,24,68,1,1,-1,0
209,-1,819,605,136,52,1,4,-1,1
209,-1,962,683,155,77,1,4,-1,1
209,-1,1167,554,17,41,1,1,-1,0
209,-1,1219,557,11,34,1,1,-1,0
209,-1,1588,737,113,89,1,5,-1,0
209,-1,1601,303,25,17,1,4,-1,0
209,-1,1314,916,152,167,1,4,-1,0
209,-1,1218,563,10,30,1,1,-1,0
210,-1,520,605,132,52,1,4,-1,1
210,-1,806,604,136,52,1,4,-1,1
210,-1,973,684,157,77,1,4,-1,1
210,-1,1167,554,17,41,1,1,-1,0
210,-1,1220,556,11,34,1,1,-1,0
210,-1,1233,549,17,49,1,1,-1,0
210,-1,1347,918,118,132,1,4,-1,0
210,-1,1586,739,113,89,1,5,-1,0
210,-1,1603,302,25,17,1,4,-1,0
210,-1,1792,359,82,67,1,4,-1,0
210,-1,2237,336,93,63,1,5,-1,1
210,-1,1788,354,98,80,1,4,-1,0
210,-1,1347,931,105,118,1,4,-1,0
211,-1,510,605,132,52,1,4,-1,1
211,-1,794,604,136,52,1,4,-1,1
211,-1,984,685,160,77,1,4,-1,1
211,-1,1168,553,17,41,1,1,-1,0
211,-1,1192,550,17,47,1,1,-1,0
211,-1,1221,556,11,34,1,1,-1,0
211,-1,1234,549,17,49,1,1,-1,0
211,-1,1352,928,118,133,1,4,-1,0
211,-1,1605,300,25,18,1,4,-1,0
211,-1,1799,360,84,68,1,4,-1,0
211,-1,2224,332,91,63,1,5,-1,1
211,-1,1191,534,17,40,1,1,-1,0
211,-1,1809,356,84,68,1,4,-1,0
212,-1,498,597,132,52,1,4,-1,1
212,-1,785,599,136,52,1,4,-1,1
212,-1,1221,556,11,34,1,1,-1,0
212,-1,1235,548,17,49,1,1,-1,0
212,-1,1583,743,111,92,1,5,-1,0
212,-1,1607,299,25,18,1,4,-1,0
212,-1,1806,362,86,69,1,4,-1,0
212,-1,1621,296,19,14,1,4,-1,0
212,-1,1807,364,109,88,1,4,-1,0
213,-1,1004,687,160,79,1,4,-1,0
213,-1,1170,551,17,41,1,1,-1,0
213,-1,1236,547,17,49,1,1,-1,0
213,-1,1582,744,109,95,1,5,-1,0
213,-1,1813,363,88,70,1,4,-1,0
213,-1,2199,326,86,63,1,5,-1,1
213,-1,1602,764,65,56,1,5,-1,0
213,-1,1799,363,120,95,1,4,-1,0
214,-1,477,593,131,52,1,4,-1,1
214,-1,759,595,136,52,1,4,-1,1
214,-1,1015,686,160,81,1,4,-1,0
214,-1,1170,550,17,41,1,1,-1,0
214,-1,1194,549,17,47,1,1,-1,0
214,-1,1238,546,17,49,1,1,-1,0
214,-1,1361,957,123,146,1,4,-1,0
214,-1,1582,746,106,97,1,5,-1,0
214,-1,1611,297,25,18,1,4,-1,0
214,-1,1821,365,90,71,1,4,-1,0
214,-1,2187,323,84,63,1,5,-1,1
214,-1,1242,538,14,41,1,1,-1,0
214,-1,1184,551,9,21,1,1,-1,0
215,-1,747,593,136,52,1,4,-1,1
215,-1,1025,685,161,84,1,4,-1,0
215,-1,1194,549,17,47,1,1,-1,0
215,-1,1223,555,11,34,1,1,-1,0
215,-1,1239,545,17,49,1,1,-1,0
215,-1,1366,966,125,153,1,4,-1,0
215,-1,1581,747,104,100,1,5,-1,0
215,-1,1613,296,25,18,1,4,-1,0
215,-1,1832,367,92,73,1,4,-1,0
215,-1,2177,320,82,62,1,5,-1,1
215,-1,1595,779,84,81,1,5,-1,0
215,-1,1247,567,10,30,1,1,-1,0
216,-1,1036,684,161,86,1,4,-1,0
216,-1,1172,548,17,41,1,1,-1,0
216,-1,1224,554,11,34,1,1,-1,0
216,-1,1241,544,17,49,1,1,-1,0
216,-1,1580,748,102,103,1,5,-1,0
216,-1,1843,369,95,75,1,4,-1,0
216,-1,2167,318,81,60,1,5,-1,1
216,-1,2145,328,105,78,1,5,-1,1
216,-1,470,606,92,36,1,4,-1,1
217,-1,446,588,131,52,1,4,-1,1
217,-1,722,590,136,52,1,4,-1,1
217,-1,1047,684,161,88,1,4,-1,0
217,-1,1173,547,17,41,1,1,-1,0
217,-1,1196,549,17,47,1,1,-1,0
217,-1,1225,554,11,34,1,1,-1,0
217,-1,1242,543,17,49,1,1,-1,0
217,-1,1617,294,25,18,1,4,-1,0
217,-1,1854,371,97,78,1,4,-1,0
217,-1,2157,316,80,58,1,5,-1,1
217,-1,1595,759,80,84,1,5,-1,0
217,-1,1553,733,122,128,1,5,-1,0
218,-1,432,588,131,52,1,4,-1,1
218,-1,720,589,136,53,1,4,-1,1
218,-1,1062,686,161,88,1,4,-1,1
218,-1,1174,547,17,41,1,1,-1,0
218,-1,1197,549,17,47,1,1,-1,0
218,-1,1226,554,11,34,1,1,-1,0
218,-1,1244,543,17,49,1,1,-1,0
218,-1,1387,999,130,166,1,4,-1,0
218,-1,1585,752,100,106,1,5,-1,0
218,-1,1866,373,99,80,1,4,-1,0
218,-1,699,612,136,53,1,4,-1,1
218,-1,1230,559,14,44,1,1,-1,0
219,-1,708,587,136,53,1,4,-1,1
219,-1,1245,542,17,48,1,1,-1,0
219,-1,1392,1014,132,172,1,4,-1,0
219,-1,1587,754,98,106,1,5,-1,0
219,-1,1621,292,26,18,1,4,-1,0
219,-1,1877,375,101,83,1,4,-1,0
219,-1,2137,311,77,55,1,5,-1,1
219,-1,413,580,140,57,1,4,-1,1
219,-1,1613,769,87,94,1,5,-1,0
220,-1,412,585,131,53,1,4,-1,1
220,-1,696,586,136,53,1,4,-1,1
220,-1,1084,688,160,89,1,4,-1,1
220,-1,1199,547,17,47,1,1,-1,0
220,-1,1228,550,12,35,1,1,-1,0
220,-1,1246,541,17,48,1,1,-1,0
220,-1,1398,1030,134,178,1,4,-1,0
220,-1,1589,757,97,106,1,5,-1,0
220,-1,1888,377,104,85,1,4,-1,0
220,-1,2127,309,76,53,1,5,-1,1
220,-1,1571,734,119,130,1,5,-1,0
220,-1,429,581,117,47,1,4,-1,1
221,-1,402,584,131,53,1,4,-1,1
221,-1,1095,689,160,90,1,4,-1,1
221,-1,1177,546,17,41,1,1,-1,0
221,-1,1200,546,17,47,1,1,-1,0
221,-1,1229,548,12,36,1,1,-1,0
221,-1,1248,540,17,48,1,1,-1,0
221,-1,1404,1045,136,184,1,4,-1,0
221,-1,1591,759,96,106,1,5,-1,0
221,-1,1626,290,26,18,1,4,-1,0
221,-1,1900,380,106,87,1,4,-1,0
221,-1,2118,307,74,52,1,5,-1,1
221,-1,2117,300,76,54,1,5,-1,1
221,-1,2110,333,93,65,1,5,-1,1
222,-1,672,583,136,53,1,4,-1,1
222,-1,1106,691,160,90,1,4,-1,1
222,-1,1230,547,13,36,1,1,-1,0
222,-1,1410,1061,138,190,1,4,-1,0
222,-1,1628,289,26,18,1,4,-1,0
222,-1,1914,384,110,89,1,4,-1,0
222,-1,1222,542,9,25,1,1,-1,0
222,-1,2100,307,71,51,1,5,-1,1
223,-1,382,582,131,53,1,4,-1,1
223,-1,1231,545,13,37,1,1,-1,0
223,-1,1251,538,17,48,1,1,-1,0
223,-1,1416,1077,140,196,1,4,-1,0
223,-1,1929,388,114,91,1,4,-1,0
223,-1,702,604,79,31,1,4,-1,1
223,-1,1239,539,16,46,1,1,-1,0
224,-1,372,581,131,53,1,4,-1,1
224,-1,1129,693,158,92,1,4,-1,1
224,-1,1180,545,17,41,1,1,-1,0
224,-1,1203,543,17,47,1,1,-1,0
224,-1,1252,537,17,48,1,1,-1,0
224,-1,1422,1092,142,202,1,4,-1,0
224,-1,1597,767,93,106,1,5,-1,0
224,-1,1633,288,26,18,1,4,-1,0
224,-1,1943,392,119,93,1,4,-1,0
224,-1,2098,302,66,50,1,5,-1,1
224,-1,1157,545,25,61,1,1,-1,0
224,-1,1430,1137,97,138,1,4,-1,0
225,-1,362,580,131,53,1,4,-1,1
225,-1,636,578,136,53,1,4,-1,1
225,-1,1140,695,158,92,1,4,-1,1
225,-1,1181,544,17,41,1,1,-1,0
225,-1,1204,542,17,47,1,1,-1,0
225,-1,1233,542,14,38,1,1,-1,0
225,-1,1253,536,17,48,1,1,-1,0
225,-1,1428,1108,144,208,1,4,-1,0
225,-1,1599,770,92,105,1,5,-1,0
225,-1,1635,287,26,18,1,4,-1,0
225,-1,1958,397,123,94,1,4,-1,0
225,-1,1641,294,31,22,1,4,-1,0
225,-1,674,590,100,39,1,4,-1,1
226,-1,1151,696,158,93,1,4,-1,1
226,-1,1182,544,17,41,1,1,-1,0
226,-1,1205,541,17,47,1,1,-1,0
226,-1,1234,540,15,39,1,1,-1,0
226,-1,1255,535,17,48,1,1,-1,0
226,-1,1434,1123,146,214,1,4,-1,0
226,-1,1637,286,26,18,1,4,-1,0
226,-1,1972,401,128,96,1,4,-1,0
226,-1,2085,298,61,49,1,5,-1,1
226,-1,1588,777,92,107,1,5,-1,0
226,-1,1202,549,20,56,1,1,-1,0
227,-1,342,578,131,53,1,4,-1,1
227,-1,612,575,136,53,1,4,-1,1
227,-1,1162,697,158,94,1,4,-1,1
227,-1,1183,544,17,41,1,1,-1,0
227,-1,1206,540,17,47,1,1,-1,0
227,-1,1235,538,15,40,1,1,-1,0
227,-1,1256,534,17,48,1,1,-1,0
227,-1,1987,405,132,98,1,4,-1,0
227,-1,2079,297,58,48,1,5,-1,1
227,-1,584,551,173,68,1,4,-1,1
227,-1,1413,1114,186,276,1,4,-1,0
228,-1,600,574,136,53,1,4,-1,1
228,-1,1174,699,157,94,1,4,-1,1
228,-1,1184,544,17,41,1,1,-1,0
228,-1,1236,537,16,40,1,1,-1,0
228,-1,1258,534,17,47,1,1,-1,0
228,-1,1606,778,88,105,1,5,-1,0
228,-1,1642,285,26,18,1,4,-1,0
228,-1,2072,295,56,48,1,5,-1,1
228,-1,1267,522,15,41,1,1,-1,0
228,-1,1630,298,30,21,1,4,-1,0
229,-1,326,575,131,53,1,4,-1,1
229,-1,588,571,138,53,1,4,-1,1
229,-1,1186,702,156,95,1,4,-1,1
229,-1,1188,542,18,42,1,1,-1,0
229,-1,1212,538,17,47,1,1,-1,0
229,-1,1262,534,17,47,1,1,-1,0
229,-1,1453,1177,157,235,1,4,-1,0
229,-1,1542,281,23,17,1,4,-1,0
229,-1,1610,780,88,108,1,5,-1,0
229,-1,1645,285,26,18,1,4,-1,0
229,-1,302,577,155,63,1,4,-1,1
229,-1,1566,784,119,146,1,5,-1,0
230,-1,577,569,140,53,1,4,-1,1
230,-1,1192,540,19,43,1,1,-1,0
230,-1,1198,705,156,97,1,4,-1,1
230,-1,1217,538,17,47,1,1,-1,0
230,-1,1267,535,17,47,1,1,-1,0
230,-1,1615,782,88,112,1,5,-1,0
230,-1,2048,422,150,104,1,4,-1,0
230,-1,2070,293,53,47,1,5,-1,1
230,-1,1218,538,11,28,1,1,-1,0
230,-1,1223,534,23,63,1,1,-1,0
231,-1,312,572,131,53,1,4,-1,1
231,-1,566,567,141,53,1,4,-1,1
231,-1,1196,538,20,44,1,1,-1,0
231,-1,1210,708,156,99,1,4,-1,1
231,-1,1222,537,17,47,1,1,-1,0
231,-1,1272,535,17,47,1,1,-1,0
231,-1,1468,1222,170,253,1,4,-1,0
231,-1,1567,281,22,17,1,4,-1,0
231,-1,1620,784,88,115,1,5,-1,0
231,-1,1227,553,12,26,1,1,-1,0
231,-1,1675,327,21,16,1,4,-1,0
232,-1,555,565,143,53,1,4,-1,1
232,-1,1200,536,21,45,1,1,-1,0
232,-1,1222,711,156,101,1,4,-1,1
232,-1,1227,537,17,47,1,1,-1,0
232,-1,1259,535,16,41,1,1,-1,0
232,-1,1579,281,23,17,1,4,-1,0
232,-1,1625,786,88,119,1,5,-1,0
232,-1,2112,438,170,112,1,4,-1,0
232,-1,1189,527,30,64,1,1,-1,0
232,-1,1284,527,12,33,1,1,-1,0
233,-1,312,569,131,53,1,4,-1,1
233,-1,1205,534,21,47,1,1,-1,0
233,-1,1232,537,17,47,1,1,-1,0
233,-1,1240,717,156,101,1,4,-1,1
233,-1,1265,535,16,41,1,1,-1,0
233,-1,1282,537,17,47,1,1,-1,0
233,-1,1492,1269,178,241,1,4,-1,0
233,-1,1700,284,27,22,1,4,-1,0
233,-1,2082,292,53,47,1,5,-1,1
233,-1,1499,1262,158,214,1,4,-1,0
233,-1,2059,329,68,60,1,5,-1,1
234,-1,320,568,131,53,1,4,-1,1
234,-1,567,563,143,53,1,4,-1,1
234,-1,1223,536,21,47,1,1,-1,0
234,-1,1249,537,17,47,1,1,-1,0
234,-1,1267,721,153,101,1,4,-1,1
234,-1,1283,535,16,41,1,1,-1,0
234,-1,1299,537,17,47,1,1,-1,0
234,-1,1604,281,23,17,1,4,-1,0
234,-1,1657,800,88,119,1,5,-1,0
234,-1,2176,454,189,119,1,4,-1,0
234,-1,1232,695,189,125,1,4,-1,1
234,-1,1285,503,23,62,1,1,-1,0
235,-1,327,567,131,53,1,4,-1,1
235,-1,1241,538,21,47,1,1,-1,0
235,-1,1295,725,149,101,1,4,-1,1
235,-1,1301,536,16,41,1,1,-1,0
235,-1,1536,1331,178,179,1,4,-1,0
235,-1,1617,281,22,17,1,4,-1,0
235,-1,1677,805,88,119,1,5,-1,0
235,-1,1728,284,27,24,1,4,-1,0
235,-1,2208,462,199,123,1,4,-1,0
235,-1,1718,301,14,12,1,4,-1,0
235,-1,2095,261,63,56,1,5,-1,1
236,-1,335,566,131,53,1,4,-1,1
236,-1,1259,540,21,47,1,1,-1,0
236,-1,1284,539,17,47,1,1,-1,0
236,-1,1319,537,16,41,1,1,-1,0
236,-1,1322,729,146,101,1,4,-1,1
236,-1,1558,1362,178,148,1,4,-1,0
236,-1,1577,277,11,15,1,4,-1,0
236,-1,1630,281,22,17,1,4,-1,0
236,-1,1696,810,88,119,1,5,-1,0
236,-1,1742,284,28,25,1,4,-1,0
236,-1,2095,292,52,47,1,5,-1,1
236,-1,2240,470,209,127,1,4,-1,0
236,-1,1322,565,8,21,1,1,-1,0
236,-1,1625,271,31,24,1,4,-1,0
236,-1,1299,690,214,148,1,4,-1,1
237,-1,0,619,107,77,1,5,-1,0
237,-1,343,565,131,53,1,4,-1,1
237,-1,1302,540,17,47,1,1,-1,0
237,-1,1337,538,16,41,1,1,-1,0
237,-1,1350,733,142,101,1,4,-1,1
237,-1,1352,537,17,47,1,1,-1,0
237,-1,1596,277,12,14,1,4,-1,0
237,-1,1652,281,22,17,1,4,-1,0
237,-1,1716,816,88,119,1,5,-1,0
237,-1,1764,285,28,25,1,4,-1,0
237,-1,2290,479,219,136,1,4,-1,0
237,-1,1350,531,12,34,1,1,-1,0
237,-1,1338,717,146,104,1,4,-1,1
237,-1,1739,297,19,17,1,4,-1,0
238,-1,0,614,153,76,1,5,-1,1
238,-1,354,560,131,53,1,4,-1,1
238,-1,595,561,143,53,1,4,-1,1
238,-1,1298,538,21,47,1,1,-1,0
238,-1,1323,540,17,47,1,1,-1,0
238,-1,1358,538,16,41,1,1,-1,0
238,-1,1369,535,17,47,1,1,-1,0
238,-1,1376,736,142,101,1,4,-1,0
238,-1,1616,278,13,12,1,4,-1,0
238,-1,1643,279,14,10,1,4,-1,0
238,-1,1674,282,22,17,1,4,-1,0
238,-1,1733,819,96,130,1,5,-1,0
238,-1,1787,287,28,25,1,4,-1,0
238,-1,2125,292,52,47,1,5,-1,1
238,-1,2341,488,228,146,1,4,-1,0
238,-1,1674,284,12,9,1,4,-1,0
238,-1,1281,532,20,44,1,1,-1,0
238,-1,1294,555,21,48,1,1,-1,0
239,-1,603,561,143,53,1,4,-1,1
239,-1,1311,538,21,47,1,1,-1,0
239,-1,1336,539,17,47,1,1,-1,0
239,-1,1370,538,16,41,1,1,-1,0
239,-1,1384,535,17,47,1,1,-1,0
239,-1,1405,741,142,101,1,4,-1,0
239,-1,1636,279,14,11,1,4,-1,0
239,-1,1665,280,14,10,1,4,-1,0
239,-1,1696,283,22,17,1,4,-1,0
239,-1,1757,822,96,130,1,5,-1,0
239,-1,1810,289,28,25,1,4,-1,0
239,-1,2392,498,238,155,1,4,-1,0
239,-1,371,556,124,50,1,4,-1,1
239,-1,1711,275,20,15,1,4,-1,0
239,-1,1420,740,104,74,1,4,-1,0
240,-1,357,555,131,53,1,4,-1,1
240,-1,1324,538,21,47,1,1,-1,0
240,-1,1349,538,17,47,1,1,-1,0
240,-1,1382,538,16,41,1,1,-1,0
240,-1,1399,535,17,47,1,1,-1,0
240,-1,1420,743,141,110,1,4,-1,0
240,-1,1656,279,14,11,1,4,-1,0
240,-1,1682,283,12,10,1,4,-1,0
240,-1,1769,828,96,131,1,5,-1,0
240,-1,1828,288,36,25,1,4,-1,0
240,-1,2155,291,50,39,1,5,-1,1
240,-1,2445,511,236,165,1,4,-1,0
240,-1,1380,519,11,28,1,1,-1,0
240,-1,1425,764,118,92,1,4,-1,0
240,-1,1810,322,52,36,1,4,-1,0
241,-1,104,612,155,75,1,5,-1,1
241,-1,349,555,131,53,1,4,-1,1
241,-1,589,558,141,52,1,4,-1,1
241,-1,1337,539,21,47,1,1,-1,0
241,-1,1363,537,17,47,1,1,-1,0
241,-1,1394,539,16,41,1,1,-1,0
241,-1,1685,283,12,10,1,4,-1,0
241,-1,1717,285,23,17,1,4,-1,0
241,-1,1781,835,96,131,1,5,-1,0
241,-1,2482,525,201,171,1,4,-1,0
241,-1,1807,292,53,37,1,4,-1,0
241,-1,347,567,144,58,1,4,-1,1
241,-1,1822,288,28,20,1,4,-1,0
242,-1,126,613,155,75,1,5,-1,1
242,-1,341,554,131,53,1,4,-1,1
242,-1,583,556,140,53,1,4,-1,1
242,-1,1398,538,16,41,1,1,-1,0
242,-1,1417,535,17,47,1,1,-1,0
242,-1,1689,283,12,10,1,4,-1,0
242,-1,1836,288,36,25,1,4,-1,0
242,-1,2146,291,50,39,1,5,-1,1
242,-1,595,561,140,53,1,4,-1,1
242,-1,1393,556,17,43,1,1,-1,0
243,-1,333,554,131,53,1,4,-1,1
243,-1,576,555,139,52,1,4,-1,1
243,-1,1371,536,17,47,1,1,-1,0
243,-1,1421,536,17,47,1,1,-1,0
243,-1,1449,755,141,118,1,4,-1,0
243,-1,1664,279,13,11,1,4,-1,0
243,-1,1721,285,22,17,1,4,-1,0
243,-1,1782,846,101,130,1,5,-1,0
243,-1,1839,289,36,25,1,4,-1,0
243,-1,2139,291,50,38,1,5,-1,1
243,-1,1349,535,22,60,1,1,-1,0
243,-1,1694,281,12,11,1,4,-1,0
244,-1,569,553,138,52,1,4,-1,1
244,-1,1376,536,17,47,1,1,-1,0
244,-1,1424,536,17,47,1,1,-1,0
244,-1,1666,279,13,12,1,4,-1,0
244,-1,1724,285,21,17,1,4,-1,0
244,-1,1783,851,103,130,1,5,-1,0
244,-1,1843,291,36,25,1,4,-1,0
244,-1,2132,292,50,37,1,5,-1,1
244,-1,1689,274,10,10,1,4,-1,0
244,-1,1866,297,31,22,1,4,-1,0
245,-1,317,553,131,53,1,4,-1,1
245,-1,1352,540,21,47,1,1,-1,0
245,-1,1380,536,17,47,1,1,-1,0
245,-1,1412,537,16,41,1,1,-1,0
245,-1,1428,537,17,47,1,1,-1,0
245,-1,1696,282,12,12,1,4,-1,0
245,-1,1784,857,106,130,1,5,-1,0
245,-1,1849,290,36,26,1,4,-1,0
245,-1,2128,292,50,36,1,5,-1,1
245,-1,1723,265,29,25,1,4,-1,0
245,-1,2154,309,27,19,1,5,-1,1
246,-1,555,552,137,52,1,4,-1,1
246,-1,1355,540,21,47,1,1,-1,0
246,-1,1384,536,17,47,1,1,-1,0
246,-1,1416,537,16,41,1,1,-1,0
246,-1,1472,771,141,118,1,4,-1,0
246,-1,1670,279,13,13,1,4,-1,0
246,-1,1698,282,12,13,1,4,-1,0
246,-1,1734,284,20,17,1,4,-1,0
246,-1,1787,863,109,130,1,5,-1,0
246,-1,1855,290,37,26,1,4,-1,0
246,-1,2125,292,50,36,1,5,-1,1
246,-1,1843,269,52,37,1,4,-1,0
246,-1,193,612,184,89,1,5,-1,1
247,-1,1,601,68,57,1,4,-1,0
247,-1,228,617,155,75,1,5,-1,2
247,-1,296,548,131,53,1,4,-1,1
247,-1,547,552,137,52,1,4,-1,1
247,-1,1359,541,21,47,1,1,-1,0
247,-1,1389,536,17,47,1,1,-1,0
247,-1,1480,779,142,118,1,4,-1,0
247,-1,1672,279,13,13,1,4,-1,0
247,-1,1700,282,12,13,1,4,-1,0
247,-1,1739,284,19,17,1,4,-1,0
247,-1,1790,870,112,130,1,5,-1,0
247,-1,1861,289,38,27,1,4,-1,0
247,-1,1736,300,28,25,1,4,-1,0
247,-1,1853,278,53,38,1,4,-1,0
247,-1,1368,524,21,46,1,1,-1,0
248,-1,0,600,129,65,1,4,-1,0
248,-1,268,617,155,75,1,5,-1,2
248,-1,299,546,131,53,1,4,-1,1
248,-1,553,549,131,52,1,4,-1,1
248,-1,1425,536,16,41,1,1,-1,0
248,-1,1439,539,17,47,1,1,-1,0
248,-1,1499,783,141,121,1,4,-1,0
248,-1,1703,282,12,14,1,4,-1,0
248,-1,1744,284,19,17,1,4,-1,0
248,-1,1867,289,39,28,1,4,-1,0
248,-1,2118,292,50,36,1,5,-1,1
248,-1,567,556,136,54,1,4,-1,1
248,-1,1759,804,171,203,1,5,-1,0
248,-1,28,632,67,34,1,4,-1,0
249,-1,303,545,131,53,1,4,-1,1
249,-1,560,546,125,52,1,4,-1,1
249,-1,1367,542,21,47,1,1,-1,0
249,-1,1430,536,16,41,1,1,-1,0
249,-1,1726,283,13,15,1,4,-1,0
249,-1,1767,285,20,17,1,4,-1,0
249,-1,1823,881,118,142,1,5,-1,0
249,-1,1893,291,39,28,1,4,-1,0
249,-1,2138,292,50,36,1,5,-1,1
249,-1,1822,869,131,158,1,5,-1,0
249,-1,1863,893,79,95,1,5,-1,0
249,-1,1791,275,10,9,1,4,-1,0
250,-1,318,543,131,53,1,4,-1,1
250,-1,361,625,155,75,1,5,-1,2
250,-1,1420,537,17,47,1,1,-1,0
250,-1,1451,539,17,41,1,1,-1,0
250,-1,1551,797,141,125,1,4,-1,0
250,-1,1749,284,14,16,1,4,-1,0
250,-1,1791,286,20,17,1,4,-1,0
250,-1,1851,893,118,142,1,5,-1,0
250,-1,1920,293,39,28,1,4,-1,0
250,-1,2158,292,51,36,1,5,-1,1
250,-1,1723,295,17,22,1,4,-1,0
250,-1,297,527,138,56,1,4,-1,1
250,-1,1391,554,17,47,1,1,-1,0
251,-1,50,634,44,80,1,1,-1,0
251,-1,98,596,161,64,1,4,-1,1
251,-1,334,542,131,53,1,4,-1,1
251,-1,1417,545,21,47,1,1,-1,0
251,-1,1443,539,17,47,1,1,-1,0
251,-1,1473,542,17,41,1,1,-1,0
251,-1,1494,542,17,47,1,1,-1,0
251,-1,1585,808,141,125,1,4,-1,0
251,-1,1772,285,15,18,1,4,-1,0
251,-1,1815,288,21,17,1,4,-1,0
251,-1,1947,296,39,28,1,4,-1,0
251,-1,2178,293,52,36,1,5,-1,1
251,-1,1532,764,206,183,1,4,-1,0
251,-1,1548,766,209,185,1,4,-1,0
251,-1,51,638,48,87,1,1,-1,0
252,-1,151,593,161,64,1,4,-1,1
252,-1,351,544,131,53,1,4,-1,1
252,-1,1770,282,13,17,1,4,-1,0
252,-1,1796,286,13,17,1,4,-1,0
252,-1,1842,289,20,17,1,4,-1,0
252,-1,1905,922,119,142,1,5,-1,0
252,-1,1975,294,39,29,1,4,-1,0
252,-1,1811,283,19,16,1,4,-1,0
252,-1,372,538,150,61,1,4,-1,1
252,-1,2004,282,23,17,1,4,-1,0
253,-1,107,631,44,80,1,1,-1,0
253,-1,354,542,131,53,1,4,-1,1
253,-1,606,545,125,53,1,4,-1,1
253,-1,1450,541,21,47,1,1,-1,0
253,-1,1480,540,17,47,1,1,-1,0
253,-1,1511,542,16,41,1,1,-1,0
253,-1,1526,540,17,47,1,1,-1,0
253,-1,1622,821,141,127,1,4,-1,0
253,-1,1820,287,12,17,1,4,-1,0
253,-1,1916,924,124,149,1,5,-1,0
253,-1,2004,293,39,29,1,4,-1,0
253,-1,2219,293,52,34,1,5,-1,1
253,-1,1880,281,29,24,1,4,-1,0
253,-1,1467,527,14,38,1,1,-1,0
253,-1,1552,549,8,21,1,1,-1,0
254,-1,203,596,161,64,1,4,-1,1
254,-1,357,541,131,53,1,4,-1,1
254,-1,504,622,155,76,1,5,-1,2
254,-1,1459,543,21,47,1,1,-1,0
254,-1,1492,541,17,47,1,1,-1,0
254,-1,1538,542,17,47,1,1,-1,0
254,-1,1638,828,141,129,1,4,-1,0
254,-1,1798,283,12,17,1,4,-1,0
254,-1,1831,288,13,17,1,4,-1,0
254,-1,1877,291,18,16,1,4,-1,0
254,-1,1504,562,19,51,1,1,-1,0
254,-1,2023,319,59,43,1,4,-1,0
254,-1,1829,295,14,19,1,4,-1,0
255,-1,116,622,44,80,1,1,-1,0
255,-1,216,596,161,64,1,4,-1,1
255,-1,344,539,131,53,1,4,-1,1
255,-1,524,623,155,76,1,5,-1,2
255,-1,1492,540,17,47,1,1,-1,0
255,-1,1523,542,15,40,1,1,-1,0
255,-1,1879,290,18,17,1,4,-1,0
255,-1,2019,301,41,31,1,4,-1,0
255,-1,1537,534,24,67,1,1,-1,0
255,-1,1865,282,23,22,1,4,-1,0
255,-1,250,584,101,40,1,4,-1,1
256,-1,117,622,44,80,1,1,-1,0
256,-1,545,625,155,76,1,5,-1,2
256,-1,583,540,125,53,1,4,-1,1
256,-1,1537,541,17,47,1,1,-1,0
256,-1,1647,838,136,134,1,4,-1,0
256,-1,1799,282,13,18,1,4,-1,0
256,-1,1831,284,14,17,1,4,-1,0
256,-1,1881,290,19,17,1,4,-1,0
256,-1,1932,943,131,159,1,5,-1,0
256,-1,2022,300,42,31,1,4,-1,0
256,-1,2214,294,51,35,1,5,-1,1
256,-1,170,585,241,96,1,4,-1,1
256,-1,1885,895,186,226,1,5,-1,0
256,-1,80,625,61,111,1,1,-1,0
257,-1,244,596,161,64,1,4,-1,1
257,-1,319,536,131,53,1,4,-1,1
257,-1,565,626,155,76,1,5,-1,2
257,-1,572,538,125,53,1,4,-1,1
257,-1,1460,542,21,47,1,1,-1,0
257,-1,1492,540,17,47,1,1,-1,0
257,-1,1524,542,15,40,1,1,-1,0
257,-1,1537,541,17,47,1,1,-1,0
257,-1,1800,282,14,19,1,4,-1,0
257,-1,1832,283,14,17,1,4,-1,0
257,-1,1884,290,19,17,1,4,-1,0
257,-1,1934,951,132,160,1,5,-1,0
257,-1,2025,299,43,31,1,4,-1,0
257,-1,2209,295,50,35,1,5,-1,1
257,-1,1494,544,17,48,1,1,-1,0
257,-1,1653,804,157,161,1,4,-1,0
257,-1,135,627,47,86,1,1,-1,0
258,-1,258,596,161,64,1,4,-1,1
258,-1,307,535,131,53,1,4,-1,1
258,-1,1492,540,17,47,1,1,-1,0
258,-1,1536,540,17,47,1,1,-1,0
258,-1,1656,849,132,139,1,4,-1,0
258,-1,1833,283,14,17,1,4,-1,0
258,-1,1937,960,133,161,1,5,-1,0
258,-1,2030,299,43,31,1,4,-1,0
258,-1,1552,568,10,28,1,1,-1,0
258,-1,1795,309,9,12,1,4,-1,0
258,-1,1919,955,114,138,1,5,-1,0
259,-1,119,622,44,80,1,1,-1,0
259,-1,295,534,131,53,1,4,-1,1
259,-1,550,536,125,53,1,4,-1,1
259,-1,1461,541,21,47,1,1,-1,0
259,-1,1525,541,15,40,1,1,-1,0
259,-1,1660,856,132,140,1,4,-1,0
259,-1,1802,281,14,19,1,4,-1,0
259,-1,1835,283,13,17,1,4,-1,0
259,-1,1940,968,134,163,1,5,-1,0
259,-1,2201,292,50,35,1,5,-1,1
259,-1,287,583,174,69,1,4,-1,1
259,-1,1490,546,22,61,1,1,-1,0
259,-1,2180,283,74,52,1,5,-1,1
260,-1,119,622,44,80,1,1,-1,0
260,-1,283,533,131,53,1,4,-1,1
260,-1,289,598,161,65,1,4,-1,1
260,-1,539,536,125,53,1,4,-1,1
260,-1,627,628,155,76,1,5,-1,2
260,-1,1462,541,21,47,1,1,-1,0
260,-1,1525,541,15,40,1,1,-1,0
260,-1,1536,540,17,47,1,1,-1,0
260,-1,1803,280,14,19,1,4,-1,0
260,-1,1943,976,136,165,1,5,-1,0
260,-1,2041,299,42,31,1,4,-1,0
260,-1,2198,290,50,36,1,5,-1,1
260,-1,1827,274,18,22,1,4,-1,0
260,-1,1934,985,117,142,1,5,-1,0
260,-1,272,609,189,76,1,4,-1,1
261,-1,120,622,44,80,1,1,-1,0
261,-1,271,532,131,53,1,4,-1,1
261,-1,304,599,161,65,1,4,-1,1
261,-1,527,536,125,53,1,4,-1,1
261,-1,648,628,155,76,1,5,-1,2
261,-1,1462,541,21,47,1,1,-1,0
261,-1,1492,540,17,47,1,1,-1,0
261,-1,1526,540,15,41,1,1,-1,0
261,-1,1670,870,130,142,1,4,-1,0
261,-1,1838,283,13,17,1,4,-1,0
261,-1,1894,287,22,19,1,4,-1,0
261,-1,1946,984,137,167,1,5,-1,0
261,-1,2194,289,50,36,1,5,-1,1
261,-1,112,643,25,45,1,1,-1,0
261,-1,2182,297,45,33,1,5,-1,1
261,-1,1484,540,26,57,1,1,-1,0
262,-1,259,532,131,53,1,4,-1,1
262,-1,320,601,161,65,1,4,-1,2
262,-1,516,536,125,53,1,4,-1,1
262,-1,669,628,155,76,1,5,-1,2
262,-1,1463,541,21,47,1,1,-1,0
262,-1,1675,877,130,144,1,4,-1,0
262,-1,1805,279,14,20,1,4,-1,0
262,-1,1839,283,13,17,1,4,-1,0
262,-1,1949,993,139,168,1,5,-1,0
262,-1,2051,299,43,31,1,4,-1,0
262,-1,2190,288,50,35,1,5,-1,1
262,-1,1540,544,24,66,1,1,-1,0
262,-1,1884,315,13,12,1,4,-1,0
262,-1,1479,544,12,34,1,1,-1,0
263,-1,121,622,44,80,1,1,-1,0
263,-1,250,531,131,53,1,4,-1,1
263,-1,508,535,125,53,1,4,-1,1
263,-1,691,628,155,76,1,5,-1,2
263,-1,1464,541,21,47,1,1,-1,0
263,-1,1493,540,17,47,1,1,-1,0
263,-1,1535,539,17,47,1,1,-1,0
263,-1,1681,886,130,148,1,4,-1,0
263,-1,1806,279,14,19,1,4,-1,0
263,-1,1899,286,24,19,1,4,-1,0
263,-1,1955,1003,142,173,1,5,-1,0
263,-1,2057,299,42,31,1,4,-1,0
263,-1,2187,286,50,36,1,5,-1,1
263,-1,142,636,31,57,1,1,-1,0
263,-1,249,516,138,56,1,4,-1,1
263,-1,1946,1000,143,174,1,5,-1,0
264,-1,122,622,44,80,1,1,-1,0
264,-1,242,530,131,53,1,4,-1,1
264,-1,500,534,125,53,1,4,-1,1
264,-1,713,628,155,76,1,5,-1,2
264,-1,1469,540,21,47,1,1,-1,0
264,-1,1530,540,15,40,1,1,-1,0
264,-1,1807,278,14,20,1,4,-1,0
264,-1,1842,283,13,17,1,4,-1,0
264,-1,1902,285,24,20,1,4,-1,0
264,-1,1961,1013,145,179,1,5,-1,0
264,-1,2062,299,42,31,1,4,-1,0
264,-1,2183,285,50,36,1,5,-1,1
264,-1,2181,279,50,36,1,5,-1,1
264,-1,1529,546,24,66,1,1,-1,0
264,-1,1485,536,17,38,1,1,-1,0
265,-1,126,622,44,80,1,1,-1,0
265,-1,233,529,131,53,1,4,-1,1
265,-1,375,601,153,65,1,4,-1,2
265,-1,492,534,125,53,1,4,-1,1
265,-1,735,628,155,76,1,5,-1,2
265,-1,1502,539,17,47,1,1,-1,0
265,-1,1534,540,15,40,1,1,-1,0
265,-1,1546,541,17,47,1,1,-1,0
265,-1,1809,278,13,20,1,4,-1,0
265,-1,1905,285,25,20,1,4,-1,0
265,-1,1967,1023,148,185,1,5,-1,0
265,-1,2068,299,42,31,1,4,-1,0
265,-1,1541,552,16,43,1,1,-1,0
265,-1,1828,301,11,17,1,4,-1,0
265,-1,2088,302,22,16,1,4,-1,0
266,-1,131,622,44,80,1,1,-1,0
266,-1,225,528,131,53,1,4,-1,1
266,-1,484,533,125,53,1,4,-1,1
266,-1,757,628,155,76,1,5,-1,2
266,-1,1479,538,21,47,1,1,-1,0
266,-1,1537,540,15,40,1,1,-1,0
266,-1,1552,542,17,47,1,1,-1,0
266,-1,1700,914,131,161,1,4,-1,0
266,-1,1848,282,13,18,1,4,-1,0
266,-1,1910,285,25,20,1,4,-1,0
266,-1,1973,1033,151,191,1,5,-1,0
266,-1,2076,299,43,32,1,4,-1,0
266,-1,1558,536,19,53,1,1,-1,0
266,-1,392,584,161,69,1,4,-1,2
266,-1,2174,286,29,22,1,5,-1,1
267,-1,140,622,44,80,1,1,-1,0
267,-1,412,601,148,65,1,4,-1,2
267,-1,476,533,125,53,1,4,-1,1
267,-1,780,629,155,76,1,5,-1,2
267,-1,1484,538,21,47,1,1,-1,0
267,-1,1707,924,131,165,1,4,-1,0
267,-1,1915,286,25,20,1,4,-1,0
267,-1,1979,1044,154,196,1,5,-1,0
267,-1,2085,299,44,33,1,4,-1,0
267,-1,2181,282,46,36,1,5,-1,1
267,-1,1553,559,12,32,1,1,-1,0
267,-1,469,553,77,33,1,4,-1,1
267,-1,767,590,213,104,1,5,-1,2
268,-1,146,622,44,80,1,1,-1,0
268,-1,427,604,148,65,1,4,-1,2
268,-1,799,630,155,76,1,5,-1,2
268,-1,1492,539,21,47,1,1,-1,0
268,-1,1519,538,17,47,1,1,-1,0
268,-1,1563,537,17,47,1,1,-1,0
268,-1,1708,934,131,168,1,4,-1,0
268,-1,1920,286,25,20,1,4,-1,0
268,-1,1990,1056,157,201,1,5,-1,0
268,-1,2093,299,46,34,1,4,-1,0
268,-1,1826,270,9,14,1,4,-1,0
268,-1,2194,284,44,37,1,5,-1,1
268,-1,795,677,156,76,1,5,-1,2
269,-1,152,622,44,80,1,1,-1,0
269,-1,199,523,131,53,1,4,-1,0
269,-1,456,529,125,53,1,4,-1,1
269,-1,818,631,155,77,1,5,-1,2
269,-1,1493,538,21,47,1,1,-1,0
269,-1,1519,538,17,47,1,1,-1,0
269,-1,1564,537,17,47,1,1,-1,0
269,-1,1710,945,131,171,1,4,-1,0
269,-1,1860,279,13,18,1,4,-1,0
269,-1,1925,287,26,20,1,4,-1,0
269,-1,2001,1069,161,205,1,5,-1,0
269,-1,2102,299,46,35,1,4,-1,0
269,-1,2183,281,41,36,1,5,-1,1
269,-1,1581,533,22,58,1,1,-1,0
269,-1,2024,1137,112,143,1,5,-1,0
269,-1,1563,531,15,42,1,1,-1,0
270,-1,189,521,131,53,1,4,-1,0
270,-1,446,527,125,53,1,4,-1,1
270,-1,457,611,148,65,1,4,-1,2
270,-1,837,633,155,76,1,5,-1,2
270,-1,1494,537,21,47,1,1,-1,0
270,-1,1520,538,17,47,1,1,-1,0
270,-1,1550,539,15,39,1,1,-1,0
270,-1,1565,537,17,47,1,1,-1,0
270,-1,1825,279,13,20,1,4,-1,0
270,-1,1701,960,127,169,1,4,-1,0
270,-1,1564,522,11,30,1,1,-1,0
270,-1,1712,982,88,117,1,4,-1,0
271,-1,180,519,131,53,1,4,-1,0
271,-1,1495,536,22,47,1,1,-1,0
271,-1,1520,538,17,47,1,1,-1,0
271,-1,1714,966,130,177,1,4,-1,0
271,-1,1828,279,13,20,1,4,-1,0
271,-1,1935,288,26,20,1,4,-1,0
271,-1,2119,299,49,37,1,4,-1,0
271,-1,2185,280,36,36,1,5,-1,1
271,-1,1561,530,25,68,1,1,-1,0
271,-1,141,610,58,106,1,1,-1,0
271,-1,1576,552,15,41,1,1,-1,0
272,-1,155,622,44,80,1,1,-1,0
272,-1,171,517,131,53,1,4,-1,0
272,-1,1496,535,22,47,1,1,-1,0
272,-1,1553,537,15,40,1,1,-1,0
272,-1,1716,976,130,180,1,4,-1,0
272,-1,1832,280,13,20,1,4,-1,0
272,-1,1872,276,13,18,1,4,-1,0
272,-1,1941,289,26,20,1,4,-1,0
272,-1,2011,1106,169,217,1,5,-1,0
272,-1,1507,537,15,43,1,1,-1,0
272,-1,346,503,168,71,1,4,-1,1
272,-1,1946,306,22,17,1,4,-1,0
273,-1,154,621,44,80,1,1,-1,0
273,-1,416,521,125,53,1,4,-1,1
273,-1,502,621,148,65,1,4,-1,2
273,-1,894,637,155,77,1,5,-1,2
273,-1,1522,538,17,47,1,1,-1,0
273,-1,1555,537,15,40,1,1,-1,0
273,-1,1568,538,17,47,1,1,-1,0
273,-1,1718,987,130,183,1,4,-1,0
273,-1,1872,275,13,18,1,4,-1,0
273,-1,2015,1119,171,221,1,5,-1,0
273,-1,2135,301,51,37,1,4,-1,0
273,-1,1941,283,31,23,1,4,-1,0
273,-1,2096,320,68,49,1,4,-1,0
273,-1,1826,275,14,20,1,4,-1,0
274,-1,145,517,131,53,1,4,-1,0
274,-1,406,520,124,49,1,4,-1,1
274,-1,531,616,148,65,1,4,-1,2
274,-1,913,636,155,77,1,5,-1,2
274,-1,1522,537,17,47,1,1,-1,0
274,-1,1568,537,17,47,1,1,-1,0
274,-1,1718,999,131,189,1,4,-1,0
274,-1,1831,279,14,20,1,4,-1,0
274,-1,1873,275,13,17,1,4,-1,0
274,-1,2022,1135,172,224,1,5,-1,0
274,-1,2143,302,51,37,1,4,-1,0
274,-1,2179,278,34,36,1,5,-1,1
274,-1,100,504,184,74,1,4,-1,0
274,-1,1513,575,10,28,1,1,-1,0
274,-1,483,588,201,88,1,4,-1,2
275,-1,132,514,131,53,1,4,-1,0
275,-1,154,620,44,80,1,1,-1,0
275,-1,396,520,123,45,1,4,-1,1
275,-1,932,636,155,77,1,5,-1,2
275,-1,1522,536,17,47,1,1,-1,0
275,-1,1568,536,17,47,1,1,-1,0
275,-1,1719,1011,131,195,1,4,-1,0
275,-1,1831,278,14,20,1,4,-1,0
275,-1,1874,274,13,18,1,4,-1,0
275,-1,2151,303,51,37,1,4,-1,0
275,-1,412,509,105,38,1,4,-1,1
275,-1,1845,292,17,24,1,4,-1,0
275,-1,2144,292,68,49,1,4,-1,0
276,-1,122,514,131,53,1,4,-1,0
276,-1,154,620,44,80,1,1,-1,0
276,-1,383,519,123,45,1,4,-1,1
276,-1,576,612,148,65,1,4,-1,2
276,-1,1554,534,15,40,1,1,-1,0
276,-1,1568,535,17,47,1,1,-1,0
276,-1,1719,1025,135,199,1,4,-1,0
276,-1,1831,278,14,20,1,4,-1,0
276,-1,1874,274,14,17,1,4,-1,0
276,-1,1952,287,30,21,1,4,-1,0
276,-1,2172,276,34,36,1,5,-1,1
276,-1,2140,296,25,26,1,5,-1,1
276,-1,1830,250,16,23,1,4,-1,0
276,-1,2050,1192,169,223,1,5,-1,0
277,-1,112,514,131,53,1,4,-1,0
277,-1,153,619,44,80,1,1,-1,0
277,-1,370,519,124,45,1,4,-1,1
277,-1,593,612,148,65,1,4,-1,2
277,-1,957,636,155,77,1,5,-1,2
277,-1,1497,533,23,47,1,1,-1,0
277,-1,1523,535,17,47,1,1,-1,0
277,-1,1554,534,14,39,1,1,-1,0
277,-1,1719,1039,139,204,1,4,-1,0
277,-1,1875,273,14,18,1,4,-1,0
277,-1,1955,287,31,21,1,4,-1,0
277,-1,2034,1180,185,243,1,5,-1,0
277,-1,2167,305,52,37,1,4,-1,0
277,-1,2169,275,34,36,1,5,-1,1
277,-1,1500,539,22,46,1,1,-1,0
277,-1,156,638,35,63,1,1,-1,0
277,-1,159,510,85,34,1,4,-1,0
278,-1,358,519,124,45,1,4,-1,1
278,-1,610,612,148,65,1,4,-1,2
278,-1,970,637,155,77,1,5,-1,2
278,-1,1497,533,23,47,1,1,-1,0
278,-1,1523,534,17,47,1,1,-1,0
278,-1,1554,533,14,40,1,1,-1,0
278,-1,1719,1053,143,209,1,4,-1,0
278,-1,1830,277,16,20,1,4,-1,0
278,-1,1958,287,32,21,1,4,-1,0
278,-1,2166,275,34,36,1,5,-1,1
278,-1,2175,306,52,37,1,4,-1,0
278,-1,574,621,173,76,1,4,-1,2
278,-1,1581,568,12,34,1,1,-1,0
278,-1,1491,542,20,41,1,1,-1,0
279,-1,0,574,122,58,1,4,-1,0
279,-1,89,512,131,51,1,4,-1,0
279,-1,153,618,44,80,1,1,-1,0
279,-1,347,517,125,45,1,4,-1,1
279,-1,618,612,151,65,1,4,-1,2
279,-1,990,637,155,77,1,5,-1,2
279,-1,1497,532,23,47,1,1,-1,0
279,-1,1523,533,17,47,1,1,-1,0
279,-1,1554,532,14,40,1,1,-1,0
279,-1,1718,1069,145,216,1,4,-1,0
279,-1,1876,272,15,18,1,4,-1,0
279,-1,1961,286,32,22,1,4,-1,0
279,-1,2044,1213,193,253,1,5,-1,0
279,-1,2162,274,34,36,1,5,-1,1
279,-1,989,623,147,73,1,5,-1,2
279,-1,1814,293,11,14,1,4,-1,0
279,-1,1856,268,14,17,1,4,-1,0
280,-1,1,573,138,58,1,4,-1,0
280,-1,76,510,131,50,1,4,-1,0
280,-1,153,618,44,80,1,1,-1,0
280,-1,627,613,153,65,1,4,-1,2
280,-1,1010,637,155,77,1,5,-1,2
280,-1,1497,532,23,47,1,1,-1,0
280,-1,1554,532,14,39,1,1,-1,0
280,-1,1830,276,16,20,1,4,-1,0
280,-1,2051,1232,195,255,1,5,-1,0
280,-1,2159,273,34,36,1,5,-1,1
280,-1,2190,308,54,37,1,4,-1,0
280,-1,1518,537,31,63,1,1,-1,0
280,-1,1481,527,22,45,1,1,-1,0
280,-1,1711,1024,200,304,1,4,-1,0
281,-1,2,573,154,57,1,4,-1,0
281,-1,152,617,44,80,1,1,-1,0
281,-1,636,614,156,65,1,4,-1,2
281,-1,1030,637,155,77,1,5,-1,2
281,-1,1497,531,23,47,1,1,-1,0
281,-1,1524,532,17,47,1,1,-1,0
281,-1,1553,531,14,39,1,1,-1,0
281,-1,1568,532,17,47,1,1,-1,0
281,-1,1830,275,16,20,1,4,-1,0
281,-1,1878,271,15,18,1,4,-1,0
281,-1,1967,286,34,22,1,4,-1,0
281,-1,2059,1251,196,257,1,5,-1,0
281,-1,2156,272,34,36,1,5,-1,1
281,-1,2071,1242,221,290,1,5,-1,0
281,-1,1507,513,12,34,1,1,-1,0
281,-1,1968,278,31,20,1,4,-1,0
282,-1,20,573,154,57,1,4,-1,0
282,-1,53,508,130,48,1,4,-1,0
282,-1,152,617,44,80,1,1,-1,0
282,-1,315,513,125,45,1,4,-1,1
282,-1,1046,638,155,77,1,5,-1,2
282,-1,1497,531,23,47,1,1,-1,0
282,-1,1718,1119,151,238,1,4,-1,0
282,-1,1829,275,17,20,1,4,-1,0
282,-1,1878,271,16,17,1,4,-1,0
282,-1,2063,1270,202,236,1,5,-1,0
282,-1,2152,271,34,36,1,5,-1,1
282,-1,2206,310,54,38,1,4,-1,0
282,-1,1564,530,16,44,1,1,-1,0
282,-1,1956,276,32,21,1,4,-1,0
282,-1,1691,1086,182,287,1,4,-1,0
283,-1,38,574,154,57,1,4,-1,0
283,-1,152,616,44,80,1,1,-1,0
283,-1,303,511,125,45,1,4,-1,1
283,-1,665,616,156,65,1,4,-1,2
283,-1,1497,531,23,47,1,1,-1,0
283,-1,1718,1137,154,246,1,4,-1,0
283,-1,1829,274,17,20,1,4,-1,0
283,-1,2149,270,34,36,1,5,-1,1
283,-1,1053,644,178,88,1,5,-1,2
283,-1,1501,523,26,54,1,1,-1,0
283,-1,1471,552,22,44,1,1,-1,0
284,-1,33,508,126,47,1,4,-1,0
284,-1,56,574,154,57,1,4,-1,0
284,-1,152,616,44,80,1,1,-1,0
284,-1,291,509,125,45,1,4,-1,1
284,-1,680,617,156,65,1,4,-1,2
284,-1,1078,640,155,77,1,5,-1,2
284,-1,1497,530,23,47,1,1,-1,0
284,-1,1553,529,13,39,1,1,-1,0
284,-1,1718,1155,157,254,1,4,-1,0
284,-1,1976,285,37,23,1,4,-1,0
284,-1,2146,270,34,36,1,5,-1,1
284,-1,2213,277,70,48,1,4,-1,0
284,-1,99,573,108,40,1,4,-1,0
284,-1,689,630,113,47,1,4,-1,2
285,-1,279,508,125,45,1,4,-1,1
285,-1,695,618,156,65,1,4,-1,2
285,-1,1095,641,155,77,1,5,-1,2
285,-1,1525,529,17,47,1,1,-1,0
285,-1,1880,269,17,17,1,4,-1,0
285,-1,1979,284,37,24,1,4,-1,0
285,-1,2229,313,56,38,1,4,-1,0
285,-1,1956,302,23,15,1,4,-1,0
285,-1,106,583,113,42,1,4,-1,0
285,-1,2220,295,70,47,1,4,-1,0
286,-1,12,509,124,46,1,4,-1,0
286,-1,90,576,154,58,1,4,-1,0
286,-1,152,617,44,80,1,1,-1,0
286,-1,709,619,156,65,1,4,-1,2
286,-1,1497,530,23,47,1,1,-1,0
286,-1,1525,528,17,47,1,1,-1,0
286,-1,1553,527,13,40,1,1,-1,0
286,-1,1568,528,17,47,1,1,-1,0
286,-1,1718,1197,168,273,1,4,-1,0
286,-1,1982,284,38,24,1,4,-1,0
286,-1,2237,314,56,38,1,4,-1,0
286,-1,1515,513,22,62,1,1,-1,0
286,-1,1689,1135,238,387,1,4,-1,0
286,-1,95,563,157,59,1,4,-1,0
287,-1,0,509,125,46,1,4,-1,0
287,-1,106,578,154,58,1,4,-1,0
287,-1,152,618,44,80,1,1,-1,0
287,-1,255,507,125,45,1,4,-1,1
287,-1,1526,528,17,47,1,1,-1,0
287,-1,1718,1221,177,285,1,4,-1,0
287,-1,1882,268,17,17,1,4,-1,0
287,-1,1985,284,39,24,1,4,-1,0
287,-1,2136,267,34,36,1,5,-1,1
287,-1,2245,315,57,38,1,4,-1,0
287,-1,1733,1248,141,227,1,4,-1,0
287,-1,10,507,114,42,1,4,-1,0
287,-1,42,541,67,25,1,4,-1,0
288,-1,123,579,154,59,1,4,-1,0
288,-1,243,506,125,45,1,4,-1,1
288,-1,1141,646,155,77,1,5,-1,2
288,-1,1497,529,23,47,1,1,-1,0
288,-1,1526,527,17,47,1,1,-1,0
288,-1,1552,526,13,39,1,1,-1,0
288,-1,1828,272,19,20,1,4,-1,0
288,-1,1988,283,40,25,1,4,-1,0
288,-1,2132,266,34,36,1,5,-1,1
288,-1,1575,528,9,25,1,1,-1,0
288,-1,742,617,188,78,1,4,-1,2
288,-1,1813,266,11,11,1,4,-1,0
289,-1,0,507,99,46,1,4,-1,0
289,-1,140,581,154,59,1,4,-1,0
289,-1,231,505,125,45,1,4,-1,1
289,-1,763,623,156,65,1,4,-1,2
289,-1,1497,528,23,47,1,1,-1,0
289,-1,1526,526,17,47,1,1,-1,0
289,-1,1552,525,13,39,1,1,-1,0
289,-1,1568,526,17,47,1,1,-1,0
289,-1,1720,1272,177,237,1,4,-1,0
289,-1,1828,271,19,20,1,4,-1,0
289,-1,1991,283,41,25,1,4,-1,0
289,-1,2129,265,34,36,1,5,-1,1
289,-1,2261,317,57,38,1,4,-1,0
289,-1,145,580,101,39,1,4,-1,0
289,-1,173,602,46,84,1,1,-1,0
289,-1,1867,219,20,19,1,4,-1,0
290,-1,152,621,44,80,1,1,-1,0
290,-1,219,504,125,45,1,4,-1,1
290,-1,783,625,156,65,1,4,-1,2
290,-1,1165,646,155,77,1,5,-1,2
290,-1,1568,525,17,47,1,1,-1,0
290,-1,1722,1298,177,213,1,4,-1,0
290,-1,1828,271,20,20,1,4,-1,0
290,-1,1884,267,18,17,1,4,-1,0
290,-1,1994,283,42,25,1,4,-1,0
290,-1,2126,265,34,36,1,5,-1,1
290,-1,2269,318,58,39,1,4,-1,0
290,-1,1678,1280,245,295,1,4,-1,0
290,-1,191,478,162,58,1,4,-1,1
290,-1,1850,271,20,20,1,4,-1,0
291,-1,175,583,154,59,1,4,-1,0
291,-1,205,505,125,45,1,4,-1,1
291,-1,1527,525,17,47,1,1,-1,0
291,-1,1552,524,12,39,1,1,-1,0
291,-1,1720,1328,177,182,1,4,-1,0
291,-1,1829,270,20,20,1,4,-1,0
291,-1,1885,266,18,17,1,4,-1,0
291,-1,1998,283,43,25,1,4,-1,0
291,-1,2278,319,61,40,1,4,-1,0
291,-1,166,549,166,64,1,4,-1,0
291,-1,129,592,60,110,1,1,-1,0
291,-1,1688,1325,222,229,1,4,-1,0
292,-1,152,623,44,80,1,1,-1,0
292,-1,191,506,125,46,1,4,-1,0
292,-1,823,628,156,65,1,4,-1,2
292,-1,1189,646,155,77,1,5,-1,2
292,-1,1497,527,23,47,1,1,-1,0
292,-1,1527,524,17,47,1,1,-1,0
292,-1,1552,523,12,39,1,1,-1,0
292,-1,1568,524,17,47,1,1,-1,0
292,-1,2003,284,43,25,1,4,-1,0
292,-1,2288,320,64,42,1,4,-1,0
292,-1,2136,260,21,23,1,5,-1,1
292,-1,174,512,73,27,1,4,-1,0
293,-1,153,623,44,80,1,1,-1,0
293,-1,180,503,125,46,1,4,-1,0
293,-1,210,586,154,59,1,4,-1,1
293,-1,1207,648,155,77,1,5,-1,2
293,-1,1497,527,23,47,1,1,-1,0
293,-1,1527,523,17,47,1,1,-1,0
293,-1,1832,269,20,20,1,4,-1,0
293,-1,1889,266,18,17,1,4,-1,0
293,-1,2007,285,44,24,1,4,-1,0
293,-1,2118,265,34,36,1,5,-1,1
293,-1,2298,322,66,43,1,4,-1,0
293,-1,1481,538,28,57,1,1,-1,0
293,-1,851,633,156,65,1,4,-1,2
294,-1,169,500,125,46,1,4,-1,0
294,-1,227,589,154,59,1,4,-1,1
294,-1,879,640,156,65,1,4,-1,2
294,-1,1226,651,155,77,1,5,-1,2
294,-1,1497,527,23,47,1,1,-1,0
294,-1,1552,522,12,39,1,1,-1,0
294,-1,1834,269,20,20,1,4,-1,0
294,-1,1890,266,18,17,1,4,-1,0
294,-1,2012,286,45,24,1,4,-1,0
294,-1,2308,323,69,45,1,4,-1,0
294,-1,1169,650,186,92,1,5,-1,2
294,-1,1913,259,20,19,1,4,-1,0
295,-1,244,587,154,59,1,4,-1,1
295,-1,1496,527,23,47,1,1,-1,0
295,-1,1568,523,17,47,1,1,-1,0
295,-1,1836,268,20,20,1,4,-1,0
295,-1,1892,266,18,17,1,4,-1,0
295,-1,2017,287,45,24,1,4,-1,0
295,-1,1532,541,7,21,1,1,-1,0
295,-1,1800,269,18,18,1,4,-1,0
296,-1,146,498,125,46,1,4,-1,0
296,-1,153,626,44,80,1,1,-1,0
296,-1,893,640,156,65,1,4,-1,2
296,-1,1496,527,23,47,1,1,-1,0
296,-1,1526,523,17,47,1,1,-1,0
296,-1,1568,523,17,47,1,1,-1,0
296,-1,1837,268,20,20,1,4,-1,0
296,-1,2021,287,46,24,1,4,-1,0
296,-1,2328,326,74,47,1,4,-1,0
296,-1,1563,508,9,26,1,1,-1,0
296,-1,1813,256,27,27,1,4,-1,0
297,-1,153,627,44,80,1,1,-1,0
297,-1,901,640,156,65,1,4,-1,2
297,-1,1495,527,23,47,1,1,-1,0
297,-1,1526,523,17,47,1,1,-1,0
297,-1,1568,523,17,47,1,1,-1,0
297,-1,1895,266,18,17,1,4,-1,0
297,-1,2026,288,47,24,1,4,-1,0
297,-1,2109,266,34,36,1,5,-1,1
297,-1,1543,509,9,25,1,1,-1,0
297,-1,151,638,35,63,1,1,-1,0
298,-1,122,497,125,46,1,4,-1,0
298,-1,153,628,44,80,1,1,-1,0
298,-1,294,587,154,59,1,4,-1,0
298,-1,919,644,156,65,1,4,-1,2
298,-1,1495,527,23,47,1,1,-1,0
298,-1,1525,523,17,47,1,1,-1,0
298,-1,1897,266,18,17,1,4,-1,0
298,-1,2106,266,34,36,1,5,-1,1
298,-1,2348,329,79,50,1,4,-1,0
298,-1,181,643,28,50,1,1,-1,0
298,-1,342,607,85,33,1,4,-1,0
299,-1,311,590,154,59,1,4,-1,0
299,-1,937,648,156,65,1,4,-1,2
299,-1,1301,656,155,77,1,5,-1,1
299,-1,1525,523,17,47,1,1,-1,0
299,-1,1546,522,15,39,1,1,-1,0
299,-1,1568,524,17,47,1,1,-1,0
299,-1,1842,266,20,20,1,4,-1,0
299,-1,1899,266,18,17,1,4,-1,0
299,-1,2035,290,48,23,1,4,-1,0
299,-1,2104,266,34,36,1,5,-1,1
299,-1,2364,351,54,34,1,4,-1,0
299,-1,1548,539,9,25,1,1,-1,0
300,-1,98,497,125,47,1,4,-1,0
300,-1,153,630,44,80,1,1,-1,0
300,-1,327,591,154,59,1,4,-1,0
300,-1,945,651,156,65,1,4,-1,2
300,-1,1315,657,155,83,1,5,-1,1
300,-1,1494,527,23,47,1,1,-1,0
300,-1,1524,523,17,47,1,1,-1,0
300,-1,1568,524,17,47,1,1,-1,0
300,-1,1844,266,20,20,1,4,-1,0
300,-1,1901,266,18,17,1,4,-1,0
300,-1,2040,291,49,23,1,4,-1,0
300,-1,2368,332,85,53,1,4,-1,0
300,-1,2107,256,41,43,1,5,-1,2
300,-1,1476,578,12,25,1,1,-1,0
301,-1,87,498,125,47,1,4,-1,0
301,-1,344,592,154,59,1,4,-1,2
301,-1,953,654,156,65,1,4,-1,2
301,-1,1330,658,154,89,1,5,-1,1
301,-1,1494,527,23,47,1,1,-1,0
301,-1,1542,541,16,29,1,1,-1,0
301,-1,1544,522,16,39,1,1,-1,0
301,-1,1569,525,17,47,1,1,-1,0
301,-1,1903,268,18,17,1,4,-1,0
301,-1,2046,294,49,23,1,4,-1,0
301,-1,2098,267,34,36,1,5,-1,2
301,-1,2382,338,89,53,1,4,-1,0
301,-1,49,505,144,54,1,4,-1,0
301,-1,1551,497,19,53,1,1,-1,0
301,-1,1538,554,20,37,1,1,-1,0
302,-1,77,497,123,45,1,4,-1,0
302,-1,163,621,35,63,1,1,-1,1
302,-1,371,592,142,64,1,4,-1,2
302,-1,1343,661,153,90,1,5,-1,1
302,-1,1494,541,21,47,1,1,-1,0
302,-1,1541,556,16,29,1,1,-1,0
302,-1,1568,538,17,48,1,1,-1,0
302,-1,1902,272,20,19,1,4,-1,0
302,-1,2048,293,53,30,1,4,-1,0
302,-1,2094,268,31,29,1,5,-1,2
302,-1,932,635,206,86,1,4,-1,2
302,-1,2102,257,31,29,1,5,-1,2
302,-1,1911,300,10,10,1,4,-1,0
303,-1,67,496,122,44,1,4,-1,0
303,-1,160,623,33,63,1,1,-1,1
303,-1,969,661,156,65,1,4,-1,2
303,-1,1357,665,151,90,1,5,-1,1
303,-1,1495,555,19,48,1,1,-1,0
303,-1,1522,554,18,46,1,1,-1,0
303,-1,1540,550,16,41,1,1,-1,0
303,-1,1541,572,16,29,1,1,-1,0
303,-1,1567,552,18,49,1,1,-1,0
303,-1,2090,269,28,23,1,5,-1,2
303,-1,2036,313,31,19,1,4,-1,0
303,-1,136,618,39,75,1,1,-1,1
303,-1,2115,254,27,22,1,5,-1,2
304,-1,54,516,122,44,1,4,-1,0
304,-1,399,612,140,66,1,4,-1,2
304,-1,1366,686,151,90,1,5,-1,1
304,-1,1495,569,17,48,1,1,-1,0
304,-1,1521,569,18,46,1,1,-1,0
304,-1,1540,587,16,29,1,1,-1,0
304,-1,1566,565,19,51,1,1,-1,0
304,-1,1841,296,17,15,1,4,-1,1
304,-1,1901,282,25,23,1,4,-1,0
304,-1,2057,309,53,37,1,4,-1,0
304,-1,2421,371,98,57,1,4,-1,0
304,-1,1386,694,116,69,1,5,-1,1
304,-1,1000,692,115,48,1,4,-1,2
304,-1,1908,285,15,14,1,4,-1,0
305,-1,985,699,156,65,1,4,-1,2
305,-1,1384,722,148,103,1,5,-1,1
305,-1,1520,585,19,45,1,1,-1,0
305,-1,1537,579,15,42,1,1,-1,1
305,-1,1540,603,16,29,1,1,-1,0
305,-1,1566,579,19,52,1,1,-1,0
305,-1,1840,326,17,15,1,4,-1,0
305,-1,2426,410,103,55,1,4,-1,0
305,-1,15,571,108,39,1,4,-1,0
305,-1,1509,569,18,50,1,1,-1,1
305,-1,1533,631,15,28,1,1,-1,0
306,-1,30,594,122,44,1,4,-1,0
306,-1,160,726,33,63,1,1,-1,1
306,-1,1491,619,15,47,1,1,-1,0
306,-1,1517,620,20,45,1,1,-1,0
306,-1,1536,617,15,42,1,1,-1,1
306,-1,1536,643,17,28,1,1,-1,0
306,-1,1565,616,18,52,1,1,-1,0
306,-1,2063,389,52,42,1,4,-1,0
306,-1,2445,453,101,63,1,4,-1,0
306,-1,190,730,29,55,1,1,-1,1
306,-1,2067,362,28,23,1,5,-1,2
306,-1,2470,458,85,53,1,4,-1,0
307,-1,160,752,33,63,1,1,-1,1
307,-1,991,772,156,65,1,4,-1,2
307,-1,1403,792,148,103,1,5,-1,1
307,-1,1512,656,20,45,1,1,-1,0
307,-1,1535,674,18,28,1,1,-1,0
307,-1,1540,647,15,42,1,1,-1,1
307,-1,1832,405,17,15,1,4,-1,0
307,-1,1897,397,25,23,1,4,-1,0
307,-1,2066,395,28,23,1,5,-1,2
307,-1,2066,421,53,42,1,4,-1,0
307,-1,2458,488,109,63,1,4,-1,0
307,-1,2072,390,41,34,1,5,-1,2
307,-1,1405,770,155,108,1,5,-1,1
307,-1,1522,643,22,65,1,1,-1,0
