1,3,631,475,122,181,1,10,-1,-1
1,7,371,565,47,65,1,2,-1,-1
1,12,739,148,19,59,1,1,-1,-1
1,20,569,183,24,27,1,2,-1,-1
1,21,650,235,37,66,1,2,-1,-1
1,31,764,284,43,114,1,1,-1,-1
2,3,632,491,124,180,1,10,-1,-1
2,7,364,579,47,63,1,2,-1,-1
2,12,740,149,19,59,1,1,-1,-1
2,13,677,153,17,60,1,1,-1,-1
2,20,569,184,24,27,1,2,-1,-1
2,21,650,239,37,65,1,2,-1,-1
2,31,766,291,42,117,1,1,-1,-1
3,3,633,507,127,180,1,10,-1,-1
3,7,358,593,47,62,1,2,-1,-1
3,12,741,151,19,59,1,1,-1,-1
3,13,677,155,18,60,1,1,-1,-1
3,20,569,185,24,27,1,2,-1,-1
3,21,650,243,37,64,1,2,-1,-1
3,31,768,298,41,120,1,1,-1,-1
4,3,644,537,118,165,1,10,-1,-1
4,7,351,607,47,60,1,2,-1,-1
4,12,742,152,19,60,1,1,-1,-1
4,13,678,157,18,60,1,1,-1,-1
4,20,569,186,24,28,1,2,-1,-1
4,21,650,247,37,64,1,2,-1,-1
4,31,770,305,40,123,1,1,-1,-1
5,3,636,540,131,179,1,10,-1,-1
5,7,345,621,47,59,1,2,-1,-1
5,12,743,154,20,60,1,1,-1,-1
5,13,678,159,18,61,1,1,-1,-1
5,20,568,188,24,28,1,2,-1,-1
5,21,650,251,37,63,1,2,-1,-1
5,31,773,309,40,124,1,1,-1,-1
6,3,634,555,133,173,1,10,-1,-1
6,7,338,637,47,58,1,2,-1,-1
6,12,743,155,20,61,1,1,-1,-1
6,13,678,161,18,62,1,1,-1,-1
6,20,568,190,23,29,1,2,-1,-1
6,21,650,255,38,63,1,2,-1,-1
6,22,1186,372,47,90,1,2,-1,-1
6,42,831,338,46,87,1,2,-1,-1
7,3,632,571,136,166,1,10,-1,-1
7,7,332,653,46,57,1,2,-1,-1
7,12,743,157,20,61,1,1,-1,-1
7,13,678,163,18,63,1,1,-1,-1
7,22,1189,386,83,111,1,2,-1,-1
7,42,851,310,41,101,1,1,-1,-1
8,3,630,586,139,160,1,10,-1,-1
8,7,325,670,47,55,1,2,-1,-1
8,13,678,165,18,63,1,1,-1,-1
8,22,1189,390,83,110,1,2,-1,-1
8,23,839,358,45,89,1,2,-1,-1
8,42,849,329,48,116,1,1,-1,-1
9,3,629,602,141,153,1,10,-1,-1
9,7,319,686,46,54,1,2,-1,-1
9,22,1189,394,83,109,1,2,-1,-1
9,23,843,367,44,91,1,2,-1,-1
9,42,852,338,50,118,1,1,-1,-1
10,3,628,626,141,129,1,10,-1,-1
10,22,1189,401,73,94,1,2,-1,-1
10,23,847,377,44,92,1,2,-1,-1
10,32,821,188,32,82,1,1,-1,-1
11,3,628,651,141,104,1,10,-1,-1
11,22,1196,409,47,90,1,2,-1,-1
11,23,851,386,43,94,1,2,-1,-1
11,32,823,191,32,83,1,1,-1,-1
12,2,1181,438,105,118,1,10,-1,-1
12,14,1133,295,51,121,1,1,-1,-1
12,23,851,391,38,84,1,2,-1,-1
12,24,587,209,29,52,1,1,-1,-1
12,32,825,194,31,83,1,1,-1,-1
13,2,1190,411,84,111,1,2,-1,-1
13,14,1141,303,51,122,1,1,-1,-1
13,23,859,406,42,96,1,2,-1,-1
13,24,588,211,29,53,1,1,-1,-1
13,32,827,197,31,84,1,1,-1,-1
13,33,1196,417,47,90,1,2,-1,-1
14,2,1182,446,103,118,1,10,-1,-1
14,14,1148,310,52,124,1,1,-1,-1
14,24,589,214,30,54,1,1,-1,-1
14,32,829,200,31,84,1,1,-1,-1
14,33,1190,415,84,110,1,2,-1,-1
15,2,1183,450,101,118,1,10,-1,-1
15,5,679,179,18,64,1,1,-1,-1
15,14,1156,318,53,126,1,1,-1,-1
15,24,588,218,31,55,1,1,-1,-1
15,33,1199,385,92,121,1,2,-1,-1
15,34,801,399,51,145,1,1,-1,-1
16,2,1192,423,82,109,1,2,-1,-1
16,5,679,182,19,64,1,1,-1,-1
16,11,900,465,28,77,1,2,-1,-1
16,14,1165,324,54,126,1,1,-1,-1
16,24,588,223,31,56,1,1,-1,-1
16,33,1213,331,55,131,1,1,-1,-1
16,34,805,410,52,147,1,1,-1,-1
17,2,1197,431,47,90,1,2,-1,-1
17,5,678,184,19,64,1,1,-1,-1
17,11,903,477,30,79,1,2,-1,-1
17,14,1175,331,55,126,1,1,-1,-1
17,24,587,226,31,57,1,1,-1,-1
17,33,1230,343,45,108,1,1,-1,-1
17,34,807,422,53,149,1,1,-1,-1
18,2,1194,431,80,107,1,2,-1,-1
18,5,677,186,19,64,1,1,-1,-1
18,11,907,489,31,82,1,2,-1,-1
18,14,1185,338,56,126,1,1,-1,-1
18,34,809,435,55,150,1,1,-1,-1
19,2,1179,467,100,119,1,10,-1,-1
19,5,672,188,19,64,1,1,-1,-1
19,11,910,502,33,83,1,2,-1,-1
19,34,812,448,56,152,1,1,-1,-1
20,2,1190,436,79,107,1,2,-1,-1
20,5,667,190,19,64,1,1,-1,-1
20,11,913,514,35,85,1,2,-1,-1
21,2,1186,439,47,90,1,2,-1,-1
21,5,660,192,19,65,1,1,-1,-1
21,8,704,484,69,193,1,1,-1,-1
21,11,917,526,36,88,1,2,-1,-1
22,2,1180,440,47,90,1,2,-1,-1
22,5,660,192,19,66,1,1,-1,-1
22,8,704,496,72,196,1,1,-1,-1
22,11,920,538,38,90,1,2,-1,-1
23,2,1182,436,80,109,1,2,-1,-1
23,5,660,193,19,66,1,1,-1,-1
23,8,705,509,74,199,1,1,-1,-1
23,11,916,517,44,92,1,1,-1,-1
24,2,1184,439,47,90,1,2,-1,-1
24,5,660,193,19,67,1,1,-1,-1
24,8,709,522,77,201,1,1,-1,-1
24,25,721,204,17,43,1,1,-1,-1
25,2,1184,434,81,111,1,2,-1,-1
25,8,713,535,81,203,1,1,-1,-1
25,25,722,205,17,44,1,1,-1,-1
26,2,1185,433,81,113,1,2,-1,-1
26,8,718,548,84,206,1,1,-1,-1
26,25,722,205,18,45,1,1,-1,-1
26,35,631,334,46,81,1,2,-1,-1
27,2,1186,432,82,114,1,2,-1,-1
27,8,723,562,90,193,1,1,-1,-1
27,25,723,206,17,45,1,1,-1,-1
27,35,621,327,47,83,1,2,-1,-1
27,36,971,616,47,86,1,2,-1,-1
28,2,1179,458,100,123,1,10,-1,-1
28,8,726,580,94,174,1,1,-1,-1
28,25,724,207,17,45,1,1,-1,-1
28,35,631,340,48,84,1,2,-1,-1
28,36,984,634,48,78,1,2,-1,-1
29,2,1182,448,111,136,1,10,-1,-1
29,8,729,598,98,156,1,1,-1,-1
29,15,953,540,78,151,1,1,-1,-1
29,25,722,185,18,48,1,1,-1,-1
29,35,631,343,48,86,1,2,-1,-1
29,36,996,652,50,71,1,2,-1,-1
30,2,1185,458,100,123,1,10,-1,-1
30,15,963,553,80,153,1,1,-1,-1
30,35,631,347,48,87,1,2,-1,-1
30,36,1009,670,51,63,1,2,-1,-1
31,2,1188,458,100,124,1,10,-1,-1
31,15,973,566,82,155,1,1,-1,-1
31,36,1021,688,53,55,1,2,-1,-1
32,15,983,580,84,156,1,1,-1,-1
32,26,860,246,33,101,1,1,-1,-1
33,15,995,598,88,142,1,1,-1,-1
33,26,864,248,34,103,1,1,-1,-1
34,15,1008,616,91,129,1,1,-1,-1
34,26,868,251,34,104,1,1,-1,-1
34,37,748,195,26,59,1,1,-1,-1
35,15,1020,634,95,115,1,1,-1,-1
35,26,872,254,35,105,1,1,-1,-1
35,27,660,348,50,61,1,10,-1,-1
35,37,749,195,27,62,1,1,-1,-1
36,16,1211,433,83,119,1,2,-1,-1
36,26,875,256,37,107,1,1,-1,-1
36,27,661,351,51,63,1,10,-1,-1
36,28,694,194,28,74,1,1,-1,-1
36,37,743,199,26,70,1,1,-1,-1
37,16,1207,461,94,123,1,10,-1,-1
37,26,879,259,37,108,1,1,-1,-1
37,27,661,355,51,64,1,10,-1,-1
37,28,695,195,28,75,1,1,-1,-1
37,37,744,200,27,70,1,1,-1,-1
38,1,1231,438,47,90,1,2,-1,-1
38,16,1211,462,93,123,1,10,-1,-1
38,27,662,359,51,66,1,10,-1,-1
38,28,694,195,29,75,1,1,-1,-1
38,37,754,198,27,65,1,1,-1,-1
38,38,790,174,26,43,1,10,-1,-1
39,1,1232,440,47,90,1,2,-1,-1
39,16,1194,450,102,137,1,10,-1,-1
39,17,670,205,18,73,1,1,-1,-1
39,27,662,363,52,67,1,10,-1,-1
39,28,694,195,29,76,1,1,-1,-1
39,38,790,175,26,44,1,10,-1,-1
40,1,1234,441,47,90,1,2,-1,-1
40,6,747,203,25,73,1,1,-1,-1
40,16,1218,465,91,122,1,10,-1,-1
40,17,669,207,18,73,1,1,-1,-1
40,27,663,368,52,68,1,10,-1,-1
40,28,693,196,30,77,1,1,-1,-1
40,38,791,177,26,44,1,10,-1,-1
41,1,1236,442,47,90,1,2,-1,-1
41,6,758,202,25,65,1,1,-1,-1
41,16,1221,467,90,122,1,10,-1,-1
41,17,668,209,18,73,1,1,-1,-1
41,28,691,194,22,88,1,1,-1,-1
41,38,792,178,26,45,1,10,-1,-1
42,1,1239,443,47,90,1,2,-1,-1
42,6,747,206,25,74,1,1,-1,-1
42,16,1224,469,90,122,1,10,-1,-1
42,17,668,211,18,74,1,1,-1,-1
42,18,640,401,54,101,1,2,-1,-1
42,29,759,203,25,66,1,1,-1,-1
42,38,792,180,27,45,1,10,-1,-1
43,1,1238,443,47,90,1,2,-1,-1
43,6,745,207,24,74,1,1,-1,-1
43,17,666,213,18,75,1,1,-1,-1
43,18,640,407,55,103,1,2,-1,-1
43,29,756,204,26,66,1,1,-1,-1
44,1,1237,443,47,90,1,2,-1,-1
44,6,743,208,24,75,1,1,-1,-1
44,17,664,215,18,76,1,1,-1,-1
44,18,637,413,55,105,1,2,-1,-1
44,29,754,206,26,65,1,1,-1,-1
45,1,1236,443,47,90,1,2,-1,-1
45,6,741,209,24,76,1,1,-1,-1
45,17,663,218,18,76,1,1,-1,-1
45,18,635,419,55,107,1,2,-1,-1
45,29,752,208,26,64,1,1,-1,-1
46,1,1228,439,78,109,1,2,-1,-1
46,6,739,210,24,77,1,1,-1,-1
46,18,630,425,56,108,1,2,-1,-1
46,29,750,210,27,63,1,1,-1,-1
47,1,1216,466,87,119,1,10,-1,-1
47,4,781,177,24,53,1,10,-1,-1
47,6,733,212,24,77,1,1,-1,-1
47,9,1227,443,47,90,1,2,-1,-1
47,18,623,433,56,110,1,2,-1,-1
47,29,745,212,26,62,1,1,-1,-1
48,1,1208,465,87,119,1,10,-1,-1
48,4,776,178,22,54,1,10,-1,-1
48,6,728,214,24,78,1,1,-1,-1
48,9,1219,442,47,90,1,2,-1,-1
48,18,616,441,57,112,1,2,-1,-1
48,39,498,244,27,37,1,2,-1,-1
49,1,1200,464,87,119,1,10,-1,-1
49,4,767,180,25,48,1,2,-1,-1
49,6,718,216,25,79,1,1,-1,-1
49,9,1211,441,47,90,1,2,-1,-1
49,10,630,414,61,78,1,10,-1,-1
49,39,490,245,27,38,1,2,-1,-1
50,1,1193,463,86,119,1,10,-1,-1
50,4,759,182,24,47,1,2,-1,-1
50,9,1203,440,47,91,1,2,-1,-1
50,10,624,420,61,80,1,10,-1,-1
50,39,481,247,27,37,1,2,-1,-1
50,40,691,239,20,58,1,1,-1,-1
51,1,1192,436,83,113,1,2,-1,-1
51,4,751,185,24,45,1,2,-1,-1
51,9,1202,440,46,90,1,2,-1,-1
51,10,617,425,62,82,1,10,-1,-1
51,19,650,216,29,82,1,1,-1,-1
51,39,472,248,27,37,1,2,-1,-1
51,40,684,241,20,58,1,1,-1,-1
52,1,1190,436,83,111,1,2,-1,-1
52,4,749,208,23,39,1,10,-1,-1
52,9,1201,440,46,90,1,2,-1,-1
52,10,611,431,63,84,1,10,-1,-1
52,19,644,218,29,82,1,1,-1,-1
52,39,464,250,27,37,1,2,-1,-1
52,40,684,245,18,52,1,1,-1,-1
53,1,1200,440,46,89,1,2,-1,-1
53,4,746,219,22,35,1,10,-1,-1
53,9,1207,451,75,109,1,10,-1,-1
53,10,609,438,65,86,1,10,-1,-1
53,19,638,220,29,83,1,1,-1,-1
53,30,467,296,34,78,1,1,-1,-1
53,40,678,245,21,57,1,1,-1,-1
53,41,695,226,26,81,1,1,-1,-1
54,1,1185,435,83,108,1,2,-1,-1
54,4,743,213,24,40,1,10,-1,-1
54,9,1199,440,46,89,1,2,-1,-1
54,10,608,445,66,88,1,10,-1,-1
54,19,636,222,30,83,1,1,-1,-1
54,30,465,299,35,78,1,1,-1,-1
54,40,675,247,21,57,1,1,-1,-1
54,41,693,228,26,81,1,1,-1,-1
55,1,1183,435,83,106,1,2,-1,-1
55,4,743,194,24,47,1,2,-1,-1
55,9,1198,441,46,88,1,2,-1,-1
55,10,607,452,67,90,1,10,-1,-1
55,19,635,224,30,84,1,1,-1,-1
55,30,463,302,37,79,1,1,-1,-1
55,41,691,230,26,82,1,1,-1,-1
56,1,1193,463,78,116,1,10,-1,-1
56,4,744,197,24,48,1,2,-1,-1
56,10,607,458,66,92,1,10,-1,-1
56,19,635,226,30,85,1,1,-1,-1
56,30,461,305,38,79,1,1,-1,-1
56,41,691,232,26,82,1,1,-1,-1
57,1,1189,435,84,110,1,2,-1,-1
57,4,745,201,24,48,1,2,-1,-1
57,10,607,464,66,94,1,10,-1,-1
57,19,635,228,31,86,1,1,-1,-1
57,30,459,308,40,80,1,1,-1,-1
57,41,691,234,27,83,1,1,-1,-1
58,1,1201,443,47,91,1,2,-1,-1
58,30,458,312,41,80,1,1,-1,-1
