1,5,1068,141,13,35,1,1,-1,-1
1,9,928,237,24,69,1,1,-1,-1
1,16,729,349,167,96,1,7,-1,-1
1,30,120,682,86,94,1,10,-1,-1
1,52,921,280,22,52,1,1,-1,-1
1,53,975,135,17,46,1,1,-1,-1
1,54,1010,328,25,61,1,1,-1,-1
1,83,1303,179,19,46,1,1,-1,-1
1,121,651,217,31,44,1,10,-1,-1
1,122,987,405,52,76,1,7,-1,-1
1,123,1009,97,21,27,1,1,-1,-1
1,187,1409,641,21,56,1,1,-1,-1
1,295,388,640,40,80,1,1,-1,-1
2,5,1067,142,13,35,1,1,-1,-1
2,9,932,257,24,72,1,1,-1,-1
2,16,748,358,111,77,1,7,-1,-1
2,17,1074,86,18,43,1,1,-1,-1
2,30,131,675,84,92,1,10,-1,-1
2,52,915,285,23,55,1,1,-1,-1
2,53,974,136,17,46,1,1,-1,-1
2,54,1001,320,27,54,1,1,-1,-1
2,83,1303,181,19,46,1,1,-1,-1
2,121,656,212,31,43,1,10,-1,-1
2,122,987,408,52,76,1,7,-1,-1
2,123,1007,98,21,27,1,1,-1,-1
2,124,354,676,52,85,1,1,-1,-1
2,187,1410,645,21,56,1,1,-1,-1
2,188,1036,204,18,39,1,1,-1,-1
2,189,1055,113,17,33,1,1,-1,-1
2,190,1056,300,21,67,1,1,-1,-1
2,295,387,668,31,71,1,1,-1,-1
3,5,1067,144,13,35,1,1,-1,-1
3,9,931,260,24,71,1,1,-1,-1
3,16,759,350,116,67,1,7,-1,-1
3,17,1074,87,18,43,1,1,-1,-1
3,30,142,668,83,90,1,10,-1,-1
3,52,914,288,23,55,1,1,-1,-1
3,53,974,137,17,46,1,1,-1,-1
3,54,1001,323,27,54,1,1,-1,-1
3,83,1304,184,19,46,1,1,-1,-1
3,84,724,229,39,54,1,2,-1,-1
3,121,663,201,24,36,1,2,-1,-1
3,122,987,411,53,77,1,7,-1,-1
3,123,1006,99,21,27,1,1,-1,-1
3,124,356,682,50,85,1,1,-1,-1
3,125,1088,179,57,84,1,5,-1,-1
3,126,1175,527,206,118,1,4,-1,-1
3,127,1435,772,35,88,1,1,-1,-1
3,187,1411,649,21,57,1,1,-1,-1
3,188,1036,205,18,40,1,1,-1,-1
3,189,1054,114,17,33,1,1,-1,-1
3,190,1056,302,21,67,1,1,-1,-1
3,191,124,481,36,73,1,1,-1,-1
3,192,1032,829,45,82,1,1,-1,-1
3,295,390,654,40,80,1,1,-1,-1
4,5,1065,152,12,36,1,1,-1,-1
4,9,930,264,24,69,1,1,-1,-1
4,16,759,354,115,67,1,7,-1,-1
4,17,1074,88,18,43,1,1,-1,-1
4,30,158,658,67,73,1,2,-1,-1
4,52,904,283,23,54,1,1,-1,-1
4,53,973,139,17,46,1,1,-1,-1
4,54,1008,334,25,61,1,1,-1,-1
4,83,1304,186,19,46,1,1,-1,-1
4,84,723,232,39,54,1,2,-1,-1
4,85,114,45,133,53,1,4,-1,-1
4,121,669,196,23,36,1,2,-1,-1
4,122,987,414,53,78,1,7,-1,-1
4,123,1005,100,21,27,1,1,-1,-1
4,124,358,689,49,85,1,1,-1,-1
4,125,1088,180,57,84,1,5,-1,-1
4,126,1177,532,207,118,1,4,-1,-1
4,127,1438,777,35,89,1,1,-1,-1
4,128,869,221,58,54,1,7,-1,-1
4,187,1413,653,21,57,1,1,-1,-1
4,188,1038,219,16,34,1,1,-1,-1
4,189,1053,115,17,33,1,1,-1,-1
4,190,1056,304,22,67,1,1,-1,-1
4,191,120,485,36,72,1,1,-1,-1
4,192,1032,836,45,82,1,1,-1,-1
4,193,882,162,77,80,1,5,-1,-1
4,194,1017,211,17,39,1,1,-1,-1
4,195,1134,806,38,66,1,2,-1,-1
4,196,1298,71,21,43,1,1,-1,-1
4,295,392,661,39,80,1,1,-1,-1
5,5,1058,140,16,40,1,1,-1,-1
5,9,929,267,23,68,1,1,-1,-1
5,16,745,369,114,76,1,7,-1,-1
5,17,1074,90,18,43,1,1,-1,-1
5,30,169,651,67,73,1,2,-1,-1
5,52,902,286,23,54,1,1,-1,-1
5,53,973,140,17,46,1,1,-1,-1
5,54,1008,337,25,61,1,1,-1,-1
5,83,1305,189,19,46,1,1,-1,-1
5,84,722,241,64,56,1,7,-1,-1
5,85,113,46,133,52,1,4,-1,-1
5,121,672,198,31,42,1,10,-1,-1
5,122,987,417,54,78,1,7,-1,-1
5,123,1004,101,21,27,1,1,-1,-1
5,124,357,697,49,85,1,1,-1,-1
5,125,1089,182,57,84,1,5,-1,-1
5,126,1178,536,208,119,1,4,-1,-1
5,127,1442,783,34,89,1,1,-1,-1
5,128,868,223,58,54,1,7,-1,-1
5,129,1320,760,34,77,1,1,-1,-1
5,187,1417,654,24,67,1,1,-1,-1
5,188,1035,208,18,40,1,1,-1,-1
5,189,1052,116,17,33,1,1,-1,-1
5,190,1056,306,22,67,1,1,-1,-1
5,191,116,489,36,72,1,1,-1,-1
5,192,1033,842,45,82,1,1,-1,-1
5,193,882,163,77,81,1,5,-1,-1
5,194,1016,213,17,39,1,1,-1,-1
5,195,1129,823,23,56,1,1,-1,-1
5,196,1298,73,21,43,1,1,-1,-1
5,197,1401,711,27,77,1,1,-1,-1
6,5,1058,141,17,40,1,1,-1,-1
6,9,928,271,23,67,1,1,-1,-1
6,16,757,360,116,67,1,7,-1,-1
6,17,1074,91,18,43,1,1,-1,-1
6,30,175,648,80,83,1,10,-1,-1
6,52,901,290,22,53,1,1,-1,-1
6,53,972,141,17,46,1,1,-1,-1
6,54,1001,331,27,54,1,1,-1,-1
6,83,1306,191,19,46,1,1,-1,-1
6,84,721,236,39,54,1,2,-1,-1
6,85,111,46,133,53,1,4,-1,-1
6,121,679,186,24,36,1,2,-1,-1
6,122,987,420,54,79,1,7,-1,-1
6,123,1003,102,21,27,1,1,-1,-1
6,124,345,709,43,74,1,1,-1,-1
6,125,1078,206,66,98,1,5,-1,-1
6,126,1179,541,210,119,1,4,-1,-1
6,127,1445,793,35,89,1,1,-1,-1
6,128,867,225,58,54,1,7,-1,-1
6,129,1322,766,34,77,1,1,-1,-1
6,188,1035,210,18,40,1,1,-1,-1
6,189,1052,117,17,33,1,1,-1,-1
6,190,1056,308,23,67,1,1,-1,-1
6,191,109,494,37,73,1,1,-1,-1
6,192,1033,849,45,82,1,1,-1,-1
6,193,882,164,76,82,1,5,-1,-1
6,194,1016,214,17,39,1,1,-1,-1
6,195,1136,820,38,67,1,2,-1,-1
6,196,1298,74,21,44,1,1,-1,-1
6,197,1404,718,27,77,1,1,-1,-1
6,198,1379,703,30,71,1,1,-1,-1
7,5,1066,150,12,35,1,1,-1,-1
7,9,927,274,23,66,1,1,-1,-1
7,16,744,376,115,76,1,7,-1,-1
7,17,1074,92,18,43,1,1,-1,-1
7,30,186,641,79,81,1,10,-1,-1
7,52,899,293,22,54,1,1,-1,-1
7,53,972,143,17,46,1,1,-1,-1
7,54,1007,341,25,61,1,1,-1,-1
7,55,841,496,32,63,1,1,-1,-1
7,83,1306,194,19,46,1,1,-1,-1
7,84,720,239,39,54,1,2,-1,-1
7,85,110,47,133,53,1,4,-1,-1
7,124,351,702,39,68,1,1,-1,-1
7,125,1089,185,57,84,1,5,-1,-1
7,126,1181,545,210,120,1,4,-1,-1
7,127,1448,803,37,89,1,1,-1,-1
7,128,867,227,58,54,1,7,-1,-1
7,129,1324,773,34,77,1,1,-1,-1
7,191,103,499,38,74,1,1,-1,-1
7,192,1033,856,45,82,1,1,-1,-1
7,193,881,165,77,84,1,5,-1,-1
7,194,1015,215,17,39,1,1,-1,-1
7,195,1137,827,38,67,1,2,-1,-1
7,196,1298,76,21,43,1,1,-1,-1
7,197,1407,724,27,77,1,1,-1,-1
7,198,1365,700,28,72,1,1,-1,-1
7,199,1066,486,31,70,1,1,-1,-1
7,200,1571,829,46,91,1,2,-1,-1
8,5,1058,144,19,39,1,1,-1,-1
8,9,926,278,22,64,1,1,-1,-1
8,13,688,184,30,40,1,10,-1,-1
8,16,743,379,116,77,1,7,-1,-1
8,17,1074,94,18,43,1,1,-1,-1
8,30,197,634,78,79,1,10,-1,-1
8,52,897,296,22,54,1,1,-1,-1
8,53,971,144,17,46,1,1,-1,-1
8,54,999,313,33,65,1,1,-1,-1
8,55,840,501,32,63,1,1,-1,-1
8,84,718,247,64,56,1,7,-1,-1
8,85,109,48,133,52,1,4,-1,-1
8,86,978,342,24,57,1,1,-1,-1
8,125,1089,187,57,84,1,5,-1,-1
8,126,1182,550,212,120,1,4,-1,-1
8,127,1451,813,38,89,1,1,-1,-1
8,128,866,229,58,54,1,7,-1,-1
8,129,1326,779,34,77,1,1,-1,-1
8,130,944,274,24,66,1,1,-1,-1
8,131,967,828,45,84,1,1,-1,-1
8,193,881,166,76,85,1,5,-1,-1
8,194,1014,217,17,39,1,1,-1,-1
8,195,1139,834,37,68,1,2,-1,-1
8,196,1298,77,21,44,1,1,-1,-1
8,197,1411,731,27,77,1,1,-1,-1
8,198,1351,694,36,69,1,1,-1,-1
8,199,1067,490,30,70,1,1,-1,-1
8,200,1575,837,47,90,1,2,-1,-1
8,201,888,346,27,55,1,1,-1,-1
8,202,1423,673,21,59,1,1,-1,-1
8,203,1498,895,47,80,1,1,-1,-1
8,204,141,508,49,76,1,2,-1,-1
9,5,1065,154,13,35,1,1,-1,-1
9,9,925,307,23,56,1,1,-1,-1
9,13,694,180,30,39,1,10,-1,-1
9,16,756,371,115,67,1,7,-1,-1
9,17,1074,95,18,43,1,1,-1,-1
9,30,209,628,76,76,1,10,-1,-1
9,31,1035,870,45,86,1,1,-1,-1
9,55,839,507,32,63,1,1,-1,-1
9,84,721,251,41,58,1,2,-1,-1
9,85,107,49,133,52,1,4,-1,-1
9,86,977,343,25,57,1,1,-1,-1
9,87,1047,600,100,108,1,7,-1,-1
9,88,1085,325,48,71,1,7,-1,-1
9,128,865,231,59,54,1,7,-1,-1
9,129,1328,786,34,77,1,1,-1,-1
9,130,943,277,24,66,1,1,-1,-1
9,131,967,837,46,86,1,1,-1,-1
9,197,1414,738,27,77,1,1,-1,-1
9,198,1341,710,34,65,1,1,-1,-1
9,199,1067,494,31,70,1,1,-1,-1
9,200,1580,844,47,91,1,2,-1,-1
9,201,888,349,27,56,1,1,-1,-1
9,202,1427,679,21,59,1,1,-1,-1
9,203,1504,903,47,81,1,1,-1,-1
9,204,138,512,49,76,1,2,-1,-1
9,205,1074,73,18,30,1,1,-1,-1
9,206,1324,195,19,46,1,1,-1,-1
10,5,1058,146,21,40,1,1,-1,-1
10,9,923,310,23,56,1,1,-1,-1
10,13,699,175,30,38,1,10,-1,-1
10,16,755,374,115,67,1,7,-1,-1
10,17,1074,96,18,43,1,1,-1,-1
10,30,219,623,76,76,1,10,-1,-1
10,31,1037,877,44,90,1,1,-1,-1
10,39,894,303,22,54,1,1,-1,-1
10,55,837,512,32,63,1,1,-1,-1
10,85,106,49,133,53,1,4,-1,-1
10,86,977,345,24,57,1,1,-1,-1
10,87,1048,606,101,109,1,7,-1,-1
10,88,1086,327,48,72,1,7,-1,-1
10,89,1458,833,41,89,1,1,-1,-1
10,129,1331,794,34,77,1,1,-1,-1
10,130,943,280,24,66,1,1,-1,-1
10,131,967,846,46,88,1,1,-1,-1
10,132,1120,856,75,84,1,10,-1,-1
10,198,1347,715,34,65,1,1,-1,-1
10,199,1067,498,31,70,1,1,-1,-1
10,200,1584,852,48,90,1,2,-1,-1
10,201,885,337,28,58,1,1,-1,-1
10,202,1430,685,21,59,1,1,-1,-1
10,203,1512,912,47,81,1,1,-1,-1
10,204,135,517,49,76,1,2,-1,-1
10,205,1074,74,18,30,1,1,-1,-1
10,206,1325,198,19,46,1,1,-1,-1
10,207,925,285,21,62,1,1,-1,-1
11,5,1058,147,22,40,1,1,-1,-1
11,9,921,314,23,56,1,1,-1,-1
11,13,705,171,29,37,1,10,-1,-1
11,16,740,390,118,76,1,7,-1,-1
11,17,1074,98,18,43,1,1,-1,-1
11,23,410,720,39,79,1,1,-1,-1
11,31,1039,885,43,94,1,1,-1,-1
11,39,892,307,22,54,1,1,-1,-1
11,55,836,518,32,63,1,1,-1,-1
11,86,974,334,29,62,1,1,-1,-1
11,87,1048,611,102,110,1,7,-1,-1
11,88,1086,330,48,71,1,7,-1,-1
11,89,1461,843,42,89,1,1,-1,-1
11,90,1019,766,39,88,1,1,-1,-1
11,130,941,284,24,66,1,1,-1,-1
11,131,968,856,46,88,1,1,-1,-1
11,132,1123,865,76,84,1,10,-1,-1
11,199,1068,502,31,70,1,1,-1,-1
11,200,1588,860,49,90,1,2,-1,-1
11,201,887,357,27,55,1,1,-1,-1
11,202,1434,691,21,59,1,1,-1,-1
11,203,1521,921,47,81,1,1,-1,-1
11,204,132,521,49,76,1,2,-1,-1
11,205,1074,75,18,30,1,1,-1,-1
11,206,1326,200,19,46,1,1,-1,-1
11,207,923,289,21,62,1,1,-1,-1
11,208,56,76,129,53,1,4,-1,-1
12,2,241,613,76,76,1,10,-1,-1
12,5,1058,149,24,40,1,1,-1,-1
12,9,919,319,24,56,1,1,-1,-1
12,13,710,166,29,37,1,10,-1,-1
12,16,739,393,119,76,1,7,-1,-1
12,17,1073,99,18,43,1,1,-1,-1
12,18,1289,688,33,59,1,2,-1,-1
12,23,411,728,39,79,1,1,-1,-1
12,31,1040,895,43,93,1,1,-1,-1
12,39,890,311,22,54,1,1,-1,-1
12,55,835,523,32,63,1,1,-1,-1
12,56,871,265,22,37,1,2,-1,-1
12,86,969,331,24,51,1,1,-1,-1
12,87,1049,616,102,111,1,7,-1,-1
12,88,1086,332,48,72,1,7,-1,-1
12,89,1465,853,43,89,1,1,-1,-1
12,90,1020,776,39,88,1,1,-1,-1
12,130,940,289,24,65,1,1,-1,-1
12,131,968,865,46,90,1,1,-1,-1
12,132,1127,875,76,84,1,10,-1,-1
12,133,1358,724,34,65,1,1,-1,-1
12,201,887,361,27,55,1,1,-1,-1
12,202,1438,697,21,59,1,1,-1,-1
12,203,1530,930,47,81,1,1,-1,-1
12,204,154,515,45,69,1,2,-1,-1
12,205,1075,76,18,30,1,1,-1,-1
12,206,1327,202,19,46,1,1,-1,-1
12,207,922,293,21,62,1,1,-1,-1
12,208,54,77,128,52,1,4,-1,-1
12,209,1441,773,35,64,1,1,-1,-1
13,2,250,608,75,75,1,10,-1,-1
13,5,1057,151,19,41,1,1,-1,-1
13,9,918,324,23,56,1,1,-1,-1
13,13,717,152,23,36,1,2,-1,-1
13,17,1072,101,18,43,1,1,-1,-1
13,18,1293,694,33,59,1,2,-1,-1
13,23,413,736,39,79,1,1,-1,-1
13,31,1042,906,43,91,1,1,-1,-1
13,39,889,315,22,54,1,1,-1,-1
13,40,1082,27,15,34,1,1,-1,-1
13,55,834,529,32,63,1,1,-1,-1
13,56,871,267,21,37,1,2,-1,-1
13,57,1010,125,17,35,1,1,-1,-1
13,58,1057,325,24,67,1,1,-1,-1
13,86,968,334,24,51,1,1,-1,-1
13,87,1050,622,103,111,1,7,-1,-1
13,88,1086,335,48,71,1,7,-1,-1
13,89,1468,863,44,89,1,1,-1,-1
13,90,1022,787,39,88,1,1,-1,-1
13,91,1173,855,40,64,1,2,-1,-1
13,92,1599,876,50,90,1,2,-1,-1
13,130,939,294,23,64,1,1,-1,-1
13,131,969,875,46,91,1,1,-1,-1
13,132,1131,885,75,84,1,10,-1,-1
13,133,1364,729,34,65,1,1,-1,-1
13,134,968,153,17,46,1,1,-1,-1
13,205,1075,77,18,30,1,1,-1,-1
13,206,1328,205,19,46,1,1,-1,-1
13,207,920,297,21,62,1,1,-1,-1
13,208,52,79,128,51,1,4,-1,-1
13,209,1447,780,34,64,1,1,-1,-1
13,210,1068,511,31,70,1,1,-1,-1
13,211,1552,837,34,71,1,2,-1,-1
14,2,259,603,75,75,1,10,-1,-1
14,5,1064,162,12,35,1,1,-1,-1
14,9,916,329,24,56,1,1,-1,-1
14,13,721,158,29,36,1,10,-1,-1
14,18,1295,700,33,59,1,2,-1,-1
14,19,738,400,120,76,1,7,-1,-1
14,23,415,745,39,79,1,1,-1,-1
14,31,1044,917,43,89,1,1,-1,-1
14,39,887,320,22,54,1,1,-1,-1
14,40,1082,27,16,34,1,1,-1,-1
14,55,832,536,32,64,1,1,-1,-1
14,56,870,269,21,37,1,2,-1,-1
14,57,1009,127,17,35,1,1,-1,-1
14,58,1057,329,24,67,1,1,-1,-1
14,86,967,338,24,51,1,1,-1,-1
14,87,1051,627,103,112,1,7,-1,-1
14,88,1086,337,48,72,1,7,-1,-1
14,89,1471,873,46,89,1,1,-1,-1
14,90,1024,798,39,88,1,1,-1,-1
14,91,1176,864,40,64,1,2,-1,-1
14,92,1605,885,50,90,1,2,-1,-1
14,93,883,370,27,55,1,1,-1,-1
14,132,1134,894,76,84,1,10,-1,-1
14,133,1368,738,34,65,1,1,-1,-1
14,134,968,155,17,46,1,1,-1,-1
14,135,370,778,48,85,1,1,-1,-1
14,207,919,301,21,62,1,1,-1,-1
14,208,49,79,128,52,1,4,-1,-1
14,209,1452,789,34,64,1,1,-1,-1
14,210,1069,516,30,70,1,1,-1,-1
14,211,1559,845,34,71,1,2,-1,-1
14,212,878,172,76,94,1,5,-1,-1
15,2,277,589,54,72,1,2,-1,-1
15,5,1064,164,12,35,1,1,-1,-1
15,9,917,305,21,62,1,1,-1,-1
15,13,727,154,29,36,1,10,-1,-1
15,18,1297,707,33,59,1,2,-1,-1
15,19,737,404,121,76,1,7,-1,-1
15,23,417,753,39,79,1,1,-1,-1
15,31,1046,928,42,87,1,1,-1,-1
15,39,885,324,22,54,1,1,-1,-1
15,40,1082,28,16,34,1,1,-1,-1
15,56,869,272,21,36,1,2,-1,-1
15,57,1009,129,17,35,1,1,-1,-1
15,58,1056,333,24,67,1,1,-1,-1
15,59,1013,477,36,51,1,2,-1,-1
15,87,1051,633,105,113,1,7,-1,-1
15,88,1087,340,48,71,1,7,-1,-1
15,89,1475,883,47,89,1,1,-1,-1
15,90,1026,809,39,88,1,1,-1,-1
15,91,1178,873,40,64,1,2,-1,-1
15,92,1611,894,50,90,1,2,-1,-1
15,93,881,375,27,55,1,1,-1,-1
15,132,1156,900,36,68,1,2,-1,-1
15,133,1373,747,34,65,1,1,-1,-1
15,134,967,157,17,46,1,1,-1,-1
15,135,372,789,48,85,1,1,-1,-1
15,136,1399,755,28,71,1,1,-1,-1
15,208,46,80,128,52,1,4,-1,-1
15,209,1457,798,34,64,1,1,-1,-1
15,210,1069,521,31,70,1,1,-1,-1
15,211,1565,853,34,71,1,2,-1,-1
15,212,878,173,76,95,1,5,-1,-1
15,213,1138,354,32,68,1,1,-1,-1
16,2,277,594,74,74,1,10,-1,-1
16,5,1062,166,12,35,1,1,-1,-1
16,13,732,150,29,36,1,10,-1,-1
16,18,1299,714,33,59,1,2,-1,-1
16,19,736,407,122,76,1,7,-1,-1
16,23,419,762,39,79,1,1,-1,-1
16,31,1048,939,42,85,1,1,-1,-1
16,39,884,328,22,54,1,1,-1,-1
16,40,1083,28,16,34,1,1,-1,-1
16,56,869,274,21,36,1,2,-1,-1
16,57,1009,131,17,35,1,1,-1,-1
16,58,1056,337,24,67,1,1,-1,-1
16,59,1013,480,36,51,1,2,-1,-1
16,60,828,552,32,64,1,1,-1,-1
16,89,1480,896,47,89,1,1,-1,-1
16,90,1028,819,39,88,1,1,-1,-1
16,91,1181,882,40,64,1,2,-1,-1
16,92,1617,902,50,90,1,2,-1,-1
16,93,879,379,27,55,1,1,-1,-1
16,133,1377,756,35,65,1,1,-1,-1
16,134,966,159,17,46,1,1,-1,-1
16,135,375,811,41,73,1,1,-1,-1
16,136,1403,763,28,71,1,1,-1,-1
16,137,1193,585,220,126,1,4,-1,-1
16,209,1463,808,34,64,1,1,-1,-1
16,210,1069,526,31,70,1,1,-1,-1
16,211,1556,850,33,73,1,2,-1,-1
16,212,878,174,75,96,1,5,-1,-1
16,213,1137,357,32,68,1,1,-1,-1
16,214,682,276,73,64,1,7,-1,-1
16,215,1030,154,22,41,1,1,-1,-1
16,216,1303,90,21,42,1,1,-1,-1
17,2,286,589,74,74,1,10,-1,-1
17,5,1060,168,12,35,1,1,-1,-1
17,13,738,147,29,36,1,10,-1,-1
17,18,1301,721,33,59,1,2,-1,-1
17,19,735,411,123,76,1,7,-1,-1
17,23,417,772,41,82,1,1,-1,-1
17,31,1049,949,43,84,1,1,-1,-1
17,39,890,337,24,55,1,1,-1,-1
17,40,1083,29,16,34,1,1,-1,-1
17,56,868,276,21,36,1,2,-1,-1
17,57,1008,133,17,35,1,1,-1,-1
17,58,1055,340,24,67,1,1,-1,-1
17,59,1014,484,36,51,1,2,-1,-1
17,60,827,560,32,64,1,1,-1,-1
17,90,1030,830,39,88,1,1,-1,-1
17,91,1184,891,40,64,1,2,-1,-1
17,92,1623,911,50,90,1,2,-1,-1
17,93,878,384,27,55,1,1,-1,-1
17,133,1382,765,34,65,1,1,-1,-1
17,134,965,161,17,46,1,1,-1,-1
17,135,374,810,48,85,1,1,-1,-1
17,136,1407,772,28,71,1,1,-1,-1
17,137,1194,590,222,126,1,4,-1,-1
17,138,103,52,127,54,1,4,-1,-1
17,139,964,349,24,51,1,1,-1,-1
17,210,1070,531,30,70,1,1,-1,-1
17,211,1561,859,33,73,1,2,-1,-1
17,212,877,175,76,98,1,5,-1,-1
17,213,1137,361,32,67,1,1,-1,-1
17,214,703,269,65,57,1,7,-1,-1
17,215,1030,155,22,41,1,1,-1,-1
17,216,1304,91,21,43,1,1,-1,-1
17,217,1425,771,30,71,1,1,-1,-1
18,2,303,574,54,72,1,2,-1,-1
18,5,1053,166,16,40,1,1,-1,-1
18,13,739,143,29,36,1,10,-1,-1
18,18,1304,728,33,59,1,2,-1,-1
18,19,743,404,115,67,1,7,-1,-1
18,23,416,783,42,84,1,1,-1,-1
18,31,1051,960,42,82,1,1,-1,-1
18,32,1002,363,27,54,1,1,-1,-1
18,39,880,337,22,54,1,1,-1,-1
18,40,1084,30,16,34,1,1,-1,-1
18,56,867,278,21,36,1,2,-1,-1
18,57,1008,135,17,35,1,1,-1,-1
18,58,1055,344,24,67,1,1,-1,-1
18,59,1014,488,36,51,1,2,-1,-1
18,60,825,567,32,66,1,1,-1,-1
18,91,1185,901,40,64,1,2,-1,-1
18,92,1629,920,50,90,1,2,-1,-1
18,93,876,389,27,55,1,1,-1,-1
18,134,965,163,17,46,1,1,-1,-1
18,135,375,820,48,85,1,1,-1,-1
18,136,1411,780,28,71,1,1,-1,-1
18,137,1195,594,223,127,1,4,-1,-1
18,138,103,53,126,54,1,4,-1,-1
18,139,963,353,24,51,1,1,-1,-1
18,212,877,176,75,99,1,5,-1,-1
18,213,1136,365,32,66,1,1,-1,-1
18,214,701,272,65,57,1,7,-1,-1
18,215,1029,156,22,41,1,1,-1,-1
18,216,1305,93,21,42,1,1,-1,-1
18,217,1429,778,30,71,1,1,-1,-1
19,2,309,571,54,72,1,2,-1,-1
19,13,742,128,23,36,1,2,-1,-1
19,18,1306,735,33,59,1,2,-1,-1
19,19,735,415,124,76,1,7,-1,-1
19,23,415,793,43,87,1,1,-1,-1
19,32,1003,366,27,54,1,1,-1,-1
19,40,1080,28,16,34,1,1,-1,-1
19,56,867,281,21,36,1,2,-1,-1
19,57,1007,137,17,35,1,1,-1,-1
19,58,1054,348,24,67,1,1,-1,-1
19,59,1015,492,36,51,1,2,-1,-1
19,60,823,575,32,66,1,1,-1,-1
19,61,52,564,39,76,1,1,-1,-1
19,91,1186,911,40,64,1,2,-1,-1
19,92,1633,931,50,90,1,2,-1,-1
19,93,874,394,27,55,1,1,-1,-1
19,135,375,830,48,85,1,1,-1,-1
19,136,1415,789,28,71,1,1,-1,-1
19,137,1197,599,224,128,1,4,-1,-1
19,138,103,53,125,54,1,4,-1,-1
19,139,962,356,24,51,1,1,-1,-1
19,213,1136,368,32,66,1,1,-1,-1
19,214,699,274,65,58,1,7,-1,-1
19,215,1029,157,22,41,1,1,-1,-1
19,216,1306,94,21,43,1,1,-1,-1
19,217,1433,785,30,71,1,1,-1,-1
19,218,1036,202,18,35,1,1,-1,-1
19,219,1113,524,30,79,1,1,-1,-1
19,220,1569,878,33,73,1,2,-1,-1
20,2,307,579,72,73,1,10,-1,-1
20,13,742,136,29,36,1,10,-1,-1
20,18,1308,742,33,59,1,2,-1,-1
20,19,730,423,124,76,1,7,-1,-1
20,20,1317,156,21,47,1,1,-1,-1
20,23,414,804,44,90,1,1,-1,-1
20,32,999,369,27,54,1,1,-1,-1
20,40,1078,28,16,34,1,1,-1,-1
20,57,1007,139,17,35,1,1,-1,-1
20,58,1062,334,22,60,1,1,-1,-1
20,59,1013,497,36,51,1,2,-1,-1
20,60,822,583,32,66,1,1,-1,-1
20,61,44,571,40,76,1,1,-1,-1
20,62,1076,86,18,30,1,1,-1,-1
20,93,872,398,27,55,1,1,-1,-1
20,136,1396,793,35,65,1,1,-1,-1
20,137,1197,605,226,129,1,4,-1,-1
20,138,104,53,122,55,1,4,-1,-1
20,139,967,379,21,49,1,1,-1,-1
20,140,981,143,16,34,1,1,-1,-1
20,214,697,277,65,58,1,7,-1,-1
20,215,1029,158,22,41,1,1,-1,-1
20,216,1307,96,21,42,1,1,-1,-1
20,217,1438,792,30,71,1,1,-1,-1
20,218,1035,204,19,35,1,1,-1,-1
20,219,1114,528,30,79,1,1,-1,-1
20,220,1572,888,33,73,1,2,-1,-1
20,221,885,350,23,55,1,1,-1,-1
21,2,313,576,71,73,1,10,-1,-1
21,13,745,122,23,36,1,2,-1,-1
21,18,1310,749,33,59,1,2,-1,-1
21,19,727,429,124,76,1,7,-1,-1
21,20,1319,158,21,46,1,1,-1,-1
21,23,436,800,48,96,1,1,-1,-1
21,32,997,386,25,61,1,1,-1,-1
21,40,1077,29,16,34,1,1,-1,-1
21,59,1012,502,36,51,1,2,-1,-1
21,60,820,591,32,66,1,1,-1,-1
21,61,37,578,40,76,1,1,-1,-1
21,62,1074,88,18,30,1,1,-1,-1
21,94,1135,376,32,64,1,1,-1,-1
21,137,1197,611,228,131,1,4,-1,-1
21,138,104,53,121,56,1,4,-1,-1
21,139,968,375,24,57,1,1,-1,-1
21,140,981,146,16,34,1,1,-1,-1
21,217,1440,802,30,71,1,1,-1,-1
21,218,1035,207,18,35,1,1,-1,-1
21,219,1115,533,30,79,1,1,-1,-1
21,220,1575,898,34,73,1,2,-1,-1
21,221,883,355,23,55,1,1,-1,-1
22,2,319,574,70,72,1,10,-1,-1
22,18,1313,756,33,59,1,2,-1,-1
22,19,723,434,124,76,1,7,-1,-1
22,20,1317,159,22,46,1,1,-1,-1
22,32,993,377,27,54,1,1,-1,-1
22,59,1011,507,36,51,1,2,-1,-1
22,60,818,599,32,66,1,1,-1,-1
22,61,30,587,40,76,1,1,-1,-1
22,62,1072,90,18,30,1,1,-1,-1
22,63,376,864,48,85,1,1,-1,-1
22,94,1135,379,31,64,1,1,-1,-1
22,138,104,53,120,56,1,4,-1,-1
22,139,959,367,24,51,1,1,-1,-1
22,140,977,147,16,34,1,1,-1,-1
22,218,1035,209,18,35,1,1,-1,-1
22,219,1116,538,30,79,1,1,-1,-1
22,220,1578,908,34,73,1,2,-1,-1
22,221,881,359,24,55,1,1,-1,-1
22,222,693,283,65,58,1,7,-1,-1
22,223,869,408,27,55,1,1,-1,-1
23,2,325,571,69,72,1,10,-1,-1
23,18,1313,765,33,59,1,2,-1,-1
23,19,720,440,124,76,1,7,-1,-1
23,20,1316,160,22,46,1,1,-1,-1
23,24,825,650,31,64,1,1,-1,-1
23,32,989,381,27,54,1,1,-1,-1
23,60,816,606,32,68,1,1,-1,-1
23,61,24,596,39,76,1,1,-1,-1
23,62,1070,92,18,30,1,1,-1,-1
23,63,376,876,48,85,1,1,-1,-1
23,94,1134,383,32,63,1,1,-1,-1
23,140,974,149,16,34,1,1,-1,-1
23,218,1034,211,18,35,1,1,-1,-1
23,219,1115,544,30,78,1,1,-1,-1
23,220,1581,918,34,73,1,2,-1,-1
23,221,879,363,24,55,1,1,-1,-1
23,222,693,278,39,54,1,2,-1,-1
23,223,867,413,27,55,1,1,-1,-1
23,224,1115,29,16,30,1,1,-1,-1
24,2,331,568,68,72,1,10,-1,-1
24,19,728,428,116,67,1,7,-1,-1
24,20,1315,162,22,45,1,1,-1,-1
24,21,849,632,27,69,1,1,-1,-1
24,24,821,658,30,66,1,1,-1,-1
24,32,986,385,27,54,1,1,-1,-1
24,61,18,606,39,76,1,1,-1,-1
24,62,1068,93,18,30,1,1,-1,-1
24,63,376,889,48,85,1,1,-1,-1
24,94,1134,387,31,62,1,1,-1,-1
24,140,971,150,16,34,1,1,-1,-1
24,221,870,363,22,54,1,1,-1,-1
24,222,689,288,65,59,1,7,-1,-1
24,223,865,417,27,55,1,1,-1,-1
24,224,1112,30,16,30,1,1,-1,-1
25,2,346,557,54,72,1,2,-1,-1
25,19,713,451,124,76,1,7,-1,-1
25,20,1313,163,23,45,1,1,-1,-1
25,21,848,641,27,69,1,1,-1,-1
25,24,817,666,30,68,1,1,-1,-1
25,32,993,400,25,61,1,1,-1,-1
25,33,1017,204,17,35,1,1,-1,-1
25,61,12,615,38,76,1,1,-1,-1
25,62,1066,95,18,30,1,1,-1,-1
25,63,375,903,48,84,1,1,-1,-1
25,94,1133,390,32,62,1,1,-1,-1
25,95,899,383,25,56,1,1,-1,-1
25,140,968,152,16,34,1,1,-1,-1
25,141,1065,122,17,43,1,1,-1,-1
25,222,687,291,65,59,1,7,-1,-1
25,223,863,422,27,55,1,1,-1,-1
25,224,1109,31,16,30,1,1,-1,-1
25,225,1086,51,17,28,1,1,-1,-1
26,2,343,563,67,72,1,10,-1,-1
26,15,1097,563,32,81,1,1,-1,-1
26,20,1312,164,23,45,1,1,-1,-1
26,21,846,649,27,69,1,1,-1,-1
26,24,813,674,30,70,1,1,-1,-1
26,32,992,404,25,61,1,1,-1,-1
26,33,1014,206,17,35,1,1,-1,-1
26,61,6,624,37,76,1,1,-1,-1
26,62,1064,97,18,30,1,1,-1,-1
26,63,375,918,48,83,1,1,-1,-1
26,94,1133,394,31,61,1,1,-1,-1
26,95,898,388,24,56,1,1,-1,-1
26,141,1063,124,17,42,1,1,-1,-1
26,142,33,624,49,76,1,2,-1,-1
26,143,933,383,24,57,1,1,-1,-1
26,144,1535,845,35,59,1,1,-1,-1
26,222,685,287,39,54,1,2,-1,-1
26,223,861,427,27,55,1,1,-1,-1
26,224,1107,32,16,30,1,1,-1,-1
26,225,1084,51,17,28,1,1,-1,-1
27,2,348,560,67,72,1,10,-1,-1
27,14,752,111,29,36,1,10,-1,-1
27,15,1112,568,30,78,1,1,-1,-1
27,20,1311,166,23,44,1,1,-1,-1
27,21,845,658,27,69,1,1,-1,-1
27,24,809,682,30,73,1,1,-1,-1
27,32,992,408,25,61,1,1,-1,-1
27,33,1012,208,17,35,1,1,-1,-1
27,62,1062,99,18,30,1,1,-1,-1
27,63,375,932,48,82,1,1,-1,-1
27,64,706,462,124,76,1,7,-1,-1
27,94,1133,398,31,60,1,1,-1,-1
27,95,896,393,25,55,1,1,-1,-1
27,141,1061,126,17,42,1,1,-1,-1
27,142,27,631,47,76,1,2,-1,-1
27,143,932,387,24,57,1,1,-1,-1
27,144,1538,855,35,59,1,1,-1,-1
27,145,1396,849,35,65,1,1,-1,-1
27,146,1442,791,30,59,1,1,-1,-1
27,224,1104,33,16,30,1,1,-1,-1
27,225,1081,51,17,28,1,1,-1,-1
28,2,353,558,67,72,1,10,-1,-1
28,10,953,389,24,51,1,1,-1,-1
28,14,754,108,29,36,1,10,-1,-1
28,15,1111,574,31,78,1,1,-1,-1
28,20,1309,167,24,45,1,1,-1,-1
28,21,842,668,28,70,1,1,-1,-1
28,24,808,693,30,73,1,1,-1,-1
28,33,1010,210,17,35,1,1,-1,-1
28,63,375,947,48,81,1,1,-1,-1
28,64,718,445,118,66,1,7,-1,-1
28,95,895,398,24,55,1,1,-1,-1
28,96,1429,875,28,71,1,1,-1,-1
28,141,1059,128,17,42,1,1,-1,-1
28,142,22,639,45,76,1,2,-1,-1
28,143,931,391,24,57,1,1,-1,-1
28,144,1539,865,35,59,1,1,-1,-1
28,145,1397,858,35,65,1,1,-1,-1
28,146,1442,800,30,59,1,1,-1,-1
28,225,1078,51,17,28,1,1,-1,-1
28,226,1018,165,23,41,1,1,-1,-1
29,2,367,547,54,72,1,2,-1,-1
29,6,674,298,39,54,1,2,-1,-1
29,10,962,400,24,57,1,1,-1,-1
29,11,1035,201,12,35,1,1,-1,-1
29,14,759,96,23,36,1,2,-1,-1
29,15,1110,580,31,78,1,1,-1,-1
29,20,1308,169,24,44,1,1,-1,-1
29,21,840,678,28,72,1,1,-1,-1
29,24,808,704,30,73,1,1,-1,-1
29,33,1008,212,17,35,1,1,-1,-1
29,63,375,961,48,80,1,1,-1,-1
29,64,699,473,124,76,1,7,-1,-1
29,65,401,20,76,51,1,4,-1,-1
29,95,893,403,25,55,1,1,-1,-1
29,96,1430,883,28,71,1,1,-1,-1
29,141,1058,130,17,42,1,1,-1,-1
29,142,16,647,44,76,1,2,-1,-1
29,143,930,395,24,57,1,1,-1,-1
29,144,1541,876,35,59,1,1,-1,-1
29,145,1399,869,35,65,1,1,-1,-1
29,146,1442,809,30,59,1,1,-1,-1
29,225,1076,51,17,28,1,1,-1,-1
29,226,1016,167,23,41,1,1,-1,-1
29,227,841,311,20,36,1,2,-1,-1
30,2,363,554,67,72,1,10,-1,-1
30,6,675,305,65,62,1,7,-1,-1
30,10,962,404,24,57,1,1,-1,-1
30,11,1033,204,12,35,1,1,-1,-1
30,14,757,101,29,36,1,10,-1,-1
30,15,1109,586,31,78,1,1,-1,-1
30,20,1307,170,24,44,1,1,-1,-1
30,21,838,688,29,73,1,1,-1,-1
30,24,808,715,30,73,1,1,-1,-1
30,33,1006,214,17,35,1,1,-1,-1
30,64,696,478,124,76,1,7,-1,-1
30,65,398,22,76,52,1,4,-1,-1
30,95,892,408,24,55,1,1,-1,-1
30,96,1432,891,28,71,1,1,-1,-1
30,141,1056,132,17,41,1,1,-1,-1
30,142,11,654,42,76,1,2,-1,-1
30,143,941,397,22,48,1,1,-1,-1
30,144,1543,887,35,59,1,1,-1,-1
30,145,1401,880,35,65,1,1,-1,-1
30,146,1443,818,30,59,1,1,-1,-1
30,147,1132,408,33,61,1,1,-1,-1
30,226,1014,169,23,41,1,1,-1,-1
30,227,838,314,20,36,1,2,-1,-1
31,2,368,552,67,72,1,10,-1,-1
31,6,667,306,39,54,1,2,-1,-1
31,10,961,407,24,57,1,1,-1,-1
31,11,1031,207,12,35,1,1,-1,-1
31,14,758,97,29,36,1,10,-1,-1
31,15,1109,592,31,78,1,1,-1,-1
31,20,1305,171,25,44,1,1,-1,-1
31,21,836,698,29,75,1,1,-1,-1
31,24,808,726,30,73,1,1,-1,-1
31,33,1004,216,17,35,1,1,-1,-1
31,34,952,163,16,34,1,1,-1,-1
31,41,853,454,28,55,1,1,-1,-1
31,64,692,484,124,76,1,7,-1,-1
31,65,394,23,76,52,1,4,-1,-1
31,95,890,413,25,55,1,1,-1,-1
31,96,1434,900,28,71,1,1,-1,-1
31,142,5,662,41,76,1,2,-1,-1
31,143,951,398,24,51,1,1,-1,-1
31,144,1545,898,35,59,1,1,-1,-1
31,145,1403,891,35,65,1,1,-1,-1
31,146,1436,817,34,66,1,1,-1,-1
31,147,1132,411,34,62,1,1,-1,-1
31,148,1066,34,17,33,1,1,-1,-1
31,226,1013,171,23,41,1,1,-1,-1
31,227,836,317,20,36,1,2,-1,-1
31,228,939,223,22,53,1,1,-1,-1
31,229,1152,270,25,54,1,1,-1,-1
32,2,373,550,67,72,1,10,-1,-1
32,6,664,310,39,54,1,2,-1,-1
32,10,964,420,27,54,1,1,-1,-1
32,11,1028,209,12,35,1,1,-1,-1
32,14,760,94,29,36,1,10,-1,-1
32,15,1110,598,31,78,1,1,-1,-1
32,21,834,708,30,76,1,1,-1,-1
32,24,803,736,33,73,1,1,-1,-1
32,33,1002,219,17,35,1,1,-1,-1
32,34,950,165,16,35,1,1,-1,-1
32,41,852,459,27,55,1,1,-1,-1
32,64,708,489,140,86,1,7,-1,-1
32,65,390,24,76,52,1,4,-1,-1
32,66,1128,274,21,55,1,1,-1,-1
32,96,1436,908,28,71,1,1,-1,-1
32,145,1405,902,35,65,1,1,-1,-1
32,146,1444,836,30,59,1,1,-1,-1
32,147,1132,415,34,62,1,1,-1,-1
32,148,1065,36,17,33,1,1,-1,-1
32,226,1012,174,23,41,1,1,-1,-1
32,227,833,320,20,36,1,2,-1,-1
32,228,937,227,22,52,1,1,-1,-1
32,229,1153,273,24,53,1,1,-1,-1
33,2,378,548,67,72,1,10,-1,-1
33,6,661,314,39,54,1,2,-1,-1
33,10,961,414,24,57,1,1,-1,-1
33,11,1023,218,20,41,1,1,-1,-1
33,14,762,91,29,36,1,10,-1,-1
33,15,1111,605,31,78,1,1,-1,-1
33,21,832,718,30,78,1,1,-1,-1
33,24,799,746,35,74,1,1,-1,-1
33,33,1002,224,17,35,1,1,-1,-1
33,34,948,168,16,34,1,1,-1,-1
33,41,850,465,28,55,1,1,-1,-1
33,64,686,495,124,76,1,7,-1,-1
33,65,386,25,76,52,1,4,-1,-1
33,66,1129,277,21,55,1,1,-1,-1
33,96,1438,916,28,71,1,1,-1,-1
33,97,860,407,24,55,1,1,-1,-1
33,147,1132,418,35,63,1,1,-1,-1
33,148,1064,37,17,33,1,1,-1,-1
33,227,831,324,20,36,1,2,-1,-1
33,228,936,230,22,52,1,1,-1,-1
33,229,1153,275,24,54,1,1,-1,-1
33,230,1007,81,17,41,1,1,-1,-1
34,2,383,546,67,72,1,10,-1,-1
34,6,660,317,39,54,1,2,-1,-1
34,10,960,430,27,54,1,1,-1,-1
34,11,1023,214,11,35,1,1,-1,-1
34,14,764,88,29,36,1,10,-1,-1
34,15,1112,612,31,78,1,1,-1,-1
34,21,830,729,31,79,1,1,-1,-1
34,33,1002,229,17,35,1,1,-1,-1
34,34,946,170,16,35,1,1,-1,-1
34,41,849,470,27,55,1,1,-1,-1
34,42,324,53,68,55,1,4,-1,-1
34,64,683,499,125,76,1,7,-1,-1
34,65,383,26,76,52,1,4,-1,-1
34,66,1129,279,21,55,1,1,-1,-1
34,96,1440,925,28,71,1,1,-1,-1
34,97,854,406,22,54,1,1,-1,-1
34,98,1051,767,107,138,1,7,-1,-1
34,147,1132,421,35,64,1,1,-1,-1
34,148,1063,39,17,33,1,1,-1,-1
34,228,935,234,22,52,1,1,-1,-1
34,229,1153,277,24,54,1,1,-1,-1
34,230,1005,83,17,41,1,1,-1,-1
34,231,976,178,17,35,1,1,-1,-1
34,232,973,293,23,49,1,1,-1,-1
35,2,395,532,54,72,1,2,-1,-1
35,6,659,320,39,54,1,2,-1,-1
35,7,818,294,66,63,1,7,-1,-1
35,10,960,421,24,57,1,1,-1,-1
35,11,1020,216,12,35,1,1,-1,-1
35,14,766,86,29,35,1,10,-1,-1
35,15,1101,597,37,94,1,1,-1,-1
35,21,831,739,32,80,1,1,-1,-1
35,34,944,172,16,35,1,1,-1,-1
35,35,1027,176,17,34,1,1,-1,-1
35,41,847,476,28,55,1,1,-1,-1
35,42,321,55,68,55,1,4,-1,-1
35,43,1296,864,33,57,1,2,-1,-1
35,65,379,27,76,52,1,4,-1,-1
35,66,1130,282,21,55,1,1,-1,-1
35,97,860,416,24,55,1,1,-1,-1
35,98,1053,774,108,139,1,7,-1,-1
35,99,831,330,20,36,1,2,-1,-1
35,147,1131,425,37,63,1,1,-1,-1
35,148,1062,40,17,33,1,1,-1,-1
35,149,949,410,24,51,1,1,-1,-1
35,228,935,238,22,52,1,1,-1,-1
35,229,1153,279,25,55,1,1,-1,-1
35,230,1004,84,17,41,1,1,-1,-1
35,231,974,181,17,35,1,1,-1,-1
35,232,973,295,23,50,1,1,-1,-1
36,2,400,530,54,72,1,2,-1,-1
36,6,659,323,39,54,1,2,-1,-1
36,7,818,297,66,63,1,7,-1,-1
36,10,960,424,24,57,1,1,-1,-1
36,11,1018,219,11,35,1,1,-1,-1
36,14,768,76,24,35,1,2,-1,-1
36,15,1093,612,36,91,1,1,-1,-1
36,34,942,175,16,35,1,1,-1,-1
36,35,1028,179,17,34,1,1,-1,-1
36,41,846,481,27,55,1,1,-1,-1
36,42,317,56,68,55,1,4,-1,-1
36,43,1299,873,33,57,1,2,-1,-1
36,44,1015,278,16,36,1,1,-1,-1
36,65,375,28,76,52,1,4,-1,-1
36,66,1131,284,21,55,1,1,-1,-1
36,97,862,421,24,54,1,1,-1,-1
36,98,1055,781,108,140,1,7,-1,-1
36,99,831,333,20,36,1,2,-1,-1
36,148,1061,42,17,33,1,1,-1,-1
36,149,948,413,24,51,1,1,-1,-1
36,150,950,215,16,40,1,1,-1,-1
36,230,1002,86,17,41,1,1,-1,-1
36,231,972,184,17,35,1,1,-1,-1
36,232,973,298,23,50,1,1,-1,-1
36,233,902,437,25,50,1,1,-1,-1
36,234,1000,573,36,51,1,2,-1,-1
36,235,1304,178,25,43,1,1,-1,-1
37,6,662,324,67,64,1,7,-1,-1
37,7,818,300,66,63,1,7,-1,-1
37,10,960,428,24,57,1,1,-1,-1
37,11,1005,220,22,40,1,1,-1,-1
37,14,769,73,24,35,1,2,-1,-1
37,15,1087,598,30,76,1,1,-1,-1
37,34,943,177,16,35,1,1,-1,-1
37,35,1028,182,17,34,1,1,-1,-1
37,41,844,487,28,55,1,1,-1,-1
37,42,314,57,68,55,1,4,-1,-1
37,43,1302,881,33,57,1,2,-1,-1
37,44,1012,279,17,41,1,1,-1,-1
37,66,1131,287,21,55,1,1,-1,-1
37,97,863,426,24,53,1,1,-1,-1
37,98,1057,788,109,142,1,7,-1,-1
37,99,831,336,20,36,1,2,-1,-1
37,100,676,513,128,76,1,7,-1,-1
37,149,951,430,24,52,1,1,-1,-1
37,150,949,217,16,40,1,1,-1,-1
37,151,1529,891,25,58,1,1,-1,-1
37,230,1000,87,17,41,1,1,-1,-1
37,231,972,185,17,35,1,1,-1,-1
37,232,973,300,23,51,1,1,-1,-1
37,233,904,443,25,50,1,1,-1,-1
37,234,993,572,42,59,1,2,-1,-1
37,235,1305,179,25,44,1,1,-1,-1
38,6,658,329,39,54,1,2,-1,-1
38,7,819,303,66,63,1,7,-1,-1
38,10,964,446,26,61,1,1,-1,-1
38,11,1003,224,24,40,1,1,-1,-1
38,14,770,71,24,34,1,2,-1,-1
38,15,1088,603,30,76,1,1,-1,-1
38,34,944,180,16,35,1,1,-1,-1
38,35,1028,185,17,34,1,1,-1,-1
38,41,843,493,28,55,1,1,-1,-1
38,42,311,59,68,55,1,4,-1,-1
38,43,1305,890,33,57,1,2,-1,-1
38,44,1011,283,17,41,1,1,-1,-1
38,66,1132,289,21,55,1,1,-1,-1
38,67,1074,417,52,86,1,7,-1,-1
38,97,865,431,24,53,1,1,-1,-1
38,98,1058,795,111,143,1,7,-1,-1
38,99,831,339,20,36,1,2,-1,-1
38,100,674,517,129,76,1,7,-1,-1
38,149,959,431,24,57,1,1,-1,-1
38,150,948,219,16,40,1,1,-1,-1
38,151,1539,900,25,58,1,1,-1,-1
38,231,973,187,17,35,1,1,-1,-1
38,232,973,302,23,52,1,1,-1,-1
38,233,906,449,25,50,1,1,-1,-1
38,234,1003,583,36,51,1,2,-1,-1
38,235,1306,181,26,43,1,1,-1,-1
38,236,406,541,59,69,1,10,-1,-1
38,237,870,479,32,72,1,1,-1,-1
38,238,954,165,22,29,1,1,-1,-1
38,239,1013,56,19,35,1,1,-1,-1
38,240,1154,286,24,55,1,1,-1,-1
39,6,657,332,39,54,1,2,-1,-1
39,7,819,306,66,63,1,7,-1,-1
39,10,965,450,26,63,1,1,-1,-1
39,11,1008,241,17,34,1,1,-1,-1
39,14,774,75,29,35,1,10,-1,-1
39,34,945,183,16,35,1,1,-1,-1
39,35,1029,188,17,34,1,1,-1,-1
39,41,843,500,28,55,1,1,-1,-1
39,42,311,60,69,55,1,4,-1,-1
39,43,1308,898,33,57,1,2,-1,-1
39,44,1011,287,17,41,1,1,-1,-1
39,45,932,224,17,47,1,1,-1,-1
39,66,1132,292,21,55,1,1,-1,-1
39,67,1075,421,52,85,1,7,-1,-1
39,97,866,435,24,53,1,1,-1,-1
39,98,1060,802,111,144,1,7,-1,-1
39,99,831,342,20,36,1,2,-1,-1
39,100,672,514,115,67,1,7,-1,-1
39,149,959,435,24,57,1,1,-1,-1
39,150,948,221,16,40,1,1,-1,-1
39,151,1550,909,25,58,1,1,-1,-1
39,233,909,455,24,50,1,1,-1,-1
39,234,1005,588,36,51,1,2,-1,-1
39,235,1307,182,26,43,1,1,-1,-1
39,236,419,518,49,73,1,2,-1,-1
39,237,869,485,32,72,1,1,-1,-1
39,238,954,167,23,29,1,1,-1,-1
39,239,1013,61,23,35,1,1,-1,-1
39,240,1154,288,25,56,1,1,-1,-1
40,6,658,332,68,65,1,7,-1,-1
40,7,819,309,66,63,1,7,-1,-1
40,10,966,454,26,65,1,1,-1,-1
40,11,1010,242,17,34,1,1,-1,-1
40,14,776,73,30,35,1,10,-1,-1
40,34,946,186,16,35,1,1,-1,-1
40,35,1029,191,17,34,1,1,-1,-1
40,36,1090,613,30,76,1,1,-1,-1
40,42,311,62,70,54,1,4,-1,-1
40,43,1312,907,33,57,1,2,-1,-1
40,44,1011,290,17,41,1,1,-1,-1
40,45,936,216,21,58,1,1,-1,-1
40,67,1075,424,54,86,1,7,-1,-1
40,68,981,561,60,105,1,7,-1,-1
40,98,1062,810,112,145,1,7,-1,-1
40,99,831,346,20,36,1,2,-1,-1
40,100,669,526,131,76,1,7,-1,-1
40,149,959,438,24,57,1,1,-1,-1
40,150,948,224,17,40,1,1,-1,-1
40,151,1560,918,25,58,1,1,-1,-1
40,233,911,461,24,50,1,1,-1,-1
40,234,1006,593,36,51,1,2,-1,-1
40,235,1308,183,26,44,1,1,-1,-1
40,236,425,515,48,72,1,2,-1,-1
40,237,868,491,32,72,1,1,-1,-1
40,238,955,169,22,29,1,1,-1,-1
40,239,1013,60,23,35,1,1,-1,-1
40,240,1154,290,25,56,1,1,-1,-1
41,6,655,338,39,54,1,2,-1,-1
41,7,819,312,66,63,1,7,-1,-1
41,10,967,459,26,66,1,1,-1,-1
41,11,1012,243,17,34,1,1,-1,-1
41,35,1030,195,17,34,1,1,-1,-1
41,36,1091,618,30,76,1,1,-1,-1
41,42,309,63,70,55,1,4,-1,-1
41,43,1316,915,33,57,1,2,-1,-1
41,44,1012,294,17,41,1,1,-1,-1
41,45,932,228,17,47,1,1,-1,-1
41,67,1076,428,54,85,1,7,-1,-1
41,68,980,566,61,105,1,7,-1,-1
41,99,831,349,20,36,1,2,-1,-1
41,100,667,531,132,76,1,7,-1,-1
41,150,949,227,17,40,1,1,-1,-1
41,151,1571,928,25,58,1,1,-1,-1
41,152,791,780,40,71,1,1,-1,-1
41,236,432,511,46,73,1,2,-1,-1
41,237,867,497,33,73,1,1,-1,-1
41,238,955,171,23,29,1,1,-1,-1
41,239,1013,60,23,35,1,1,-1,-1
41,240,1154,292,25,57,1,1,-1,-1
42,4,700,505,129,63,1,7,-1,-1
42,6,654,341,39,54,1,2,-1,-1
42,7,820,315,66,63,1,7,-1,-1
42,10,952,442,32,76,1,1,-1,-1
42,11,1013,244,17,34,1,1,-1,-1
42,12,790,58,24,33,1,2,-1,-1
42,35,1026,196,18,33,1,1,-1,-1
42,36,1091,622,30,76,1,1,-1,-1
42,42,308,64,70,56,1,4,-1,-1
42,43,1320,924,33,57,1,2,-1,-1
42,44,1012,297,17,41,1,1,-1,-1
42,45,932,231,17,47,1,1,-1,-1
42,67,1077,431,54,85,1,7,-1,-1
42,68,980,571,61,106,1,7,-1,-1
42,69,990,235,17,40,1,1,-1,-1
42,100,665,535,133,76,1,7,-1,-1
42,101,919,431,21,54,1,1,-1,-1
42,151,1579,934,25,58,1,1,-1,-1
42,152,788,768,49,87,1,1,-1,-1
42,153,1311,186,26,44,1,1,-1,-1
42,236,437,520,54,73,1,10,-1,-1
42,237,870,502,33,74,1,1,-1,-1
42,238,956,173,23,29,1,1,-1,-1
42,239,1013,61,22,35,1,1,-1,-1
42,240,1155,295,25,57,1,1,-1,-1
43,4,698,508,128,64,1,7,-1,-1
43,6,652,343,39,54,1,2,-1,-1
43,7,820,318,66,63,1,7,-1,-1
43,11,1015,248,17,33,1,1,-1,-1
43,12,794,54,24,34,1,2,-1,-1
43,35,1030,198,17,35,1,1,-1,-1
43,36,1091,627,30,76,1,1,-1,-1
43,43,1324,933,33,57,1,2,-1,-1
43,44,1013,301,17,41,1,1,-1,-1
43,45,932,233,17,47,1,1,-1,-1
43,67,1077,434,56,85,1,7,-1,-1
43,68,980,576,60,107,1,7,-1,-1
43,69,987,238,24,40,1,1,-1,-1
43,100,662,540,134,76,1,7,-1,-1
43,101,918,436,21,54,1,1,-1,-1
43,152,791,800,41,73,1,1,-1,-1
43,153,1312,187,26,44,1,1,-1,-1
43,241,966,465,26,66,1,1,-1,-1
43,242,980,317,23,47,1,1,-1,-1
44,4,696,512,128,64,1,7,-1,-1
44,6,652,344,70,67,1,7,-1,-1
44,7,820,321,66,63,1,7,-1,-1
44,12,797,51,24,33,1,2,-1,-1
44,35,1034,201,17,36,1,1,-1,-1
44,36,1091,631,30,76,1,1,-1,-1
44,44,1013,304,17,41,1,1,-1,-1
44,45,932,236,17,47,1,1,-1,-1
44,46,1224,758,270,168,1,4,-1,-1
44,67,1078,438,56,84,1,7,-1,-1
44,68,979,581,61,107,1,7,-1,-1
44,69,1001,240,11,35,1,1,-1,-1
44,101,918,442,21,54,1,1,-1,-1
44,102,1046,44,16,41,1,1,-1,-1
44,152,792,810,41,75,1,1,-1,-1
44,153,1313,189,27,43,1,1,-1,-1
44,241,966,469,26,66,1,1,-1,-1
44,242,982,319,23,47,1,1,-1,-1
44,243,920,485,24,51,1,1,-1,-1
44,244,966,755,41,84,1,1,-1,-1
45,4,694,515,128,66,1,7,-1,-1
45,6,651,347,70,68,1,7,-1,-1
45,7,820,324,66,63,1,7,-1,-1
45,12,794,58,29,32,1,10,-1,-1
45,36,1091,636,30,76,1,1,-1,-1
45,45,932,238,17,47,1,1,-1,-1
45,46,1226,765,272,169,1,4,-1,-1
45,47,451,512,52,73,1,10,-1,-1
45,67,1079,441,56,84,1,7,-1,-1
45,68,979,586,61,108,1,7,-1,-1
45,69,996,244,22,41,1,1,-1,-1
45,101,926,444,24,51,1,1,-1,-1
45,102,1046,44,16,41,1,1,-1,-1
45,152,793,820,41,76,1,1,-1,-1
45,153,1314,190,27,44,1,1,-1,-1
45,154,1013,64,20,35,1,1,-1,-1
45,241,965,472,26,66,1,1,-1,-1
45,242,985,322,22,47,1,1,-1,-1
45,243,923,492,24,51,1,1,-1,-1
45,244,979,731,43,88,1,1,-1,-1
45,245,874,519,34,78,1,1,-1,-1
45,246,991,477,26,69,1,1,-1,-1
46,4,692,519,128,66,1,7,-1,-1
46,7,821,327,66,63,1,7,-1,-1
46,12,798,55,29,32,1,10,-1,-1
46,25,802,889,39,77,1,1,-1,-1
46,36,1091,641,30,76,1,1,-1,-1
46,45,932,240,17,47,1,1,-1,-1
46,46,1229,772,273,171,1,4,-1,-1
46,47,454,509,52,73,1,10,-1,-1
46,68,979,591,61,109,1,7,-1,-1
46,69,992,246,20,42,1,1,-1,-1
46,101,921,448,24,51,1,1,-1,-1
46,102,1046,44,16,41,1,1,-1,-1
46,103,1157,298,29,58,1,1,-1,-1
46,152,794,830,41,78,1,1,-1,-1
46,153,1315,191,27,44,1,1,-1,-1
46,154,1013,65,19,35,1,1,-1,-1
46,241,965,476,26,66,1,1,-1,-1
46,242,988,325,22,47,1,1,-1,-1
46,243,919,496,24,51,1,1,-1,-1
46,244,978,733,42,88,1,1,-1,-1
46,245,872,525,34,79,1,1,-1,-1
46,246,992,480,26,69,1,1,-1,-1
47,4,681,516,145,77,1,7,-1,-1
47,7,814,329,67,63,1,7,-1,-1
47,12,802,53,29,31,1,10,-1,-1
47,25,803,900,39,78,1,1,-1,-1
47,36,1091,645,30,76,1,1,-1,-1
47,45,933,242,17,47,1,1,-1,-1
47,46,1226,776,273,171,1,4,-1,-1
47,47,457,507,52,73,1,10,-1,-1
47,68,974,594,61,109,1,7,-1,-1
47,69,998,250,11,35,1,1,-1,-1
47,101,916,452,24,51,1,1,-1,-1
47,102,1046,44,16,41,1,1,-1,-1
47,103,1158,299,30,59,1,1,-1,-1
47,104,1128,27,89,45,1,4,-1,-1
47,153,1317,193,27,44,1,1,-1,-1
47,154,1014,67,18,35,1,1,-1,-1
47,155,764,855,30,74,1,1,-1,-1
47,241,965,479,26,66,1,1,-1,-1
47,242,982,327,22,48,1,1,-1,-1
47,243,916,500,24,51,1,1,-1,-1
47,244,989,756,39,80,1,1,-1,-1
47,245,870,531,35,81,1,1,-1,-1
47,246,994,484,26,69,1,1,-1,-1
47,247,938,277,23,52,1,1,-1,-1
47,248,948,183,23,29,1,1,-1,-1
48,4,688,526,128,68,1,7,-1,-1
48,7,808,331,67,63,1,7,-1,-1
48,12,798,51,29,30,1,10,-1,-1
48,25,802,912,37,78,1,1,-1,-1
48,36,1091,650,30,76,1,1,-1,-1
48,46,1223,781,273,171,1,4,-1,-1
48,47,467,495,43,73,1,2,-1,-1
48,69,997,254,11,35,1,1,-1,-1
48,101,912,457,24,51,1,1,-1,-1
48,102,1038,45,16,41,1,1,-1,-1
48,103,1154,300,29,59,1,1,-1,-1
48,104,1118,28,89,45,1,4,-1,-1
48,154,1008,69,21,35,1,1,-1,-1
48,155,760,866,30,74,1,1,-1,-1
48,243,919,504,24,57,1,1,-1,-1
48,244,975,738,42,88,1,1,-1,-1
48,245,865,537,35,81,1,1,-1,-1
48,246,987,486,26,69,1,1,-1,-1
48,247,934,280,23,52,1,1,-1,-1
48,248,943,185,23,29,1,1,-1,-1
49,3,859,479,24,55,1,1,-1,-1
49,4,686,530,128,69,1,7,-1,-1
49,7,802,334,67,63,1,7,-1,-1
49,12,799,38,24,32,1,2,-1,-1
49,25,797,922,38,77,1,1,-1,-1
49,36,1104,653,31,78,1,1,-1,-1
49,46,1220,786,273,171,1,4,-1,-1
49,47,464,492,43,72,1,2,-1,-1
49,69,991,256,12,36,1,1,-1,-1
49,102,1030,46,16,41,1,1,-1,-1
49,103,1150,302,28,58,1,1,-1,-1
49,104,1109,29,89,45,1,4,-1,-1
49,154,1003,71,23,35,1,1,-1,-1
49,155,756,877,31,75,1,1,-1,-1
49,156,827,553,27,60,1,1,-1,-1
49,245,860,543,35,81,1,1,-1,-1
49,246,980,488,26,69,1,1,-1,-1
49,247,931,284,23,52,1,1,-1,-1
49,248,938,187,23,29,1,1,-1,-1
49,249,1286,159,21,43,1,1,-1,-1
50,3,857,484,24,55,1,1,-1,-1
50,4,677,533,131,69,1,7,-1,-1
50,7,796,336,67,63,1,7,-1,-1
50,12,791,48,29,29,1,10,-1,-1
50,25,792,933,39,76,1,1,-1,-1
50,46,1217,790,273,171,1,4,-1,-1
50,47,461,489,43,72,1,2,-1,-1
50,102,1023,47,16,41,1,1,-1,-1
50,103,1143,303,28,58,1,1,-1,-1
50,104,1099,30,89,45,1,4,-1,-1
50,105,1362,990,36,65,1,2,-1,-1
50,154,993,71,22,35,1,1,-1,-1
50,155,752,888,31,76,1,1,-1,-1
50,156,820,558,27,60,1,1,-1,-1
50,247,921,287,23,52,1,1,-1,-1
50,248,934,189,23,29,1,1,-1,-1
50,249,1275,159,22,43,1,1,-1,-1
50,250,12,93,101,71,1,4,-1,-1
50,251,1036,349,25,51,1,1,-1,-1
51,3,851,489,24,55,1,1,-1,-1
51,4,682,528,112,57,1,7,-1,-1
51,12,788,46,29,29,1,10,-1,-1
51,25,787,944,40,75,1,1,-1,-1
51,46,1214,795,273,171,1,4,-1,-1
51,47,455,500,52,67,1,10,-1,-1
51,103,1136,304,29,58,1,1,-1,-1
51,104,1090,31,89,45,1,4,-1,-1
51,105,1361,995,36,66,1,2,-1,-1
51,155,748,899,32,77,1,1,-1,-1
51,156,813,564,26,60,1,1,-1,-1
51,157,966,492,27,70,1,1,-1,-1
51,247,911,290,23,52,1,1,-1,-1
51,248,924,192,23,29,1,1,-1,-1
51,249,1265,160,22,42,1,1,-1,-1
51,250,6,95,100,72,1,4,-1,-1
51,251,1035,351,25,51,1,1,-1,-1
51,252,918,252,17,40,1,1,-1,-1
51,253,892,512,30,63,1,1,-1,-1
51,254,981,260,13,38,1,1,-1,-1
52,3,846,494,24,55,1,1,-1,-1
52,4,660,540,136,69,1,7,-1,-1
52,12,786,35,24,31,1,2,-1,-1
52,25,782,955,42,74,1,1,-1,-1
52,46,1211,800,273,171,1,4,-1,-1
52,47,453,498,52,65,1,10,-1,-1
52,103,1129,305,30,58,1,1,-1,-1
52,104,1080,32,89,45,1,4,-1,-1
52,105,1356,996,36,66,1,2,-1,-1
52,155,744,910,33,78,1,1,-1,-1
52,156,806,569,26,60,1,1,-1,-1
52,157,959,494,27,71,1,1,-1,-1
52,249,1255,160,22,42,1,1,-1,-1
52,250,0,98,100,73,1,4,-1,-1
52,251,1033,353,25,51,1,1,-1,-1
52,252,910,255,17,40,1,1,-1,-1
52,253,901,521,24,51,1,1,-1,-1
52,254,976,262,13,40,1,1,-1,-1
52,255,615,373,74,67,1,7,-1,-1
52,256,1110,877,32,57,1,2,-1,-1
53,3,846,497,24,56,1,1,-1,-1
53,4,651,544,139,68,1,7,-1,-1
53,12,776,31,24,31,1,2,-1,-1
53,25,777,966,43,73,1,1,-1,-1
53,47,453,481,43,69,1,2,-1,-1
53,70,825,48,52,47,1,1,-1,-1
53,71,1110,133,24,53,1,4,-1,-1
53,104,1071,33,89,45,1,4,-1,-1
53,105,1351,998,36,66,1,2,-1,-1
53,106,883,248,19,46,1,1,-1,-1
53,156,799,574,26,60,1,1,-1,-1
53,157,953,505,29,76,1,1,-1,-1
53,249,1245,161,23,42,1,1,-1,-1
53,250,0,100,96,73,1,4,-1,-1
53,251,1031,355,26,51,1,1,-1,-1
53,252,902,257,17,40,1,1,-1,-1
53,253,898,526,24,51,1,1,-1,-1
53,254,971,264,13,41,1,1,-1,-1
53,255,593,374,74,66,1,7,-1,-1
53,256,1105,881,32,57,1,2,-1,-1
54,3,850,474,31,61,1,1,-1,-1
54,4,642,547,142,68,1,7,-1,-1
54,12,768,40,30,28,1,10,-1,-1
54,22,936,120,17,41,1,1,-1,-1
54,25,772,977,44,72,1,1,-1,-1
54,70,815,50,52,47,1,1,-1,-1
54,71,1103,135,24,53,1,4,-1,-1
54,72,955,73,18,35,1,1,-1,-1
54,105,1353,1005,36,60,1,2,-1,-1
54,106,873,251,21,46,1,1,-1,-1
54,156,792,580,26,60,1,1,-1,-1
54,157,946,498,27,72,1,1,-1,-1
54,158,823,938,37,89,1,1,-1,-1
54,250,0,103,92,73,1,4,-1,-1
54,251,1029,358,27,51,1,1,-1,-1
54,252,894,260,17,40,1,1,-1,-1
54,253,895,532,24,51,1,1,-1,-1
54,254,966,267,14,41,1,1,-1,-1
54,255,594,377,73,66,1,7,-1,-1
54,256,1107,887,32,57,1,2,-1,-1
54,257,926,220,17,35,1,1,-1,-1
54,258,946,126,17,35,1,1,-1,-1
54,259,952,763,42,87,1,1,-1,-1
55,3,850,478,31,60,1,1,-1,-1
55,4,634,551,145,68,1,7,-1,-1
55,12,770,37,30,28,1,10,-1,-1
55,22,934,121,17,41,1,1,-1,-1
55,25,767,988,45,71,1,1,-1,-1
55,70,806,52,52,47,1,1,-1,-1
55,71,1103,136,24,53,1,4,-1,-1
55,72,953,73,18,35,1,1,-1,-1
55,105,1355,1013,36,53,1,2,-1,-1
55,106,863,254,23,46,1,1,-1,-1
55,107,817,497,26,73,1,1,-1,-1
55,157,945,504,27,71,1,1,-1,-1
55,158,820,949,37,89,1,1,-1,-1
55,159,819,575,36,84,1,1,-1,-1
55,160,914,265,22,53,1,1,-1,-1
55,252,887,263,17,40,1,1,-1,-1
55,253,892,537,24,51,1,1,-1,-1
55,254,967,282,17,34,1,1,-1,-1
55,255,595,380,73,66,1,7,-1,-1
55,256,1109,894,32,57,1,2,-1,-1
55,257,926,221,17,35,1,1,-1,-1
55,258,944,128,17,35,1,1,-1,-1
55,259,953,765,42,87,1,1,-1,-1
55,260,447,493,52,59,1,10,-1,-1
55,261,1234,163,24,42,1,1,-1,-1
56,3,850,481,31,61,1,1,-1,-1
56,4,634,553,145,68,1,7,-1,-1
56,12,773,22,24,31,1,2,-1,-1
56,22,933,122,17,41,1,1,-1,-1
56,25,763,999,46,70,1,1,-1,-1
56,70,807,52,52,47,1,1,-1,-1
56,71,1104,137,24,54,1,4,-1,-1
56,72,952,74,18,35,1,1,-1,-1
56,105,1358,1021,36,46,1,2,-1,-1
56,106,864,256,23,46,1,1,-1,-1
56,107,817,502,27,73,1,1,-1,-1
56,157,945,510,27,70,1,1,-1,-1
56,158,817,960,37,89,1,1,-1,-1
56,159,820,580,36,85,1,1,-1,-1
56,160,915,267,22,53,1,1,-1,-1
56,255,594,373,39,54,1,2,-1,-1
56,256,1112,900,32,57,1,2,-1,-1
56,257,926,223,17,35,1,1,-1,-1
56,258,943,130,17,35,1,1,-1,-1
56,259,954,767,42,87,1,1,-1,-1
56,260,445,473,43,67,1,2,-1,-1
56,261,1233,164,25,42,1,1,-1,-1
56,262,0,108,84,73,1,4,-1,-1
57,3,850,485,31,60,1,1,-1,-1
57,4,634,556,145,68,1,7,-1,-1
57,22,932,124,17,41,1,1,-1,-1
57,26,1063,37,89,45,1,4,-1,-1
57,37,914,507,26,66,1,1,-1,-1
57,70,808,53,52,47,1,1,-1,-1
57,71,1105,139,24,53,1,4,-1,-1
57,72,952,75,18,35,1,1,-1,-1
57,106,865,258,23,46,1,1,-1,-1
57,107,816,507,28,73,1,1,-1,-1
57,108,1069,686,30,76,1,1,-1,-1
57,158,815,971,37,89,1,1,-1,-1
57,159,821,586,36,85,1,1,-1,-1
57,160,916,270,22,53,1,1,-1,-1
57,257,926,225,17,35,1,1,-1,-1
57,258,942,133,17,35,1,1,-1,-1
57,259,955,769,42,87,1,1,-1,-1
57,260,450,471,43,67,1,2,-1,-1
57,261,1233,166,26,41,1,1,-1,-1
57,262,0,111,80,73,1,4,-1,-1
58,3,850,488,31,61,1,1,-1,-1
58,4,635,559,145,68,1,7,-1,-1
58,8,1010,69,17,33,1,1,-1,-1
58,22,931,125,17,41,1,1,-1,-1
58,26,1063,38,89,45,1,4,-1,-1
58,37,913,508,26,66,1,1,-1,-1
58,70,809,53,52,47,1,1,-1,-1
58,71,1106,140,24,54,1,4,-1,-1
58,72,953,76,18,35,1,1,-1,-1
58,106,866,260,23,46,1,1,-1,-1
58,107,816,511,28,73,1,1,-1,-1
58,108,1069,689,30,77,1,1,-1,-1
58,158,817,979,37,83,1,1,-1,-1
58,159,821,590,37,86,1,1,-1,-1
58,160,917,273,22,53,1,1,-1,-1
58,257,926,226,17,35,1,1,-1,-1
58,258,941,135,17,35,1,1,-1,-1
58,259,956,771,42,87,1,1,-1,-1
58,260,455,469,43,67,1,2,-1,-1
58,261,1234,168,26,41,1,1,-1,-1
58,262,0,114,77,73,1,4,-1,-1
58,263,952,212,23,47,1,1,-1,-1
58,264,965,314,17,41,1,1,-1,-1
59,3,850,492,31,60,1,1,-1,-1
59,4,635,561,145,68,1,7,-1,-1
59,8,1010,70,17,34,1,1,-1,-1
59,22,930,127,17,41,1,1,-1,-1
59,26,1063,39,89,45,1,4,-1,-1
59,37,913,509,26,66,1,1,-1,-1
59,70,811,54,52,47,1,1,-1,-1
59,71,1107,142,24,53,1,4,-1,-1
59,72,953,78,18,35,1,1,-1,-1
59,73,878,505,24,57,1,1,-1,-1
59,106,867,262,23,46,1,1,-1,-1
59,107,815,516,30,73,1,1,-1,-1
59,108,1068,692,30,77,1,1,-1,-1
59,158,819,988,37,76,1,1,-1,-1
59,159,822,595,37,86,1,1,-1,-1
59,160,918,276,22,53,1,1,-1,-1
59,161,1114,314,30,57,1,1,-1,-1
59,260,460,467,43,67,1,2,-1,-1
59,261,1235,170,27,41,1,1,-1,-1
59,262,0,115,77,73,1,4,-1,-1
59,263,953,212,23,47,1,1,-1,-1
59,264,963,316,17,41,1,1,-1,-1
60,3,850,495,31,61,1,1,-1,-1
60,4,636,564,145,68,1,7,-1,-1
60,8,1010,72,17,34,1,1,-1,-1
60,22,929,128,18,41,1,1,-1,-1
60,26,1064,39,89,46,1,4,-1,-1
60,37,912,510,26,66,1,1,-1,-1
60,70,812,54,52,47,1,1,-1,-1
60,71,1107,143,25,54,1,4,-1,-1
60,72,954,79,18,35,1,1,-1,-1
60,73,878,509,24,58,1,1,-1,-1
60,74,958,775,42,87,1,1,-1,-1
60,107,815,520,30,73,1,1,-1,-1
60,108,1068,696,30,77,1,1,-1,-1
60,159,823,600,37,86,1,1,-1,-1
60,160,918,277,22,53,1,1,-1,-1
60,161,1115,314,30,59,1,1,-1,-1
60,262,0,116,77,73,1,4,-1,-1
60,263,954,213,23,47,1,1,-1,-1
60,264,962,319,17,41,1,1,-1,-1
61,3,850,498,30,61,1,1,-1,-1
61,8,1016,82,17,30,1,1,-1,-1
61,22,929,129,18,41,1,1,-1,-1
61,26,1064,40,89,46,1,4,-1,-1
61,37,912,512,26,66,1,1,-1,-1
61,72,954,80,18,35,1,1,-1,-1
61,73,877,513,24,58,1,1,-1,-1
61,74,959,777,42,88,1,1,-1,-1
61,107,814,525,31,73,1,1,-1,-1
61,108,1068,699,30,77,1,1,-1,-1
61,109,232,87,72,64,1,4,-1,-1
61,161,1116,315,30,59,1,1,-1,-1
61,263,955,213,23,47,1,1,-1,-1
61,264,963,320,17,41,1,1,-1,-1
61,265,971,293,17,35,1,1,-1,-1
61,266,1034,288,62,115,1,5,-1,-1
61,267,1035,372,30,51,1,1,-1,-1
62,3,850,502,30,61,1,1,-1,-1
62,8,1011,76,17,34,1,1,-1,-1
62,22,929,130,18,41,1,1,-1,-1
62,26,1064,41,89,46,1,4,-1,-1
62,27,9,665,199,235,1,6,-1,-1
62,37,912,513,26,66,1,1,-1,-1
62,73,877,518,24,58,1,1,-1,-1
62,74,960,779,42,88,1,1,-1,-1
62,108,1068,703,30,77,1,1,-1,-1
62,109,228,89,72,64,1,4,-1,-1
62,161,1117,316,30,59,1,1,-1,-1
62,162,622,617,153,73,1,7,-1,-1
62,263,956,213,23,47,1,1,-1,-1
62,264,965,322,17,41,1,1,-1,-1
62,265,972,296,17,35,1,1,-1,-1
62,266,1035,288,63,118,1,5,-1,-1
62,267,1039,374,30,51,1,1,-1,-1
63,3,850,505,30,61,1,1,-1,-1
63,8,1015,85,17,30,1,1,-1,-1
63,22,928,131,19,41,1,1,-1,-1
63,26,1065,42,89,46,1,4,-1,-1
63,27,13,683,181,207,1,6,-1,-1
63,37,906,496,26,58,1,1,-1,-1
63,73,876,522,25,59,1,1,-1,-1
63,74,961,781,42,88,1,1,-1,-1
63,108,1070,706,30,77,1,1,-1,-1
63,109,224,90,72,64,1,4,-1,-1
63,161,1119,316,29,61,1,1,-1,-1
63,162,604,590,186,87,1,7,-1,-1
63,265,973,299,17,35,1,1,-1,-1
63,266,1037,288,63,120,1,5,-1,-1
63,267,1043,375,30,51,1,1,-1,-1
64,3,850,509,30,61,1,1,-1,-1
64,8,1011,80,17,34,1,1,-1,-1
64,22,928,132,19,41,1,1,-1,-1
64,26,1065,43,89,46,1,4,-1,-1
64,27,20,672,187,207,1,6,-1,-1
64,37,911,516,26,66,1,1,-1,-1
64,73,876,527,25,59,1,1,-1,-1
64,74,962,783,42,88,1,1,-1,-1
64,109,220,92,72,64,1,4,-1,-1
64,161,1120,317,29,61,1,1,-1,-1
64,162,623,623,154,72,1,7,-1,-1
64,265,971,294,17,35,1,1,-1,-1
64,266,1038,288,64,122,1,5,-1,-1
64,267,1048,377,30,51,1,1,-1,-1
64,268,983,130,16,35,1,1,-1,-1
65,1,487,471,52,57,1,10,-1,-1
65,3,850,512,30,61,1,1,-1,-1
65,8,1004,81,18,32,1,1,-1,-1
65,22,928,133,19,41,1,1,-1,-1
65,26,1066,44,89,46,1,4,-1,-1
65,27,27,662,193,206,1,6,-1,-1
65,37,907,500,27,57,1,1,-1,-1
65,73,875,531,26,60,1,1,-1,-1
65,74,963,785,42,88,1,1,-1,-1
65,109,217,94,72,64,1,4,-1,-1
65,110,794,283,76,107,1,5,-1,-1
65,162,623,626,155,72,1,7,-1,-1
65,163,950,145,17,35,1,1,-1,-1
65,265,977,298,17,35,1,1,-1,-1
65,266,1040,289,64,124,1,5,-1,-1
65,267,1052,378,30,51,1,1,-1,-1
65,268,983,132,16,35,1,1,-1,-1
65,269,1042,490,66,103,1,7,-1,-1
66,1,489,469,52,57,1,10,-1,-1
66,3,850,516,30,61,1,1,-1,-1
66,8,1012,84,17,34,1,1,-1,-1
66,26,1065,43,90,47,1,4,-1,-1
66,27,38,651,191,203,1,6,-1,-1
66,37,907,501,28,58,1,1,-1,-1
66,73,871,497,36,74,1,1,-1,-1
66,74,964,787,42,88,1,1,-1,-1
66,109,216,94,72,64,1,4,-1,-1
66,110,796,285,76,107,1,5,-1,-1
66,111,1272,200,25,43,1,1,-1,-1
66,162,641,620,130,60,1,7,-1,-1
66,163,951,145,17,35,1,1,-1,-1
66,268,983,134,16,35,1,1,-1,-1
66,269,1043,493,67,104,1,7,-1,-1
66,270,927,240,17,35,1,1,-1,-1
66,271,978,346,17,41,1,1,-1,-1
67,1,492,467,52,57,1,10,-1,-1
67,3,850,519,30,61,1,1,-1,-1
67,8,1012,86,17,34,1,1,-1,-1
67,26,1065,43,91,47,1,4,-1,-1
67,27,83,646,154,163,1,6,-1,-1
67,48,948,537,33,70,1,1,-1,-1
67,74,965,789,42,88,1,1,-1,-1
67,75,818,552,35,73,1,1,-1,-1
67,109,215,95,72,64,1,4,-1,-1
67,110,794,286,76,107,1,5,-1,-1
67,111,1274,200,25,43,1,1,-1,-1
67,112,995,690,36,51,1,2,-1,-1
67,162,625,631,155,72,1,7,-1,-1
67,163,953,146,17,35,1,1,-1,-1
67,164,821,58,52,47,1,1,-1,-1
67,165,1061,381,30,51,1,1,-1,-1
67,268,983,135,16,35,1,1,-1,-1
67,269,1044,494,67,104,1,7,-1,-1
67,270,927,241,17,35,1,1,-1,-1
67,271,974,331,17,41,1,1,-1,-1
67,272,1042,293,64,124,1,5,-1,-1
68,1,498,445,38,67,1,2,-1,-1
68,3,850,523,30,61,1,1,-1,-1
68,8,1012,88,17,34,1,1,-1,-1
68,27,61,630,187,196,1,6,-1,-1
68,48,949,539,33,70,1,1,-1,-1
68,75,821,557,36,73,1,1,-1,-1
68,110,792,287,76,107,1,5,-1,-1
68,111,1276,201,25,42,1,1,-1,-1
68,112,990,683,37,53,1,2,-1,-1
68,113,352,73,67,55,1,4,-1,-1
68,163,954,147,17,35,1,1,-1,-1
68,164,822,58,52,47,1,1,-1,-1
68,165,1065,383,30,51,1,1,-1,-1
68,166,909,505,28,58,1,1,-1,-1
68,268,983,137,16,35,1,1,-1,-1
68,269,1046,496,67,104,1,7,-1,-1
68,270,928,243,17,35,1,1,-1,-1
68,271,973,331,17,41,1,1,-1,-1
68,272,1043,295,64,124,1,5,-1,-1
68,273,760,338,76,74,1,7,-1,-1
69,1,502,443,37,66,1,2,-1,-1
69,8,1012,90,17,34,1,1,-1,-1
69,27,73,619,185,193,1,6,-1,-1
69,28,958,90,18,35,1,1,-1,-1
69,48,949,541,34,70,1,1,-1,-1
69,75,819,560,36,73,1,1,-1,-1
69,110,790,288,76,108,1,5,-1,-1
69,111,1275,201,25,42,1,1,-1,-1
69,112,998,695,36,51,1,2,-1,-1
69,113,347,74,67,55,1,4,-1,-1
69,163,956,148,17,35,1,1,-1,-1
69,164,824,59,52,47,1,1,-1,-1
69,165,1070,385,30,51,1,1,-1,-1
69,166,909,506,28,58,1,1,-1,-1
69,269,1048,498,67,104,1,7,-1,-1
69,270,929,244,17,35,1,1,-1,-1
69,271,973,332,17,41,1,1,-1,-1
69,272,1045,297,64,124,1,5,-1,-1
69,273,767,372,69,67,1,7,-1,-1
69,274,847,561,25,67,1,1,-1,-1
70,1,506,440,36,67,1,2,-1,-1
70,8,1013,92,17,34,1,1,-1,-1
70,27,85,609,183,189,1,6,-1,-1
70,28,958,91,18,35,1,1,-1,-1
70,48,949,543,35,70,1,1,-1,-1
70,75,818,564,35,73,1,1,-1,-1
70,110,788,289,76,108,1,5,-1,-1
70,111,1274,201,26,42,1,1,-1,-1
70,112,1000,697,36,51,1,2,-1,-1
70,113,343,75,67,55,1,4,-1,-1
70,163,954,149,17,35,1,1,-1,-1
70,164,825,59,52,47,1,1,-1,-1
70,165,1073,387,30,51,1,1,-1,-1
70,166,909,508,29,58,1,1,-1,-1
70,167,671,602,36,48,1,2,-1,-1
70,168,807,664,25,60,1,1,-1,-1
70,270,929,246,17,35,1,1,-1,-1
70,271,972,333,17,41,1,1,-1,-1
70,272,1046,299,64,124,1,5,-1,-1
70,273,766,374,69,67,1,7,-1,-1
70,274,846,565,25,67,1,1,-1,-1
70,275,891,218,23,29,1,1,-1,-1
70,276,905,486,24,51,1,1,-1,-1
71,1,503,459,52,57,1,10,-1,-1
71,8,1013,92,17,34,1,1,-1,-1
71,27,96,598,181,186,1,6,-1,-1
71,28,959,93,18,35,1,1,-1,-1
71,48,950,545,35,70,1,1,-1,-1
71,49,644,591,145,68,1,7,-1,-1
71,75,816,568,35,73,1,1,-1,-1
71,110,787,290,75,108,1,5,-1,-1
71,111,1274,201,25,42,1,1,-1,-1
71,112,1002,700,36,51,1,2,-1,-1
71,113,339,76,67,55,1,4,-1,-1
71,164,826,60,52,47,1,1,-1,-1
71,165,1076,389,30,51,1,1,-1,-1
71,166,910,510,29,58,1,1,-1,-1
71,167,671,604,36,48,1,2,-1,-1
71,168,808,669,25,60,1,1,-1,-1
71,272,1047,301,64,124,1,5,-1,-1
71,273,764,375,70,68,1,7,-1,-1
71,274,845,569,25,67,1,1,-1,-1
71,275,891,219,23,29,1,1,-1,-1
71,276,906,487,24,51,1,1,-1,-1
71,277,871,558,27,61,1,1,-1,-1
72,1,514,435,34,67,1,2,-1,-1
72,8,1012,110,17,28,1,1,-1,-1
72,27,108,587,179,183,1,6,-1,-1
72,28,957,93,18,35,1,1,-1,-1
72,48,950,547,36,70,1,1,-1,-1
72,49,645,593,145,68,1,7,-1,-1
72,75,815,571,35,73,1,1,-1,-1
72,111,1273,201,26,42,1,1,-1,-1
72,112,1004,702,36,51,1,2,-1,-1
72,113,334,77,67,55,1,4,-1,-1
72,114,951,152,17,35,1,1,-1,-1
72,164,828,61,52,47,1,1,-1,-1
72,165,1079,391,30,51,1,1,-1,-1
72,166,908,526,26,66,1,1,-1,-1
72,167,671,606,36,48,1,2,-1,-1
72,168,809,674,25,60,1,1,-1,-1
72,273,763,376,70,69,1,7,-1,-1
72,274,843,572,25,67,1,1,-1,-1
72,275,892,220,23,29,1,1,-1,-1
72,276,907,488,24,51,1,1,-1,-1
72,277,870,562,27,61,1,1,-1,-1
73,1,512,433,34,67,1,2,-1,-1
73,8,1011,111,17,28,1,1,-1,-1
73,28,955,94,18,35,1,1,-1,-1
73,48,932,544,45,87,1,1,-1,-1
73,49,646,595,145,68,1,7,-1,-1
73,75,814,575,34,73,1,1,-1,-1
73,112,1006,705,36,51,1,2,-1,-1
73,113,330,78,67,55,1,4,-1,-1
73,114,949,154,17,35,1,1,-1,-1
73,166,911,514,30,58,1,1,-1,-1
73,167,671,608,36,48,1,2,-1,-1
73,168,810,680,25,60,1,1,-1,-1
73,169,914,302,22,53,1,1,-1,-1
73,274,842,576,25,67,1,1,-1,-1
73,275,889,221,23,29,1,1,-1,-1
73,276,909,490,24,51,1,1,-1,-1
73,277,869,566,27,62,1,1,-1,-1
74,1,510,432,34,67,1,2,-1,-1
74,28,953,94,18,35,1,1,-1,-1
74,48,945,550,36,70,1,1,-1,-1
74,49,647,598,145,68,1,7,-1,-1
74,75,812,579,34,73,1,1,-1,-1
74,76,596,418,72,76,1,7,-1,-1
74,113,326,79,67,55,1,4,-1,-1
74,114,947,155,17,35,1,1,-1,-1
74,167,672,611,36,48,1,2,-1,-1
74,168,807,685,26,60,1,1,-1,-1
74,169,912,304,22,53,1,1,-1,-1
74,170,971,337,17,41,1,1,-1,-1
74,275,886,223,23,29,1,1,-1,-1
74,276,907,491,24,51,1,1,-1,-1
74,277,868,571,27,61,1,1,-1,-1
74,278,816,61,52,47,1,1,-1,-1
74,279,958,249,21,43,1,1,-1,-1
75,1,500,453,51,57,1,10,-1,-1
75,28,951,95,18,35,1,1,-1,-1
75,48,939,551,36,69,1,1,-1,-1
75,49,642,601,148,68,1,7,-1,-1
75,76,593,420,72,76,1,7,-1,-1
75,77,1013,92,17,34,1,1,-1,-1
75,114,946,157,17,35,1,1,-1,-1
75,167,669,614,36,48,1,2,-1,-1
75,168,804,690,28,60,1,1,-1,-1
75,169,911,306,22,53,1,1,-1,-1
75,170,969,337,17,41,1,1,-1,-1
75,171,1003,710,36,51,1,2,-1,-1
75,277,867,575,27,62,1,1,-1,-1
75,278,810,61,52,47,1,1,-1,-1
75,279,965,260,17,41,1,1,-1,-1
76,1,506,429,34,67,1,2,-1,-1
76,28,949,96,18,35,1,1,-1,-1
76,49,638,604,150,68,1,7,-1,-1
76,76,589,423,72,76,1,7,-1,-1
76,77,1013,92,17,34,1,1,-1,-1
76,114,942,158,17,35,1,1,-1,-1
76,169,909,308,22,53,1,1,-1,-1
76,170,967,338,17,41,1,1,-1,-1
76,171,1002,713,36,51,1,2,-1,-1
76,278,805,61,52,47,1,1,-1,-1
76,279,961,260,17,41,1,1,-1,-1
77,1,504,427,34,67,1,2,-1,-1
77,28,945,96,18,35,1,1,-1,-1
77,38,1091,0,40,29,1,4,-1,-1
77,49,634,607,152,68,1,7,-1,-1
77,76,586,426,72,76,1,7,-1,-1
77,77,1013,92,17,34,1,1,-1,-1
77,78,821,680,48,90,1,1,-1,-1
77,114,939,159,17,35,1,1,-1,-1
77,115,891,531,26,66,1,1,-1,-1
77,169,908,310,22,53,1,1,-1,-1
77,170,965,339,17,41,1,1,-1,-1
77,171,1001,715,36,51,1,2,-1,-1
77,278,799,61,52,47,1,1,-1,-1
77,279,957,261,17,41,1,1,-1,-1
77,280,908,252,17,35,1,1,-1,-1
77,281,904,494,24,53,1,1,-1,-1
78,1,494,448,51,57,1,10,-1,-1
78,28,941,96,18,35,1,1,-1,-1
78,38,1087,0,39,29,1,4,-1,-1
78,49,630,610,154,68,1,7,-1,-1
78,76,581,427,73,75,1,7,-1,-1
78,77,1007,91,17,34,1,1,-1,-1
78,78,817,685,48,90,1,1,-1,-1
78,79,1235,200,29,45,1,1,-1,-1
78,114,936,160,17,35,1,1,-1,-1
78,115,886,532,26,66,1,1,-1,-1
78,116,1266,203,27,41,1,1,-1,-1
78,169,906,312,22,53,1,1,-1,-1
78,170,964,340,17,41,1,1,-1,-1
78,171,1000,718,36,51,1,2,-1,-1
78,278,793,61,52,47,1,1,-1,-1
78,279,953,261,17,41,1,1,-1,-1
78,280,904,253,17,35,1,1,-1,-1
78,281,902,496,25,52,1,1,-1,-1
78,282,983,160,17,35,1,1,-1,-1
79,1,500,424,34,67,1,2,-1,-1
79,28,937,96,18,35,1,1,-1,-1
79,38,1083,0,39,29,1,4,-1,-1
79,49,626,613,157,68,1,7,-1,-1
79,76,576,428,74,75,1,7,-1,-1
79,77,1001,90,17,34,1,1,-1,-1
79,78,813,690,48,90,1,1,-1,-1
79,79,1233,202,28,45,1,1,-1,-1
79,115,882,532,26,66,1,1,-1,-1
79,116,1263,203,27,41,1,1,-1,-1
79,170,967,352,17,41,1,1,-1,-1
79,171,999,721,36,51,1,2,-1,-1
79,280,900,254,17,35,1,1,-1,-1
79,281,901,497,25,53,1,1,-1,-1
79,282,980,161,17,35,1,1,-1,-1
79,283,863,350,31,72,1,1,-1,-1
80,1,498,423,34,67,1,2,-1,-1
80,29,946,794,51,117,1,1,-1,-1
80,38,1079,0,39,30,1,4,-1,-1
80,76,571,429,75,75,1,7,-1,-1
80,77,995,89,17,34,1,1,-1,-1
80,78,809,695,48,90,1,1,-1,-1
80,79,1230,203,29,45,1,1,-1,-1
80,115,878,532,26,66,1,1,-1,-1
80,116,1259,204,27,41,1,1,-1,-1
80,171,997,723,36,51,1,2,-1,-1
80,172,300,85,67,55,1,4,-1,-1
80,280,895,254,17,36,1,1,-1,-1
80,281,900,498,25,53,1,1,-1,-1
80,282,976,161,17,35,1,1,-1,-1
80,283,866,329,27,65,1,1,-1,-1
81,1,488,443,51,57,1,10,-1,-1
81,29,955,807,41,95,1,1,-1,-1
81,38,1075,0,39,30,1,4,-1,-1
81,76,566,430,76,75,1,7,-1,-1
81,77,989,89,17,34,1,1,-1,-1
81,78,806,700,48,90,1,1,-1,-1
81,79,1228,205,28,45,1,1,-1,-1
81,115,874,532,26,66,1,1,-1,-1
81,116,1256,204,27,41,1,1,-1,-1
81,172,295,85,67,55,1,4,-1,-1
81,280,891,254,16,38,1,1,-1,-1
81,281,899,499,25,54,1,1,-1,-1
81,282,972,161,17,35,1,1,-1,-1
81,283,867,362,23,53,1,1,-1,-1
82,1,487,443,51,57,1,10,-1,-1
82,29,952,808,41,96,1,1,-1,-1
82,38,1071,0,39,31,1,4,-1,-1
82,77,984,89,17,34,1,1,-1,-1
82,78,806,706,48,90,1,1,-1,-1
82,79,1225,206,28,45,1,1,-1,-1
82,115,871,532,26,66,1,1,-1,-1
82,116,1252,204,27,41,1,1,-1,-1
82,117,801,608,31,73,1,1,-1,-1
82,172,290,86,67,55,1,4,-1,-1
82,173,940,269,17,41,1,1,-1,-1
82,282,968,161,17,35,1,1,-1,-1
82,283,863,365,23,53,1,1,-1,-1
82,284,942,122,17,34,1,1,-1,-1
83,1,486,443,51,57,1,10,-1,-1
83,29,949,809,41,97,1,1,-1,-1
83,38,1067,0,39,31,1,4,-1,-1
83,78,806,712,48,90,1,1,-1,-1
83,79,1223,208,28,45,1,1,-1,-1
83,115,866,533,26,66,1,1,-1,-1
83,116,1249,205,27,41,1,1,-1,-1
83,117,800,612,31,73,1,1,-1,-1
83,172,286,87,67,55,1,4,-1,-1
83,173,938,271,17,41,1,1,-1,-1
83,174,1115,522,39,70,1,1,-1,-1
83,283,859,367,23,53,1,1,-1,-1
83,284,938,123,17,34,1,1,-1,-1
83,285,882,254,16,41,1,1,-1,-1
83,286,914,169,17,35,1,1,-1,-1
83,287,959,97,17,29,1,1,-1,-1
84,1,491,422,34,67,1,2,-1,-1
84,29,947,811,40,97,1,1,-1,-1
84,38,1063,1,39,31,1,4,-1,-1
84,78,806,718,48,90,1,1,-1,-1
84,79,1222,209,28,45,1,1,-1,-1
84,80,918,98,18,35,1,1,-1,-1
84,116,1248,205,27,41,1,1,-1,-1
84,117,801,615,31,72,1,1,-1,-1
84,172,281,87,67,55,1,4,-1,-1
84,173,935,273,17,41,1,1,-1,-1
84,174,1115,523,37,71,1,1,-1,-1
84,284,933,124,17,34,1,1,-1,-1
84,285,878,255,16,42,1,1,-1,-1
84,286,910,170,17,35,1,1,-1,-1
84,287,956,98,17,29,1,1,-1,-1
84,288,965,104,19,33,1,1,-1,-1
85,1,489,422,34,67,1,2,-1,-1
85,29,947,812,40,97,1,1,-1,-1
85,38,1063,1,39,31,1,4,-1,-1
85,79,1221,210,28,46,1,1,-1,-1
85,80,915,99,17,35,1,1,-1,-1
85,117,803,618,31,72,1,1,-1,-1
85,172,276,88,67,55,1,4,-1,-1
85,173,932,276,17,41,1,1,-1,-1
85,174,1115,524,36,72,1,1,-1,-1
85,175,1079,401,31,60,1,1,-1,-1
85,284,929,125,17,34,1,1,-1,-1
85,285,876,257,16,42,1,1,-1,-1
85,286,907,172,17,35,1,1,-1,-1
85,287,953,99,17,29,1,1,-1,-1
85,288,970,92,17,34,1,1,-1,-1
86,1,483,443,51,57,1,10,-1,-1
86,29,947,814,40,97,1,1,-1,-1
86,38,1052,6,37,32,1,4,-1,-1
86,80,914,99,17,35,1,1,-1,-1
86,117,805,621,30,72,1,1,-1,-1
86,118,1248,206,27,40,1,1,-1,-1
86,173,929,278,17,41,1,1,-1,-1
86,174,1115,524,34,74,1,1,-1,-1
86,175,1079,402,31,61,1,1,-1,-1
86,176,760,305,75,114,1,5,-1,-1
86,177,948,365,17,41,1,1,-1,-1
86,284,928,127,17,34,1,1,-1,-1
86,285,875,259,16,42,1,1,-1,-1
86,286,906,174,17,35,1,1,-1,-1
86,287,950,100,17,29,1,1,-1,-1
86,288,970,92,17,34,1,1,-1,-1
86,289,888,472,32,69,1,1,-1,-1
86,290,902,332,16,47,1,1,-1,-1
86,291,1120,812,30,78,1,1,-1,-1
87,1,493,444,25,50,1,2,-1,-1
87,29,947,815,40,97,1,1,-1,-1
87,80,913,99,17,35,1,1,-1,-1
87,117,806,624,31,72,1,1,-1,-1
87,118,1248,206,27,40,1,1,-1,-1
87,119,740,396,78,79,1,7,-1,-1
87,173,927,280,17,41,1,1,-1,-1
87,174,1115,525,32,75,1,1,-1,-1
87,175,1081,402,31,61,1,1,-1,-1
87,176,758,306,75,114,1,5,-1,-1
87,177,949,367,17,41,1,1,-1,-1
87,178,587,702,168,72,1,7,-1,-1
87,285,873,261,16,42,1,1,-1,-1
87,286,906,176,17,35,1,1,-1,-1
87,287,947,101,17,29,1,1,-1,-1
87,288,970,92,17,34,1,1,-1,-1
87,289,892,506,25,56,1,1,-1,-1
87,290,899,334,16,47,1,1,-1,-1
87,291,1122,814,30,79,1,1,-1,-1
88,1,483,442,51,57,1,10,-1,-1
88,29,947,817,40,97,1,1,-1,-1
88,50,607,637,168,68,1,7,-1,-1
88,80,912,100,17,35,1,1,-1,-1
88,81,854,536,26,69,1,1,-1,-1
88,117,808,627,30,72,1,1,-1,-1
88,118,1247,206,28,41,1,1,-1,-1
88,119,739,398,78,79,1,7,-1,-1
88,120,937,162,16,35,1,1,-1,-1
88,174,1115,526,31,76,1,1,-1,-1
88,175,1084,403,31,61,1,1,-1,-1
88,176,756,307,75,114,1,5,-1,-1
88,177,950,368,17,41,1,1,-1,-1
88,178,587,704,169,72,1,7,-1,-1
88,179,927,132,17,34,1,1,-1,-1
88,288,970,92,17,34,1,1,-1,-1
88,289,890,508,26,55,1,1,-1,-1
88,290,900,337,16,47,1,1,-1,-1
88,291,1123,817,30,78,1,1,-1,-1
89,1,490,421,34,67,1,2,-1,-1
89,29,948,818,40,97,1,1,-1,-1
89,50,607,639,168,68,1,7,-1,-1
89,51,870,265,16,42,1,1,-1,-1
89,80,912,101,17,35,1,1,-1,-1
89,81,854,537,27,69,1,1,-1,-1
89,118,1247,207,28,40,1,1,-1,-1
89,119,737,399,79,80,1,7,-1,-1
89,120,936,163,16,35,1,1,-1,-1
89,175,1087,404,31,61,1,1,-1,-1
89,176,754,308,75,115,1,5,-1,-1
89,177,951,369,17,41,1,1,-1,-1
89,178,587,706,170,72,1,7,-1,-1
89,179,928,133,17,34,1,1,-1,-1
89,289,889,509,26,56,1,1,-1,-1
89,290,901,340,16,47,1,1,-1,-1
89,291,1124,819,30,78,1,1,-1,-1
89,292,809,602,39,90,1,1,-1,-1
90,1,487,440,51,57,1,10,-1,-1
90,29,948,820,40,97,1,1,-1,-1
90,50,607,641,168,68,1,7,-1,-1
90,51,869,267,16,42,1,1,-1,-1
90,80,913,102,17,35,1,1,-1,-1
90,81,855,537,26,71,1,1,-1,-1
90,82,974,120,17,30,1,1,-1,-1
90,118,1247,207,28,40,1,1,-1,-1
90,119,736,400,79,81,1,7,-1,-1
90,120,934,164,16,35,1,1,-1,-1
90,175,1090,404,30,61,1,1,-1,-1
90,176,752,309,75,115,1,5,-1,-1
90,177,952,371,17,41,1,1,-1,-1
90,178,587,708,171,72,1,7,-1,-1
90,179,929,134,17,34,1,1,-1,-1
90,180,150,17,69,48,1,4,-1,-1
90,289,888,510,26,56,1,1,-1,-1
90,290,902,343,16,47,1,1,-1,-1
90,291,1126,821,30,79,1,1,-1,-1
90,292,812,601,32,75,1,1,-1,-1
91,1,489,439,51,57,1,10,-1,-1
91,50,617,634,183,74,1,7,-1,-1
91,51,867,269,16,42,1,1,-1,-1
91,80,914,103,17,35,1,1,-1,-1
91,81,856,538,26,71,1,1,-1,-1
91,82,975,121,16,31,1,1,-1,-1
91,118,1247,207,28,40,1,1,-1,-1
91,119,735,402,79,81,1,7,-1,-1
91,120,933,165,16,35,1,1,-1,-1
91,176,751,310,75,116,1,5,-1,-1
91,177,953,372,17,41,1,1,-1,-1
91,178,588,710,171,72,1,7,-1,-1
91,179,931,135,17,34,1,1,-1,-1
91,180,149,18,70,47,1,4,-1,-1
91,181,1119,531,32,76,1,1,-1,-1
91,292,811,605,31,75,1,1,-1,-1
92,1,491,438,51,57,1,10,-1,-1
92,50,608,646,168,68,1,7,-1,-1
92,51,854,271,23,34,1,1,-1,-1
92,81,856,538,27,73,1,1,-1,-1
92,82,975,122,16,32,1,1,-1,-1
92,118,1247,208,28,40,1,1,-1,-1
92,119,736,404,79,81,1,7,-1,-1
92,120,932,167,16,35,1,1,-1,-1
92,178,588,712,172,72,1,7,-1,-1
92,179,932,137,17,34,1,1,-1,-1
92,180,148,18,71,47,1,4,-1,-1
92,181,1121,533,31,76,1,1,-1,-1
92,182,40,705,159,181,1,4,-1,-1
92,183,544,449,39,53,1,2,-1,-1
92,184,921,290,16,44,1,1,-1,-1
92,185,1114,808,29,72,1,1,-1,-1
92,186,1095,406,31,61,1,1,-1,-1
92,292,815,639,29,72,1,1,-1,-1
92,293,833,632,25,67,1,1,-1,-1
93,1,492,437,51,57,1,10,-1,-1
93,50,627,647,176,71,1,7,-1,-1
93,51,854,272,23,34,1,1,-1,-1
93,81,857,539,27,73,1,1,-1,-1
93,82,975,123,17,33,1,1,-1,-1
93,119,737,406,79,81,1,7,-1,-1
93,120,933,167,16,36,1,1,-1,-1
93,179,933,138,17,34,1,1,-1,-1
93,180,147,19,72,47,1,4,-1,-1
93,181,1122,535,32,76,1,1,-1,-1
93,182,50,690,162,178,1,4,-1,-1
93,183,545,450,39,53,1,2,-1,-1
93,184,922,291,16,46,1,1,-1,-1
93,185,1102,810,31,75,1,1,-1,-1
93,186,1098,407,31,61,1,1,-1,-1
93,292,809,613,31,76,1,1,-1,-1
93,293,834,634,25,67,1,1,-1,-1
93,294,931,398,22,53,1,1,-1,-1
94,1,494,436,51,57,1,10,-1,-1
94,50,609,652,168,68,1,7,-1,-1
94,51,854,272,23,34,1,1,-1,-1
94,81,858,539,26,75,1,1,-1,-1
94,82,976,124,16,34,1,1,-1,-1
94,120,934,168,16,37,1,1,-1,-1
94,180,146,19,73,47,1,4,-1,-1
94,181,1124,537,32,76,1,1,-1,-1
94,182,59,675,166,175,1,4,-1,-1
94,183,545,451,39,53,1,2,-1,-1
94,184,923,292,16,47,1,1,-1,-1
94,185,1103,814,31,75,1,1,-1,-1
94,186,1097,395,32,65,1,1,-1,-1
94,293,830,627,25,67,1,1,-1,-1
94,294,932,400,22,53,1,1,-1,-1
95,50,609,655,169,68,1,7,-1,-1
95,51,854,272,23,34,1,1,-1,-1
95,81,858,540,27,75,1,1,-1,-1
95,82,976,125,16,35,1,1,-1,-1
95,180,145,20,74,46,1,4,-1,-1
95,181,1125,538,32,75,1,1,-1,-1
95,182,68,660,169,172,1,4,-1,-1
95,183,546,452,39,53,1,2,-1,-1
95,184,924,293,16,49,1,1,-1,-1
95,185,1105,817,31,75,1,1,-1,-1
95,186,1104,408,30,61,1,1,-1,-1
95,293,821,626,30,75,1,1,-1,-1
95,294,933,402,22,53,1,1,-1,-1
96,50,610,658,169,68,1,7,-1,-1
96,51,865,273,16,42,1,1,-1,-1
96,82,976,126,16,36,1,1,-1,-1
96,181,1127,539,32,75,1,1,-1,-1
96,182,77,645,173,169,1,4,-1,-1
96,183,546,453,39,53,1,2,-1,-1
96,184,925,294,16,51,1,1,-1,-1
96,185,1106,821,31,75,1,1,-1,-1
96,186,1107,409,30,61,1,1,-1,-1
96,293,806,625,31,78,1,1,-1,-1
96,294,933,402,22,53,1,1,-1,-1
97,51,854,272,23,34,1,1,-1,-1
97,82,977,127,16,37,1,1,-1,-1
97,182,87,631,176,166,1,4,-1,-1
97,183,547,454,39,53,1,2,-1,-1
97,184,926,296,16,52,1,1,-1,-1
97,185,1108,825,31,75,1,1,-1,-1
97,186,1110,410,30,61,1,1,-1,-1
97,294,933,402,22,53,1,1,-1,-1
