1,1,177,650,75,112,1,2,-1,-1
1,4,877,27,23,35,1,2,-1,-1
1,30,983,437,106,67,1,3,-1,-1
1,35,1223,320,60,59,1,10,-1,-1
1,40,1250,423,57,91,1,2,-1,-1
1,67,330,133,164,60,1,4,-1,-1
1,77,1358,12,17,41,1,1,-1,-1
1,92,343,15,22,45,1,2,-1,-1
1,93,910,203,169,85,1,4,-1,-1
1,94,1353,177,157,81,1,4,-1,-1
1,95,1570,643,338,266,1,4,-1,-1
1,113,362,192,169,72,1,4,-1,-1
1,134,503,79,25,53,1,1,-1,-1
1,205,1007,416,48,73,1,2,-1,-1
1,206,519,76,27,59,1,1,-1,-1
1,259,635,165,159,69,1,4,-1,-1
1,260,671,201,130,85,1,7,-1,-1
1,261,903,4,50,49,1,4,-1,-1
1,262,1601,403,48,92,1,1,-1,-1
2,1,181,667,63,109,1,10,-1,-1
2,4,878,27,23,35,1,2,-1,-1
2,7,696,466,40,94,1,1,-1,-1
2,12,842,39,33,34,1,10,-1,-1
2,30,1018,418,100,63,1,3,-1,-1
2,35,1216,298,45,61,1,2,-1,-1
2,40,1257,422,57,91,1,2,-1,-1
2,51,1242,114,155,58,1,4,-1,-1
2,67,317,132,164,60,1,4,-1,-1
2,77,1358,11,17,41,1,1,-1,-1
2,92,343,14,22,45,1,2,-1,-1
2,93,902,200,169,85,1,4,-1,-1
2,94,1346,179,157,81,1,4,-1,-1
2,95,1598,631,300,236,1,4,-1,-1
2,113,368,191,169,72,1,4,-1,-1
2,134,503,78,25,54,1,1,-1,-1
2,205,989,436,106,67,1,3,-1,-1
2,206,519,75,27,59,1,1,-1,-1
2,259,626,163,160,69,1,4,-1,-1
2,260,678,200,130,85,1,7,-1,-1
2,261,903,3,50,49,1,4,-1,-1
2,262,1606,401,48,93,1,1,-1,-1
3,1,177,644,77,109,1,2,-1,-1
3,4,879,28,23,35,1,2,-1,-1
3,7,702,476,50,116,1,1,-1,-1
3,12,843,39,33,34,1,10,-1,-1
3,30,1022,413,48,73,1,2,-1,-1
3,35,1199,309,59,56,1,10,-1,-1
3,40,1265,421,57,91,1,2,-1,-1
3,51,1232,114,155,58,1,4,-1,-1
3,67,304,131,164,61,1,4,-1,-1
3,77,1359,10,17,41,1,1,-1,-1
3,92,343,14,22,45,1,2,-1,-1
3,93,895,198,169,85,1,4,-1,-1
3,94,1340,181,157,81,1,4,-1,-1
3,95,1599,630,299,236,1,4,-1,-1
3,113,374,190,169,72,1,4,-1,-1
3,134,504,78,25,54,1,1,-1,-1
3,205,996,436,106,67,1,3,-1,-1
3,206,519,75,27,59,1,1,-1,-1
3,207,1287,7,20,44,1,2,-1,-1
3,259,618,162,160,69,1,4,-1,-1
3,260,685,199,130,85,1,7,-1,-1
3,261,904,3,50,49,1,4,-1,-1
3,262,1611,399,48,94,1,1,-1,-1
3,321,141,232,212,76,1,4,-1,-1
4,1,178,641,78,107,1,2,-1,-1
4,4,880,28,23,35,1,2,-1,-1
4,7,709,475,50,116,1,1,-1,-1
4,12,844,39,33,34,1,10,-1,-1
4,30,1029,411,48,73,1,2,-1,-1
4,35,1187,303,59,55,1,10,-1,-1
4,40,1251,441,108,75,1,3,-1,-1
4,41,1260,8,17,41,1,1,-1,-1
4,51,1222,114,154,58,1,4,-1,-1
4,67,291,130,164,62,1,4,-1,-1
4,77,1359,5,18,41,1,1,-1,-1
4,92,344,13,22,45,1,2,-1,-1
4,93,888,196,169,85,1,4,-1,-1
4,94,1334,183,157,81,1,4,-1,-1
4,95,1600,629,299,236,1,4,-1,-1
4,113,380,190,169,72,1,4,-1,-1
4,134,505,78,25,54,1,1,-1,-1
4,135,392,14,17,43,1,2,-1,-1
4,165,359,18,23,48,1,2,-1,-1
4,205,1003,435,106,67,1,3,-1,-1
4,206,519,75,27,58,1,1,-1,-1
4,207,1288,7,19,45,1,2,-1,-1
4,259,610,160,160,69,1,4,-1,-1
4,260,692,199,131,85,1,7,-1,-1
4,261,904,3,50,48,1,4,-1,-1
4,262,1617,398,48,94,1,1,-1,-1
4,321,151,231,212,76,1,4,-1,-1
5,1,186,658,63,109,1,10,-1,-1
5,4,881,40,25,36,1,10,-1,-1
5,7,706,474,57,131,1,1,-1,-1
5,12,844,40,34,34,1,10,-1,-1
5,30,1037,410,48,73,1,2,-1,-1
5,35,1175,298,59,53,1,10,-1,-1
5,40,1252,454,95,66,1,3,-1,-1
5,41,1261,8,17,41,1,1,-1,-1
5,51,1212,114,154,58,1,4,-1,-1
5,67,278,130,164,61,1,4,-1,-1
5,77,1358,5,18,41,1,1,-1,-1
5,92,336,13,19,41,1,2,-1,-1
5,93,880,193,170,85,1,4,-1,-1
5,94,1328,185,157,81,1,4,-1,-1
5,95,1601,628,298,236,1,4,-1,-1
5,113,386,189,169,72,1,4,-1,-1
5,134,506,78,25,54,1,1,-1,-1
5,135,393,13,17,43,1,2,-1,-1
5,165,353,12,27,51,1,2,-1,-1
5,166,1594,105,150,54,1,4,-1,-1
5,167,1627,140,128,60,1,4,-1,-1
5,205,1010,435,106,67,1,3,-1,-1
5,206,520,74,27,59,1,1,-1,-1
5,207,1289,8,19,44,1,2,-1,-1
5,208,1280,419,57,91,1,2,-1,-1
5,259,602,159,160,69,1,4,-1,-1
5,260,700,198,130,85,1,7,-1,-1
5,261,905,2,50,49,1,4,-1,-1
5,262,1617,397,52,94,1,1,-1,-1
5,321,161,231,212,76,1,4,-1,-1
6,1,179,636,79,104,1,2,-1,-1
6,4,882,29,23,35,1,2,-1,-1
6,5,84,179,198,87,1,4,-1,-1
6,7,722,473,49,115,1,1,-1,-1
6,12,845,40,34,34,1,10,-1,-1
6,30,1044,409,48,73,1,2,-1,-1
6,35,1171,275,45,61,1,2,-1,-1
6,40,1261,452,94,66,1,3,-1,-1
6,41,1262,8,17,41,1,1,-1,-1
6,51,1202,114,154,58,1,4,-1,-1
6,67,265,129,164,62,1,4,-1,-1
6,77,1356,4,18,41,1,1,-1,-1
6,92,328,25,24,46,1,2,-1,-1
6,93,873,191,169,85,1,4,-1,-1
6,94,1322,187,157,81,1,4,-1,-1
6,95,1601,627,299,236,1,4,-1,-1
6,113,392,189,169,72,1,4,-1,-1
6,134,507,78,25,54,1,1,-1,-1
6,135,393,13,17,43,1,2,-1,-1
6,165,344,13,22,45,1,2,-1,-1
6,166,1587,105,149,54,1,4,-1,-1
6,167,1619,141,129,60,1,4,-1,-1
6,205,1017,434,106,67,1,3,-1,-1
6,206,530,60,26,56,1,1,-1,-1
6,207,1289,8,19,44,1,2,-1,-1
6,208,1288,418,57,91,1,2,-1,-1
6,263,360,17,23,48,1,2,-1,-1
6,264,900,5,65,65,1,4,-1,-1
6,321,171,230,212,76,1,4,-1,-1
7,1,179,633,81,102,1,2,-1,-1
7,4,883,30,23,35,1,2,-1,-1
7,5,92,178,197,87,1,4,-1,-1
7,7,728,471,50,116,1,1,-1,-1
7,12,846,40,34,34,1,10,-1,-1
7,30,1052,407,48,73,1,2,-1,-1
7,35,1151,287,58,50,1,10,-1,-1
7,40,1269,450,95,66,1,3,-1,-1
7,41,1262,8,18,41,1,1,-1,-1
7,51,1191,114,154,58,1,4,-1,-1
7,67,252,128,164,63,1,4,-1,-1
7,77,1355,4,18,41,1,1,-1,-1
7,78,585,156,161,69,1,4,-1,-1
7,92,328,24,24,46,1,2,-1,-1
7,93,866,189,169,85,1,4,-1,-1
7,94,1316,189,157,81,1,4,-1,-1
7,95,1602,627,298,236,1,4,-1,-1
7,113,399,188,169,72,1,4,-1,-1
7,134,507,78,25,54,1,1,-1,-1
7,135,393,12,17,43,1,2,-1,-1
7,165,345,12,22,45,1,2,-1,-1
7,166,1579,105,149,54,1,4,-1,-1
7,167,1612,142,129,61,1,4,-1,-1
7,207,1290,8,19,45,1,2,-1,-1
7,208,1295,417,58,91,1,2,-1,-1
7,263,360,16,23,48,1,2,-1,-1
7,264,904,9,61,59,1,4,-1,-1
8,1,180,630,81,101,1,2,-1,-1
8,4,884,41,25,35,1,10,-1,-1
8,5,99,177,197,87,1,4,-1,-1
8,7,735,470,49,116,1,1,-1,-1
8,12,846,40,34,34,1,10,-1,-1
8,30,1059,406,48,73,1,2,-1,-1
8,35,1139,281,58,49,1,10,-1,-1
8,40,1278,448,94,66,1,3,-1,-1
8,41,1263,8,18,41,1,1,-1,-1
8,51,1180,114,154,58,1,4,-1,-1
8,67,239,128,164,62,1,4,-1,-1
8,77,1354,4,18,41,1,1,-1,-1
8,78,577,154,161,70,1,4,-1,-1
8,92,329,24,24,46,1,2,-1,-1
8,93,858,186,170,85,1,4,-1,-1
8,94,1309,190,157,81,1,4,-1,-1
8,95,1603,626,297,236,1,4,-1,-1
8,96,387,16,22,56,1,2,-1,-1
8,113,405,188,169,72,1,4,-1,-1
8,134,501,87,25,53,1,1,-1,-1
8,135,393,12,17,43,1,2,-1,-1
8,165,345,12,22,45,1,2,-1,-1
8,166,1571,105,149,55,1,4,-1,-1
8,167,1605,143,128,61,1,4,-1,-1
8,207,1291,8,18,45,1,2,-1,-1
8,208,1303,416,57,91,1,2,-1,-1
8,209,184,674,52,67,1,2,-1,-1
8,263,361,15,23,48,1,2,-1,-1
8,264,907,1,49,49,1,4,-1,-1
8,265,190,229,212,76,1,4,-1,-1
9,1,180,628,82,99,1,2,-1,-1
9,4,885,31,23,35,1,2,-1,-1
9,5,106,177,197,87,1,4,-1,-1
9,7,741,469,50,116,1,1,-1,-1
9,12,847,41,34,34,1,10,-1,-1
9,30,1067,404,48,73,1,2,-1,-1
9,35,1127,276,58,48,1,10,-1,-1
9,40,1286,446,95,66,1,3,-1,-1
9,41,1264,8,19,41,1,1,-1,-1
9,51,1169,114,154,58,1,4,-1,-1
9,67,226,127,164,63,1,4,-1,-1
9,77,1353,4,18,41,1,1,-1,-1
9,78,569,153,161,69,1,4,-1,-1
9,92,330,23,24,46,1,2,-1,-1
9,93,851,184,170,85,1,4,-1,-1
9,94,1302,192,157,81,1,4,-1,-1
9,95,1604,625,297,236,1,4,-1,-1
9,96,378,10,23,47,1,2,-1,-1
9,113,411,187,169,72,1,4,-1,-1
9,135,394,11,17,43,1,2,-1,-1
9,165,345,12,22,45,1,2,-1,-1
9,166,1563,105,149,55,1,4,-1,-1
9,167,1598,144,128,62,1,4,-1,-1
9,208,1310,415,58,91,1,2,-1,-1
9,209,186,670,52,67,1,2,-1,-1
9,263,361,15,23,48,1,2,-1,-1
9,264,907,1,50,48,1,4,-1,-1
9,265,200,228,212,76,1,4,-1,-1
9,266,1549,382,51,88,1,1,-1,-1
10,1,181,625,83,97,1,2,-1,-1
10,4,886,31,23,35,1,2,-1,-1
10,5,113,176,197,87,1,4,-1,-1
10,7,747,468,50,115,1,1,-1,-1
10,12,848,41,34,34,1,10,-1,-1
10,30,1074,403,48,73,1,2,-1,-1
10,35,1118,270,58,48,1,10,-1,-1
10,40,1295,444,94,66,1,3,-1,-1
10,41,1264,7,19,41,1,1,-1,-1
10,51,1158,114,154,58,1,4,-1,-1
10,67,213,126,164,64,1,4,-1,-1
10,77,1351,3,18,41,1,1,-1,-1
10,78,561,151,161,70,1,4,-1,-1
10,92,330,23,24,46,1,2,-1,-1
10,93,844,182,170,85,1,4,-1,-1
10,94,1296,194,157,81,1,4,-1,-1
10,95,1604,624,297,236,1,4,-1,-1
10,96,378,10,23,47,1,2,-1,-1
10,135,394,11,17,43,1,2,-1,-1
10,165,346,11,22,45,1,2,-1,-1
10,166,1556,105,148,55,1,4,-1,-1
10,167,1591,145,128,63,1,4,-1,-1
10,168,1365,6,17,41,1,1,-1,-1
10,208,1318,414,58,91,1,2,-1,-1
10,209,187,667,52,67,1,2,-1,-1
10,210,1292,8,18,45,1,2,-1,-1
10,263,362,14,23,48,1,2,-1,-1
10,264,908,1,49,48,1,4,-1,-1
10,265,210,227,212,76,1,4,-1,-1
10,266,1552,381,51,88,1,1,-1,-1
11,1,181,622,84,96,1,2,-1,-1
11,4,887,32,23,35,1,2,-1,-1
11,5,120,175,197,87,1,4,-1,-1
11,7,754,467,49,115,1,1,-1,-1
11,12,848,41,35,34,1,10,-1,-1
11,30,1082,402,48,73,1,2,-1,-1
11,35,1109,265,58,48,1,10,-1,-1
11,40,1304,443,94,66,1,3,-1,-1
11,41,1265,7,19,41,1,1,-1,-1
11,51,1148,115,154,58,1,4,-1,-1
11,67,200,126,164,64,1,4,-1,-1
11,77,1350,3,18,41,1,1,-1,-1
11,78,553,150,161,70,1,4,-1,-1
11,96,379,9,23,47,1,2,-1,-1
11,135,394,10,17,43,1,2,-1,-1
11,166,1548,105,148,55,1,4,-1,-1
11,167,1584,145,127,64,1,4,-1,-1
11,168,1366,6,17,41,1,1,-1,-1
11,209,203,668,59,77,1,2,-1,-1
11,210,1293,7,18,45,1,2,-1,-1
11,265,220,227,212,76,1,4,-1,-1
11,266,1556,380,51,88,1,1,-1,-1
12,1,182,620,85,94,1,2,-1,-1
12,4,887,32,23,35,1,2,-1,-1
12,5,128,175,197,87,1,4,-1,-1
12,7,760,465,50,116,1,1,-1,-1
12,12,858,29,23,34,1,2,-1,-1
12,30,1090,402,48,74,1,2,-1,-1
12,35,1100,260,58,48,1,10,-1,-1
12,40,1312,442,94,66,1,3,-1,-1
12,41,1266,7,19,41,1,1,-1,-1
12,51,1137,113,154,58,1,4,-1,-1
12,67,184,125,166,64,1,4,-1,-1
12,78,542,149,162,70,1,4,-1,-1
12,96,380,9,23,47,1,2,-1,-1
12,168,1367,5,17,41,1,1,-1,-1
12,209,171,662,71,91,1,2,-1,-1
12,210,1294,7,18,45,1,2,-1,-1
12,211,1606,622,296,236,1,4,-1,-1
12,265,230,226,212,76,1,4,-1,-1
12,266,1559,379,51,88,1,1,-1,-1
12,267,347,11,22,45,1,2,-1,-1
13,1,181,616,85,94,1,2,-1,-1
13,4,888,32,23,35,1,2,-1,-1
13,5,134,175,197,87,1,4,-1,-1
13,7,767,464,49,116,1,1,-1,-1
13,10,511,74,25,54,1,1,-1,-1
13,12,850,42,35,34,1,10,-1,-1
13,30,1098,403,48,75,1,2,-1,-1
13,31,331,21,25,46,1,2,-1,-1
13,35,1092,255,58,48,1,10,-1,-1
13,40,1320,441,94,66,1,3,-1,-1
13,41,1267,7,19,41,1,1,-1,-1
13,51,1126,112,154,58,1,4,-1,-1
13,58,192,656,52,67,1,2,-1,-1
13,78,532,148,163,70,1,4,-1,-1
13,79,1570,147,126,66,1,4,-1,-1
13,96,379,9,23,47,1,2,-1,-1
13,136,909,1,49,48,1,4,-1,-1
13,168,1368,5,17,41,1,1,-1,-1
13,209,198,634,63,110,1,10,-1,-1
13,210,1295,6,18,45,1,2,-1,-1
13,211,1607,622,296,236,1,4,-1,-1
13,266,1563,378,51,88,1,1,-1,-1
13,267,347,10,22,45,1,2,-1,-1
13,268,395,9,17,44,1,2,-1,-1
14,1,181,613,84,94,1,2,-1,-1
14,4,889,32,23,35,1,2,-1,-1
14,5,140,175,197,87,1,4,-1,-1
14,7,790,462,53,118,1,1,-1,-1
14,10,512,73,25,54,1,1,-1,-1
14,12,860,29,23,34,1,2,-1,-1
14,30,1106,404,48,76,1,2,-1,-1
14,31,331,21,25,46,1,2,-1,-1
14,35,1080,250,58,48,1,10,-1,-1
14,40,1328,440,94,66,1,3,-1,-1
14,41,1268,7,19,41,1,1,-1,-1
14,51,1115,110,154,58,1,4,-1,-1
14,58,194,651,52,67,1,2,-1,-1
14,78,522,147,164,70,1,4,-1,-1
14,79,1563,148,126,67,1,4,-1,-1
14,96,379,9,23,47,1,2,-1,-1
14,136,910,1,49,48,1,4,-1,-1
14,168,1369,4,17,41,1,1,-1,-1
14,210,1296,6,18,45,1,2,-1,-1
14,211,1609,624,294,236,1,4,-1,-1
14,212,1525,105,147,56,1,4,-1,-1
14,267,347,10,22,45,1,2,-1,-1
14,268,395,9,17,44,1,2,-1,-1
15,1,181,610,84,94,1,2,-1,-1
15,4,890,32,23,35,1,2,-1,-1
15,5,146,175,197,87,1,4,-1,-1
15,7,780,462,49,115,1,1,-1,-1
15,10,512,71,25,54,1,1,-1,-1
15,12,853,42,35,34,1,10,-1,-1
15,15,808,166,167,84,1,4,-1,-1
15,30,1114,405,48,76,1,2,-1,-1
15,31,331,21,25,46,1,2,-1,-1
15,35,1069,245,58,48,1,10,-1,-1
15,40,1336,439,94,66,1,3,-1,-1
15,41,1269,7,19,41,1,1,-1,-1
15,51,1104,109,154,58,1,4,-1,-1
15,58,196,646,52,67,1,2,-1,-1
15,78,512,146,165,70,1,4,-1,-1
15,79,1556,149,126,67,1,4,-1,-1
15,96,379,9,23,47,1,2,-1,-1
15,136,910,1,49,48,1,4,-1,-1
15,168,1370,4,17,41,1,1,-1,-1
15,210,1297,5,18,45,1,2,-1,-1
15,211,1611,627,292,236,1,4,-1,-1
15,212,1517,105,147,57,1,4,-1,-1
15,267,347,10,23,45,1,2,-1,-1
15,268,395,9,17,44,1,2,-1,-1
15,269,861,29,23,34,1,2,-1,-1
15,270,796,461,53,118,1,1,-1,-1
16,1,196,628,65,112,1,10,-1,-1
16,4,891,33,23,35,1,2,-1,-1
16,5,152,175,197,87,1,4,-1,-1
16,7,786,461,49,115,1,1,-1,-1
16,10,513,70,25,54,1,1,-1,-1
16,12,854,43,35,34,1,10,-1,-1
16,15,801,164,167,84,1,4,-1,-1
16,30,1122,406,48,77,1,2,-1,-1
16,31,331,20,26,47,1,2,-1,-1
16,32,1368,406,47,91,1,2,-1,-1
16,35,1058,240,58,48,1,10,-1,-1
16,41,1270,7,19,41,1,1,-1,-1
16,58,198,641,52,67,1,2,-1,-1
16,78,502,145,166,70,1,4,-1,-1
16,79,1549,150,125,68,1,4,-1,-1
16,96,379,9,23,47,1,2,-1,-1
16,114,273,224,212,76,1,4,-1,-1
16,136,911,1,49,48,1,4,-1,-1
16,168,1371,3,17,41,1,1,-1,-1
16,211,1613,629,290,237,1,4,-1,-1
16,212,1509,105,147,57,1,4,-1,-1
16,213,125,125,169,64,1,4,-1,-1
16,267,347,10,23,44,1,2,-1,-1
16,268,395,9,17,44,1,2,-1,-1
16,269,862,29,23,34,1,2,-1,-1
16,270,802,460,53,118,1,1,-1,-1
16,271,523,71,27,58,1,1,-1,-1
16,272,1767,92,128,60,1,4,-1,-1
17,1,181,604,83,94,1,2,-1,-1
17,4,891,33,23,35,1,2,-1,-1
17,5,158,176,197,87,1,4,-1,-1
17,7,793,460,49,115,1,1,-1,-1
17,10,509,69,24,51,1,1,-1,-1
17,12,856,43,35,34,1,10,-1,-1
17,15,785,196,131,85,1,7,-1,-1
17,30,1131,407,47,78,1,2,-1,-1
17,31,331,20,26,46,1,2,-1,-1
17,32,1377,405,44,91,1,2,-1,-1
17,33,1343,2,18,41,1,1,-1,-1
17,41,1271,7,19,41,1,1,-1,-1
17,58,194,643,38,66,1,10,-1,-1
17,68,1299,4,18,45,1,2,-1,-1
17,78,491,144,168,70,1,4,-1,-1
17,79,1542,151,125,69,1,4,-1,-1
17,96,379,9,23,47,1,2,-1,-1
17,114,285,224,212,76,1,4,-1,-1
17,136,911,1,49,48,1,4,-1,-1
17,137,1051,220,45,61,1,2,-1,-1
17,138,1580,378,53,90,1,1,-1,-1
17,169,1085,110,154,58,1,4,-1,-1
17,211,1616,632,287,237,1,4,-1,-1
17,212,1501,105,147,57,1,4,-1,-1
17,213,111,125,166,65,1,4,-1,-1
17,268,395,8,17,45,1,2,-1,-1
17,269,862,28,23,34,1,2,-1,-1
17,270,809,459,53,118,1,1,-1,-1
17,271,524,71,27,58,1,1,-1,-1
17,272,1760,92,130,60,1,4,-1,-1
17,273,1352,437,94,66,1,3,-1,-1
18,1,178,607,83,94,1,2,-1,-1
18,4,892,33,23,35,1,2,-1,-1
18,5,164,176,197,87,1,4,-1,-1
18,7,800,465,49,115,1,1,-1,-1
18,10,510,68,24,53,1,1,-1,-1
18,12,857,43,35,34,1,10,-1,-1
18,15,788,161,167,83,1,4,-1,-1
18,31,331,20,26,46,1,2,-1,-1
18,32,1386,404,42,91,1,2,-1,-1
18,33,1342,2,19,41,1,1,-1,-1
18,41,1272,7,19,41,1,1,-1,-1
18,58,196,641,52,66,1,2,-1,-1
18,68,1300,4,18,45,1,2,-1,-1
18,79,1535,152,125,70,1,4,-1,-1
18,97,363,12,23,48,1,2,-1,-1
18,114,297,224,212,76,1,4,-1,-1
18,136,912,1,48,48,1,4,-1,-1
18,137,1042,216,45,61,1,2,-1,-1
18,138,1585,380,54,90,1,1,-1,-1
18,169,1076,110,154,58,1,4,-1,-1
18,212,1494,105,146,58,1,4,-1,-1
18,213,97,125,163,66,1,4,-1,-1
18,214,1374,3,17,41,1,1,-1,-1
18,269,863,28,23,34,1,2,-1,-1
18,270,817,464,53,118,1,1,-1,-1
18,271,523,72,27,58,1,1,-1,-1
18,272,1754,93,131,60,1,4,-1,-1
18,273,1360,437,94,66,1,3,-1,-1
19,1,175,610,83,94,1,2,-1,-1
19,4,893,33,23,35,1,2,-1,-1
19,5,170,176,197,87,1,4,-1,-1
19,7,808,471,49,115,1,1,-1,-1
19,10,511,68,24,54,1,1,-1,-1
19,12,859,44,35,34,1,10,-1,-1
19,15,782,160,166,82,1,4,-1,-1
19,25,1251,207,158,89,1,4,-1,-1
19,31,330,19,27,47,1,2,-1,-1
19,32,1395,407,43,91,1,2,-1,-1
19,33,1336,8,25,51,1,1,-1,-1
19,42,378,9,23,47,1,2,-1,-1
19,58,193,645,52,66,1,2,-1,-1
19,59,1147,409,47,79,1,2,-1,-1
19,68,1301,5,18,45,1,2,-1,-1
19,79,1532,155,125,70,1,4,-1,-1
19,97,363,12,23,48,1,2,-1,-1
19,114,309,224,212,76,1,4,-1,-1
19,136,912,1,49,48,1,4,-1,-1
19,137,1033,212,45,61,1,2,-1,-1
19,138,1590,381,55,91,1,1,-1,-1
19,139,1620,637,283,237,1,4,-1,-1
19,169,1067,111,154,58,1,4,-1,-1
19,170,471,142,170,70,1,4,-1,-1
19,171,1290,12,17,40,1,1,-1,-1
19,212,1520,81,156,62,1,4,-1,-1
19,213,83,126,160,66,1,4,-1,-1
19,214,1376,4,17,41,1,1,-1,-1
19,269,864,28,23,34,1,2,-1,-1
19,270,821,487,48,106,1,1,-1,-1
19,271,522,73,27,58,1,1,-1,-1
19,272,1748,94,133,60,1,4,-1,-1
19,273,1370,440,93,66,1,3,-1,-1
19,274,799,197,131,85,1,7,-1,-1
20,1,188,635,68,113,1,10,-1,-1
20,2,1123,441,106,67,1,3,-1,-1
20,4,893,43,25,35,1,10,-1,-1
20,5,176,176,197,87,1,4,-1,-1
20,7,816,477,49,114,1,1,-1,-1
20,10,512,68,25,55,1,1,-1,-1
20,12,859,45,34,34,1,10,-1,-1
20,15,776,159,166,81,1,4,-1,-1
20,25,1247,211,158,90,1,4,-1,-1
20,31,330,19,28,47,1,2,-1,-1
20,32,1405,410,44,91,1,2,-1,-1
20,33,1342,4,21,41,1,1,-1,-1
20,42,378,9,23,47,1,2,-1,-1
20,58,190,650,52,66,1,2,-1,-1
20,59,1155,410,47,80,1,2,-1,-1
20,68,1303,6,18,45,1,2,-1,-1
20,79,1529,158,125,70,1,4,-1,-1
20,97,363,12,23,48,1,2,-1,-1
20,114,317,226,212,76,1,4,-1,-1
20,136,913,1,48,48,1,4,-1,-1
20,137,1024,209,45,61,1,2,-1,-1
20,138,1595,383,57,91,1,1,-1,-1
20,139,1622,640,281,237,1,4,-1,-1
20,169,1055,112,155,58,1,4,-1,-1
20,170,461,141,171,70,1,4,-1,-1
20,171,1292,13,17,40,1,1,-1,-1
20,213,69,126,158,67,1,4,-1,-1
20,214,1378,5,17,41,1,1,-1,-1
20,271,521,74,27,58,1,1,-1,-1
20,272,1742,95,134,59,1,4,-1,-1
20,273,1380,444,93,66,1,3,-1,-1
20,274,806,197,131,85,1,7,-1,-1
21,1,169,617,83,94,1,2,-1,-1
21,2,1131,442,106,67,1,3,-1,-1
21,4,894,44,25,35,1,10,-1,-1
21,5,182,177,197,87,1,4,-1,-1
21,7,824,482,49,115,1,1,-1,-1
21,10,521,75,27,58,1,1,-1,-1
21,12,859,46,34,34,1,10,-1,-1
21,15,769,160,166,81,1,4,-1,-1
21,25,1244,215,157,91,1,4,-1,-1
21,31,330,19,28,46,1,2,-1,-1
21,32,1415,423,48,94,1,2,-1,-1
21,33,1342,5,21,41,1,1,-1,-1
21,42,378,9,23,47,1,2,-1,-1
21,58,187,654,52,66,1,2,-1,-1
21,59,1163,411,47,81,1,2,-1,-1
21,68,1305,7,18,45,1,2,-1,-1
21,79,1527,161,125,70,1,4,-1,-1
21,97,363,12,23,48,1,2,-1,-1
21,114,325,228,212,76,1,4,-1,-1
21,137,1015,208,45,60,1,2,-1,-1
21,138,1600,384,58,92,1,1,-1,-1
21,139,1625,643,278,237,1,4,-1,-1
21,169,1044,113,156,58,1,4,-1,-1
21,170,451,140,172,70,1,4,-1,-1
21,171,1294,14,17,40,1,1,-1,-1
21,213,55,126,155,68,1,4,-1,-1
21,214,1380,5,17,41,1,1,-1,-1
21,215,483,187,168,75,1,4,-1,-1
21,273,1390,448,93,66,1,3,-1,-1
21,274,813,197,131,85,1,7,-1,-1
21,275,844,479,53,118,1,1,-1,-1
22,1,184,642,70,113,1,10,-1,-1
22,2,1139,443,106,67,1,3,-1,-1
22,4,895,34,23,35,1,2,-1,-1
22,5,188,177,197,87,1,4,-1,-1
22,7,832,488,49,114,1,1,-1,-1
22,10,520,77,27,57,1,1,-1,-1
22,12,860,47,33,34,1,10,-1,-1
22,15,762,161,166,81,1,4,-1,-1
22,25,1240,219,157,92,1,4,-1,-1
22,31,330,18,28,47,1,2,-1,-1
22,32,1424,416,47,91,1,2,-1,-1
22,33,1342,6,22,41,1,1,-1,-1
22,42,378,9,23,47,1,2,-1,-1
22,58,184,659,52,66,1,2,-1,-1
22,59,1172,412,46,82,1,2,-1,-1
22,60,508,71,25,55,1,1,-1,-1
22,68,1306,8,18,45,1,2,-1,-1
22,79,1524,165,125,70,1,4,-1,-1
22,97,363,12,23,48,1,2,-1,-1
22,114,333,230,212,76,1,4,-1,-1
22,115,410,18,17,47,1,2,-1,-1
22,137,1007,207,45,60,1,2,-1,-1
22,138,1605,386,59,92,1,1,-1,-1
22,139,1633,651,269,238,1,4,-1,-1
22,169,1033,114,157,58,1,4,-1,-1
22,170,441,140,173,70,1,4,-1,-1
22,171,1295,15,17,40,1,1,-1,-1
22,214,1382,6,17,41,1,1,-1,-1
22,215,488,188,168,76,1,4,-1,-1
22,216,914,1,48,48,1,4,-1,-1
22,274,820,197,131,85,1,7,-1,-1
22,275,853,484,53,118,1,1,-1,-1
23,1,160,628,83,94,1,2,-1,-1
23,2,1150,449,106,67,1,3,-1,-1
23,4,896,47,25,35,1,10,-1,-1
23,5,194,177,197,87,1,4,-1,-1
23,7,840,494,49,114,1,1,-1,-1
23,10,519,78,27,58,1,1,-1,-1
23,12,860,49,32,33,1,10,-1,-1
23,13,1460,110,146,58,1,4,-1,-1
23,15,755,162,166,81,1,4,-1,-1
23,25,1236,223,157,93,1,4,-1,-1
23,31,330,18,28,47,1,2,-1,-1
23,32,1393,427,118,84,1,3,-1,-1
23,33,1342,7,23,41,1,1,-1,-1
23,42,378,9,23,47,1,2,-1,-1
23,58,176,669,52,66,1,2,-1,-1
23,59,1182,417,46,84,1,2,-1,-1
23,60,506,72,25,55,1,1,-1,-1
23,68,1308,9,18,45,1,2,-1,-1
23,79,1522,168,125,70,1,4,-1,-1
23,97,363,12,23,48,1,2,-1,-1
23,114,341,232,212,76,1,4,-1,-1
23,115,405,7,22,53,1,2,-1,-1
23,137,999,206,45,60,1,2,-1,-1
23,138,1610,387,60,93,1,1,-1,-1
23,139,1641,659,261,239,1,4,-1,-1
23,169,1021,115,158,58,1,4,-1,-1
23,170,427,141,174,70,1,4,-1,-1
23,171,1297,16,17,40,1,1,-1,-1
23,214,1384,7,17,41,1,1,-1,-1
23,215,494,189,168,77,1,4,-1,-1
23,216,914,1,48,48,1,4,-1,-1
23,274,827,198,131,85,1,7,-1,-1
23,275,862,489,53,118,1,1,-1,-1
24,1,154,635,83,94,1,2,-1,-1
24,2,1161,455,106,67,1,3,-1,-1
24,4,897,49,25,35,1,10,-1,-1
24,5,200,177,197,87,1,4,-1,-1
24,7,848,499,48,114,1,1,-1,-1
24,10,515,99,30,64,1,1,-1,-1
24,12,861,50,31,33,1,10,-1,-1
24,13,1453,111,146,58,1,4,-1,-1
24,15,749,163,166,81,1,4,-1,-1
24,21,987,227,61,46,1,10,-1,-1
24,25,1233,227,157,94,1,4,-1,-1
24,31,330,18,29,47,1,2,-1,-1
24,32,1443,422,50,91,1,2,-1,-1
24,33,1342,8,23,41,1,1,-1,-1
24,42,378,10,23,47,1,2,-1,-1
24,58,169,679,52,66,1,2,-1,-1
24,59,1192,422,46,86,1,2,-1,-1
24,60,505,74,25,55,1,1,-1,-1
24,68,1305,19,18,43,1,1,-1,-1
24,97,364,12,23,48,1,2,-1,-1
24,114,349,234,212,76,1,4,-1,-1
24,115,405,7,22,53,1,2,-1,-1
24,137,991,205,45,60,1,2,-1,-1
24,138,1616,389,61,94,1,1,-1,-1
24,139,1668,700,216,206,1,4,-1,-1
24,170,414,142,175,70,1,4,-1,-1
24,171,1299,17,17,41,1,1,-1,-1
24,215,499,190,168,78,1,4,-1,-1
24,216,915,1,48,48,1,4,-1,-1
24,275,871,494,53,118,1,1,-1,-1
25,1,148,643,83,94,1,2,-1,-1
25,2,1172,461,106,67,1,3,-1,-1
25,4,897,37,23,35,1,2,-1,-1
25,5,207,178,197,87,1,4,-1,-1
25,7,856,505,48,114,1,1,-1,-1
25,10,518,80,27,58,1,1,-1,-1
25,12,861,51,31,33,1,10,-1,-1
25,13,1447,113,146,58,1,4,-1,-1
25,15,742,164,166,81,1,4,-1,-1
25,18,1517,175,125,70,1,4,-1,-1
25,21,979,227,61,46,1,10,-1,-1
25,25,1229,233,159,96,1,4,-1,-1
25,31,328,19,28,47,1,2,-1,-1
25,32,1453,426,51,91,1,2,-1,-1
25,33,1342,9,23,41,1,1,-1,-1
25,42,376,10,23,47,1,2,-1,-1
25,58,162,690,52,66,1,2,-1,-1
25,59,1202,428,46,87,1,2,-1,-1
25,60,503,76,25,54,1,1,-1,-1
25,68,1301,19,17,41,1,1,-1,-1
25,97,362,13,23,48,1,2,-1,-1
25,115,404,8,22,53,1,2,-1,-1
25,139,1657,675,244,241,1,4,-1,-1
25,170,401,144,176,69,1,4,-1,-1
25,171,1302,10,13,33,1,2,-1,-1
25,215,505,191,167,79,1,4,-1,-1
25,216,915,1,48,48,1,4,-1,-1
25,275,880,499,53,118,1,1,-1,-1
26,1,142,650,84,94,1,2,-1,-1
26,2,1183,467,106,67,1,3,-1,-1
26,4,898,38,23,35,1,2,-1,-1
26,5,209,180,197,89,1,4,-1,-1
26,7,864,511,48,113,1,1,-1,-1
26,10,517,82,27,57,1,1,-1,-1
26,12,862,53,30,33,1,10,-1,-1
26,13,1440,114,147,58,1,4,-1,-1
26,15,735,165,166,81,1,4,-1,-1
26,18,1513,179,126,72,1,4,-1,-1
26,21,969,228,61,46,1,10,-1,-1
26,25,1225,239,162,98,1,4,-1,-1
26,31,326,20,28,47,1,2,-1,-1
26,32,1464,432,53,92,1,2,-1,-1
26,33,1342,10,23,41,1,1,-1,-1
26,42,375,11,23,47,1,2,-1,-1
26,59,1213,433,46,89,1,2,-1,-1
26,60,501,78,25,54,1,1,-1,-1
26,68,1303,21,17,41,1,1,-1,-1
26,97,360,14,23,48,1,2,-1,-1
26,115,403,9,22,53,1,2,-1,-1
26,139,1665,683,235,242,1,4,-1,-1
26,140,365,238,212,76,1,4,-1,-1
26,215,511,193,167,79,1,4,-1,-1
26,216,916,1,48,48,1,4,-1,-1
26,276,974,204,45,60,1,2,-1,-1
26,277,1388,10,20,41,1,1,-1,-1
27,1,136,658,84,94,1,2,-1,-1
27,2,1194,473,106,67,1,3,-1,-1
27,4,898,38,23,35,1,2,-1,-1
27,5,211,183,197,90,1,4,-1,-1
27,7,872,516,48,114,1,1,-1,-1
27,10,516,83,27,57,1,1,-1,-1
27,13,1433,116,149,58,1,4,-1,-1
27,15,729,167,166,81,1,4,-1,-1
27,18,1510,183,126,74,1,4,-1,-1
27,21,960,229,61,46,1,10,-1,-1
27,25,1221,245,164,100,1,4,-1,-1
27,31,328,23,32,54,1,2,-1,-1
27,32,1475,438,56,93,1,2,-1,-1
27,33,1342,12,23,41,1,1,-1,-1
27,42,374,12,23,47,1,2,-1,-1
27,59,1223,439,46,90,1,2,-1,-1
27,60,499,80,25,54,1,1,-1,-1
27,68,1306,23,17,41,1,1,-1,-1
27,97,358,15,23,48,1,2,-1,-1
27,115,402,10,22,53,1,2,-1,-1
27,140,372,240,213,78,1,4,-1,-1
27,172,1699,105,143,58,1,4,-1,-1
27,216,916,2,48,48,1,4,-1,-1
27,276,965,205,45,60,1,2,-1,-1
27,277,1389,11,21,41,1,1,-1,-1
28,1,130,665,84,94,1,2,-1,-1
28,2,1205,479,106,67,1,3,-1,-1
28,4,899,39,23,35,1,2,-1,-1
28,5,214,186,196,91,1,4,-1,-1
28,7,880,522,48,113,1,1,-1,-1
28,10,516,84,27,57,1,1,-1,-1
28,13,1426,118,151,58,1,4,-1,-1
28,15,719,167,167,81,1,4,-1,-1
28,18,1506,187,128,77,1,4,-1,-1
28,21,951,230,61,46,1,10,-1,-1
28,25,1218,251,166,102,1,4,-1,-1
28,31,325,19,35,60,1,2,-1,-1
28,32,1486,444,58,94,1,2,-1,-1
28,33,1342,13,23,41,1,1,-1,-1
28,42,373,13,23,47,1,2,-1,-1
28,59,1233,444,46,92,1,2,-1,-1
28,60,497,82,25,54,1,1,-1,-1
28,68,1308,25,17,41,1,1,-1,-1
28,115,401,12,22,53,1,2,-1,-1
28,140,380,243,214,79,1,4,-1,-1
28,172,1693,108,143,58,1,4,-1,-1
28,276,957,206,45,60,1,2,-1,-1
28,277,1390,12,22,41,1,1,-1,-1
29,1,133,702,73,116,1,10,-1,-1
29,2,1217,486,106,67,1,3,-1,-1
29,4,899,57,25,35,1,10,-1,-1
29,5,216,189,196,92,1,4,-1,-1
29,10,515,85,27,58,1,1,-1,-1
29,13,1419,120,152,58,1,4,-1,-1
29,15,710,168,168,80,1,4,-1,-1
29,18,1503,191,128,79,1,4,-1,-1
29,21,942,230,61,46,1,10,-1,-1
29,22,355,18,23,48,1,2,-1,-1
29,23,870,36,23,34,1,2,-1,-1
29,25,1214,257,168,104,1,4,-1,-1
29,31,324,17,36,64,1,2,-1,-1
29,32,1497,450,61,95,1,2,-1,-1
29,33,1343,14,23,41,1,1,-1,-1
29,42,377,4,22,53,1,2,-1,-1
29,59,1244,450,46,94,1,2,-1,-1
29,60,495,84,25,54,1,1,-1,-1
29,115,400,13,22,53,1,2,-1,-1
29,140,388,246,215,80,1,4,-1,-1
29,172,1688,111,143,58,1,4,-1,-1
29,276,948,207,45,60,1,2,-1,-1
29,277,1392,13,23,41,1,1,-1,-1
30,1,118,685,84,94,1,2,-1,-1
30,2,1228,496,109,67,1,3,-1,-1
30,4,899,59,25,35,1,10,-1,-1
30,5,218,192,196,93,1,4,-1,-1
30,10,514,87,27,57,1,1,-1,-1
30,13,1412,122,154,58,1,4,-1,-1
30,15,701,169,169,79,1,4,-1,-1
30,18,1499,195,130,82,1,4,-1,-1
30,21,934,231,61,46,1,10,-1,-1
30,22,362,6,26,55,1,2,-1,-1
30,23,871,37,23,34,1,2,-1,-1
30,25,1210,263,171,106,1,4,-1,-1
30,32,1508,456,64,96,1,2,-1,-1
30,33,1343,15,23,41,1,1,-1,-1
30,42,387,14,16,46,1,2,-1,-1
30,59,1257,457,45,97,1,2,-1,-1
30,60,493,86,25,54,1,1,-1,-1
30,69,1480,497,118,64,1,3,-1,-1
30,80,896,534,48,113,1,1,-1,-1
30,115,399,14,22,53,1,2,-1,-1
30,116,919,5,48,48,1,4,-1,-1
30,140,395,248,216,82,1,4,-1,-1
30,172,1684,113,143,59,1,4,-1,-1
30,173,126,741,52,66,1,2,-1,-1
30,217,1297,21,18,41,1,1,-1,-1
30,276,939,209,45,60,1,2,-1,-1
30,277,1394,14,23,41,1,1,-1,-1
31,1,111,697,84,94,1,2,-1,-1
31,2,1240,506,111,67,1,3,-1,-1
31,4,899,61,25,35,1,10,-1,-1
31,5,221,195,196,94,1,4,-1,-1
31,10,514,88,27,57,1,1,-1,-1
31,13,1405,124,156,58,1,4,-1,-1
31,15,690,171,171,80,1,4,-1,-1
31,18,1496,199,130,84,1,4,-1,-1
31,21,926,232,60,46,1,10,-1,-1
31,22,370,16,23,47,1,2,-1,-1
31,23,872,38,23,34,1,2,-1,-1
31,25,1206,269,173,108,1,4,-1,-1
31,32,1524,464,65,98,1,2,-1,-1
31,33,1343,17,23,41,1,1,-1,-1
31,42,386,15,16,46,1,2,-1,-1
31,59,1270,465,45,99,1,2,-1,-1
31,60,492,88,25,54,1,1,-1,-1
31,69,1495,507,119,64,1,3,-1,-1
31,80,906,544,48,113,1,1,-1,-1
31,81,1366,17,23,33,1,3,-1,-1
31,116,920,6,48,49,1,4,-1,-1
31,140,403,251,217,83,1,4,-1,-1
31,172,1680,115,143,61,1,4,-1,-1
31,173,118,752,52,66,1,2,-1,-1
31,217,1300,23,18,41,1,1,-1,-1
31,278,1703,444,64,97,1,1,-1,-1
32,1,104,710,85,94,1,2,-1,-1
32,2,1251,516,114,67,1,3,-1,-1
32,4,901,44,23,35,1,2,-1,-1
32,5,221,199,198,93,1,4,-1,-1
32,10,513,89,27,57,1,1,-1,-1
32,13,1398,126,158,58,1,4,-1,-1
32,15,680,173,173,81,1,4,-1,-1
32,18,1493,203,131,87,1,4,-1,-1
32,21,917,233,61,46,1,10,-1,-1
32,22,369,17,23,47,1,2,-1,-1
32,23,872,39,23,34,1,2,-1,-1
32,25,1203,275,175,110,1,4,-1,-1
32,32,1541,473,65,99,1,2,-1,-1
32,33,1342,1,27,38,1,3,-1,-1
32,42,385,17,16,46,1,2,-1,-1
32,60,490,90,25,54,1,1,-1,-1
32,61,397,17,22,53,1,2,-1,-1
32,69,1510,517,120,64,1,3,-1,-1
32,80,916,554,48,113,1,1,-1,-1
32,81,1368,18,23,33,1,3,-1,-1
32,116,921,7,48,49,1,4,-1,-1
32,140,411,254,218,84,1,4,-1,-1
32,141,931,131,161,62,1,4,-1,-1
32,172,1676,117,143,63,1,4,-1,-1
32,173,111,762,52,66,1,2,-1,-1
32,217,1303,25,17,41,1,1,-1,-1
32,218,922,212,45,60,1,2,-1,-1
32,278,1715,451,64,98,1,1,-1,-1
33,1,97,722,85,94,1,2,-1,-1
33,2,1263,526,116,67,1,3,-1,-1
33,4,901,46,23,35,1,2,-1,-1
33,5,222,203,200,93,1,4,-1,-1
33,10,512,90,27,57,1,1,-1,-1
33,13,1390,129,160,59,1,4,-1,-1
33,15,669,176,176,81,1,4,-1,-1
33,18,1492,209,133,89,1,4,-1,-1
33,21,909,234,60,46,1,10,-1,-1
33,22,366,18,23,47,1,2,-1,-1
33,23,875,50,19,28,1,2,-1,-1
33,25,1199,281,177,112,1,4,-1,-1
33,33,1343,19,23,41,1,1,-1,-1
33,42,382,18,16,46,1,2,-1,-1
33,60,488,92,25,54,1,1,-1,-1
33,61,394,18,22,53,1,2,-1,-1
33,69,1500,527,113,59,1,3,-1,-1
33,80,926,565,48,113,1,1,-1,-1
33,81,1370,20,23,33,1,3,-1,-1
33,98,900,65,25,35,1,10,-1,-1
33,116,922,9,48,48,1,4,-1,-1
33,140,417,258,220,85,1,4,-1,-1
33,141,922,134,161,63,1,4,-1,-1
33,142,347,23,23,48,1,2,-1,-1
33,143,1402,18,23,41,1,1,-1,-1
33,172,1672,119,143,65,1,4,-1,-1
33,173,104,772,52,66,1,2,-1,-1
33,217,1306,27,17,41,1,1,-1,-1
33,218,913,213,45,60,1,2,-1,-1
33,278,1727,459,65,98,1,1,-1,-1
33,279,950,555,53,118,1,1,-1,-1
34,1,91,735,85,94,1,2,-1,-1
34,2,1274,536,119,67,1,3,-1,-1
34,5,223,207,202,93,1,4,-1,-1
34,10,512,92,27,57,1,1,-1,-1
34,13,1382,132,163,60,1,4,-1,-1
34,15,659,178,178,82,1,4,-1,-1
34,18,1492,216,134,90,1,4,-1,-1
34,21,901,235,60,46,1,10,-1,-1
34,22,363,20,23,47,1,2,-1,-1
34,23,872,43,23,34,1,2,-1,-1
34,25,1195,287,180,114,1,4,-1,-1
34,36,1338,29,18,47,1,2,-1,-1
34,60,486,94,25,53,1,1,-1,-1
34,61,391,20,22,53,1,2,-1,-1
34,69,1540,537,123,64,1,3,-1,-1
34,80,936,575,48,113,1,1,-1,-1
34,81,1372,21,23,33,1,3,-1,-1
34,98,900,67,25,35,1,10,-1,-1
34,116,922,10,48,48,1,4,-1,-1
34,141,908,137,164,63,1,4,-1,-1
34,142,344,25,23,48,1,2,-1,-1
34,143,1404,20,23,41,1,1,-1,-1
34,173,97,783,52,66,1,2,-1,-1
34,217,1308,28,18,41,1,1,-1,-1
34,218,905,215,45,60,1,2,-1,-1
34,278,1740,467,65,98,1,1,-1,-1
34,279,958,565,53,118,1,1,-1,-1
34,280,903,239,131,85,1,7,-1,-1
35,1,78,752,86,94,1,2,-1,-1
35,2,1286,546,121,67,1,3,-1,-1
35,5,224,211,204,93,1,4,-1,-1
35,10,509,93,27,58,1,1,-1,-1
35,13,1374,135,165,61,1,4,-1,-1
35,15,648,180,181,83,1,4,-1,-1
35,18,1491,222,136,92,1,4,-1,-1
35,21,891,237,61,46,1,10,-1,-1
35,22,372,32,13,38,1,2,-1,-1
35,23,872,44,23,34,1,2,-1,-1
35,25,1180,293,189,121,1,4,-1,-1
35,36,1341,31,18,47,1,2,-1,-1
35,61,384,17,22,54,1,2,-1,-1
35,69,1555,547,125,64,1,3,-1,-1
35,80,946,586,48,113,1,1,-1,-1
35,81,1374,23,23,33,1,3,-1,-1
35,98,900,69,25,35,1,10,-1,-1
35,116,923,11,48,48,1,4,-1,-1
35,141,895,140,166,64,1,4,-1,-1
35,142,349,25,20,41,1,2,-1,-1
35,143,1407,21,23,41,1,1,-1,-1
35,173,82,798,52,66,1,2,-1,-1
35,217,1311,30,17,41,1,1,-1,-1
35,218,895,216,45,60,1,2,-1,-1
35,219,1322,495,45,109,1,2,-1,-1
35,220,1664,124,143,67,1,4,-1,-1
35,278,1752,475,66,99,1,1,-1,-1
35,279,967,576,53,118,1,1,-1,-1
35,280,909,242,132,87,1,7,-1,-1
35,281,38,265,204,80,1,4,-1,-1
36,1,65,769,87,95,1,2,-1,-1
36,2,1300,556,123,67,1,3,-1,-1
36,5,224,215,206,93,1,4,-1,-1
36,10,506,94,27,60,1,1,-1,-1
36,13,1366,138,168,62,1,4,-1,-1
36,15,638,183,183,83,1,4,-1,-1
36,18,1491,229,137,94,1,4,-1,-1
36,21,881,239,63,46,1,10,-1,-1
36,22,374,23,16,46,1,2,-1,-1
36,23,872,46,23,34,1,2,-1,-1
36,25,1187,302,185,121,1,4,-1,-1
36,36,1344,23,23,41,1,1,-1,-1
36,61,385,24,22,53,1,2,-1,-1
36,69,1573,561,125,64,1,3,-1,-1
36,80,958,600,48,117,1,1,-1,-1
36,81,1376,24,23,33,1,3,-1,-1
36,98,900,71,25,35,1,10,-1,-1
36,116,924,12,48,49,1,4,-1,-1
36,141,887,155,144,54,1,4,-1,-1
36,142,340,11,24,49,1,2,-1,-1
36,143,1410,22,23,41,1,1,-1,-1
36,173,67,813,52,67,1,2,-1,-1
36,218,886,218,45,60,1,2,-1,-1
36,219,1336,506,47,108,1,2,-1,-1
36,220,1660,126,143,69,1,4,-1,-1
36,279,974,589,54,118,1,1,-1,-1
36,280,916,245,133,89,1,7,-1,-1
36,281,44,270,204,79,1,4,-1,-1
37,1,52,786,89,96,1,2,-1,-1
37,2,1314,567,125,67,1,3,-1,-1
37,10,503,95,27,62,1,1,-1,-1
37,13,1358,141,170,63,1,4,-1,-1
37,15,627,185,186,84,1,4,-1,-1
37,18,1490,236,139,95,1,4,-1,-1
37,21,871,242,65,46,1,10,-1,-1
37,22,371,25,16,46,1,2,-1,-1
37,23,872,48,23,34,1,2,-1,-1
37,25,1183,311,188,126,1,4,-1,-1
37,36,1344,24,23,41,1,1,-1,-1
37,61,383,26,22,53,1,2,-1,-1
37,69,1591,575,125,64,1,3,-1,-1
37,80,971,615,47,121,1,1,-1,-1
37,81,1378,26,23,33,1,3,-1,-1
37,98,900,73,25,35,1,10,-1,-1
37,116,925,13,48,49,1,4,-1,-1
37,141,869,147,171,64,1,4,-1,-1
37,142,331,11,28,58,1,2,-1,-1
37,143,1412,24,23,41,1,1,-1,-1
37,218,877,220,45,60,1,2,-1,-1
37,219,1350,517,50,108,1,2,-1,-1
37,220,1656,128,143,71,1,4,-1,-1
37,279,982,603,55,118,1,1,-1,-1
37,280,923,249,134,91,1,7,-1,-1
37,281,48,275,206,81,1,4,-1,-1
38,1,40,804,89,95,1,2,-1,-1
38,2,1328,578,128,67,1,3,-1,-1
38,10,501,96,27,64,1,1,-1,-1
38,13,1350,145,173,64,1,4,-1,-1
38,15,617,188,188,84,1,4,-1,-1
38,18,1490,242,140,97,1,4,-1,-1
38,21,861,244,66,46,1,10,-1,-1
38,22,368,26,16,47,1,2,-1,-1
38,23,872,50,23,34,1,2,-1,-1
38,36,1344,26,23,41,1,1,-1,-1
38,52,869,81,30,33,1,10,-1,-1
38,61,380,27,22,53,1,2,-1,-1
38,69,1609,590,125,64,1,3,-1,-1
38,80,983,630,48,125,1,1,-1,-1
38,81,1380,28,23,33,1,3,-1,-1
38,82,226,223,210,93,1,4,-1,-1
38,98,904,57,23,35,1,2,-1,-1
38,116,926,14,48,49,1,4,-1,-1
38,117,299,43,24,46,1,2,-1,-1
38,141,857,150,173,65,1,4,-1,-1
38,142,332,32,23,48,1,2,-1,-1
38,143,1415,25,23,41,1,1,-1,-1
38,219,1364,528,53,108,1,2,-1,-1
38,220,1653,131,143,72,1,4,-1,-1
38,221,451,281,228,88,1,4,-1,-1
38,280,932,253,135,92,1,7,-1,-1
38,281,52,281,209,82,1,4,-1,-1
39,1,27,821,91,96,1,2,-1,-1
39,2,1342,589,130,67,1,3,-1,-1
39,13,1341,148,173,64,1,4,-1,-1
39,18,1489,249,142,98,1,4,-1,-1
39,21,851,246,68,46,1,10,-1,-1
39,22,365,28,16,47,1,2,-1,-1
39,23,872,52,23,34,1,2,-1,-1
39,36,1352,39,18,47,1,2,-1,-1
39,43,1174,328,194,136,1,4,-1,-1
39,52,869,83,30,33,1,10,-1,-1
39,61,377,29,22,53,1,2,-1,-1
39,69,1627,604,125,64,1,3,-1,-1
39,80,996,644,47,129,1,1,-1,-1
39,81,1383,29,23,33,1,3,-1,-1
39,82,227,227,212,93,1,4,-1,-1
39,98,904,58,23,35,1,2,-1,-1
39,117,296,46,24,46,1,2,-1,-1
39,141,845,153,174,66,1,4,-1,-1
39,142,329,34,23,48,1,2,-1,-1
39,143,1417,27,23,41,1,1,-1,-1
39,174,1675,545,66,103,1,2,-1,-1
39,219,1378,539,55,107,1,2,-1,-1
39,220,1628,142,171,84,1,4,-1,-1
39,221,457,287,231,88,1,4,-1,-1
39,222,171,177,205,72,1,4,-1,-1
39,281,56,286,211,84,1,4,-1,-1
40,1,14,838,92,97,1,2,-1,-1
40,2,1356,600,132,67,1,3,-1,-1
40,13,1332,152,173,64,1,4,-1,-1
40,18,1489,256,143,100,1,4,-1,-1
40,21,842,249,69,46,1,10,-1,-1
40,22,353,20,24,49,1,2,-1,-1
40,23,872,54,23,34,1,2,-1,-1
40,36,1354,41,18,47,1,2,-1,-1
40,43,1170,337,196,141,1,4,-1,-1
40,52,869,85,30,33,1,10,-1,-1
40,61,374,31,22,53,1,2,-1,-1
40,69,1646,619,125,64,1,3,-1,-1
40,80,1004,644,60,117,1,1,-1,-1
40,81,1386,31,23,33,1,3,-1,-1
40,82,227,231,214,95,1,4,-1,-1
40,98,904,60,23,35,1,2,-1,-1
40,99,347,31,23,47,1,2,-1,-1
40,117,293,48,24,46,1,2,-1,-1
40,118,952,261,137,96,1,7,-1,-1
40,142,326,36,23,48,1,2,-1,-1
40,143,1420,28,23,41,1,1,-1,-1
40,174,1696,557,66,103,1,2,-1,-1
40,175,497,102,27,64,1,1,-1,-1
40,176,563,251,178,81,1,4,-1,-1
40,219,1392,550,58,107,1,2,-1,-1
40,220,1639,137,148,71,1,4,-1,-1
40,221,463,293,235,88,1,4,-1,-1
40,222,151,181,209,72,1,4,-1,-1
41,2,1371,611,134,67,1,3,-1,-1
41,13,1324,156,173,64,1,4,-1,-1
41,18,1489,264,144,104,1,4,-1,-1
41,21,828,252,69,46,1,10,-1,-1
41,22,345,33,23,47,1,2,-1,-1
41,23,872,56,23,34,1,2,-1,-1
41,28,927,17,49,51,1,4,-1,-1
41,36,1356,43,18,47,1,2,-1,-1
41,43,1166,346,199,146,1,4,-1,-1
41,52,870,87,30,33,1,10,-1,-1
41,61,371,33,22,53,1,2,-1,-1
41,69,1668,635,124,63,1,3,-1,-1
41,81,1389,32,23,34,1,3,-1,-1
41,82,230,220,221,99,1,4,-1,-1
41,83,821,159,177,67,1,4,-1,-1
41,98,904,62,23,35,1,2,-1,-1
41,99,355,25,17,49,1,2,-1,-1
41,117,290,51,24,46,1,2,-1,-1
41,118,962,265,137,97,1,7,-1,-1
41,119,473,108,25,53,1,1,-1,-1
41,174,1720,572,65,103,1,2,-1,-1
41,175,495,105,27,64,1,1,-1,-1
41,176,567,256,181,81,1,4,-1,-1
41,221,469,300,238,88,1,4,-1,-1
41,222,126,186,211,73,1,4,-1,-1
42,2,1388,625,133,69,1,3,-1,-1
42,13,1315,160,173,64,1,4,-1,-1
42,18,1490,273,145,107,1,4,-1,-1
42,21,815,255,69,46,1,10,-1,-1
42,22,342,35,23,47,1,2,-1,-1
42,23,873,58,23,35,1,2,-1,-1
42,28,927,17,50,53,1,4,-1,-1
42,36,1348,49,17,41,1,1,-1,-1
42,43,1162,358,203,151,1,4,-1,-1
42,52,870,89,30,33,1,10,-1,-1
42,61,369,35,22,53,1,2,-1,-1
42,62,1036,693,47,137,1,1,-1,-1
42,82,204,231,206,93,1,4,-1,-1
42,83,809,162,179,68,1,4,-1,-1
42,84,301,33,23,44,1,2,-1,-1
42,98,905,64,23,35,1,2,-1,-1
42,99,357,33,16,47,1,2,-1,-1
42,117,288,54,24,46,1,2,-1,-1
42,118,972,269,138,99,1,7,-1,-1
42,119,471,110,25,53,1,1,-1,-1
42,144,1358,45,18,47,1,2,-1,-1
42,174,1744,587,65,103,1,2,-1,-1
42,175,493,108,27,64,1,1,-1,-1
42,176,569,260,184,83,1,4,-1,-1
42,221,475,306,242,88,1,4,-1,-1
42,222,102,191,213,74,1,4,-1,-1
43,2,1405,639,132,71,1,3,-1,-1
43,13,1307,164,173,64,1,4,-1,-1
43,18,1490,282,146,110,1,4,-1,-1
43,21,802,258,69,46,1,10,-1,-1
43,22,339,36,23,47,1,2,-1,-1
43,23,873,60,23,35,1,2,-1,-1
43,28,926,17,51,55,1,4,-1,-1
43,36,1346,34,23,41,1,1,-1,-1
43,43,1158,370,207,156,1,4,-1,-1
43,52,870,91,30,33,1,10,-1,-1
43,61,366,36,22,53,1,2,-1,-1
43,62,1051,713,47,137,1,1,-1,-1
43,82,228,246,219,100,1,4,-1,-1
43,83,797,165,181,69,1,4,-1,-1
43,84,298,35,23,44,1,2,-1,-1
43,99,354,34,16,48,1,2,-1,-1
43,117,284,53,24,46,1,2,-1,-1
43,118,982,274,139,100,1,7,-1,-1
43,119,470,113,25,52,1,1,-1,-1
43,144,1360,47,18,47,1,2,-1,-1
43,145,1641,169,132,60,1,4,-1,-1
43,174,1768,602,64,103,1,2,-1,-1
43,175,491,111,27,64,1,1,-1,-1
43,176,571,264,187,86,1,4,-1,-1
43,177,1334,48,17,41,1,1,-1,-1
43,221,482,313,245,88,1,4,-1,-1
43,222,78,196,215,75,1,4,-1,-1
43,223,901,89,24,35,1,10,-1,-1
43,282,1351,51,17,41,1,1,-1,-1
44,2,1423,653,131,73,1,3,-1,-1
44,13,1298,168,173,64,1,4,-1,-1
44,18,1491,291,147,113,1,4,-1,-1
44,21,789,262,69,46,1,10,-1,-1
44,22,337,38,23,47,1,2,-1,-1
44,23,873,62,23,35,1,2,-1,-1
44,28,926,17,52,58,1,4,-1,-1
44,36,1346,36,23,41,1,1,-1,-1
44,43,1154,383,211,160,1,4,-1,-1
44,52,871,94,30,33,1,10,-1,-1
44,61,363,38,22,53,1,2,-1,-1
44,62,1067,732,47,137,1,1,-1,-1
44,82,223,252,221,101,1,4,-1,-1
44,83,784,168,181,69,1,4,-1,-1
44,84,296,42,26,49,1,2,-1,-1
44,85,546,205,194,82,1,4,-1,-1
44,99,352,36,16,47,1,2,-1,-1
44,117,280,53,24,46,1,2,-1,-1
44,118,993,279,141,101,1,7,-1,-1
44,119,466,115,25,53,1,1,-1,-1
44,144,1362,49,18,47,1,2,-1,-1
44,145,1612,149,158,70,1,4,-1,-1
44,174,1792,617,64,103,1,2,-1,-1
44,175,487,114,27,64,1,1,-1,-1
44,176,573,268,190,88,1,4,-1,-1
44,177,1337,50,17,41,1,1,-1,-1
44,222,53,201,217,76,1,4,-1,-1
44,223,902,92,24,35,1,10,-1,-1
44,224,797,240,46,60,1,2,-1,-1
44,282,1354,53,17,41,1,1,-1,-1
44,283,905,68,23,35,1,2,-1,-1
45,2,1441,670,134,73,1,3,-1,-1
45,13,1290,172,173,64,1,4,-1,-1
45,14,500,317,268,101,1,4,-1,-1
45,18,1491,300,148,116,1,4,-1,-1
45,22,334,40,23,47,1,2,-1,-1
45,23,873,64,23,35,1,2,-1,-1
45,28,925,17,53,60,1,4,-1,-1
45,36,1347,39,23,41,1,1,-1,-1
45,43,1115,388,239,183,1,4,-1,-1
45,52,870,96,29,33,1,10,-1,-1
45,62,1082,752,47,137,1,1,-1,-1
45,82,218,258,224,102,1,4,-1,-1
45,83,772,172,181,69,1,4,-1,-1
45,84,299,54,28,54,1,2,-1,-1
45,85,530,208,199,82,1,4,-1,-1
45,99,349,37,16,48,1,2,-1,-1
45,117,276,52,24,46,1,2,-1,-1
45,118,1004,285,144,102,1,7,-1,-1
45,119,462,118,25,54,1,1,-1,-1
45,144,1365,51,17,47,1,2,-1,-1
45,145,1605,152,161,70,1,4,-1,-1
45,174,1816,632,63,103,1,2,-1,-1
45,175,484,118,27,64,1,1,-1,-1
45,176,575,272,194,91,1,4,-1,-1
45,177,1340,53,17,41,1,1,-1,-1
45,223,902,93,24,35,1,10,-1,-1
45,224,771,244,92,62,1,10,-1,-1
45,282,1358,55,17,41,1,1,-1,-1
45,283,905,70,23,35,1,2,-1,-1
45,284,1401,39,23,35,1,3,-1,-1
46,2,1460,688,136,73,1,3,-1,-1
46,13,1272,175,176,66,1,4,-1,-1
46,14,501,333,251,97,1,4,-1,-1
46,18,1492,309,149,119,1,4,-1,-1
46,22,331,42,23,47,1,2,-1,-1
46,23,874,67,23,35,1,2,-1,-1
46,28,925,17,54,62,1,4,-1,-1
46,36,1347,40,23,41,1,1,-1,-1
46,43,1147,408,219,170,1,4,-1,-1
46,52,869,98,29,33,1,10,-1,-1
46,62,1098,772,47,137,1,1,-1,-1
46,82,213,264,226,103,1,4,-1,-1
46,83,760,176,181,69,1,4,-1,-1
46,84,308,47,23,48,1,2,-1,-1
46,85,515,212,203,82,1,4,-1,-1
46,99,346,39,16,48,1,2,-1,-1
46,117,272,52,24,46,1,2,-1,-1
46,118,1015,291,146,102,1,7,-1,-1
46,119,459,121,25,56,1,1,-1,-1
46,144,1369,52,17,47,1,2,-1,-1
46,145,1599,156,163,69,1,4,-1,-1
46,175,480,121,27,64,1,1,-1,-1
46,176,574,279,197,91,1,4,-1,-1
46,177,1341,58,18,41,1,1,-1,-1
46,223,902,94,24,35,1,10,-1,-1
46,224,770,246,46,60,1,2,-1,-1
46,225,1437,38,28,42,1,1,-1,-1
46,226,1498,639,68,106,1,2,-1,-1
46,282,1360,57,17,41,1,1,-1,-1
46,283,906,72,23,35,1,2,-1,-1
46,284,1405,42,23,35,1,3,-1,-1
47,2,1478,705,139,73,1,3,-1,-1
47,13,1254,179,180,67,1,4,-1,-1
47,14,507,340,254,100,1,4,-1,-1
47,18,1486,318,149,122,1,4,-1,-1
47,22,329,44,23,47,1,2,-1,-1
47,23,873,71,23,35,1,2,-1,-1
47,28,925,18,55,64,1,4,-1,-1
47,36,1347,41,23,41,1,1,-1,-1
47,43,1142,422,223,177,1,4,-1,-1
47,52,868,100,29,34,1,10,-1,-1
47,62,1102,796,53,139,1,1,-1,-1
47,82,208,270,229,105,1,4,-1,-1
47,83,748,180,181,69,1,4,-1,-1
47,84,305,49,23,48,1,2,-1,-1
47,85,502,236,206,81,1,4,-1,-1
47,99,344,41,16,48,1,2,-1,-1
47,118,1026,297,149,103,1,7,-1,-1
47,119,455,124,25,58,1,1,-1,-1
47,144,1373,54,17,47,1,2,-1,-1
47,145,1588,160,163,71,1,4,-1,-1
47,177,1342,63,19,41,1,1,-1,-1
47,223,902,95,24,35,1,10,-1,-1
47,224,756,250,46,60,1,2,-1,-1
47,225,1440,40,28,42,1,1,-1,-1
47,226,1516,655,72,106,1,2,-1,-1
47,282,1363,59,17,41,1,1,-1,-1
47,283,905,75,23,35,1,2,-1,-1
47,284,1408,45,23,35,1,3,-1,-1
48,2,1497,723,142,73,1,3,-1,-1
48,6,573,293,203,91,1,4,-1,-1
48,14,513,347,256,103,1,4,-1,-1
48,22,324,43,23,47,1,2,-1,-1
48,23,873,75,23,35,1,2,-1,-1
48,28,914,20,55,64,1,4,-1,-1
48,36,1350,26,24,42,1,1,-1,-1
48,43,1138,436,227,184,1,4,-1,-1
48,52,867,102,29,34,1,10,-1,-1
48,62,1106,821,59,141,1,1,-1,-1
48,82,203,276,231,106,1,4,-1,-1
48,83,736,184,181,69,1,4,-1,-1
48,84,302,50,23,47,1,2,-1,-1
48,85,484,220,212,82,1,4,-1,-1
48,99,340,44,17,48,1,2,-1,-1
48,118,1037,303,152,104,1,7,-1,-1
48,119,452,127,25,60,1,1,-1,-1
48,120,264,57,24,47,1,2,-1,-1
48,144,1377,56,17,47,1,2,-1,-1
48,145,1577,164,163,73,1,4,-1,-1
48,177,1343,68,20,41,1,1,-1,-1
48,178,282,46,22,45,1,2,-1,-1
48,223,902,96,24,35,1,10,-1,-1
48,224,743,253,46,60,1,2,-1,-1
48,225,1443,41,28,42,1,1,-1,-1
48,226,1535,671,76,106,1,2,-1,-1
48,283,904,79,23,35,1,2,-1,-1
48,284,1412,48,23,35,1,3,-1,-1
49,2,1506,738,142,76,1,3,-1,-1
49,6,572,300,206,91,1,4,-1,-1
49,14,520,354,258,106,1,4,-1,-1
49,22,319,43,23,47,1,2,-1,-1
49,28,903,22,55,64,1,4,-1,-1
49,36,1348,44,23,41,1,1,-1,-1
49,43,1134,450,231,191,1,4,-1,-1
49,52,866,104,29,35,1,10,-1,-1
49,62,1110,845,65,143,1,1,-1,-1
49,83,710,188,185,72,1,4,-1,-1
49,84,300,51,23,47,1,2,-1,-1
49,85,452,225,217,84,1,4,-1,-1
49,99,336,47,19,48,1,2,-1,-1
49,119,449,131,25,61,1,1,-1,-1
49,120,260,63,24,47,1,2,-1,-1
49,144,1382,58,17,47,1,2,-1,-1
49,145,1566,168,163,75,1,4,-1,-1
49,177,1345,73,21,41,1,1,-1,-1
49,178,277,50,23,46,1,2,-1,-1
49,224,730,257,46,60,1,2,-1,-1
49,225,1446,43,28,42,1,1,-1,-1
49,226,1545,689,76,106,1,2,-1,-1
49,284,1410,46,23,35,1,3,-1,-1
50,2,1516,754,142,79,1,3,-1,-1
50,6,571,307,209,91,1,4,-1,-1
50,14,507,365,264,107,1,4,-1,-1
50,28,897,34,66,76,1,4,-1,-1
50,43,1113,469,237,201,1,4,-1,-1
50,52,860,105,30,33,1,10,-1,-1
50,62,1114,870,71,145,1,1,-1,-1
50,83,684,193,190,74,1,4,-1,-1
50,84,295,47,23,47,1,2,-1,-1
50,85,421,231,221,86,1,4,-1,-1
50,120,259,57,25,52,1,2,-1,-1
50,145,1555,173,163,76,1,4,-1,-1
50,178,275,55,23,47,1,2,-1,-1
50,225,1433,46,28,42,1,1,-1,-1
50,226,1555,707,76,106,1,2,-1,-1
50,227,1244,1,69,51,1,4,-1,-1
51,2,1525,769,142,82,1,3,-1,-1
51,6,571,314,212,91,1,4,-1,-1
51,14,494,376,271,109,1,4,-1,-1
51,28,881,27,56,64,1,4,-1,-1
51,43,1092,489,243,210,1,4,-1,-1
51,52,876,103,24,35,1,10,-1,-1
51,62,1118,894,77,147,1,1,-1,-1
51,83,658,198,194,76,1,4,-1,-1
51,84,286,53,21,48,1,2,-1,-1
51,85,390,236,225,88,1,4,-1,-1
51,120,250,59,23,48,1,2,-1,-1
51,178,271,51,23,47,1,2,-1,-1
51,225,1421,49,28,42,1,1,-1,-1
51,226,1565,726,76,106,1,2,-1,-1
51,227,1237,1,70,51,1,4,-1,-1
52,2,1535,785,142,85,1,3,-1,-1
52,6,573,323,193,83,1,4,-1,-1
52,14,481,387,278,110,1,4,-1,-1
52,28,870,29,57,64,1,4,-1,-1
52,43,1071,508,249,220,1,4,-1,-1
52,62,1123,919,82,149,1,1,-1,-1
52,84,279,56,23,53,1,2,-1,-1
52,85,359,242,230,90,1,4,-1,-1
52,120,247,55,23,47,1,2,-1,-1
52,146,853,87,23,35,1,2,-1,-1
52,178,261,56,22,48,1,2,-1,-1
52,227,1231,2,70,50,1,4,-1,-1
52,285,1304,67,21,41,1,1,-1,-1
53,2,1545,801,142,88,1,3,-1,-1
53,6,575,330,217,94,1,4,-1,-1
53,14,468,398,285,112,1,4,-1,-1
53,28,852,34,49,55,1,4,-1,-1
53,43,1051,528,254,229,1,4,-1,-1
53,53,1278,52,23,42,1,1,-1,-1
53,62,1127,908,58,131,1,1,-1,-1
53,85,327,245,232,93,1,4,-1,-1
53,120,237,60,22,47,1,2,-1,-1
53,146,843,89,23,35,1,2,-1,-1
53,147,1385,49,28,47,1,1,-1,-1
53,148,1429,378,174,148,1,4,-1,-1
53,149,158,73,24,49,1,2,-1,-1
53,178,256,60,23,53,1,2,-1,-1
53,227,1224,2,71,51,1,4,-1,-1
53,228,1291,65,21,42,1,1,-1,-1
53,285,1309,71,17,41,1,1,-1,-1
53,286,17,401,256,104,1,4,-1,-1
54,2,1573,829,144,85,1,3,-1,-1
54,6,577,338,220,95,1,4,-1,-1
54,8,1321,67,17,47,1,2,-1,-1
54,14,482,399,278,113,1,4,-1,-1
54,28,848,34,58,64,1,4,-1,-1
54,44,1634,208,185,90,1,4,-1,-1
54,53,1275,54,23,41,1,1,-1,-1
54,62,1143,944,58,126,1,1,-1,-1
54,85,303,250,235,95,1,4,-1,-1
54,120,231,62,21,48,1,2,-1,-1
54,146,833,91,23,35,1,2,-1,-1
54,147,1385,46,28,49,1,1,-1,-1
54,148,1432,392,174,153,1,4,-1,-1
54,149,150,76,24,49,1,2,-1,-1
54,150,1142,209,196,75,1,4,-1,-1
54,178,249,63,23,53,1,2,-1,-1
54,227,1218,3,71,50,1,4,-1,-1
54,228,1294,68,21,42,1,1,-1,-1
54,285,1311,73,17,41,1,1,-1,-1
54,286,17,411,259,106,1,4,-1,-1
55,2,1601,857,147,83,1,3,-1,-1
55,6,579,346,223,97,1,4,-1,-1
55,8,1324,70,17,47,1,2,-1,-1
55,11,1354,54,23,35,1,3,-1,-1
55,14,486,410,284,115,1,4,-1,-1
55,26,1078,354,164,115,1,7,-1,-1
55,28,847,36,58,64,1,4,-1,-1
55,44,1627,213,185,90,1,4,-1,-1
55,53,1275,56,23,42,1,1,-1,-1
55,120,226,65,20,48,1,2,-1,-1
55,146,833,93,23,35,1,2,-1,-1
55,147,1388,50,28,49,1,1,-1,-1
55,148,1436,407,174,158,1,4,-1,-1
55,149,143,79,24,50,1,2,-1,-1
55,150,1129,215,196,75,1,4,-1,-1
55,227,1212,4,71,49,1,4,-1,-1
55,228,1297,71,21,42,1,1,-1,-1
55,229,1035,565,264,249,1,4,-1,-1
55,285,1314,76,17,41,1,1,-1,-1
55,286,18,421,262,108,1,4,-1,-1
55,287,564,220,207,79,1,4,-1,-1
56,2,1629,885,149,81,1,3,-1,-1
56,6,581,355,226,97,1,4,-1,-1
56,8,1326,73,17,47,1,2,-1,-1
56,11,1356,56,23,35,1,3,-1,-1
56,14,491,421,289,118,1,4,-1,-1
56,26,1095,361,167,116,1,7,-1,-1
56,28,863,51,59,65,1,4,-1,-1
56,44,1621,218,184,91,1,4,-1,-1
56,53,1275,58,23,44,1,1,-1,-1
56,120,220,68,19,48,1,2,-1,-1
56,146,833,95,23,35,1,2,-1,-1
56,147,1391,54,28,49,1,1,-1,-1
56,148,1440,422,174,162,1,4,-1,-1
56,149,136,82,24,51,1,2,-1,-1
56,150,1117,221,196,75,1,4,-1,-1
56,151,362,169,28,64,1,1,-1,-1
56,228,1301,74,21,42,1,1,-1,-1
56,229,1023,592,272,264,1,4,-1,-1
56,285,1317,79,17,41,1,1,-1,-1
56,286,19,432,265,110,1,4,-1,-1
56,287,548,226,211,79,1,4,-1,-1
56,288,160,72,22,45,1,2,-1,-1
57,2,1657,914,152,77,1,3,-1,-1
57,6,583,363,228,99,1,4,-1,-1
57,8,1329,76,17,47,1,2,-1,-1
57,11,1358,59,23,35,1,3,-1,-1
57,14,495,433,295,119,1,4,-1,-1
57,26,1113,368,169,118,1,7,-1,-1
57,28,862,24,60,67,1,4,-1,-1
57,44,1618,225,188,91,1,4,-1,-1
57,53,1275,60,23,46,1,1,-1,-1
57,70,833,123,24,35,1,10,-1,-1
57,146,833,98,23,35,1,2,-1,-1
57,147,1394,59,28,48,1,1,-1,-1
57,148,1444,437,173,167,1,4,-1,-1
57,149,129,85,23,52,1,2,-1,-1
57,150,1105,227,196,75,1,4,-1,-1
57,151,356,171,29,67,1,1,-1,-1
57,179,491,334,86,46,1,10,-1,-1
57,228,1304,77,21,42,1,1,-1,-1
57,229,1011,620,281,279,1,4,-1,-1
57,286,20,442,267,112,1,4,-1,-1
57,287,532,233,215,79,1,4,-1,-1
57,288,154,75,22,45,1,2,-1,-1
58,2,1685,942,154,75,1,3,-1,-1
58,6,585,371,231,100,1,4,-1,-1
58,8,1323,85,17,41,1,1,-1,-1
58,11,1358,62,23,35,1,3,-1,-1
58,14,500,444,300,122,1,4,-1,-1
58,26,1131,375,171,119,1,7,-1,-1
58,28,848,35,52,58,1,4,-1,-1
58,44,1616,233,192,90,1,4,-1,-1
58,53,1275,62,23,46,1,1,-1,-1
58,70,834,126,24,35,1,10,-1,-1
58,146,828,101,23,35,1,2,-1,-1
58,147,1396,61,28,48,1,1,-1,-1
58,148,1448,452,173,171,1,4,-1,-1
58,149,122,88,23,53,1,2,-1,-1
58,150,1087,233,200,77,1,4,-1,-1
58,151,350,174,30,69,1,1,-1,-1
58,179,467,344,90,46,1,10,-1,-1
58,228,1308,80,21,42,1,1,-1,-1
58,229,1000,648,288,293,1,4,-1,-1
58,287,517,240,218,79,1,4,-1,-1
58,288,147,78,22,45,1,2,-1,-1
58,289,792,104,23,35,1,2,-1,-1
59,6,587,379,234,102,1,4,-1,-1
59,8,1320,86,17,41,1,1,-1,-1
59,11,1359,65,23,35,1,3,-1,-1
59,14,505,456,306,124,1,4,-1,-1
59,26,1149,382,173,121,1,7,-1,-1
59,44,1614,241,196,89,1,4,-1,-1
59,53,1276,65,23,46,1,1,-1,-1
59,70,828,129,24,35,1,10,-1,-1
59,146,823,105,23,35,1,2,-1,-1
59,147,1399,63,28,48,1,1,-1,-1
59,148,1452,467,173,176,1,4,-1,-1
59,149,115,91,23,54,1,2,-1,-1
59,150,1069,239,205,80,1,4,-1,-1
59,151,344,177,31,71,1,1,-1,-1
59,179,437,352,90,47,1,10,-1,-1
59,229,977,656,331,343,1,4,-1,-1
59,230,120,369,284,123,1,4,-1,-1
59,287,493,246,221,82,1,4,-1,-1
59,288,141,82,22,45,1,2,-1,-1
59,289,787,107,23,35,1,2,-1,-1
60,6,589,387,237,103,1,4,-1,-1
60,8,1318,88,17,41,1,1,-1,-1
60,11,1360,68,23,35,1,3,-1,-1
60,14,506,469,307,130,1,4,-1,-1
60,26,1167,390,175,122,1,7,-1,-1
60,44,1598,246,199,89,1,4,-1,-1
60,53,1275,68,23,46,1,1,-1,-1
60,70,822,132,24,35,1,10,-1,-1
60,147,1402,65,28,48,1,1,-1,-1
60,148,1449,487,177,184,1,4,-1,-1
60,149,120,84,25,58,1,2,-1,-1
60,150,1051,245,210,83,1,4,-1,-1
60,151,331,181,33,72,1,1,-1,-1
60,179,407,361,90,48,1,10,-1,-1
60,229,976,704,305,322,1,4,-1,-1
60,230,116,378,289,124,1,4,-1,-1
60,288,146,92,23,48,1,2,-1,-1
60,289,782,110,23,35,1,2,-1,-1
61,6,592,396,239,104,1,4,-1,-1
61,8,1315,90,17,41,1,1,-1,-1
61,11,1354,69,23,35,1,3,-1,-1
61,14,508,482,308,137,1,4,-1,-1
61,26,1182,399,176,124,1,7,-1,-1
61,44,1582,251,203,90,1,4,-1,-1
61,53,1268,71,23,46,1,1,-1,-1
61,70,816,135,24,35,1,10,-1,-1
61,150,1033,252,215,85,1,4,-1,-1
61,151,315,188,33,72,1,1,-1,-1
61,179,377,370,91,49,1,10,-1,-1
61,230,111,387,295,125,1,4,-1,-1
61,289,777,113,23,35,1,2,-1,-1
61,290,1381,217,192,83,1,4,-1,-1
62,6,594,406,243,108,1,4,-1,-1
62,8,1313,92,17,41,1,1,-1,-1
62,11,1349,71,23,35,1,3,-1,-1
62,14,509,495,310,143,1,4,-1,-1
62,26,1197,408,177,126,1,7,-1,-1
62,29,1293,88,21,51,1,1,-1,-1
62,44,1566,257,207,90,1,4,-1,-1
62,53,1261,75,23,46,1,1,-1,-1
62,70,810,138,24,35,1,10,-1,-1
62,151,300,195,33,72,1,1,-1,-1
62,179,347,379,91,50,1,10,-1,-1
62,230,107,396,300,127,1,4,-1,-1
62,231,71,103,23,54,1,2,-1,-1
62,289,773,116,23,35,1,2,-1,-1
62,290,1363,221,194,85,1,4,-1,-1
63,6,596,417,248,112,1,4,-1,-1
63,8,1311,94,17,41,1,1,-1,-1
63,11,1344,73,23,35,1,3,-1,-1
63,14,511,508,311,150,1,4,-1,-1
63,26,1212,417,178,128,1,7,-1,-1
63,29,1290,91,21,53,1,1,-1,-1
63,44,1552,262,207,94,1,4,-1,-1
63,53,1252,77,23,46,1,1,-1,-1
63,70,804,141,24,35,1,10,-1,-1
63,151,285,202,33,73,1,1,-1,-1
63,179,318,388,91,51,1,10,-1,-1
63,180,992,267,218,88,1,4,-1,-1
63,230,98,411,303,129,1,4,-1,-1
63,231,75,93,22,54,1,2,-1,-1
63,290,1346,226,196,87,1,4,-1,-1
64,6,598,428,253,116,1,4,-1,-1
64,8,1305,98,17,41,1,1,-1,-1
64,11,1339,75,23,35,1,3,-1,-1
64,14,515,523,317,152,1,4,-1,-1
64,26,1227,426,179,130,1,7,-1,-1
64,29,1286,93,21,53,1,1,-1,-1
64,44,1539,268,207,97,1,4,-1,-1
64,53,1243,80,23,46,1,1,-1,-1
64,70,794,145,24,35,1,10,-1,-1
64,71,246,207,28,73,1,1,-1,-1
64,100,804,59,69,64,1,4,-1,-1
64,180,972,274,220,91,1,4,-1,-1
64,230,89,427,306,130,1,4,-1,-1
64,231,83,107,23,48,1,2,-1,-1
64,232,752,151,28,41,1,10,-1,-1
64,290,1328,230,198,89,1,4,-1,-1
65,6,600,439,257,120,1,4,-1,-1
65,8,1299,103,17,41,1,1,-1,-1
65,11,1334,78,23,35,1,3,-1,-1
65,14,519,538,324,155,1,4,-1,-1
65,26,1242,436,181,131,1,7,-1,-1
65,29,1282,96,21,53,1,1,-1,-1
65,44,1526,273,206,101,1,4,-1,-1
65,53,1235,83,23,46,1,1,-1,-1
65,70,784,149,24,35,1,10,-1,-1
65,71,253,214,33,73,1,1,-1,-1
65,72,346,292,249,96,1,4,-1,-1
65,100,797,62,69,64,1,4,-1,-1
65,121,745,128,23,35,1,2,-1,-1
65,180,952,282,221,92,1,4,-1,-1
65,231,93,106,23,47,1,2,-1,-1
65,232,742,153,28,41,1,10,-1,-1
65,233,65,111,23,48,1,2,-1,-1
65,290,1311,235,200,91,1,4,-1,-1
66,6,602,450,262,124,1,4,-1,-1
66,8,1293,107,17,41,1,1,-1,-1
66,11,1329,80,23,35,1,3,-1,-1
66,14,524,553,329,157,1,4,-1,-1
66,26,1261,446,185,133,1,7,-1,-1
66,29,1273,102,24,60,1,1,-1,-1
66,37,1372,78,28,48,1,1,-1,-1
66,44,1513,279,206,104,1,4,-1,-1
66,53,1229,86,23,46,1,1,-1,-1
66,70,774,154,24,35,1,10,-1,-1
66,71,238,221,33,73,1,1,-1,-1
66,72,320,301,255,98,1,4,-1,-1
66,100,790,65,70,64,1,4,-1,-1
66,121,737,133,23,35,1,2,-1,-1
66,122,71,459,313,133,1,4,-1,-1
66,180,932,289,222,94,1,4,-1,-1
66,231,93,106,17,47,1,2,-1,-1
66,232,732,155,28,41,1,10,-1,-1
66,233,77,112,23,47,1,2,-1,-1
67,6,604,461,267,128,1,4,-1,-1
67,8,1287,112,17,41,1,1,-1,-1
67,11,1324,83,23,35,1,3,-1,-1
67,14,528,569,336,159,1,4,-1,-1
67,26,1281,456,188,135,1,7,-1,-1
67,29,1274,101,21,53,1,1,-1,-1
67,37,1369,81,28,48,1,1,-1,-1
67,44,1501,286,210,103,1,4,-1,-1
67,70,766,158,26,36,1,10,-1,-1
67,71,224,227,33,75,1,1,-1,-1
67,72,295,310,261,100,1,4,-1,-1
67,100,784,68,69,64,1,4,-1,-1
67,121,729,138,23,35,1,2,-1,-1
67,122,65,470,322,138,1,4,-1,-1
67,180,912,297,224,96,1,4,-1,-1
67,231,99,108,22,53,1,2,-1,-1
67,232,726,159,28,41,1,10,-1,-1
67,233,79,108,17,47,1,2,-1,-1
68,6,610,473,270,131,1,4,-1,-1
68,8,1281,116,17,41,1,1,-1,-1
68,11,1321,85,23,35,1,3,-1,-1
68,14,533,584,341,161,1,4,-1,-1
68,26,1301,466,192,137,1,7,-1,-1
68,29,1270,103,21,53,1,1,-1,-1
68,37,1366,83,28,48,1,1,-1,-1
68,44,1489,293,214,103,1,4,-1,-1
68,70,759,162,27,38,1,10,-1,-1
68,71,211,233,32,77,1,1,-1,-1
68,72,261,319,267,102,1,4,-1,-1
68,100,777,71,70,64,1,4,-1,-1
68,121,721,143,23,35,1,2,-1,-1
68,122,60,482,331,142,1,4,-1,-1
68,180,887,305,228,98,1,4,-1,-1
68,181,1259,253,208,97,1,4,-1,-1
68,232,720,164,28,41,1,10,-1,-1
68,233,83,117,22,53,1,2,-1,-1
69,6,616,486,274,133,1,4,-1,-1
69,8,1288,107,17,47,1,2,-1,-1
69,11,1318,87,23,35,1,3,-1,-1
69,14,537,599,348,164,1,4,-1,-1
69,26,1321,476,195,140,1,7,-1,-1
69,29,1268,98,16,44,1,2,-1,-1
69,37,1364,86,28,48,1,1,-1,-1
69,45,1139,25,82,49,1,4,-1,-1
69,71,197,239,32,79,1,1,-1,-1
69,72,228,328,272,105,1,4,-1,-1
69,100,770,74,70,64,1,4,-1,-1
69,121,713,149,23,35,1,2,-1,-1
69,122,54,494,340,146,1,4,-1,-1
69,180,863,314,231,99,1,4,-1,-1
69,181,1241,259,211,99,1,4,-1,-1
69,232,714,168,28,41,1,10,-1,-1
69,233,80,109,23,63,1,2,-1,-1
69,291,1214,95,23,46,1,1,-1,-1
70,6,623,498,277,137,1,4,-1,-1
70,8,1284,110,17,47,1,2,-1,-1
70,11,1315,89,23,35,1,3,-1,-1
70,26,1341,486,198,142,1,7,-1,-1
70,29,1263,109,21,53,1,1,-1,-1
70,37,1361,87,28,50,1,1,-1,-1
70,45,1133,27,82,49,1,4,-1,-1
70,71,184,245,31,81,1,1,-1,-1
70,72,194,337,278,108,1,4,-1,-1
70,100,764,78,70,63,1,4,-1,-1
70,121,706,152,23,35,1,2,-1,-1
70,122,49,506,349,151,1,4,-1,-1
70,181,1224,265,213,101,1,4,-1,-1
70,233,69,96,30,73,1,2,-1,-1
70,234,747,151,23,35,1,2,-1,-1
70,291,1208,97,23,46,1,1,-1,-1
71,6,629,511,281,139,1,4,-1,-1
71,8,1281,113,17,47,1,2,-1,-1
71,11,1313,91,23,35,1,3,-1,-1
71,26,1361,496,202,144,1,7,-1,-1
71,29,1261,113,21,53,1,1,-1,-1
71,37,1358,88,28,52,1,1,-1,-1
71,45,1128,30,82,49,1,4,-1,-1
71,63,138,250,33,85,1,1,-1,-1
71,71,171,252,31,82,1,1,-1,-1
71,72,161,346,283,110,1,4,-1,-1
71,100,756,79,72,66,1,4,-1,-1
71,121,699,155,23,35,1,2,-1,-1
71,122,47,520,355,153,1,4,-1,-1
71,181,1207,271,216,103,1,4,-1,-1
71,234,740,156,23,35,1,2,-1,-1
71,291,1202,99,23,46,1,1,-1,-1
72,6,636,524,284,142,1,4,-1,-1
72,8,1279,117,17,47,1,2,-1,-1
72,11,1311,93,23,35,1,3,-1,-1
72,26,1381,506,205,146,1,7,-1,-1
72,29,1259,117,22,53,1,1,-1,-1
72,37,1355,90,28,53,1,1,-1,-1
72,45,1123,32,82,49,1,4,-1,-1
72,63,121,257,35,88,1,1,-1,-1
72,71,157,259,31,82,1,1,-1,-1
72,72,127,355,289,113,1,4,-1,-1
72,100,748,81,75,69,1,4,-1,-1
72,121,692,159,23,35,1,2,-1,-1
72,122,45,534,362,156,1,4,-1,-1
72,181,1190,278,219,105,1,4,-1,-1
72,234,733,161,23,35,1,2,-1,-1
72,291,1196,102,23,46,1,1,-1,-1
73,6,650,536,286,146,1,4,-1,-1
73,8,1277,120,17,47,1,2,-1,-1
73,11,1309,96,23,35,1,3,-1,-1
73,26,1401,516,209,149,1,7,-1,-1
73,29,1257,121,22,53,1,1,-1,-1
73,37,1352,91,28,55,1,1,-1,-1
73,45,1118,35,82,49,1,4,-1,-1
73,63,104,263,37,91,1,1,-1,-1
73,71,143,267,31,82,1,1,-1,-1
73,72,94,365,294,115,1,4,-1,-1
73,100,740,82,77,72,1,4,-1,-1
73,121,685,162,23,35,1,2,-1,-1
73,122,43,548,368,158,1,4,-1,-1
73,152,1263,139,17,41,1,1,-1,-1
73,181,1173,285,222,107,1,4,-1,-1
73,234,726,166,23,35,1,2,-1,-1
73,291,1190,104,23,46,1,1,-1,-1
74,6,664,549,289,149,1,4,-1,-1
74,8,1274,124,17,47,1,2,-1,-1
74,11,1307,99,23,35,1,3,-1,-1
74,29,1255,125,23,53,1,1,-1,-1
74,37,1350,93,28,57,1,1,-1,-1
74,45,1118,36,82,50,1,4,-1,-1
74,63,88,270,39,94,1,1,-1,-1
74,71,129,275,31,82,1,1,-1,-1
74,72,78,375,282,117,1,4,-1,-1
74,122,41,562,375,161,1,4,-1,-1
74,123,679,188,27,52,1,10,-1,-1
74,152,1261,143,17,41,1,1,-1,-1
74,181,1156,293,225,108,1,4,-1,-1
74,234,720,171,23,35,1,2,-1,-1
75,6,678,562,292,152,1,4,-1,-1
75,8,1272,127,17,47,1,2,-1,-1
75,11,1306,102,23,35,1,3,-1,-1
75,29,1253,129,23,53,1,1,-1,-1
75,37,1353,96,28,57,1,1,-1,-1
75,45,1118,37,82,51,1,4,-1,-1
75,63,79,278,41,94,1,1,-1,-1
75,71,120,281,31,85,1,1,-1,-1
75,72,62,385,271,119,1,4,-1,-1
75,101,676,170,23,35,1,2,-1,-1
75,123,676,192,28,52,1,10,-1,-1
75,152,1259,147,17,41,1,1,-1,-1
75,234,719,175,23,35,1,2,-1,-1
76,6,692,574,294,156,1,4,-1,-1
76,8,1270,131,17,47,1,2,-1,-1
76,11,1309,104,23,35,1,3,-1,-1
76,29,1252,133,23,53,1,1,-1,-1
76,37,1357,100,28,57,1,1,-1,-1
76,45,1119,39,81,51,1,4,-1,-1
76,63,70,286,43,94,1,1,-1,-1
76,72,47,395,259,121,1,4,-1,-1
76,101,674,174,23,35,1,2,-1,-1
76,123,674,197,29,51,1,10,-1,-1
76,124,1499,553,198,154,1,7,-1,-1
76,152,1258,152,17,41,1,1,-1,-1
76,292,47,591,387,170,1,4,-1,-1
77,6,746,583,243,130,1,4,-1,-1
77,8,1271,134,17,47,1,2,-1,-1
77,11,1313,107,23,35,1,3,-1,-1
77,29,1253,136,23,53,1,1,-1,-1
77,37,1360,103,28,57,1,1,-1,-1
77,45,1119,40,82,52,1,4,-1,-1
77,63,61,295,45,94,1,1,-1,-1
77,101,673,179,23,35,1,2,-1,-1
77,123,672,201,30,52,1,10,-1,-1
77,124,1532,565,194,156,1,7,-1,-1
77,152,1259,155,17,41,1,1,-1,-1
77,153,717,184,23,35,1,2,-1,-1
77,292,56,607,392,176,1,4,-1,-1
78,8,1273,138,17,47,1,2,-1,-1
78,11,1316,110,23,35,1,3,-1,-1
78,29,1255,140,23,53,1,1,-1,-1
78,37,1364,107,28,57,1,1,-1,-1
78,45,1120,42,81,52,1,4,-1,-1
78,63,51,302,45,94,1,1,-1,-1
78,73,646,758,411,192,1,4,-1,-1
78,101,671,183,23,35,1,2,-1,-1
78,123,670,206,31,51,1,10,-1,-1
78,124,1565,578,191,158,1,7,-1,-1
78,152,1260,159,17,41,1,1,-1,-1
78,153,716,189,23,35,1,2,-1,-1
78,235,642,403,279,119,1,4,-1,-1
78,292,64,623,397,181,1,4,-1,-1
79,8,1275,142,17,47,1,2,-1,-1
79,11,1320,113,23,35,1,3,-1,-1
79,29,1257,143,23,53,1,1,-1,-1
79,37,1367,110,28,57,1,1,-1,-1
79,45,1120,43,81,53,1,4,-1,-1
79,63,41,310,45,94,1,1,-1,-1
79,73,668,779,419,194,1,4,-1,-1
79,101,670,188,23,35,1,2,-1,-1
79,123,668,210,32,51,1,10,-1,-1
79,124,1597,590,188,160,1,7,-1,-1
79,152,1261,163,17,41,1,1,-1,-1
79,153,715,194,23,35,1,2,-1,-1
79,182,1132,4,23,41,1,1,-1,-1
79,235,609,414,287,124,1,4,-1,-1
79,292,73,639,402,187,1,4,-1,-1
79,293,735,612,305,168,1,4,-1,-1
80,8,1276,146,17,47,1,2,-1,-1
80,11,1323,115,23,35,1,3,-1,-1
80,37,1371,114,28,57,1,1,-1,-1
80,45,1121,45,81,54,1,4,-1,-1
80,63,31,318,46,94,1,1,-1,-1
80,73,690,801,427,194,1,4,-1,-1
80,86,1058,339,243,124,1,4,-1,-1
80,101,665,193,25,34,1,2,-1,-1
80,123,666,215,33,51,1,10,-1,-1
80,124,1630,602,184,162,1,7,-1,-1
80,152,1262,166,17,41,1,1,-1,-1
80,153,711,198,24,35,1,2,-1,-1
80,182,1133,7,23,41,1,1,-1,-1
80,235,577,425,295,130,1,4,-1,-1
80,292,82,655,406,193,1,4,-1,-1
80,293,750,625,310,172,1,4,-1,-1
80,294,712,226,29,40,1,10,-1,-1
81,37,1374,117,28,57,1,1,-1,-1
81,45,1123,49,82,54,1,4,-1,-1
81,63,52,321,37,91,1,1,-1,-1
81,73,712,822,435,196,1,4,-1,-1
81,86,1042,348,246,127,1,4,-1,-1
81,101,661,198,26,34,1,2,-1,-1
81,123,662,220,33,51,1,10,-1,-1
81,124,1663,615,180,163,1,7,-1,-1
81,153,707,203,25,35,1,2,-1,-1
81,182,1135,11,23,41,1,1,-1,-1
81,235,544,437,304,135,1,4,-1,-1
81,293,766,638,314,176,1,4,-1,-1
81,294,708,228,29,40,1,10,-1,-1
82,45,1126,53,82,54,1,4,-1,-1
82,63,39,328,39,91,1,1,-1,-1
82,73,734,844,443,197,1,4,-1,-1
82,86,1027,356,249,131,1,4,-1,-1
82,101,657,203,27,34,1,2,-1,-1
82,123,658,225,33,52,1,10,-1,-1
82,124,1696,627,176,165,1,7,-1,-1
82,153,703,207,26,35,1,2,-1,-1
82,182,1137,15,23,41,1,1,-1,-1
82,235,512,448,311,141,1,4,-1,-1
82,293,781,651,319,180,1,4,-1,-1
82,294,705,230,29,41,1,10,-1,-1
83,45,1129,58,83,54,1,4,-1,-1
83,63,26,335,41,91,1,1,-1,-1
83,73,757,866,427,200,1,4,-1,-1
83,86,1012,365,252,134,1,4,-1,-1
83,101,653,208,28,34,1,2,-1,-1
83,124,1729,640,173,167,1,7,-1,-1
83,153,699,212,27,35,1,2,-1,-1
83,182,1127,16,23,41,1,1,-1,-1
83,183,1331,426,269,130,1,4,-1,-1
83,235,479,459,320,147,1,4,-1,-1
83,293,796,664,324,184,1,4,-1,-1
83,294,701,232,29,41,1,10,-1,-1
84,73,765,871,461,185,1,4,-1,-1
84,86,982,369,237,128,1,4,-1,-1
84,101,649,213,30,34,1,2,-1,-1
84,124,1724,644,178,170,1,7,-1,-1
84,153,695,217,29,35,1,2,-1,-1
84,182,1117,17,23,41,1,1,-1,-1
84,183,1312,439,271,132,1,4,-1,-1
84,294,698,235,29,41,1,10,-1,-1
85,73,760,892,461,173,1,4,-1,-1
85,86,926,381,258,141,1,4,-1,-1
85,182,1108,19,23,41,1,1,-1,-1
85,183,1279,425,286,142,1,4,-1,-1
86,73,763,905,453,161,1,4,-1,-1
86,86,871,389,261,144,1,4,-1,-1
86,102,69,759,436,225,1,4,-1,-1
86,183,1214,443,273,139,1,4,-1,-1
86,184,1682,397,216,114,1,4,-1,-1
87,73,766,919,446,149,1,4,-1,-1
87,86,855,422,222,124,1,4,-1,-1
87,102,49,782,441,230,1,4,-1,-1
87,183,1162,447,275,142,1,4,-1,-1
87,184,1631,395,217,114,1,4,-1,-1
88,73,772,924,446,143,1,4,-1,-1
88,86,762,405,271,153,1,4,-1,-1
88,102,29,805,446,235,1,4,-1,-1
88,183,1111,452,277,145,1,4,-1,-1
88,184,1581,394,217,113,1,4,-1,-1
88,185,759,711,335,202,1,4,-1,-1
89,73,779,930,445,137,1,4,-1,-1
89,86,705,412,270,154,1,4,-1,-1
89,102,10,828,451,240,1,4,-1,-1
89,183,1059,456,279,148,1,4,-1,-1
89,184,1530,392,218,113,1,4,-1,-1
89,185,746,719,336,206,1,4,-1,-1
89,186,930,64,91,55,1,4,-1,-1
90,74,441,139,101,89,1,4,-1,-1
90,86,650,420,273,158,1,4,-1,-1
90,102,9,840,454,227,1,4,-1,-1
90,184,1480,391,218,112,1,4,-1,-1
90,185,733,728,338,209,1,4,-1,-1
90,186,893,65,91,55,1,4,-1,-1
91,3,1734,517,140,75,1,10,-1,-1
91,74,411,150,97,73,1,4,-1,-1
91,102,8,853,458,214,1,4,-1,-1
91,184,1430,390,218,112,1,4,-1,-1
91,185,720,737,340,212,1,4,-1,-1
91,186,856,65,91,55,1,4,-1,-1
92,3,1699,513,140,75,1,10,-1,-1
92,64,1668,602,219,176,1,7,-1,-1
92,74,378,153,100,74,1,4,-1,-1
92,102,8,865,460,201,1,4,-1,-1
92,184,1394,393,218,112,1,4,-1,-1
92,185,736,736,348,217,1,4,-1,-1
92,186,819,66,91,55,1,4,-1,-1
92,295,799,947,443,119,1,4,-1,-1
93,3,1665,509,140,75,1,10,-1,-1
93,64,1663,596,219,173,1,7,-1,-1
93,74,346,156,102,75,1,4,-1,-1
93,102,7,878,464,188,1,4,-1,-1
93,185,718,746,340,212,1,4,-1,-1
93,186,782,67,91,55,1,4,-1,-1
93,295,799,941,450,124,1,4,-1,-1
94,3,1631,505,140,75,1,10,-1,-1
94,64,1656,587,213,170,1,7,-1,-1
94,74,313,159,105,77,1,4,-1,-1
94,102,7,891,467,175,1,4,-1,-1
94,103,1322,400,218,112,1,4,-1,-1
94,185,717,750,340,212,1,4,-1,-1
94,186,755,67,91,55,1,4,-1,-1
94,295,799,936,457,129,1,4,-1,-1
95,3,1596,501,140,75,1,10,-1,-1
95,64,1650,579,207,166,1,7,-1,-1
95,74,281,162,107,78,1,4,-1,-1
95,102,4,898,474,169,1,4,-1,-1
95,103,1286,403,218,112,1,4,-1,-1
95,186,729,68,91,55,1,4,-1,-1
95,295,799,930,464,134,1,4,-1,-1
96,3,1562,497,140,75,1,10,-1,-1
96,64,1644,571,201,163,1,7,-1,-1
96,74,249,166,109,79,1,4,-1,-1
96,103,1251,407,218,112,1,4,-1,-1
96,295,800,919,405,120,1,4,-1,-1
97,3,1579,470,69,93,1,2,-1,-1
97,20,0,912,487,157,1,4,-1,-1
97,64,1632,560,199,163,1,7,-1,-1
97,74,213,168,114,84,1,4,-1,-1
97,103,1209,409,220,113,1,4,-1,-1
98,3,1493,489,140,75,1,10,-1,-1
98,20,1,912,489,156,1,4,-1,-1
98,46,1533,205,185,85,1,4,-1,-1
98,64,1620,549,197,164,1,7,-1,-1
98,74,177,171,119,88,1,4,-1,-1
98,103,1168,411,222,114,1,4,-1,-1
98,296,669,518,307,174,1,4,-1,-1
99,3,1459,485,140,75,1,10,-1,-1
99,20,2,913,492,155,1,4,-1,-1
99,46,1496,203,185,85,1,4,-1,-1
99,64,1608,539,195,163,1,7,-1,-1
99,74,142,174,124,93,1,4,-1,-1
99,103,1126,413,224,115,1,4,-1,-1
99,296,623,524,313,179,1,4,-1,-1
100,3,1425,481,140,75,1,10,-1,-1
100,20,3,913,495,154,1,4,-1,-1
100,46,1459,201,185,85,1,4,-1,-1
100,47,1518,265,173,113,1,5,-1,-1
100,64,1596,528,193,164,1,7,-1,-1
100,74,106,176,124,94,1,4,-1,-1
100,103,1085,415,226,116,1,4,-1,-1
100,296,577,529,318,184,1,4,-1,-1
101,3,1439,457,70,93,1,2,-1,-1
101,20,4,914,497,153,1,4,-1,-1
101,46,1427,198,182,85,1,4,-1,-1
101,47,1477,263,172,114,1,5,-1,-1
101,64,1585,518,191,164,1,7,-1,-1
101,74,70,178,124,95,1,4,-1,-1
101,103,1044,417,228,118,1,4,-1,-1
101,296,531,534,323,189,1,4,-1,-1
102,3,1373,475,139,75,1,10,-1,-1
102,20,5,914,500,152,1,4,-1,-1
102,34,41,344,35,40,1,10,-1,-1
102,46,1395,195,179,85,1,4,-1,-1
102,47,1436,262,172,115,1,5,-1,-1
102,48,667,186,23,53,1,1,-1,-1
102,64,1586,507,185,164,1,7,-1,-1
102,103,1019,419,226,121,1,4,-1,-1
102,187,875,879,438,187,1,4,-1,-1
102,188,1758,210,142,76,1,4,-1,-1
102,296,486,540,328,194,1,4,-1,-1
103,3,1392,453,70,93,1,2,-1,-1
103,20,6,915,503,151,1,4,-1,-1
103,34,18,350,53,47,1,10,-1,-1
103,46,1364,192,176,85,1,4,-1,-1
103,47,1421,265,172,115,1,5,-1,-1
103,48,656,187,23,58,1,1,-1,-1
103,64,1587,496,179,164,1,7,-1,-1
103,103,995,421,224,124,1,4,-1,-1
103,187,901,869,419,198,1,4,-1,-1
103,188,1749,210,142,77,1,4,-1,-1
104,3,1337,473,139,75,1,10,-1,-1
104,20,28,909,499,157,1,4,-1,-1
104,34,16,349,53,47,1,10,-1,-1
104,46,1356,192,176,85,1,4,-1,-1
104,47,1407,268,172,115,1,5,-1,-1
104,48,646,188,23,64,1,1,-1,-1
104,64,1589,486,173,163,1,7,-1,-1
104,104,736,133,23,35,1,3,-1,-1
104,187,927,859,400,209,1,4,-1,-1
104,188,1740,211,142,78,1,4,-1,-1
104,189,663,199,22,47,1,1,-1,-1
104,297,498,73,97,56,1,4,-1,-1
105,3,1328,473,139,75,1,10,-1,-1
105,20,50,903,496,163,1,4,-1,-1
105,34,14,349,53,47,1,10,-1,-1
105,46,1349,192,176,85,1,4,-1,-1
105,47,1393,272,172,115,1,5,-1,-1
105,48,644,187,23,65,1,1,-1,-1
105,104,735,133,23,36,1,3,-1,-1
105,154,1748,147,121,72,1,4,-1,-1
105,187,952,846,393,221,1,4,-1,-1
105,188,1731,212,142,79,1,4,-1,-1
105,189,661,199,22,47,1,1,-1,-1
105,297,497,74,97,56,1,4,-1,-1
105,298,955,429,222,128,1,4,-1,-1
106,3,1320,474,139,75,1,10,-1,-1
106,20,72,898,493,168,1,4,-1,-1
106,34,12,349,53,47,1,10,-1,-1
106,46,1342,192,176,85,1,4,-1,-1
106,47,1379,275,172,115,1,5,-1,-1
106,48,643,187,23,65,1,1,-1,-1
106,87,1341,123,117,65,1,4,-1,-1
106,104,735,134,23,36,1,3,-1,-1
106,154,1743,147,120,72,1,4,-1,-1
106,187,977,834,386,232,1,4,-1,-1
106,188,1722,213,142,80,1,4,-1,-1
106,189,660,199,22,47,1,1,-1,-1
106,297,496,74,97,57,1,4,-1,-1
106,298,940,435,222,128,1,4,-1,-1
107,3,1311,475,139,75,1,10,-1,-1
107,20,94,892,490,175,1,4,-1,-1
107,34,4,350,65,58,1,10,-1,-1
107,46,1335,192,176,85,1,4,-1,-1
107,47,1365,278,172,115,1,5,-1,-1
107,48,642,187,23,65,1,1,-1,-1
107,87,1342,123,117,65,1,4,-1,-1
107,88,519,29,23,41,1,1,-1,-1
107,104,734,135,23,37,1,3,-1,-1
107,154,1738,147,119,72,1,4,-1,-1
107,187,1002,822,379,243,1,4,-1,-1
107,188,1713,214,142,81,1,4,-1,-1
107,189,659,200,22,47,1,1,-1,-1
107,297,495,75,97,57,1,4,-1,-1
107,298,925,442,222,128,1,4,-1,-1
107,299,790,128,29,59,1,1,-1,-1
108,3,1345,453,70,93,1,2,-1,-1
108,20,116,886,486,181,1,4,-1,-1
108,34,6,319,40,71,1,2,-1,-1
108,46,1328,192,176,85,1,4,-1,-1
108,47,1351,282,172,115,1,5,-1,-1
108,48,641,187,23,65,1,1,-1,-1
108,54,8,189,123,93,1,4,-1,-1
108,87,1343,124,117,65,1,4,-1,-1
108,88,518,29,23,41,1,1,-1,-1
108,104,734,136,23,37,1,3,-1,-1
108,154,1734,147,118,73,1,4,-1,-1
108,187,1025,814,378,244,1,4,-1,-1
108,188,1704,215,142,82,1,4,-1,-1
108,189,657,200,22,47,1,1,-1,-1
108,297,494,76,97,57,1,4,-1,-1
108,298,910,448,222,128,1,4,-1,-1
108,299,790,129,29,59,1,1,-1,-1
109,3,1295,477,139,75,1,10,-1,-1
109,20,138,881,483,186,1,4,-1,-1
109,34,4,318,40,71,1,2,-1,-1
109,46,1323,191,176,85,1,4,-1,-1
109,47,1338,285,173,117,1,5,-1,-1
109,48,640,187,23,65,1,1,-1,-1
109,54,7,189,123,93,1,4,-1,-1
109,87,1344,125,118,65,1,4,-1,-1
109,88,518,30,23,41,1,1,-1,-1
109,104,733,137,23,37,1,3,-1,-1
109,105,771,689,314,210,1,4,-1,-1
109,154,1733,148,118,73,1,4,-1,-1
109,189,656,201,22,47,1,1,-1,-1
109,190,1324,87,136,59,1,4,-1,-1
109,298,895,454,222,128,1,4,-1,-1
109,299,790,129,29,59,1,1,-1,-1
110,3,1286,479,138,75,1,10,-1,-1
110,20,160,875,480,192,1,4,-1,-1
110,34,3,317,40,71,1,2,-1,-1
110,46,1318,190,176,85,1,4,-1,-1
110,47,1326,289,174,118,1,5,-1,-1
110,48,639,187,23,65,1,1,-1,-1
110,54,-6,218,143,108,1,4,-1,-1
110,87,1346,126,117,65,1,4,-1,-1
110,88,518,31,23,41,1,1,-1,-1
110,104,733,138,23,38,1,3,-1,-1
110,105,789,682,309,210,1,4,-1,-1
110,154,1732,150,118,73,1,4,-1,-1
110,155,492,77,97,58,1,4,-1,-1
110,189,655,201,22,47,1,1,-1,-1
110,190,1322,96,116,51,1,4,-1,-1
110,236,1687,219,149,87,1,4,-1,-1
110,299,789,130,29,59,1,1,-1,-1
111,3,1278,481,136,75,1,10,-1,-1
111,20,182,869,477,199,1,4,-1,-1
111,34,2,317,38,71,1,2,-1,-1
111,46,1313,190,176,85,1,4,-1,-1
111,47,1314,292,175,120,1,5,-1,-1
111,48,638,187,23,65,1,1,-1,-1
111,54,5,189,122,93,1,4,-1,-1
111,87,1347,127,117,65,1,4,-1,-1
111,88,518,31,23,41,1,1,-1,-1
111,104,733,139,23,38,1,3,-1,-1
111,105,804,679,307,208,1,4,-1,-1
111,154,1731,152,118,73,1,4,-1,-1
111,155,491,77,97,59,1,4,-1,-1
111,190,1323,96,116,52,1,4,-1,-1
111,236,1679,221,153,89,1,4,-1,-1
111,299,789,130,29,59,1,1,-1,-1
112,3,1270,483,135,75,1,10,-1,-1
112,20,204,864,473,204,1,4,-1,-1
112,34,2,317,36,71,1,2,-1,-1
112,46,1306,191,176,86,1,4,-1,-1
112,47,1302,296,176,122,1,5,-1,-1
112,48,637,187,23,65,1,1,-1,-1
112,54,3,189,123,93,1,4,-1,-1
112,87,1348,128,118,65,1,4,-1,-1
112,88,518,32,23,41,1,1,-1,-1
112,104,732,140,23,38,1,3,-1,-1
112,105,819,676,306,207,1,4,-1,-1
112,154,1730,154,118,72,1,4,-1,-1
112,155,489,78,97,59,1,4,-1,-1
112,190,1325,97,115,52,1,4,-1,-1
112,191,665,184,23,47,1,2,-1,-1
112,236,1671,223,156,92,1,4,-1,-1
113,3,1262,485,133,75,1,10,-1,-1
113,20,226,858,470,210,1,4,-1,-1
113,34,1,318,35,71,1,2,-1,-1
113,47,1290,299,177,124,1,5,-1,-1
113,48,636,187,23,65,1,1,-1,-1
113,54,2,189,122,93,1,4,-1,-1
113,87,1350,129,117,65,1,4,-1,-1
113,88,518,33,23,41,1,1,-1,-1
113,104,732,141,23,39,1,3,-1,-1
113,105,834,673,304,205,1,4,-1,-1
113,125,493,186,24,49,1,1,-1,-1
113,155,488,79,97,59,1,4,-1,-1
113,190,1326,97,115,53,1,4,-1,-1
113,191,664,184,23,47,1,2,-1,-1
113,236,1663,226,160,94,1,4,-1,-1
113,300,788,131,29,59,1,1,-1,-1
114,3,1254,487,131,75,1,10,-1,-1
114,9,1851,122,39,29,1,10,-1,-1
114,20,248,852,467,216,1,4,-1,-1
114,34,1,318,32,71,1,2,-1,-1
114,47,1278,303,178,125,1,5,-1,-1
114,48,635,187,23,65,1,1,-1,-1
114,54,1,189,122,93,1,4,-1,-1
114,87,1351,129,118,66,1,4,-1,-1
114,88,518,33,23,41,1,1,-1,-1
114,105,849,670,303,204,1,4,-1,-1
114,125,488,188,25,51,1,1,-1,-1
114,126,1287,93,28,48,1,1,-1,-1
114,155,487,79,97,60,1,4,-1,-1
114,190,1327,98,115,53,1,4,-1,-1
114,191,664,184,23,47,1,2,-1,-1
114,236,1658,230,160,94,1,4,-1,-1
114,237,1728,157,118,73,1,4,-1,-1
114,238,1859,106,22,36,1,2,-1,-1
114,300,788,132,29,59,1,1,-1,-1
114,301,650,203,22,47,1,1,-1,-1
115,3,1246,490,130,75,1,10,-1,-1
115,9,1849,123,39,29,1,10,-1,-1
115,20,271,847,463,222,1,4,-1,-1
115,34,0,319,31,71,1,2,-1,-1
115,48,632,189,23,65,1,1,-1,-1
115,54,0,189,122,93,1,4,-1,-1
115,87,1352,130,118,66,1,4,-1,-1
115,88,518,34,23,41,1,1,-1,-1
115,105,864,667,301,202,1,4,-1,-1
115,125,483,190,26,52,1,1,-1,-1
115,126,1288,93,28,48,1,1,-1,-1
115,155,486,80,97,60,1,4,-1,-1
115,190,1328,98,115,54,1,4,-1,-1
115,191,660,186,24,49,1,2,-1,-1
115,236,1653,234,160,94,1,4,-1,-1
115,237,1727,159,118,72,1,4,-1,-1
115,238,1857,107,22,36,1,2,-1,-1
115,300,788,133,29,59,1,1,-1,-1
115,301,646,205,22,47,1,1,-1,-1
115,302,731,143,23,39,1,3,-1,-1
115,303,1285,469,70,93,1,2,-1,-1
116,3,1237,495,130,75,1,10,-1,-1
116,9,1848,125,39,29,1,10,-1,-1
116,20,287,850,463,218,1,4,-1,-1
116,34,0,319,29,71,1,2,-1,-1
116,48,629,191,23,65,1,1,-1,-1
116,54,0,188,116,93,1,4,-1,-1
116,87,1323,108,125,60,1,4,-1,-1
116,88,518,35,23,41,1,1,-1,-1
116,105,879,665,300,200,1,4,-1,-1
116,125,478,191,27,55,1,1,-1,-1
116,126,1289,93,28,48,1,1,-1,-1
116,127,1252,311,182,131,1,5,-1,-1
116,155,485,81,97,60,1,4,-1,-1
116,191,657,189,24,50,1,2,-1,-1
116,237,1726,161,118,72,1,4,-1,-1
116,238,1856,108,22,36,1,2,-1,-1
116,300,787,133,29,59,1,1,-1,-1
116,301,643,208,22,47,1,1,-1,-1
116,302,730,144,23,40,1,3,-1,-1
116,303,1275,474,70,93,1,2,-1,-1
117,3,1228,500,131,76,1,10,-1,-1
117,9,1846,126,39,29,1,10,-1,-1
117,20,303,853,463,215,1,4,-1,-1
117,34,0,320,27,71,1,2,-1,-1
117,54,0,188,110,92,1,4,-1,-1
117,88,518,35,23,41,1,1,-1,-1
117,105,894,667,300,200,1,4,-1,-1
117,125,473,193,28,56,1,1,-1,-1
117,126,1290,93,28,48,1,1,-1,-1
117,127,1238,316,185,134,1,5,-1,-1
117,155,484,81,97,61,1,4,-1,-1
117,191,653,191,25,53,1,2,-1,-1
117,237,1725,163,118,72,1,4,-1,-1
117,238,1854,109,22,36,1,2,-1,-1
117,300,787,134,29,59,1,1,-1,-1
117,301,639,211,22,47,1,1,-1,-1
117,302,724,141,27,47,1,3,-1,-1
117,303,1265,480,70,93,1,2,-1,-1
117,304,1355,132,118,66,1,4,-1,-1
118,3,1220,506,130,75,1,10,-1,-1
118,9,1845,128,39,29,1,10,-1,-1
118,16,623,196,23,65,1,1,-1,-1
118,20,319,856,463,211,1,4,-1,-1
118,34,0,326,23,71,1,2,-1,-1
118,54,0,188,104,91,1,4,-1,-1
118,105,909,669,300,200,1,4,-1,-1
118,125,469,195,28,58,1,1,-1,-1
118,126,1291,94,28,48,1,1,-1,-1
118,127,1224,321,188,138,1,5,-1,-1
118,191,650,194,25,54,1,2,-1,-1
118,237,1725,165,118,72,1,4,-1,-1
118,238,1853,111,22,36,1,2,-1,-1
118,301,636,214,22,47,1,1,-1,-1
118,302,730,146,23,40,1,3,-1,-1
118,303,1255,485,70,93,1,2,-1,-1
118,304,1356,133,118,66,1,4,-1,-1
119,3,1211,511,131,76,1,10,-1,-1
119,9,1843,131,39,29,1,10,-1,-1
119,16,620,198,23,65,1,1,-1,-1
119,24,786,135,29,59,1,1,-1,-1
119,54,0,189,101,91,1,4,-1,-1
119,75,482,82,97,62,1,4,-1,-1
119,125,463,196,28,60,1,1,-1,-1
119,126,1292,97,28,48,1,1,-1,-1
119,127,1210,326,191,141,1,5,-1,-1
119,237,1726,167,118,72,1,4,-1,-1
119,238,1852,114,22,36,1,2,-1,-1
119,302,729,147,23,41,1,3,-1,-1
119,303,1245,491,70,93,1,2,-1,-1
119,304,1357,134,118,66,1,4,-1,-1
120,3,1236,497,70,93,1,2,-1,-1
120,9,1851,117,22,36,1,2,-1,-1
120,16,617,201,23,65,1,1,-1,-1
120,24,786,135,29,59,1,1,-1,-1
120,54,0,190,98,91,1,4,-1,-1
120,75,481,83,97,62,1,4,-1,-1
120,76,694,521,275,166,1,4,-1,-1
120,89,352,862,463,204,1,4,-1,-1
120,125,458,197,28,63,1,1,-1,-1
120,126,1293,100,28,48,1,1,-1,-1
120,127,1196,331,194,145,1,5,-1,-1
120,156,643,199,26,58,1,2,-1,-1
120,192,940,674,300,200,1,4,-1,-1
120,304,1359,135,118,66,1,4,-1,-1
121,3,1192,524,131,76,1,10,-1,-1
121,9,1851,121,22,36,1,2,-1,-1
121,16,614,203,23,65,1,1,-1,-1
121,24,786,136,29,59,1,1,-1,-1
121,54,0,191,95,91,1,4,-1,-1
121,75,474,95,92,59,1,4,-1,-1
121,76,689,573,249,152,1,4,-1,-1
121,89,368,865,463,201,1,4,-1,-1
121,125,453,198,28,66,1,1,-1,-1
121,126,1294,103,28,48,1,1,-1,-1
121,127,1184,341,196,145,1,5,-1,-1
121,156,640,201,26,61,1,2,-1,-1
121,192,955,677,300,200,1,4,-1,-1
121,304,1360,135,118,67,1,4,-1,-1
122,3,1181,532,131,76,1,10,-1,-1
122,9,1850,124,22,36,1,2,-1,-1
122,16,611,205,23,65,1,1,-1,-1
122,24,785,136,29,59,1,1,-1,-1
122,75,478,84,97,63,1,4,-1,-1
122,76,654,543,287,176,1,4,-1,-1
122,89,385,869,463,197,1,4,-1,-1
122,126,1295,106,28,48,1,1,-1,-1
122,127,1173,351,197,145,1,5,-1,-1
122,156,636,204,27,62,1,2,-1,-1
122,192,970,679,300,200,1,4,-1,-1
122,193,1462,192,32,51,1,2,-1,-1
122,305,1615,272,170,94,1,4,-1,-1
123,3,1170,540,131,76,1,10,-1,-1
123,9,1850,128,22,36,1,2,-1,-1
123,16,608,208,23,65,1,1,-1,-1
123,17,1362,137,119,67,1,4,-1,-1
123,24,785,137,29,59,1,1,-1,-1
123,49,1839,143,39,29,1,10,-1,-1
123,55,728,151,23,42,1,3,-1,-1
123,75,477,85,97,63,1,4,-1,-1
123,76,631,555,292,181,1,4,-1,-1
123,89,401,876,463,190,1,4,-1,-1
123,127,1161,361,199,145,1,5,-1,-1
123,156,633,206,27,65,1,2,-1,-1
123,192,985,682,300,200,1,4,-1,-1
123,193,1456,195,32,51,1,2,-1,-1
123,305,1612,278,171,96,1,4,-1,-1
124,3,1160,548,131,76,1,10,-1,-1
124,9,1851,131,22,36,1,2,-1,-1
124,16,605,210,23,65,1,1,-1,-1
124,17,1364,138,118,67,1,4,-1,-1
124,24,785,138,29,59,1,1,-1,-1
124,49,1840,146,39,29,1,10,-1,-1
124,55,727,152,23,43,1,3,-1,-1
124,75,476,85,97,64,1,4,-1,-1
124,76,608,568,298,186,1,4,-1,-1
124,89,417,884,463,182,1,4,-1,-1
124,127,1150,371,200,145,1,5,-1,-1
124,156,630,209,27,66,1,2,-1,-1
124,192,1001,684,300,200,1,4,-1,-1
124,193,1451,198,32,51,1,2,-1,-1
124,239,438,202,28,73,1,1,-1,-1
124,240,1302,257,108,49,1,4,-1,-1
124,305,1609,283,172,99,1,4,-1,-1
125,3,1149,556,131,76,1,10,-1,-1
125,9,1852,134,22,36,1,2,-1,-1
125,16,607,231,25,54,1,1,-1,-1
125,17,1365,139,119,67,1,4,-1,-1
125,24,784,139,29,60,1,1,-1,-1
125,49,1841,150,40,29,1,10,-1,-1
125,55,727,153,23,43,1,3,-1,-1
125,75,475,86,97,64,1,4,-1,-1
125,76,585,581,303,191,1,4,-1,-1
125,89,434,892,462,174,1,4,-1,-1
125,156,626,211,28,69,1,2,-1,-1
125,192,1016,687,300,200,1,4,-1,-1
125,193,1446,202,32,51,1,2,-1,-1
125,239,432,206,29,73,1,1,-1,-1
125,240,1237,265,175,55,1,4,-1,-1
125,305,1606,289,173,102,1,4,-1,-1
125,306,602,212,23,65,1,1,-1,-1
126,9,1853,138,22,36,1,2,-1,-1
126,16,609,236,22,47,1,1,-1,-1
126,17,1366,140,119,67,1,4,-1,-1
126,24,783,141,29,61,1,1,-1,-1
126,27,1341,102,113,60,1,4,-1,-1
126,49,1843,154,39,29,1,10,-1,-1
126,55,726,154,23,43,1,3,-1,-1
126,75,474,87,97,64,1,4,-1,-1
126,76,562,594,309,196,1,4,-1,-1
126,89,450,899,462,167,1,4,-1,-1
126,156,623,214,28,70,1,2,-1,-1
126,192,1031,689,300,200,1,4,-1,-1
126,193,1441,205,32,51,1,2,-1,-1
126,239,426,210,30,73,1,1,-1,-1
126,240,1229,268,179,55,1,4,-1,-1
126,305,1603,295,174,104,1,4,-1,-1
126,306,599,215,23,65,1,1,-1,-1
127,9,1854,141,22,36,1,2,-1,-1
127,16,605,239,22,47,1,1,-1,-1
127,17,1368,141,119,67,1,4,-1,-1
127,24,783,143,29,62,1,1,-1,-1
127,27,1343,103,112,60,1,4,-1,-1
127,49,1844,157,40,29,1,10,-1,-1
127,55,726,155,23,44,1,3,-1,-1
127,75,473,87,97,65,1,4,-1,-1
127,76,533,610,318,204,1,4,-1,-1
127,89,466,907,462,159,1,4,-1,-1
127,156,619,216,29,73,1,2,-1,-1
127,193,1435,208,33,51,1,2,-1,-1
127,239,420,214,32,74,1,1,-1,-1
127,240,1221,272,183,55,1,4,-1,-1
127,306,596,217,23,65,1,1,-1,-1
127,307,1164,560,77,113,1,2,-1,-1
128,9,1855,144,22,36,1,2,-1,-1
128,16,602,242,22,47,1,1,-1,-1
128,17,1371,143,119,67,1,4,-1,-1
128,19,1406,226,79,64,1,10,-1,-1
128,24,782,145,29,63,1,1,-1,-1
128,27,1346,105,112,61,1,4,-1,-1
128,49,1845,161,40,29,1,10,-1,-1
128,55,725,156,23,44,1,3,-1,-1
128,75,472,88,97,65,1,4,-1,-1
128,76,505,627,327,212,1,4,-1,-1
128,89,483,915,461,151,1,4,-1,-1
128,193,1430,212,33,51,1,2,-1,-1
128,239,414,218,33,74,1,1,-1,-1
128,240,1213,276,187,55,1,4,-1,-1
128,306,593,219,23,65,1,1,-1,-1
128,307,1157,561,68,103,1,2,-1,-1
129,9,1857,148,22,36,1,2,-1,-1
129,16,599,245,22,47,1,1,-1,-1
129,17,1375,145,119,67,1,4,-1,-1
129,19,1403,229,78,64,1,10,-1,-1
129,24,782,147,29,64,1,1,-1,-1
129,27,1349,108,112,61,1,4,-1,-1
129,49,1847,165,40,29,1,10,-1,-1
129,55,725,157,23,44,1,3,-1,-1
129,75,470,89,97,65,1,4,-1,-1
129,76,476,644,336,219,1,4,-1,-1
129,89,499,922,461,144,1,4,-1,-1
129,106,1112,604,131,76,1,10,-1,-1
129,239,408,222,34,74,1,1,-1,-1
129,240,1205,276,191,59,1,4,-1,-1
129,306,591,222,23,65,1,1,-1,-1
129,307,1144,571,67,104,1,2,-1,-1
130,9,1857,150,22,36,1,2,-1,-1
130,16,593,249,22,48,1,1,-1,-1
130,17,1379,147,119,67,1,4,-1,-1
130,19,1399,232,79,64,1,10,-1,-1
130,24,781,149,29,65,1,1,-1,-1
130,27,1353,111,112,61,1,4,-1,-1
130,49,1847,167,40,29,1,10,-1,-1
130,55,725,158,23,45,1,3,-1,-1
130,75,469,89,97,66,1,4,-1,-1
130,76,448,661,345,227,1,4,-1,-1
130,89,515,930,461,136,1,4,-1,-1
130,106,1104,620,131,76,1,10,-1,-1
130,128,1057,424,232,170,1,5,-1,-1
130,157,1738,200,123,75,1,4,-1,-1
130,307,1131,582,67,104,1,2,-1,-1
131,9,1858,153,22,36,1,2,-1,-1
131,16,587,254,22,48,1,1,-1,-1
131,17,1383,149,119,67,1,4,-1,-1
131,19,1396,235,78,64,1,10,-1,-1
131,24,781,151,29,65,1,1,-1,-1
131,27,1351,112,116,63,1,4,-1,-1
131,49,1848,170,40,29,1,10,-1,-1
131,55,724,159,23,45,1,3,-1,-1
131,76,414,680,356,234,1,4,-1,-1
131,106,1093,633,131,79,1,10,-1,-1
131,128,1041,434,238,175,1,5,-1,-1
131,157,1738,204,125,75,1,4,-1,-1
131,158,580,230,23,65,1,1,-1,-1
131,307,1121,595,67,105,1,2,-1,-1
131,308,1445,216,34,45,1,2,-1,-1
132,9,1859,156,22,36,1,2,-1,-1
132,16,582,258,22,49,1,1,-1,-1
132,17,1386,151,119,67,1,4,-1,-1
132,19,1410,214,45,69,1,2,-1,-1
132,24,780,153,29,66,1,1,-1,-1
132,27,1359,117,112,61,1,4,-1,-1
132,38,1585,329,185,126,1,4,-1,-1
132,49,1849,173,40,29,1,10,-1,-1
132,55,724,149,25,48,1,3,-1,-1
132,65,467,90,97,67,1,4,-1,-1
132,106,1082,647,131,81,1,10,-1,-1
132,128,1026,443,243,182,1,5,-1,-1
132,157,1739,207,126,76,1,4,-1,-1
132,158,575,234,23,65,1,1,-1,-1
132,241,390,234,39,76,1,1,-1,-1
132,308,1440,219,34,45,1,2,-1,-1
133,9,1860,159,22,36,1,2,-1,-1
133,16,576,263,22,49,1,1,-1,-1
133,17,1415,154,106,60,1,4,-1,-1
133,19,1389,241,78,64,1,10,-1,-1
133,24,780,155,29,67,1,1,-1,-1
133,27,1363,120,112,61,1,4,-1,-1
133,38,1581,335,188,131,1,4,-1,-1
133,49,1849,175,40,29,1,10,-1,-1
133,55,723,161,23,46,1,3,-1,-1
133,65,466,91,97,67,1,4,-1,-1
133,106,1071,661,131,83,1,10,-1,-1
133,128,1011,453,248,188,1,5,-1,-1
133,157,1739,210,128,77,1,4,-1,-1
133,158,569,238,23,65,1,1,-1,-1
133,241,381,238,39,76,1,1,-1,-1
133,242,346,718,379,248,1,4,-1,-1
133,308,1435,222,34,45,1,2,-1,-1
134,9,1856,167,22,35,1,2,-1,-1
134,16,571,267,22,50,1,1,-1,-1
134,17,1394,155,119,67,1,4,-1,-1
134,19,1385,244,78,64,1,10,-1,-1
134,24,779,157,29,68,1,1,-1,-1
134,27,1366,123,112,61,1,4,-1,-1
134,38,1578,341,191,135,1,4,-1,-1
134,49,1850,178,40,29,1,10,-1,-1
134,55,723,162,23,46,1,3,-1,-1
134,56,1174,722,300,221,1,4,-1,-1
134,65,465,92,97,67,1,4,-1,-1
134,106,1060,675,131,85,1,10,-1,-1
134,128,990,463,255,196,1,5,-1,-1
134,157,1740,213,129,78,1,4,-1,-1
134,158,564,242,23,65,1,1,-1,-1
134,241,372,242,40,76,1,1,-1,-1
134,242,300,743,392,239,1,4,-1,-1
134,308,1430,225,34,45,1,2,-1,-1
135,9,1851,181,40,29,1,10,-1,-1
135,16,565,272,22,50,1,1,-1,-1
135,17,1398,157,119,67,1,4,-1,-1
135,19,1381,248,79,64,1,10,-1,-1
135,24,779,159,29,69,1,1,-1,-1
135,27,1370,126,112,61,1,4,-1,-1
135,38,1575,347,194,140,1,4,-1,-1
135,49,1862,165,22,36,1,2,-1,-1
135,55,723,163,23,47,1,3,-1,-1
135,56,1193,727,300,222,1,4,-1,-1
135,65,464,92,97,68,1,4,-1,-1
135,106,1049,688,131,88,1,10,-1,-1
135,128,969,474,262,204,1,5,-1,-1
135,129,1406,229,33,52,1,2,-1,-1
135,157,1740,217,131,78,1,4,-1,-1
135,158,559,246,23,65,1,1,-1,-1
135,241,364,247,39,76,1,1,-1,-1
135,242,271,774,416,236,1,4,-1,-1
135,308,1425,228,34,45,1,2,-1,-1
136,9,1849,184,40,29,1,10,-1,-1
136,16,559,276,22,51,1,1,-1,-1
136,17,1398,159,119,67,1,4,-1,-1
136,19,1378,251,78,64,1,10,-1,-1
136,24,778,161,29,70,1,1,-1,-1
136,27,1369,127,112,61,1,4,-1,-1
136,38,1573,358,194,140,1,4,-1,-1
136,49,1860,167,22,36,1,2,-1,-1
136,55,719,165,24,47,1,3,-1,-1
136,56,1212,732,300,223,1,4,-1,-1
136,65,463,93,97,68,1,4,-1,-1
136,106,1038,702,131,90,1,10,-1,-1
136,128,944,474,261,207,1,5,-1,-1
136,129,1404,232,33,52,1,2,-1,-1
136,157,1741,220,132,79,1,4,-1,-1
136,158,553,250,23,65,1,1,-1,-1
136,241,355,251,40,76,1,1,-1,-1
136,242,209,794,418,221,1,4,-1,-1
136,243,512,52,23,41,1,1,-1,-1
136,244,1130,293,252,88,1,4,-1,-1
137,9,1848,187,40,29,1,10,-1,-1
137,16,554,281,22,51,1,1,-1,-1
137,17,1398,161,120,67,1,4,-1,-1
137,19,1374,255,79,64,1,10,-1,-1
137,24,778,163,29,71,1,1,-1,-1
137,27,1369,129,112,61,1,4,-1,-1
137,38,1571,369,194,140,1,4,-1,-1
137,49,1859,169,22,36,1,2,-1,-1
137,56,1231,737,300,225,1,4,-1,-1
137,65,462,94,97,69,1,4,-1,-1
137,106,1066,677,67,111,1,2,-1,-1
137,128,927,495,276,221,1,5,-1,-1
137,129,1398,237,33,52,1,2,-1,-1
137,157,1741,223,134,80,1,4,-1,-1
137,158,548,254,23,65,1,1,-1,-1
137,241,347,256,40,76,1,1,-1,-1
137,242,164,820,431,212,1,4,-1,-1
137,243,512,54,23,41,1,1,-1,-1
137,244,1102,300,251,91,1,4,-1,-1
138,9,1846,190,40,29,1,10,-1,-1
138,16,548,285,22,52,1,1,-1,-1
138,17,1398,163,121,67,1,4,-1,-1
138,19,1371,259,79,64,1,10,-1,-1
138,24,773,166,29,71,1,1,-1,-1
138,27,1369,130,112,61,1,4,-1,-1
138,38,1570,381,194,140,1,4,-1,-1
138,56,1250,742,300,226,1,4,-1,-1
138,65,456,96,97,69,1,4,-1,-1
138,106,1057,691,67,112,1,2,-1,-1
138,107,566,260,29,77,1,2,-1,-1
138,128,902,510,281,227,1,5,-1,-1
138,129,1392,242,33,52,1,2,-1,-1
138,158,543,258,23,65,1,1,-1,-1
138,242,118,845,444,203,1,4,-1,-1
138,243,508,57,23,41,1,1,-1,-1
138,244,1145,287,199,81,1,4,-1,-1
138,309,1017,730,131,94,1,10,-1,-1
139,9,1845,193,40,29,1,10,-1,-1
139,16,543,290,22,52,1,1,-1,-1
139,17,1398,165,122,67,1,4,-1,-1
139,19,1363,263,79,64,1,10,-1,-1
139,27,1368,132,112,61,1,4,-1,-1
139,38,1563,391,197,141,1,4,-1,-1
139,56,1269,747,300,228,1,4,-1,-1
139,65,451,98,97,69,1,4,-1,-1
139,107,561,265,29,77,1,2,-1,-1
139,129,1406,245,34,46,1,2,-1,-1
139,130,323,265,40,76,1,1,-1,-1
139,243,504,60,23,41,1,1,-1,-1
139,244,1139,282,200,91,1,4,-1,-1
139,245,1739,230,138,82,1,4,-1,-1
139,246,1857,173,22,36,1,2,-1,-1
139,309,1000,749,133,93,1,10,-1,-1
140,9,1843,196,40,29,1,10,-1,-1
140,16,533,293,22,54,1,1,-1,-1
140,17,1399,168,121,66,1,4,-1,-1
140,19,1356,268,79,64,1,10,-1,-1
140,27,1368,133,112,61,1,4,-1,-1
140,38,1557,401,199,142,1,4,-1,-1
140,56,1288,752,300,229,1,4,-1,-1
140,65,446,100,97,69,1,4,-1,-1
140,107,551,271,30,77,1,2,-1,-1
140,129,1402,250,34,46,1,2,-1,-1
140,130,311,269,40,76,1,1,-1,-1
140,131,1381,253,33,52,1,2,-1,-1
140,243,501,63,23,41,1,1,-1,-1
140,244,1127,297,203,79,1,4,-1,-1
140,245,1737,233,140,84,1,4,-1,-1
140,246,1855,175,23,36,1,2,-1,-1
140,309,983,768,136,93,1,10,-1,-1
140,310,763,172,29,71,1,1,-1,-1
141,16,523,296,22,57,1,1,-1,-1
141,17,1399,170,122,66,1,4,-1,-1
141,19,1349,273,79,64,1,10,-1,-1
141,27,1368,135,112,61,1,4,-1,-1
141,38,1550,411,202,144,1,4,-1,-1
141,56,1307,758,300,230,1,4,-1,-1
141,65,441,102,97,69,1,4,-1,-1
141,107,541,277,31,77,1,2,-1,-1
141,108,517,274,23,65,1,1,-1,-1
141,129,1397,253,34,46,1,2,-1,-1
141,130,299,274,40,76,1,1,-1,-1
141,131,1376,256,33,52,1,2,-1,-1
141,243,494,63,23,41,1,1,-1,-1
141,244,1115,299,207,82,1,4,-1,-1
141,245,1735,236,141,85,1,4,-1,-1
141,246,1854,177,23,36,1,2,-1,-1
141,247,829,555,296,245,1,5,-1,-1
141,309,966,788,139,92,1,10,-1,-1
141,310,758,175,29,71,1,1,-1,-1
142,17,1399,172,123,66,1,4,-1,-1
142,19,1342,278,79,64,1,10,-1,-1
142,27,1367,136,112,61,1,4,-1,-1
142,38,1544,421,204,145,1,4,-1,-1
142,56,1328,762,301,233,1,4,-1,-1
142,65,436,104,97,69,1,4,-1,-1
142,107,531,283,32,77,1,2,-1,-1
142,108,507,280,23,65,1,1,-1,-1
142,129,1392,257,34,46,1,2,-1,-1
142,130,288,279,40,76,1,1,-1,-1
142,131,1371,259,33,52,1,2,-1,-1
142,245,1733,239,143,87,1,4,-1,-1
142,246,1858,169,27,42,1,2,-1,-1
142,247,805,571,301,251,1,5,-1,-1
142,309,949,807,142,92,1,10,-1,-1
142,310,754,179,29,71,1,1,-1,-1
143,17,1399,174,124,66,1,4,-1,-1
143,19,1338,282,79,64,1,10,-1,-1
143,27,1367,138,112,61,1,4,-1,-1
143,38,1538,432,206,146,1,4,-1,-1
143,56,1350,767,302,235,1,4,-1,-1
143,65,431,106,97,69,1,4,-1,-1
143,107,521,289,34,77,1,2,-1,-1
143,108,497,286,23,65,1,1,-1,-1
143,129,1387,260,34,46,1,2,-1,-1
143,130,277,285,40,76,1,1,-1,-1
143,131,1366,262,33,52,1,2,-1,-1
143,245,1731,242,144,88,1,4,-1,-1
143,246,1852,182,23,36,1,2,-1,-1
143,247,779,588,311,259,1,5,-1,-1
143,310,752,181,27,71,1,1,-1,-1
144,17,1400,177,124,66,1,4,-1,-1
144,19,1334,287,79,64,1,10,-1,-1
144,27,1367,140,112,61,1,4,-1,-1
144,38,1534,442,210,150,1,4,-1,-1
144,56,1371,772,303,237,1,4,-1,-1
144,65,428,108,97,69,1,4,-1,-1
144,107,512,294,34,77,1,2,-1,-1
144,108,489,291,23,66,1,1,-1,-1
144,130,266,291,40,76,1,1,-1,-1
144,131,1361,265,33,52,1,2,-1,-1
144,245,1729,245,146,90,1,4,-1,-1
144,246,1851,188,23,36,1,2,-1,-1
144,247,754,605,321,268,1,5,-1,-1
144,310,751,184,25,70,1,1,-1,-1
145,17,1398,179,124,66,1,4,-1,-1
145,19,1330,292,79,64,1,10,-1,-1
145,38,1531,453,213,153,1,4,-1,-1
145,56,1393,777,304,239,1,4,-1,-1
145,107,504,300,34,77,1,2,-1,-1
145,108,482,296,22,67,1,1,-1,-1
145,130,256,297,40,76,1,1,-1,-1
145,131,1357,268,33,52,1,2,-1,-1
145,247,728,622,332,276,1,5,-1,-1
145,248,688,190,28,46,1,3,-1,-1
145,249,943,832,65,114,1,2,-1,-1
146,17,1396,181,124,66,1,4,-1,-1
146,19,1326,296,79,64,1,10,-1,-1
146,38,1528,464,217,156,1,4,-1,-1
146,56,1414,782,305,241,1,4,-1,-1
146,107,495,306,35,76,1,2,-1,-1
146,108,474,301,23,68,1,1,-1,-1
146,130,245,303,40,76,1,1,-1,-1
146,131,1370,272,41,56,1,2,-1,-1
146,159,422,112,97,70,1,4,-1,-1
146,247,703,639,342,285,1,5,-1,-1
146,248,685,192,28,47,1,3,-1,-1
146,249,927,852,65,114,1,2,-1,-1
147,19,1322,301,79,64,1,10,-1,-1
147,38,1525,475,220,159,1,4,-1,-1
147,56,1436,787,306,243,1,4,-1,-1
147,90,1842,224,40,29,1,10,-1,-1
147,107,487,311,35,77,1,2,-1,-1
147,108,467,306,22,69,1,1,-1,-1
147,130,235,309,40,76,1,1,-1,-1
147,131,1372,278,34,46,1,2,-1,-1
147,159,419,114,97,70,1,4,-1,-1
147,248,681,195,29,46,1,3,-1,-1
147,249,910,873,65,114,1,2,-1,-1
148,19,1318,306,79,64,1,10,-1,-1
148,90,1843,229,40,29,1,10,-1,-1
148,108,459,311,22,70,1,1,-1,-1
148,131,1375,258,35,48,1,2,-1,-1
148,159,416,117,97,70,1,4,-1,-1
148,248,678,198,29,46,1,3,-1,-1
148,249,894,893,65,114,1,2,-1,-1
149,19,1302,310,81,64,1,10,-1,-1
149,90,1827,230,40,29,1,10,-1,-1
149,108,452,317,22,70,1,1,-1,-1
149,159,398,119,98,70,1,4,-1,-1
149,248,675,201,29,46,1,3,-1,-1
149,249,878,913,64,115,1,2,-1,-1
150,19,1286,314,83,64,1,10,-1,-1
150,90,1811,232,40,29,1,10,-1,-1
150,108,445,329,36,78,1,2,-1,-1
150,159,380,122,99,70,1,4,-1,-1
150,248,660,203,29,46,1,3,-1,-1
150,249,862,933,64,115,1,2,-1,-1
150,250,1492,502,229,173,1,4,-1,-1
151,90,1796,233,40,29,1,10,-1,-1
151,159,362,124,100,70,1,4,-1,-1
151,194,1665,265,147,103,1,4,-1,-1
151,250,1477,510,232,178,1,4,-1,-1
152,90,1780,235,40,29,1,10,-1,-1
152,159,362,135,114,79,1,4,-1,-1
152,194,1653,268,146,105,1,4,-1,-1
152,195,1255,323,86,64,1,10,-1,-1
152,250,1462,518,234,183,1,4,-1,-1
153,90,1765,237,40,29,1,10,-1,-1
153,91,1264,311,31,60,1,2,-1,-1
153,159,326,129,102,70,1,4,-1,-1
153,194,1641,271,146,107,1,4,-1,-1
153,195,1240,327,87,64,1,10,-1,-1
153,196,1865,205,25,35,1,2,-1,-1
153,250,1447,526,237,188,1,4,-1,-1
153,251,1360,190,124,74,1,4,-1,-1
153,311,1852,216,41,23,1,10,-1,-1
154,50,660,216,32,72,1,1,-1,-1
154,90,1762,242,40,29,1,10,-1,-1
154,91,1250,316,31,60,1,2,-1,-1
154,194,1629,274,146,109,1,4,-1,-1
154,195,1224,332,89,64,1,10,-1,-1
154,196,1863,208,25,35,1,2,-1,-1
154,250,1433,534,239,194,1,4,-1,-1
154,251,1344,158,122,77,1,4,-1,-1
154,311,1850,221,41,23,1,10,-1,-1
154,312,78,360,48,87,1,1,-1,-1
155,50,651,220,34,72,1,1,-1,-1
155,90,1770,227,23,36,1,2,-1,-1
155,91,1237,321,31,61,1,2,-1,-1
155,109,335,380,30,65,1,1,-1,-1
155,194,1626,279,148,109,1,4,-1,-1
155,195,1209,336,90,64,1,10,-1,-1
155,196,1861,212,25,35,1,2,-1,-1
155,250,1431,546,242,200,1,4,-1,-1
155,251,1291,156,133,66,1,4,-1,-1
155,311,1849,227,41,23,1,10,-1,-1
155,312,59,367,48,87,1,1,-1,-1
156,50,649,223,34,74,1,1,-1,-1
156,90,1769,231,23,36,1,2,-1,-1
156,91,1223,326,31,61,1,2,-1,-1
156,109,324,385,28,65,1,1,-1,-1
156,110,1335,191,124,82,1,4,-1,-1
156,194,1623,284,150,109,1,4,-1,-1
156,195,1193,340,92,64,1,10,-1,-1
156,196,1859,215,25,35,1,2,-1,-1
156,251,1292,158,133,66,1,4,-1,-1
156,252,1722,416,170,124,1,4,-1,-1
156,311,1847,233,41,23,1,10,-1,-1
156,312,39,375,48,87,1,1,-1,-1
157,50,647,226,34,76,1,1,-1,-1
157,90,1768,234,23,36,1,2,-1,-1
157,91,1210,332,31,61,1,2,-1,-1
157,109,313,390,26,65,1,1,-1,-1
157,110,1337,194,124,82,1,4,-1,-1
157,194,1620,289,152,110,1,4,-1,-1
157,195,1178,345,94,64,1,10,-1,-1
157,196,1857,219,25,35,1,2,-1,-1
157,197,873,352,238,106,1,4,-1,-1
157,251,1293,161,133,66,1,4,-1,-1
157,252,1717,423,174,127,1,4,-1,-1
157,311,1846,238,41,23,1,10,-1,-1
157,312,20,383,48,87,1,1,-1,-1
158,50,645,227,34,76,1,1,-1,-1
158,91,1203,336,31,61,1,2,-1,-1
158,109,303,396,23,64,1,1,-1,-1
158,110,1339,197,124,82,1,4,-1,-1
158,195,1170,350,94,64,1,10,-1,-1
158,196,1855,222,25,35,1,2,-1,-1
158,197,862,356,242,106,1,4,-1,-1
158,251,1294,163,133,66,1,4,-1,-1
158,252,1712,431,177,130,1,4,-1,-1
158,312,5,388,54,87,1,1,-1,-1
158,313,299,372,22,70,1,1,-1,-1
159,50,643,229,34,76,1,1,-1,-1
159,91,1197,340,31,61,1,2,-1,-1
159,109,293,400,23,64,1,1,-1,-1
159,110,1340,199,124,82,1,4,-1,-1
159,160,286,143,105,70,1,4,-1,-1
159,196,1854,226,25,35,1,2,-1,-1
159,197,851,361,246,105,1,4,-1,-1
159,198,1754,269,40,29,1,10,-1,-1
159,199,1767,244,23,36,1,2,-1,-1
159,252,1704,450,204,151,1,4,-1,-1
159,313,289,377,23,70,1,1,-1,-1
160,50,642,231,34,76,1,1,-1,-1
160,91,1191,344,31,61,1,2,-1,-1
160,109,284,405,23,64,1,1,-1,-1
160,110,1342,202,124,82,1,4,-1,-1
160,160,283,146,107,70,1,4,-1,-1
160,197,840,365,250,105,1,4,-1,-1
160,198,1754,273,41,29,1,10,-1,-1
160,199,1767,250,23,36,1,2,-1,-1
160,252,1702,446,183,136,1,4,-1,-1
160,253,375,92,22,49,1,1,-1,-1
160,313,279,383,24,69,1,1,-1,-1
160,314,1297,168,133,66,1,4,-1,-1
161,50,638,233,34,76,1,1,-1,-1
161,91,1179,347,30,61,1,2,-1,-1
161,109,274,410,23,64,1,1,-1,-1
161,110,1344,205,124,82,1,4,-1,-1
161,132,1144,366,97,63,1,10,-1,-1
161,160,280,149,109,70,1,4,-1,-1
161,197,830,370,254,104,1,4,-1,-1
161,198,1755,278,40,29,1,10,-1,-1
161,199,1767,256,23,36,1,2,-1,-1
161,200,573,234,34,46,1,3,-1,-1
161,252,1697,454,187,139,1,4,-1,-1
161,253,371,93,22,49,1,1,-1,-1
161,313,280,405,33,83,1,2,-1,-1
161,314,1298,171,133,66,1,4,-1,-1
162,50,635,235,34,76,1,1,-1,-1
162,91,1167,351,30,61,1,2,-1,-1
162,109,265,414,23,64,1,1,-1,-1
162,110,1345,207,124,82,1,4,-1,-1
162,132,1135,372,99,62,1,10,-1,-1
162,160,245,159,138,86,1,4,-1,-1
162,197,816,370,254,106,1,4,-1,-1
162,198,1755,282,41,29,1,10,-1,-1
162,199,1767,262,23,36,1,2,-1,-1
162,200,571,237,35,46,1,3,-1,-1
162,253,367,95,22,49,1,1,-1,-1
162,313,269,410,32,83,1,2,-1,-1
162,314,1299,173,134,66,1,4,-1,-1
163,50,631,237,34,76,1,1,-1,-1
163,91,1155,354,30,61,1,2,-1,-1
163,109,255,419,23,64,1,1,-1,-1
163,110,1347,210,124,82,1,4,-1,-1
163,132,1126,377,101,61,1,10,-1,-1
163,133,1673,467,189,145,1,4,-1,-1
163,160,262,153,111,71,1,4,-1,-1
163,197,802,371,254,108,1,4,-1,-1
163,198,1756,287,41,29,1,10,-1,-1
163,199,1768,269,23,36,1,2,-1,-1
163,200,569,240,36,46,1,3,-1,-1
163,253,364,96,22,49,1,1,-1,-1
163,314,1300,176,134,66,1,4,-1,-1
164,50,628,239,34,76,1,1,-1,-1
164,109,246,424,23,64,1,1,-1,-1
164,110,1349,213,124,82,1,4,-1,-1
164,132,1117,383,103,60,1,10,-1,-1
164,133,1661,474,191,147,1,4,-1,-1
164,160,247,155,111,72,1,4,-1,-1
164,161,830,338,27,48,1,2,-1,-1
164,198,1749,290,41,29,1,10,-1,-1
164,199,1758,270,23,36,1,2,-1,-1
164,200,559,242,36,46,1,3,-1,-1
164,253,360,98,22,49,1,1,-1,-1
164,314,1301,178,134,66,1,4,-1,-1
164,315,1120,340,40,71,1,1,-1,-1
165,50,625,242,34,76,1,1,-1,-1
165,110,1351,216,124,82,1,4,-1,-1
165,132,1097,383,103,60,1,10,-1,-1
165,133,1649,481,192,150,1,4,-1,-1
165,160,232,156,111,73,1,4,-1,-1
165,161,824,342,27,47,1,2,-1,-1
165,198,1742,293,41,29,1,10,-1,-1
165,199,1749,271,23,36,1,2,-1,-1
165,200,549,244,36,46,1,3,-1,-1
165,253,357,100,22,49,1,1,-1,-1
165,315,1119,342,40,71,1,1,-1,-1
166,39,761,373,255,115,1,4,-1,-1
166,50,611,244,34,76,1,1,-1,-1
166,132,1077,384,103,60,1,10,-1,-1
166,133,1637,488,194,152,1,4,-1,-1
166,160,217,158,110,74,1,4,-1,-1
166,161,825,345,41,52,1,1,-1,-1
166,200,539,246,36,46,1,3,-1,-1
166,315,1108,342,40,71,1,1,-1,-1
167,39,737,376,255,115,1,4,-1,-1
167,50,597,246,34,76,1,1,-1,-1
167,132,1057,385,103,60,1,10,-1,-1
167,133,1625,495,195,155,1,4,-1,-1
167,161,812,346,41,52,1,1,-1,-1
167,200,529,248,36,46,1,3,-1,-1
167,315,1107,369,30,61,1,2,-1,-1
167,316,1759,276,142,107,1,4,-1,-1
168,39,714,379,255,115,1,4,-1,-1
168,50,583,249,34,76,1,1,-1,-1
168,57,187,161,110,76,1,4,-1,-1
168,111,1519,329,170,113,1,4,-1,-1
168,132,1033,387,107,59,1,10,-1,-1
168,133,1613,502,197,158,1,4,-1,-1
168,161,799,347,41,52,1,1,-1,-1
168,315,1107,358,33,55,1,2,-1,-1
168,316,1741,276,143,107,1,4,-1,-1
169,39,690,382,255,115,1,4,-1,-1
169,57,172,162,109,78,1,4,-1,-1
169,66,777,349,35,61,1,2,-1,-1
169,111,1498,330,172,113,1,4,-1,-1
169,132,1010,389,111,59,1,10,-1,-1
169,133,1592,505,198,161,1,4,-1,-1
169,161,787,348,41,52,1,1,-1,-1
169,162,1284,208,148,91,1,4,-1,-1
169,316,1722,284,149,112,1,4,-1,-1
169,317,1054,368,33,67,1,2,-1,-1
170,39,667,386,255,115,1,4,-1,-1
170,57,157,164,109,78,1,4,-1,-1
170,66,763,350,35,61,1,2,-1,-1
170,111,1478,332,173,112,1,4,-1,-1
170,133,1572,509,198,163,1,4,-1,-1
170,161,776,347,41,52,1,1,-1,-1
170,162,1269,207,148,91,1,4,-1,-1
170,316,1707,278,143,107,1,4,-1,-1
170,317,1056,342,40,71,1,1,-1,-1
171,39,647,385,258,115,1,4,-1,-1
171,57,142,165,109,80,1,4,-1,-1
171,66,750,351,35,61,1,2,-1,-1
171,111,1458,333,174,112,1,4,-1,-1
171,133,1551,513,199,165,1,4,-1,-1
171,161,765,346,41,52,1,1,-1,-1
171,162,1254,206,148,91,1,4,-1,-1
171,163,964,393,118,59,1,10,-1,-1
171,316,1690,279,143,107,1,4,-1,-1
171,317,1041,343,40,71,1,1,-1,-1
172,39,628,385,261,114,1,4,-1,-1
172,57,127,167,109,81,1,4,-1,-1
172,66,737,353,35,60,1,2,-1,-1
172,111,1438,335,175,112,1,4,-1,-1
172,112,1011,363,33,55,1,2,-1,-1
172,162,1239,205,148,91,1,4,-1,-1
172,163,941,396,122,58,1,10,-1,-1
172,201,44,474,36,89,1,2,-1,-1
172,202,52,474,23,64,1,1,-1,-1
172,317,1039,342,40,73,1,1,-1,-1
172,318,1626,271,23,35,1,2,-1,-1
173,39,609,385,263,113,1,4,-1,-1
173,57,124,166,112,81,1,4,-1,-1
173,66,736,352,35,60,1,2,-1,-1
173,111,1431,337,175,113,1,4,-1,-1
173,112,998,365,33,55,1,2,-1,-1
173,162,1239,205,148,91,1,4,-1,-1
173,163,928,398,122,58,1,10,-1,-1
173,201,34,475,37,90,1,2,-1,-1
173,202,44,478,23,64,1,1,-1,-1
173,203,751,346,41,52,1,1,-1,-1
173,317,1037,341,40,76,1,1,-1,-1
173,318,1623,272,23,35,1,2,-1,-1
174,39,590,385,266,113,1,4,-1,-1
174,57,122,166,114,81,1,4,-1,-1
174,66,735,352,35,60,1,2,-1,-1
174,111,1424,340,175,114,1,4,-1,-1
174,112,985,367,33,55,1,2,-1,-1
174,162,1239,205,148,91,1,4,-1,-1
174,163,916,400,122,58,1,10,-1,-1
174,164,1649,283,146,109,1,4,-1,-1
174,201,24,476,38,92,1,2,-1,-1
174,202,36,482,23,64,1,1,-1,-1
174,203,748,346,41,52,1,1,-1,-1
174,318,1619,272,23,35,1,2,-1,-1
175,39,582,385,266,113,1,4,-1,-1
175,57,120,166,116,81,1,4,-1,-1
175,66,734,352,35,60,1,2,-1,-1
175,111,1417,342,175,115,1,4,-1,-1
175,112,972,369,33,55,1,2,-1,-1
175,162,1239,205,148,91,1,4,-1,-1
175,163,903,402,122,58,1,10,-1,-1
175,164,1642,285,149,111,1,4,-1,-1
175,201,14,477,39,93,1,2,-1,-1
175,202,28,486,23,64,1,1,-1,-1
175,203,745,347,41,52,1,1,-1,-1
175,204,1033,340,40,80,1,1,-1,-1
175,318,1615,274,23,35,1,2,-1,-1
176,39,574,385,266,113,1,4,-1,-1
176,57,118,166,118,80,1,4,-1,-1
176,66,733,352,35,60,1,2,-1,-1
176,111,1410,345,175,116,1,4,-1,-1
176,112,964,369,33,55,1,2,-1,-1
176,162,1239,205,148,91,1,4,-1,-1
176,163,891,405,122,58,1,10,-1,-1
176,164,1635,287,152,113,1,4,-1,-1
176,201,4,478,41,95,1,2,-1,-1
176,202,18,464,28,70,1,1,-1,-1
176,203,744,347,41,52,1,1,-1,-1
176,204,1032,338,40,82,1,1,-1,-1
176,254,714,348,28,47,1,2,-1,-1
176,255,1204,171,134,67,1,4,-1,-1
176,256,1602,297,58,41,1,10,-1,-1
176,257,1706,249,23,35,1,2,-1,-1
176,258,1509,533,203,175,1,4,-1,-1
176,318,1612,276,23,35,1,2,-1,-1
177,39,566,385,266,114,1,4,-1,-1
177,57,116,166,120,80,1,4,-1,-1
177,66,732,352,35,60,1,2,-1,-1
177,111,1403,347,175,117,1,4,-1,-1
177,112,957,369,33,56,1,2,-1,-1
177,163,883,405,122,58,1,10,-1,-1
177,164,1631,290,152,113,1,4,-1,-1
177,201,0,482,36,95,1,2,-1,-1
177,202,6,467,28,70,1,1,-1,-1
177,203,743,347,41,52,1,1,-1,-1
177,204,1032,337,40,83,1,1,-1,-1
177,254,714,348,28,47,1,2,-1,-1
177,255,1204,171,134,67,1,4,-1,-1
177,256,1600,287,28,43,1,2,-1,-1
177,257,1704,250,23,35,1,2,-1,-1
177,258,1505,537,202,178,1,4,-1,-1
177,319,1264,754,282,299,1,4,-1,-1
177,320,1592,302,41,29,1,10,-1,-1
178,39,558,385,266,114,1,4,-1,-1
178,57,114,166,122,80,1,4,-1,-1
178,66,731,353,35,59,1,2,-1,-1
178,112,950,370,33,56,1,2,-1,-1
178,163,875,406,122,58,1,10,-1,-1
178,164,1628,293,152,113,1,4,-1,-1
178,201,0,486,26,95,1,2,-1,-1
178,202,7,492,23,64,1,1,-1,-1
178,203,742,347,41,52,1,1,-1,-1
178,204,1031,343,38,77,1,1,-1,-1
178,254,714,348,28,47,1,2,-1,-1
178,255,1204,171,134,67,1,4,-1,-1
178,256,1606,282,23,35,1,2,-1,-1
178,257,1703,252,23,35,1,2,-1,-1
178,258,1501,542,202,180,1,4,-1,-1
178,319,1260,763,282,303,1,4,-1,-1
178,320,1588,305,41,29,1,10,-1,-1
179,39,550,385,266,115,1,4,-1,-1
179,57,112,166,124,79,1,4,-1,-1
179,66,741,347,41,52,1,1,-1,-1
179,112,943,370,33,56,1,2,-1,-1
179,164,1625,297,151,112,1,4,-1,-1
179,203,730,355,35,58,1,2,-1,-1
179,204,1031,345,38,75,1,1,-1,-1
179,254,714,348,28,47,1,2,-1,-1
179,255,1204,171,134,67,1,4,-1,-1
179,256,1601,282,23,35,1,2,-1,-1
179,257,1702,254,23,35,1,2,-1,-1
179,258,1497,546,201,182,1,4,-1,-1
179,319,1255,770,282,297,1,4,-1,-1
179,320,1584,306,41,29,1,10,-1,-1
180,39,542,385,266,115,1,4,-1,-1
180,57,110,166,126,79,1,4,-1,-1
180,66,740,347,41,52,1,1,-1,-1
180,112,936,370,33,57,1,2,-1,-1
180,164,1622,300,151,112,1,4,-1,-1
180,204,1031,347,38,73,1,1,-1,-1
180,254,714,348,28,47,1,2,-1,-1
180,255,1204,171,134,67,1,4,-1,-1
180,256,1597,283,23,35,1,2,-1,-1
180,257,1703,258,23,35,1,2,-1,-1
180,258,1493,550,200,185,1,4,-1,-1
180,319,1250,777,282,291,1,4,-1,-1
180,320,1580,307,41,29,1,10,-1,-1
181,39,535,386,266,115,1,4,-1,-1
181,57,108,166,128,79,1,4,-1,-1
181,66,728,354,35,59,1,2,-1,-1
181,112,929,371,33,57,1,2,-1,-1
181,164,1619,304,151,112,1,4,-1,-1
181,204,1031,349,38,71,1,1,-1,-1
181,254,714,348,28,47,1,2,-1,-1
181,255,1204,171,134,67,1,4,-1,-1
181,256,1593,284,23,35,1,2,-1,-1
181,257,1704,263,23,35,1,2,-1,-1
181,258,1519,576,161,150,1,4,-1,-1
181,319,1245,784,282,285,1,4,-1,-1
181,320,1577,309,41,29,1,10,-1,-1
