1,14,662.00,505.00,22.00,55.00,1,1,-1,-1
1,13,1609.00,558.00,57.00,118.00,1,1,-1,-1
1,12,1521.00,568.00,52.00,109.00,1,1,-1,-1
1,11,1455.00,496.00,15.00,43.00,1,1,-1,-1
1,10,1445.00,511.00,33.00,78.00,1,1,-1,-1
1,9,1371.00,518.00,33.00,95.00,1,1,-1,-1
1,8,1183.00,490.00,13.00,35.00,1,1,-1,-1
1,7,1072.00,494.00,16.00,29.00,1,1,-1,-1
1,6,792.00,509.00,16.00,45.00,1,1,-1,-1
1,5,776.00,508.00,15.00,46.00,1,1,-1,-1
1,4,677.00,521.00,23.00,58.00,1,1,-1,-1
1,3,543.00,548.00,31.00,95.00,1,1,-1,-1
1,2,273.00,585.00,46.00,148.00,1,1,-1,-1
2,21,828.00,506.00,16.00,42.00,1,1,-1,-1
2,20,652.00,518.00,27.00,70.00,1,1,-1,-1
2,19,638.00,522.00,22.00,59.00,1,1,-1,-1
2,18,624.00,510.00,20.00,70.00,1,1,-1,-1
2,17,502.00,537.00,34.00,93.00,1,1,-1,-1
2,16,706.00,513.00,24.00,71.00,1,1,-1,-1
2,15,1271.00,487.00,17.00,36.00,1,1,-1,-1
2,13,1615.23,559.53,56.54,114.93,1,1,-1,-1
2,10,1447.95,504.12,33.10,78.76,1,1,-1,-1
2,9,1374.92,516.23,32.16,93.55,1,1,-1,-1
2,6,791.96,497.12,16.08,45.76,1,1,-1,-1
2,5,775.92,498.25,14.16,44.50,1,1,-1,-1
2,4,679.58,513.20,19.84,54.59,1,1,-1,-1
2,3,543.00,536.00,31.00,95.00,1,1,-1,-1
2,2,266.00,574.00,46.00,148.00,1,1,-1,-1
3,23,1476.00,496.00,8.00,20.00,1,1,-1,-1
3,22,1485.00,515.00,37.00,68.00,1,1,-1,-1
3,21,827.00,511.00,16.00,42.00,1,1,-1,-1
3,19,636.66,534.99,21.67,62.02,1,1,-1,-1
3,17,501.00,550.00,34.00,93.00,1,1,-1,-1
3,15,1271.86,484.32,21.28,46.37,1,1,-1,-1
3,6,791.96,505.77,16.08,45.93,1,1,-1,-1
3,4,679.00,524.20,19.24,55.02,1,1,-1,-1
4,6,792.16,504.60,16.52,45.99,1,1,-1,-1
4,4,679.49,522.43,20.44,56.20,1,1,-1,-1
5,17,498.41,543.61,34.00,93.00,1,1,-1,-1
6,17,497.78,552.91,34.00,93.00,1,1,-1,-1
7,17,499.87,549.12,34.00,93.00,1,1,-1,-1
8,29,621.86,528.93,15.22,68.77,1,1,-1,-1
8,22,1506.41,530.85,37.98,78.76,1,1,-1,-1
8,17,496.32,553.49,34.00,93.00,1,1,-1,-1
9,22,1510.76,536.54,36.90,79.50,1,1,-1,-1
9,17,493.01,552.88,34.00,93.00,1,1,-1,-1
10,38,678.84,524.77,23.16,65.20,1,1,-1,-1
11,41,1590.69,590.00,54.57,128.27,1,1,-1,-1
11,31,645.13,532.71,24.99,71.28,1,1,-1,-1
13,45,1288.19,499.30,20.61,46.25,1,1,-1,-1
16,48,613.09,519.72,15.49,72.64,1,1,-1,-1
16,38,672.49,520.72,27.44,71.01,1,1,-1,-1
17,57,829.93,514.24,16.00,44.00,1,1,-1,-1
17,48,610.97,521.54,16.08,72.83,1,1,-1,-1
17,41,1634.05,588.81,56.16,140.50,1,1,-1,-1
17,38,672.44,520.07,27.54,71.00,1,1,-1,-1
18,66,771.96,508.96,17.00,47.00,1,1,-1,-1
18,57,829.87,514.35,16.05,44.43,1,1,-1,-1
18,48,610.00,522.13,16.12,73.14,1,1,-1,-1
18,38,672.45,519.70,27.57,70.63,1,1,-1,-1
19,69,1203.00,493.15,15.00,37.00,1,1,-1,-1
19,66,771.19,509.19,17.00,47.00,1,1,-1,-1
19,64,516.40,552.60,38.06,96.80,1,1,-1,-1
19,57,829.14,514.30,16.07,44.68,1,1,-1,-1
19,55,-12.86,594.25,64.78,185.79,1,1,-1,-1
19,38,672.64,519.61,27.91,70.43,1,1,-1,-1
20,64,513.43,552.70,38.42,98.13,1,1,-1,-1
20,63,451.59,563.68,35.96,98.50,1,1,-1,-1
21,41,1666.72,591.55,56.94,145.70,1,1,-1,-1
23,81,1568.01,506.32,18.36,41.69,1,1,-1,-1
24,83,461.25,553.03,35.66,99.06,1,1,-1,-1
24,78,609.03,543.24,23.07,72.80,1,1,-1,-1
25,90,1065.86,497.65,17.87,29.87,1,1,-1,-1
25,89,768.17,513.73,17.92,45.49,1,1,-1,-1
25,80,1553.96,509.21,15.04,41.93,1,1,-1,-1
25,78,607.77,545.12,23.07,72.92,1,1,-1,-1
26,90,1066.94,498.06,17.17,30.18,1,1,-1,-1
26,89,767.94,514.79,17.96,45.38,1,1,-1,-1
26,78,605.28,546.33,23.06,72.99,1,1,-1,-1
27,90,1068.42,501.44,15.46,29.59,1,1,-1,-1
27,78,603.08,547.51,23.09,73.40,1,1,-1,-1
28,78,602.40,549.17,23.09,73.66,1,1,-1,-1
29,102,1309.85,509.89,14.00,45.00,1,1,-1,-1
29,100,1341.06,519.13,20.31,49.53,1,1,-1,-1
29,82,-22.04,642.50,66.72,201.19,1,1,-1,-1
29,78,600.87,551.02,23.09,73.83,1,1,-1,-1
29,38,662.47,535.23,31.57,66.11,1,1,-1,-1
30,100,1341.46,521.54,20.97,49.38,1,1,-1,-1
30,78,599.19,553.01,23.45,74.50,1,1,-1,-1
31,78,597.75,562.23,23.33,74.39,1,1,-1,-1
32,110,827.87,534.27,16.11,48.47,1,1,-1,-1
32,78,595.97,561.59,23.25,74.32,1,1,-1,-1
32,77,1842.63,618.65,81.93,185.48,1,1,-1,-1
33,113,1553.13,534.53,30.80,80.37,1,1,-1,-1
33,110,828.00,529.01,16.55,49.14,1,1,-1,-1
33,99,1764.36,618.61,66.26,168.59,1,1,-1,-1
33,96,488.00,576.39,37.44,102.61,1,1,-1,-1
33,78,594.21,555.39,23.53,74.73,1,1,-1,-1
33,77,1862.39,617.91,80.15,183.93,1,1,-1,-1
34,120,582.39,551.27,22.91,64.33,1,1,-1,-1
34,113,1557.69,529.50,30.40,80.41,1,1,-1,-1
34,107,1620.77,546.71,33.83,83.46,1,1,-1,-1
34,99,1774.17,616.36,67.56,170.04,1,1,-1,-1
34,77,1876.26,618.51,78.54,180.66,1,1,-1,-1
35,125,1213.91,500.85,15.00,37.00,1,1,-1,-1
35,120,581.99,539.42,21.61,66.83,1,1,-1,-1
35,77,1888.21,620.27,77.65,176.79,1,1,-1,-1
36,127,607.03,532.00,19.35,74.34,1,1,-1,-1
36,123,659.03,534.40,26.64,67.66,1,1,-1,-1
36,120,581.08,534.65,21.61,69.71,1,1,-1,-1
36,118,1593.40,510.44,21.23,48.88,1,1,-1,-1
36,77,1899.48,622.75,77.58,172.80,1,1,-1,-1
37,123,657.73,529.77,27.73,71.10,1,1,-1,-1
37,120,581.20,543.41,18.86,59.94,1,1,-1,-1
37,118,1593.58,507.00,21.94,49.36,1,1,-1,-1
37,110,826.86,515.53,17.11,50.77,1,1,-1,-1
38,134,1352.47,507.86,21.01,49.23,1,1,-1,-1
38,133,430.85,553.33,36.21,111.35,1,1,-1,-1
38,117,761.60,508.07,21.39,50.46,1,1,-1,-1
38,110,826.82,512.58,17.18,51.41,1,1,-1,-1
39,117,761.67,506.12,21.38,50.28,1,1,-1,-1
39,110,826.98,510.05,17.55,51.99,1,1,-1,-1
40,140,1583.94,518.81,32.00,87.06,1,1,-1,-1
40,131,790.03,504.68,17.88,50.88,1,1,-1,-1
40,124,1060.10,494.25,12.84,26.68,1,1,-1,-1
41,140,1589.01,519.75,32.64,88.26,1,1,-1,-1
42,145,609.10,537.00,27.90,81.74,1,1,-1,-1
42,127,597.95,522.29,19.60,81.70,1,1,-1,-1
43,145,608.19,538.92,28.52,82.64,1,1,-1,-1
43,144,468.04,556.47,36.83,107.12,1,1,-1,-1
44,151,569.43,529.99,18.67,77.76,1,1,-1,-1
44,145,606.55,539.46,29.29,83.76,1,1,-1,-1
45,156,1512.04,550.26,48.92,127.69,1,1,-1,-1
45,117,759.83,506.42,21.64,49.71,1,1,-1,-1
46,131,790.89,508.99,17.30,51.32,1,1,-1,-1
46,117,759.22,507.52,21.83,49.70,1,1,-1,-1
47,164,1488.41,506.55,19.00,52.00,1,1,-1,-1
47,117,758.80,508.67,21.65,49.62,1,1,-1,-1
48,164,1487.44,508.45,19.00,52.00,1,1,-1,-1
48,151,564.07,534.05,17.66,78.18,1,1,-1,-1
48,127,582.58,527.99,24.89,87.83,1,1,-1,-1
48,117,758.02,509.80,21.52,49.56,1,1,-1,-1
49,127,579.40,529.32,26.09,87.39,1,1,-1,-1
49,117,757.76,510.92,21.42,49.51,1,1,-1,-1
50,147,641.73,534.18,30.55,86.77,1,1,-1,-1
50,127,577.06,529.00,26.31,87.54,1,1,-1,-1
50,117,757.04,512.02,21.35,49.47,1,1,-1,-1
51,182,1635.96,534.11,34.07,90.99,1,1,-1,-1
51,180,445.05,564.03,40.62,112.91,1,1,-1,-1
51,178,1570.38,516.98,22.10,55.66,1,1,-1,-1
51,176,1053.90,501.68,13.43,27.89,1,1,-1,-1
51,127,573.58,529.52,26.46,87.61,1,1,-1,-1
51,117,756.79,513.11,21.30,49.44,1,1,-1,-1
52,180,442.38,562.56,41.82,115.20,1,1,-1,-1
52,178,1570.74,518.23,22.63,55.43,1,1,-1,-1
52,176,1053.77,502.06,13.31,28.24,1,1,-1,-1
52,117,756.07,512.88,21.26,49.41,1,1,-1,-1
53,188,1667.58,512.90,29.73,57.09,1,1,-1,-1
53,178,1571.72,519.37,23.31,55.38,1,1,-1,-1
54,188,1667.40,513.82,30.85,57.23,1,1,-1,-1
55,198,787.85,515.00,17.00,51.00,1,1,-1,-1
55,188,1666.48,513.43,31.46,57.07,1,1,-1,-1
55,182,1652.56,531.38,35.98,92.23,1,1,-1,-1
56,200,537.11,552.00,29.00,72.00,1,1,-1,-1
56,199,821.66,516.02,18.48,52.91,1,1,-1,-1
56,198,787.06,514.22,17.00,51.00,1,1,-1,-1
56,188,1665.39,512.64,31.82,56.84,1,1,-1,-1
56,182,1656.48,531.26,36.43,92.30,1,1,-1,-1
57,199,820.91,515.30,18.22,52.60,1,1,-1,-1
57,198,786.11,513.24,17.00,51.00,1,1,-1,-1
57,190,604.81,543.31,26.65,85.46,1,1,-1,-1
57,188,1664.27,511.72,32.03,56.62,1,1,-1,-1
58,196,377.06,557.77,41.09,115.81,1,1,-1,-1
58,191,1386.89,506.64,20.80,51.77,1,1,-1,-1
58,190,603.76,541.86,26.50,86.55,1,1,-1,-1
58,188,1663.84,510.92,32.21,56.77,1,1,-1,-1
59,194,1574.47,518.06,23.28,53.21,1,1,-1,-1
59,191,1386.51,506.28,21.03,50.34,1,1,-1,-1
59,190,602.76,540.10,26.43,87.98,1,1,-1,-1
59,127,549.55,551.38,29.66,89.69,1,1,-1,-1
60,194,1573.96,516.26,23.10,54.35,1,1,-1,-1
60,191,1386.24,506.44,21.21,49.43,1,1,-1,-1
60,127,546.33,551.22,29.96,88.92,1,1,-1,-1
61,215,1588.88,551.32,53.23,146.35,1,1,-1,-1
61,211,1229.20,492.39,17.41,40.03,1,1,-1,-1
61,191,1387.39,508.31,22.02,52.42,1,1,-1,-1
61,127,543.36,551.05,30.46,88.09,1,1,-1,-1
62,215,1593.85,550.41,53.29,147.19,1,1,-1,-1
62,211,1230.34,492.13,16.90,40.10,1,1,-1,-1
62,210,415.36,554.22,45.29,120.98,1,1,-1,-1
62,191,1385.76,506.61,22.29,51.73,1,1,-1,-1
63,219,1682.72,530.57,39.39,94.81,1,1,-1,-1
63,217,1268.96,494.59,20.70,48.70,1,1,-1,-1
63,215,1599.02,549.86,53.71,148.02,1,1,-1,-1
63,212,1292.65,490.88,22.53,56.87,1,1,-1,-1
63,191,1384.88,500.35,22.19,51.47,1,1,-1,-1
64,217,1269.39,495.93,21.07,48.10,1,1,-1,-1
65,127,530.62,553.34,32.03,89.81,1,1,-1,-1
66,210,404.13,568.84,45.59,118.46,1,1,-1,-1
66,127,527.86,558.30,32.22,90.14,1,1,-1,-1
67,236,813.02,513.48,18.00,53.00,1,1,-1,-1
67,212,1291.88,498.32,20.67,50.30,1,1,-1,-1
68,240,1658.29,506.52,29.36,57.62,1,1,-1,-1
68,235,345.23,558.78,44.58,125.29,1,1,-1,-1
70,252,1028.37,495.67,14.14,31.48,1,1,-1,-1
70,250,540.82,546.35,37.53,99.97,1,1,-1,-1
70,245,1595.14,509.92,18.93,62.64,1,1,-1,-1
70,242,756.79,508.40,15.91,45.47,1,1,-1,-1
71,258,1590.29,513.63,22.03,52.89,1,1,-1,-1
71,252,1025.38,494.38,14.21,31.89,1,1,-1,-1
71,250,536.59,545.19,38.74,99.91,1,1,-1,-1
71,242,754.29,507.37,15.85,45.09,1,1,-1,-1
71,236,805.16,513.83,18.13,54.55,1,1,-1,-1
72,242,750.66,508.53,15.83,44.89,1,1,-1,-1
73,242,748.82,506.83,15.83,44.79,1,1,-1,-1
75,258,1588.66,512.43,21.17,53.85,1,1,-1,-1
75,246,1645.78,574.70,57.38,165.73,1,1,-1,-1
75,210,357.66,558.43,48.33,126.10,1,1,-1,-1
76,274,1364.14,508.84,23.94,49.32,1,1,-1,-1
76,269,300.98,553.05,49.86,132.76,1,1,-1,-1
76,261,577.47,532.33,33.12,95.47,1,1,-1,-1
76,258,1587.77,511.40,20.77,53.69,1,1,-1,-1
76,246,1649.80,576.41,57.95,167.80,1,1,-1,-1
77,278,1595.19,518.01,24.52,50.32,1,1,-1,-1
77,274,1361.16,509.03,23.92,49.16,1,1,-1,-1
77,258,1585.50,511.05,20.50,53.64,1,1,-1,-1
77,246,1652.56,576.77,58.65,169.59,1,1,-1,-1
77,242,738.44,505.70,14.92,41.91,1,1,-1,-1
78,282,710.16,503.25,19.73,57.50,1,1,-1,-1
78,274,1358.89,509.83,23.92,49.07,1,1,-1,-1
78,258,1580.42,515.53,20.91,52.52,1,1,-1,-1
78,242,734.71,505.23,14.84,41.65,1,1,-1,-1
79,282,706.81,503.21,19.41,57.36,1,1,-1,-1
79,274,1356.11,509.37,23.93,49.02,1,1,-1,-1
79,258,1578.61,512.45,20.32,52.95,1,1,-1,-1
79,242,732.09,505.11,14.79,41.49,1,1,-1,-1
80,295,1550.11,517.96,21.00,53.00,1,1,-1,-1
80,274,1353.17,509.20,23.94,48.99,1,1,-1,-1
80,258,1580.07,514.00,17.29,47.05,1,1,-1,-1
80,249,463.90,523.62,23.23,86.53,1,1,-1,-1
81,290,482.01,549.21,42.08,105.25,1,1,-1,-1
81,274,1350.17,508.44,23.94,48.97,1,1,-1,-1
81,271,747.03,504.11,20.52,55.13,1,1,-1,-1
81,258,1574.84,512.67,17.21,49.34,1,1,-1,-1
82,293,1383.45,517.09,23.54,62.80,1,1,-1,-1
82,274,1347.83,508.17,23.95,48.96,1,1,-1,-1
82,269,264.17,554.61,46.85,128.86,1,1,-1,-1
82,258,1571.62,515.99,19.16,49.87,1,1,-1,-1
83,293,1381.42,517.01,23.79,63.18,1,1,-1,-1
83,274,1344.88,508.30,23.65,49.14,1,1,-1,-1
83,269,256.69,555.84,46.89,129.17,1,1,-1,-1
83,258,1567.16,512.96,17.94,51.40,1,1,-1,-1
84,258,1564.78,515.34,19.68,51.52,1,1,-1,-1
85,258,1558.97,511.38,19.79,52.75,1,1,-1,-1
86,258,1557.58,514.23,21.02,53.06,1,1,-1,-1
87,274,1332.85,511.94,22.59,49.38,1,1,-1,-1
87,258,1555.62,516.27,21.89,52.58,1,1,-1,-1
88,318,1562.50,515.89,20.01,51.74,1,1,-1,-1
88,258,1553.68,518.25,22.80,51.94,1,1,-1,-1
89,339,1676.33,590.30,74.44,187.61,1,1,-1,-1
89,318,1559.63,516.93,19.45,51.65,1,1,-1,-1
89,258,1550.91,519.75,23.45,51.50,1,1,-1,-1
90,343,1703.74,536.17,36.57,98.94,1,1,-1,-1
90,258,1547.85,521.03,23.93,51.19,1,1,-1,-1
91,343,1702.06,537.82,37.04,99.39,1,1,-1,-1
93,359,402.95,570.20,42.41,117.00,1,1,-1,-1
94,358,1785.85,563.50,38.60,99.97,1,1,-1,-1
94,300,330.89,578.65,30.72,91.64,1,1,-1,-1
94,258,1535.43,525.47,24.75,50.63,1,1,-1,-1
95,368,1358.28,528.97,26.25,62.90,1,1,-1,-1
95,358,1784.01,563.83,38.92,101.21,1,1,-1,-1
95,343,1692.42,539.71,33.51,89.38,1,1,-1,-1
95,300,322.41,579.67,30.61,92.28,1,1,-1,-1
95,258,1532.99,526.72,24.87,50.83,1,1,-1,-1
96,368,1354.62,530.06,27.83,66.65,1,1,-1,-1
96,343,1692.84,545.67,35.42,93.69,1,1,-1,-1
96,258,1527.93,528.27,23.55,51.98,1,1,-1,-1
97,362,340.21,582.84,35.17,108.64,1,1,-1,-1
97,359,375.46,577.76,43.03,115.88,1,1,-1,-1
97,258,1523.90,528.99,22.87,52.74,1,1,-1,-1
98,378,456.04,560.23,31.86,104.46,1,1,-1,-1
98,362,332.52,586.16,35.91,109.44,1,1,-1,-1
99,389,1348.94,526.86,22.92,55.13,1,1,-1,-1
99,356,1490.28,523.84,23.23,57.53,1,1,-1,-1
100,389,1345.30,527.30,23.44,55.24,1,1,-1,-1
100,385,319.00,568.44,52.87,143.34,1,1,-1,-1
100,368,1346.00,532.10,28.08,69.52,1,1,-1,-1
101,381,123.76,579.45,54.69,142.31,1,1,-1,-1
101,368,1344.98,533.98,26.89,68.21,1,1,-1,-1
102,393,1145.15,505.85,14.12,44.26,1,1,-1,-1
102,381,114.19,579.40,55.00,143.36,1,1,-1,-1
102,362,296.89,588.45,37.93,111.62,1,1,-1,-1
102,300,262.36,584.48,30.99,97.22,1,1,-1,-1
103,411,1681.13,552.06,37.61,103.15,1,1,-1,-1
103,398,1368.28,517.58,20.13,53.65,1,1,-1,-1
103,393,1141.56,505.75,14.82,44.64,1,1,-1,-1
103,381,104.77,579.51,54.83,144.12,1,1,-1,-1
103,362,288.42,589.01,38.42,112.00,1,1,-1,-1
103,356,1475.50,526.42,22.19,58.72,1,1,-1,-1
104,415,1500.29,533.88,24.84,53.55,1,1,-1,-1
104,411,1678.10,549.80,34.15,97.79,1,1,-1,-1
104,393,1137.22,506.73,15.96,44.81,1,1,-1,-1
104,385,268.64,563.03,55.56,140.24,1,1,-1,-1
104,381,95.65,579.58,54.73,144.95,1,1,-1,-1
104,362,279.68,589.23,39.08,112.65,1,1,-1,-1
104,356,1472.81,528.43,21.47,58.24,1,1,-1,-1
105,411,1677.15,550.55,34.12,100.76,1,1,-1,-1
105,381,86.64,580.13,54.63,145.51,1,1,-1,-1
105,362,271.30,589.85,39.53,113.03,1,1,-1,-1
105,356,1468.92,530.66,21.31,58.35,1,1,-1,-1
106,411,1674.87,550.37,34.04,102.80,1,1,-1,-1
106,381,79.00,579.73,54.57,146.20,1,1,-1,-1
107,421,1191.95,516.81,20.07,49.35,1,1,-1,-1
107,411,1672.26,549.97,34.38,104.95,1,1,-1,-1
107,409,612.11,521.65,17.00,47.00,1,1,-1,-1
107,398,1352.07,517.16,20.91,53.01,1,1,-1,-1
107,394,1176.87,518.14,19.09,46.43,1,1,-1,-1
108,431,1724.09,624.45,86.87,220.14,1,1,-1,-1
108,415,1487.28,533.58,25.79,54.57,1,1,-1,-1
108,411,1669.35,549.53,34.58,106.38,1,1,-1,-1
108,410,640.14,521.48,19.15,62.32,1,1,-1,-1
108,398,1348.19,516.52,21.33,53.01,1,1,-1,-1
109,430,1446.13,523.19,21.99,60.62,1,1,-1,-1
109,410,635.89,521.19,19.15,62.65,1,1,-1,-1
109,398,1345.38,509.04,25.89,63.52,1,1,-1,-1
110,441,1116.19,505.54,17.92,44.96,1,1,-1,-1
110,368,1326.12,534.38,26.16,70.84,1,1,-1,-1
111,448,255.60,584.96,44.82,126.13,1,1,-1,-1
111,443,233.02,580.54,35.89,106.90,1,1,-1,-1
111,441,1112.26,505.95,17.80,43.35,1,1,-1,-1
111,368,1324.49,534.80,26.23,70.89,1,1,-1,-1
112,448,245.88,588.87,44.01,122.84,1,1,-1,-1
112,443,226.68,574.86,37.41,117.33,1,1,-1,-1
112,368,1321.81,534.95,25.96,70.86,1,1,-1,-1
113,448,235.34,590.02,44.31,122.81,1,1,-1,-1
113,443,217.06,573.11,37.96,123.38,1,1,-1,-1
113,368,1317.52,535.56,26.67,71.00,1,1,-1,-1
114,461,1459.65,535.58,23.60,53.94,1,1,-1,-1
114,409,576.89,522.52,17.00,47.00,1,1,-1,-1
114,368,1313.71,535.78,26.87,71.02,1,1,-1,-1
115,465,1494.95,522.16,32.09,67.52,1,1,-1,-1
115,464,841.04,511.60,11.55,29.49,1,1,-1,-1
115,461,1454.89,535.56,23.31,54.01,1,1,-1,-1
116,465,1490.78,522.32,31.65,67.42,1,1,-1,-1
116,464,834.79,509.19,12.68,31.28,1,1,-1,-1
116,461,1450.57,536.40,22.73,53.79,1,1,-1,-1
117,478,1424.03,529.48,19.93,58.59,1,1,-1,-1
117,476,599.05,522.11,19.00,64.00,1,1,-1,-1
117,464,827.98,507.41,13.68,32.32,1,1,-1,-1
117,461,1445.31,535.78,22.79,54.07,1,1,-1,-1
118,478,1417.01,528.14,21.23,61.94,1,1,-1,-1
118,476,594.81,522.12,19.00,64.00,1,1,-1,-1
119,485,1137.12,518.99,19.00,48.00,1,1,-1,-1
119,478,1415.48,528.61,20.79,60.56,1,1,-1,-1
120,498,1635.29,545.74,39.14,119.82,1,1,-1,-1
120,493,162.04,587.38,43.40,143.67,1,1,-1,-1
120,488,229.08,582.17,46.77,145.73,1,1,-1,-1
120,485,1133.09,518.94,19.00,48.00,1,1,-1,-1
120,478,1412.40,528.97,20.54,59.74,1,1,-1,-1
121,503,1295.11,526.46,30.77,78.83,1,1,-1,-1
121,500,98.11,600.01,47.67,130.08,1,1,-1,-1
121,498,1631.94,545.04,40.01,120.44,1,1,-1,-1
121,493,154.82,593.47,45.61,143.04,1,1,-1,-1
121,488,219.78,583.30,47.09,147.20,1,1,-1,-1
121,478,1409.43,529.39,20.41,59.59,1,1,-1,-1
122,503,1292.90,530.09,30.42,77.03,1,1,-1,-1
122,500,87.10,602.31,48.13,128.96,1,1,-1,-1
122,494,1274.40,522.57,23.04,52.52,1,1,-1,-1
122,488,208.87,588.41,48.71,151.88,1,1,-1,-1
122,465,1467.11,521.26,25.26,61.23,1,1,-1,-1
123,500,75.29,604.20,48.93,129.40,1,1,-1,-1
123,488,196.95,591.00,49.60,154.42,1,1,-1,-1
123,465,1462.63,520.57,24.30,61.83,1,1,-1,-1
124,500,64.00,606.19,49.80,129.76,1,1,-1,-1
124,465,1458.49,520.72,24.57,61.93,1,1,-1,-1
125,476,561.12,525.05,19.00,64.00,1,1,-1,-1
127,532,1418.79,526.32,18.54,58.50,1,1,-1,-1
127,530,564.97,532.87,21.06,64.99,1,1,-1,-1
128,537,1781.28,651.65,113.48,273.85,1,1,-1,-1
128,530,559.97,533.07,21.05,65.02,1,1,-1,-1
128,465,1441.96,522.21,23.83,62.80,1,1,-1,-1
129,541,131.17,596.10,50.61,158.49,1,1,-1,-1
129,537,1785.01,653.34,114.79,276.26,1,1,-1,-1
129,529,489.00,530.88,17.65,53.59,1,1,-1,-1
130,545,-4.33,607.13,57.41,151.52,1,1,-1,-1
130,529,484.55,530.78,16.81,54.21,1,1,-1,-1
130,522,1720.63,561.11,55.12,112.28,1,1,-1,-1
131,545,-16.08,615.71,55.91,144.97,1,1,-1,-1
131,522,1716.63,560.20,57.56,112.88,1,1,-1,-1
132,564,1368.76,531.82,23.08,51.24,1,1,-1,-1
132,558,76.11,568.11,42.00,125.00,1,1,-1,-1
132,527,1102.60,520.79,21.84,53.88,1,1,-1,-1
132,465,1426.63,524.31,21.56,63.61,1,1,-1,-1
133,566,1587.97,548.37,47.11,114.37,1,1,-1,-1
133,564,1364.83,529.64,21.65,51.45,1,1,-1,-1
133,558,68.47,569.12,42.00,125.00,1,1,-1,-1
134,566,1584.44,548.69,46.15,113.74,1,1,-1,-1
134,558,59.08,569.92,43.63,126.11,1,1,-1,-1
134,532,1389.86,525.00,19.15,60.94,1,1,-1,-1
135,576,1260.14,535.17,29.76,78.01,1,1,-1,-1
135,570,524.64,534.94,21.15,67.64,1,1,-1,-1
135,532,1386.02,524.33,19.50,61.62,1,1,-1,-1
135,522,1705.30,560.18,61.30,114.06,1,1,-1,-1
136,582,1073.10,520.15,20.03,49.84,1,1,-1,-1
136,580,153.93,579.45,44.13,130.51,1,1,-1,-1
136,532,1382.53,524.08,19.41,61.87,1,1,-1,-1
136,522,1702.40,560.24,61.74,114.22,1,1,-1,-1
137,582,1069.89,520.90,20.03,49.92,1,1,-1,-1
137,532,1378.74,523.95,19.34,62.05,1,1,-1,-1
137,522,1699.82,560.29,61.72,114.23,1,1,-1,-1
138,582,1066.66,520.70,19.66,50.02,1,1,-1,-1
138,566,1569.86,549.12,44.36,114.57,1,1,-1,-1
138,558,22.36,568.72,45.11,118.98,1,1,-1,-1
139,594,1383.44,517.51,30.38,74.35,1,1,-1,-1
139,582,1063.66,520.56,19.43,50.17,1,1,-1,-1
139,570,503.20,536.32,22.07,68.25,1,1,-1,-1
139,558,12.91,567.36,45.51,114.63,1,1,-1,-1
140,594,1379.35,517.35,31.37,74.48,1,1,-1,-1
140,570,493.92,532.47,22.34,70.94,1,1,-1,-1
141,583,1198.99,518.14,21.96,56.86,1,1,-1,-1
141,570,491.46,534.87,22.32,70.36,1,1,-1,-1
141,532,1363.69,522.82,19.97,63.29,1,1,-1,-1
142,602,1244.72,531.14,30.81,81.77,1,1,-1,-1
142,583,1194.94,517.90,22.04,57.08,1,1,-1,-1
143,602,1243.20,532.12,30.81,81.09,1,1,-1,-1
143,599,1386.21,522.94,19.76,69.13,1,1,-1,-1
143,580,95.29,581.56,45.58,135.38,1,1,-1,-1
143,558,-21.88,571.58,46.26,108.17,1,1,-1,-1
144,602,1241.31,534.00,30.83,80.68,1,1,-1,-1
144,599,1382.88,523.06,19.89,69.57,1,1,-1,-1
144,558,-30.05,574.75,46.39,107.37,1,1,-1,-1
145,602,1240.01,536.12,30.85,80.42,1,1,-1,-1
145,599,1378.03,522.25,20.70,70.77,1,1,-1,-1
145,570,472.04,538.25,22.08,69.21,1,1,-1,-1
146,622,402.32,527.92,18.00,58.00,1,1,-1,-1
146,618,985.00,503.32,18.00,46.00,1,1,-1,-1
146,617,418.84,525.11,23.26,64.77,1,1,-1,-1
146,602,1238.23,536.88,30.87,80.26,1,1,-1,-1
146,599,1373.08,521.73,21.57,71.63,1,1,-1,-1
146,583,1178.77,517.01,21.39,57.79,1,1,-1,-1
146,570,468.02,532.74,22.71,68.22,1,1,-1,-1
147,627,1055.70,521.22,22.96,53.14,1,1,-1,-1
147,622,396.37,528.63,18.00,58.00,1,1,-1,-1
147,618,982.00,503.88,18.00,46.00,1,1,-1,-1
147,617,413.07,525.05,23.29,65.14,1,1,-1,-1
147,602,1236.97,537.67,30.86,79.79,1,1,-1,-1
147,570,462.25,536.86,22.58,68.61,1,1,-1,-1
148,627,1053.44,521.32,22.64,53.31,1,1,-1,-1
148,622,390.33,529.61,18.00,58.00,1,1,-1,-1
148,618,978.27,504.77,18.00,46.00,1,1,-1,-1
148,570,457.53,532.96,23.35,67.85,1,1,-1,-1
149,618,973.75,503.68,18.42,46.64,1,1,-1,-1
149,570,452.32,532.12,23.60,66.93,1,1,-1,-1
150,618,969.14,503.56,19.36,47.01,1,1,-1,-1
150,570,443.03,533.21,22.28,65.76,1,1,-1,-1
151,644,1170.71,522.47,21.48,52.05,1,1,-1,-1
151,639,1676.21,565.63,45.05,119.49,1,1,-1,-1
151,624,1281.85,530.40,26.31,58.94,1,1,-1,-1
151,623,1260.97,512.75,27.21,65.93,1,1,-1,-1
152,647,435.34,541.79,21.94,68.48,1,1,-1,-1
152,624,1276.85,530.25,26.31,59.43,1,1,-1,-1
152,623,1254.89,513.72,27.20,65.48,1,1,-1,-1
153,647,429.13,542.82,21.92,68.23,1,1,-1,-1
153,624,1271.85,530.12,26.29,59.75,1,1,-1,-1
153,623,1250.13,514.16,27.19,65.17,1,1,-1,-1
154,647,424.93,537.86,22.63,67.55,1,1,-1,-1
154,623,1245.69,514.45,26.85,64.83,1,1,-1,-1
155,660,1023.45,521.29,22.28,57.18,1,1,-1,-1
155,659,1007.94,517.19,17.11,59.51,1,1,-1,-1
155,647,417.63,543.41,22.38,67.16,1,1,-1,-1
155,639,1661.22,558.59,45.73,121.06,1,1,-1,-1
155,623,1241.11,514.56,26.94,64.71,1,1,-1,-1
156,664,944.11,504.06,19.00,47.00,1,1,-1,-1
156,647,406.69,541.35,21.45,66.01,1,1,-1,-1
157,647,398.87,541.02,20.52,65.43,1,1,-1,-1
158,673,1202.89,517.00,18.00,61.00,1,1,-1,-1
158,647,391.88,541.47,20.26,65.44,1,1,-1,-1
159,676,315.24,543.11,18.00,60.00,1,1,-1,-1
159,660,1007.52,519.87,21.03,58.43,1,1,-1,-1
159,647,385.59,542.28,20.08,65.52,1,1,-1,-1
159,639,1645.97,551.94,46.69,122.00,1,1,-1,-1
160,676,308.79,545.69,18.00,60.00,1,1,-1,-1
160,660,1003.60,519.98,20.64,58.03,1,1,-1,-1
160,639,1642.16,550.81,46.80,122.07,1,1,-1,-1
161,681,1461.09,547.25,45.07,121.74,1,1,-1,-1
161,676,301.34,547.23,18.50,61.31,1,1,-1,-1
161,660,1001.06,520.06,20.39,57.81,1,1,-1,-1
161,639,1638.37,550.37,47.20,122.22,1,1,-1,-1
162,690,1285.16,520.80,29.67,71.31,1,1,-1,-1
162,681,1455.86,547.92,45.08,121.88,1,1,-1,-1
162,676,297.70,546.83,18.78,61.96,1,1,-1,-1
163,692,373.53,546.01,23.93,72.93,1,1,-1,-1
163,690,1279.97,520.77,29.84,71.39,1,1,-1,-1
163,681,1449.98,547.91,44.63,120.96,1,1,-1,-1
163,679,1229.82,529.96,25.26,63.11,1,1,-1,-1
163,676,290.44,547.95,18.94,62.29,1,1,-1,-1
164,676,284.67,547.57,19.03,62.46,1,1,-1,-1
165,639,1624.13,549.47,47.63,123.05,1,1,-1,-1
166,704,570.94,518.41,13.08,33.02,1,1,-1,-1
166,639,1620.22,548.97,47.80,123.46,1,1,-1,-1
167,687,344.08,546.17,19.92,66.98,1,1,-1,-1
167,639,1616.88,548.75,47.90,123.75,1,1,-1,-1
168,687,339.69,546.06,19.25,67.29,1,1,-1,-1
169,692,338.48,556.51,23.22,66.69,1,1,-1,-1
169,687,335.05,546.11,18.82,67.92,1,1,-1,-1
170,716,1183.12,533.68,34.76,90.63,1,1,-1,-1
170,692,333.51,557.26,23.09,66.29,1,1,-1,-1
170,687,330.29,546.01,18.52,68.43,1,1,-1,-1
171,720,269.89,543.85,24.00,67.00,1,1,-1,-1
171,719,228.96,545.85,24.00,73.00,1,1,-1,-1
171,639,1608.40,549.25,48.08,124.21,1,1,-1,-1
172,720,264.23,543.21,24.52,67.92,1,1,-1,-1
172,719,223.97,546.06,24.00,73.00,1,1,-1,-1
172,711,328.36,546.51,27.40,70.20,1,1,-1,-1
174,692,312.46,552.00,21.34,66.40,1,1,-1,-1
175,692,310.53,556.15,21.79,66.55,1,1,-1,-1
176,734,224.04,545.21,17.18,66.07,1,1,-1,-1
176,728,1192.09,530.93,22.83,64.22,1,1,-1,-1
176,692,303.45,550.72,21.23,67.42,1,1,-1,-1
177,728,1187.99,531.56,22.97,64.40,1,1,-1,-1
177,692,298.26,548.54,20.53,67.96,1,1,-1,-1
178,728,1183.94,531.77,23.05,64.49,1,1,-1,-1
178,692,293.50,547.53,20.33,68.55,1,1,-1,-1
179,728,1177.00,531.19,24.18,65.81,1,1,-1,-1
180,745,936.97,520.17,21.05,58.47,1,1,-1,-1
180,728,1172.43,530.85,24.92,66.53,1,1,-1,-1
181,745,934.99,520.75,21.02,58.30,1,1,-1,-1
181,711,286.91,550.60,27.86,71.33,1,1,-1,-1
182,711,282.43,550.63,28.69,74.52,1,1,-1,-1
183,740,948.76,513.88,26.77,67.56,1,1,-1,-1
183,711,278.01,550.15,28.84,75.37,1,1,-1,-1
184,740,946.23,513.75,27.12,67.50,1,1,-1,-1
184,728,1159.20,531.90,25.07,67.36,1,1,-1,-1
184,711,272.34,556.35,27.38,73.37,1,1,-1,-1
185,728,1155.99,532.43,24.52,67.06,1,1,-1,-1
185,711,267.97,559.70,26.33,71.88,1,1,-1,-1
186,711,259.83,556.70,24.14,71.92,1,1,-1,-1
187,772,1087.78,516.12,29.49,67.65,1,1,-1,-1
187,764,1167.54,540.65,39.30,100.78,1,1,-1,-1
187,711,254.66,556.15,22.57,72.02,1,1,-1,-1
188,775,180.96,547.21,28.07,76.52,1,1,-1,-1
188,772,1084.07,516.13,29.89,68.61,1,1,-1,-1
188,768,856.53,510.45,18.26,47.24,1,1,-1,-1
189,772,1080.82,516.20,30.13,69.48,1,1,-1,-1
189,768,854.89,510.35,18.02,46.45,1,1,-1,-1
189,767,476.33,521.64,14.05,38.84,1,1,-1,-1
190,772,1077.72,516.28,30.28,70.34,1,1,-1,-1
190,768,853.75,510.20,17.85,45.62,1,1,-1,-1
190,767,471.62,521.58,14.83,38.85,1,1,-1,-1
191,777,1353.97,545.48,49.94,122.81,1,1,-1,-1
192,787,1097.00,517.21,29.09,62.52,1,1,-1,-1
192,780,234.74,563.17,22.12,70.83,1,1,-1,-1
192,777,1351.94,545.53,50.02,122.73,1,1,-1,-1
193,776,1135.46,539.10,25.78,64.36,1,1,-1,-1
194,794,935.89,521.62,24.95,66.23,1,1,-1,-1
194,784,122.80,565.16,22.33,71.33,1,1,-1,-1
194,776,1132.44,539.70,26.13,63.97,1,1,-1,-1
194,775,151.87,554.53,27.32,78.14,1,1,-1,-1
195,794,934.29,521.27,26.08,67.49,1,1,-1,-1
195,788,1601.65,550.14,64.12,133.30,1,1,-1,-1
195,784,120.76,564.99,21.31,70.06,1,1,-1,-1
195,775,146.91,555.63,27.25,78.71,1,1,-1,-1
196,796,1148.19,523.77,29.74,81.36,1,1,-1,-1
196,794,933.89,521.15,27.13,68.62,1,1,-1,-1
196,784,116.21,567.08,20.68,69.40,1,1,-1,-1
196,780,217.40,563.23,20.34,74.44,1,1,-1,-1
197,794,933.46,523.16,25.34,67.01,1,1,-1,-1
197,784,110.72,567.36,20.30,69.41,1,1,-1,-1
197,780,213.45,563.88,20.21,75.26,1,1,-1,-1
198,809,1162.81,523.25,28.67,72.42,1,1,-1,-1
198,780,209.53,564.64,20.12,75.86,1,1,-1,-1
198,776,1121.12,540.99,26.72,63.51,1,1,-1,-1
199,807,962.69,526.84,17.19,55.09,1,1,-1,-1
199,790,1001.14,524.20,26.45,61.43,1,1,-1,-1
199,788,1609.10,548.78,63.67,131.72,1,1,-1,-1
199,777,1341.07,545.02,48.31,125.37,1,1,-1,-1
199,776,1116.83,549.36,24.17,57.40,1,1,-1,-1
200,813,205.00,576.00,24.00,73.00,1,1,-1,-1
200,807,961.13,526.74,17.60,55.57,1,1,-1,-1
200,806,900.77,528.37,25.87,58.20,1,1,-1,-1
200,790,998.72,524.31,27.41,61.52,1,1,-1,-1
201,813,200.97,577.16,24.05,73.46,1,1,-1,-1
201,806,898.33,529.01,24.52,55.44,1,1,-1,-1
201,784,90.30,572.12,21.60,73.51,1,1,-1,-1
202,813,196.39,577.95,24.49,74.12,1,1,-1,-1
202,806,896.31,530.24,23.74,53.89,1,1,-1,-1
202,784,85.18,573.07,22.72,75.73,1,1,-1,-1
203,813,192.14,578.84,24.74,74.41,1,1,-1,-1
203,784,79.94,573.46,23.51,77.74,1,1,-1,-1
203,776,1109.48,543.65,27.43,63.67,1,1,-1,-1
204,813,188.03,579.78,24.89,74.53,1,1,-1,-1
204,776,1106.39,543.46,27.69,65.07,1,1,-1,-1
205,813,183.97,580.76,24.98,74.56,1,1,-1,-1
205,776,1103.12,543.38,27.57,66.24,1,1,-1,-1
206,776,1099.49,543.64,26.60,67.36,1,1,-1,-1
207,831,1334.44,549.05,49.39,130.24,1,1,-1,-1
207,823,186.17,574.09,28.66,75.59,1,1,-1,-1
207,776,1097.43,543.69,26.47,67.86,1,1,-1,-1
208,823,182.78,575.09,28.52,75.83,1,1,-1,-1
208,776,1095.08,543.40,25.80,68.63,1,1,-1,-1
209,776,1093.09,543.32,25.32,69.49,1,1,-1,-1
210,776,1091.38,543.07,25.26,70.22,1,1,-1,-1
211,848,160.00,584.24,24.22,76.67,1,1,-1,-1
211,831,1331.80,550.69,50.12,130.68,1,1,-1,-1
212,848,157.07,578.78,23.45,77.74,1,1,-1,-1
212,845,1110.30,536.92,25.10,78.98,1,1,-1,-1
213,849,942.24,533.41,21.28,57.17,1,1,-1,-1
213,848,154.12,585.50,24.00,77.54,1,1,-1,-1
213,845,1108.17,538.41,25.59,80.57,1,1,-1,-1
214,848,151.07,588.73,24.37,77.70,1,1,-1,-1
214,845,1106.77,540.78,25.86,81.46,1,1,-1,-1
215,847,49.37,571.12,28.68,86.98,1,1,-1,-1
215,845,1105.79,540.80,26.40,82.60,1,1,-1,-1
215,831,1334.23,551.85,45.17,119.34,1,1,-1,-1
216,845,1104.91,540.14,27.13,84.18,1,1,-1,-1
218,872,963.00,533.00,22.00,66.00,1,1,-1,-1
218,869,824.88,520.65,14.17,46.64,1,1,-1,-1
218,848,140.94,582.59,24.92,80.30,1,1,-1,-1
219,878,1071.99,548.26,28.08,71.33,1,1,-1,-1
219,872,963.00,533.00,22.00,66.00,1,1,-1,-1
219,869,824.88,519.71,14.19,47.54,1,1,-1,-1
219,848,138.17,587.82,25.33,80.25,1,1,-1,-1
220,878,1073.42,544.95,26.72,71.14,1,1,-1,-1
220,872,963.00,533.00,22.00,66.00,1,1,-1,-1
220,848,135.85,590.63,25.61,80.50,1,1,-1,-1
221,880,-9.13,590.16,20.00,77.00,1,1,-1,-1
221,878,1072.59,543.95,26.02,71.80,1,1,-1,-1
221,873,980.97,530.27,25.05,63.63,1,1,-1,-1
221,872,963.00,533.00,22.00,66.00,1,1,-1,-1
222,873,980.97,530.03,25.06,63.80,1,1,-1,-1
222,872,963.00,533.00,22.00,66.00,1,1,-1,-1
223,873,980.97,529.94,25.06,63.90,1,1,-1,-1
224,891,1047.95,527.13,24.09,66.84,1,1,-1,-1
224,890,140.00,584.39,30.00,81.00,1,1,-1,-1
224,888,930.81,532.36,21.69,67.92,1,1,-1,-1
224,873,980.97,529.91,25.06,63.96,1,1,-1,-1
225,891,1043.64,535.03,21.78,61.22,1,1,-1,-1
225,890,137.35,585.40,30.52,81.90,1,1,-1,-1
225,888,931.20,532.53,21.67,68.15,1,1,-1,-1
225,878,1063.47,547.27,31.51,76.08,1,1,-1,-1
226,895,1351.98,552.62,51.09,137.82,1,1,-1,-1
226,891,1046.67,530.63,22.79,64.19,1,1,-1,-1
226,890,135.05,585.86,30.89,83.12,1,1,-1,-1
226,888,932.77,532.54,21.79,68.97,1,1,-1,-1
227,888,933.96,530.74,23.40,70.70,1,1,-1,-1
227,862,-5.93,590.16,30.53,92.25,1,1,-1,-1
228,897,120.67,599.70,27.06,83.05,1,1,-1,-1
228,876,878.53,533.71,21.13,61.23,1,1,-1,-1
228,873,982.55,530.01,24.52,63.84,1,1,-1,-1
228,862,-4.92,587.92,29.50,91.27,1,1,-1,-1
229,897,117.82,591.74,26.47,84.09,1,1,-1,-1
229,878,1067.36,545.79,26.76,74.99,1,1,-1,-1
229,876,878.84,533.63,21.07,61.64,1,1,-1,-1
229,862,-8.38,590.85,29.75,91.81,1,1,-1,-1
230,895,1361.13,553.97,51.59,139.35,1,1,-1,-1
230,878,1067.44,545.71,26.51,75.42,1,1,-1,-1
230,876,879.61,533.71,21.04,62.24,1,1,-1,-1
230,862,-12.79,588.15,28.98,91.03,1,1,-1,-1
231,911,829.08,521.23,16.80,51.63,1,1,-1,-1
231,878,1067.53,545.11,26.35,76.05,1,1,-1,-1
231,876,880.57,532.97,21.02,62.68,1,1,-1,-1
231,862,-16.21,586.58,28.43,90.47,1,1,-1,-1
232,911,829.29,520.13,16.92,51.63,1,1,-1,-1
232,909,966.98,531.94,21.71,68.33,1,1,-1,-1
232,878,1067.60,544.96,26.25,76.81,1,1,-1,-1
233,916,1050.92,525.27,23.06,70.52,1,1,-1,-1
235,897,109.64,587.90,26.64,87.66,1,1,-1,-1
235,876,885.90,531.15,21.51,63.12,1,1,-1,-1
236,919,1011.33,527.52,28.70,69.11,1,1,-1,-1
239,934,1122.13,530.47,30.97,93.87,1,1,-1,-1
239,924,120.76,586.60,30.18,87.20,1,1,-1,-1
239,876,889.55,530.17,23.35,60.96,1,1,-1,-1
240,939,1856.46,532.84,71.24,157.07,1,1,-1,-1
240,934,1122.70,529.35,32.82,96.12,1,1,-1,-1
240,926,1160.56,522.45,25.53,81.87,1,1,-1,-1
241,939,1869.01,534.75,68.63,155.62,1,1,-1,-1
241,934,1123.73,529.24,34.60,97.10,1,1,-1,-1
241,926,1164.64,522.39,25.33,82.02,1,1,-1,-1
241,878,1068.34,542.40,29.23,84.61,1,1,-1,-1
242,941,1269.03,563.67,59.94,142.40,1,1,-1,-1
242,939,1880.99,532.91,67.58,155.60,1,1,-1,-1
242,934,1124.30,528.91,36.82,98.04,1,1,-1,-1
243,945,1407.04,548.06,50.78,144.69,1,1,-1,-1
243,941,1275.32,565.53,60.53,142.93,1,1,-1,-1
243,939,1895.13,530.36,66.61,155.90,1,1,-1,-1
244,950,1076.73,541.21,31.19,86.14,1,1,-1,-1
244,947,115.15,583.13,35.41,96.69,1,1,-1,-1
244,946,106.92,586.59,27.39,89.90,1,1,-1,-1
244,945,1412.06,549.78,49.44,144.76,1,1,-1,-1
244,941,1282.01,567.64,60.90,143.51,1,1,-1,-1
245,950,1079.91,540.81,31.61,86.89,1,1,-1,-1
245,947,107.33,595.82,32.89,92.89,1,1,-1,-1
245,946,107.78,586.45,27.30,90.60,1,1,-1,-1
245,945,1419.26,558.85,49.71,151.74,1,1,-1,-1
245,941,1288.86,569.80,61.15,144.16,1,1,-1,-1
246,950,1080.73,542.15,31.83,87.21,1,1,-1,-1
246,947,105.70,601.36,31.02,90.76,1,1,-1,-1
246,946,114.55,583.21,30.98,96.09,1,1,-1,-1
246,945,1423.55,553.69,48.46,150.62,1,1,-1,-1
246,941,1297.25,568.36,61.82,146.51,1,1,-1,-1
247,950,1084.58,541.74,32.34,87.65,1,1,-1,-1
247,946,117.73,582.13,33.21,98.84,1,1,-1,-1
247,945,1429.32,551.68,48.01,150.29,1,1,-1,-1
247,944,1073.16,520.10,23.62,71.96,1,1,-1,-1
247,941,1306.07,568.63,62.17,147.63,1,1,-1,-1
248,950,1085.73,542.45,32.69,88.20,1,1,-1,-1
248,946,119.80,581.87,34.61,100.44,1,1,-1,-1
249,950,1086.09,538.63,38.86,103.40,1,1,-1,-1
249,946,121.43,582.54,35.14,100.99,1,1,-1,-1
250,950,1091.48,538.06,37.85,99.13,1,1,-1,-1
250,946,123.20,584.01,35.45,100.85,1,1,-1,-1
251,961,110.89,592.00,27.00,93.00,1,1,-1,-1
251,950,1095.54,538.69,37.15,96.52,1,1,-1,-1
251,941,1339.75,570.64,62.41,146.97,1,1,-1,-1
252,961,112.66,593.00,27.00,93.00,1,1,-1,-1
252,950,1099.23,539.30,36.98,94.77,1,1,-1,-1
255,968,944.20,531.05,25.00,67.00,1,1,-1,-1
256,967,-5.50,602.75,30.25,104.16,1,1,-1,-1
256,961,120.84,611.53,28.78,95.27,1,1,-1,-1
257,967,-3.75,604.88,30.83,104.11,1,1,-1,-1
257,966,1242.24,517.87,24.66,74.63,1,1,-1,-1
258,975,905.72,516.60,22.50,49.08,1,1,-1,-1
258,967,-2.08,605.08,30.79,103.59,1,1,-1,-1
258,966,1249.37,517.51,24.14,73.71,1,1,-1,-1
259,968,963.97,530.97,25.00,67.00,1,1,-1,-1
259,967,-0.20,605.19,30.74,103.16,1,1,-1,-1
260,979,131.13,602.70,28.05,92.68,1,1,-1,-1
260,961,130.79,615.80,29.18,96.59,1,1,-1,-1
261,985,-10.12,607.68,32.94,102.48,1,1,-1,-1
261,979,134.22,604.23,27.89,93.17,1,1,-1,-1
261,961,132.88,616.02,29.22,97.00,1,1,-1,-1
262,980,1143.06,546.94,38.81,94.48,1,1,-1,-1
262,979,136.65,603.79,27.82,93.61,1,1,-1,-1
262,975,926.54,516.92,22.28,49.96,1,1,-1,-1
262,961,135.57,615.96,29.24,97.27,1,1,-1,-1
263,980,1148.92,547.63,39.10,95.75,1,1,-1,-1
263,961,137.82,616.00,29.26,97.75,1,1,-1,-1
264,991,1536.13,544.44,83.49,165.02,1,1,-1,-1
264,980,1154.83,548.51,39.27,96.87,1,1,-1,-1
265,993,1170.40,538.10,41.93,103.46,1,1,-1,-1
265,991,1511.75,518.90,111.05,215.11,1,1,-1,-1
265,980,1160.78,549.47,39.39,97.91,1,1,-1,-1
266,980,1166.76,550.97,39.44,98.59,1,1,-1,-1
267,980,1172.91,552.81,39.80,99.50,1,1,-1,-1
267,961,148.88,600.26,29.25,98.01,1,1,-1,-1
268,980,1178.91,552.17,40.05,100.40,1,1,-1,-1
268,961,151.66,608.66,29.25,98.51,1,1,-1,-1
269,993,1206.23,543.43,32.20,83.14,1,1,-1,-1
269,991,1568.70,536.76,96.64,188.51,1,1,-1,-1
269,980,1185.05,550.54,40.54,101.42,1,1,-1,-1
269,975,963.30,519.66,22.07,49.39,1,1,-1,-1
269,961,153.94,611.27,29.25,99.15,1,1,-1,-1
270,1003,25.57,607.60,30.64,101.55,1,1,-1,-1
270,961,156.70,602.79,29.24,99.31,1,1,-1,-1
271,1003,28.17,605.67,30.25,100.13,1,1,-1,-1
271,961,159.15,599.49,29.52,99.48,1,1,-1,-1
272,1006,1613.19,548.32,62.88,182.92,1,1,-1,-1
273,1006,1630.33,537.13,61.55,178.93,1,1,-1,-1
274,1010,1115.01,532.47,21.80,72.68,1,1,-1,-1
274,1009,1365.56,525.34,28.89,84.32,1,1,-1,-1
274,1001,1045.24,529.13,24.21,70.17,1,1,-1,-1
275,1015,1211.93,553.90,43.10,104.31,1,1,-1,-1
275,1010,1120.32,531.89,22.39,73.53,1,1,-1,-1
275,1009,1373.51,524.52,27.98,83.95,1,1,-1,-1
275,1003,33.55,603.69,28.28,99.35,1,1,-1,-1
276,1010,1125.49,531.48,23.12,74.23,1,1,-1,-1
277,1012,176.86,607.32,29.10,102.32,1,1,-1,-1
277,1010,1130.57,530.63,23.96,75.16,1,1,-1,-1
277,961,174.19,594.83,30.59,101.08,1,1,-1,-1
278,1020,1099.96,528.15,36.05,76.72,1,1,-1,-1
281,1027,1717.51,546.90,64.59,186.96,1,1,-1,-1
281,1015,1236.09,558.41,44.54,107.85,1,1,-1,-1
281,1008,205.94,596.55,36.46,106.24,1,1,-1,-1
282,1027,1725.89,547.67,64.51,187.26,1,1,-1,-1
282,1015,1240.73,558.47,44.87,108.66,1,1,-1,-1
282,1008,208.97,598.02,36.77,106.61,1,1,-1,-1
283,1032,1100.42,527.53,23.69,62.10,1,1,-1,-1
283,1008,212.59,599.52,37.00,107.48,1,1,-1,-1
284,1008,215.13,600.12,37.16,108.35,1,1,-1,-1
285,1037,1168.60,530.76,23.03,76.34,1,1,-1,-1
285,961,193.75,613.81,31.83,104.52,1,1,-1,-1
286,1037,1173.92,529.53,22.62,76.77,1,1,-1,-1
286,961,195.90,619.18,31.67,105.16,1,1,-1,-1
287,1035,1870.30,623.59,96.04,237.88,1,1,-1,-1
287,961,197.96,622.36,31.55,105.62,1,1,-1,-1
288,1035,1892.34,621.88,95.48,239.55,1,1,-1,-1
288,961,199.99,624.73,31.47,105.95,1,1,-1,-1
290,1042,1322.91,533.40,38.69,126.87,1,1,-1,-1
290,1008,228.11,604.20,37.47,113.16,1,1,-1,-1
291,1046,1850.83,541.91,75.89,202.17,1,1,-1,-1
291,1008,230.76,604.99,37.46,113.76,1,1,-1,-1
292,1051,1082.94,511.24,23.93,46.47,1,1,-1,-1
292,1008,232.98,606.01,37.46,114.48,1,1,-1,-1
293,1045,1289.03,540.98,59.86,116.50,1,1,-1,-1
295,1064,1300.07,563.87,47.70,119.32,1,1,-1,-1
295,1057,1269.91,533.10,31.36,92.22,1,1,-1,-1
296,1064,1304.04,565.92,47.99,120.03,1,1,-1,-1
297,1064,1308.15,567.72,48.54,120.67,1,1,-1,-1
298,1069,224.71,615.46,33.96,112.70,1,1,-1,-1
298,1064,1312.08,569.22,48.94,121.71,1,1,-1,-1
299,1074,1193.32,528.96,23.00,50.00,1,1,-1,-1
300,1077,222.46,607.28,35.35,117.52,1,1,-1,-1
300,1074,1198.37,530.75,23.00,50.00,1,1,-1,-1
301,1077,222.25,627.64,34.24,115.25,1,1,-1,-1
301,1076,1399.86,554.63,46.03,121.02,1,1,-1,-1
301,1074,1204.07,531.99,23.00,50.00,1,1,-1,-1
302,1077,222.19,636.18,33.54,113.89,1,1,-1,-1
302,1069,247.56,618.43,35.12,115.10,1,1,-1,-1
303,1077,225.45,625.93,34.34,115.50,1,1,-1,-1
305,1091,45.23,639.00,50.52,121.00,1,1,-1,-1
305,1076,1424.80,562.49,48.70,123.38,1,1,-1,-1
306,1092,63.14,636.95,45.96,118.94,1,1,-1,-1
306,1091,44.02,636.02,50.35,121.25,1,1,-1,-1
306,1087,1147.14,525.07,24.86,56.51,1,1,-1,-1
306,1076,1431.24,565.53,48.89,124.79,1,1,-1,-1
307,1091,44.23,634.70,49.93,121.92,1,1,-1,-1
307,1087,1151.11,526.15,25.03,56.66,1,1,-1,-1
307,1077,227.54,625.49,36.15,118.69,1,1,-1,-1
307,1076,1437.39,568.55,48.99,126.02,1,1,-1,-1
308,1105,1637.89,541.27,35.00,110.00,1,1,-1,-1
308,1091,43.00,638.91,49.60,122.05,1,1,-1,-1
308,1087,1154.38,525.73,25.13,56.72,1,1,-1,-1
308,1077,227.50,626.80,36.33,119.22,1,1,-1,-1
309,1105,1645.87,544.40,34.24,106.73,1,1,-1,-1
309,1077,227.58,628.48,36.76,119.67,1,1,-1,-1
310,1106,256.73,627.04,36.31,124.73,1,1,-1,-1
310,1105,1651.00,544.17,34.57,108.03,1,1,-1,-1
310,1077,227.50,629.88,37.05,120.23,1,1,-1,-1
311,1115,1339.83,542.50,29.39,82.90,1,1,-1,-1
311,1114,1442.17,556.29,30.49,96.88,1,1,-1,-1
311,1076,1462.78,576.39,50.16,130.39,1,1,-1,-1
312,1114,1447.62,556.92,27.87,94.60,1,1,-1,-1
312,1091,38.77,642.71,49.98,127.31,1,1,-1,-1
313,1117,1467.46,578.12,38.03,112.66,1,1,-1,-1
313,1091,37.38,643.81,50.48,128.90,1,1,-1,-1
314,1117,1472.60,580.51,36.94,111.86,1,1,-1,-1
314,1108,1272.62,548.03,33.49,63.46,1,1,-1,-1
315,1121,1389.30,542.66,29.13,72.67,1,1,-1,-1
315,1108,1276.12,547.84,33.73,63.22,1,1,-1,-1
315,1104,228.46,679.81,27.31,100.44,1,1,-1,-1
316,1121,1393.08,542.28,30.24,71.33,1,1,-1,-1
316,1114,1471.37,558.09,26.34,97.91,1,1,-1,-1
317,1133,1407.09,542.15,28.66,67.93,1,1,-1,-1
317,1132,1359.14,543.67,34.11,88.26,1,1,-1,-1
317,1121,1396.36,543.44,30.35,71.95,1,1,-1,-1
317,1094,1348.24,576.28,61.24,151.06,1,1,-1,-1
318,1133,1411.56,542.94,29.25,72.06,1,1,-1,-1
318,1132,1363.50,544.76,33.59,87.98,1,1,-1,-1
318,1094,1347.95,577.46,66.60,151.72,1,1,-1,-1
319,1132,1368.49,546.13,33.20,87.13,1,1,-1,-1
320,1144,1351.19,548.75,26.92,63.48,1,1,-1,-1
320,1140,256.96,632.03,37.07,133.84,1,1,-1,-1
320,1114,1502.66,573.42,24.36,92.70,1,1,-1,-1
321,1140,256.94,632.34,37.11,134.41,1,1,-1,-1
321,1138,43.26,654.26,47.02,123.56,1,1,-1,-1
322,1150,1420.20,573.14,66.83,158.74,1,1,-1,-1
322,1146,224.63,639.39,39.97,127.93,1,1,-1,-1
322,1138,40.86,653.21,48.33,126.03,1,1,-1,-1
323,1138,39.79,653.40,48.72,127.11,1,1,-1,-1
324,1154,1310.99,541.50,42.26,74.36,1,1,-1,-1
324,1147,1407.41,606.71,59.11,143.89,1,1,-1,-1
325,1147,1412.35,605.98,61.15,147.04,1,1,-1,-1
325,1137,13.37,646.90,54.47,141.55,1,1,-1,-1
326,1159,1356.94,547.13,24.00,64.00,1,1,-1,-1
326,1147,1418.85,605.72,63.17,150.16,1,1,-1,-1
326,1146,211.37,662.23,33.29,122.18,1,1,-1,-1
326,1137,9.90,646.90,53.90,141.74,1,1,-1,-1
327,1163,1484.59,559.33,25.87,78.37,1,1,-1,-1
327,1159,1359.29,545.67,24.46,64.42,1,1,-1,-1
327,1147,1424.60,606.62,60.95,149.91,1,1,-1,-1
327,1146,208.36,664.34,31.86,121.23,1,1,-1,-1
327,1137,5.44,646.17,53.50,141.88,1,1,-1,-1
328,1165,1523.97,544.58,28.00,77.94,1,1,-1,-1
328,1146,205.55,665.15,30.96,121.17,1,1,-1,-1
329,1172,1385.00,542.00,26.00,63.00,1,1,-1,-1
329,1146,202.08,664.05,30.38,121.65,1,1,-1,-1
330,1175,1435.29,541.00,29.70,74.57,1,1,-1,-1
330,1172,1386.44,539.22,26.00,63.00,1,1,-1,-1
330,1146,198.49,662.74,30.34,122.76,1,1,-1,-1
331,1179,1234.68,516.35,24.00,57.00,1,1,-1,-1
331,1178,1466.49,530.30,29.62,83.80,1,1,-1,-1
331,1172,1388.23,536.98,26.00,63.00,1,1,-1,-1
331,1146,194.78,661.32,30.66,124.19,1,1,-1,-1
331,1114,1551.69,570.95,53.89,157.99,1,1,-1,-1
332,1179,1235.50,514.69,24.00,57.00,1,1,-1,-1
332,1172,1390.14,534.92,26.00,63.00,1,1,-1,-1
332,1165,1542.37,538.38,29.71,81.88,1,1,-1,-1
333,1186,1293.49,501.90,29.74,57.97,1,1,-1,-1
333,1179,1237.86,509.87,24.00,57.00,1,1,-1,-1
333,1172,1392.10,532.21,26.00,63.00,1,1,-1,-1
334,1194,204.22,653.44,31.82,123.32,1,1,-1,-1
334,1192,1408.51,555.18,68.87,181.16,1,1,-1,-1
334,1182,1399.53,540.12,31.15,81.93,1,1,-1,-1
334,1179,1239.27,508.38,24.00,57.00,1,1,-1,-1
334,1172,1394.07,529.97,26.00,63.00,1,1,-1,-1
335,1195,219.05,621.45,38.16,145.09,1,1,-1,-1
335,1194,200.41,652.58,31.22,123.46,1,1,-1,-1
335,1192,1407.38,555.00,71.96,180.36,1,1,-1,-1
335,1185,-28.71,643.02,55.21,141.36,1,1,-1,-1
335,1182,1406.03,531.32,29.47,76.02,1,1,-1,-1
335,1179,1241.06,507.30,24.00,57.00,1,1,-1,-1
335,1172,1396.06,527.89,26.00,63.00,1,1,-1,-1
335,1114,1562.11,565.96,72.28,164.72,1,1,-1,-1
336,1194,207.43,663.56,31.62,126.45,1,1,-1,-1
336,1192,1408.07,552.15,74.99,180.96,1,1,-1,-1
336,1185,-41.83,643.76,57.63,144.15,1,1,-1,-1
336,1182,1409.93,527.15,28.37,71.30,1,1,-1,-1
336,1172,1398.72,527.22,26.00,63.00,1,1,-1,-1
336,1114,1563.68,564.12,75.30,165.49,1,1,-1,-1
337,1192,1409.51,553.88,76.70,180.42,1,1,-1,-1
337,1182,1411.36,526.18,27.79,69.47,1,1,-1,-1
337,1114,1566.62,559.91,75.96,165.58,1,1,-1,-1
338,1204,1459.07,515.30,34.17,80.51,1,1,-1,-1
338,1202,176.94,633.82,39.00,139.00,1,1,-1,-1
338,1199,1490.60,516.15,26.05,88.96,1,1,-1,-1
338,1192,1411.05,555.70,77.47,180.87,1,1,-1,-1
338,1191,1355.93,566.56,91.54,166.18,1,1,-1,-1
339,1204,1448.56,520.39,35.00,77.94,1,1,-1,-1
339,1199,1491.85,516.68,26.44,89.94,1,1,-1,-1
339,1192,1413.49,558.16,76.07,179.66,1,1,-1,-1
339,1180,1343.45,519.76,45.42,80.21,1,1,-1,-1
340,1208,1332.01,503.14,22.97,55.68,1,1,-1,-1
340,1180,1345.26,519.68,45.39,80.80,1,1,-1,-1
341,1213,1356.66,495.21,23.35,55.12,1,1,-1,-1
341,1211,149.92,668.67,36.12,136.62,1,1,-1,-1
341,1180,1346.89,520.39,46.00,81.64,1,1,-1,-1
341,1179,1256.62,502.41,19.38,54.24,1,1,-1,-1
342,1215,1586.63,582.09,63.58,180.66,1,1,-1,-1
342,1213,1357.27,499.07,21.19,53.17,1,1,-1,-1
342,1195,191.27,636.54,40.89,151.34,1,1,-1,-1
342,1180,1348.85,521.89,46.71,82.23,1,1,-1,-1
343,1199,1515.47,520.80,30.75,96.22,1,1,-1,-1
344,1217,1449.84,534.65,37.61,76.12,1,1,-1,-1
344,1114,1573.76,579.44,60.00,171.72,1,1,-1,-1
345,1217,1449.64,540.01,40.22,78.67,1,1,-1,-1
345,1179,1261.95,514.67,18.31,53.18,1,1,-1,-1
345,1114,1576.72,588.00,59.55,171.25,1,1,-1,-1
346,1217,1450.49,541.37,42.99,81.18,1,1,-1,-1
346,1212,145.49,681.09,33.43,143.07,1,1,-1,-1
346,1114,1578.48,592.93,59.23,171.47,1,1,-1,-1
347,1225,1480.83,533.93,35.08,83.98,1,1,-1,-1
347,1114,1579.77,596.84,58.99,171.90,1,1,-1,-1
348,1225,1483.02,536.17,35.12,84.15,1,1,-1,-1
348,1114,1580.87,600.49,58.82,172.74,1,1,-1,-1
349,1225,1485.03,538.35,35.19,84.64,1,1,-1,-1
349,1114,1581.90,603.80,58.69,173.62,1,1,-1,-1
350,1114,1586.87,616.91,67.62,178.12,1,1,-1,-1
351,1245,1589.82,571.17,45.62,94.23,1,1,-1,-1
351,1241,1518.37,545.28,34.20,88.38,1,1,-1,-1
351,1114,1582.77,613.41,64.52,178.26,1,1,-1,-1
352,1246,113.21,692.90,33.30,148.20,1,1,-1,-1
352,1244,1394.29,607.21,87.88,181.19,1,1,-1,-1
352,1114,1581.95,614.11,61.70,178.58,1,1,-1,-1
353,1246,107.04,694.73,33.23,149.11,1,1,-1,-1
353,1244,1397.35,609.18,84.45,182.73,1,1,-1,-1
353,1229,112.08,705.47,36.41,147.93,1,1,-1,-1
353,1114,1582.36,616.38,59.08,179.03,1,1,-1,-1
354,1253,130.05,672.24,43.90,162.36,1,1,-1,-1
354,1246,99.38,683.06,34.92,152.99,1,1,-1,-1
354,1244,1392.17,614.70,78.31,180.60,1,1,-1,-1
354,1240,1417.61,556.87,35.46,80.07,1,1,-1,-1
354,1114,1582.92,619.22,57.17,179.62,1,1,-1,-1
355,1246,93.41,692.77,34.32,152.68,1,1,-1,-1
355,1244,1386.00,618.41,71.00,178.85,1,1,-1,-1
355,1241,1540.98,547.95,34.74,93.34,1,1,-1,-1
355,1114,1584.07,622.44,55.76,180.57,1,1,-1,-1
356,1246,86.97,697.52,34.32,153.42,1,1,-1,-1
356,1232,1450.99,664.00,75.93,199.79,1,1,-1,-1
357,1259,1375.14,528.65,20.53,54.50,1,1,-1,-1
357,1250,52.85,706.75,41.29,160.59,1,1,-1,-1
357,1246,80.61,687.33,35.42,156.09,1,1,-1,-1
358,1263,1350.99,617.00,55.82,178.55,1,1,-1,-1
358,1246,74.32,684.15,36.15,157.92,1,1,-1,-1
359,1263,1347.75,619.32,52.40,177.59,1,1,-1,-1
359,1246,68.12,683.63,36.63,159.30,1,1,-1,-1
360,1270,1550.98,501.45,47.94,137.37,1,1,-1,-1
360,1263,1344.67,623.28,51.43,179.62,1,1,-1,-1
360,1260,1572.89,638.50,88.63,189.70,1,1,-1,-1
360,1246,61.97,684.13,36.95,160.45,1,1,-1,-1
360,1232,1452.02,677.88,70.74,203.47,1,1,-1,-1
361,1269,1510.93,558.46,36.99,89.09,1,1,-1,-1
361,1260,1578.43,655.24,88.54,193.01,1,1,-1,-1
361,1259,1377.09,534.16,20.70,56.38,1,1,-1,-1
361,1246,55.87,685.20,37.18,161.79,1,1,-1,-1
361,1240,1419.75,573.16,35.21,82.81,1,1,-1,-1
361,1232,1453.04,681.20,69.28,204.79,1,1,-1,-1
362,1269,1513.60,560.75,37.10,89.32,1,1,-1,-1
362,1246,48.48,688.24,37.33,162.97,1,1,-1,-1
362,1232,1453.19,685.43,69.81,206.93,1,1,-1,-1
363,1269,1514.84,560.41,38.39,90.61,1,1,-1,-1
363,1232,1452.89,689.92,72.00,209.55,1,1,-1,-1
364,1282,1544.95,567.00,33.00,101.00,1,1,-1,-1
364,1281,66.87,684.27,47.42,175.48,1,1,-1,-1
364,1280,1650.56,603.43,45.30,141.69,1,1,-1,-1
364,1264,1370.24,570.11,48.09,101.35,1,1,-1,-1
365,1282,1539.99,547.56,34.45,99.36,1,1,-1,-1
365,1281,59.97,687.08,48.00,177.15,1,1,-1,-1
365,1280,1652.05,606.57,48.51,143.64,1,1,-1,-1
365,1260,1581.24,676.06,81.08,200.43,1,1,-1,-1
366,1288,1278.09,554.09,20.00,53.00,1,1,-1,-1
366,1285,1360.96,541.39,22.12,57.15,1,1,-1,-1
366,1284,-19.91,731.44,48.63,168.06,1,1,-1,-1
366,1281,53.66,691.62,48.30,178.22,1,1,-1,-1
366,1260,1580.98,679.32,78.56,202.12,1,1,-1,-1
366,1246,19.86,704.58,36.99,166.72,1,1,-1,-1
367,1292,1419.85,584.81,36.67,89.36,1,1,-1,-1
367,1288,1277.07,554.85,20.00,53.00,1,1,-1,-1
367,1260,1580.61,682.99,76.86,204.13,1,1,-1,-1
367,1246,12.37,708.71,37.15,167.77,1,1,-1,-1
368,1260,1587.42,673.33,69.59,201.50,1,1,-1,-1
369,1286,1571.72,571.13,36.87,98.56,1,1,-1,-1
370,1301,1374.14,577.94,48.77,103.86,1,1,-1,-1
370,1300,1326.94,645.71,67.35,203.52,1,1,-1,-1
371,1303,1345.10,541.96,30.94,61.12,1,1,-1,-1
371,1301,1374.92,579.23,48.97,104.48,1,1,-1,-1
372,1307,1736.25,606.35,55.84,157.18,1,1,-1,-1
372,1302,1690.17,596.84,50.60,132.61,1,1,-1,-1
372,1301,1382.03,569.47,47.07,106.35,1,1,-1,-1
372,1281,11.31,718.74,48.58,182.32,1,1,-1,-1
373,1309,1559.09,581.07,33.00,101.00,1,1,-1,-1
374,1314,1557.68,683.29,108.99,214.61,1,1,-1,-1
374,1309,1559.07,579.23,33.00,101.00,1,1,-1,-1
374,1308,1510.58,573.95,35.92,100.90,1,1,-1,-1
375,1314,1552.62,691.53,115.04,222.90,1,1,-1,-1
375,1309,1559.21,577.77,33.42,101.41,1,1,-1,-1
375,1308,1511.23,573.26,36.65,101.75,1,1,-1,-1
376,1314,1550.13,694.65,114.04,224.59,1,1,-1,-1
377,1319,1416.84,587.76,33.60,93.37,1,1,-1,-1
378,1324,1528.17,567.33,31.58,95.25,1,1,-1,-1
378,1320,1578.66,566.45,35.73,103.81,1,1,-1,-1
378,1307,1760.85,603.59,51.41,138.57,1,1,-1,-1
379,1307,1764.67,603.05,50.42,137.55,1,1,-1,-1
380,1307,1768.91,602.27,50.10,137.12,1,1,-1,-1
381,1307,1773.56,601.20,50.86,137.29,1,1,-1,-1
382,1314,1555.90,693.81,67.97,204.93,1,1,-1,-1
382,1307,1775.66,601.17,51.44,138.03,1,1,-1,-1
383,1339,1345.91,535.10,20.15,60.35,1,1,-1,-1
383,1307,1777.03,601.37,52.20,139.28,1,1,-1,-1
384,1345,1551.95,571.25,33.07,97.45,1,1,-1,-1
384,1307,1778.10,601.59,53.07,140.87,1,1,-1,-1
385,1345,1550.78,571.97,32.43,96.63,1,1,-1,-1
386,1345,1550.15,572.71,32.17,96.57,1,1,-1,-1
386,1342,1352.40,563.99,49.00,106.00,1,1,-1,-1
387,1353,1562.31,551.40,40.81,116.42,1,1,-1,-1
387,1342,1349.08,563.77,49.00,106.00,1,1,-1,-1
387,1341,1305.98,658.59,47.69,208.53,1,1,-1,-1
388,1341,1288.80,653.94,55.69,228.83,1,1,-1,-1
389,1359,1331.31,535.13,24.32,80.60,1,1,-1,-1
389,1351,1501.08,690.89,97.56,247.44,1,1,-1,-1
389,1341,1271.64,651.91,63.28,239.61,1,1,-1,-1
390,1351,1499.94,689.01,98.56,246.72,1,1,-1,-1
390,1341,1258.18,652.29,68.88,244.63,1,1,-1,-1
391,1351,1487.17,689.53,101.92,248.54,1,1,-1,-1
391,1341,1249.32,653.61,72.71,248.74,1,1,-1,-1
392,1351,1478.08,690.98,105.94,250.99,1,1,-1,-1
393,1371,1304.10,529.67,23.90,69.57,1,1,-1,-1
393,1369,1733.88,606.45,71.93,177.26,1,1,-1,-1
393,1364,1471.84,563.27,42.91,105.46,1,1,-1,-1
393,1351,1467.09,693.80,106.63,252.20,1,1,-1,-1
394,1373,1419.45,725.88,76.23,251.93,1,1,-1,-1
394,1364,1465.71,563.53,43.04,105.59,1,1,-1,-1
395,1373,1405.13,726.30,78.89,260.63,1,1,-1,-1
396,1370,1779.36,605.63,61.56,157.66,1,1,-1,-1
397,1379,1372.48,565.72,50.25,111.68,1,1,-1,-1
397,1370,1773.86,592.69,75.55,195.16,1,1,-1,-1
398,1379,1364.62,565.60,51.04,112.41,1,1,-1,-1
398,1370,1772.02,595.57,74.24,184.02,1,1,-1,-1
399,1384,1181.33,662.16,61.66,264.09,1,1,-1,-1
399,1373,1344.43,727.07,101.59,289.88,1,1,-1,-1
399,1367,1448.48,560.12,41.78,101.42,1,1,-1,-1
400,1389,1381.73,710.14,75.48,256.54,1,1,-1,-1
400,1373,1328.99,728.36,108.50,294.53,1,1,-1,-1
401,1373,1313.24,730.40,115.39,298.19,1,1,-1,-1
404,1394,1456.52,550.49,47.29,129.68,1,1,-1,-1
405,1408,1397.12,557.87,42.02,103.99,1,1,-1,-1
406,1408,1385.51,557.58,43.12,105.55,1,1,-1,-1
407,1411,1215.17,749.42,116.07,306.81,1,1,-1,-1
407,1408,1374.15,557.01,43.80,107.00,1,1,-1,-1
408,1414,972.59,670.26,81.89,260.60,1,1,-1,-1
408,1412,1232.42,850.44,99.05,272.78,1,1,-1,-1
408,1411,1195.18,753.12,115.65,308.84,1,1,-1,-1
408,1408,1362.39,556.73,44.57,108.36,1,1,-1,-1
409,1419,1257.50,560.27,52.73,123.70,1,1,-1,-1
409,1411,1175.82,757.27,114.98,310.52,1,1,-1,-1
409,1408,1351.18,556.56,45.42,109.64,1,1,-1,-1
410,1425,1657.50,619.45,67.98,184.95,1,1,-1,-1
410,1408,1340.16,557.15,46.32,110.85,1,1,-1,-1
411,1408,1315.53,560.95,46.08,113.60,1,1,-1,-1
411,1403,1164.39,563.37,47.75,111.15,1,1,-1,-1
412,1412,1158.98,817.41,123.70,338.01,1,1,-1,-1
412,1408,1311.92,559.07,46.06,114.39,1,1,-1,-1
412,1403,1151.92,565.80,47.34,112.87,1,1,-1,-1
413,1433,1872.95,588.28,56.10,191.39,1,1,-1,-1
413,1431,1137.93,531.11,22.91,58.22,1,1,-1,-1
413,1412,1135.70,818.23,126.25,344.76,1,1,-1,-1
413,1408,1303.72,557.42,46.08,115.84,1,1,-1,-1
414,1427,1126.16,750.68,70.25,292.72,1,1,-1,-1
414,1412,1112.82,820.68,128.19,350.00,1,1,-1,-1
414,1408,1291.80,556.07,46.07,117.13,1,1,-1,-1
415,1427,1103.69,753.61,66.82,297.31,1,1,-1,-1
415,1408,1278.49,554.86,46.05,118.31,1,1,-1,-1
416,1427,1077.98,754.15,64.77,303.64,1,1,-1,-1
416,1408,1264.66,553.74,46.02,119.42,1,1,-1,-1
416,1403,1094.59,550.03,48.50,110.05,1,1,-1,-1
418,1440,1067.51,516.80,24.36,65.60,1,1,-1,-1
419,1449,990.87,833.88,132.16,370.13,1,1,-1,-1
420,1449,962.69,843.55,127.21,367.70,1,1,-1,-1
420,1403,1032.19,547.10,47.85,113.78,1,1,-1,-1
421,1460,977.69,516.08,21.80,59.97,1,1,-1,-1
421,1458,864.19,787.99,120.83,341.03,1,1,-1,-1
421,1457,643.04,662.06,154.43,379.83,1,1,-1,-1
421,1449,938.86,847.34,127.48,371.80,1,1,-1,-1
422,1464,1508.07,625.13,79.75,191.69,1,1,-1,-1
422,1460,961.10,514.45,22.60,60.99,1,1,-1,-1
422,1408,1175.64,547.55,45.90,125.35,1,1,-1,-1
423,1465,604.65,672.57,109.66,311.81,1,1,-1,-1
423,1464,1494.78,626.50,78.32,192.70,1,1,-1,-1
423,1460,943.97,512.03,23.16,62.30,1,1,-1,-1
423,1453,1036.38,544.59,52.84,135.81,1,1,-1,-1
423,1408,1160.56,547.18,45.85,126.34,1,1,-1,-1
424,1465,555.24,669.24,116.38,314.23,1,1,-1,-1
424,1453,1017.50,545.42,52.50,133.87,1,1,-1,-1
424,1408,1149.74,548.41,45.15,123.99,1,1,-1,-1
424,1403,970.24,539.77,48.11,116.13,1,1,-1,-1
425,1453,996.43,546.22,52.33,133.00,1,1,-1,-1
425,1408,1128.21,547.77,45.30,125.32,1,1,-1,-1
425,1403,963.86,549.43,43.42,104.87,1,1,-1,-1
426,1453,977.40,545.71,52.08,130.31,1,1,-1,-1
426,1408,1113.60,548.23,44.77,124.44,1,1,-1,-1
427,1464,1426.97,628.43,82.51,204.55,1,1,-1,-1
427,1458,643.81,817.42,137.56,396.69,1,1,-1,-1
427,1453,958.44,547.06,54.52,128.37,1,1,-1,-1
428,1474,1078.34,546.61,43.76,133.25,1,1,-1,-1
428,1458,604.42,822.89,141.98,403.45,1,1,-1,-1
429,1458,563.99,834.80,146.49,408.95,1,1,-1,-1
430,1458,520.50,844.60,151.10,413.62,1,1,-1,-1
431,1493,307.78,758.95,122.09,259.68,1,1,-1,-1
431,1464,1347.28,613.04,78.01,196.69,1,1,-1,-1
432,1493,264.14,767.74,116.10,275.34,1,1,-1,-1
432,1464,1327.62,606.98,73.15,188.80,1,1,-1,-1
433,1493,214.50,764.40,112.49,291.93,1,1,-1,-1
433,1464,1309.75,607.56,69.81,183.56,1,1,-1,-1
434,1512,690.50,507.38,29.53,64.15,1,1,-1,-1
434,1493,161.92,762.56,106.46,302.52,1,1,-1,-1
434,1464,1290.36,608.90,67.51,180.18,1,1,-1,-1
435,1519,1271.89,654.64,91.63,211.36,1,1,-1,-1
438,1528,235.19,992.47,136.69,361.20,1,1,-1,-1
438,1512,612.93,514.37,26.05,63.29,1,1,-1,-1
439,1512,592.90,513.53,25.56,63.77,1,1,-1,-1
441,1543,837.94,558.55,45.41,143.32,1,1,-1,-1
441,1519,1128.30,669.40,97.01,225.01,1,1,-1,-1
442,1541,1281.00,607.46,80.05,211.10,1,1,-1,-1
444,1553,503.01,572.38,48.89,121.11,1,1,-1,-1
444,1551,702.72,557.71,54.85,157.30,1,1,-1,-1
445,1551,665.13,564.10,63.33,163.91,1,1,-1,-1
446,1560,1036.92,614.66,73.16,206.79,1,1,-1,-1
446,1551,663.22,565.98,54.56,154.87,1,1,-1,-1
447,1560,1013.17,614.91,76.67,211.08,1,1,-1,-1
448,1560,989.93,615.06,79.88,215.01,1,1,-1,-1
448,1558,469.77,561.96,43.68,121.88,1,1,-1,-1
448,1553,398.85,571.03,51.11,123.52,1,1,-1,-1
449,1558,434.40,542.62,44.84,128.18,1,1,-1,-1
449,1553,370.52,570.17,52.02,124.85,1,1,-1,-1
450,1564,395.48,556.47,49.01,117.33,1,1,-1,-1
450,1551,579.71,567.25,42.44,146.15,1,1,-1,-1
452,1519,821.00,682.81,108.24,278.63,1,1,-1,-1
453,1553,243.99,553.44,60.36,140.33,1,1,-1,-1
453,1519,786.69,688.23,106.73,279.27,1,1,-1,-1
454,1553,216.54,560.79,59.67,137.37,1,1,-1,-1
455,1553,201.73,565.46,63.18,145.06,1,1,-1,-1
456,1567,855.64,653.64,86.50,219.96,1,1,-1,-1
458,1591,804.90,621.25,76.01,221.56,1,1,-1,-1
459,1591,772.08,624.69,74.36,215.62,1,1,-1,-1
460,1591,734.34,651.15,84.02,231.14,1,1,-1,-1
461,1591,698.22,662.55,90.01,239.54,1,1,-1,-1
462,1591,660.21,644.70,86.27,231.58,1,1,-1,-1
463,1603,197.27,548.50,76.55,215.68,1,1,-1,-1
463,1591,623.03,641.72,83.78,230.00,1,1,-1,-1
464,1608,149.80,580.84,57.49,167.33,1,1,-1,-1
464,1603,202.34,533.98,99.71,238.41,1,1,-1,-1
464,1591,586.98,642.89,84.88,231.35,1,1,-1,-1
465,1612,46.60,608.87,54.22,123.68,1,1,-1,-1
465,1608,119.97,585.05,57.26,163.96,1,1,-1,-1
465,1591,547.30,645.68,82.56,230.24,1,1,-1,-1
466,1612,12.59,608.16,54.01,122.48,1,1,-1,-1
466,1608,74.77,577.90,63.84,173.65,1,1,-1,-1
466,1591,517.23,670.64,101.24,244.58,1,1,-1,-1
467,1608,34.87,575.49,66.38,176.71,1,1,-1,-1
467,1591,481.03,683.00,112.44,250.86,1,1,-1,-1
468,1608,-2.26,574.49,67.89,178.01,1,1,-1,-1
468,1591,430.07,667.52,102.59,249.21,1,1,-1,-1
469,1591,384.14,661.01,95.55,248.18,1,1,-1,-1
470,1614,284.88,665.68,105.43,266.55,1,1,-1,-1
470,1591,343.95,661.23,88.65,246.73,1,1,-1,-1
471,1614,245.62,667.02,107.71,270.13,1,1,-1,-1
474,1591,142.66,674.84,91.41,263.29,1,1,-1,-1
475,1591,109.26,665.97,86.90,263.60,1,1,-1,-1
476,1617,934.46,853.24,186.65,424.40,1,1,-1,-1
509,1649,1737.59,657.03,86.18,196.53,1,1,-1,-1
510,1649,1702.39,660.43,85.49,196.00,1,1,-1,-1
517,1660,57.65,753.48,137.19,338.37,1,1,-1,-1
521,1673,1249.83,676.08,85.26,194.98,1,1,-1,-1
521,1672,1686.16,726.47,133.82,286.33,1,1,-1,-1
522,1673,1217.64,677.02,85.21,195.07,1,1,-1,-1
523,1673,1184.90,677.98,85.18,195.11,1,1,-1,-1
524,1673,1151.99,678.97,85.15,195.13,1,1,-1,-1
528,1682,1484.64,729.48,111.69,275.05,1,1,-1,-1
529,1682,1454.43,730.10,110.47,276.02,1,1,-1,-1
530,1683,1031.24,687.72,99.37,243.07,1,1,-1,-1
530,1682,1411.13,731.26,120.31,288.29,1,1,-1,-1
531,1682,1376.09,730.84,126.33,296.69,1,1,-1,-1
532,1682,1343.86,733.28,128.22,298.35,1,1,-1,-1
533,1682,1314.32,733.31,129.35,298.98,1,1,-1,-1
536,1689,839.81,709.52,103.75,258.27,1,1,-1,-1
537,1689,804.81,711.60,102.51,260.57,1,1,-1,-1
552,1718,794.46,753.35,138.61,326.67,1,1,-1,-1
553,1718,769.84,754.75,138.14,326.92,1,1,-1,-1
554,1718,745.16,758.24,137.62,325.71,1,1,-1,-1
555,1718,720.53,764.86,137.62,324.80,1,1,-1,-1
556,1723,31.51,801.97,153.77,390.80,1,1,-1,-1
557,1723,-16.79,808.33,152.86,385.32,1,1,-1,-1
562,1733,1413.26,527.09,23.00,75.00,1,1,-1,-1
567,1740,595.54,540.10,37.92,89.80,1,1,-1,-1
568,1740,582.68,539.67,37.07,89.76,1,1,-1,-1
575,1746,1297.02,525.33,30.83,80.66,1,1,-1,-1
576,1746,1291.13,526.83,30.70,81.32,1,1,-1,-1
577,1747,917.97,488.25,24.33,47.56,1,1,-1,-1
577,1746,1284.89,526.98,31.34,82.23,1,1,-1,-1
578,1746,1276.70,526.24,31.73,82.70,1,1,-1,-1
580,1749,260.27,598.87,72.95,154.92,1,1,-1,-1
581,1749,243.65,597.52,75.59,158.64,1,1,-1,-1
584,1752,405.13,533.34,40.17,100.33,1,1,-1,-1
589,1758,840.75,482.45,21.37,50.84,1,1,-1,-1
592,1760,1763.36,577.98,62.89,176.89,1,1,-1,-1
595,1763,818.80,481.94,22.00,52.00,1,1,-1,-1
595,1762,1225.89,522.63,34.00,88.00,1,1,-1,-1
598,1765,-7.16,636.75,103.29,193.57,1,1,-1,-1
599,1763,810.89,481.94,22.00,52.00,1,1,-1,-1
599,1762,1227.00,518.89,32.39,88.62,1,1,-1,-1
600,1767,295.78,499.56,17.25,42.58,1,1,-1,-1
600,1763,809.75,479.37,21.01,52.35,1,1,-1,-1
602,1769,295.09,540.35,44.08,105.98,1,1,-1,-1
605,1770,277.21,501.60,26.00,62.55,1,1,-1,-1
614,1778,1839.54,599.71,62.94,182.54,1,1,-1,-1
617,1782,254.60,530.18,51.96,113.45,1,1,-1,-1
618,1782,251.58,530.47,51.78,114.44,1,1,-1,-1
618,1781,254.64,488.81,22.30,60.38,1,1,-1,-1
618,1778,1859.61,612.28,62.38,197.85,1,1,-1,-1
620,1784,805.48,481.07,21.75,45.60,1,1,-1,-1
624,1786,334.60,476.93,18.62,43.03,1,1,-1,-1
625,1786,333.55,478.93,18.76,43.37,1,1,-1,-1
626,1789,236.57,540.44,48.40,116.70,1,1,-1,-1
626,1786,334.56,478.13,18.84,43.58,1,1,-1,-1
627,1786,335.43,481.97,18.53,43.52,1,1,-1,-1
628,1792,305.30,485.21,25.32,41.10,1,1,-1,-1
628,1791,245.67,502.71,25.93,63.05,1,1,-1,-1
629,1792,308.22,486.50,25.18,41.00,1,1,-1,-1
629,1791,247.39,504.66,25.05,62.29,1,1,-1,-1
630,1792,311.48,488.14,25.53,41.18,1,1,-1,-1
630,1791,249.34,507.19,24.05,60.91,1,1,-1,-1
631,1793,1340.95,532.40,39.82,109.67,1,1,-1,-1
631,1791,251.37,509.98,23.01,59.19,1,1,-1,-1
633,1789,239.80,554.20,54.08,119.41,1,1,-1,-1
634,1789,240.81,554.68,54.55,119.18,1,1,-1,-1
635,1789,242.09,553.59,55.52,119.50,1,1,-1,-1
639,1798,370.79,496.50,18.89,43.16,1,1,-1,-1
640,1800,264.39,525.03,23.67,57.86,1,1,-1,-1
641,1800,266.17,524.33,23.69,58.28,1,1,-1,-1
642,1800,268.11,523.98,23.70,58.59,1,1,-1,-1
647,1802,1491.49,564.49,51.58,130.50,1,1,-1,-1
648,1802,1504.91,565.94,51.81,131.66,1,1,-1,-1
649,1802,1517.81,568.73,51.01,131.48,1,1,-1,-1
653,1807,438.12,490.29,15.53,43.44,1,1,-1,-1
653,1802,1579.43,563.76,50.26,133.30,1,1,-1,-1
655,1805,318.70,519.94,30.03,71.70,1,1,-1,-1
656,1806,324.62,573.24,48.11,130.78,1,1,-1,-1
656,1805,323.76,523.25,29.88,71.86,1,1,-1,-1
657,1806,333.86,576.95,49.54,131.33,1,1,-1,-1
657,1805,331.54,525.43,29.83,72.63,1,1,-1,-1
659,1807,487.32,516.86,14.24,41.09,1,1,-1,-1
666,1822,511.85,508.96,15.00,38.00,1,1,-1,-1
667,1824,1852.06,632.37,53.86,149.17,1,1,-1,-1
667,1822,518.84,507.75,15.00,38.00,1,1,-1,-1
668,1824,1872.67,635.53,53.83,150.05,1,1,-1,-1
668,1822,525.86,505.99,15.00,38.00,1,1,-1,-1
669,1824,1895.02,643.90,53.85,151.31,1,1,-1,-1
670,1823,1080.60,505.48,22.85,64.93,1,1,-1,-1
671,1823,1089.15,503.88,23.46,65.43,1,1,-1,-1
679,1836,540.62,573.07,94.81,147.29,1,1,-1,-1
680,1840,1164.76,501.42,22.88,69.92,1,1,-1,-1
680,1836,554.55,570.41,96.62,146.75,1,1,-1,-1
681,1840,1169.39,513.81,23.49,70.76,1,1,-1,-1
688,1847,668.23,569.22,94.05,150.95,1,1,-1,-1
695,1855,789.24,591.86,79.87,138.84,1,1,-1,-1
696,1855,806.98,592.93,78.68,140.34,1,1,-1,-1
697,1855,820.76,591.28,80.60,143.59,1,1,-1,-1
700,1862,739.95,481.13,19.09,53.84,1,1,-1,-1
701,1863,710.84,482.03,21.11,49.84,1,1,-1,-1
701,1855,877.22,595.27,94.55,157.94,1,1,-1,-1
706,1862,769.58,484.22,19.80,58.91,1,1,-1,-1
707,1862,773.53,485.24,20.01,59.97,1,1,-1,-1
708,1862,777.45,488.61,20.12,60.31,1,1,-1,-1
710,1869,565.90,526.96,44.20,98.83,1,1,-1,-1
711,1869,568.09,529.16,44.25,99.43,1,1,-1,-1
712,1869,570.86,531.00,44.25,99.74,1,1,-1,-1
713,1869,573.78,532.96,44.28,100.32,1,1,-1,-1
716,1874,1365.00,527.08,24.18,57.89,1,1,-1,-1
717,1872,1175.15,634.91,102.26,178.25,1,1,-1,-1
718,1872,1194.98,631.70,102.87,183.42,1,1,-1,-1
723,1879,584.70,551.58,48.43,111.32,1,1,-1,-1
728,1884,1510.47,550.49,28.70,75.39,1,1,-1,-1
729,1884,1518.08,552.66,29.13,75.72,1,1,-1,-1
730,1884,1525.92,554.64,29.40,75.88,1,1,-1,-1
731,1892,1481.52,694.03,149.20,231.38,1,1,-1,-1
732,1893,817.61,528.36,25.08,56.43,1,1,-1,-1
732,1892,1508.76,706.30,139.01,225.94,1,1,-1,-1
733,1893,820.13,526.91,25.62,57.21,1,1,-1,-1
733,1892,1547.12,710.67,133.52,222.98,1,1,-1,-1
734,1892,1584.84,721.44,126.59,221.11,1,1,-1,-1
740,1900,608.77,566.70,49.44,125.53,1,1,-1,-1
740,1898,855.31,531.70,20.00,52.00,1,1,-1,-1
741,1902,1585.41,558.59,35.00,79.00,1,1,-1,-1
741,1900,608.21,567.93,49.40,126.49,1,1,-1,-1
742,1901,1823.44,743.63,151.92,268.11,1,1,-1,-1
745,1904,1505.95,554.73,28.37,74.77,1,1,-1,-1
745,1902,1604.30,565.74,35.00,79.00,1,1,-1,-1
746,1904,1508.99,554.40,28.33,75.03,1,1,-1,-1
746,1902,1608.31,571.24,35.00,79.00,1,1,-1,-1
750,1906,847.15,532.15,25.00,60.00,1,1,-1,-1
