1,2,1109,788,75,85,1,10,-1,-1
1,5,980,332,26,57,1,1,-1,-1
1,22,949,255,24,66,1,1,-1,-1
1,45,1313,735,34,77,1,1,-1,-1
1,89,917,283,23,55,1,1,-1,-1
1,90,913,734,40,67,1,1,-1,-1
1,144,1345,673,28,73,1,1,-1,-1
1,145,749,355,111,77,1,7,-1,-1
1,146,1508,782,39,93,1,2,-1,-1
1,218,975,135,17,46,1,1,-1,-1
1,219,1016,430,35,49,1,2,-1,-1
1,220,1297,140,22,46,1,1,-1,-1
1,221,1409,641,21,56,1,1,-1,-1
1,346,171,483,41,70,1,2,-1,-1
2,2,1109,795,75,84,1,10,-1,-1
2,5,979,333,26,57,1,1,-1,-1
2,12,83,66,120,57,1,4,-1,-1
2,22,948,257,24,66,1,1,-1,-1
2,45,1314,741,34,77,1,1,-1,-1
2,89,908,277,23,53,1,1,-1,-1
2,90,911,742,40,68,1,1,-1,-1
2,91,128,477,36,73,1,1,-1,-1
2,92,388,681,24,55,1,1,-1,-1
2,93,849,512,28,76,1,1,-1,-1
2,144,1348,677,28,73,1,1,-1,-1
2,145,748,358,111,77,1,7,-1,-1
2,146,1494,780,49,102,1,2,-1,-1
2,147,1098,452,29,79,1,1,-1,-1
2,218,974,136,17,46,1,1,-1,-1
2,219,1015,433,35,49,1,2,-1,-1
2,220,1297,140,22,46,1,1,-1,-1
2,221,1410,645,21,56,1,1,-1,-1
2,222,1065,466,29,70,1,1,-1,-1
2,223,1303,181,19,46,1,1,-1,-1
2,346,166,485,43,72,1,2,-1,-1
3,2,1110,802,75,84,1,10,-1,-1
3,5,979,334,26,57,1,1,-1,-1
3,12,95,54,135,54,1,4,-1,-1
3,13,1022,172,18,37,1,1,-1,-1
3,22,947,260,24,66,1,1,-1,-1
3,45,1316,747,34,77,1,1,-1,-1
3,65,36,535,36,75,1,1,-1,-1
3,89,906,280,23,53,1,1,-1,-1
3,90,910,750,39,70,1,1,-1,-1
3,91,138,485,32,65,1,1,-1,-1
3,92,389,689,24,55,1,1,-1,-1
3,93,844,504,25,65,1,1,-1,-1
3,144,1351,681,28,73,1,1,-1,-1
3,145,747,362,112,76,1,7,-1,-1
3,146,1516,796,39,93,1,2,-1,-1
3,147,1099,456,29,79,1,1,-1,-1
3,218,974,137,17,46,1,1,-1,-1
3,219,1015,436,35,49,1,2,-1,-1
3,220,1297,141,22,46,1,1,-1,-1
3,221,1411,649,21,57,1,1,-1,-1
3,222,1065,470,30,70,1,1,-1,-1
3,223,1304,184,19,46,1,1,-1,-1
3,224,1292,740,24,83,1,1,-1,-1
3,346,162,488,45,73,1,2,-1,-1
4,2,1110,809,75,84,1,10,-1,-1
4,5,979,336,25,57,1,1,-1,-1
4,6,935,292,23,56,1,1,-1,-1
4,12,73,65,130,60,1,4,-1,-1
4,13,1020,185,20,41,1,1,-1,-1
4,14,1118,220,22,61,1,1,-1,-1
4,15,1506,761,34,73,1,2,-1,-1
4,22,947,263,24,66,1,1,-1,-1
4,26,882,162,77,80,1,5,-1,-1
4,45,1318,754,34,77,1,1,-1,-1
4,65,27,540,37,75,1,1,-1,-1
4,89,904,283,23,54,1,1,-1,-1
4,90,908,758,40,71,1,1,-1,-1
4,91,120,485,36,72,1,1,-1,-1
4,92,390,697,24,55,1,1,-1,-1
4,93,845,480,32,63,1,1,-1,-1
4,144,1354,685,28,73,1,1,-1,-1
4,145,759,354,115,67,1,7,-1,-1
4,146,1520,804,40,92,1,2,-1,-1
4,147,1100,460,29,79,1,1,-1,-1
4,148,987,414,53,78,1,7,-1,-1
4,218,973,139,17,46,1,1,-1,-1
4,219,1014,439,35,50,1,2,-1,-1
4,220,1297,141,22,47,1,1,-1,-1
4,221,1413,653,21,57,1,1,-1,-1
4,222,1065,474,30,70,1,1,-1,-1
4,223,1304,186,19,46,1,1,-1,-1
4,224,1293,746,24,83,1,1,-1,-1
4,225,723,232,39,54,1,2,-1,-1
4,226,990,144,16,34,1,1,-1,-1
4,346,157,490,47,75,1,2,-1,-1
5,2,1111,816,75,84,1,10,-1,-1
5,5,978,337,26,57,1,1,-1,-1
5,6,929,267,23,68,1,1,-1,-1
5,12,53,34,158,72,1,4,-1,-1
5,13,1022,175,18,37,1,1,-1,-1
5,14,1119,221,22,60,1,1,-1,-1
5,15,1509,767,34,73,1,2,-1,-1
5,22,949,281,25,61,1,1,-1,-1
5,26,882,163,77,81,1,5,-1,-1
5,27,674,191,24,36,1,2,-1,-1
5,45,1320,760,34,77,1,1,-1,-1
5,46,1466,685,34,59,1,1,-1,-1
5,65,18,545,38,75,1,1,-1,-1
5,89,902,286,23,54,1,1,-1,-1
5,90,907,766,39,73,1,1,-1,-1
5,91,116,489,36,72,1,1,-1,-1
5,92,391,705,24,55,1,1,-1,-1
5,93,844,485,32,63,1,1,-1,-1
5,94,393,668,39,80,1,1,-1,-1
5,95,990,113,16,34,1,1,-1,-1
5,144,1352,686,35,67,1,1,-1,-1
5,145,758,357,116,67,1,7,-1,-1
5,146,1513,756,47,98,1,2,-1,-1
5,147,1101,464,29,79,1,1,-1,-1
5,148,987,417,54,78,1,7,-1,-1
5,149,1406,645,36,79,1,1,-1,-1
5,218,973,140,17,46,1,1,-1,-1
5,219,1014,442,35,50,1,2,-1,-1
5,220,1298,142,21,47,1,1,-1,-1
5,221,1414,657,21,58,1,1,-1,-1
5,222,1066,478,30,70,1,1,-1,-1
5,223,1305,189,19,46,1,1,-1,-1
5,224,1295,752,24,83,1,1,-1,-1
5,225,722,241,64,56,1,7,-1,-1
5,226,990,145,16,34,1,1,-1,-1
5,227,1001,328,27,54,1,1,-1,-1
5,228,1066,147,13,35,1,1,-1,-1
5,229,1107,765,31,75,1,1,-1,-1
6,2,1122,825,75,84,1,10,-1,-1
6,5,978,339,25,57,1,1,-1,-1
6,6,928,271,23,67,1,1,-1,-1
6,12,68,68,130,58,1,4,-1,-1
6,13,1022,176,18,37,1,1,-1,-1
6,14,1120,223,22,59,1,1,-1,-1
6,15,1512,773,34,73,1,2,-1,-1
6,22,952,303,21,60,1,1,-1,-1
6,23,1080,444,30,76,1,1,-1,-1
6,26,882,164,76,82,1,5,-1,-1
6,27,679,186,24,36,1,2,-1,-1
6,45,1322,766,34,77,1,1,-1,-1
6,46,1468,691,35,59,1,1,-1,-1
6,47,1372,650,35,61,1,1,-1,-1
6,65,24,559,37,72,1,1,-1,-1
6,89,901,290,22,53,1,1,-1,-1
6,90,905,774,39,74,1,1,-1,-1
6,91,109,494,37,73,1,1,-1,-1
6,92,392,713,24,55,1,1,-1,-1
6,93,842,491,32,63,1,1,-1,-1
6,94,395,676,39,79,1,1,-1,-1
6,95,990,114,16,34,1,1,-1,-1
6,144,1361,694,28,72,1,1,-1,-1
6,145,742,353,104,60,1,7,-1,-1
6,146,1508,793,52,117,1,2,-1,-1
6,147,1102,468,30,79,1,1,-1,-1
6,148,987,420,54,79,1,7,-1,-1
6,149,1425,659,24,68,1,1,-1,-1
6,222,1066,482,30,70,1,1,-1,-1
6,223,1306,191,19,46,1,1,-1,-1
6,224,1296,757,24,83,1,1,-1,-1
6,225,721,236,39,54,1,2,-1,-1
6,226,989,146,16,34,1,1,-1,-1
6,227,1007,339,25,61,1,1,-1,-1
6,228,1058,141,17,40,1,1,-1,-1
6,229,1107,771,32,76,1,1,-1,-1
6,230,1039,179,20,35,1,1,-1,-1
6,231,1052,117,17,33,1,1,-1,-1
6,232,1401,794,41,92,1,1,-1,-1
7,2,1140,859,64,72,1,10,-1,-1
7,5,978,340,25,57,1,1,-1,-1
7,6,927,274,23,66,1,1,-1,-1
7,12,81,57,106,47,1,4,-1,-1
7,13,1022,177,18,37,1,1,-1,-1
7,14,1121,224,22,58,1,1,-1,-1
7,15,1515,779,34,73,1,2,-1,-1
7,22,951,307,22,58,1,1,-1,-1
7,23,1081,447,30,76,1,1,-1,-1
7,26,881,165,77,84,1,5,-1,-1
7,27,683,189,30,40,1,10,-1,-1
7,45,1324,773,34,77,1,1,-1,-1
7,46,1471,697,35,59,1,1,-1,-1
7,47,1375,655,35,61,1,1,-1,-1
7,65,29,533,42,73,1,2,-1,-1
7,89,899,293,22,54,1,1,-1,-1
7,90,904,783,39,75,1,1,-1,-1
7,91,103,499,38,74,1,1,-1,-1
7,92,393,721,24,55,1,1,-1,-1
7,93,841,496,32,63,1,1,-1,-1
7,94,398,684,39,79,1,1,-1,-1
7,95,990,115,16,34,1,1,-1,-1
7,147,1103,472,30,79,1,1,-1,-1
7,148,987,426,62,90,1,7,-1,-1
7,149,1419,667,21,59,1,1,-1,-1
7,224,1297,763,24,83,1,1,-1,-1
7,225,720,239,39,54,1,2,-1,-1
7,226,989,147,16,34,1,1,-1,-1
7,227,1001,334,27,54,1,1,-1,-1
7,228,1058,143,18,39,1,1,-1,-1
7,229,1108,778,31,75,1,1,-1,-1
7,230,1039,180,19,35,1,1,-1,-1
7,231,1051,118,17,33,1,1,-1,-1
7,232,1403,802,41,92,1,1,-1,-1
7,233,867,227,58,54,1,7,-1,-1
7,234,972,143,17,46,1,1,-1,-1
8,2,1113,837,75,84,1,10,-1,-1
8,5,978,342,24,57,1,1,-1,-1
8,6,927,304,23,56,1,1,-1,-1
8,12,71,63,120,53,1,4,-1,-1
8,13,1022,179,18,37,1,1,-1,-1
8,14,1122,225,22,57,1,1,-1,-1
8,15,1518,785,34,73,1,2,-1,-1
8,22,951,310,22,57,1,1,-1,-1
8,23,1081,451,30,75,1,1,-1,-1
8,26,870,176,84,93,1,5,-1,-1
8,27,688,184,30,40,1,10,-1,-1
8,45,1326,779,34,77,1,1,-1,-1
8,46,1475,704,35,59,1,1,-1,-1
8,47,1379,660,35,61,1,1,-1,-1
8,65,22,538,42,73,1,2,-1,-1
8,91,97,504,39,76,1,1,-1,-1
8,92,394,729,24,55,1,1,-1,-1
8,93,823,489,35,72,1,1,-1,-1
8,94,401,693,39,79,1,1,-1,-1
8,95,989,116,16,34,1,1,-1,-1
8,96,1139,834,37,68,1,2,-1,-1
8,148,987,426,55,80,1,7,-1,-1
8,149,1423,673,21,59,1,1,-1,-1
8,150,743,379,116,77,1,7,-1,-1
8,151,1067,490,30,70,1,1,-1,-1
8,225,718,247,64,56,1,7,-1,-1
8,226,988,148,17,34,1,1,-1,-1
8,227,1006,343,25,61,1,1,-1,-1
8,228,1058,144,19,39,1,1,-1,-1
8,229,1109,785,31,75,1,1,-1,-1
8,230,1039,181,19,35,1,1,-1,-1
8,231,1050,119,17,33,1,1,-1,-1
8,232,1405,810,41,92,1,1,-1,-1
8,233,866,229,58,54,1,7,-1,-1
8,234,971,144,17,46,1,1,-1,-1
8,235,411,20,59,50,1,4,-1,-1
8,236,1089,187,57,84,1,5,-1,-1
9,2,1116,846,75,84,1,10,-1,-1
9,5,969,322,32,69,1,1,-1,-1
9,6,925,281,22,63,1,1,-1,-1
9,9,905,304,23,55,1,1,-1,-1
9,12,97,76,105,45,1,4,-1,-1
9,13,1022,180,18,37,1,1,-1,-1
9,14,1123,226,22,57,1,1,-1,-1
9,15,1530,790,42,90,1,2,-1,-1
9,22,950,313,23,56,1,1,-1,-1
9,23,1082,454,30,76,1,1,-1,-1
9,26,839,193,85,78,1,7,-1,-1
9,27,694,180,30,39,1,10,-1,-1
9,45,1328,786,34,77,1,1,-1,-1
9,46,1479,711,35,59,1,1,-1,-1
9,47,1383,666,35,61,1,1,-1,-1
9,65,14,543,43,73,1,2,-1,-1
9,94,404,702,39,79,1,1,-1,-1
9,95,989,117,16,34,1,1,-1,-1
9,96,1141,843,37,68,1,2,-1,-1
9,148,987,429,56,81,1,7,-1,-1
9,149,1427,679,21,59,1,1,-1,-1
9,150,756,371,115,67,1,7,-1,-1
9,151,1067,494,31,70,1,1,-1,-1
9,227,1001,339,27,54,1,1,-1,-1
9,228,1065,154,13,35,1,1,-1,-1
9,229,1107,759,30,67,1,1,-1,-1
9,230,1039,182,19,35,1,1,-1,-1
9,231,1049,120,17,33,1,1,-1,-1
9,232,1407,818,41,92,1,1,-1,-1
9,233,865,231,59,54,1,7,-1,-1
9,234,971,145,17,46,1,1,-1,-1
9,235,409,21,59,50,1,4,-1,-1
9,236,1090,188,57,84,1,5,-1,-1
9,237,1540,840,42,93,1,2,-1,-1
10,2,1120,856,75,84,1,10,-1,-1
10,5,960,333,27,64,1,1,-1,-1
10,6,925,285,21,62,1,1,-1,-1
10,9,904,307,23,55,1,1,-1,-1
10,12,59,74,128,54,1,4,-1,-1
10,13,1022,181,18,37,1,1,-1,-1
10,14,1124,227,22,56,1,1,-1,-1
10,15,1526,799,33,73,1,2,-1,-1
10,22,950,317,23,55,1,1,-1,-1
10,23,1083,458,30,75,1,1,-1,-1
10,26,864,173,72,84,1,5,-1,-1
10,27,699,175,30,38,1,10,-1,-1
10,46,1482,718,35,59,1,1,-1,-1
10,47,1386,671,35,61,1,1,-1,-1
10,65,7,548,43,73,1,2,-1,-1
10,94,407,711,39,79,1,1,-1,-1
10,95,989,118,16,34,1,1,-1,-1
10,96,1143,853,37,68,1,2,-1,-1
10,97,716,251,64,56,1,7,-1,-1
10,149,1430,685,21,59,1,1,-1,-1
10,150,741,386,118,77,1,7,-1,-1
10,151,1067,498,31,70,1,1,-1,-1
10,152,1037,877,44,90,1,1,-1,-1
10,153,1065,809,33,85,1,1,-1,-1
10,154,1106,484,30,79,1,1,-1,-1
10,230,1039,183,19,35,1,1,-1,-1
10,231,1048,121,17,33,1,1,-1,-1
10,232,1409,826,41,92,1,1,-1,-1
10,233,865,234,58,53,1,7,-1,-1
10,234,971,147,17,46,1,1,-1,-1
10,235,392,21,51,44,1,4,-1,-1
10,236,1090,190,57,84,1,5,-1,-1
10,237,1544,848,43,92,1,2,-1,-1
11,2,1123,865,76,84,1,10,-1,-1
11,5,966,323,25,56,1,1,-1,-1
11,6,923,289,21,62,1,1,-1,-1
11,9,902,316,28,67,1,1,-1,-1
11,12,103,74,139,54,1,4,-1,-1
11,13,1022,183,18,37,1,1,-1,-1
11,14,1126,229,21,55,1,1,-1,-1
11,15,1531,808,33,73,1,2,-1,-1
11,22,945,322,30,68,1,1,-1,-1
11,23,1084,462,30,75,1,1,-1,-1
11,26,880,169,76,89,1,5,-1,-1
11,27,705,171,29,37,1,10,-1,-1
11,46,1486,725,35,59,1,1,-1,-1
11,47,1390,677,35,61,1,1,-1,-1
11,94,410,720,39,79,1,1,-1,-1
11,95,989,119,16,34,1,1,-1,-1
11,96,1146,862,37,68,1,2,-1,-1
11,97,717,248,38,54,1,2,-1,-1
11,150,740,390,118,76,1,7,-1,-1
11,151,1068,502,31,70,1,1,-1,-1
11,152,1039,885,43,94,1,1,-1,-1
11,153,1067,819,33,88,1,1,-1,-1
11,154,1093,485,31,81,1,1,-1,-1
11,155,872,223,82,75,1,7,-1,-1
11,156,1013,221,17,39,1,1,-1,-1
11,233,864,236,58,53,1,7,-1,-1
11,234,970,149,17,46,1,1,-1,-1
11,235,405,22,59,51,1,4,-1,-1
11,236,1090,191,57,84,1,5,-1,-1
11,237,1548,855,43,92,1,2,-1,-1
11,238,1335,802,34,77,1,1,-1,-1
12,2,1127,875,76,84,1,10,-1,-1
12,5,969,331,24,51,1,1,-1,-1
12,6,919,319,24,56,1,1,-1,-1
12,9,900,315,23,55,1,1,-1,-1
12,12,103,51,133,52,1,4,-1,-1
12,13,1021,184,18,37,1,1,-1,-1
12,14,1127,230,21,55,1,1,-1,-1
12,15,1536,816,33,73,1,2,-1,-1
12,22,947,325,24,55,1,1,-1,-1
12,23,1085,466,30,75,1,1,-1,-1
12,26,879,170,76,91,1,5,-1,-1
12,27,710,166,29,37,1,10,-1,-1
12,46,1490,732,35,59,1,1,-1,-1
12,47,1394,682,35,61,1,1,-1,-1
12,96,1148,872,37,68,1,2,-1,-1
12,97,713,255,64,56,1,7,-1,-1
12,150,754,381,115,67,1,7,-1,-1
12,151,1068,506,31,70,1,1,-1,-1
12,152,1040,895,43,93,1,1,-1,-1
12,153,1069,831,33,88,1,1,-1,-1
12,154,1108,492,30,79,1,1,-1,-1
12,155,840,227,77,69,1,7,-1,-1
12,156,1012,222,17,39,1,1,-1,-1
12,157,130,526,49,76,1,2,-1,-1
12,158,1160,243,21,45,1,1,-1,-1
12,235,403,23,60,51,1,4,-1,-1
12,236,1090,193,57,84,1,5,-1,-1
12,237,1552,863,44,92,1,2,-1,-1
12,238,1338,811,34,77,1,1,-1,-1
13,2,1123,861,37,87,1,1,-1,-1
13,5,968,334,24,51,1,1,-1,-1
13,6,918,324,23,56,1,1,-1,-1
13,9,889,315,22,54,1,1,-1,-1
13,12,102,52,133,52,1,4,-1,-1
13,13,1021,186,18,36,1,1,-1,-1
13,14,1128,232,21,55,1,1,-1,-1
13,15,1541,825,33,73,1,2,-1,-1
13,16,250,608,75,75,1,10,-1,-1
13,23,1086,471,30,75,1,1,-1,-1
13,26,863,193,84,77,1,7,-1,-1
13,27,716,162,29,36,1,10,-1,-1
13,37,1022,787,39,88,1,1,-1,-1
13,46,1494,739,35,59,1,1,-1,-1
13,47,1398,688,35,61,1,1,-1,-1
13,96,1151,881,36,68,1,2,-1,-1
13,97,712,258,64,56,1,7,-1,-1
13,98,1539,939,47,81,1,1,-1,-1
13,150,753,384,115,67,1,7,-1,-1
13,151,1068,511,31,70,1,1,-1,-1
13,152,1042,906,43,91,1,1,-1,-1
13,153,1069,827,42,107,1,1,-1,-1
13,154,1109,497,30,79,1,1,-1,-1
13,155,850,216,78,71,1,7,-1,-1
13,156,1012,223,17,39,1,1,-1,-1
13,157,124,531,49,76,1,2,-1,-1
13,158,1151,232,24,52,1,1,-1,-1
13,237,1557,871,44,92,1,2,-1,-1
13,238,1342,819,34,77,1,1,-1,-1
13,239,368,766,48,85,1,1,-1,-1
14,2,1121,836,32,75,1,1,-1,-1
14,5,957,332,27,56,1,1,-1,-1
14,6,916,329,24,56,1,1,-1,-1
14,9,896,324,23,55,1,1,-1,-1
14,12,102,52,131,52,1,4,-1,-1
14,13,1020,187,18,37,1,1,-1,-1
14,14,1120,214,26,67,1,1,-1,-1
14,15,1546,833,33,73,1,2,-1,-1
14,16,259,603,75,75,1,10,-1,-1
14,23,1087,476,30,75,1,1,-1,-1
14,26,878,172,76,94,1,5,-1,-1
14,27,722,148,23,36,1,2,-1,-1
14,37,1024,798,39,88,1,1,-1,-1
14,47,1402,694,34,61,1,1,-1,-1
14,96,1153,891,37,68,1,2,-1,-1
14,97,724,262,58,51,1,7,-1,-1
14,98,1548,948,47,81,1,1,-1,-1
14,152,1044,917,43,89,1,1,-1,-1
14,153,1070,863,36,93,1,1,-1,-1
14,154,1110,501,30,79,1,1,-1,-1
14,155,860,247,74,66,1,7,-1,-1
14,156,1012,224,17,40,1,1,-1,-1
14,157,119,537,49,76,1,2,-1,-1
14,158,1151,234,24,52,1,1,-1,-1
14,238,1345,828,34,77,1,1,-1,-1
14,239,370,778,48,85,1,1,-1,-1
15,2,1123,844,32,75,1,1,-1,-1
15,5,966,342,24,51,1,1,-1,-1
15,6,915,334,23,56,1,1,-1,-1
15,9,894,347,27,65,1,1,-1,-1
15,10,967,157,17,46,1,1,-1,-1
15,13,1020,189,18,36,1,1,-1,-1
15,14,1131,236,21,55,1,1,-1,-1
15,15,1551,842,33,73,1,2,-1,-1
15,16,268,599,75,74,1,10,-1,-1
15,23,1088,480,30,76,1,1,-1,-1
15,27,727,144,23,36,1,2,-1,-1
15,37,1026,809,39,88,1,1,-1,-1
15,66,987,447,59,85,1,7,-1,-1
15,67,1138,904,76,84,1,10,-1,-1
15,97,704,253,67,59,1,7,-1,-1
15,98,1557,957,47,81,1,1,-1,-1
15,152,1046,928,42,87,1,1,-1,-1
15,153,1076,870,34,86,1,1,-1,-1
15,154,1110,506,30,79,1,1,-1,-1
15,155,861,244,59,53,1,7,-1,-1
15,156,1012,226,17,39,1,1,-1,-1
15,157,114,542,49,76,1,2,-1,-1
15,158,1151,236,24,52,1,1,-1,-1
15,238,1349,836,34,77,1,1,-1,-1
15,239,372,789,48,85,1,1,-1,-1
15,240,985,129,16,34,1,1,-1,-1
15,241,1076,80,18,30,1,1,-1,-1
16,2,1126,853,32,75,1,1,-1,-1
16,5,965,345,24,51,1,1,-1,-1
16,6,913,339,24,56,1,1,-1,-1
16,9,903,364,27,69,1,1,-1,-1
16,10,966,159,17,46,1,1,-1,-1
16,14,1132,238,21,55,1,1,-1,-1
16,15,1556,850,33,73,1,2,-1,-1
16,16,277,594,74,74,1,10,-1,-1
16,23,1089,485,30,76,1,1,-1,-1
16,37,1028,819,39,88,1,1,-1,-1
16,48,414,801,31,63,1,1,-1,-1
16,66,987,450,59,86,1,7,-1,-1
16,67,1156,927,44,84,1,2,-1,-1
16,97,737,256,65,57,1,7,-1,-1
16,98,1565,973,47,81,1,1,-1,-1
16,155,861,246,58,53,1,7,-1,-1
16,156,1012,227,17,39,1,1,-1,-1
16,157,109,548,49,76,1,2,-1,-1
16,158,1151,238,24,52,1,1,-1,-1
16,239,374,801,48,85,1,1,-1,-1
16,240,985,132,16,34,1,1,-1,-1
16,241,1077,81,18,30,1,1,-1,-1
16,242,999,119,31,40,1,1,-1,-1
16,243,1005,932,36,75,1,1,-1,-1
17,2,1126,863,32,75,1,1,-1,-1
17,3,963,351,28,66,1,1,-1,-1
17,6,916,346,28,68,1,1,-1,-1
17,9,901,369,27,69,1,1,-1,-1
17,10,965,161,17,46,1,1,-1,-1
17,16,286,589,74,74,1,10,-1,-1
17,23,1090,490,30,75,1,1,-1,-1
17,28,1464,724,23,61,1,1,-1,-1
17,37,1030,830,39,88,1,1,-1,-1
17,48,408,818,24,55,1,1,-1,-1
17,49,710,262,38,54,1,2,-1,-1
17,66,968,422,72,104,1,7,-1,-1
17,67,1143,924,76,81,1,10,-1,-1
17,98,1570,984,47,81,1,1,-1,-1
17,99,997,121,21,27,1,1,-1,-1
17,157,101,554,49,76,1,2,-1,-1
17,158,1151,240,24,52,1,1,-1,-1
17,239,374,810,48,85,1,1,-1,-1
17,240,990,139,15,31,1,1,-1,-1
17,241,1077,82,18,30,1,1,-1,-1
17,242,1008,133,17,35,1,1,-1,-1
17,243,1006,942,36,75,1,1,-1,-1
18,3,971,366,24,57,1,1,-1,-1
18,6,910,349,24,56,1,1,-1,-1
18,9,901,377,35,72,1,1,-1,-1
18,10,965,163,17,46,1,1,-1,-1
18,16,296,585,73,73,1,10,-1,-1
18,28,1462,733,23,59,1,1,-1,-1
18,37,1031,841,39,88,1,1,-1,-1
18,48,408,831,24,55,1,1,-1,-1
18,49,701,272,65,57,1,7,-1,-1
18,50,999,375,25,61,1,1,-1,-1
18,66,987,456,60,87,1,7,-1,-1
18,67,1144,934,76,79,1,10,-1,-1
18,98,1576,996,47,70,1,1,-1,-1
18,99,997,123,21,27,1,1,-1,-1
18,159,859,250,59,53,1,7,-1,-1
18,160,1490,752,24,55,1,1,-1,-1
18,161,1103,641,39,67,1,2,-1,-1
18,240,983,137,16,34,1,1,-1,-1
18,241,1078,83,18,30,1,1,-1,-1
18,242,1008,135,17,35,1,1,-1,-1
18,243,1006,953,36,74,1,1,-1,-1
19,3,970,369,24,57,1,1,-1,-1
19,6,912,321,21,62,1,1,-1,-1
19,9,897,378,27,69,1,1,-1,-1
19,10,964,165,17,46,1,1,-1,-1
19,16,301,582,73,73,1,10,-1,-1
19,28,1463,739,23,59,1,1,-1,-1
19,29,1052,169,18,40,1,1,-1,-1
19,37,1033,852,39,88,1,1,-1,-1
19,48,408,844,24,55,1,1,-1,-1
19,49,699,274,65,58,1,7,-1,-1
19,50,998,378,25,61,1,1,-1,-1
19,66,988,459,60,88,1,7,-1,-1
19,67,1146,944,76,77,1,10,-1,-1
19,98,1582,1009,47,58,1,1,-1,-1
19,99,997,125,21,27,1,1,-1,-1
19,100,1675,938,42,88,1,2,-1,-1
19,159,859,253,59,52,1,7,-1,-1
19,160,1492,759,24,55,1,1,-1,-1
19,161,1120,638,33,57,1,2,-1,-1
19,240,982,140,16,34,1,1,-1,-1
19,241,1079,85,18,30,1,1,-1,-1
19,242,1007,137,17,35,1,1,-1,-1
19,243,1007,963,36,74,1,1,-1,-1
19,244,740,139,29,36,1,10,-1,-1
19,245,1306,735,33,59,1,2,-1,-1
19,246,1458,809,28,77,1,1,-1,-1
20,3,969,372,24,57,1,1,-1,-1
20,9,896,383,27,69,1,1,-1,-1
20,10,963,167,17,46,1,1,-1,-1
20,16,315,569,54,72,1,2,-1,-1
20,28,1465,746,23,59,1,1,-1,-1
20,29,1055,175,12,35,1,1,-1,-1
20,37,1035,862,39,88,1,1,-1,-1
20,48,408,855,24,55,1,1,-1,-1
20,49,701,270,39,54,1,2,-1,-1
20,50,998,382,25,61,1,1,-1,-1
20,66,987,463,60,89,1,7,-1,-1
20,67,1164,950,36,62,1,2,-1,-1
20,68,730,423,124,76,1,7,-1,-1
20,99,997,127,21,27,1,1,-1,-1
20,100,1680,950,42,87,1,2,-1,-1
20,101,939,358,24,56,1,1,-1,-1
20,102,1078,28,16,34,1,1,-1,-1
20,103,1197,605,226,129,1,4,-1,-1
20,159,856,255,59,53,1,7,-1,-1
20,160,1495,766,24,55,1,1,-1,-1
20,161,1121,645,33,57,1,2,-1,-1
20,162,1151,247,24,52,1,1,-1,-1
20,242,1007,139,17,35,1,1,-1,-1
20,243,1008,974,36,73,1,1,-1,-1
20,244,742,136,29,36,1,10,-1,-1
20,245,1308,742,33,59,1,2,-1,-1
20,246,1463,817,28,77,1,1,-1,-1
21,3,960,364,24,51,1,1,-1,-1
21,9,894,388,27,69,1,1,-1,-1
21,10,963,170,17,46,1,1,-1,-1
21,16,321,566,54,72,1,2,-1,-1
21,24,883,355,23,55,1,1,-1,-1
21,28,1466,752,23,59,1,1,-1,-1
21,29,1051,175,22,40,1,1,-1,-1
21,37,1037,873,39,88,1,1,-1,-1
21,48,408,867,24,55,1,1,-1,-1
21,49,699,273,38,54,1,2,-1,-1
21,50,996,373,27,54,1,1,-1,-1
21,66,987,468,60,90,1,7,-1,-1
21,67,1125,950,80,77,1,10,-1,-1
21,68,727,429,124,76,1,7,-1,-1
21,99,997,130,21,27,1,1,-1,-1
21,100,1685,963,42,85,1,2,-1,-1
21,101,944,372,21,50,1,1,-1,-1
21,102,1077,29,16,34,1,1,-1,-1
21,103,1197,611,228,131,1,4,-1,-1
21,159,853,258,60,53,1,7,-1,-1
21,160,1498,774,24,55,1,1,-1,-1
21,161,1121,653,33,57,1,2,-1,-1
21,162,1151,249,24,52,1,1,-1,-1
21,244,743,132,29,36,1,10,-1,-1
21,245,1310,749,33,59,1,2,-1,-1
21,246,1465,827,29,77,1,1,-1,-1
21,247,1030,234,18,41,1,1,-1,-1
21,248,1067,115,17,43,1,1,-1,-1
22,3,967,378,24,57,1,1,-1,-1
22,9,892,392,27,69,1,1,-1,-1
22,10,961,173,17,46,1,1,-1,-1
22,16,319,574,70,72,1,10,-1,-1
22,24,874,354,22,54,1,1,-1,-1
22,25,1596,921,34,71,1,2,-1,-1
22,28,1468,759,23,59,1,1,-1,-1
22,29,1051,180,12,35,1,1,-1,-1
22,37,1039,884,39,88,1,1,-1,-1
22,48,409,879,24,55,1,1,-1,-1
22,49,693,283,65,58,1,7,-1,-1
22,50,996,389,25,61,1,1,-1,-1
22,66,987,473,60,91,1,7,-1,-1
22,67,1150,974,76,71,1,10,-1,-1
22,68,723,434,124,76,1,7,-1,-1
22,99,993,131,21,28,1,1,-1,-1
22,100,1690,975,42,84,1,2,-1,-1
22,101,937,366,24,57,1,1,-1,-1
22,102,1076,29,16,34,1,1,-1,-1
22,103,1197,617,230,133,1,4,-1,-1
22,104,376,864,48,85,1,1,-1,-1
22,159,850,260,60,55,1,7,-1,-1
22,160,1501,781,24,55,1,1,-1,-1
22,161,1121,660,33,57,1,2,-1,-1
22,162,1151,251,24,52,1,1,-1,-1
22,163,1092,209,70,104,1,5,-1,-1
22,244,745,129,29,36,1,10,-1,-1
22,245,1307,752,30,52,1,2,-1,-1
22,246,1468,837,29,77,1,1,-1,-1
22,247,1030,236,18,41,1,1,-1,-1
22,248,1066,116,18,43,1,1,-1,-1
23,3,958,371,24,51,1,1,-1,-1
23,10,960,176,17,46,1,1,-1,-1
23,16,325,571,69,72,1,10,-1,-1
23,24,872,358,22,54,1,1,-1,-1
23,25,1599,932,34,71,1,2,-1,-1
23,28,1470,766,23,59,1,1,-1,-1
23,29,1050,183,12,35,1,1,-1,-1
23,48,404,857,31,63,1,1,-1,-1
23,49,691,286,65,58,1,7,-1,-1
23,50,989,381,27,54,1,1,-1,-1
23,68,720,440,124,76,1,7,-1,-1
23,99,990,133,21,28,1,1,-1,-1
23,100,1695,988,42,82,1,2,-1,-1
23,101,936,370,24,57,1,1,-1,-1
23,102,1075,30,16,34,1,1,-1,-1
23,103,1198,624,231,134,1,4,-1,-1
23,104,376,876,48,85,1,1,-1,-1
23,105,1316,160,22,46,1,1,-1,-1
23,159,847,263,61,55,1,7,-1,-1
23,160,1504,789,24,55,1,1,-1,-1
23,161,1126,650,31,53,1,2,-1,-1
23,162,1151,253,24,52,1,1,-1,-1
23,163,1082,218,59,89,1,5,-1,-1
23,244,746,125,29,36,1,10,-1,-1
23,245,1313,765,33,59,1,2,-1,-1
23,246,1471,848,29,77,1,1,-1,-1
23,247,1030,238,18,41,1,1,-1,-1
23,248,1066,118,17,43,1,1,-1,-1
23,249,1001,146,17,35,1,1,-1,-1
24,3,957,375,24,51,1,1,-1,-1
24,10,959,179,17,46,1,1,-1,-1
24,16,331,568,68,72,1,10,-1,-1
24,17,953,201,23,53,1,1,-1,-1
24,24,877,368,24,55,1,1,-1,-1
24,25,1602,943,34,71,1,2,-1,-1
24,28,1472,774,23,59,1,1,-1,-1
24,29,1047,186,12,35,1,1,-1,-1
24,48,416,876,28,58,1,1,-1,-1
24,49,677,264,64,58,1,7,-1,-1
24,50,986,385,27,54,1,1,-1,-1
24,68,716,445,124,76,1,7,-1,-1
24,100,1701,999,42,71,1,2,-1,-1
24,101,933,367,24,56,1,1,-1,-1
24,102,1070,30,17,35,1,1,-1,-1
24,103,1198,630,233,136,1,4,-1,-1
24,104,376,889,48,85,1,1,-1,-1
24,105,1315,162,22,45,1,1,-1,-1
24,106,889,402,27,69,1,1,-1,-1
24,162,1151,255,24,52,1,1,-1,-1
24,163,1081,220,59,90,1,5,-1,-1
24,164,1041,152,17,34,1,1,-1,-1
24,247,1028,240,18,41,1,1,-1,-1
24,248,1065,120,17,43,1,1,-1,-1
24,249,999,149,17,35,1,1,-1,-1
25,3,964,387,24,57,1,1,-1,-1
25,10,958,182,17,46,1,1,-1,-1
25,16,337,565,67,72,1,10,-1,-1
25,17,951,205,23,53,1,1,-1,-1
25,24,869,367,22,54,1,1,-1,-1
25,25,1605,952,34,71,1,2,-1,-1
25,28,1475,782,23,59,1,1,-1,-1
25,29,1045,189,12,35,1,1,-1,-1
25,49,681,269,44,60,1,2,-1,-1
25,50,983,389,27,54,1,1,-1,-1
25,68,713,451,124,76,1,7,-1,-1
25,100,1707,1010,42,60,1,2,-1,-1
25,101,934,378,24,57,1,1,-1,-1
25,102,1074,35,23,38,1,1,-1,-1
25,103,1198,636,235,138,1,4,-1,-1
25,104,375,903,48,84,1,1,-1,-1
25,105,1313,163,23,45,1,1,-1,-1
25,106,887,406,27,69,1,1,-1,-1
25,162,1151,257,24,52,1,1,-1,-1
25,163,1080,223,60,90,1,5,-1,-1
25,164,1041,155,17,34,1,1,-1,-1
25,165,841,268,62,57,1,7,-1,-1
25,247,1026,242,18,41,1,1,-1,-1
25,248,1065,122,17,43,1,1,-1,-1
25,249,996,152,17,35,1,1,-1,-1
25,250,863,422,27,55,1,1,-1,-1
26,3,971,391,21,46,1,1,-1,-1
26,10,955,184,17,46,1,1,-1,-1
26,17,949,208,22,53,1,1,-1,-1
26,24,874,377,23,55,1,1,-1,-1
26,25,1609,961,34,71,1,2,-1,-1
26,28,1474,796,26,66,1,1,-1,-1
26,29,1042,192,12,35,1,1,-1,-1
26,50,979,393,27,54,1,1,-1,-1
26,68,710,456,124,76,1,7,-1,-1
26,69,685,294,65,59,1,7,-1,-1
26,101,933,383,24,57,1,1,-1,-1
26,102,1080,27,17,33,1,1,-1,-1
26,103,1199,643,236,139,1,4,-1,-1
26,104,388,891,58,100,1,1,-1,-1
26,105,1312,164,23,45,1,1,-1,-1
26,106,885,411,27,69,1,1,-1,-1
26,107,1004,244,17,40,1,1,-1,-1
26,108,1133,394,31,61,1,1,-1,-1
26,163,1079,225,60,91,1,5,-1,-1
26,164,1039,156,17,34,1,1,-1,-1
26,165,838,271,63,57,1,7,-1,-1
26,166,33,624,49,76,1,2,-1,-1
26,249,993,154,17,35,1,1,-1,-1
26,250,861,427,27,55,1,1,-1,-1
26,251,339,536,98,105,1,10,-1,-1
26,252,1064,97,18,30,1,1,-1,-1
26,253,1163,86,29,52,1,4,-1,-1
27,3,976,397,27,54,1,1,-1,-1
27,10,952,186,17,47,1,1,-1,-1
27,17,947,211,22,53,1,1,-1,-1
27,24,872,381,23,55,1,1,-1,-1
27,25,1612,970,34,71,1,2,-1,-1
27,28,1481,799,23,59,1,1,-1,-1
27,29,1040,195,12,35,1,1,-1,-1
27,51,1033,36,15,33,1,1,-1,-1
27,68,706,462,124,76,1,7,-1,-1
27,69,681,290,39,54,1,2,-1,-1
27,104,406,890,49,100,1,1,-1,-1
27,105,1311,166,23,44,1,1,-1,-1
27,106,884,416,27,69,1,1,-1,-1
27,107,1002,247,17,40,1,1,-1,-1
27,108,1141,409,27,53,1,1,-1,-1
27,163,1078,227,60,92,1,5,-1,-1
27,164,1037,158,17,34,1,1,-1,-1
27,165,835,273,63,58,1,7,-1,-1
27,166,27,631,47,76,1,2,-1,-1
27,249,991,157,17,35,1,1,-1,-1
27,250,860,432,27,55,1,1,-1,-1
27,251,349,566,79,85,1,10,-1,-1
27,252,1062,99,18,30,1,1,-1,-1
27,253,1156,86,30,56,1,4,-1,-1
27,254,13,87,128,58,1,4,-1,-1
27,255,809,682,30,73,1,1,-1,-1
27,256,865,375,22,54,1,1,-1,-1
28,3,973,401,27,54,1,1,-1,-1
28,10,951,180,19,52,1,1,-1,-1
28,17,945,214,22,53,1,1,-1,-1
28,24,877,379,28,68,1,1,-1,-1
28,25,1616,980,34,71,1,2,-1,-1
28,29,1038,198,12,35,1,1,-1,-1
28,51,1030,38,16,33,1,1,-1,-1
28,69,678,294,39,54,1,2,-1,-1
28,104,395,904,52,107,1,1,-1,-1
28,105,1309,167,24,45,1,1,-1,-1
28,106,882,421,28,70,1,1,-1,-1
28,107,1000,249,17,40,1,1,-1,-1
28,108,1132,401,32,60,1,1,-1,-1
28,109,1461,879,29,71,1,1,-1,-1
28,164,1035,160,17,34,1,1,-1,-1
28,165,832,276,64,59,1,7,-1,-1
28,166,22,639,45,76,1,2,-1,-1
28,167,1026,197,18,40,1,1,-1,-1
28,250,858,437,27,55,1,1,-1,-1
28,251,353,558,67,72,1,10,-1,-1
28,252,1060,101,18,30,1,1,-1,-1
28,253,1159,89,28,51,1,4,-1,-1
28,254,10,87,128,59,1,4,-1,-1
28,255,807,648,33,69,1,1,-1,-1
28,256,865,384,22,54,1,1,-1,-1
28,257,1043,44,16,34,1,1,-1,-1
28,258,1199,655,240,143,1,4,-1,-1
29,3,970,405,27,54,1,1,-1,-1
29,17,943,217,22,53,1,1,-1,-1
29,24,877,376,33,75,1,1,-1,-1
29,25,1603,979,34,73,1,2,-1,-1
29,29,1035,201,12,35,1,1,-1,-1
29,30,738,446,36,51,1,2,-1,-1
29,51,1027,40,18,34,1,1,-1,-1
29,69,674,298,39,54,1,2,-1,-1
29,105,1308,169,24,44,1,1,-1,-1
29,106,881,427,28,70,1,1,-1,-1
29,107,997,252,17,40,1,1,-1,-1
29,108,1132,404,33,61,1,1,-1,-1
29,109,1463,889,29,71,1,1,-1,-1
29,164,1034,162,17,34,1,1,-1,-1
29,165,829,278,64,60,1,7,-1,-1
29,166,16,647,44,76,1,2,-1,-1
29,167,1024,197,16,41,1,1,-1,-1
29,168,881,699,34,80,1,1,-1,-1
29,250,856,443,28,55,1,1,-1,-1
29,251,367,547,54,72,1,2,-1,-1
29,252,1057,103,17,31,1,1,-1,-1
29,253,1157,90,28,52,1,4,-1,-1
29,254,8,88,128,59,1,4,-1,-1
29,255,805,658,33,70,1,1,-1,-1
29,256,862,384,22,54,1,1,-1,-1
29,257,1041,45,16,34,1,1,-1,-1
29,258,1199,661,242,145,1,4,-1,-1
29,259,1008,212,17,35,1,1,-1,-1
29,260,1062,599,30,70,1,1,-1,-1
30,3,963,407,32,65,1,1,-1,-1
30,17,941,220,22,53,1,1,-1,-1
30,24,878,406,27,67,1,1,-1,-1
30,25,1605,990,34,74,1,2,-1,-1
30,30,734,451,36,51,1,2,-1,-1
30,51,1028,28,24,42,1,1,-1,-1
30,69,675,305,65,62,1,7,-1,-1
30,70,470,9,48,44,1,4,-1,-1
30,106,880,433,28,70,1,1,-1,-1
30,107,995,255,17,40,1,1,-1,-1
30,108,1132,408,33,61,1,1,-1,-1
30,109,1465,899,29,71,1,1,-1,-1
30,165,826,281,65,60,1,7,-1,-1
30,166,11,654,42,76,1,2,-1,-1
30,167,1022,198,14,41,1,1,-1,-1
30,168,878,710,35,79,1,1,-1,-1
30,169,1068,33,17,33,1,1,-1,-1
30,170,1083,562,30,76,1,1,-1,-1
30,251,363,554,67,72,1,10,-1,-1
30,252,1054,105,17,32,1,1,-1,-1
30,253,1156,92,26,51,1,4,-1,-1
30,254,5,88,128,60,1,4,-1,-1
30,255,802,669,34,69,1,1,-1,-1
30,256,860,388,22,54,1,1,-1,-1
30,257,1039,47,16,34,1,1,-1,-1
30,258,1200,668,243,146,1,4,-1,-1
30,259,1006,214,17,35,1,1,-1,-1
30,260,1061,605,30,70,1,1,-1,-1
31,3,961,407,24,57,1,1,-1,-1
31,17,939,223,22,53,1,1,-1,-1
31,24,879,439,28,70,1,1,-1,-1
31,25,1610,1000,34,65,1,2,-1,-1
31,30,731,457,36,51,1,2,-1,-1
31,51,1037,29,18,38,1,1,-1,-1
31,69,667,306,39,54,1,2,-1,-1
31,70,459,-4,54,49,1,4,-1,-1
31,107,993,249,17,40,1,1,-1,-1
31,108,1132,411,34,62,1,1,-1,-1
31,109,1468,909,29,71,1,1,-1,-1
31,166,5,662,41,76,1,2,-1,-1
31,167,1014,188,23,41,1,1,-1,-1
31,168,876,721,36,79,1,1,-1,-1
31,169,1066,34,17,33,1,1,-1,-1
31,170,1082,568,30,76,1,1,-1,-1
31,171,1497,838,23,59,1,1,-1,-1
31,254,2,89,128,60,1,4,-1,-1
31,255,800,679,34,70,1,1,-1,-1
31,256,859,393,22,54,1,1,-1,-1
31,257,1037,49,16,34,1,1,-1,-1
31,258,1200,674,245,148,1,4,-1,-1
31,259,1004,216,17,35,1,1,-1,-1
31,260,1060,612,30,70,1,1,-1,-1
31,261,761,83,27,40,1,2,-1,-1
31,262,844,216,75,100,1,5,-1,-1
31,263,1071,52,17,28,1,1,-1,-1
31,264,1155,963,35,84,1,1,-1,-1
31,265,1319,837,33,59,1,2,-1,-1
31,266,1520,865,24,54,1,1,-1,-1
32,3,951,401,24,51,1,1,-1,-1
32,17,937,227,22,52,1,1,-1,-1
32,24,877,444,30,71,1,1,-1,-1
32,25,1616,1011,34,55,1,2,-1,-1
32,30,728,462,36,51,1,2,-1,-1
32,51,1035,41,21,32,1,1,-1,-1
32,52,980,172,17,35,1,1,-1,-1
32,69,669,311,65,64,1,7,-1,-1
32,70,463,12,49,44,1,4,-1,-1
32,107,993,260,17,40,1,1,-1,-1
32,108,1132,415,34,62,1,1,-1,-1
32,109,1470,919,29,71,1,1,-1,-1
32,110,373,550,67,72,1,10,-1,-1
32,167,1012,174,23,41,1,1,-1,-1
32,168,875,729,36,81,1,1,-1,-1
32,169,1065,36,17,33,1,1,-1,-1
32,170,1082,573,30,76,1,1,-1,-1
32,171,1502,848,23,59,1,1,-1,-1
32,172,93,85,93,53,1,4,-1,-1
32,257,1035,50,16,34,1,1,-1,-1
32,258,1200,680,247,150,1,4,-1,-1
32,259,1002,219,17,35,1,1,-1,-1
32,260,1061,617,30,71,1,1,-1,-1
32,261,760,94,29,36,1,10,-1,-1
32,262,841,219,75,100,1,5,-1,-1
32,263,1069,54,17,28,1,1,-1,-1
32,264,1157,974,35,85,1,1,-1,-1
32,265,1320,846,33,59,1,2,-1,-1
32,266,1523,876,24,53,1,1,-1,-1
32,267,954,208,16,40,1,1,-1,-1
33,3,950,404,24,51,1,1,-1,-1
33,17,936,230,22,52,1,1,-1,-1
33,25,1621,1021,34,46,1,2,-1,-1
33,30,730,457,30,43,1,2,-1,-1
33,31,864,400,21,49,1,1,-1,-1
33,51,1033,52,16,34,1,1,-1,-1
33,52,978,175,17,35,1,1,-1,-1
33,69,667,313,66,64,1,7,-1,-1
33,70,460,13,49,44,1,4,-1,-1
33,109,1472,929,29,71,1,1,-1,-1
33,110,378,548,67,72,1,10,-1,-1
33,167,1011,177,23,41,1,1,-1,-1
33,168,874,738,36,83,1,1,-1,-1
33,169,1064,37,17,33,1,1,-1,-1
33,170,1083,578,30,76,1,1,-1,-1
33,171,1507,856,23,59,1,1,-1,-1
33,172,104,57,105,60,1,4,-1,-1
33,259,1002,224,17,35,1,1,-1,-1
33,260,1056,601,27,67,1,1,-1,-1
33,261,762,91,29,36,1,10,-1,-1
33,262,839,223,75,100,1,5,-1,-1
33,263,1068,56,17,28,1,1,-1,-1
33,264,1159,983,35,78,1,1,-1,-1
33,265,1322,856,33,59,1,2,-1,-1
33,266,1527,884,24,53,1,1,-1,-1
33,267,953,209,16,40,1,1,-1,-1
33,268,-27,80,147,72,1,4,-1,-1
34,17,935,234,22,52,1,1,-1,-1
34,30,722,473,36,51,1,2,-1,-1
34,31,854,406,22,54,1,1,-1,-1
34,32,1000,564,36,51,1,2,-1,-1
34,51,1036,49,17,33,1,1,-1,-1
34,52,976,178,17,35,1,1,-1,-1
34,70,457,15,49,44,1,4,-1,-1
34,109,1475,939,29,71,1,1,-1,-1
34,110,383,546,67,72,1,10,-1,-1
34,168,873,746,36,86,1,1,-1,-1
34,169,1063,39,17,33,1,1,-1,-1
34,170,1084,583,30,76,1,1,-1,-1
34,171,1512,865,24,58,1,1,-1,-1
34,172,101,59,105,60,1,4,-1,-1
34,261,764,88,29,36,1,10,-1,-1
34,262,839,225,75,100,1,5,-1,-1
34,263,1067,58,17,28,1,1,-1,-1
34,264,1161,992,35,72,1,1,-1,-1
34,265,1325,864,33,59,1,2,-1,-1
34,266,1531,893,24,53,1,1,-1,-1
34,267,952,211,16,40,1,1,-1,-1
34,268,0,93,121,61,1,4,-1,-1
34,269,985,436,25,64,1,1,-1,-1
34,270,1014,267,17,41,1,1,-1,-1
34,271,1012,209,17,41,1,1,-1,-1
34,272,1293,856,33,57,1,2,-1,-1
35,17,935,238,22,52,1,1,-1,-1
35,30,722,477,36,51,1,2,-1,-1
35,31,853,410,22,55,1,1,-1,-1
35,32,1000,568,36,51,1,2,-1,-1
35,51,1030,55,17,34,1,1,-1,-1
35,52,974,181,17,35,1,1,-1,-1
35,70,454,16,49,44,1,4,-1,-1
35,110,388,544,67,72,1,10,-1,-1
35,169,1062,40,17,33,1,1,-1,-1
35,170,1085,588,30,76,1,1,-1,-1
35,171,1518,873,24,59,1,1,-1,-1
35,172,98,60,105,60,1,4,-1,-1
35,173,885,433,25,55,1,1,-1,-1
35,261,766,86,29,35,1,10,-1,-1
35,262,839,227,75,100,1,5,-1,-1
35,263,1066,60,17,28,1,1,-1,-1
35,264,1163,1001,35,66,1,1,-1,-1
35,265,1315,863,32,55,1,2,-1,-1
35,266,1536,887,22,49,1,1,-1,-1
35,267,951,213,16,40,1,1,-1,-1
35,268,0,95,118,61,1,4,-1,-1
35,269,989,440,24,66,1,1,-1,-1
35,270,1013,271,18,41,1,1,-1,-1
35,271,1010,213,19,40,1,1,-1,-1
35,272,1296,864,33,57,1,2,-1,-1
35,273,760,732,30,66,1,1,-1,-1
35,274,1413,932,35,65,1,1,-1,-1
36,17,934,242,22,52,1,1,-1,-1
36,30,722,481,36,51,1,2,-1,-1
36,31,853,414,21,56,1,1,-1,-1
36,32,1000,573,36,51,1,2,-1,-1
36,52,972,184,17,35,1,1,-1,-1
36,70,451,18,49,44,1,4,-1,-1
36,110,393,542,67,72,1,10,-1,-1
36,171,1523,882,25,58,1,1,-1,-1
36,172,94,62,105,60,1,4,-1,-1
36,173,885,439,24,55,1,1,-1,-1
36,267,950,215,16,40,1,1,-1,-1
36,268,0,97,114,60,1,4,-1,-1
36,269,993,461,22,59,1,1,-1,-1
36,270,1012,275,18,41,1,1,-1,-1
36,271,1007,216,21,41,1,1,-1,-1
36,272,1299,873,33,57,1,2,-1,-1
36,273,760,743,30,67,1,1,-1,-1
36,274,1416,940,35,65,1,1,-1,-1
36,275,925,425,24,57,1,1,-1,-1
36,276,1207,706,255,156,1,4,-1,-1
37,30,722,485,36,51,1,2,-1,-1
37,31,852,418,21,57,1,1,-1,-1
37,32,1001,578,36,51,1,2,-1,-1
37,52,972,185,17,35,1,1,-1,-1
37,70,448,19,49,44,1,4,-1,-1
37,110,400,538,65,72,1,10,-1,-1
37,111,769,73,24,35,1,2,-1,-1
37,112,1129,780,33,57,1,2,-1,-1
37,172,91,63,105,60,1,4,-1,-1
37,173,884,444,25,55,1,1,-1,-1
37,268,0,99,111,60,1,4,-1,-1
37,269,988,448,24,67,1,1,-1,-1
37,270,1012,279,17,41,1,1,-1,-1
37,271,1005,220,22,40,1,1,-1,-1
37,272,1302,881,33,57,1,2,-1,-1
37,273,761,754,29,67,1,1,-1,-1
37,274,1419,948,35,65,1,1,-1,-1
37,275,925,428,19,47,1,1,-1,-1
37,276,1209,713,257,157,1,4,-1,-1
38,30,722,489,36,51,1,2,-1,-1
38,31,852,423,21,58,1,1,-1,-1
38,32,1003,583,36,51,1,2,-1,-1
38,52,973,187,17,35,1,1,-1,-1
38,71,658,329,39,54,1,2,-1,-1
38,110,407,534,63,73,1,10,-1,-1
38,111,770,71,24,34,1,2,-1,-1
38,112,1130,788,33,57,1,2,-1,-1
38,113,964,446,26,61,1,1,-1,-1
38,173,884,450,24,55,1,1,-1,-1
38,269,988,452,24,68,1,1,-1,-1
38,270,1011,283,17,41,1,1,-1,-1
38,271,1012,223,12,35,1,1,-1,-1
38,272,1305,890,33,57,1,2,-1,-1
38,273,761,766,29,67,1,1,-1,-1
38,274,1422,957,35,65,1,1,-1,-1
38,275,926,434,24,57,1,1,-1,-1
38,276,1211,719,259,159,1,4,-1,-1
38,277,835,770,34,84,1,1,-1,-1
38,278,1148,105,23,51,1,4,-1,-1
38,279,1549,928,24,53,1,1,-1,-1
39,30,722,493,36,51,1,2,-1,-1
39,31,851,427,22,59,1,1,-1,-1
39,32,1005,588,36,51,1,2,-1,-1
39,52,974,189,17,35,1,1,-1,-1
39,71,657,332,39,54,1,2,-1,-1
39,72,1338,284,18,45,1,1,-1,-1
39,111,774,75,29,35,1,10,-1,-1
39,112,1129,780,40,69,1,2,-1,-1
39,113,959,435,24,57,1,1,-1,-1
39,173,884,455,24,55,1,1,-1,-1
39,273,761,777,29,67,1,1,-1,-1
39,274,1428,963,35,65,1,1,-1,-1
39,275,927,438,24,58,1,1,-1,-1
39,276,1213,726,261,160,1,4,-1,-1
39,277,836,780,35,85,1,1,-1,-1
39,278,1149,107,23,51,1,4,-1,-1
39,279,1555,938,24,53,1,1,-1,-1
39,280,1059,397,62,101,1,7,-1,-1
39,281,1118,647,31,78,1,1,-1,-1
39,282,978,705,42,88,1,1,-1,-1
40,11,422,527,59,73,1,10,-1,-1
40,31,851,431,22,60,1,1,-1,-1
40,32,1006,593,36,51,1,2,-1,-1
40,52,975,191,17,35,1,1,-1,-1
40,71,657,336,39,54,1,2,-1,-1
40,72,1340,287,19,45,1,1,-1,-1
40,111,776,73,30,35,1,10,-1,-1
40,112,1131,806,33,57,1,2,-1,-1
40,113,959,438,24,57,1,1,-1,-1
40,173,883,461,24,55,1,1,-1,-1
40,174,466,34,43,37,1,4,-1,-1
40,275,927,443,24,57,1,1,-1,-1
40,276,1216,732,262,162,1,4,-1,-1
40,277,837,790,36,87,1,1,-1,-1
40,278,1150,109,23,51,1,4,-1,-1
40,279,1560,918,25,58,1,1,-1,-1
40,280,1075,424,54,86,1,7,-1,-1
40,281,1119,654,31,78,1,1,-1,-1
40,282,978,711,42,88,1,1,-1,-1
40,283,966,454,26,65,1,1,-1,-1
40,284,1013,255,18,35,1,1,-1,-1
41,11,430,524,56,72,1,10,-1,-1
41,31,851,436,22,61,1,1,-1,-1
41,32,1008,598,36,51,1,2,-1,-1
41,53,949,227,17,40,1,1,-1,-1
41,71,656,335,69,65,1,7,-1,-1
41,72,1343,291,18,45,1,1,-1,-1
41,111,779,70,30,34,1,10,-1,-1
41,112,1131,812,33,57,1,2,-1,-1
41,113,959,442,24,57,1,1,-1,-1
41,114,920,426,21,54,1,1,-1,-1
41,115,1045,44,16,40,1,1,-1,-1
41,174,445,27,52,45,1,4,-1,-1
41,277,838,800,37,88,1,1,-1,-1
41,278,1151,112,24,51,1,4,-1,-1
41,279,1571,928,25,58,1,1,-1,-1
41,280,1076,428,54,85,1,7,-1,-1
41,281,1111,664,34,86,1,1,-1,-1
41,282,979,717,42,88,1,1,-1,-1
41,283,967,459,26,66,1,1,-1,-1
41,284,1013,258,18,35,1,1,-1,-1
41,285,314,190,99,70,1,4,-1,-1
42,7,882,472,24,55,1,1,-1,-1
42,11,437,520,54,73,1,10,-1,-1
42,31,851,440,22,62,1,1,-1,-1
42,32,1010,603,36,51,1,2,-1,-1
42,53,950,230,17,40,1,1,-1,-1
42,54,1091,622,30,76,1,1,-1,-1
42,71,655,338,69,66,1,7,-1,-1
42,72,1345,294,19,45,1,1,-1,-1
42,73,1220,745,266,165,1,4,-1,-1
42,111,783,67,30,34,1,10,-1,-1
42,112,1131,819,33,57,1,2,-1,-1
42,113,957,446,24,57,1,1,-1,-1
42,114,919,431,21,54,1,1,-1,-1
42,115,1046,44,16,41,1,1,-1,-1
42,174,445,29,53,45,1,4,-1,-1
42,277,840,811,37,89,1,1,-1,-1
42,278,1152,114,24,51,1,4,-1,-1
42,279,1579,934,25,58,1,1,-1,-1
42,280,1077,431,54,85,1,7,-1,-1
42,281,1121,664,31,78,1,1,-1,-1
42,282,980,721,43,88,1,1,-1,-1
42,283,966,462,26,66,1,1,-1,-1
42,284,1013,261,18,35,1,1,-1,-1
42,285,306,220,98,68,1,4,-1,-1
42,286,1046,128,17,35,1,1,-1,-1
43,7,882,477,23,55,1,1,-1,-1
43,11,445,517,52,73,1,10,-1,-1
43,31,851,444,22,63,1,1,-1,-1
43,32,1012,608,36,51,1,2,-1,-1
43,53,951,233,17,40,1,1,-1,-1
43,54,1091,627,30,76,1,1,-1,-1
43,55,918,479,24,51,1,1,-1,-1
43,71,652,343,39,54,1,2,-1,-1
43,72,1348,298,18,44,1,1,-1,-1
43,73,1222,756,241,149,1,4,-1,-1
43,111,787,64,29,33,1,10,-1,-1
43,112,1131,826,33,57,1,2,-1,-1
43,113,955,450,24,57,1,1,-1,-1
43,114,918,436,21,54,1,1,-1,-1
43,115,1046,44,16,41,1,1,-1,-1
43,174,445,31,54,46,1,4,-1,-1
43,175,878,419,40,89,1,1,-1,-1
43,176,1073,264,59,94,1,5,-1,-1
43,280,1077,434,56,85,1,7,-1,-1
43,281,1122,667,31,78,1,1,-1,-1
43,282,970,752,46,94,1,1,-1,-1
43,283,966,465,26,66,1,1,-1,-1
43,284,1014,264,18,35,1,1,-1,-1
43,285,292,202,107,73,1,4,-1,-1
43,286,1046,130,17,35,1,1,-1,-1
44,7,882,483,23,55,1,1,-1,-1
44,11,448,514,52,73,1,10,-1,-1
44,32,1010,613,36,51,1,2,-1,-1
44,53,952,236,17,40,1,1,-1,-1
44,54,1091,631,30,76,1,1,-1,-1
44,55,920,485,24,51,1,1,-1,-1
44,71,652,344,70,67,1,7,-1,-1
44,72,1350,301,18,45,1,1,-1,-1
44,73,1224,758,270,168,1,4,-1,-1
44,113,954,455,24,57,1,1,-1,-1
44,114,918,442,21,54,1,1,-1,-1
44,115,1046,44,16,41,1,1,-1,-1
44,116,794,47,22,30,1,2,-1,-1
44,174,445,33,55,46,1,4,-1,-1
44,175,891,423,30,76,1,1,-1,-1
44,176,1073,266,60,94,1,5,-1,-1
44,283,966,469,26,66,1,1,-1,-1
44,284,1014,267,18,35,1,1,-1,-1
44,285,281,208,111,74,1,4,-1,-1
44,286,1047,132,17,35,1,1,-1,-1
44,287,876,514,34,76,1,1,-1,-1
44,288,950,197,17,35,1,1,-1,-1
44,289,1029,70,17,34,1,1,-1,-1
44,290,305,67,71,58,1,4,-1,-1
45,7,886,488,23,55,1,1,-1,-1
45,11,453,500,43,73,1,2,-1,-1
45,38,1079,441,56,84,1,7,-1,-1
45,53,951,237,17,40,1,1,-1,-1
45,54,1091,636,30,76,1,1,-1,-1
45,55,923,492,24,51,1,1,-1,-1
45,56,1325,944,34,57,1,2,-1,-1
45,71,649,348,39,54,1,2,-1,-1
45,72,1353,305,18,44,1,1,-1,-1
45,73,1226,765,272,169,1,4,-1,-1
45,114,926,444,24,51,1,1,-1,-1
45,115,1046,44,16,41,1,1,-1,-1
45,116,794,58,29,32,1,10,-1,-1
45,117,369,42,76,52,1,4,-1,-1
45,174,457,25,52,43,1,4,-1,-1
45,175,889,437,28,61,1,1,-1,-1
45,176,1074,269,59,94,1,5,-1,-1
45,285,270,215,115,75,1,4,-1,-1
45,286,1047,137,19,40,1,1,-1,-1
45,287,874,519,34,78,1,1,-1,-1
45,288,952,200,17,35,1,1,-1,-1
45,289,1029,72,17,34,1,1,-1,-1
45,290,304,68,70,59,1,4,-1,-1
45,291,1077,690,34,78,1,1,-1,-1
46,7,891,494,23,54,1,1,-1,-1
46,11,454,509,52,73,1,10,-1,-1
46,18,1007,623,36,51,1,2,-1,-1
46,38,1080,445,57,84,1,7,-1,-1
46,53,950,238,17,40,1,1,-1,-1
46,54,1091,641,30,76,1,1,-1,-1
46,55,919,496,24,51,1,1,-1,-1
46,56,1325,950,36,57,1,2,-1,-1
46,72,1355,308,18,44,1,1,-1,-1
46,73,1229,772,273,171,1,4,-1,-1
46,114,921,448,24,51,1,1,-1,-1
46,115,1046,44,16,41,1,1,-1,-1
46,116,798,55,29,32,1,10,-1,-1
46,117,410,43,59,49,1,4,-1,-1
46,175,886,441,28,61,1,1,-1,-1
46,176,1074,271,59,94,1,5,-1,-1
46,286,1045,124,23,48,1,1,-1,-1
46,287,872,525,34,79,1,1,-1,-1
46,288,947,201,17,35,1,1,-1,-1
46,289,1029,74,17,34,1,1,-1,-1
46,290,302,70,71,60,1,4,-1,-1
46,291,1081,726,31,71,1,1,-1,-1
46,292,1067,73,17,29,1,1,-1,-1
47,7,895,499,24,54,1,1,-1,-1
47,11,462,496,43,73,1,2,-1,-1
47,18,1006,628,36,51,1,2,-1,-1
47,33,1105,21,105,53,1,4,-1,-1
47,38,1074,448,57,85,1,7,-1,-1
47,53,950,240,17,40,1,1,-1,-1
47,54,1091,645,30,76,1,1,-1,-1
47,55,916,500,24,51,1,1,-1,-1
47,56,1326,955,36,57,1,2,-1,-1
47,73,1226,776,273,171,1,4,-1,-1
47,74,865,40,52,47,1,1,-1,-1
47,114,916,452,24,51,1,1,-1,-1
47,115,1034,45,23,46,1,1,-1,-1
47,116,802,53,29,31,1,10,-1,-1
47,117,429,39,57,47,1,4,-1,-1
47,175,883,445,28,60,1,1,-1,-1
47,176,1076,286,71,115,1,5,-1,-1
47,287,870,531,35,81,1,1,-1,-1
47,288,942,202,17,35,1,1,-1,-1
47,289,1029,76,17,34,1,1,-1,-1
47,290,301,71,71,61,1,4,-1,-1
47,291,1080,701,34,78,1,1,-1,-1
47,292,1067,70,18,29,1,1,-1,-1
47,293,988,247,18,44,1,1,-1,-1
48,7,900,505,24,54,1,1,-1,-1
48,11,461,505,52,73,1,10,-1,-1
48,18,1005,633,36,51,1,2,-1,-1
48,33,1118,28,89,45,1,4,-1,-1
48,38,1069,451,57,87,1,7,-1,-1
48,53,942,243,17,40,1,1,-1,-1
48,54,1091,650,30,76,1,1,-1,-1
48,55,919,504,24,57,1,1,-1,-1
48,56,1326,961,38,57,1,2,-1,-1
48,73,1223,781,273,171,1,4,-1,-1
48,74,864,41,52,47,1,1,-1,-1
48,116,798,51,29,30,1,10,-1,-1
48,117,421,41,57,47,1,4,-1,-1
48,118,1126,682,30,78,1,1,-1,-1
48,175,880,449,29,60,1,1,-1,-1
48,176,1074,275,59,95,1,5,-1,-1
48,177,1131,861,33,57,1,2,-1,-1
48,287,865,537,35,81,1,1,-1,-1
48,288,937,203,17,35,1,1,-1,-1
48,289,1021,77,17,34,1,1,-1,-1
48,290,303,85,76,66,1,4,-1,-1
48,291,1075,695,30,68,1,1,-1,-1
48,292,1060,72,18,29,1,1,-1,-1
48,293,984,249,17,45,1,1,-1,-1
48,294,862,474,24,55,1,1,-1,-1
48,295,25,88,101,69,1,4,-1,-1
49,7,897,511,24,53,1,1,-1,-1
49,11,459,503,52,71,1,10,-1,-1
49,18,1003,638,36,51,1,2,-1,-1
49,33,1109,29,89,45,1,4,-1,-1
49,38,1063,454,58,88,1,7,-1,-1
49,53,941,234,22,45,1,1,-1,-1
49,54,1091,655,30,76,1,1,-1,-1
49,55,921,478,24,57,1,1,-1,-1
49,56,1327,967,38,57,1,2,-1,-1
49,73,1220,786,273,171,1,4,-1,-1
49,74,864,42,52,47,1,1,-1,-1
49,116,795,49,29,30,1,10,-1,-1
49,117,414,43,57,48,1,4,-1,-1
49,118,1121,686,31,78,1,1,-1,-1
49,177,1125,865,33,57,1,2,-1,-1
49,291,1083,712,34,78,1,1,-1,-1
49,292,1053,75,18,29,1,1,-1,-1
49,293,973,251,23,46,1,1,-1,-1
49,294,859,479,24,55,1,1,-1,-1
49,295,18,90,101,71,1,4,-1,-1
50,7,907,512,24,51,1,1,-1,-1
50,11,461,489,43,72,1,2,-1,-1
50,18,1002,643,36,51,1,2,-1,-1
50,33,1099,30,89,45,1,4,-1,-1
50,38,1058,457,58,90,1,7,-1,-1
50,54,1084,659,30,76,1,1,-1,-1
50,55,915,482,24,57,1,1,-1,-1
50,56,1328,973,39,57,1,2,-1,-1
50,74,854,43,52,47,1,1,-1,-1
50,116,795,37,24,32,1,2,-1,-1
50,117,406,45,57,48,1,4,-1,-1
50,118,1117,693,31,78,1,1,-1,-1
50,177,1120,869,33,57,1,2,-1,-1
50,178,807,374,20,36,1,2,-1,-1
50,292,1046,78,18,28,1,1,-1,-1
50,293,986,258,12,37,1,1,-1,-1
50,294,857,484,24,55,1,1,-1,-1
50,295,12,93,101,71,1,4,-1,-1
50,296,1275,159,22,43,1,1,-1,-1
51,7,904,516,24,51,1,1,-1,-1
51,11,455,500,52,67,1,10,-1,-1
51,18,1001,648,36,51,1,2,-1,-1
51,33,1090,31,89,45,1,4,-1,-1
51,38,1068,434,56,87,1,7,-1,-1
51,55,912,500,25,54,1,1,-1,-1
51,56,1325,979,39,57,1,2,-1,-1
51,74,844,45,52,47,1,1,-1,-1
51,117,398,47,57,48,1,4,-1,-1
51,118,1113,701,31,78,1,1,-1,-1
51,119,1214,795,273,171,1,4,-1,-1
51,177,1115,873,32,57,1,2,-1,-1
51,178,801,377,20,36,1,2,-1,-1
51,293,984,251,10,30,1,1,-1,-1
51,294,858,463,30,60,1,1,-1,-1
51,295,10,77,105,76,1,4,-1,-1
51,296,1265,160,22,42,1,1,-1,-1
52,7,902,492,24,57,1,1,-1,-1
52,11,453,498,52,65,1,10,-1,-1
52,18,997,651,36,51,1,2,-1,-1
52,33,1080,32,89,45,1,4,-1,-1
52,38,1038,428,65,101,1,7,-1,-1
52,56,1318,984,39,57,1,2,-1,-1
52,74,835,47,52,47,1,1,-1,-1
52,118,1109,709,31,78,1,1,-1,-1
52,119,1211,800,273,171,1,4,-1,-1
52,177,1110,877,32,57,1,2,-1,-1
52,178,795,379,20,36,1,2,-1,-1
52,179,642,581,143,76,1,7,-1,-1
52,180,778,890,41,88,1,1,-1,-1
52,181,976,262,13,40,1,1,-1,-1
52,182,1044,285,57,96,1,5,-1,-1
52,183,1053,885,123,159,1,7,-1,-1
52,294,851,470,25,49,1,1,-1,-1
52,295,20,78,110,80,1,4,-1,-1
52,296,1255,160,22,42,1,1,-1,-1
53,7,900,482,27,57,1,1,-1,-1
53,11,451,496,52,63,1,10,-1,-1
53,18,994,654,36,51,1,2,-1,-1
53,33,1071,33,89,45,1,4,-1,-1
53,38,1039,460,60,93,1,7,-1,-1
53,39,776,31,24,31,1,2,-1,-1
53,56,1311,989,39,57,1,2,-1,-1
53,74,825,48,52,47,1,1,-1,-1
53,118,1109,713,31,78,1,1,-1,-1
53,119,1208,804,273,171,1,4,-1,-1
53,177,1105,881,32,57,1,2,-1,-1
53,178,789,381,20,36,1,2,-1,-1
53,179,636,585,145,76,1,7,-1,-1
53,180,774,900,41,89,1,1,-1,-1
53,181,971,264,13,41,1,1,-1,-1
53,182,1048,280,63,107,1,5,-1,-1
53,183,1049,890,125,160,1,7,-1,-1
53,296,1245,161,23,42,1,1,-1,-1
53,297,926,498,26,66,1,1,-1,-1
53,298,978,251,20,40,1,1,-1,-1
54,7,902,490,24,57,1,1,-1,-1
54,18,991,657,36,51,1,2,-1,-1
54,33,1062,35,89,45,1,4,-1,-1
54,38,1031,462,62,96,1,7,-1,-1
54,39,767,27,24,31,1,2,-1,-1
54,74,815,50,52,47,1,1,-1,-1
54,118,1110,717,31,78,1,1,-1,-1
54,119,1205,809,273,171,1,4,-1,-1
54,178,783,384,20,36,1,2,-1,-1
54,179,631,590,146,75,1,7,-1,-1
54,180,771,910,41,91,1,1,-1,-1
54,181,966,267,14,41,1,1,-1,-1
54,182,1035,286,58,100,1,5,-1,-1
54,183,1046,896,126,161,1,7,-1,-1
54,296,1235,162,23,42,1,1,-1,-1
54,297,916,500,26,66,1,1,-1,-1
54,298,983,257,17,35,1,1,-1,-1
54,299,957,209,23,47,1,1,-1,-1
55,7,902,489,24,57,1,1,-1,-1
55,18,988,660,36,51,1,2,-1,-1
55,33,1062,35,89,45,1,4,-1,-1
55,39,770,24,24,31,1,2,-1,-1
55,40,850,478,31,60,1,1,-1,-1
55,119,1202,814,273,171,1,4,-1,-1
55,178,777,386,20,36,1,2,-1,-1
55,179,625,594,148,75,1,7,-1,-1
55,180,767,920,41,92,1,1,-1,-1
55,181,967,282,17,34,1,1,-1,-1
55,182,1031,286,58,103,1,5,-1,-1
55,183,1043,901,127,162,1,7,-1,-1
55,184,926,221,17,35,1,1,-1,-1
55,185,970,308,17,41,1,1,-1,-1
55,186,1003,90,17,28,1,1,-1,-1
55,297,915,502,26,66,1,1,-1,-1
55,298,976,259,17,35,1,1,-1,-1
55,299,949,211,23,47,1,1,-1,-1
55,300,846,505,24,58,1,1,-1,-1
56,7,902,488,24,57,1,1,-1,-1
56,8,940,625,65,116,1,7,-1,-1
56,18,985,663,36,51,1,2,-1,-1
56,19,596,383,73,66,1,7,-1,-1
56,33,1062,36,89,45,1,4,-1,-1
56,39,773,34,30,28,1,10,-1,-1
56,40,850,481,31,61,1,1,-1,-1
56,119,1199,819,273,171,1,4,-1,-1
56,179,622,596,154,78,1,7,-1,-1
56,180,764,930,41,94,1,1,-1,-1
56,181,966,284,17,35,1,1,-1,-1
56,182,1015,308,65,116,1,5,-1,-1
56,183,1040,907,128,163,1,7,-1,-1
56,184,926,223,17,35,1,1,-1,-1
56,185,968,310,17,41,1,1,-1,-1
56,186,1003,91,17,28,1,1,-1,-1
56,187,1033,467,62,97,1,7,-1,-1
56,297,914,504,26,66,1,1,-1,-1
56,298,974,260,17,35,1,1,-1,-1
56,299,950,211,23,47,1,1,-1,-1
56,300,846,509,24,59,1,1,-1,-1
57,7,903,487,24,57,1,1,-1,-1
57,8,937,629,66,117,1,7,-1,-1
57,18,982,666,36,51,1,2,-1,-1
57,19,597,386,73,67,1,7,-1,-1
57,33,1063,37,89,45,1,4,-1,-1
57,39,776,32,29,28,1,10,-1,-1
57,40,850,485,31,60,1,1,-1,-1
57,75,0,111,80,73,1,4,-1,-1
57,119,1201,823,275,172,1,4,-1,-1
57,120,880,307,23,52,1,1,-1,-1
57,179,620,602,150,74,1,7,-1,-1
57,180,761,941,41,95,1,1,-1,-1
57,181,967,285,17,35,1,1,-1,-1
57,182,1028,287,60,107,1,5,-1,-1
57,183,1042,911,128,159,1,7,-1,-1
57,184,926,225,17,35,1,1,-1,-1
57,185,966,312,17,41,1,1,-1,-1
57,186,1004,92,17,28,1,1,-1,-1
57,187,1034,469,63,98,1,7,-1,-1
57,297,914,507,26,66,1,1,-1,-1
57,298,975,261,17,35,1,1,-1,-1
57,299,951,211,23,47,1,1,-1,-1
57,300,846,513,24,59,1,1,-1,-1
57,301,972,335,17,41,1,1,-1,-1
57,302,986,122,16,35,1,1,-1,-1
58,8,938,632,66,117,1,7,-1,-1
58,18,979,669,36,51,1,2,-1,-1
58,19,597,387,73,67,1,7,-1,-1
58,20,1022,368,30,51,1,1,-1,-1
58,39,780,17,24,31,1,2,-1,-1
58,40,850,488,31,61,1,1,-1,-1
58,75,-11,103,66,63,1,4,-1,-1
58,76,880,553,29,57,1,1,-1,-1
58,120,881,308,23,52,1,1,-1,-1
58,121,1088,484,41,68,1,1,-1,-1
58,184,926,226,17,35,1,1,-1,-1
58,185,965,314,17,41,1,1,-1,-1
58,186,1005,94,17,28,1,1,-1,-1
58,187,1035,472,63,99,1,7,-1,-1
58,299,941,211,21,43,1,1,-1,-1
58,300,846,517,24,60,1,1,-1,-1
58,301,970,337,17,41,1,1,-1,-1
58,302,985,122,16,35,1,1,-1,-1
58,303,1057,751,34,78,1,1,-1,-1
59,8,939,635,67,117,1,7,-1,-1
59,19,591,383,39,54,1,2,-1,-1
59,20,1026,369,30,51,1,1,-1,-1
59,34,892,271,17,40,1,1,-1,-1
59,39,778,13,24,31,1,2,-1,-1
59,40,850,492,31,60,1,1,-1,-1
59,57,796,608,25,60,1,1,-1,-1
59,75,0,115,77,73,1,4,-1,-1
59,76,883,558,29,56,1,1,-1,-1
59,77,456,464,48,75,1,2,-1,-1
59,120,882,308,23,52,1,1,-1,-1
59,121,1091,486,41,68,1,1,-1,-1
59,122,811,54,52,47,1,1,-1,-1
59,184,926,228,17,35,1,1,-1,-1
59,185,963,316,17,41,1,1,-1,-1
59,186,1005,95,17,28,1,1,-1,-1
59,187,1036,474,64,100,1,7,-1,-1
59,188,941,278,16,47,1,1,-1,-1
59,300,846,521,24,61,1,1,-1,-1
59,301,968,339,17,41,1,1,-1,-1
59,302,984,123,16,35,1,1,-1,-1
59,303,1058,755,33,78,1,1,-1,-1
59,304,16,355,137,95,1,4,-1,-1
59,305,285,58,76,52,1,4,-1,-1
59,306,1096,319,21,55,1,1,-1,-1
60,8,940,638,67,118,1,7,-1,-1
60,19,598,370,35,49,1,2,-1,-1
60,20,1030,371,30,51,1,1,-1,-1
60,34,893,273,17,40,1,1,-1,-1
60,39,784,24,29,28,1,10,-1,-1
60,40,850,495,31,61,1,1,-1,-1
60,41,895,472,24,51,1,1,-1,-1
60,42,1032,287,62,114,1,5,-1,-1
60,57,797,613,25,60,1,1,-1,-1
60,58,997,194,17,41,1,1,-1,-1
60,75,0,116,77,73,1,4,-1,-1
60,76,887,563,28,56,1,1,-1,-1
60,77,465,465,43,67,1,2,-1,-1
60,120,883,309,23,52,1,1,-1,-1
60,121,1093,488,41,68,1,1,-1,-1
60,122,812,54,52,47,1,1,-1,-1
60,184,926,230,17,35,1,1,-1,-1
60,185,962,319,17,41,1,1,-1,-1
60,186,1006,96,17,28,1,1,-1,-1
60,187,1037,477,64,100,1,7,-1,-1
60,188,941,280,16,47,1,1,-1,-1
60,189,1122,926,32,57,1,2,-1,-1
60,301,966,341,17,41,1,1,-1,-1
60,302,983,124,16,35,1,1,-1,-1
60,303,1054,750,41,97,1,1,-1,-1
60,304,4,365,137,97,1,4,-1,-1
60,305,284,59,76,52,1,4,-1,-1
60,306,1097,320,21,55,1,1,-1,-1
60,307,598,391,73,67,1,7,-1,-1
60,308,815,520,30,73,1,1,-1,-1
60,309,954,79,18,35,1,1,-1,-1
61,8,941,641,68,118,1,7,-1,-1
61,19,589,389,39,54,1,2,-1,-1
61,20,1035,372,30,51,1,1,-1,-1
61,34,894,275,17,40,1,1,-1,-1
61,39,790,9,24,31,1,2,-1,-1
61,40,857,506,36,73,1,1,-1,-1
61,41,896,474,24,51,1,1,-1,-1
61,42,1034,288,62,115,1,5,-1,-1
61,57,798,618,25,60,1,1,-1,-1
61,58,998,195,17,41,1,1,-1,-1
61,75,32,108,63,59,1,4,-1,-1
61,76,890,568,28,56,1,1,-1,-1
61,77,470,463,43,67,1,2,-1,-1
61,78,906,566,24,51,1,1,-1,-1
61,120,884,310,23,52,1,1,-1,-1
61,121,1095,490,41,68,1,1,-1,-1
61,122,817,71,42,38,1,1,-1,-1
61,187,1038,480,64,100,1,7,-1,-1
61,188,941,282,16,47,1,1,-1,-1
61,189,1124,933,32,57,1,2,-1,-1
61,301,968,341,17,41,1,1,-1,-1
61,302,983,125,16,35,1,1,-1,-1
61,303,1058,763,33,78,1,1,-1,-1
61,304,3,373,128,97,1,4,-1,-1
61,305,284,60,76,52,1,4,-1,-1
61,306,1098,321,21,55,1,1,-1,-1
61,307,599,393,73,67,1,7,-1,-1
61,308,814,525,31,73,1,1,-1,-1
61,309,954,80,18,35,1,1,-1,-1
61,310,765,360,69,63,1,7,-1,-1
62,8,917,643,78,138,1,7,-1,-1
62,19,588,393,39,54,1,2,-1,-1
62,20,1039,374,30,51,1,1,-1,-1
62,34,895,277,17,40,1,1,-1,-1
62,39,789,18,30,28,1,10,-1,-1
62,40,850,502,30,61,1,1,-1,-1
62,41,897,475,24,51,1,1,-1,-1
62,42,1035,288,63,118,1,5,-1,-1
62,57,799,623,25,60,1,1,-1,-1
62,58,999,196,17,41,1,1,-1,-1
62,75,0,119,77,73,1,4,-1,-1
62,76,894,573,27,56,1,1,-1,-1
62,77,475,462,43,66,1,2,-1,-1
62,78,909,570,24,51,1,1,-1,-1
62,120,884,312,23,52,1,1,-1,-1
62,121,1098,492,41,68,1,1,-1,-1
62,122,815,55,52,47,1,1,-1,-1
62,188,941,284,16,47,1,1,-1,-1
62,189,1127,940,32,57,1,2,-1,-1
62,190,919,281,22,53,1,1,-1,-1
62,303,1062,768,29,69,1,1,-1,-1
62,304,18,386,101,82,1,4,-1,-1
62,305,284,61,76,52,1,4,-1,-1
62,306,1099,322,21,55,1,1,-1,-1
62,307,599,395,74,67,1,7,-1,-1
62,308,814,530,32,73,1,1,-1,-1
62,309,955,82,18,35,1,1,-1,-1
62,310,766,361,69,64,1,7,-1,-1
62,311,598,551,173,81,1,7,-1,-1
62,312,894,238,21,33,1,1,-1,-1
63,8,930,630,81,141,1,7,-1,-1
63,19,577,389,49,67,1,2,-1,-1
63,20,1043,375,30,51,1,1,-1,-1
63,34,897,279,17,40,1,1,-1,-1
63,40,850,505,30,61,1,1,-1,-1
63,41,898,476,24,51,1,1,-1,-1
63,42,1042,302,60,115,1,5,-1,-1
63,57,800,628,25,60,1,1,-1,-1
63,58,1001,197,17,41,1,1,-1,-1
63,59,983,129,16,35,1,1,-1,-1
63,75,0,121,77,73,1,4,-1,-1
63,76,893,586,25,54,1,1,-1,-1
63,77,481,475,52,57,1,10,-1,-1
63,78,913,575,24,51,1,1,-1,-1
63,79,928,131,19,41,1,1,-1,-1
63,120,885,314,23,52,1,1,-1,-1
63,121,1100,494,41,68,1,1,-1,-1
63,122,816,56,52,47,1,1,-1,-1
63,123,224,90,72,64,1,4,-1,-1
63,124,1065,42,89,46,1,4,-1,-1
63,188,941,286,16,47,1,1,-1,-1
63,189,1138,933,30,53,1,2,-1,-1
63,190,920,283,22,53,1,1,-1,-1
63,304,1,389,112,97,1,4,-1,-1
63,305,283,62,76,52,1,4,-1,-1
63,306,1100,323,21,55,1,1,-1,-1
63,307,600,397,73,67,1,7,-1,-1
63,308,813,534,33,73,1,1,-1,-1
63,309,955,83,18,35,1,1,-1,-1
63,310,768,363,68,64,1,7,-1,-1
63,311,637,572,145,68,1,7,-1,-1
63,312,894,240,21,33,1,1,-1,-1
63,313,1040,485,65,102,1,7,-1,-1
63,314,1119,756,31,78,1,1,-1,-1
64,8,945,650,68,119,1,7,-1,-1
64,19,587,397,39,54,1,2,-1,-1
64,20,1048,377,30,51,1,1,-1,-1
64,34,898,281,17,40,1,1,-1,-1
64,40,850,509,30,61,1,1,-1,-1
64,41,899,478,24,51,1,1,-1,-1
64,42,1038,288,64,122,1,5,-1,-1
64,57,801,633,25,60,1,1,-1,-1
64,58,1002,198,17,41,1,1,-1,-1
64,59,983,130,16,35,1,1,-1,-1
64,75,0,122,77,73,1,4,-1,-1
64,76,901,583,26,55,1,1,-1,-1
64,77,484,473,52,57,1,10,-1,-1
64,78,916,580,24,51,1,1,-1,-1
64,79,928,132,19,41,1,1,-1,-1
64,121,1103,496,41,68,1,1,-1,-1
64,122,817,56,52,47,1,1,-1,-1
64,123,220,92,72,64,1,4,-1,-1
64,124,1065,43,89,46,1,4,-1,-1
64,188,941,288,16,47,1,1,-1,-1
64,189,1145,939,30,53,1,2,-1,-1
64,190,921,284,22,53,1,1,-1,-1
64,307,600,399,74,67,1,7,-1,-1
64,308,813,539,33,73,1,1,-1,-1
64,309,956,85,18,35,1,1,-1,-1
64,310,769,365,68,64,1,7,-1,-1
64,311,644,568,167,78,1,7,-1,-1
64,312,895,243,21,33,1,1,-1,-1
64,313,1041,487,66,103,1,7,-1,-1
64,314,1121,761,31,78,1,1,-1,-1
65,8,946,653,69,119,1,7,-1,-1
65,19,587,399,39,54,1,2,-1,-1
65,20,1052,378,30,51,1,1,-1,-1
65,34,899,283,17,40,1,1,-1,-1
65,41,900,479,24,51,1,1,-1,-1
65,42,1040,289,64,124,1,5,-1,-1
65,57,802,639,25,60,1,1,-1,-1
65,58,1004,199,17,41,1,1,-1,-1
65,59,983,132,16,35,1,1,-1,-1
65,76,899,591,21,45,1,1,-1,-1
65,77,486,453,41,67,1,2,-1,-1
65,78,920,585,24,51,1,1,-1,-1
65,79,928,133,19,41,1,1,-1,-1
65,122,818,57,52,47,1,1,-1,-1
65,123,217,94,72,64,1,4,-1,-1
65,124,1066,44,89,46,1,4,-1,-1
65,125,950,145,17,35,1,1,-1,-1
65,126,907,500,27,57,1,1,-1,-1
65,189,1142,918,28,49,1,2,-1,-1
65,190,921,286,22,53,1,1,-1,-1
65,191,1004,499,32,66,1,1,-1,-1
65,310,770,367,68,64,1,7,-1,-1
65,311,638,577,145,68,1,7,-1,-1
65,312,895,243,21,33,1,1,-1,-1
65,313,1042,490,66,103,1,7,-1,-1
65,314,1123,766,31,78,1,1,-1,-1
65,315,1112,150,25,54,1,4,-1,-1
66,8,948,656,69,120,1,7,-1,-1
66,19,586,401,39,54,1,2,-1,-1
66,20,1056,380,30,51,1,1,-1,-1
66,34,900,285,17,40,1,1,-1,-1
66,35,956,87,18,35,1,1,-1,-1
66,41,901,480,24,51,1,1,-1,-1
66,42,1041,291,64,124,1,5,-1,-1
66,57,803,644,25,60,1,1,-1,-1
66,58,1005,200,17,41,1,1,-1,-1
66,59,983,134,16,35,1,1,-1,-1
66,77,490,451,40,66,1,2,-1,-1
66,78,920,571,27,57,1,1,-1,-1
66,79,929,134,18,41,1,1,-1,-1
66,123,216,94,72,64,1,4,-1,-1
66,124,1065,43,90,47,1,4,-1,-1
66,125,951,145,17,35,1,1,-1,-1
66,126,910,518,26,66,1,1,-1,-1
66,127,1103,326,21,55,1,1,-1,-1
66,190,922,288,22,53,1,1,-1,-1
66,191,1003,501,33,66,1,1,-1,-1
66,192,807,0,24,29,1,2,-1,-1
66,311,639,579,145,68,1,7,-1,-1
66,312,895,244,21,33,1,1,-1,-1
66,313,1043,493,67,104,1,7,-1,-1
66,314,1125,771,31,78,1,1,-1,-1
66,315,1113,151,26,54,1,4,-1,-1
66,316,941,292,16,47,1,1,-1,-1
67,8,929,653,64,113,1,7,-1,-1
67,19,586,403,39,54,1,2,-1,-1
67,20,1061,381,30,51,1,1,-1,-1
67,34,902,287,17,40,1,1,-1,-1
67,35,957,88,18,35,1,1,-1,-1
67,36,1015,107,17,28,1,1,-1,-1
67,41,902,482,24,51,1,1,-1,-1
67,42,1042,293,64,124,1,5,-1,-1
67,57,804,649,25,60,1,1,-1,-1
67,58,1007,201,17,41,1,1,-1,-1
67,59,983,135,16,35,1,1,-1,-1
67,60,230,7,67,48,1,4,-1,-1
67,78,929,592,24,51,1,1,-1,-1
67,79,930,136,18,41,1,1,-1,-1
67,80,1066,959,128,110,1,7,-1,-1
67,123,215,95,72,64,1,4,-1,-1
67,124,1065,43,91,47,1,4,-1,-1
67,125,953,146,17,35,1,1,-1,-1
67,126,908,524,27,68,1,1,-1,-1
67,127,1109,334,23,61,1,1,-1,-1
67,128,794,286,76,107,1,5,-1,-1
67,190,923,263,22,51,1,1,-1,-1
67,191,1003,503,34,67,1,1,-1,-1
67,192,804,7,29,28,1,10,-1,-1
67,313,1044,494,67,104,1,7,-1,-1
67,314,1127,776,31,78,1,1,-1,-1
67,315,1115,152,26,54,1,4,-1,-1
67,316,941,295,16,47,1,1,-1,-1
67,317,850,519,30,61,1,1,-1,-1
68,1,495,465,52,57,1,10,-1,-1
68,8,949,661,69,121,1,7,-1,-1
68,19,586,405,39,54,1,2,-1,-1
68,20,1065,383,30,51,1,1,-1,-1
68,34,902,287,17,42,1,1,-1,-1
68,35,957,89,18,35,1,1,-1,-1
68,36,1015,92,17,30,1,1,-1,-1
68,41,903,483,24,51,1,1,-1,-1
68,42,1043,295,64,124,1,5,-1,-1
68,58,1008,202,17,41,1,1,-1,-1
68,59,983,137,16,35,1,1,-1,-1
68,60,226,-6,77,56,1,4,-1,-1
68,78,933,596,24,51,1,1,-1,-1
68,79,931,137,18,41,1,1,-1,-1
68,80,1067,963,128,106,1,7,-1,-1
68,123,214,96,72,64,1,4,-1,-1
68,124,1065,43,91,47,1,4,-1,-1
68,125,954,147,17,35,1,1,-1,-1
68,126,904,552,25,55,1,1,-1,-1
68,127,1105,328,21,55,1,1,-1,-1
68,128,792,287,76,107,1,5,-1,-1
68,191,1002,506,35,66,1,1,-1,-1
68,192,808,6,29,28,1,10,-1,-1
68,315,1116,154,27,53,1,4,-1,-1
68,316,939,297,16,47,1,1,-1,-1
68,317,850,523,30,61,1,1,-1,-1
69,1,497,463,52,57,1,10,-1,-1
69,4,824,59,52,47,1,1,-1,-1
69,8,949,664,69,122,1,7,-1,-1
69,20,1070,385,30,51,1,1,-1,-1
69,34,903,287,17,44,1,1,-1,-1
69,35,958,90,18,35,1,1,-1,-1
69,36,1015,94,17,30,1,1,-1,-1
69,41,904,484,24,51,1,1,-1,-1
69,42,1045,297,64,124,1,5,-1,-1
69,59,983,139,16,35,1,1,-1,-1
69,60,225,7,67,48,1,4,-1,-1
69,79,932,139,18,41,1,1,-1,-1
69,80,1069,967,128,102,1,7,-1,-1
69,123,213,97,72,64,1,4,-1,-1
69,124,1065,43,92,47,1,4,-1,-1
69,125,956,148,17,35,1,1,-1,-1
69,126,906,555,24,55,1,1,-1,-1
69,127,1106,327,21,55,1,1,-1,-1
69,128,775,270,84,120,1,5,-1,-1
69,129,1048,498,67,104,1,7,-1,-1
69,191,1001,508,36,67,1,1,-1,-1
69,192,811,4,29,28,1,10,-1,-1
69,315,1117,155,27,53,1,4,-1,-1
69,316,938,299,16,47,1,1,-1,-1
69,317,848,526,30,62,1,1,-1,-1
69,318,1128,783,31,78,1,1,-1,-1
70,1,500,461,52,57,1,10,-1,-1
70,4,825,59,52,47,1,1,-1,-1
70,8,950,666,69,123,1,7,-1,-1
70,20,1073,387,30,51,1,1,-1,-1
70,35,958,91,18,35,1,1,-1,-1
70,36,1011,94,17,30,1,1,-1,-1
70,59,983,140,16,35,1,1,-1,-1
70,60,222,7,67,48,1,4,-1,-1
70,79,931,141,18,41,1,1,-1,-1
70,80,1070,971,128,98,1,7,-1,-1
70,125,954,149,17,35,1,1,-1,-1
70,126,909,523,26,66,1,1,-1,-1
70,127,1107,327,22,54,1,1,-1,-1
70,128,785,282,101,144,1,5,-1,-1
70,129,1049,499,67,104,1,7,-1,-1
70,130,1229,873,292,181,1,4,-1,-1
70,191,1001,510,37,67,1,1,-1,-1
70,192,815,3,29,28,1,10,-1,-1
70,316,937,301,16,47,1,1,-1,-1
70,317,846,529,30,63,1,1,-1,-1
70,318,1127,785,31,78,1,1,-1,-1
70,319,1115,507,41,68,1,1,-1,-1
71,1,503,459,52,57,1,10,-1,-1
71,4,826,60,52,47,1,1,-1,-1
71,35,959,93,18,35,1,1,-1,-1
71,36,1008,94,17,30,1,1,-1,-1
71,59,983,142,16,35,1,1,-1,-1
71,60,220,7,67,48,1,4,-1,-1
71,80,1072,975,128,94,1,7,-1,-1
71,81,895,248,21,33,1,1,-1,-1
71,125,952,151,17,35,1,1,-1,-1
71,126,909,540,27,69,1,1,-1,-1
71,127,1108,326,22,54,1,1,-1,-1
71,128,769,254,104,150,1,5,-1,-1
71,129,1051,501,67,104,1,7,-1,-1
71,130,1231,876,292,179,1,4,-1,-1
71,131,211,99,73,64,1,4,-1,-1
71,192,818,1,29,28,1,10,-1,-1
71,317,844,533,30,63,1,1,-1,-1
71,318,1126,786,31,78,1,1,-1,-1
71,319,1115,508,41,68,1,1,-1,-1
71,320,978,114,17,34,1,1,-1,-1
72,1,514,435,34,67,1,2,-1,-1
72,4,828,61,52,47,1,1,-1,-1
72,35,957,93,18,35,1,1,-1,-1
72,36,1005,94,17,30,1,1,-1,-1
72,60,217,7,67,48,1,4,-1,-1
72,80,1073,979,128,90,1,7,-1,-1
72,81,895,249,21,33,1,1,-1,-1
72,127,1109,326,23,53,1,1,-1,-1
72,128,773,296,85,123,1,5,-1,-1
72,129,1053,503,67,104,1,7,-1,-1
72,130,1233,879,292,178,1,4,-1,-1
72,131,210,100,73,64,1,4,-1,-1
72,193,929,145,18,41,1,1,-1,-1
72,194,1243,192,29,44,1,1,-1,-1
72,195,763,376,70,69,1,7,-1,-1
72,318,1126,788,31,78,1,1,-1,-1
72,319,1115,509,41,68,1,1,-1,-1
72,320,974,114,17,34,1,1,-1,-1
72,321,934,305,16,47,1,1,-1,-1
73,1,504,456,51,57,1,10,-1,-1
73,4,822,61,52,47,1,1,-1,-1
73,35,955,94,18,35,1,1,-1,-1
73,36,1013,92,17,34,1,1,-1,-1
73,60,215,8,67,48,1,4,-1,-1
73,80,1069,1010,144,97,1,7,-1,-1
73,81,892,249,21,33,1,1,-1,-1
73,128,783,292,76,109,1,5,-1,-1
73,129,1051,505,67,104,1,7,-1,-1
73,130,1235,882,292,176,1,4,-1,-1
73,131,209,101,73,64,1,4,-1,-1
73,193,928,147,18,41,1,1,-1,-1
73,194,1242,193,29,44,1,1,-1,-1
73,195,761,378,71,69,1,7,-1,-1
73,318,1125,790,31,78,1,1,-1,-1
73,319,1127,529,41,68,1,1,-1,-1
73,320,971,115,17,34,1,1,-1,-1
73,321,933,307,16,47,1,1,-1,-1
73,322,950,674,69,125,1,7,-1,-1
73,323,953,614,24,51,1,1,-1,-1
74,1,510,432,34,67,1,2,-1,-1
74,4,816,61,52,47,1,1,-1,-1
74,35,953,94,18,35,1,1,-1,-1
74,36,1004,101,24,39,1,1,-1,-1
74,60,212,8,67,48,1,4,-1,-1
74,61,771,422,25,36,1,2,-1,-1
74,62,838,543,30,65,1,1,-1,-1
74,80,1076,987,128,82,1,7,-1,-1
74,81,889,250,21,33,1,1,-1,-1
74,129,1041,494,79,123,1,7,-1,-1
74,130,1237,885,292,174,1,4,-1,-1
74,131,209,102,73,64,1,4,-1,-1
74,193,927,149,18,41,1,1,-1,-1
74,194,1241,195,29,44,1,1,-1,-1
74,195,760,379,71,70,1,7,-1,-1
74,319,1115,512,41,68,1,1,-1,-1
74,320,967,116,17,34,1,1,-1,-1
74,321,931,309,16,47,1,1,-1,-1
74,322,950,677,68,125,1,7,-1,-1
74,323,957,618,24,51,1,1,-1,-1
74,324,907,491,24,51,1,1,-1,-1
75,1,500,453,51,57,1,10,-1,-1
75,4,810,61,52,47,1,1,-1,-1
75,35,951,95,18,35,1,1,-1,-1
75,36,1013,92,17,34,1,1,-1,-1
75,60,210,8,67,48,1,4,-1,-1
75,61,770,424,25,36,1,2,-1,-1
75,62,836,546,30,66,1,1,-1,-1
75,81,886,251,21,33,1,1,-1,-1
75,129,1045,482,95,145,1,7,-1,-1
75,130,1239,889,292,172,1,4,-1,-1
75,131,202,101,73,67,1,4,-1,-1
75,132,1003,710,36,51,1,2,-1,-1
75,193,927,151,17,41,1,1,-1,-1
75,194,1242,205,33,53,1,1,-1,-1
75,195,758,380,72,71,1,7,-1,-1
75,196,334,2,82,42,1,4,-1,-1
75,320,964,117,17,34,1,1,-1,-1
75,321,930,311,16,47,1,1,-1,-1
75,322,949,680,69,125,1,7,-1,-1
75,323,961,622,24,51,1,1,-1,-1
75,324,906,492,24,52,1,1,-1,-1
75,325,872,294,23,46,1,1,-1,-1
76,1,498,451,51,57,1,10,-1,-1
76,4,805,61,52,47,1,1,-1,-1
76,35,949,96,18,35,1,1,-1,-1
76,36,1013,92,17,34,1,1,-1,-1
76,61,769,426,25,36,1,2,-1,-1
76,62,834,550,31,66,1,1,-1,-1
76,81,883,251,22,34,1,1,-1,-1
76,82,1074,816,36,78,1,1,-1,-1
76,130,1240,892,292,169,1,4,-1,-1
76,131,195,101,73,69,1,4,-1,-1
76,132,1002,713,36,51,1,2,-1,-1
76,193,924,151,17,41,1,1,-1,-1
76,194,1239,197,29,45,1,1,-1,-1
76,195,749,342,77,76,1,7,-1,-1
76,196,329,2,82,42,1,4,-1,-1
76,197,256,71,76,52,1,4,-1,-1
76,321,929,313,16,47,1,1,-1,-1
76,322,949,683,68,125,1,7,-1,-1
76,323,963,625,24,51,1,1,-1,-1
76,324,905,493,24,52,1,1,-1,-1
76,325,871,298,23,46,1,1,-1,-1
77,1,496,449,51,57,1,10,-1,-1
77,4,799,61,52,47,1,1,-1,-1
77,36,1013,92,17,34,1,1,-1,-1
77,43,950,378,22,53,1,1,-1,-1
77,61,767,427,25,36,1,2,-1,-1
77,62,832,553,31,67,1,1,-1,-1
77,81,880,252,22,34,1,1,-1,-1
77,82,1074,819,36,78,1,1,-1,-1
77,131,189,101,73,71,1,4,-1,-1
77,132,1001,715,36,51,1,2,-1,-1
77,193,921,151,17,41,1,1,-1,-1
77,194,1238,199,29,45,1,1,-1,-1
77,195,741,363,87,86,1,7,-1,-1
77,196,325,3,82,42,1,4,-1,-1
77,197,252,71,76,52,1,4,-1,-1
77,322,948,685,69,127,1,7,-1,-1
77,323,966,628,24,51,1,1,-1,-1
77,324,904,494,24,53,1,1,-1,-1
77,325,866,298,23,46,1,1,-1,-1
77,326,808,590,33,73,1,1,-1,-1
78,1,494,448,51,57,1,10,-1,-1
78,4,793,61,52,47,1,1,-1,-1
78,43,947,378,22,53,1,1,-1,-1
78,61,766,429,25,36,1,2,-1,-1
78,62,830,557,31,67,1,1,-1,-1
78,81,877,253,22,34,1,1,-1,-1
78,82,1075,823,36,78,1,1,-1,-1
78,132,1000,718,36,51,1,2,-1,-1
78,133,983,160,17,35,1,1,-1,-1
78,196,320,3,82,42,1,4,-1,-1
78,197,249,72,76,52,1,4,-1,-1
78,324,902,496,25,52,1,1,-1,-1
78,325,875,298,16,40,1,1,-1,-1
78,326,807,593,32,73,1,1,-1,-1
78,327,1083,398,30,54,1,1,-1,-1
78,328,1092,769,30,74,1,1,-1,-1
78,329,1048,43,95,47,1,4,-1,-1
79,1,492,446,51,57,1,10,-1,-1
79,4,788,61,52,47,1,1,-1,-1
79,43,945,379,22,53,1,1,-1,-1
79,61,764,430,25,36,1,2,-1,-1
79,62,828,560,31,68,1,1,-1,-1
79,82,1073,826,36,78,1,1,-1,-1
79,132,999,721,36,51,1,2,-1,-1
79,133,980,161,17,35,1,1,-1,-1
79,196,316,4,82,42,1,4,-1,-1
79,197,246,72,76,52,1,4,-1,-1
79,325,880,300,20,47,1,1,-1,-1
79,326,805,597,32,73,1,1,-1,-1
79,327,1082,398,30,55,1,1,-1,-1
79,328,1090,760,32,76,1,1,-1,-1
79,329,1045,43,95,47,1,4,-1,-1
79,330,1121,799,30,78,1,1,-1,-1
80,1,498,423,34,67,1,2,-1,-1
80,4,784,61,52,47,1,1,-1,-1
80,43,941,379,22,53,1,1,-1,-1
80,61,763,432,25,36,1,2,-1,-1
80,62,826,563,31,69,1,1,-1,-1
80,82,1072,829,35,78,1,1,-1,-1
80,83,622,616,159,68,1,7,-1,-1
80,132,997,723,36,51,1,2,-1,-1
80,133,976,161,17,35,1,1,-1,-1
80,134,974,93,17,29,1,1,-1,-1
80,196,311,4,82,42,1,4,-1,-1
80,197,243,73,76,52,1,4,-1,-1
80,198,190,9,67,48,1,4,-1,-1
80,199,1014,337,58,113,1,5,-1,-1
80,326,804,601,32,73,1,1,-1,-1
80,327,1089,376,36,66,1,1,-1,-1
80,328,1090,763,31,77,1,1,-1,-1
80,329,1039,43,95,47,1,4,-1,-1
80,330,1120,801,31,78,1,1,-1,-1
80,331,955,153,16,35,1,1,-1,-1
81,1,496,422,34,67,1,2,-1,-1
81,4,781,62,52,47,1,1,-1,-1
81,43,938,380,22,53,1,1,-1,-1
81,61,762,434,25,36,1,2,-1,-1
81,62,824,567,31,69,1,1,-1,-1
81,82,1070,832,35,78,1,1,-1,-1
81,83,618,619,161,68,1,7,-1,-1
81,132,995,726,36,51,1,2,-1,-1
81,133,972,161,17,35,1,1,-1,-1
81,134,970,93,17,29,1,1,-1,-1
81,135,651,632,36,48,1,2,-1,-1
81,136,891,254,16,38,1,1,-1,-1
81,197,237,73,76,52,1,4,-1,-1
81,198,184,9,67,48,1,4,-1,-1
81,199,1025,307,64,124,1,5,-1,-1
81,200,943,266,17,41,1,1,-1,-1
81,326,802,604,32,73,1,1,-1,-1
81,327,1081,399,31,57,1,1,-1,-1
81,328,1091,778,35,85,1,1,-1,-1
81,329,1034,43,95,47,1,4,-1,-1
81,330,1120,803,30,78,1,1,-1,-1
81,331,951,154,16,35,1,1,-1,-1
81,332,749,388,75,75,1,7,-1,-1
82,1,487,443,51,57,1,10,-1,-1
82,4,778,63,52,47,1,1,-1,-1
82,43,935,380,22,53,1,1,-1,-1
82,61,760,435,25,36,1,2,-1,-1
82,62,822,570,31,70,1,1,-1,-1
82,63,847,304,21,46,1,1,-1,-1
82,82,1069,835,34,78,1,1,-1,-1
82,83,614,622,163,68,1,7,-1,-1
82,84,863,365,23,53,1,1,-1,-1
82,133,968,161,17,35,1,1,-1,-1
82,134,967,95,17,35,1,1,-1,-1
82,135,648,635,36,48,1,2,-1,-1
82,136,886,254,17,39,1,1,-1,-1
82,137,868,307,21,47,1,1,-1,-1
82,198,190,14,66,48,1,4,-1,-1
82,199,1010,323,75,146,1,5,-1,-1
82,200,940,269,17,41,1,1,-1,-1
82,327,1081,400,30,57,1,1,-1,-1
82,328,1089,770,31,77,1,1,-1,-1
82,329,1032,37,85,42,1,4,-1,-1
82,330,1119,804,30,78,1,1,-1,-1
82,331,947,155,16,35,1,1,-1,-1
82,332,748,390,75,75,1,7,-1,-1
83,1,492,422,34,67,1,2,-1,-1
83,4,775,64,52,47,1,1,-1,-1
83,43,931,381,22,53,1,1,-1,-1
83,63,844,306,21,46,1,1,-1,-1
83,82,1067,838,34,78,1,1,-1,-1
83,83,610,625,165,68,1,7,-1,-1
83,84,859,367,23,53,1,1,-1,-1
83,133,965,162,17,35,1,1,-1,-1
83,134,959,97,17,29,1,1,-1,-1
83,135,645,638,36,48,1,2,-1,-1
83,136,882,254,16,41,1,1,-1,-1
83,137,864,310,21,47,1,1,-1,-1
83,138,1067,0,39,31,1,4,-1,-1
83,198,173,11,67,48,1,4,-1,-1
83,199,1020,309,64,124,1,5,-1,-1
83,200,938,271,17,41,1,1,-1,-1
83,330,1118,806,30,78,1,1,-1,-1
83,331,944,156,16,35,1,1,-1,-1
83,332,746,391,76,76,1,7,-1,-1
84,1,485,443,51,57,1,10,-1,-1
84,4,771,64,52,47,1,1,-1,-1
84,43,928,381,22,53,1,1,-1,-1
84,63,841,308,21,46,1,1,-1,-1
84,64,1077,761,34,84,1,1,-1,-1
84,83,606,629,168,67,1,7,-1,-1
84,84,855,370,23,53,1,1,-1,-1
84,85,901,349,18,44,1,1,-1,-1
84,133,964,162,16,35,1,1,-1,-1
84,134,956,98,17,29,1,1,-1,-1
84,135,643,641,36,48,1,2,-1,-1
84,136,878,255,16,42,1,1,-1,-1
84,137,861,313,21,47,1,1,-1,-1
84,138,1063,1,39,31,1,4,-1,-1
84,198,169,12,67,48,1,4,-1,-1
84,199,1017,310,64,124,1,5,-1,-1
84,200,935,273,17,41,1,1,-1,-1
84,331,942,157,16,35,1,1,-1,-1
84,332,745,392,76,77,1,7,-1,-1
84,333,599,701,142,62,1,7,-1,-1
84,334,910,170,17,35,1,1,-1,-1
84,335,946,363,17,41,1,1,-1,-1
84,336,1222,209,28,45,1,1,-1,-1
84,337,221,73,76,52,1,4,-1,-1
85,1,484,443,51,57,1,10,-1,-1
85,4,768,65,52,47,1,1,-1,-1
85,21,890,161,17,41,1,1,-1,-1
85,43,927,372,24,58,1,1,-1,-1
85,63,840,309,21,46,1,1,-1,-1
85,64,1090,781,31,76,1,1,-1,-1
85,83,598,632,187,75,1,7,-1,-1
85,84,855,372,23,53,1,1,-1,-1
85,85,905,330,16,47,1,1,-1,-1
85,134,953,99,17,29,1,1,-1,-1
85,135,643,643,36,48,1,2,-1,-1
85,136,876,257,16,42,1,1,-1,-1
85,137,860,314,21,47,1,1,-1,-1
85,138,1063,1,39,31,1,4,-1,-1
85,139,213,476,146,149,1,6,-1,-1
85,198,165,13,67,48,1,4,-1,-1
85,199,1014,311,64,124,1,5,-1,-1
85,200,932,276,17,41,1,1,-1,-1
85,201,929,125,17,34,1,1,-1,-1
85,332,743,394,77,77,1,7,-1,-1
85,333,593,694,166,72,1,7,-1,-1
85,334,907,172,17,35,1,1,-1,-1
85,335,947,364,17,41,1,1,-1,-1
85,336,1221,210,28,46,1,1,-1,-1
85,337,216,73,76,52,1,4,-1,-1
85,338,894,504,26,55,1,1,-1,-1
85,339,1068,844,34,78,1,1,-1,-1
86,1,483,443,51,57,1,10,-1,-1
86,21,888,161,17,41,1,1,-1,-1
86,43,925,384,22,53,1,1,-1,-1
86,63,839,310,21,46,1,1,-1,-1
86,64,1091,785,31,76,1,1,-1,-1
86,83,606,633,168,67,1,7,-1,-1
86,84,855,375,23,53,1,1,-1,-1
86,85,902,332,16,47,1,1,-1,-1
86,134,959,103,16,28,1,1,-1,-1
86,135,643,646,36,48,1,2,-1,-1
86,136,875,259,16,42,1,1,-1,-1
86,137,860,315,21,47,1,1,-1,-1
86,138,1063,1,39,31,1,4,-1,-1
86,139,219,470,144,149,1,6,-1,-1
86,140,549,438,74,76,1,7,-1,-1
86,141,1014,46,95,47,1,4,-1,-1
86,200,929,278,17,41,1,1,-1,-1
86,201,928,127,17,34,1,1,-1,-1
86,202,965,97,18,36,1,1,-1,-1
86,333,590,698,167,72,1,7,-1,-1
86,334,906,174,17,35,1,1,-1,-1
86,335,951,368,16,38,1,1,-1,-1
86,336,1221,212,27,45,1,1,-1,-1
86,337,211,73,76,52,1,4,-1,-1
86,338,893,505,25,55,1,1,-1,-1
86,339,1070,846,34,78,1,1,-1,-1
86,340,806,730,48,91,1,1,-1,-1
87,1,482,443,51,57,1,10,-1,-1
87,21,886,161,17,41,1,1,-1,-1
87,63,839,311,21,46,1,1,-1,-1
87,64,1093,788,31,76,1,1,-1,-1
87,83,606,635,168,67,1,7,-1,-1
87,84,855,377,23,53,1,1,-1,-1
87,85,899,334,16,47,1,1,-1,-1
87,135,643,648,36,48,1,2,-1,-1
87,136,873,261,16,42,1,1,-1,-1
87,137,859,317,21,47,1,1,-1,-1
87,138,1063,1,39,31,1,4,-1,-1
87,139,225,464,142,149,1,6,-1,-1
87,140,551,442,70,77,1,7,-1,-1
87,141,1015,46,95,47,1,4,-1,-1
87,201,927,129,17,34,1,1,-1,-1
87,202,970,92,17,34,1,1,-1,-1
87,203,156,15,67,48,1,4,-1,-1
87,204,947,101,17,29,1,1,-1,-1
87,205,954,272,17,35,1,1,-1,-1
87,333,601,678,191,82,1,7,-1,-1
87,334,906,176,17,35,1,1,-1,-1
87,335,949,367,17,41,1,1,-1,-1
87,336,1220,213,27,46,1,1,-1,-1
87,337,209,74,76,52,1,4,-1,-1
87,338,892,506,25,56,1,1,-1,-1
87,339,1073,849,34,78,1,1,-1,-1
87,340,806,737,48,90,1,1,-1,-1
88,1,483,442,51,57,1,10,-1,-1
88,21,885,162,17,41,1,1,-1,-1
88,44,878,561,36,62,1,1,-1,-1
88,63,838,313,21,46,1,1,-1,-1
88,64,1096,790,31,77,1,1,-1,-1
88,84,855,380,23,53,1,1,-1,-1
88,85,900,337,16,47,1,1,-1,-1
88,86,4,765,145,193,1,4,-1,-1
88,87,739,398,78,79,1,7,-1,-1
88,137,859,318,21,47,1,1,-1,-1
88,138,1063,1,39,31,1,4,-1,-1
88,139,231,458,140,149,1,6,-1,-1
88,140,551,443,70,77,1,7,-1,-1
88,141,1016,47,95,47,1,4,-1,-1
88,142,854,536,26,69,1,1,-1,-1
88,201,927,132,17,34,1,1,-1,-1
88,202,970,92,17,34,1,1,-1,-1
88,203,152,17,67,48,1,4,-1,-1
88,204,944,102,17,29,1,1,-1,-1
88,205,954,272,17,35,1,1,-1,-1
88,206,854,267,23,34,1,1,-1,-1
88,333,587,704,169,72,1,7,-1,-1
88,334,906,178,17,35,1,1,-1,-1
88,335,950,368,17,41,1,1,-1,-1
88,336,1219,215,28,45,1,1,-1,-1
88,337,205,62,88,60,1,4,-1,-1
88,338,890,511,29,56,1,1,-1,-1
88,339,1075,851,34,78,1,1,-1,-1
88,340,806,743,48,90,1,1,-1,-1
89,1,485,441,51,57,1,10,-1,-1
89,21,885,163,17,41,1,1,-1,-1
89,44,878,561,36,63,1,1,-1,-1
89,63,838,314,21,46,1,1,-1,-1
89,64,1096,796,31,75,1,1,-1,-1
89,84,855,382,23,53,1,1,-1,-1
89,85,901,340,16,47,1,1,-1,-1
89,86,13,750,148,190,1,4,-1,-1
89,87,737,399,79,80,1,7,-1,-1
89,138,1063,1,39,31,1,4,-1,-1
89,139,239,451,138,146,1,6,-1,-1
89,140,552,444,70,77,1,7,-1,-1
89,141,1017,47,95,47,1,4,-1,-1
89,142,854,537,27,69,1,1,-1,-1
89,201,928,133,17,34,1,1,-1,-1
89,202,970,92,17,34,1,1,-1,-1
89,203,151,17,68,48,1,4,-1,-1
89,204,943,102,17,30,1,1,-1,-1
89,205,955,273,16,35,1,1,-1,-1
89,206,854,268,23,34,1,1,-1,-1
89,207,810,630,30,72,1,1,-1,-1
89,208,1006,677,24,52,1,1,-1,-1
89,338,895,531,30,58,1,1,-1,-1
89,339,1077,854,34,78,1,1,-1,-1
89,340,807,749,47,91,1,1,-1,-1
89,341,870,265,16,42,1,1,-1,-1
90,1,487,440,51,57,1,10,-1,-1
90,21,886,165,17,41,1,1,-1,-1
90,44,879,561,36,64,1,1,-1,-1
90,63,837,315,21,46,1,1,-1,-1
90,64,1097,799,31,76,1,1,-1,-1
90,85,902,343,16,47,1,1,-1,-1
90,86,22,735,152,187,1,4,-1,-1
90,87,736,400,79,81,1,7,-1,-1
90,88,942,722,68,131,1,7,-1,-1
90,139,247,444,137,144,1,6,-1,-1
90,140,543,428,58,81,1,2,-1,-1
90,141,1018,48,95,47,1,4,-1,-1
90,142,855,537,26,71,1,1,-1,-1
90,201,929,134,17,34,1,1,-1,-1
90,202,970,92,17,34,1,1,-1,-1
90,203,150,17,69,48,1,4,-1,-1
90,204,943,102,17,31,1,1,-1,-1
90,205,956,274,16,35,1,1,-1,-1
90,206,854,269,23,34,1,1,-1,-1
90,207,812,633,29,72,1,1,-1,-1
90,208,1006,660,24,51,1,1,-1,-1
90,340,807,755,47,91,1,1,-1,-1
90,341,869,267,16,42,1,1,-1,-1
91,1,494,421,34,67,1,2,-1,-1
91,21,887,166,17,41,1,1,-1,-1
91,44,879,561,36,65,1,1,-1,-1
91,64,1099,803,31,75,1,1,-1,-1
91,85,904,346,16,47,1,1,-1,-1
91,86,31,720,156,184,1,4,-1,-1
91,87,735,402,79,81,1,7,-1,-1
91,88,942,725,68,132,1,7,-1,-1
91,139,255,437,136,142,1,6,-1,-1
91,140,553,447,70,77,1,7,-1,-1
91,141,1019,48,95,47,1,4,-1,-1
91,142,856,538,26,71,1,1,-1,-1
91,143,856,245,23,29,1,1,-1,-1
91,202,970,92,17,34,1,1,-1,-1
91,203,149,18,70,47,1,4,-1,-1
91,204,943,102,17,33,1,1,-1,-1
91,205,957,275,16,36,1,1,-1,-1
91,206,867,269,16,42,1,1,-1,-1
91,207,811,605,31,75,1,1,-1,-1
91,208,1012,662,23,51,1,1,-1,-1
91,209,252,103,72,54,1,4,-1,-1
91,341,849,262,32,47,1,1,-1,-1
92,1,491,438,51,57,1,10,-1,-1
92,21,888,168,17,41,1,1,-1,-1
92,44,879,561,36,66,1,1,-1,-1
92,64,1100,806,31,76,1,1,-1,-1
92,86,40,705,159,181,1,4,-1,-1
92,87,736,404,79,81,1,7,-1,-1
92,88,943,727,70,132,1,7,-1,-1
92,140,554,449,70,77,1,7,-1,-1
92,141,1020,49,95,47,1,4,-1,-1
92,142,856,538,27,73,1,1,-1,-1
92,143,856,246,23,29,1,1,-1,-1
92,203,148,18,71,47,1,4,-1,-1
92,204,943,102,16,34,1,1,-1,-1
92,205,958,276,16,37,1,1,-1,-1
92,206,854,271,23,34,1,1,-1,-1
92,207,810,609,31,76,1,1,-1,-1
92,208,1018,664,23,51,1,1,-1,-1
92,209,248,106,73,53,1,4,-1,-1
92,210,544,449,39,53,1,2,-1,-1
92,211,600,651,153,62,1,7,-1,-1
92,212,855,391,23,53,1,1,-1,-1
92,213,915,104,17,35,1,1,-1,-1
92,214,932,137,17,34,1,1,-1,-1
92,215,948,823,40,97,1,1,-1,-1
92,216,1247,208,28,40,1,1,-1,-1
92,217,1217,221,27,46,1,1,-1,-1
92,341,866,271,16,42,1,1,-1,-1
93,1,492,437,51,57,1,10,-1,-1
93,21,889,169,17,41,1,1,-1,-1
93,44,879,561,36,67,1,1,-1,-1
93,86,50,690,162,178,1,4,-1,-1
93,87,737,406,79,81,1,7,-1,-1
93,88,951,711,84,151,1,7,-1,-1
93,142,857,539,27,73,1,1,-1,-1
93,143,856,248,23,29,1,1,-1,-1
93,206,854,272,23,34,1,1,-1,-1
93,207,809,613,31,76,1,1,-1,-1
93,208,1024,666,23,51,1,1,-1,-1
93,209,244,109,74,53,1,4,-1,-1
93,210,550,431,46,62,1,2,-1,-1
93,211,608,649,168,68,1,7,-1,-1
93,212,856,394,23,53,1,1,-1,-1
93,213,916,105,17,35,1,1,-1,-1
93,214,933,138,17,34,1,1,-1,-1
93,215,949,824,40,97,1,1,-1,-1
93,216,1247,207,28,40,1,1,-1,-1
93,217,1220,223,27,46,1,1,-1,-1
93,341,865,273,16,42,1,1,-1,-1
93,342,645,664,36,48,1,2,-1,-1
93,343,772,790,39,68,1,1,-1,-1
93,344,970,92,17,34,1,1,-1,-1
93,345,1104,843,39,89,1,1,-1,-1
94,1,494,436,51,57,1,10,-1,-1
94,21,890,171,17,41,1,1,-1,-1
94,44,880,561,36,68,1,1,-1,-1
94,86,59,675,166,175,1,4,-1,-1
94,87,728,407,88,90,1,7,-1,-1
94,88,945,732,76,131,1,7,-1,-1
94,142,858,539,26,75,1,1,-1,-1
94,143,856,248,23,29,1,1,-1,-1
94,207,808,617,31,77,1,1,-1,-1
94,208,1030,668,23,51,1,1,-1,-1
94,209,241,112,75,53,1,4,-1,-1
94,210,545,451,39,53,1,2,-1,-1
94,211,609,652,168,68,1,7,-1,-1
94,212,856,397,23,53,1,1,-1,-1
94,213,917,106,17,35,1,1,-1,-1
94,214,935,139,17,34,1,1,-1,-1
94,215,949,826,40,97,1,1,-1,-1
94,216,1250,194,28,40,1,1,-1,-1
94,217,1224,225,27,46,1,1,-1,-1
94,342,638,649,42,56,1,2,-1,-1
94,343,771,795,40,68,1,1,-1,-1
94,344,970,92,17,34,1,1,-1,-1
94,345,1103,814,31,75,1,1,-1,-1
95,1,496,435,51,57,1,10,-1,-1
95,21,890,173,17,41,1,1,-1,-1
95,44,880,561,36,69,1,1,-1,-1
95,86,68,660,169,172,1,4,-1,-1
95,87,747,411,72,73,1,7,-1,-1
95,88,946,734,79,131,1,7,-1,-1
95,143,856,248,23,29,1,1,-1,-1
95,209,237,115,75,53,1,4,-1,-1
95,210,543,449,44,60,1,2,-1,-1
95,211,579,646,172,69,1,7,-1,-1
95,212,857,400,23,53,1,1,-1,-1
95,213,918,107,17,35,1,1,-1,-1
95,214,936,140,17,34,1,1,-1,-1
95,215,925,810,48,116,1,1,-1,-1
95,216,1248,206,28,40,1,1,-1,-1
95,217,1227,228,27,46,1,1,-1,-1
95,342,645,669,36,48,1,2,-1,-1
95,343,771,801,40,67,1,1,-1,-1
95,344,969,95,17,35,1,1,-1,-1
95,345,1105,817,31,75,1,1,-1,-1
96,1,505,421,34,67,1,2,-1,-1
96,21,891,176,17,41,1,1,-1,-1
96,44,880,561,36,70,1,1,-1,-1
96,88,947,736,82,131,1,7,-1,-1
96,143,856,248,23,29,1,1,-1,-1
96,209,233,119,75,53,1,4,-1,-1
96,210,546,453,39,53,1,2,-1,-1
96,211,610,658,169,68,1,7,-1,-1
96,212,857,400,23,53,1,1,-1,-1
96,213,914,96,16,40,1,1,-1,-1
96,214,938,142,17,34,1,1,-1,-1
96,215,949,829,40,97,1,1,-1,-1
96,216,1249,206,28,40,1,1,-1,-1
96,217,1231,230,27,46,1,1,-1,-1
96,342,645,672,36,48,1,2,-1,-1
96,343,770,807,41,66,1,1,-1,-1
96,344,969,99,17,35,1,1,-1,-1
96,345,1106,821,31,75,1,1,-1,-1
97,1,500,433,51,57,1,10,-1,-1
97,21,892,179,17,41,1,1,-1,-1
97,44,888,540,30,58,1,1,-1,-1
97,88,949,739,84,131,1,7,-1,-1
97,143,856,248,23,29,1,1,-1,-1
97,210,547,454,39,53,1,2,-1,-1
97,211,611,662,169,68,1,7,-1,-1
97,212,857,400,23,53,1,1,-1,-1
97,213,918,111,17,35,1,1,-1,-1
97,214,938,142,17,34,1,1,-1,-1
97,215,950,831,40,97,1,1,-1,-1
97,216,1250,206,28,40,1,1,-1,-1
97,217,1232,239,38,54,1,1,-1,-1
97,342,646,675,36,48,1,2,-1,-1
97,343,770,813,42,66,1,1,-1,-1
97,344,969,103,17,35,1,1,-1,-1
97,345,1108,825,31,75,1,1,-1,-1
