1,60,639,383,31,75,1,1,-1,-1
1,61,607,359,20,59,1,1,-1,-1
1,104,700,343,20,51,1,2,-1,-1
1,249,580,356,23,67,1,1,-1,-1
1,351,712,379,45,54,1,2,-1,-1
2,60,649,362,25,73,1,1,-1,-1
2,61,607,358,20,59,1,1,-1,-1
2,104,700,343,20,51,1,2,-1,-1
2,105,685,363,22,58,1,1,-1,-1
2,129,702,405,61,50,1,10,-1,-1
2,249,579,355,23,67,1,1,-1,-1
2,351,712,379,45,54,1,2,-1,-1
3,60,639,382,31,75,1,1,-1,-1
3,61,612,346,18,53,1,1,-1,-1
3,104,697,333,23,57,1,1,-1,-1
3,105,685,363,22,58,1,1,-1,-1
3,129,702,405,61,50,1,10,-1,-1
3,249,579,355,23,67,1,1,-1,-1
3,351,712,379,45,54,1,2,-1,-1
4,60,639,382,31,75,1,1,-1,-1
4,61,607,358,20,59,1,1,-1,-1
4,104,700,343,20,51,1,2,-1,-1
4,105,685,363,22,58,1,1,-1,-1
4,106,979,511,46,114,1,1,-1,-1
4,129,702,405,61,50,1,10,-1,-1
4,249,579,355,23,67,1,1,-1,-1
4,351,713,379,45,54,1,2,-1,-1
5,60,639,382,31,75,1,1,-1,-1
5,61,598,369,24,67,1,1,-1,-1
5,104,706,347,20,49,1,1,-1,-1
5,105,686,363,22,58,1,1,-1,-1
5,106,981,513,46,115,1,1,-1,-1
5,107,956,498,39,95,1,1,-1,-1
5,129,702,405,61,50,1,10,-1,-1
5,249,579,347,26,72,1,1,-1,-1
6,60,639,382,31,75,1,1,-1,-1
6,61,607,358,20,59,1,1,-1,-1
6,104,700,343,20,52,1,2,-1,-1
6,105,686,363,22,58,1,1,-1,-1
6,106,968,536,57,143,1,1,-1,-1
6,107,958,500,38,96,1,1,-1,-1
6,129,702,405,61,50,1,10,-1,-1
7,60,644,362,25,73,1,1,-1,-1
7,61,603,331,24,71,1,1,-1,-1
7,104,700,343,20,52,1,2,-1,-1
7,105,686,362,22,58,1,1,-1,-1
7,106,985,516,46,117,1,1,-1,-1
7,107,959,501,39,97,1,1,-1,-1
7,129,702,406,61,49,1,10,-1,-1
7,250,527,313,16,22,1,3,-1,-1
7,251,672,367,20,51,1,1,-1,-1
8,60,643,362,25,73,1,1,-1,-1
8,61,608,358,20,59,1,1,-1,-1
8,104,700,343,20,52,1,2,-1,-1
8,105,687,362,22,58,1,1,-1,-1
8,106,986,518,47,117,1,1,-1,-1
8,107,960,503,39,97,1,1,-1,-1
8,129,702,406,61,49,1,10,-1,-1
8,250,527,313,17,22,1,3,-1,-1
8,251,672,367,20,51,1,1,-1,-1
9,60,643,362,25,73,1,1,-1,-1
9,61,608,368,17,52,1,1,-1,-1
9,105,687,362,22,58,1,1,-1,-1
9,106,988,520,47,118,1,1,-1,-1
9,107,956,502,31,80,1,1,-1,-1
9,250,527,313,17,22,1,3,-1,-1
9,251,671,367,20,51,1,1,-1,-1
10,60,639,381,31,75,1,1,-1,-1
10,61,614,367,18,54,1,1,-1,-1
10,106,990,521,47,119,1,1,-1,-1
10,107,963,506,39,99,1,1,-1,-1
10,172,705,379,42,59,1,8,-1,-1
10,250,527,312,17,23,1,3,-1,-1
10,251,671,367,20,51,1,1,-1,-1
10,252,811,402,19,77,1,1,-1,-1
11,106,992,523,48,120,1,1,-1,-1
11,107,965,508,39,100,1,1,-1,-1
11,172,703,406,61,50,1,10,-1,-1
11,173,704,364,52,74,1,8,-1,-1
11,250,527,312,17,23,1,3,-1,-1
11,251,671,367,20,51,1,1,-1,-1
11,252,811,402,19,77,1,1,-1,-1
12,38,994,529,32,84,1,1,-1,-1
12,62,642,362,25,73,1,1,-1,-1
12,107,966,509,40,101,1,1,-1,-1
12,172,703,406,61,50,1,10,-1,-1
12,173,704,364,52,74,1,8,-1,-1
12,252,811,402,19,77,1,1,-1,-1
13,38,995,531,33,84,1,1,-1,-1
13,62,639,381,31,75,1,1,-1,-1
13,172,703,407,61,49,1,10,-1,-1
13,173,704,364,53,74,1,8,-1,-1
13,174,527,312,17,23,1,3,-1,-1
13,252,811,402,19,77,1,1,-1,-1
13,253,670,367,20,51,1,1,-1,-1
13,254,930,515,42,79,1,1,-1,-1
14,38,997,533,33,85,1,1,-1,-1
14,39,601,367,23,67,1,1,-1,-1
14,62,639,381,31,75,1,1,-1,-1
14,172,703,407,61,49,1,10,-1,-1
14,173,704,365,53,73,1,8,-1,-1
14,174,527,312,17,23,1,3,-1,-1
14,252,811,402,19,77,1,1,-1,-1
14,253,669,367,20,51,1,1,-1,-1
14,254,936,528,41,79,1,1,-1,-1
15,38,999,534,33,86,1,1,-1,-1
15,39,601,366,23,68,1,1,-1,-1
15,62,639,381,31,75,1,1,-1,-1
15,172,703,407,61,49,1,10,-1,-1
15,173,704,365,53,74,1,8,-1,-1
15,174,527,312,18,23,1,3,-1,-1
15,253,669,367,20,51,1,1,-1,-1
15,254,938,530,41,78,1,1,-1,-1
15,255,649,299,29,22,1,10,-1,-1
16,38,1001,536,34,86,1,1,-1,-1
16,39,602,366,22,68,1,1,-1,-1
16,62,639,381,31,75,1,1,-1,-1
16,173,704,365,53,74,1,8,-1,-1
16,174,527,312,18,23,1,3,-1,-1
16,253,669,367,20,51,1,1,-1,-1
16,254,939,532,41,78,1,1,-1,-1
16,255,649,299,29,22,1,10,-1,-1
17,38,1004,538,34,86,1,1,-1,-1
17,39,602,366,23,67,1,1,-1,-1
17,62,639,380,31,75,1,1,-1,-1
17,174,527,312,18,23,1,3,-1,-1
17,253,668,367,20,51,1,1,-1,-1
17,254,941,533,41,79,1,1,-1,-1
17,255,649,299,29,22,1,10,-1,-1
18,38,1006,540,34,86,1,1,-1,-1
18,39,602,366,23,67,1,1,-1,-1
18,62,641,362,25,73,1,1,-1,-1
18,174,527,311,18,24,1,3,-1,-1
18,175,536,299,15,35,1,1,-1,-1
18,255,649,299,29,22,1,10,-1,-1
19,38,1008,541,35,87,1,1,-1,-1
19,39,590,347,27,81,1,1,-1,-1
19,62,639,380,31,75,1,1,-1,-1
19,175,536,299,15,35,1,1,-1,-1
19,255,649,299,29,22,1,10,-1,-1
20,38,1011,543,35,87,1,1,-1,-1
20,39,580,352,23,67,1,1,-1,-1
20,62,641,362,25,73,1,1,-1,-1
20,175,536,299,15,35,1,1,-1,-1
21,38,1013,545,35,87,1,1,-1,-1
21,39,580,352,23,67,1,1,-1,-1
21,62,639,380,31,75,1,1,-1,-1
21,175,536,299,15,35,1,1,-1,-1
21,256,734,388,24,73,1,1,-1,-1
22,38,1015,547,36,87,1,1,-1,-1
22,39,580,352,23,67,1,1,-1,-1
22,175,536,300,15,35,1,1,-1,-1
22,256,734,389,25,73,1,1,-1,-1
23,38,1018,548,36,88,1,1,-1,-1
23,39,580,352,23,67,1,1,-1,-1
23,175,536,300,15,35,1,1,-1,-1
23,256,735,389,24,73,1,1,-1,-1
23,257,639,380,31,75,1,1,-1,-1
24,39,580,351,23,67,1,1,-1,-1
24,63,692,359,22,58,1,1,-1,-1
24,176,649,299,29,22,1,10,-1,-1
24,256,735,389,25,74,1,1,-1,-1
24,257,651,360,28,83,1,1,-1,-1
25,39,580,351,23,67,1,1,-1,-1
25,63,692,359,22,58,1,1,-1,-1
25,176,649,298,29,22,1,10,-1,-1
25,177,990,531,42,111,1,1,-1,-1
25,256,735,389,25,74,1,1,-1,-1
25,257,639,379,31,75,1,1,-1,-1
26,63,692,359,22,58,1,1,-1,-1
26,86,722,382,45,54,1,2,-1,-1
26,176,649,298,29,22,1,10,-1,-1
26,177,993,533,42,111,1,1,-1,-1
26,257,639,379,31,75,1,1,-1,-1
27,22,613,356,20,59,1,1,-1,-1
27,63,699,378,18,50,1,2,-1,-1
27,86,722,382,45,54,1,2,-1,-1
27,176,650,298,29,22,1,10,-1,-1
27,177,996,534,42,113,1,1,-1,-1
27,257,641,361,25,73,1,1,-1,-1
28,22,618,348,22,64,1,1,-1,-1
28,63,692,358,22,58,1,1,-1,-1
28,86,722,382,45,54,1,2,-1,-1
28,130,713,337,23,57,1,1,-1,-1
28,176,650,298,29,22,1,10,-1,-1
28,177,999,536,42,113,1,1,-1,-1
29,4,641,360,25,73,1,1,-1,-1
29,22,614,356,20,59,1,1,-1,-1
29,63,692,358,22,58,1,1,-1,-1
29,86,723,382,45,54,1,2,-1,-1
29,130,713,337,23,57,1,1,-1,-1
29,176,651,298,29,22,1,10,-1,-1
29,177,1001,538,43,114,1,1,-1,-1
30,4,639,379,31,75,1,1,-1,-1
30,22,606,364,24,68,1,1,-1,-1
30,63,692,358,22,58,1,1,-1,-1
30,86,723,383,45,54,1,2,-1,-1
30,130,713,337,23,57,1,1,-1,-1
30,177,1024,539,36,97,1,1,-1,-1
31,4,640,379,31,75,1,1,-1,-1
31,22,615,355,20,59,1,1,-1,-1
31,63,692,357,22,58,1,1,-1,-1
31,86,724,383,45,54,1,2,-1,-1
31,130,713,338,23,57,1,1,-1,-1
31,178,663,366,20,51,1,1,-1,-1
32,4,641,378,31,75,1,1,-1,-1
32,22,608,363,24,68,1,1,-1,-1
32,63,692,357,22,58,1,1,-1,-1
32,86,732,382,46,61,1,8,-1,-1
32,130,713,338,23,57,1,1,-1,-1
32,178,662,366,20,51,1,1,-1,-1
33,4,642,378,31,75,1,1,-1,-1
33,22,617,355,20,59,1,1,-1,-1
33,63,692,357,22,58,1,1,-1,-1
33,86,724,383,45,54,1,2,-1,-1
33,130,714,338,23,57,1,1,-1,-1
33,178,662,366,20,51,1,1,-1,-1
33,258,527,310,20,24,1,3,-1,-1
34,4,641,360,25,73,1,1,-1,-1
34,22,610,363,24,68,1,1,-1,-1
34,86,725,383,45,54,1,2,-1,-1
34,87,1050,570,39,92,1,1,-1,-1
34,130,715,338,23,57,1,1,-1,-1
34,178,662,366,20,51,1,1,-1,-1
34,258,527,309,20,25,1,3,-1,-1
35,4,644,378,31,75,1,1,-1,-1
35,22,611,363,24,68,1,1,-1,-1
35,29,707,368,55,75,1,8,-1,-1
35,87,1053,572,40,93,1,1,-1,-1
35,178,662,365,20,51,1,1,-1,-1
35,258,527,309,20,25,1,3,-1,-1
36,4,641,360,25,73,1,1,-1,-1
36,22,612,362,24,68,1,1,-1,-1
36,29,715,364,67,90,1,8,-1,-1
36,87,1057,574,39,93,1,1,-1,-1
36,178,663,365,20,51,1,1,-1,-1
36,258,527,309,21,25,1,3,-1,-1
36,259,716,338,23,57,1,1,-1,-1
37,4,641,359,25,73,1,1,-1,-1
37,22,613,362,24,68,1,1,-1,-1
37,29,709,368,55,74,1,8,-1,-1
37,87,1060,576,40,94,1,1,-1,-1
37,258,527,309,21,25,1,3,-1,-1
37,259,717,339,23,57,1,1,-1,-1
38,4,650,359,34,83,1,1,-1,-1
38,22,614,362,24,68,1,1,-1,-1
38,29,710,368,55,74,1,8,-1,-1
38,87,1063,578,40,94,1,1,-1,-1
38,259,718,339,23,57,1,1,-1,-1
38,260,588,349,23,67,1,1,-1,-1
39,4,642,359,26,73,1,1,-1,-1
39,22,615,362,24,68,1,1,-1,-1
39,29,711,368,54,74,1,8,-1,-1
39,87,1066,580,41,95,1,1,-1,-1
39,259,719,339,23,57,1,1,-1,-1
39,260,589,349,23,67,1,1,-1,-1
40,4,643,359,26,73,1,1,-1,-1
40,22,616,362,24,68,1,1,-1,-1
40,29,698,350,61,86,1,8,-1,-1
40,87,1069,582,41,95,1,1,-1,-1
40,259,728,328,17,46,1,2,-1,-1
40,260,590,349,23,67,1,1,-1,-1
40,261,658,298,29,22,1,10,-1,-1
41,4,644,359,26,73,1,1,-1,-1
41,22,617,361,24,68,1,1,-1,-1
41,29,714,367,53,74,1,8,-1,-1
41,87,1073,584,41,96,1,1,-1,-1
41,260,591,349,23,67,1,1,-1,-1
41,261,659,298,29,22,1,10,-1,-1
42,4,644,359,27,73,1,1,-1,-1
42,22,618,361,24,68,1,1,-1,-1
42,29,715,367,52,74,1,8,-1,-1
42,64,712,344,18,48,1,2,-1,-1
42,87,1076,586,41,97,1,1,-1,-1
42,260,592,349,23,67,1,1,-1,-1
42,261,660,298,29,22,1,10,-1,-1
43,4,652,378,31,75,1,1,-1,-1
43,29,738,365,59,71,1,2,-1,-1
43,64,713,344,18,48,1,2,-1,-1
43,261,661,298,29,22,1,10,-1,-1
44,4,653,378,31,75,1,1,-1,-1
44,29,716,372,54,65,1,2,-1,-1
44,64,708,349,19,49,1,2,-1,-1
44,261,662,298,29,22,1,10,-1,-1
45,4,654,378,31,75,1,1,-1,-1
45,29,718,367,52,73,1,8,-1,-1
45,64,715,344,18,46,1,2,-1,-1
46,4,647,359,27,72,1,1,-1,-1
46,29,719,367,51,73,1,8,-1,-1
46,64,716,344,18,45,1,2,-1,-1
47,4,647,359,28,72,1,1,-1,-1
47,29,722,364,63,75,1,2,-1,-1
47,40,1015,600,46,84,1,1,-1,-1
47,64,718,344,17,45,1,2,-1,-1
47,131,620,361,25,68,1,1,-1,-1
48,4,648,359,28,72,1,1,-1,-1
48,29,704,383,60,85,1,8,-1,-1
48,40,1017,602,47,86,1,1,-1,-1
48,64,717,344,18,48,1,2,-1,-1
48,131,626,353,20,59,1,1,-1,-1
48,262,600,355,20,57,1,1,-1,-1
48,263,666,298,29,22,1,10,-1,-1
48,264,818,412,39,81,1,1,-1,-1
48,265,1102,609,62,128,1,1,-1,-1
49,4,649,359,28,72,1,1,-1,-1
49,40,1020,605,47,87,1,1,-1,-1
49,64,716,344,19,52,1,2,-1,-1
49,131,620,361,25,68,1,1,-1,-1
49,262,597,348,23,67,1,1,-1,-1
49,263,667,298,29,22,1,10,-1,-1
49,264,818,412,38,81,1,1,-1,-1
49,265,1101,604,43,104,1,1,-1,-1
50,4,653,377,31,75,1,1,-1,-1
50,40,1022,608,49,88,1,1,-1,-1
50,64,716,344,20,56,1,2,-1,-1
50,131,620,361,25,68,1,1,-1,-1
50,262,597,348,23,67,1,1,-1,-1
50,263,668,298,29,22,1,10,-1,-1
50,264,818,412,38,81,1,1,-1,-1
50,265,1109,615,63,125,1,1,-1,-1
51,4,653,377,31,75,1,1,-1,-1
51,40,1025,611,49,89,1,1,-1,-1
51,64,715,344,20,56,1,2,-1,-1
51,131,620,361,25,68,1,1,-1,-1
51,262,597,348,23,67,1,1,-1,-1
51,263,668,298,29,22,1,10,-1,-1
51,264,818,413,38,80,1,1,-1,-1
51,265,1108,610,44,106,1,1,-1,-1
52,4,651,359,29,72,1,1,-1,-1
52,40,1027,613,50,90,1,1,-1,-1
52,131,620,361,25,68,1,1,-1,-1
52,262,598,348,23,66,1,1,-1,-1
52,263,668,299,29,22,1,10,-1,-1
52,264,818,413,38,80,1,1,-1,-1
52,265,1116,622,64,121,1,1,-1,-1
53,4,651,356,25,61,1,1,-1,-1
53,40,1030,616,50,91,1,1,-1,-1
53,131,630,353,20,59,1,1,-1,-1
54,40,1032,619,52,92,1,1,-1,-1
55,40,1035,622,52,93,1,1,-1,-1
55,266,629,353,20,59,1,1,-1,-1
56,40,1037,624,53,95,1,1,-1,-1
56,266,620,361,25,68,1,1,-1,-1
56,267,1122,627,44,99,1,1,-1,-1
57,40,1040,627,54,96,1,1,-1,-1
57,132,1107,609,63,141,1,1,-1,-1
57,266,620,361,25,68,1,1,-1,-1
57,267,1125,631,44,98,1,1,-1,-1
57,268,715,345,19,56,1,2,-1,-1
58,40,1042,630,55,97,1,1,-1,-1
58,132,1091,609,58,125,1,1,-1,-1
58,266,620,361,25,68,1,1,-1,-1
58,267,1128,634,44,97,1,1,-1,-1
58,268,715,346,19,56,1,2,-1,-1
58,269,676,363,20,51,1,1,-1,-1
59,132,1094,612,58,125,1,1,-1,-1
59,266,620,361,25,68,1,1,-1,-1
59,267,1131,638,44,95,1,1,-1,-1
59,268,715,346,19,56,1,2,-1,-1
59,269,676,363,20,51,1,1,-1,-1
59,270,541,303,15,35,1,1,-1,-1
60,132,1096,615,59,126,1,1,-1,-1
60,267,1134,641,44,94,1,1,-1,-1
60,268,715,346,19,56,1,2,-1,-1
60,269,676,363,20,51,1,1,-1,-1
60,270,541,303,15,35,1,1,-1,-1
61,132,1098,618,60,126,1,1,-1,-1
61,179,651,377,31,75,1,1,-1,-1
61,268,715,347,19,56,1,2,-1,-1
61,269,676,363,20,51,1,1,-1,-1
61,270,541,303,15,35,1,1,-1,-1
62,132,1101,621,60,127,1,1,-1,-1
62,179,650,377,31,75,1,1,-1,-1
62,269,676,363,20,51,1,1,-1,-1
62,270,540,303,15,35,1,1,-1,-1
63,132,1103,624,61,127,1,1,-1,-1
63,179,652,359,30,70,1,1,-1,-1
63,270,540,304,15,35,1,1,-1,-1
64,108,684,350,22,58,1,1,-1,-1
64,179,652,359,30,70,1,1,-1,-1
65,48,818,418,38,82,1,1,-1,-1
65,108,684,350,22,58,1,1,-1,-1
65,179,650,377,31,75,1,1,-1,-1
66,48,818,418,38,82,1,1,-1,-1
66,108,683,350,22,58,1,1,-1,-1
66,179,650,377,31,75,1,1,-1,-1
66,271,629,353,20,59,1,1,-1,-1
67,48,818,419,38,82,1,1,-1,-1
67,108,683,350,22,58,1,1,-1,-1
67,109,723,374,54,79,1,8,-1,-1
67,271,619,362,25,68,1,1,-1,-1
68,48,818,419,38,82,1,1,-1,-1
68,108,683,350,22,58,1,1,-1,-1
68,109,725,408,58,70,1,2,-1,-1
68,271,629,353,20,59,1,1,-1,-1
69,48,818,420,38,82,1,1,-1,-1
69,108,683,350,22,58,1,1,-1,-1
69,109,744,405,26,81,1,1,-1,-1
69,110,651,377,31,75,1,1,-1,-1
69,271,619,362,25,68,1,1,-1,-1
69,272,718,427,66,50,1,10,-1,-1
70,48,818,420,38,83,1,1,-1,-1
70,108,683,350,22,58,1,1,-1,-1
70,109,744,406,26,81,1,1,-1,-1
70,110,651,359,30,68,1,1,-1,-1
70,271,619,362,25,68,1,1,-1,-1
70,272,718,428,66,49,1,10,-1,-1
71,48,818,421,38,83,1,1,-1,-1
71,108,682,350,22,58,1,1,-1,-1
71,109,729,395,63,76,1,2,-1,-1
71,110,652,377,30,75,1,1,-1,-1
71,111,604,348,22,63,1,1,-1,-1
71,272,718,428,66,50,1,10,-1,-1
72,48,818,421,38,84,1,1,-1,-1
72,109,724,376,54,81,1,8,-1,-1
72,110,653,377,29,75,1,1,-1,-1
72,111,604,348,22,63,1,1,-1,-1
72,272,718,429,66,49,1,10,-1,-1
73,32,682,350,22,58,1,1,-1,-1
73,48,818,422,38,83,1,1,-1,-1
73,109,724,376,54,81,1,8,-1,-1
73,110,651,359,30,68,1,1,-1,-1
73,111,605,348,22,63,1,1,-1,-1
73,272,701,423,84,60,1,10,-1,-1
74,32,682,350,22,58,1,1,-1,-1
74,48,818,422,38,84,1,1,-1,-1
74,109,730,344,53,80,1,8,-1,-1
74,110,651,359,29,67,1,1,-1,-1
74,111,605,348,22,63,1,1,-1,-1
75,32,681,350,22,58,1,1,-1,-1
75,48,818,423,38,84,1,1,-1,-1
75,110,651,359,29,67,1,1,-1,-1
75,111,605,348,22,63,1,1,-1,-1
76,32,674,364,20,51,1,1,-1,-1
76,110,654,378,28,75,1,1,-1,-1
76,111,606,348,22,63,1,1,-1,-1
77,32,681,350,22,58,1,1,-1,-1
77,111,606,348,22,63,1,1,-1,-1
78,32,676,342,21,56,1,1,-1,-1
78,111,603,339,27,75,1,1,-1,-1
78,180,681,350,22,58,1,1,-1,-1
79,32,673,365,20,51,1,1,-1,-1
79,180,681,350,22,58,1,1,-1,-1
80,32,673,365,20,51,1,1,-1,-1
80,41,714,352,17,55,1,2,-1,-1
80,180,682,350,22,58,1,1,-1,-1
80,181,603,340,22,63,1,1,-1,-1
81,32,673,365,20,51,1,1,-1,-1
81,41,714,352,17,54,1,2,-1,-1
81,180,683,350,22,58,1,1,-1,-1
81,181,607,348,22,63,1,1,-1,-1
82,32,673,365,20,51,1,1,-1,-1
82,41,715,353,17,53,1,2,-1,-1
82,180,684,350,22,58,1,1,-1,-1
82,181,607,348,22,63,1,1,-1,-1
82,273,732,350,23,57,1,1,-1,-1
83,32,673,365,20,51,1,1,-1,-1
83,41,715,353,17,52,1,2,-1,-1
83,180,685,350,22,58,1,1,-1,-1
83,181,608,348,22,63,1,1,-1,-1
83,273,732,351,23,57,1,1,-1,-1
84,24,619,362,25,68,1,1,-1,-1
84,32,672,365,20,51,1,1,-1,-1
84,41,715,353,17,52,1,2,-1,-1
84,181,608,349,22,63,1,1,-1,-1
84,273,732,351,23,57,1,1,-1,-1
85,24,628,353,20,59,1,1,-1,-1
85,32,672,365,20,51,1,1,-1,-1
85,41,716,354,17,50,1,2,-1,-1
85,181,608,349,22,63,1,1,-1,-1
85,273,732,351,23,57,1,1,-1,-1
85,274,733,401,45,54,1,2,-1,-1
86,24,619,362,25,68,1,1,-1,-1
86,41,716,354,17,49,1,2,-1,-1
86,273,733,354,21,61,1,2,-1,-1
86,274,733,401,45,54,1,2,-1,-1
87,24,619,363,25,68,1,1,-1,-1
87,41,716,354,17,49,1,2,-1,-1
87,133,745,415,26,84,1,1,-1,-1
87,182,529,315,15,26,1,3,-1,-1
87,274,733,402,45,54,1,2,-1,-1
88,24,619,363,25,68,1,1,-1,-1
88,41,717,355,17,47,1,2,-1,-1
88,133,745,416,26,83,1,1,-1,-1
88,182,529,315,15,26,1,3,-1,-1
88,274,733,402,45,54,1,2,-1,-1
89,24,619,363,25,68,1,1,-1,-1
89,30,658,380,26,76,1,1,-1,-1
89,41,717,355,17,47,1,2,-1,-1
89,133,733,425,32,103,1,1,-1,-1
89,182,529,316,15,26,1,3,-1,-1
89,183,535,307,15,35,1,1,-1,-1
89,274,733,403,45,54,1,2,-1,-1
90,24,629,354,20,59,1,1,-1,-1
90,30,658,380,26,76,1,1,-1,-1
90,41,717,355,17,46,1,2,-1,-1
90,133,745,417,26,84,1,1,-1,-1
90,182,529,316,15,26,1,3,-1,-1
90,183,535,307,15,35,1,1,-1,-1
91,24,619,363,25,68,1,1,-1,-1
91,30,659,381,26,75,1,1,-1,-1
91,41,718,356,17,45,1,2,-1,-1
91,112,748,394,32,49,1,8,-1,-1
91,133,745,417,27,84,1,1,-1,-1
91,182,529,316,15,26,1,3,-1,-1
91,183,535,307,15,35,1,1,-1,-1
92,24,619,364,25,68,1,1,-1,-1
92,30,659,381,26,75,1,1,-1,-1
92,112,733,404,45,54,1,2,-1,-1
92,133,745,418,27,84,1,1,-1,-1
92,182,529,316,15,26,1,3,-1,-1
92,183,535,307,15,35,1,1,-1,-1
93,24,619,364,25,68,1,1,-1,-1
93,30,659,381,26,76,1,1,-1,-1
93,112,733,405,45,54,1,2,-1,-1
93,133,745,418,27,85,1,1,-1,-1
93,183,535,307,15,35,1,1,-1,-1
94,24,619,364,25,68,1,1,-1,-1
94,30,664,389,27,77,1,1,-1,-1
94,112,733,405,45,54,1,2,-1,-1
94,183,535,307,15,35,1,1,-1,-1
95,24,619,364,25,68,1,1,-1,-1
95,30,658,362,29,70,1,1,-1,-1
95,112,733,405,45,54,1,2,-1,-1
95,184,745,419,27,85,1,1,-1,-1
96,24,612,350,22,63,1,1,-1,-1
96,30,658,363,30,70,1,1,-1,-1
96,112,733,406,45,54,1,2,-1,-1
96,184,745,420,27,85,1,1,-1,-1
97,24,619,365,25,68,1,1,-1,-1
97,30,660,382,27,76,1,1,-1,-1
97,112,733,406,45,54,1,2,-1,-1
97,134,719,446,72,53,1,10,-1,-1
97,184,745,420,27,86,1,1,-1,-1
98,24,613,350,22,63,1,1,-1,-1
98,30,660,382,27,76,1,1,-1,-1
98,88,732,355,23,57,1,1,-1,-1
98,112,733,407,45,54,1,2,-1,-1
98,134,719,447,73,53,1,10,-1,-1
98,184,745,421,27,85,1,1,-1,-1
99,30,661,382,27,76,1,1,-1,-1
99,88,733,356,23,57,1,1,-1,-1
99,134,720,448,73,53,1,10,-1,-1
99,184,745,421,27,86,1,1,-1,-1
100,30,661,383,27,76,1,1,-1,-1
100,49,634,355,20,59,1,1,-1,-1
100,88,733,339,24,59,1,1,-1,-1
100,134,720,449,73,53,1,10,-1,-1
100,184,745,422,27,86,1,1,-1,-1
101,30,661,383,27,76,1,1,-1,-1
101,49,634,355,20,59,1,1,-1,-1
101,65,720,359,17,61,1,2,-1,-1
101,88,733,356,23,57,1,1,-1,-1
101,134,721,449,73,54,1,10,-1,-1
102,30,661,364,30,71,1,1,-1,-1
102,49,635,355,20,59,1,1,-1,-1
102,65,720,359,17,61,1,2,-1,-1
102,88,734,356,23,57,1,1,-1,-1
102,134,721,450,73,54,1,10,-1,-1
103,49,636,355,20,59,1,1,-1,-1
103,65,720,359,17,61,1,2,-1,-1
103,88,734,357,23,57,1,1,-1,-1
103,134,721,451,74,54,1,10,-1,-1
104,49,636,355,20,59,1,1,-1,-1
104,65,708,355,22,58,1,1,-1,-1
104,88,734,357,23,57,1,1,-1,-1
104,135,661,364,30,70,1,1,-1,-1
105,49,637,355,20,59,1,1,-1,-1
105,65,709,355,22,58,1,1,-1,-1
105,88,735,357,23,57,1,1,-1,-1
105,135,662,364,29,70,1,1,-1,-1
106,49,637,356,20,59,1,1,-1,-1
106,65,710,355,22,58,1,1,-1,-1
106,88,735,357,23,57,1,1,-1,-1
106,135,662,384,28,76,1,1,-1,-1
107,49,638,356,20,59,1,1,-1,-1
107,65,715,362,17,53,1,2,-1,-1
107,135,662,364,30,69,1,1,-1,-1
107,185,749,428,28,89,1,1,-1,-1
108,49,638,356,20,59,1,1,-1,-1
108,65,712,355,22,58,1,1,-1,-1
108,135,663,384,28,77,1,1,-1,-1
108,185,757,417,28,93,1,1,-1,-1
109,49,639,356,20,59,1,1,-1,-1
109,50,620,367,25,68,1,1,-1,-1
109,65,721,362,19,61,1,2,-1,-1
109,135,663,364,29,68,1,1,-1,-1
109,185,750,430,28,90,1,1,-1,-1
110,49,639,356,20,59,1,1,-1,-1
110,50,617,352,22,63,1,1,-1,-1
110,65,714,355,22,58,1,1,-1,-1
110,135,663,364,29,68,1,1,-1,-1
110,185,751,431,28,90,1,1,-1,-1
110,275,620,367,25,68,1,1,-1,-1
111,50,617,352,22,63,1,1,-1,-1
111,89,535,309,15,35,1,1,-1,-1
111,136,737,415,48,57,1,2,-1,-1
111,185,751,432,29,90,1,1,-1,-1
111,275,620,367,25,68,1,1,-1,-1
112,1,722,363,20,62,1,2,-1,-1
112,50,620,368,25,68,1,1,-1,-1
112,89,534,309,15,35,1,1,-1,-1
112,136,738,415,48,58,1,2,-1,-1
112,185,761,424,34,112,1,1,-1,-1
112,275,628,347,28,83,1,1,-1,-1
112,276,528,320,17,25,1,3,-1,-1
113,1,722,363,21,62,1,2,-1,-1
113,50,618,352,22,63,1,1,-1,-1
113,89,534,309,15,35,1,1,-1,-1
113,136,738,416,49,59,1,2,-1,-1
113,275,620,368,25,68,1,1,-1,-1
113,276,528,320,17,26,1,3,-1,-1
114,1,718,355,22,58,1,1,-1,-1
114,50,618,352,22,63,1,1,-1,-1
114,89,534,309,15,35,1,1,-1,-1
114,136,739,417,49,59,1,2,-1,-1
114,137,844,454,42,99,1,1,-1,-1
114,275,620,368,25,68,1,1,-1,-1
114,276,528,320,17,26,1,3,-1,-1
115,1,719,355,22,58,1,1,-1,-1
115,50,618,352,22,63,1,1,-1,-1
115,89,534,309,15,35,1,1,-1,-1
115,136,739,418,50,59,1,2,-1,-1
115,137,845,454,42,100,1,1,-1,-1
115,276,528,320,17,26,1,3,-1,-1
116,1,719,355,22,58,1,1,-1,-1
116,12,665,386,29,77,1,1,-1,-1
116,50,620,368,25,68,1,1,-1,-1
116,89,534,309,15,35,1,1,-1,-1
116,136,740,418,49,60,1,2,-1,-1
116,137,846,455,43,100,1,1,-1,-1
116,276,528,320,17,26,1,3,-1,-1
117,1,723,365,23,61,1,2,-1,-1
117,12,665,386,29,78,1,1,-1,-1
117,50,620,369,25,68,1,1,-1,-1
117,89,534,309,15,35,1,1,-1,-1
117,113,728,395,62,97,1,8,-1,-1
117,136,740,419,50,60,1,2,-1,-1
117,137,847,456,43,100,1,1,-1,-1
118,1,721,355,22,58,1,1,-1,-1
118,12,665,387,29,77,1,1,-1,-1
118,50,619,353,22,63,1,1,-1,-1
118,89,533,309,15,35,1,1,-1,-1
118,90,739,361,23,57,1,1,-1,-1
118,113,728,395,63,98,1,8,-1,-1
118,137,848,457,43,100,1,1,-1,-1
119,1,722,355,22,58,1,1,-1,-1
119,12,666,387,29,77,1,1,-1,-1
119,50,619,353,22,63,1,1,-1,-1
119,89,533,309,15,35,1,1,-1,-1
119,90,740,361,23,57,1,1,-1,-1
119,113,737,400,69,83,1,2,-1,-1
119,137,850,458,43,101,1,1,-1,-1
120,1,724,367,24,60,1,2,-1,-1
120,12,666,366,30,68,1,1,-1,-1
120,90,740,361,23,57,1,1,-1,-1
120,113,729,397,63,98,1,8,-1,-1
120,137,850,459,43,101,1,1,-1,-1
121,1,724,355,22,58,1,1,-1,-1
121,12,667,366,29,69,1,1,-1,-1
121,90,740,362,23,57,1,1,-1,-1
121,91,620,353,22,63,1,1,-1,-1
121,113,730,397,63,99,1,8,-1,-1
122,1,725,368,24,59,1,2,-1,-1
122,12,667,366,30,69,1,1,-1,-1
122,90,741,362,23,57,1,1,-1,-1
122,91,620,353,22,63,1,1,-1,-1
122,113,730,398,63,99,1,8,-1,-1
122,186,729,465,76,61,1,10,-1,-1
122,187,743,423,52,63,1,2,-1,-1
123,1,725,368,25,59,1,2,-1,-1
123,12,667,366,30,70,1,1,-1,-1
123,90,741,362,23,57,1,1,-1,-1
123,91,620,354,22,63,1,1,-1,-1
123,92,527,322,18,25,1,3,-1,-1
123,113,729,399,60,95,1,8,-1,-1
123,186,729,466,77,61,1,10,-1,-1
123,187,743,424,53,63,1,2,-1,-1
124,1,727,355,22,58,1,1,-1,-1
124,12,667,388,29,78,1,1,-1,-1
124,90,742,362,23,57,1,1,-1,-1
124,91,620,370,25,68,1,1,-1,-1
124,92,527,322,18,25,1,3,-1,-1
124,113,731,399,63,100,1,8,-1,-1
124,186,729,467,77,62,1,10,-1,-1
124,187,744,424,53,64,1,2,-1,-1
124,188,759,443,30,97,1,1,-1,-1
125,1,728,355,22,58,1,1,-1,-1
125,12,668,367,30,70,1,1,-1,-1
125,90,742,363,23,57,1,1,-1,-1
125,91,621,354,22,63,1,1,-1,-1
125,92,527,322,18,25,1,3,-1,-1
125,186,730,467,77,63,1,10,-1,-1
125,187,744,425,54,64,1,2,-1,-1
125,188,759,444,30,98,1,1,-1,-1
126,1,726,369,26,59,1,2,-1,-1
126,12,669,367,29,70,1,1,-1,-1
126,90,742,363,23,57,1,1,-1,-1
126,91,620,370,25,68,1,1,-1,-1
126,92,527,322,18,25,1,3,-1,-1
126,186,740,457,69,57,1,10,-1,-1
126,187,745,426,54,65,1,2,-1,-1
126,188,760,445,30,98,1,1,-1,-1
127,1,727,370,26,58,1,2,-1,-1
127,12,668,389,30,78,1,1,-1,-1
127,91,621,371,25,68,1,1,-1,-1
127,92,527,322,18,26,1,3,-1,-1
127,186,731,469,77,63,1,10,-1,-1
127,187,745,427,55,65,1,2,-1,-1
127,188,761,446,30,98,1,1,-1,-1
128,1,727,370,27,58,1,2,-1,-1
128,12,669,367,30,71,1,1,-1,-1
128,91,622,354,22,63,1,1,-1,-1
128,92,526,322,19,26,1,3,-1,-1
128,188,761,447,30,99,1,1,-1,-1
129,1,728,371,27,57,1,2,-1,-1
129,12,668,389,30,78,1,1,-1,-1
129,91,621,371,25,68,1,1,-1,-1
129,92,526,323,19,25,1,3,-1,-1
129,188,762,448,30,99,1,1,-1,-1
130,1,729,355,22,58,1,1,-1,-1
130,12,668,389,30,79,1,1,-1,-1
130,92,526,323,19,25,1,3,-1,-1
130,138,684,367,20,51,1,1,-1,-1
131,1,729,356,22,58,1,1,-1,-1
131,12,668,390,30,78,1,1,-1,-1
131,92,526,323,19,25,1,3,-1,-1
131,138,684,367,20,51,1,1,-1,-1
131,139,763,450,31,100,1,1,-1,-1
131,277,623,355,22,63,1,1,-1,-1
132,1,729,356,22,58,1,1,-1,-1
132,12,668,390,30,78,1,1,-1,-1
132,138,685,367,20,51,1,1,-1,-1
132,139,763,450,31,101,1,1,-1,-1
132,277,623,355,22,63,1,1,-1,-1
133,1,728,356,22,58,1,1,-1,-1
133,12,670,368,30,72,1,1,-1,-1
133,138,685,367,20,51,1,1,-1,-1
133,139,764,451,31,102,1,1,-1,-1
133,277,623,355,22,63,1,1,-1,-1
134,1,728,357,22,58,1,1,-1,-1
134,12,668,390,31,79,1,1,-1,-1
134,138,686,367,20,51,1,1,-1,-1
134,139,765,452,31,102,1,1,-1,-1
134,277,622,372,24,69,1,1,-1,-1
135,1,731,374,30,48,1,2,-1,-1
135,12,668,391,31,78,1,1,-1,-1
135,138,687,367,20,51,1,1,-1,-1
135,139,765,453,31,102,1,1,-1,-1
135,277,622,372,25,70,1,1,-1,-1
136,1,719,374,29,49,1,2,-1,-1
136,138,687,367,20,51,1,1,-1,-1
136,139,766,454,31,103,1,1,-1,-1
137,1,731,374,30,53,1,2,-1,-1
137,139,766,455,32,103,1,1,-1,-1
137,140,668,368,30,72,1,1,-1,-1
138,1,745,368,23,57,1,1,-1,-1
138,140,668,369,30,72,1,1,-1,-1
139,1,745,368,23,57,1,1,-1,-1
139,140,668,392,31,79,1,1,-1,-1
140,1,731,374,31,60,1,2,-1,-1
140,140,668,392,31,79,1,1,-1,-1
140,189,738,409,65,106,1,8,-1,-1
141,1,731,374,31,63,1,2,-1,-1
141,66,871,484,47,107,1,1,-1,-1
141,140,668,392,32,79,1,1,-1,-1
141,189,731,396,71,116,1,8,-1,-1
142,1,731,374,31,65,1,2,-1,-1
142,66,872,485,48,107,1,1,-1,-1
142,140,668,393,32,79,1,1,-1,-1
142,141,623,373,25,71,1,1,-1,-1
142,189,739,411,65,106,1,8,-1,-1
143,1,732,375,31,67,1,2,-1,-1
143,66,873,487,48,107,1,1,-1,-1
143,140,668,393,32,79,1,1,-1,-1
143,141,623,374,25,71,1,1,-1,-1
143,189,740,411,65,107,1,8,-1,-1
144,1,732,375,31,68,1,2,-1,-1
144,66,874,488,48,107,1,1,-1,-1
144,141,623,374,25,71,1,1,-1,-1
144,142,692,368,20,51,1,1,-1,-1
144,189,740,412,66,107,1,8,-1,-1
145,1,732,376,31,67,1,2,-1,-1
145,51,755,443,59,71,1,2,-1,-1
145,66,875,490,49,107,1,1,-1,-1
145,141,627,357,22,63,1,1,-1,-1
145,142,693,369,20,51,1,1,-1,-1
145,189,741,413,65,107,1,8,-1,-1
145,278,668,393,32,80,1,1,-1,-1
145,279,678,311,29,22,1,10,-1,-1
146,1,732,376,31,67,1,2,-1,-1
146,51,759,473,51,61,1,2,-1,-1
146,66,876,491,49,108,1,1,-1,-1
146,141,624,374,24,72,1,1,-1,-1
146,142,694,369,20,51,1,1,-1,-1
146,278,668,394,32,79,1,1,-1,-1
146,279,679,312,29,22,1,10,-1,-1
146,280,755,444,59,71,1,2,-1,-1
147,1,744,374,23,57,1,1,-1,-1
147,33,736,384,77,128,1,8,-1,-1
147,51,739,490,87,73,1,10,-1,-1
147,66,877,493,49,108,1,1,-1,-1
147,141,627,358,22,63,1,1,-1,-1
147,142,694,369,20,51,1,1,-1,-1
147,278,669,394,32,80,1,1,-1,-1
147,279,678,322,30,23,1,10,-1,-1
147,280,756,445,59,71,1,2,-1,-1
148,1,733,378,32,66,1,2,-1,-1
148,33,742,415,66,108,1,8,-1,-1
148,51,740,491,87,74,1,10,-1,-1
148,66,879,495,49,109,1,1,-1,-1
148,141,627,358,22,63,1,1,-1,-1
148,142,695,369,20,51,1,1,-1,-1
148,278,669,394,32,80,1,1,-1,-1
148,279,678,311,29,22,1,10,-1,-1
148,280,756,447,59,71,1,2,-1,-1
149,1,744,375,23,57,1,1,-1,-1
149,33,743,415,65,109,1,8,-1,-1
149,51,740,492,88,74,1,10,-1,-1
149,66,880,496,49,110,1,1,-1,-1
149,142,696,369,20,51,1,1,-1,-1
149,278,669,395,32,79,1,1,-1,-1
149,279,678,311,29,22,1,10,-1,-1
149,280,757,448,59,71,1,2,-1,-1
150,1,733,379,32,67,1,2,-1,-1
150,33,743,416,66,109,1,8,-1,-1
150,51,741,493,88,75,1,10,-1,-1
150,66,881,497,49,111,1,1,-1,-1
150,142,696,369,20,51,1,1,-1,-1
150,280,757,449,59,71,1,2,-1,-1
151,1,744,376,23,57,1,1,-1,-1
151,33,744,417,66,110,1,8,-1,-1
151,51,741,494,89,76,1,10,-1,-1
151,143,653,362,20,59,1,1,-1,-1
152,1,744,377,23,57,1,1,-1,-1
152,33,744,418,66,111,1,8,-1,-1
152,51,742,496,90,76,1,10,-1,-1
152,143,653,363,20,59,1,1,-1,-1
153,1,734,381,33,68,1,2,-1,-1
153,33,745,419,66,112,1,8,-1,-1
153,51,742,497,91,77,1,10,-1,-1
153,67,725,362,22,58,1,1,-1,-1
153,143,653,363,20,59,1,1,-1,-1
154,1,744,378,23,57,1,1,-1,-1
154,33,737,417,78,132,1,8,-1,-1
154,51,743,499,91,77,1,10,-1,-1
154,67,725,362,22,58,1,1,-1,-1
154,143,654,363,20,59,1,1,-1,-1
154,144,523,328,20,25,1,3,-1,-1
155,1,735,382,33,70,1,2,-1,-1
155,20,640,361,19,56,1,1,-1,-1
155,33,746,421,67,114,1,8,-1,-1
155,51,743,501,92,77,1,10,-1,-1
155,67,725,363,22,58,1,1,-1,-1
155,143,654,363,20,59,1,1,-1,-1
155,144,523,328,20,25,1,3,-1,-1
156,1,735,383,33,70,1,2,-1,-1
156,20,630,359,22,63,1,1,-1,-1
156,33,746,422,68,115,1,8,-1,-1
156,67,724,364,22,58,1,1,-1,-1
156,143,654,363,20,59,1,1,-1,-1
156,144,524,336,24,31,1,3,-1,-1
156,281,669,396,33,81,1,1,-1,-1
157,1,726,382,28,58,1,2,-1,-1
157,20,620,364,22,69,1,1,-1,-1
157,33,747,424,67,115,1,8,-1,-1
157,67,724,365,22,58,1,1,-1,-1
157,143,654,364,20,59,1,1,-1,-1
157,144,523,329,20,25,1,3,-1,-1
157,281,669,397,33,80,1,1,-1,-1
158,1,735,384,34,71,1,2,-1,-1
158,20,626,377,24,74,1,1,-1,-1
158,33,748,425,67,117,1,8,-1,-1
158,67,718,372,21,55,1,1,-1,-1
158,144,522,329,20,25,1,3,-1,-1
158,145,762,459,59,71,1,2,-1,-1
158,281,669,397,33,80,1,1,-1,-1
159,1,740,382,27,59,1,1,-1,-1
159,20,626,377,24,74,1,1,-1,-1
159,33,748,426,68,118,1,8,-1,-1
159,67,722,367,22,58,1,1,-1,-1
159,144,522,329,20,26,1,3,-1,-1
159,145,762,460,59,71,1,2,-1,-1
159,146,631,360,22,63,1,1,-1,-1
159,281,672,374,30,72,1,1,-1,-1
160,1,736,385,34,73,1,2,-1,-1
160,20,626,377,24,74,1,1,-1,-1
160,67,720,367,22,59,1,1,-1,-1
160,144,522,329,20,26,1,3,-1,-1
160,145,763,462,59,71,1,2,-1,-1
160,146,631,360,22,63,1,1,-1,-1
160,281,672,374,30,72,1,1,-1,-1
160,282,824,458,38,105,1,1,-1,-1
161,1,736,383,31,61,1,1,-1,-1
161,20,626,377,24,75,1,1,-1,-1
161,67,717,351,21,55,1,1,-1,-1
161,145,763,463,59,71,1,2,-1,-1
161,146,631,360,22,63,1,1,-1,-1
161,282,825,459,39,106,1,1,-1,-1
162,20,626,377,24,75,1,1,-1,-1
162,67,717,368,21,60,1,1,-1,-1
162,145,764,464,59,71,1,2,-1,-1
162,146,631,360,22,63,1,1,-1,-1
162,282,826,460,39,106,1,1,-1,-1
163,13,732,384,35,63,1,1,-1,-1
163,20,627,378,24,75,1,1,-1,-1
163,145,764,465,59,71,1,2,-1,-1
163,146,631,360,23,63,1,1,-1,-1
163,190,703,372,20,53,1,1,-1,-1
163,282,827,462,39,106,1,1,-1,-1
164,13,737,388,35,74,1,2,-1,-1
164,20,627,378,24,75,1,1,-1,-1
164,145,765,467,59,71,1,2,-1,-1
164,146,632,360,22,63,1,1,-1,-1
164,190,704,372,20,53,1,1,-1,-1
164,282,828,463,39,107,1,1,-1,-1
164,283,655,365,20,59,1,1,-1,-1
164,284,748,516,97,82,1,10,-1,-1
165,13,728,385,39,65,1,1,-1,-1
165,20,627,378,25,75,1,1,-1,-1
165,146,632,360,22,63,1,1,-1,-1
165,190,705,372,19,54,1,1,-1,-1
165,283,655,365,20,59,1,1,-1,-1
165,284,748,518,98,82,1,10,-1,-1
166,13,738,389,35,75,1,2,-1,-1
166,20,632,360,22,63,1,1,-1,-1
166,190,710,370,21,62,1,1,-1,-1
166,283,655,366,20,59,1,1,-1,-1
166,284,749,520,98,83,1,10,-1,-1
167,13,724,386,43,67,1,1,-1,-1
167,20,628,379,25,75,1,1,-1,-1
167,190,706,372,19,54,1,1,-1,-1
167,283,655,366,20,59,1,1,-1,-1
167,284,760,543,81,69,1,10,-1,-1
167,285,904,526,57,108,1,1,-1,-1
167,286,789,497,39,120,1,1,-1,-1
168,13,739,390,35,76,1,2,-1,-1
168,20,633,361,22,62,1,1,-1,-1
168,25,670,400,33,81,1,1,-1,-1
168,190,706,371,22,63,1,1,-1,-1
168,283,655,366,20,59,1,1,-1,-1
168,284,750,524,99,84,1,10,-1,-1
168,285,906,528,57,110,1,1,-1,-1
168,286,790,499,39,120,1,1,-1,-1
169,13,720,388,48,68,1,1,-1,-1
169,20,633,361,22,63,1,1,-1,-1
169,25,670,400,33,82,1,1,-1,-1
169,191,519,332,20,26,1,3,-1,-1
169,285,907,530,58,112,1,1,-1,-1
169,286,791,501,40,121,1,1,-1,-1
170,13,721,388,47,69,1,1,-1,-1
170,20,629,380,26,75,1,1,-1,-1
170,25,670,401,32,82,1,1,-1,-1
170,93,703,372,21,64,1,1,-1,-1
170,191,519,333,20,26,1,3,-1,-1
170,285,909,532,58,114,1,1,-1,-1
170,286,792,502,40,122,1,1,-1,-1
171,13,740,392,36,76,1,2,-1,-1
171,20,629,380,26,75,1,1,-1,-1
171,25,670,401,32,83,1,1,-1,-1
171,93,701,373,22,64,1,1,-1,-1
171,191,518,333,20,26,1,3,-1,-1
171,285,911,534,59,116,1,1,-1,-1
171,286,806,515,41,126,1,1,-1,-1
172,13,740,393,36,76,1,2,-1,-1
172,25,674,377,30,72,1,1,-1,-1
172,93,700,373,21,65,1,1,-1,-1
172,191,518,333,19,27,1,3,-1,-1
172,192,708,373,20,55,1,1,-1,-1
173,13,740,393,37,77,1,2,-1,-1
173,25,671,402,30,83,1,1,-1,-1
173,93,709,374,19,55,1,1,-1,-1
173,191,517,334,20,26,1,3,-1,-1
173,192,698,374,21,65,1,1,-1,-1
174,13,727,391,42,73,1,1,-1,-1
174,25,675,378,30,72,1,1,-1,-1
174,93,709,374,20,55,1,1,-1,-1
174,191,516,334,20,27,1,3,-1,-1
174,192,696,374,21,66,1,1,-1,-1
174,287,634,361,23,63,1,1,-1,-1
175,13,729,391,40,75,1,1,-1,-1
175,25,675,378,30,72,1,1,-1,-1
175,68,656,368,20,59,1,1,-1,-1
175,93,710,374,19,55,1,1,-1,-1
175,192,695,375,21,66,1,1,-1,-1
175,193,757,445,72,133,1,8,-1,-1
175,287,631,382,26,74,1,1,-1,-1
176,13,741,395,37,78,1,2,-1,-1
176,25,672,404,28,84,1,1,-1,-1
176,68,656,368,20,59,1,1,-1,-1
176,93,710,374,20,56,1,1,-1,-1
176,192,692,375,21,66,1,1,-1,-1
176,193,758,446,72,135,1,8,-1,-1
176,287,631,382,27,75,1,1,-1,-1
177,13,732,393,38,76,1,1,-1,-1
177,25,671,404,29,84,1,1,-1,-1
177,68,656,368,20,59,1,1,-1,-1
177,93,711,374,19,56,1,1,-1,-1
177,192,690,376,21,66,1,1,-1,-1
177,193,759,448,71,135,1,8,-1,-1
177,194,798,515,43,126,1,1,-1,-1
177,287,631,382,28,75,1,1,-1,-1
178,13,737,387,37,79,1,1,-1,-1
178,25,671,405,30,84,1,1,-1,-1
178,26,883,540,80,165,1,1,-1,-1
178,68,656,368,20,59,1,1,-1,-1
178,93,712,375,19,56,1,1,-1,-1
178,193,759,449,72,136,1,8,-1,-1
178,194,799,517,43,127,1,1,-1,-1
178,287,632,383,27,74,1,1,-1,-1
179,13,735,394,35,79,1,1,-1,-1
179,25,671,405,30,84,1,1,-1,-1
179,26,924,550,64,133,1,1,-1,-1
179,68,656,368,20,59,1,1,-1,-1
179,193,760,450,72,137,1,8,-1,-1
179,194,800,519,43,127,1,1,-1,-1
180,13,737,395,34,80,1,1,-1,-1
180,25,675,379,30,72,1,1,-1,-1
180,26,926,552,64,135,1,1,-1,-1
180,68,656,369,20,59,1,1,-1,-1
180,114,712,375,19,56,1,1,-1,-1
180,193,760,451,73,138,1,8,-1,-1
180,194,801,521,44,128,1,1,-1,-1
181,13,737,395,34,80,1,1,-1,-1
181,25,665,354,36,87,1,1,-1,-1
181,26,928,554,64,137,1,1,-1,-1
181,68,656,369,20,59,1,1,-1,-1
181,114,712,375,19,57,1,1,-1,-1
181,194,804,531,38,112,1,1,-1,-1
181,288,633,384,28,74,1,1,-1,-1
182,13,744,398,37,79,1,2,-1,-1
182,25,667,342,24,75,1,1,-1,-1
182,26,930,557,65,139,1,1,-1,-1
182,68,656,369,20,59,1,1,-1,-1
182,114,712,376,19,56,1,1,-1,-1
182,194,758,555,107,90,1,10,-1,-1
182,195,762,454,73,140,1,8,-1,-1
182,196,512,327,16,39,1,1,-1,-1
182,288,633,384,29,75,1,1,-1,-1
183,26,931,559,66,139,1,1,-1,-1
183,68,656,369,20,59,1,1,-1,-1
183,114,713,376,18,56,1,1,-1,-1
183,195,762,455,74,141,1,8,-1,-1
183,196,513,320,17,42,1,1,-1,-1
183,288,634,385,28,74,1,1,-1,-1
184,14,744,399,38,80,1,2,-1,-1
184,26,932,561,67,140,1,1,-1,-1
184,52,671,408,34,84,1,1,-1,-1
184,68,657,370,20,59,1,1,-1,-1
184,114,713,376,19,57,1,1,-1,-1
184,195,763,456,74,142,1,8,-1,-1
184,196,512,320,17,43,1,1,-1,-1
184,288,634,385,29,74,1,1,-1,-1
184,289,676,380,30,72,1,1,-1,-1
185,14,737,397,37,80,1,1,-1,-1
185,26,934,563,67,141,1,1,-1,-1
185,52,671,408,34,84,1,1,-1,-1
185,114,713,376,19,57,1,1,-1,-1
185,195,763,457,75,143,1,8,-1,-1
185,196,511,321,18,42,1,1,-1,-1
185,288,637,363,23,62,1,1,-1,-1
185,289,674,380,21,66,1,1,-1,-1
186,14,737,398,37,79,1,1,-1,-1
186,26,935,565,68,141,1,1,-1,-1
186,52,676,380,30,72,1,1,-1,-1
186,114,713,377,19,56,1,1,-1,-1
186,195,764,458,75,144,1,8,-1,-1
186,196,511,321,17,43,1,1,-1,-1
186,289,672,381,21,66,1,1,-1,-1
187,5,658,370,20,59,1,1,-1,-1
187,14,737,398,38,80,1,1,-1,-1
187,26,956,569,66,135,1,1,-1,-1
187,52,671,410,36,84,1,1,-1,-1
187,69,645,299,17,39,1,1,-1,-1
187,114,713,377,19,57,1,1,-1,-1
187,195,764,459,76,145,1,8,-1,-1
187,196,514,333,23,36,1,3,-1,-1
187,289,670,382,21,66,1,1,-1,-1
188,5,658,370,20,59,1,1,-1,-1
188,14,737,399,38,79,1,1,-1,-1
188,26,938,570,69,142,1,1,-1,-1
188,52,671,410,36,84,1,1,-1,-1
188,69,644,300,17,38,1,1,-1,-1
188,115,854,497,45,121,1,1,-1,-1
188,289,678,385,20,62,1,1,-1,-1
189,5,651,381,22,55,1,1,-1,-1
189,14,737,399,39,80,1,1,-1,-1
189,26,918,606,66,133,1,1,-1,-1
189,52,671,410,36,84,1,1,-1,-1
189,69,642,277,21,46,1,1,-1,-1
189,115,855,498,46,123,1,1,-1,-1
189,116,636,387,30,74,1,1,-1,-1
190,5,659,370,20,60,1,1,-1,-1
190,14,737,400,40,79,1,1,-1,-1
190,26,940,574,71,143,1,1,-1,-1
190,52,672,410,36,85,1,1,-1,-1
190,69,642,300,17,38,1,1,-1,-1
190,115,856,500,46,123,1,1,-1,-1
190,116,636,387,30,74,1,1,-1,-1
191,5,659,370,20,60,1,1,-1,-1
191,14,737,400,40,80,1,1,-1,-1
191,26,942,577,72,143,1,1,-1,-1
191,52,677,381,30,72,1,1,-1,-1
191,69,641,300,17,38,1,1,-1,-1
191,115,857,501,47,124,1,1,-1,-1
191,116,640,358,30,80,1,1,-1,-1
192,5,660,385,21,66,1,1,-1,-1
192,14,737,401,41,79,1,1,-1,-1
192,26,944,580,73,143,1,1,-1,-1
192,52,672,411,36,84,1,1,-1,-1
192,69,633,289,20,46,1,1,-1,-1
192,115,859,503,46,125,1,1,-1,-1
192,116,637,388,30,74,1,1,-1,-1
192,197,507,323,18,44,1,1,-1,-1
193,5,657,385,22,66,1,1,-1,-1
193,14,738,402,41,79,1,1,-1,-1
193,52,673,411,36,85,1,1,-1,-1
193,69,639,300,17,39,1,1,-1,-1
193,115,860,504,46,126,1,1,-1,-1
193,116,637,388,31,74,1,1,-1,-1
193,197,506,324,18,44,1,1,-1,-1
194,5,655,385,22,67,1,1,-1,-1
194,14,738,403,41,78,1,1,-1,-1
194,52,673,411,36,85,1,1,-1,-1
194,69,638,300,17,39,1,1,-1,-1
194,115,877,503,56,150,1,1,-1,-1
194,116,639,364,23,62,1,1,-1,-1
194,197,505,324,18,44,1,1,-1,-1
195,5,653,386,22,67,1,1,-1,-1
195,14,739,404,40,78,1,1,-1,-1
195,69,637,301,17,38,1,1,-1,-1
195,115,862,507,47,127,1,1,-1,-1
195,116,634,351,28,77,1,1,-1,-1
195,147,768,468,80,153,1,8,-1,-1
195,197,504,325,18,44,1,1,-1,-1
196,5,638,389,31,74,1,1,-1,-1
196,14,727,403,40,85,1,2,-1,-1
196,69,636,301,17,38,1,1,-1,-1
196,116,639,364,24,62,1,1,-1,-1
196,147,769,470,80,153,1,8,-1,-1
196,197,503,326,18,44,1,1,-1,-1
196,198,677,382,30,72,1,1,-1,-1
197,5,639,364,24,63,1,1,-1,-1
197,14,741,406,38,78,1,1,-1,-1
197,147,769,471,81,154,1,8,-1,-1
197,197,502,326,19,44,1,1,-1,-1
197,198,674,412,36,85,1,1,-1,-1
197,199,865,510,47,129,1,1,-1,-1
197,290,677,382,30,72,1,1,-1,-1
198,5,639,389,31,74,1,1,-1,-1
198,14,749,407,40,84,1,2,-1,-1
198,70,945,590,88,172,1,1,-1,-1
198,147,770,472,81,155,1,8,-1,-1
198,198,675,412,36,86,1,1,-1,-1
198,199,866,511,48,130,1,1,-1,-1
198,200,499,344,18,31,1,3,-1,-1
198,290,677,389,23,64,1,1,-1,-1
199,5,645,387,24,70,1,1,-1,-1
199,14,742,408,37,78,1,1,-1,-1
199,70,956,593,77,151,1,1,-1,-1
199,147,770,473,82,157,1,8,-1,-1
199,198,675,412,36,86,1,1,-1,-1
199,199,867,513,48,131,1,1,-1,-1
199,200,498,344,18,31,1,3,-1,-1
199,290,677,382,30,72,1,1,-1,-1
200,5,640,365,24,62,1,1,-1,-1
200,14,742,409,37,78,1,1,-1,-1
200,34,770,599,117,92,1,10,-1,-1
200,70,958,595,78,152,1,1,-1,-1
200,147,771,474,82,158,1,8,-1,-1
200,198,675,412,36,86,1,1,-1,-1
200,199,868,514,49,132,1,1,-1,-1
200,200,497,344,18,32,1,3,-1,-1
200,290,678,383,30,72,1,1,-1,-1
200,291,632,301,17,39,1,1,-1,-1
201,5,640,365,24,62,1,1,-1,-1
201,14,750,409,40,85,1,2,-1,-1
201,34,765,614,128,99,1,10,-1,-1
201,70,960,597,78,151,1,1,-1,-1
201,71,678,316,33,24,1,10,-1,-1
201,147,771,475,83,159,1,8,-1,-1
201,198,676,412,36,87,1,1,-1,-1
201,199,870,516,48,132,1,1,-1,-1
201,200,497,345,18,32,1,3,-1,-1
201,201,740,442,61,52,1,10,-1,-1
201,290,678,383,30,72,1,1,-1,-1
201,291,631,301,17,39,1,1,-1,-1
202,5,639,388,24,71,1,1,-1,-1
202,14,751,409,39,86,1,2,-1,-1
202,34,771,604,119,92,1,10,-1,-1
202,70,962,599,79,150,1,1,-1,-1
202,71,678,317,34,24,1,10,-1,-1
202,199,871,517,48,133,1,1,-1,-1
202,200,496,345,18,32,1,3,-1,-1
202,201,740,442,62,53,1,10,-1,-1
202,291,630,302,17,39,1,1,-1,-1
203,5,641,365,24,62,1,1,-1,-1
203,14,742,412,38,78,1,1,-1,-1
203,34,772,607,119,91,1,10,-1,-1
203,70,964,601,79,149,1,1,-1,-1
203,71,678,317,34,24,1,10,-1,-1
203,200,495,346,18,32,1,3,-1,-1
203,201,741,443,61,53,1,10,-1,-1
203,202,496,330,20,44,1,1,-1,-1
203,291,628,302,17,39,1,1,-1,-1
204,5,641,389,31,74,1,1,-1,-1
204,34,773,609,119,92,1,10,-1,-1
204,70,966,604,80,147,1,1,-1,-1
204,71,678,317,34,24,1,10,-1,-1
204,201,741,444,62,53,1,10,-1,-1
204,202,495,331,20,43,1,1,-1,-1
204,203,793,525,58,83,1,2,-1,-1
204,291,627,302,17,39,1,1,-1,-1
204,292,717,381,18,58,1,1,-1,-1
205,5,633,389,25,73,1,1,-1,-1
205,34,774,612,120,92,1,10,-1,-1
205,70,968,606,80,146,1,1,-1,-1
205,71,678,317,34,24,1,10,-1,-1
205,201,741,445,62,53,1,10,-1,-1
205,202,494,332,20,43,1,1,-1,-1
205,203,793,527,58,83,1,2,-1,-1
205,292,717,381,19,59,1,1,-1,-1
206,5,631,389,26,74,1,1,-1,-1
206,34,775,614,120,92,1,10,-1,-1
206,70,970,608,81,145,1,1,-1,-1
206,71,678,317,34,24,1,10,-1,-1
206,201,742,446,62,53,1,10,-1,-1
206,202,493,332,20,44,1,1,-1,-1
206,203,794,528,58,84,1,2,-1,-1
206,292,718,382,18,58,1,1,-1,-1
207,5,643,389,30,75,1,1,-1,-1
207,34,776,617,121,92,1,10,-1,-1
207,70,972,611,82,144,1,1,-1,-1
207,71,678,317,34,24,1,10,-1,-1
207,202,492,333,21,43,1,1,-1,-1
207,203,795,530,58,84,1,2,-1,-1
207,292,718,382,18,58,1,1,-1,-1
208,5,642,365,24,62,1,1,-1,-1
208,34,777,619,121,93,1,10,-1,-1
208,71,678,317,34,24,1,10,-1,-1
208,72,753,412,40,89,1,2,-1,-1
208,202,491,333,21,44,1,1,-1,-1
208,203,796,532,58,84,1,2,-1,-1
208,292,718,382,18,59,1,1,-1,-1
209,5,642,365,24,62,1,1,-1,-1
209,34,766,615,110,83,1,10,-1,-1
209,71,678,317,34,24,1,10,-1,-1
209,72,743,419,39,78,1,1,-1,-1
209,117,679,414,36,88,1,1,-1,-1
209,203,796,533,59,84,1,2,-1,-1
209,293,742,448,63,55,1,10,-1,-1
210,5,631,354,27,69,1,1,-1,-1
210,34,779,625,123,92,1,10,-1,-1
210,71,678,317,34,24,1,10,-1,-1
210,72,743,420,39,78,1,1,-1,-1
210,117,679,414,36,88,1,1,-1,-1
210,293,742,449,63,55,1,10,-1,-1
210,294,644,389,30,75,1,1,-1,-1
211,5,643,365,24,62,1,1,-1,-1
211,34,780,627,123,93,1,10,-1,-1
211,72,743,421,39,78,1,1,-1,-1
211,117,680,414,36,89,1,1,-1,-1
211,293,742,450,63,55,1,10,-1,-1
211,294,644,389,31,75,1,1,-1,-1
212,34,781,630,124,92,1,10,-1,-1
212,72,743,422,40,79,1,1,-1,-1
212,117,680,415,36,88,1,1,-1,-1
212,293,743,451,63,56,1,10,-1,-1
212,294,645,389,30,75,1,1,-1,-1
213,72,743,423,40,79,1,1,-1,-1
213,117,680,415,36,88,1,1,-1,-1
213,293,744,451,62,56,1,10,-1,-1
213,294,645,389,30,75,1,1,-1,-1
213,295,799,537,63,86,1,2,-1,-1
214,23,484,352,18,35,1,3,-1,-1
214,72,743,424,40,79,1,1,-1,-1
214,117,681,415,36,89,1,1,-1,-1
214,294,645,389,31,75,1,1,-1,-1
214,295,799,538,65,86,1,2,-1,-1
215,23,484,338,22,43,1,1,-1,-1
215,72,743,425,41,79,1,1,-1,-1
215,117,674,404,34,81,1,1,-1,-1
215,148,627,390,27,75,1,1,-1,-1
215,149,886,533,53,141,1,1,-1,-1
215,295,800,539,65,87,1,2,-1,-1
215,296,668,369,19,66,1,1,-1,-1
216,23,482,353,18,35,1,3,-1,-1
216,72,743,426,41,79,1,1,-1,-1
216,117,684,385,30,72,1,1,-1,-1
216,148,627,390,27,75,1,1,-1,-1
216,149,887,534,53,142,1,1,-1,-1
216,295,799,540,82,107,1,2,-1,-1
216,296,668,369,19,66,1,1,-1,-1
217,23,481,353,18,36,1,3,-1,-1
217,72,733,419,40,77,1,1,-1,-1
217,148,627,390,27,75,1,1,-1,-1
217,149,888,535,54,142,1,1,-1,-1
217,295,801,541,68,88,1,2,-1,-1
217,296,668,369,20,66,1,1,-1,-1
218,10,756,418,41,93,1,2,-1,-1
218,23,481,340,23,43,1,1,-1,-1
218,148,628,390,27,75,1,1,-1,-1
218,149,871,529,55,142,1,1,-1,-1
218,150,649,360,21,55,1,1,-1,-1
218,296,669,369,19,66,1,1,-1,-1
219,10,744,429,41,79,1,1,-1,-1
219,23,479,354,18,37,1,3,-1,-1
219,148,628,390,27,75,1,1,-1,-1
219,149,890,537,55,143,1,1,-1,-1
219,150,644,364,24,62,1,1,-1,-1
219,204,1003,611,94,148,1,1,-1,-1
219,296,669,369,19,65,1,1,-1,-1
219,297,757,418,40,94,1,2,-1,-1
220,10,744,429,41,79,1,1,-1,-1
220,23,478,355,18,37,1,3,-1,-1
220,73,679,319,34,24,1,10,-1,-1
220,148,628,390,27,75,1,1,-1,-1
220,149,891,538,56,143,1,1,-1,-1
220,150,644,364,24,62,1,1,-1,-1
220,204,1005,634,77,120,1,1,-1,-1
220,297,757,419,41,94,1,2,-1,-1
221,10,745,430,41,79,1,1,-1,-1
221,23,478,342,23,43,1,1,-1,-1
221,73,679,319,34,24,1,10,-1,-1
221,148,629,390,27,75,1,1,-1,-1
221,149,892,539,56,143,1,1,-1,-1
221,150,645,364,24,62,1,1,-1,-1
221,204,1007,636,77,118,1,1,-1,-1
221,297,768,458,34,79,1,2,-1,-1
222,10,745,430,41,79,1,1,-1,-1
222,23,476,356,18,37,1,3,-1,-1
222,73,679,319,34,24,1,10,-1,-1
222,74,682,415,38,88,1,1,-1,-1
222,150,645,364,24,62,1,1,-1,-1
222,204,1010,638,76,116,1,1,-1,-1
222,297,758,420,40,95,1,2,-1,-1
222,298,786,467,115,219,1,8,-1,-1
223,10,758,420,41,96,1,2,-1,-1
223,23,475,356,18,38,1,3,-1,-1
223,73,679,319,34,24,1,10,-1,-1
223,74,682,415,38,88,1,1,-1,-1
223,150,645,364,24,62,1,1,-1,-1
223,204,1012,639,76,115,1,1,-1,-1
223,297,746,430,41,79,1,1,-1,-1
223,298,783,497,94,179,1,8,-1,-1
223,299,649,389,30,76,1,1,-1,-1
223,300,805,547,74,90,1,2,-1,-1
224,10,738,383,56,108,1,1,-1,-1
224,23,475,344,25,44,1,1,-1,-1
224,73,679,319,34,24,1,10,-1,-1
224,74,683,415,38,88,1,1,-1,-1
224,150,645,364,24,62,1,1,-1,-1
224,204,1015,641,75,113,1,1,-1,-1
224,298,784,497,94,180,1,8,-1,-1
224,299,649,389,30,76,1,1,-1,-1
224,300,805,548,76,91,1,2,-1,-1
225,10,759,421,41,97,1,2,-1,-1
225,23,475,344,24,45,1,1,-1,-1
225,73,679,319,34,24,1,10,-1,-1
225,74,688,386,30,72,1,1,-1,-1
225,298,784,498,95,181,1,8,-1,-1
225,299,650,389,30,76,1,1,-1,-1
225,300,806,549,76,91,1,2,-1,-1
226,10,747,432,41,79,1,1,-1,-1
226,23,473,358,18,39,1,3,-1,-1
226,73,679,319,34,24,1,10,-1,-1
226,74,684,415,38,87,1,1,-1,-1
226,151,646,364,24,62,1,1,-1,-1
226,298,785,499,95,181,1,8,-1,-1
226,299,650,389,30,76,1,1,-1,-1
226,300,807,550,77,92,1,2,-1,-1
227,10,747,432,41,79,1,1,-1,-1
227,23,473,359,18,39,1,3,-1,-1
227,73,679,319,34,24,1,10,-1,-1
227,74,684,415,38,87,1,1,-1,-1
227,151,646,364,24,62,1,1,-1,-1
227,299,651,390,30,76,1,1,-1,-1
227,300,798,538,71,83,1,2,-1,-1
227,301,747,453,65,62,1,10,-1,-1
228,10,741,444,35,68,1,1,-1,-1
228,23,473,346,25,46,1,1,-1,-1
228,73,679,320,34,24,1,10,-1,-1
228,74,685,415,38,87,1,1,-1,-1
228,75,597,305,21,41,1,1,-1,-1
228,151,646,364,24,62,1,1,-1,-1
228,301,747,453,65,62,1,10,-1,-1
229,10,748,433,41,79,1,1,-1,-1
229,23,472,347,25,46,1,1,-1,-1
229,73,679,320,34,24,1,10,-1,-1
229,74,685,415,39,87,1,1,-1,-1
229,75,596,305,21,41,1,1,-1,-1
229,76,851,605,51,143,1,1,-1,-1
229,151,646,364,24,62,1,1,-1,-1
229,301,747,453,66,63,1,10,-1,-1
230,10,749,433,41,79,1,1,-1,-1
230,74,686,415,38,87,1,1,-1,-1
230,75,595,305,21,41,1,1,-1,-1
230,76,841,598,50,138,1,1,-1,-1
230,151,646,364,24,62,1,1,-1,-1
230,301,763,452,32,62,1,1,-1,-1
231,10,747,454,67,64,1,10,-1,-1
231,74,686,415,39,87,1,1,-1,-1
231,75,593,306,22,40,1,1,-1,-1
231,76,853,608,51,143,1,1,-1,-1
231,151,647,364,24,62,1,1,-1,-1
231,301,753,444,26,59,1,2,-1,-1
232,10,747,454,67,64,1,10,-1,-1
232,75,592,306,22,40,1,1,-1,-1
232,76,854,610,51,143,1,1,-1,-1
232,151,647,363,24,62,1,1,-1,-1
233,10,747,454,67,64,1,10,-1,-1
233,75,591,306,22,41,1,1,-1,-1
233,76,856,612,51,143,1,1,-1,-1
234,10,751,435,41,79,1,1,-1,-1
234,75,590,306,22,41,1,1,-1,-1
234,76,856,612,51,142,1,1,-1,-1
235,10,748,455,67,64,1,10,-1,-1
235,75,588,306,23,41,1,1,-1,-1
235,76,857,613,51,141,1,1,-1,-1
236,10,751,435,41,79,1,1,-1,-1
236,27,693,385,31,72,1,1,-1,-1
236,75,587,306,23,41,1,1,-1,-1
236,76,808,586,106,116,1,2,-1,-1
236,94,801,658,139,95,1,10,-1,-1
237,10,764,426,43,96,1,2,-1,-1
237,27,694,385,31,72,1,1,-1,-1
237,35,791,470,111,214,1,8,-1,-1
237,75,586,306,23,41,1,1,-1,-1
237,76,814,562,89,96,1,2,-1,-1
237,94,758,651,163,112,1,10,-1,-1
238,10,752,436,41,79,1,1,-1,-1
238,27,694,385,31,72,1,1,-1,-1
238,35,792,506,100,192,1,8,-1,-1
238,76,814,562,90,96,1,2,-1,-1
238,94,803,659,140,95,1,10,-1,-1
238,152,467,352,26,50,1,1,-1,-1
239,27,695,385,31,72,1,1,-1,-1
239,35,793,506,100,193,1,8,-1,-1
239,94,804,659,140,95,1,10,-1,-1
239,152,466,353,26,50,1,1,-1,-1
240,27,695,385,32,72,1,1,-1,-1
240,35,794,507,100,194,1,8,-1,-1
240,94,805,660,141,95,1,10,-1,-1
240,152,466,353,26,51,1,1,-1,-1
240,153,739,383,18,59,1,1,-1,-1
240,205,816,564,90,96,1,2,-1,-1
241,27,692,415,40,86,1,1,-1,-1
241,35,792,516,100,193,1,8,-1,-1
241,94,805,660,141,95,1,10,-1,-1
241,152,465,354,26,51,1,1,-1,-1
241,153,739,383,18,59,1,1,-1,-1
241,205,816,565,91,96,1,2,-1,-1
242,11,754,438,41,79,1,1,-1,-1
242,27,702,424,41,88,1,1,-1,-1
242,35,795,508,101,195,1,8,-1,-1
242,94,806,661,141,94,1,10,-1,-1
242,152,465,355,26,51,1,1,-1,-1
242,153,739,383,18,59,1,1,-1,-1
242,205,817,566,91,96,1,2,-1,-1
243,11,755,438,41,79,1,1,-1,-1
243,27,693,414,40,86,1,1,-1,-1
243,35,795,509,102,196,1,8,-1,-1
243,94,807,662,141,93,1,10,-1,-1
243,152,464,355,26,52,1,1,-1,-1
243,153,739,383,18,59,1,1,-1,-1
243,205,818,567,91,96,1,2,-1,-1
243,302,752,459,66,63,1,10,-1,-1
244,11,768,428,43,96,1,2,-1,-1
244,27,687,421,35,73,1,1,-1,-1
244,35,796,509,102,197,1,8,-1,-1
244,94,808,662,141,93,1,10,-1,-1
244,152,464,356,26,52,1,1,-1,-1
244,153,740,383,18,59,1,1,-1,-1
244,205,806,549,57,109,1,8,-1,-1
244,302,752,459,66,63,1,10,-1,-1
245,11,755,439,41,79,1,1,-1,-1
245,27,694,414,40,85,1,1,-1,-1
245,35,797,510,102,198,1,8,-1,-1
245,153,740,383,18,59,1,1,-1,-1
245,154,674,365,22,65,1,1,-1,-1
245,205,819,568,92,96,1,2,-1,-1
245,302,775,457,62,59,1,10,-1,-1
246,11,756,439,41,79,1,1,-1,-1
246,27,695,413,40,86,1,1,-1,-1
246,35,803,527,109,210,1,8,-1,-1
246,95,463,358,26,53,1,1,-1,-1
246,153,743,356,21,69,1,1,-1,-1
246,154,674,365,22,65,1,1,-1,-1
246,302,753,460,66,63,1,10,-1,-1
247,11,756,440,41,79,1,1,-1,-1
247,27,695,413,41,85,1,1,-1,-1
247,35,798,511,103,200,1,8,-1,-1
247,95,465,376,22,44,1,3,-1,-1
247,154,674,365,22,65,1,1,-1,-1
247,302,754,461,66,63,1,10,-1,-1
248,11,757,440,41,79,1,1,-1,-1
248,27,696,413,41,85,1,1,-1,-1
248,35,799,512,103,200,1,8,-1,-1
248,95,462,360,27,53,1,1,-1,-1
248,154,675,365,22,65,1,1,-1,-1
248,155,866,626,55,128,1,1,-1,-1
249,11,757,440,41,79,1,1,-1,-1
249,27,696,413,41,85,1,1,-1,-1
249,35,835,567,71,168,1,1,-1,-1
249,95,462,361,26,54,1,1,-1,-1
249,154,674,364,22,65,1,1,-1,-1
249,155,867,627,54,127,1,1,-1,-1
249,156,658,387,30,76,1,1,-1,-1
250,11,758,441,41,79,1,1,-1,-1
250,27,701,408,47,98,1,1,-1,-1
250,95,461,362,27,54,1,1,-1,-1
250,96,923,568,59,154,1,1,-1,-1
250,154,674,364,22,65,1,1,-1,-1
250,155,868,628,54,126,1,1,-1,-1
250,156,658,387,30,76,1,1,-1,-1
251,11,771,431,44,95,1,2,-1,-1
251,95,461,362,27,55,1,1,-1,-1
251,96,924,569,58,154,1,1,-1,-1
251,154,674,364,22,65,1,1,-1,-1
251,155,868,629,55,125,1,1,-1,-1
251,156,658,386,30,76,1,1,-1,-1
251,206,701,383,32,72,1,1,-1,-1
252,11,772,431,44,95,1,2,-1,-1
252,95,460,363,27,56,1,1,-1,-1
252,96,925,570,57,155,1,1,-1,-1
252,155,869,630,55,124,1,1,-1,-1
252,156,656,368,25,64,1,1,-1,-1
252,206,698,412,41,85,1,1,-1,-1
253,11,790,432,42,92,1,2,-1,-1
253,95,460,364,27,56,1,1,-1,-1
253,96,926,571,56,155,1,1,-1,-1
253,155,882,633,46,103,1,1,-1,-1
253,156,659,386,30,76,1,1,-1,-1
253,206,699,412,41,84,1,1,-1,-1
254,11,740,441,90,86,1,10,-1,-1
254,95,459,365,28,56,1,1,-1,-1
254,96,924,576,53,153,1,1,-1,-1
254,155,870,632,56,122,1,1,-1,-1
254,156,659,386,30,76,1,1,-1,-1
254,206,699,411,42,85,1,1,-1,-1
255,11,759,442,40,79,1,1,-1,-1
255,96,928,573,54,155,1,1,-1,-1
255,156,660,386,30,76,1,1,-1,-1
255,206,692,432,37,75,1,1,-1,-1
256,11,759,465,67,64,1,10,-1,-1
256,96,928,574,54,155,1,1,-1,-1
256,206,693,420,34,70,1,1,-1,-1
256,207,742,384,18,59,1,1,-1,-1
256,303,459,367,27,57,1,1,-1,-1
257,11,759,443,39,79,1,1,-1,-1
257,96,929,574,54,156,1,1,-1,-1
257,157,681,323,34,24,1,10,-1,-1
257,207,742,384,18,59,1,1,-1,-1
257,303,461,384,24,47,1,3,-1,-1
257,304,760,466,67,64,1,10,-1,-1
258,11,759,443,39,79,1,1,-1,-1
258,96,929,575,54,155,1,1,-1,-1
258,157,681,323,34,24,1,10,-1,-1
258,207,743,385,18,59,1,1,-1,-1
258,303,458,369,28,57,1,1,-1,-1
258,304,760,466,67,64,1,10,-1,-1
259,11,775,433,45,95,1,2,-1,-1
259,42,651,361,24,62,1,1,-1,-1
259,157,681,323,34,24,1,10,-1,-1
259,207,743,385,18,59,1,1,-1,-1
259,303,457,370,28,58,1,1,-1,-1
259,304,761,467,67,64,1,10,-1,-1
260,11,759,443,38,80,1,1,-1,-1
260,42,646,384,27,74,1,1,-1,-1
260,157,681,323,34,24,1,10,-1,-1
260,207,743,385,18,59,1,1,-1,-1
260,303,457,370,28,59,1,1,-1,-1
260,304,762,468,67,64,1,10,-1,-1
261,11,759,444,38,79,1,1,-1,-1
261,42,647,384,26,73,1,1,-1,-1
261,157,681,323,34,24,1,10,-1,-1
261,207,743,385,18,59,1,1,-1,-1
261,304,762,468,66,64,1,10,-1,-1
261,305,875,638,58,116,1,1,-1,-1
262,11,759,444,37,80,1,1,-1,-1
262,36,672,363,22,65,1,1,-1,-1
262,42,650,360,24,62,1,1,-1,-1
262,157,681,323,34,24,1,10,-1,-1
262,208,456,372,28,60,1,1,-1,-1
262,305,876,639,58,115,1,1,-1,-1
263,36,672,363,22,65,1,1,-1,-1
263,42,648,383,27,73,1,1,-1,-1
263,157,681,323,34,24,1,10,-1,-1
263,208,456,373,28,60,1,1,-1,-1
263,305,877,640,58,114,1,1,-1,-1
263,306,762,469,66,63,1,10,-1,-1
264,36,672,362,22,65,1,1,-1,-1
264,42,649,383,27,72,1,1,-1,-1
264,208,455,374,29,60,1,1,-1,-1
264,305,878,641,57,113,1,1,-1,-1
264,306,762,469,66,63,1,10,-1,-1
265,36,672,362,22,65,1,1,-1,-1
265,42,649,360,24,62,1,1,-1,-1
265,208,455,391,26,49,1,3,-1,-1
265,305,878,642,58,112,1,1,-1,-1
265,306,762,470,65,63,1,10,-1,-1
266,36,672,362,22,65,1,1,-1,-1
266,42,649,359,24,62,1,1,-1,-1
266,208,454,376,29,61,1,1,-1,-1
266,306,762,470,65,63,1,10,-1,-1
267,36,672,362,22,65,1,1,-1,-1
267,42,651,383,27,70,1,1,-1,-1
267,118,880,644,58,110,1,1,-1,-1
267,208,454,377,29,61,1,1,-1,-1
267,306,762,471,65,62,1,10,-1,-1
268,36,676,385,23,60,1,1,-1,-1
268,42,653,383,29,75,1,1,-1,-1
268,118,880,645,59,109,1,1,-1,-1
269,15,648,359,24,62,1,1,-1,-1
269,36,671,362,22,65,1,1,-1,-1
269,42,652,383,29,74,1,1,-1,-1
269,118,881,646,59,108,1,1,-1,-1
270,15,648,358,24,62,1,1,-1,-1
270,36,671,362,22,65,1,1,-1,-1
270,42,651,382,29,75,1,1,-1,-1
270,43,776,436,44,96,1,2,-1,-1
270,77,708,409,45,83,1,1,-1,-1
270,118,882,647,59,107,1,1,-1,-1
271,15,648,358,24,62,1,1,-1,-1
271,36,671,361,22,65,1,1,-1,-1
271,43,776,436,44,96,1,2,-1,-1
271,77,709,409,45,83,1,1,-1,-1
271,118,883,648,59,106,1,1,-1,-1
272,15,648,358,24,62,1,1,-1,-1
272,36,671,361,22,65,1,1,-1,-1
272,43,776,436,44,97,1,2,-1,-1
272,77,709,409,46,83,1,1,-1,-1
272,118,883,649,60,105,1,1,-1,-1
272,158,446,398,30,49,1,3,-1,-1
273,15,647,358,24,62,1,1,-1,-1
273,36,671,361,22,65,1,1,-1,-1
273,43,776,436,44,97,1,2,-1,-1
273,77,710,409,46,83,1,1,-1,-1
273,118,872,643,65,112,1,1,-1,-1
273,158,445,399,30,49,1,3,-1,-1
273,159,764,481,49,47,1,10,-1,-1
273,307,649,381,29,75,1,1,-1,-1
274,15,647,358,24,62,1,1,-1,-1
274,36,670,361,22,65,1,1,-1,-1
274,43,748,446,86,84,1,10,-1,-1
274,77,708,408,46,83,1,1,-1,-1
274,118,885,651,60,103,1,1,-1,-1
274,158,444,400,31,50,1,3,-1,-1
274,159,763,472,24,53,1,2,-1,-1
274,307,657,382,26,67,1,1,-1,-1
275,15,648,381,28,74,1,1,-1,-1
275,43,760,447,32,81,1,1,-1,-1
275,77,707,408,46,82,1,1,-1,-1
275,158,440,401,31,51,1,3,-1,-1
275,159,762,474,63,61,1,10,-1,-1
275,307,658,381,26,68,1,1,-1,-1
276,15,647,357,24,62,1,1,-1,-1
276,43,760,447,32,81,1,1,-1,-1
276,77,716,424,51,94,1,1,-1,-1
276,158,437,403,30,51,1,3,-1,-1
276,159,756,490,78,74,1,10,-1,-1
276,307,647,381,28,74,1,1,-1,-1
277,15,646,380,29,74,1,1,-1,-1
277,43,760,447,32,81,1,1,-1,-1
277,77,705,407,45,82,1,1,-1,-1
277,158,434,405,29,52,1,3,-1,-1
277,159,762,475,63,60,1,10,-1,-1
277,307,659,381,26,66,1,1,-1,-1
278,15,646,357,24,62,1,1,-1,-1
278,43,761,448,31,81,1,1,-1,-1
278,53,437,389,32,67,1,1,-1,-1
278,77,708,396,53,96,1,1,-1,-1
278,158,432,405,29,53,1,3,-1,-1
278,159,763,476,62,60,1,10,-1,-1
278,308,805,526,108,207,1,8,-1,-1
278,309,888,655,61,99,1,1,-1,-1
279,15,646,357,24,62,1,1,-1,-1
279,43,766,471,38,84,1,2,-1,-1
279,53,435,389,32,68,1,1,-1,-1
279,77,725,428,35,89,1,1,-1,-1
279,159,762,475,62,61,1,10,-1,-1
279,308,804,526,108,208,1,8,-1,-1
279,309,885,655,61,98,1,1,-1,-1
280,15,644,380,28,73,1,1,-1,-1
280,43,773,437,44,98,1,2,-1,-1
280,53,432,390,33,68,1,1,-1,-1
280,209,704,376,33,71,1,1,-1,-1
280,210,825,588,101,95,1,2,-1,-1
280,308,803,526,108,208,1,8,-1,-1
280,309,882,655,61,97,1,1,-1,-1
280,310,646,356,24,62,1,1,-1,-1
281,15,643,379,28,74,1,1,-1,-1
281,43,736,471,84,83,1,10,-1,-1
281,53,430,390,33,69,1,1,-1,-1
281,209,701,405,43,82,1,1,-1,-1
281,210,824,588,101,95,1,2,-1,-1
281,308,801,527,108,208,1,8,-1,-1
281,309,880,655,60,97,1,1,-1,-1
281,310,645,356,24,62,1,1,-1,-1
282,15,649,365,28,72,1,1,-1,-1
282,53,427,390,33,69,1,1,-1,-1
282,209,700,405,43,81,1,1,-1,-1
282,210,836,607,86,81,1,2,-1,-1
282,308,800,527,108,208,1,8,-1,-1
282,309,877,655,61,97,1,1,-1,-1
282,310,642,379,28,73,1,1,-1,-1
283,15,662,379,26,65,1,1,-1,-1
283,53,425,391,33,69,1,1,-1,-1
283,209,702,375,33,71,1,1,-1,-1
283,210,821,588,101,95,1,2,-1,-1
283,310,645,356,24,62,1,1,-1,-1
284,15,663,379,26,65,1,1,-1,-1
284,53,422,391,34,70,1,1,-1,-1
284,209,716,380,33,72,1,1,-1,-1
284,210,820,589,101,95,1,2,-1,-1
284,211,873,656,61,96,1,1,-1,-1
284,310,641,378,28,74,1,1,-1,-1
285,15,663,378,26,65,1,1,-1,-1
285,53,420,392,34,70,1,1,-1,-1
285,209,701,374,33,71,1,1,-1,-1
285,210,818,589,101,95,1,2,-1,-1
285,211,871,657,61,95,1,1,-1,-1
286,15,663,378,26,65,1,1,-1,-1
286,53,416,393,35,70,1,1,-1,-1
286,211,869,657,61,95,1,1,-1,-1
287,15,664,378,26,65,1,1,-1,-1
287,53,413,394,35,71,1,1,-1,-1
287,211,867,658,61,95,1,1,-1,-1
287,212,644,355,24,62,1,1,-1,-1
288,53,411,407,47,83,1,3,-1,-1
288,211,865,658,61,95,1,1,-1,-1
288,212,638,377,27,73,1,1,-1,-1
289,211,869,636,77,118,1,1,-1,-1
289,212,643,354,24,62,1,1,-1,-1
290,78,404,417,34,57,1,3,-1,-1
290,212,636,377,28,72,1,1,-1,-1
290,213,691,402,41,80,1,1,-1,-1
290,214,918,590,58,159,1,1,-1,-1
291,78,401,418,34,57,1,3,-1,-1
291,212,643,354,24,62,1,1,-1,-1
291,213,690,401,40,80,1,1,-1,-1
291,214,916,590,59,160,1,1,-1,-1
292,78,388,412,39,67,1,3,-1,-1
292,212,643,354,24,62,1,1,-1,-1
292,213,697,373,33,71,1,1,-1,-1
292,214,908,570,67,180,1,1,-1,-1
293,78,394,401,37,73,1,1,-1,-1
293,160,634,376,27,72,1,1,-1,-1
293,213,687,401,41,79,1,1,-1,-1
293,214,914,591,59,160,1,1,-1,-1
293,311,738,428,48,108,1,2,-1,-1
294,78,391,402,37,74,1,1,-1,-1
294,79,725,384,18,59,1,1,-1,-1
294,160,633,376,27,72,1,1,-1,-1
294,213,686,400,40,80,1,1,-1,-1
294,214,910,591,59,160,1,1,-1,-1
294,311,756,437,44,99,1,2,-1,-1
295,78,388,403,37,74,1,1,-1,-1
295,79,723,384,18,59,1,1,-1,-1
295,97,658,355,22,65,1,1,-1,-1
295,98,666,374,26,65,1,1,-1,-1
295,160,633,376,27,72,1,1,-1,-1
295,213,695,372,33,71,1,1,-1,-1
295,214,906,591,60,160,1,1,-1,-1
295,311,741,446,40,84,1,1,-1,-1
296,78,382,388,46,73,1,3,-1,-1
296,79,722,383,18,59,1,1,-1,-1
296,97,657,355,22,65,1,1,-1,-1
296,98,667,374,26,65,1,1,-1,-1
296,160,631,375,27,72,1,1,-1,-1
296,161,684,399,39,79,1,1,-1,-1
296,311,738,446,40,84,1,1,-1,-1
297,78,381,405,39,75,1,1,-1,-1
297,79,721,383,18,59,1,1,-1,-1
297,97,655,354,22,65,1,1,-1,-1
297,98,667,373,26,65,1,1,-1,-1
297,160,630,375,27,72,1,1,-1,-1
297,161,683,399,39,79,1,1,-1,-1
297,311,736,446,40,84,1,1,-1,-1
298,78,378,406,39,76,1,1,-1,-1
298,79,719,383,18,59,1,1,-1,-1
298,97,654,354,22,65,1,1,-1,-1
298,98,667,373,26,65,1,1,-1,-1
298,160,629,374,27,72,1,1,-1,-1
298,161,682,399,39,78,1,1,-1,-1
299,78,375,407,39,76,1,1,-1,-1
299,79,718,383,18,59,1,1,-1,-1
299,97,653,353,22,65,1,1,-1,-1
299,98,668,373,26,65,1,1,-1,-1
299,160,633,351,24,62,1,1,-1,-1
299,161,681,398,38,79,1,1,-1,-1
300,79,717,383,18,59,1,1,-1,-1
300,97,652,353,22,65,1,1,-1,-1
300,98,657,375,31,68,1,1,-1,-1
300,161,684,370,33,71,1,1,-1,-1
301,79,716,383,18,59,1,1,-1,-1
301,97,651,353,22,65,1,1,-1,-1
301,98,666,372,26,65,1,1,-1,-1
301,99,750,680,170,74,1,10,-1,-1
301,161,682,370,33,71,1,1,-1,-1
302,79,713,382,19,59,1,1,-1,-1
302,97,649,352,22,65,1,1,-1,-1
302,98,666,398,35,75,1,1,-1,-1
302,99,818,664,61,90,1,1,-1,-1
302,161,677,397,37,78,1,1,-1,-1
302,215,1030,716,72,39,1,1,-1,-1
303,8,664,371,26,65,1,1,-1,-1
303,79,711,382,19,59,1,1,-1,-1
303,80,360,412,41,78,1,1,-1,-1
303,97,648,352,21,65,1,1,-1,-1
303,98,654,406,40,84,1,1,-1,-1
303,99,813,665,61,89,1,1,-1,-1
303,215,1025,735,75,40,1,1,-1,-1
304,8,663,370,26,66,1,1,-1,-1
304,44,620,372,28,71,1,1,-1,-1
304,80,356,436,39,63,1,10,-1,-1
304,99,807,666,61,88,1,1,-1,-1
304,215,1020,717,72,38,1,1,-1,-1
305,8,662,370,26,65,1,1,-1,-1
305,44,618,371,28,72,1,1,-1,-1
305,45,716,471,66,66,1,10,-1,-1
305,80,351,438,40,64,1,10,-1,-1
305,99,802,667,61,87,1,1,-1,-1
305,100,765,312,15,35,1,1,-1,-1
305,162,645,352,21,64,1,1,-1,-1
305,215,1015,717,72,38,1,1,-1,-1
306,8,662,370,25,65,1,1,-1,-1
306,44,617,371,27,72,1,1,-1,-1
306,45,713,471,65,66,1,10,-1,-1
306,80,346,439,42,65,1,10,-1,-1
306,99,797,669,61,85,1,1,-1,-1
306,100,764,312,15,35,1,1,-1,-1
306,162,643,352,22,64,1,1,-1,-1
306,215,1010,718,72,37,1,1,-1,-1
307,8,666,369,32,71,1,1,-1,-1
307,44,615,371,28,71,1,1,-1,-1
307,45,710,471,65,66,1,10,-1,-1
307,80,342,441,42,65,1,10,-1,-1
307,99,791,670,61,84,1,1,-1,-1
307,100,763,312,15,35,1,1,-1,-1
307,162,642,352,21,64,1,1,-1,-1
307,215,1006,718,72,37,1,1,-1,-1
308,8,663,369,33,71,1,1,-1,-1
308,44,613,371,28,71,1,1,-1,-1
308,45,707,470,65,67,1,10,-1,-1
308,80,340,418,42,81,1,1,-1,-1
308,99,786,671,61,83,1,1,-1,-1
308,100,762,312,15,35,1,1,-1,-1
308,162,649,365,21,56,1,1,-1,-1
309,8,659,368,25,66,1,1,-1,-1
309,44,611,370,28,71,1,1,-1,-1
309,45,704,470,65,68,1,10,-1,-1
309,80,336,419,42,81,1,1,-1,-1
309,99,780,672,62,82,1,1,-1,-1
309,100,761,312,15,35,1,1,-1,-1
309,162,642,350,29,64,1,1,-1,-1
310,8,658,368,25,66,1,1,-1,-1
310,44,610,370,28,71,1,1,-1,-1
310,45,700,470,66,68,1,10,-1,-1
310,80,328,446,45,67,1,10,-1,-1
310,100,760,312,15,35,1,1,-1,-1
310,162,637,351,22,64,1,1,-1,-1
311,8,658,368,25,65,1,1,-1,-1
311,44,608,370,28,71,1,1,-1,-1
311,45,697,470,65,68,1,10,-1,-1
311,80,328,422,42,82,1,1,-1,-1
311,100,760,311,15,35,1,1,-1,-1
311,162,636,351,21,64,1,1,-1,-1
312,8,653,368,32,71,1,1,-1,-1
312,44,606,370,28,70,1,1,-1,-1
312,45,694,469,65,69,1,10,-1,-1
312,80,319,449,46,69,1,10,-1,-1
312,81,791,305,11,27,1,1,-1,-1
312,100,759,311,15,35,1,1,-1,-1
313,8,650,368,32,71,1,1,-1,-1
313,44,604,369,29,71,1,1,-1,-1
313,45,691,448,42,85,1,2,-1,-1
313,81,791,309,17,32,1,1,-1,-1
313,100,758,311,15,35,1,1,-1,-1
314,8,655,366,25,66,1,1,-1,-1
314,44,603,369,28,70,1,1,-1,-1
314,45,688,469,65,69,1,10,-1,-1
314,81,790,309,17,32,1,1,-1,-1
314,312,655,320,36,23,1,10,-1,-1
314,313,677,711,177,72,1,10,-1,-1
315,8,655,366,24,66,1,1,-1,-1
315,44,601,369,28,70,1,1,-1,-1
315,45,685,468,65,70,1,10,-1,-1
315,81,789,309,17,32,1,1,-1,-1
315,101,305,454,49,70,1,10,-1,-1
315,312,654,320,36,23,1,10,-1,-1
315,313,679,680,165,67,1,10,-1,-1
316,8,642,368,32,71,1,1,-1,-1
316,45,682,468,64,70,1,10,-1,-1
316,81,789,309,17,32,1,1,-1,-1
316,101,308,428,43,84,1,1,-1,-1
316,312,653,320,36,23,1,10,-1,-1
316,313,687,699,141,56,1,10,-1,-1
317,8,640,368,31,71,1,1,-1,-1
317,81,787,300,15,29,1,1,-1,-1
317,101,304,405,44,86,1,1,-1,-1
317,216,780,296,13,31,1,1,-1,-1
317,312,652,320,36,23,1,10,-1,-1
317,313,642,709,173,69,1,10,-1,-1
318,8,652,365,24,66,1,1,-1,-1
318,81,787,309,17,32,1,1,-1,-1
318,101,300,430,44,86,1,1,-1,-1
318,216,779,296,13,31,1,1,-1,-1
318,312,651,320,36,23,1,10,-1,-1
318,313,677,699,141,56,1,10,-1,-1
319,8,634,367,32,71,1,1,-1,-1
319,81,786,309,17,32,1,1,-1,-1
319,101,287,460,52,73,1,10,-1,-1
319,216,779,296,13,31,1,1,-1,-1
320,8,632,367,31,71,1,1,-1,-1
320,28,611,367,32,73,1,1,-1,-1
320,81,785,309,17,32,1,1,-1,-1
320,101,282,461,53,75,1,10,-1,-1
320,119,669,467,65,72,1,10,-1,-1
320,216,778,296,13,31,1,1,-1,-1
321,8,629,367,32,71,1,1,-1,-1
321,28,621,349,21,63,1,1,-1,-1
321,81,784,310,17,32,1,1,-1,-1
321,101,277,463,54,75,1,10,-1,-1
321,119,668,449,44,86,1,2,-1,-1
321,216,777,296,13,31,1,1,-1,-1
322,8,627,367,31,71,1,1,-1,-1
322,28,619,349,22,63,1,1,-1,-1
322,101,284,435,44,88,1,1,-1,-1
322,119,663,463,42,93,1,2,-1,-1
322,216,776,296,13,31,1,1,-1,-1
322,217,474,309,24,45,1,1,-1,-1
323,8,624,367,31,71,1,1,-1,-1
323,28,618,349,21,62,1,1,-1,-1
323,101,268,466,56,77,1,10,-1,-1
323,119,675,435,51,112,1,2,-1,-1
323,217,475,309,23,45,1,1,-1,-1
323,314,587,367,29,69,1,1,-1,-1
324,8,621,367,32,71,1,1,-1,-1
324,28,616,349,22,62,1,1,-1,-1
324,119,673,435,51,112,1,2,-1,-1
324,217,475,309,23,45,1,1,-1,-1
324,314,585,366,29,69,1,1,-1,-1
325,28,615,349,21,62,1,1,-1,-1
325,119,633,455,94,109,1,10,-1,-1
325,217,476,309,23,45,1,1,-1,-1
325,218,656,380,21,62,1,1,-1,-1
325,314,583,366,30,69,1,1,-1,-1
326,28,614,349,21,62,1,1,-1,-1
326,119,670,437,51,111,1,2,-1,-1
326,217,476,309,23,45,1,1,-1,-1
326,218,665,379,20,58,1,1,-1,-1
326,219,689,693,62,61,1,1,-1,-1
326,314,581,366,30,69,1,1,-1,-1
327,2,651,450,45,86,1,2,-1,-1
327,28,613,348,21,62,1,1,-1,-1
327,119,668,437,52,112,1,2,-1,-1
327,163,250,472,59,80,1,10,-1,-1
327,217,477,308,22,46,1,1,-1,-1
327,218,663,379,20,58,1,1,-1,-1
327,219,684,694,61,60,1,1,-1,-1
327,220,614,367,31,71,1,1,-1,-1
327,314,580,366,29,68,1,1,-1,-1
328,2,650,467,64,76,1,10,-1,-1
328,28,613,348,21,62,1,1,-1,-1
328,163,245,474,60,80,1,10,-1,-1
328,218,661,379,21,58,1,1,-1,-1
328,219,692,682,64,61,1,1,-1,-1
328,220,613,367,31,71,1,1,-1,-1
329,2,646,451,45,86,1,2,-1,-1
329,28,613,348,21,62,1,1,-1,-1
329,163,241,476,60,80,1,10,-1,-1
329,218,660,379,21,58,1,1,-1,-1
329,219,673,696,61,58,1,1,-1,-1
329,220,626,367,27,78,1,1,-1,-1
330,2,644,451,45,86,1,2,-1,-1
330,28,613,348,21,62,1,1,-1,-1
330,163,243,449,51,97,1,1,-1,-1
330,218,660,379,21,58,1,1,-1,-1
330,219,667,697,62,57,1,1,-1,-1
330,220,632,389,28,80,1,1,-1,-1
330,221,637,542,107,203,1,8,-1,-1
331,2,643,451,45,87,1,2,-1,-1
331,28,610,367,31,71,1,1,-1,-1
331,163,238,451,52,98,1,1,-1,-1
331,219,662,699,62,55,1,1,-1,-1
331,220,631,379,26,72,1,1,-1,-1
331,221,634,543,107,202,1,8,-1,-1
331,315,693,325,14,30,1,1,-1,-1
332,2,644,470,64,78,1,10,-1,-1
332,28,613,348,21,62,1,1,-1,-1
332,163,202,459,79,104,1,10,-1,-1
332,220,628,388,28,80,1,1,-1,-1
332,221,631,545,107,201,1,8,-1,-1
332,315,692,326,14,29,1,1,-1,-1
333,2,643,470,64,79,1,10,-1,-1
333,28,608,367,32,72,1,1,-1,-1
333,163,228,455,53,101,1,1,-1,-1
333,221,637,534,110,205,1,8,-1,-1
333,315,692,326,14,29,1,1,-1,-1
333,316,658,379,21,58,1,1,-1,-1
334,2,640,453,45,88,1,2,-1,-1
334,28,607,367,32,72,1,1,-1,-1
334,221,625,548,106,199,1,8,-1,-1
334,315,692,326,14,29,1,1,-1,-1
334,316,658,379,21,58,1,1,-1,-1
335,2,639,453,44,89,1,2,-1,-1
335,221,622,550,106,197,1,8,-1,-1
335,315,693,326,14,29,1,1,-1,-1
335,316,657,380,21,58,1,1,-1,-1
336,2,639,472,64,81,1,10,-1,-1
336,222,605,367,32,72,1,1,-1,-1
336,223,622,388,28,80,1,1,-1,-1
336,316,648,361,23,67,1,1,-1,-1
336,317,582,338,34,78,1,1,-1,-1
337,2,636,454,45,90,1,2,-1,-1
337,120,782,310,17,33,1,1,-1,-1
337,222,604,367,32,72,1,1,-1,-1
337,223,621,388,28,80,1,1,-1,-1
337,316,656,380,21,58,1,1,-1,-1
337,317,591,342,23,63,1,1,-1,-1
338,2,635,455,45,90,1,2,-1,-1
338,120,782,310,17,33,1,1,-1,-1
338,222,612,347,21,62,1,1,-1,-1
338,223,621,388,28,80,1,1,-1,-1
338,317,590,341,24,64,1,1,-1,-1
339,2,634,455,45,91,1,2,-1,-1
339,120,783,310,17,33,1,1,-1,-1
339,222,612,347,21,62,1,1,-1,-1
339,223,621,388,28,80,1,1,-1,-1
339,224,609,628,107,116,1,2,-1,-1
339,317,590,341,23,64,1,1,-1,-1
339,318,636,322,38,22,1,10,-1,-1
340,2,648,446,52,112,1,2,-1,-1
340,120,784,310,17,34,1,1,-1,-1
340,222,612,347,21,62,1,1,-1,-1
340,223,621,388,28,80,1,1,-1,-1
340,224,605,630,108,116,1,2,-1,-1
340,317,590,341,23,64,1,1,-1,-1
340,318,637,322,38,22,1,10,-1,-1
341,2,627,417,64,135,1,2,-1,-1
341,120,785,310,17,34,1,1,-1,-1
341,222,600,367,33,73,1,1,-1,-1
341,223,621,388,28,80,1,1,-1,-1
341,224,602,631,108,117,1,2,-1,-1
341,225,187,470,60,110,1,1,-1,-1
341,318,638,322,38,22,1,10,-1,-1
342,2,645,448,52,111,1,2,-1,-1
342,120,785,310,17,34,1,1,-1,-1
342,224,598,633,109,117,1,2,-1,-1
342,225,182,472,61,112,1,1,-1,-1
342,226,652,362,23,67,1,1,-1,-1
342,318,639,322,38,22,1,10,-1,-1
343,2,643,448,53,112,1,2,-1,-1
343,120,786,310,17,34,1,1,-1,-1
343,224,595,635,109,117,1,2,-1,-1
343,225,176,475,63,114,1,1,-1,-1
343,226,653,362,23,67,1,1,-1,-1
343,318,640,322,38,23,1,10,-1,-1
344,2,629,458,44,93,1,2,-1,-1
344,120,787,310,17,34,1,1,-1,-1
344,224,592,639,109,113,1,2,-1,-1
344,225,171,478,64,116,1,1,-1,-1
344,226,653,381,21,58,1,1,-1,-1
345,2,629,478,64,86,1,10,-1,-1
345,164,566,366,30,72,1,1,-1,-1
345,225,166,482,65,117,1,1,-1,-1
345,226,652,381,21,58,1,1,-1,-1
346,2,628,460,44,94,1,2,-1,-1
346,121,788,310,17,34,1,1,-1,-1
346,164,565,370,30,73,1,1,-1,-1
346,225,151,516,84,97,1,10,-1,-1
346,226,652,381,21,58,1,1,-1,-1
347,2,628,462,44,93,1,2,-1,-1
347,16,134,507,76,136,1,1,-1,-1
347,121,789,310,17,34,1,1,-1,-1
347,122,777,299,14,33,1,1,-1,-1
347,164,565,366,30,73,1,1,-1,-1
347,226,651,382,21,58,1,1,-1,-1
347,227,588,341,22,63,1,1,-1,-1
348,2,628,463,44,94,1,2,-1,-1
348,16,151,492,68,122,1,1,-1,-1
348,121,790,310,17,34,1,1,-1,-1
348,122,778,299,14,33,1,1,-1,-1
348,164,565,366,29,73,1,1,-1,-1
348,227,588,341,21,63,1,1,-1,-1
348,319,749,312,19,34,1,1,-1,-1
349,2,629,484,64,88,1,10,-1,-1
349,16,136,527,89,103,1,10,-1,-1
349,121,791,310,17,35,1,1,-1,-1
349,122,779,300,14,33,1,1,-1,-1
349,164,565,367,29,73,1,1,-1,-1
349,227,588,341,21,63,1,1,-1,-1
349,319,750,313,19,34,1,1,-1,-1
350,2,628,466,44,94,1,2,-1,-1
350,16,128,531,88,105,1,10,-1,-1
350,121,792,310,17,34,1,1,-1,-1
350,122,780,300,14,33,1,1,-1,-1
350,164,564,367,29,73,1,1,-1,-1
350,227,586,335,25,76,1,1,-1,-1
350,319,752,313,18,34,1,1,-1,-1
351,2,630,487,64,89,1,10,-1,-1
351,16,121,536,87,106,1,10,-1,-1
351,121,794,310,17,34,1,1,-1,-1
351,122,782,300,14,33,1,1,-1,-1
351,164,564,367,29,73,1,1,-1,-1
351,227,589,341,21,63,1,1,-1,-1
351,319,754,313,18,34,1,1,-1,-1
352,2,627,468,44,96,1,2,-1,-1
352,16,114,540,86,108,1,10,-1,-1
352,121,796,310,17,34,1,1,-1,-1
352,122,784,300,14,33,1,1,-1,-1
352,165,576,674,109,79,1,2,-1,-1
352,227,590,341,21,63,1,1,-1,-1
352,319,756,313,18,34,1,1,-1,-1
353,2,627,470,44,95,1,2,-1,-1
353,16,114,511,76,121,1,1,-1,-1
353,121,797,310,17,34,1,1,-1,-1
353,122,786,301,13,32,1,1,-1,-1
353,165,574,678,109,75,1,2,-1,-1
354,2,635,460,53,111,1,2,-1,-1
354,16,107,515,77,121,1,1,-1,-1
354,122,788,301,13,32,1,1,-1,-1
354,165,572,683,109,71,1,2,-1,-1
354,228,660,364,23,67,1,1,-1,-1
355,2,627,472,44,97,1,2,-1,-1
355,16,91,555,86,112,1,10,-1,-1
355,123,762,314,17,34,1,1,-1,-1
355,165,570,687,109,67,1,2,-1,-1
355,228,661,364,23,67,1,1,-1,-1
356,16,82,560,89,114,1,10,-1,-1
356,123,764,314,17,34,1,1,-1,-1
356,124,648,478,59,124,1,2,-1,-1
356,165,568,691,109,63,1,2,-1,-1
356,228,662,364,23,67,1,1,-1,-1
357,16,73,565,92,116,1,10,-1,-1
357,123,766,314,17,35,1,1,-1,-1
357,124,636,465,53,111,1,2,-1,-1
357,165,566,696,109,58,1,2,-1,-1
357,228,662,364,23,67,1,1,-1,-1
358,16,65,570,94,119,1,10,-1,-1
358,123,768,314,17,35,1,1,-1,-1
358,124,631,497,64,93,1,10,-1,-1
358,165,564,700,109,54,1,2,-1,-1
358,228,663,364,23,67,1,1,-1,-1
359,16,52,576,97,122,1,10,-1,-1
359,123,770,315,17,34,1,1,-1,-1
359,124,614,480,70,102,1,10,-1,-1
359,228,664,365,23,67,1,1,-1,-1
360,16,40,583,100,124,1,10,-1,-1
360,54,809,310,17,33,1,1,-1,-1
360,123,772,315,16,34,1,1,-1,-1
360,124,626,480,45,97,1,2,-1,-1
361,16,41,551,82,143,1,1,-1,-1
361,54,811,311,17,32,1,1,-1,-1
361,123,774,315,16,35,1,1,-1,-1
361,124,625,482,46,97,1,2,-1,-1
361,320,662,366,23,67,1,1,-1,-1
362,16,15,597,107,129,1,10,-1,-1
362,54,812,311,17,32,1,1,-1,-1
362,123,776,315,16,35,1,1,-1,-1
362,124,625,484,47,97,1,2,-1,-1
362,320,661,366,23,67,1,1,-1,-1
362,321,600,342,22,62,1,1,-1,-1
363,16,3,604,110,132,1,10,-1,-1
363,54,814,311,17,32,1,1,-1,-1
363,124,624,486,48,97,1,2,-1,-1
363,320,660,367,23,67,1,1,-1,-1
363,321,601,342,22,63,1,1,-1,-1
364,6,649,490,34,71,1,2,-1,-1
364,16,16,572,77,151,1,1,-1,-1
364,54,816,311,17,33,1,1,-1,-1
364,320,654,386,21,58,1,1,-1,-1
364,321,602,342,22,63,1,1,-1,-1
365,6,628,476,43,84,1,2,-1,-1
365,16,1,624,86,124,1,10,-1,-1
365,54,818,311,17,33,1,1,-1,-1
365,320,655,386,21,58,1,1,-1,-1
365,321,603,342,22,63,1,1,-1,-1
366,6,623,470,46,95,1,2,-1,-1
366,54,820,312,17,32,1,1,-1,-1
366,321,604,342,22,63,1,1,-1,-1
367,6,622,493,51,97,1,2,-1,-1
367,9,656,369,23,67,1,1,-1,-1
367,54,822,312,17,33,1,1,-1,-1
367,322,809,303,13,32,1,1,-1,-1
368,6,622,495,51,97,1,2,-1,-1
368,9,655,369,23,67,1,1,-1,-1
368,54,823,312,17,33,1,1,-1,-1
368,322,810,303,13,32,1,1,-1,-1
368,323,787,316,15,35,1,1,-1,-1
369,6,621,497,52,96,1,2,-1,-1
369,9,654,370,23,67,1,1,-1,-1
369,54,825,312,17,34,1,1,-1,-1
369,166,638,397,27,85,1,1,-1,-1
369,322,812,303,13,33,1,1,-1,-1
369,323,789,317,15,35,1,1,-1,-1
370,6,641,486,53,111,1,2,-1,-1
370,9,658,388,21,58,1,1,-1,-1
370,18,608,343,23,62,1,1,-1,-1
370,54,827,313,17,33,1,1,-1,-1
370,166,639,398,27,85,1,1,-1,-1
370,322,813,303,13,33,1,1,-1,-1
370,323,791,317,15,35,1,1,-1,-1
371,6,620,500,54,97,1,2,-1,-1
371,9,667,387,18,49,1,1,-1,-1
371,18,609,343,23,62,1,1,-1,-1
371,166,640,398,27,86,1,1,-1,-1
371,322,815,303,13,33,1,1,-1,-1
371,323,792,317,15,35,1,1,-1,-1
371,324,641,487,53,111,1,2,-1,-1
372,6,620,502,54,97,1,2,-1,-1
372,9,659,389,21,58,1,1,-1,-1
372,18,610,343,23,62,1,1,-1,-1
372,166,641,399,27,85,1,1,-1,-1
372,323,794,317,15,35,1,1,-1,-1
372,324,622,528,67,105,1,10,-1,-1
373,6,620,504,55,97,1,2,-1,-1
373,9,651,372,23,67,1,1,-1,-1
373,18,611,343,23,62,1,1,-1,-1
373,166,642,399,27,86,1,1,-1,-1
373,324,621,530,67,106,1,10,-1,-1
374,6,619,506,56,96,1,2,-1,-1
374,9,650,372,23,67,1,1,-1,-1
374,18,612,343,23,62,1,1,-1,-1
374,19,573,379,34,87,1,1,-1,-1
374,166,643,400,27,86,1,1,-1,-1
374,324,620,533,68,107,1,10,-1,-1
374,325,820,304,13,33,1,1,-1,-1
375,6,619,508,56,96,1,2,-1,-1
375,9,649,373,23,67,1,1,-1,-1
375,18,624,346,18,54,1,1,-1,-1
375,19,581,375,29,75,1,1,-1,-1
375,166,644,400,27,87,1,1,-1,-1
375,324,620,535,67,108,1,10,-1,-1
375,325,820,304,13,32,1,1,-1,-1
376,6,618,510,57,96,1,2,-1,-1
376,9,648,373,23,67,1,1,-1,-1
376,18,629,350,21,62,1,1,-1,-1
376,19,580,380,35,90,1,1,-1,-1
376,325,821,304,13,32,1,1,-1,-1
377,6,618,511,58,97,1,2,-1,-1
377,9,647,374,23,67,1,1,-1,-1
377,18,628,350,21,62,1,1,-1,-1
377,19,581,376,29,75,1,1,-1,-1
377,325,822,304,13,32,1,1,-1,-1
378,6,617,513,59,97,1,2,-1,-1
378,9,646,374,23,67,1,1,-1,-1
378,18,628,350,21,62,1,1,-1,-1
378,19,581,377,29,75,1,1,-1,-1
378,325,823,304,13,32,1,1,-1,-1
379,6,616,545,69,112,1,10,-1,-1
379,9,654,367,22,65,1,1,-1,-1
379,18,628,350,20,62,1,1,-1,-1
379,19,581,377,29,76,1,1,-1,-1
379,229,739,336,15,33,1,1,-1,-1
380,6,616,517,60,96,1,2,-1,-1
380,9,648,370,27,76,1,1,-1,-1
380,18,627,350,21,63,1,1,-1,-1
380,19,581,378,29,75,1,1,-1,-1
380,229,740,336,15,33,1,1,-1,-1
381,6,615,549,68,114,1,10,-1,-1
381,9,646,404,28,88,1,1,-1,-1
381,18,627,350,21,63,1,1,-1,-1
381,19,581,378,29,76,1,1,-1,-1
381,229,740,336,16,34,1,1,-1,-1
382,6,615,521,62,96,1,2,-1,-1
382,9,645,404,28,89,1,1,-1,-1
382,18,617,352,20,61,1,1,-1,-1
382,19,582,379,29,76,1,1,-1,-1
382,229,741,337,15,33,1,1,-1,-1
382,326,801,318,15,35,1,1,-1,-1
383,6,613,554,69,116,1,10,-1,-1
383,9,644,405,28,89,1,1,-1,-1
383,18,610,345,24,62,1,1,-1,-1
383,19,581,379,29,76,1,1,-1,-1
383,229,742,337,15,34,1,1,-1,-1
383,326,802,319,15,35,1,1,-1,-1
384,6,612,557,70,117,1,10,-1,-1
384,9,643,406,28,89,1,1,-1,-1
384,18,610,345,24,62,1,1,-1,-1
384,19,580,379,29,77,1,1,-1,-1
384,229,742,337,16,34,1,1,-1,-1
384,326,796,313,18,43,1,1,-1,-1
385,6,614,526,64,96,1,2,-1,-1
385,9,641,406,29,89,1,1,-1,-1
385,18,606,355,29,75,1,1,-1,-1
385,19,579,379,29,78,1,1,-1,-1
385,326,790,324,22,52,1,1,-1,-1
386,6,610,561,70,119,1,10,-1,-1
386,9,640,407,29,89,1,1,-1,-1
386,18,609,346,24,62,1,1,-1,-1
386,19,575,387,36,83,1,1,-1,-1
386,31,625,351,21,63,1,1,-1,-1
386,82,574,312,21,46,1,1,-1,-1
386,326,799,313,21,50,1,1,-1,-1
387,6,620,523,76,142,1,2,-1,-1
387,9,639,401,33,86,1,1,-1,-1
387,18,608,338,23,59,1,1,-1,-1
387,19,577,380,29,78,1,1,-1,-1
387,31,624,351,21,63,1,1,-1,-1
387,82,575,312,21,46,1,1,-1,-1
387,230,830,304,13,31,1,1,-1,-1
388,6,619,526,77,144,1,2,-1,-1
388,9,638,408,29,90,1,1,-1,-1
388,19,576,380,29,79,1,1,-1,-1
388,31,624,351,21,63,1,1,-1,-1
388,82,576,313,21,46,1,1,-1,-1
388,230,831,304,13,32,1,1,-1,-1
389,19,575,381,30,79,1,1,-1,-1
389,31,613,349,24,61,1,1,-1,-1
389,82,578,313,21,46,1,1,-1,-1
389,230,832,304,12,32,1,1,-1,-1
390,19,590,381,34,79,1,1,-1,-1
390,31,607,347,24,62,1,1,-1,-1
390,82,579,313,21,46,1,1,-1,-1
390,230,832,304,13,32,1,1,-1,-1
391,19,589,381,34,79,1,1,-1,-1
391,31,606,347,24,62,1,1,-1,-1
391,82,580,313,21,46,1,1,-1,-1
391,230,833,304,13,33,1,1,-1,-1
391,327,623,351,20,64,1,1,-1,-1
392,31,606,347,24,62,1,1,-1,-1
392,82,582,313,21,46,1,1,-1,-1
392,230,831,297,16,40,1,1,-1,-1
392,327,623,351,20,64,1,1,-1,-1
393,31,605,348,24,62,1,1,-1,-1
393,82,583,313,21,46,1,1,-1,-1
393,327,622,351,21,64,1,1,-1,-1
394,31,605,348,24,62,1,1,-1,-1
394,55,587,550,66,102,1,2,-1,-1
394,82,585,314,21,46,1,1,-1,-1
394,327,622,351,20,64,1,1,-1,-1
395,31,604,348,24,62,1,1,-1,-1
395,55,583,553,66,103,1,2,-1,-1
395,82,586,314,21,46,1,1,-1,-1
395,327,621,351,21,65,1,1,-1,-1
396,31,604,348,24,62,1,1,-1,-1
396,55,579,557,66,103,1,2,-1,-1
396,328,811,322,15,37,1,1,-1,-1
397,31,604,349,24,62,1,1,-1,-1
397,55,581,592,72,121,1,10,-1,-1
397,328,812,322,15,38,1,1,-1,-1
398,31,600,355,19,59,1,1,-1,-1
398,55,571,563,65,105,1,2,-1,-1
398,231,583,385,34,79,1,1,-1,-1
398,328,813,323,15,38,1,1,-1,-1
399,31,601,349,24,63,1,1,-1,-1
399,55,565,600,72,117,1,10,-1,-1
399,231,594,387,27,89,1,1,-1,-1
399,328,813,323,16,38,1,1,-1,-1
400,55,558,604,72,115,1,10,-1,-1
400,231,578,385,34,80,1,1,-1,-1
400,328,814,323,16,38,1,1,-1,-1
401,55,550,608,72,113,1,10,-1,-1
401,231,576,385,34,80,1,1,-1,-1
402,55,542,612,72,111,1,10,-1,-1
402,231,574,385,34,81,1,1,-1,-1
402,232,815,323,18,38,1,1,-1,-1
403,55,535,615,72,109,1,10,-1,-1
403,231,572,385,33,82,1,1,-1,-1
403,232,816,323,19,38,1,1,-1,-1
404,55,558,603,56,95,1,2,-1,-1
404,232,817,323,19,38,1,1,-1,-1
405,232,818,323,20,38,1,1,-1,-1
406,232,818,323,20,38,1,1,-1,-1
407,232,818,323,20,38,1,1,-1,-1
407,233,592,391,23,77,1,1,-1,-1
408,17,509,598,65,110,1,2,-1,-1
408,233,590,392,24,76,1,1,-1,-1
409,17,500,602,65,110,1,2,-1,-1
409,233,588,392,24,77,1,1,-1,-1
409,329,559,385,33,86,1,1,-1,-1
410,17,481,643,72,95,1,10,-1,-1
410,167,594,421,36,97,1,1,-1,-1
410,233,586,392,24,77,1,1,-1,-1
410,329,557,384,29,74,1,1,-1,-1
411,17,482,610,65,110,1,2,-1,-1
411,167,589,412,37,100,1,1,-1,-1
411,233,584,393,25,76,1,1,-1,-1
411,329,545,359,33,86,1,1,-1,-1
411,330,851,306,12,37,1,1,-1,-1
412,17,466,650,72,91,1,10,-1,-1
412,167,588,422,36,98,1,1,-1,-1
412,233,582,393,25,76,1,1,-1,-1
412,234,588,351,23,68,1,1,-1,-1
412,329,552,385,33,88,1,1,-1,-1
412,330,853,306,13,37,1,1,-1,-1
412,331,485,597,85,156,1,2,-1,-1
413,17,458,654,72,89,1,10,-1,-1
413,125,530,389,31,86,1,1,-1,-1
413,167,584,422,37,99,1,1,-1,-1
413,234,587,351,23,68,1,1,-1,-1
413,329,550,385,33,88,1,1,-1,-1
413,330,856,306,13,37,1,1,-1,-1
413,331,477,601,83,153,1,2,-1,-1
414,17,451,658,72,87,1,10,-1,-1
414,125,527,389,31,86,1,1,-1,-1
414,167,581,423,37,99,1,1,-1,-1
414,234,582,336,24,72,1,1,-1,-1
414,330,858,306,14,37,1,1,-1,-1
414,331,469,605,82,150,1,2,-1,-1
414,332,578,393,25,77,1,1,-1,-1
415,17,443,662,72,85,1,10,-1,-1
415,125,525,390,31,86,1,1,-1,-1
415,167,578,423,37,100,1,1,-1,-1
415,234,585,351,23,69,1,1,-1,-1
415,330,861,307,14,37,1,1,-1,-1
415,331,456,610,82,145,1,2,-1,-1
415,332,576,394,26,76,1,1,-1,-1
415,333,546,386,33,89,1,1,-1,-1
416,17,435,666,72,83,1,10,-1,-1
416,125,522,390,31,86,1,1,-1,-1
416,167,575,424,37,100,1,1,-1,-1
416,234,584,351,23,70,1,1,-1,-1
416,331,444,615,82,140,1,2,-1,-1
416,332,574,394,26,76,1,1,-1,-1
416,333,540,387,34,89,1,1,-1,-1
416,334,683,334,43,28,1,10,-1,-1
417,17,428,670,72,81,1,10,-1,-1
417,125,520,390,31,86,1,1,-1,-1
417,234,583,351,23,70,1,1,-1,-1
417,332,571,383,31,92,1,1,-1,-1
417,333,535,388,34,89,1,1,-1,-1
417,334,685,334,44,28,1,10,-1,-1
417,335,866,307,14,37,1,1,-1,-1
418,17,415,648,90,99,1,10,-1,-1
418,125,515,401,34,89,1,1,-1,-1
418,332,569,425,38,101,1,1,-1,-1
418,333,535,388,34,89,1,1,-1,-1
418,334,688,334,43,29,1,10,-1,-1
418,335,868,307,15,37,1,1,-1,-1
419,17,409,644,65,110,1,2,-1,-1
419,125,515,391,31,86,1,1,-1,-1
419,333,535,388,34,89,1,1,-1,-1
419,334,690,335,43,28,1,10,-1,-1
419,335,871,308,15,37,1,1,-1,-1
420,17,394,635,82,120,1,2,-1,-1
420,125,512,391,31,86,1,1,-1,-1
420,334,680,327,43,27,1,10,-1,-1
420,335,873,308,16,37,1,1,-1,-1
421,17,382,640,82,115,1,2,-1,-1
421,37,564,396,28,76,1,1,-1,-1
421,335,875,308,17,37,1,1,-1,-1
422,17,370,645,82,110,1,2,-1,-1
422,37,564,395,29,76,1,1,-1,-1
422,235,894,323,17,37,1,1,-1,-1
423,17,359,664,65,90,1,2,-1,-1
423,37,565,395,29,76,1,1,-1,-1
423,235,895,320,14,30,1,1,-1,-1
423,236,880,308,17,37,1,1,-1,-1
424,17,345,655,82,100,1,2,-1,-1
424,37,566,395,29,76,1,1,-1,-1
424,126,632,317,21,47,1,1,-1,-1
424,235,898,320,14,31,1,1,-1,-1
424,236,883,309,17,37,1,1,-1,-1
425,17,362,667,72,83,1,2,-1,-1
425,37,567,395,29,76,1,1,-1,-1
425,126,636,317,21,47,1,1,-1,-1
425,235,901,321,14,30,1,1,-1,-1
425,236,885,309,18,37,1,1,-1,-1
426,17,320,665,82,90,1,2,-1,-1
426,37,568,395,29,75,1,1,-1,-1
426,126,640,317,21,47,1,1,-1,-1
426,235,905,321,14,30,1,1,-1,-1
426,236,888,309,18,37,1,1,-1,-1
426,237,854,324,18,45,1,1,-1,-1
426,336,622,358,24,65,1,1,-1,-1
427,37,568,394,30,76,1,1,-1,-1
427,126,644,317,21,47,1,1,-1,-1
427,235,908,321,14,30,1,1,-1,-1
427,236,890,309,19,37,1,1,-1,-1
427,237,857,324,19,45,1,1,-1,-1
427,336,622,358,25,65,1,1,-1,-1
428,37,569,394,30,76,1,1,-1,-1
428,126,648,317,21,48,1,1,-1,-1
428,236,893,310,19,37,1,1,-1,-1
428,237,861,325,19,45,1,1,-1,-1
428,336,623,359,25,65,1,1,-1,-1
429,37,570,394,30,76,1,1,-1,-1
429,126,652,317,21,48,1,1,-1,-1
429,237,866,324,13,41,1,1,-1,-1
429,336,625,358,25,65,1,1,-1,-1
430,37,571,394,30,75,1,1,-1,-1
430,126,656,316,21,49,1,1,-1,-1
430,237,872,327,14,43,1,1,-1,-1
430,336,628,358,25,65,1,1,-1,-1
431,37,572,394,30,75,1,1,-1,-1
431,126,660,316,21,49,1,1,-1,-1
431,237,876,327,14,43,1,1,-1,-1
432,37,573,394,30,75,1,1,-1,-1
432,56,621,399,25,68,1,1,-1,-1
432,337,720,338,44,29,1,10,-1,-1
433,37,573,393,31,76,1,1,-1,-1
433,56,622,399,25,68,1,1,-1,-1
433,57,884,327,15,43,1,1,-1,-1
433,337,722,338,44,30,1,10,-1,-1
434,56,624,399,25,68,1,1,-1,-1
434,57,888,328,15,42,1,1,-1,-1
434,337,724,338,45,30,1,10,-1,-1
435,56,625,398,25,68,1,1,-1,-1
435,57,892,328,16,43,1,1,-1,-1
435,238,755,308,29,38,1,10,-1,-1
435,337,726,339,45,29,1,10,-1,-1
436,56,627,398,25,68,1,1,-1,-1
436,57,896,328,16,43,1,1,-1,-1
436,238,759,308,29,38,1,10,-1,-1
436,239,508,390,34,87,1,1,-1,-1
436,240,536,377,47,127,1,1,-1,-1
436,337,729,339,44,30,1,10,-1,-1
437,56,628,398,25,68,1,1,-1,-1
437,57,901,328,15,43,1,1,-1,-1
437,238,763,308,29,38,1,10,-1,-1
437,239,510,389,33,87,1,1,-1,-1
437,240,542,369,42,111,1,1,-1,-1
437,241,622,352,23,71,1,1,-1,-1
438,56,630,398,25,68,1,1,-1,-1
438,57,905,329,16,42,1,1,-1,-1
438,168,567,426,38,100,1,1,-1,-1
438,238,771,306,20,39,1,2,-1,-1
438,239,512,389,33,87,1,1,-1,-1
438,240,542,387,33,89,1,1,-1,-1
438,241,624,352,23,71,1,1,-1,-1
439,56,631,397,25,68,1,1,-1,-1
439,57,909,329,16,42,1,1,-1,-1
439,102,650,357,25,65,1,1,-1,-1
439,168,567,426,38,100,1,1,-1,-1
439,238,771,309,29,37,1,10,-1,-1
439,239,514,389,33,86,1,1,-1,-1
439,240,544,387,33,89,1,1,-1,-1
439,241,627,353,23,71,1,1,-1,-1
440,56,633,397,25,68,1,1,-1,-1
440,57,912,324,19,49,1,1,-1,-1
440,102,653,356,25,65,1,1,-1,-1
440,168,567,426,38,100,1,1,-1,-1
440,238,775,309,29,37,1,10,-1,-1
440,239,516,388,33,87,1,1,-1,-1
440,240,545,386,33,89,1,1,-1,-1
440,241,630,352,23,71,1,1,-1,-1
441,56,634,397,25,68,1,1,-1,-1
441,57,917,329,17,43,1,1,-1,-1
441,102,658,346,25,76,1,1,-1,-1
441,168,567,427,38,99,1,1,-1,-1
441,239,518,388,33,87,1,1,-1,-1
441,240,547,386,33,89,1,1,-1,-1
441,241,633,352,23,71,1,1,-1,-1
442,21,783,310,29,37,1,10,-1,-1
442,56,636,397,25,68,1,1,-1,-1
442,57,921,329,17,43,1,1,-1,-1
442,102,654,352,34,90,1,1,-1,-1
442,168,568,426,38,99,1,1,-1,-1
442,241,636,351,23,71,1,1,-1,-1
443,21,792,306,20,39,1,2,-1,-1
443,57,925,330,18,42,1,1,-1,-1
443,102,646,357,34,88,1,1,-1,-1
443,168,569,426,38,99,1,1,-1,-1
444,21,796,306,20,39,1,2,-1,-1
444,102,642,351,23,71,1,1,-1,-1
444,168,570,425,38,100,1,1,-1,-1
444,242,663,356,25,65,1,1,-1,-1
445,21,796,311,28,36,1,10,-1,-1
445,102,645,350,23,71,1,1,-1,-1
445,242,665,356,25,65,1,1,-1,-1
446,21,800,311,28,36,1,10,-1,-1
446,102,648,350,23,71,1,1,-1,-1
446,242,668,355,25,65,1,1,-1,-1
447,21,804,312,28,36,1,10,-1,-1
447,102,652,350,23,71,1,1,-1,-1
447,242,670,355,25,65,1,1,-1,-1
448,21,808,312,28,36,1,10,-1,-1
448,169,735,314,22,53,1,1,-1,-1
448,242,673,355,25,65,1,1,-1,-1
449,21,817,306,20,39,1,2,-1,-1
449,169,740,314,22,53,1,1,-1,-1
449,242,675,355,25,65,1,1,-1,-1
450,21,821,306,20,39,1,2,-1,-1
450,169,744,314,23,53,1,1,-1,-1
450,243,661,349,23,71,1,1,-1,-1
451,21,825,306,20,39,1,2,-1,-1
451,169,749,314,23,53,1,1,-1,-1
451,243,664,348,23,71,1,1,-1,-1
451,338,538,385,31,86,1,1,-1,-1
452,21,824,314,29,35,1,10,-1,-1
452,169,754,314,23,52,1,1,-1,-1
452,243,667,348,23,71,1,1,-1,-1
452,338,541,384,31,86,1,1,-1,-1
453,21,828,314,29,35,1,10,-1,-1
453,58,687,354,25,65,1,1,-1,-1
453,127,963,395,21,27,1,1,-1,-1
453,169,759,314,23,52,1,1,-1,-1
453,243,670,347,23,71,1,1,-1,-1
453,338,544,383,31,86,1,1,-1,-1
454,21,833,314,28,35,1,10,-1,-1
454,58,690,353,25,65,1,1,-1,-1
454,127,967,395,21,27,1,1,-1,-1
454,169,763,314,24,52,1,1,-1,-1
454,243,674,347,23,71,1,1,-1,-1
454,338,547,382,31,86,1,1,-1,-1
455,21,837,315,28,34,1,10,-1,-1
455,58,687,382,29,78,1,1,-1,-1
455,127,971,395,21,27,1,1,-1,-1
455,243,677,347,23,71,1,1,-1,-1
455,338,550,382,31,86,1,1,-1,-1
455,339,978,333,19,42,1,1,-1,-1
456,21,846,307,20,39,1,2,-1,-1
456,58,676,391,25,68,1,1,-1,-1
456,127,976,396,21,27,1,1,-1,-1
456,339,983,333,19,42,1,1,-1,-1
456,340,1028,317,13,37,1,1,-1,-1
457,21,845,315,28,34,1,10,-1,-1
457,58,679,390,25,68,1,1,-1,-1
457,127,980,396,21,27,1,1,-1,-1
457,170,683,346,23,71,1,1,-1,-1
457,339,988,333,19,43,1,1,-1,-1
457,340,1033,317,13,37,1,1,-1,-1
458,21,854,307,20,39,1,2,-1,-1
458,58,682,390,25,68,1,1,-1,-1
458,127,984,396,21,27,1,1,-1,-1
458,170,686,346,23,71,1,1,-1,-1
458,244,703,352,25,65,1,1,-1,-1
458,339,993,333,19,43,1,1,-1,-1
458,340,1038,317,13,37,1,1,-1,-1
459,58,685,390,25,68,1,1,-1,-1
459,127,988,396,21,27,1,1,-1,-1
459,170,689,345,23,71,1,1,-1,-1
459,244,706,352,25,65,1,1,-1,-1
459,339,998,334,19,43,1,1,-1,-1
459,340,1043,317,13,37,1,1,-1,-1
460,58,688,389,25,68,1,1,-1,-1
460,127,982,397,22,28,1,1,-1,-1
460,170,692,345,23,71,1,1,-1,-1
460,244,709,351,25,65,1,1,-1,-1
460,340,1048,317,14,37,1,1,-1,-1
461,58,691,389,25,68,1,1,-1,-1
461,170,696,345,23,71,1,1,-1,-1
461,244,712,351,25,65,1,1,-1,-1
462,58,695,388,25,68,1,1,-1,-1
462,170,699,344,23,71,1,1,-1,-1
462,244,715,351,25,65,1,1,-1,-1
463,58,698,388,25,68,1,1,-1,-1
463,170,702,344,23,71,1,1,-1,-1
463,244,719,350,25,65,1,1,-1,-1
463,341,875,307,20,39,1,2,-1,-1
464,341,872,310,42,48,1,10,-1,-1
464,342,637,385,32,80,1,1,-1,-1
465,341,884,307,20,39,1,2,-1,-1
465,342,640,384,32,80,1,1,-1,-1
466,341,878,318,29,33,1,10,-1,-1
466,342,643,383,32,80,1,1,-1,-1
467,59,1099,332,14,30,1,1,-1,-1
467,341,892,307,20,39,1,2,-1,-1
467,342,646,383,32,80,1,1,-1,-1
468,59,1104,332,14,30,1,1,-1,-1
468,245,1026,398,21,27,1,1,-1,-1
468,342,650,382,32,80,1,1,-1,-1
469,59,1110,333,14,30,1,1,-1,-1
469,171,845,334,49,39,1,10,-1,-1
469,245,1030,398,21,27,1,1,-1,-1
469,246,620,408,38,101,1,1,-1,-1
470,59,1113,333,14,30,1,1,-1,-1
470,171,849,334,49,39,1,10,-1,-1
470,245,1034,398,21,27,1,1,-1,-1
470,246,631,390,40,107,1,1,-1,-1
471,59,1116,333,14,31,1,1,-1,-1
471,83,922,308,19,32,1,10,-1,-1
471,128,727,342,23,71,1,1,-1,-1
471,171,862,331,49,39,1,10,-1,-1
471,245,1039,399,21,27,1,1,-1,-1
471,246,623,407,38,101,1,1,-1,-1
472,59,1119,333,14,31,1,1,-1,-1
472,83,925,308,19,32,1,10,-1,-1
472,128,730,341,23,71,1,1,-1,-1
472,171,855,335,49,39,1,10,-1,-1
472,245,1042,399,20,27,1,1,-1,-1
472,246,623,406,38,101,1,1,-1,-1
473,59,1114,317,16,38,1,1,-1,-1
473,83,929,308,19,32,1,10,-1,-1
473,128,734,341,23,71,1,1,-1,-1
473,171,858,335,49,39,1,10,-1,-1
473,245,1045,399,20,28,1,1,-1,-1
473,246,623,406,38,100,1,1,-1,-1
474,59,1117,316,16,39,1,1,-1,-1
474,83,932,309,20,31,1,10,-1,-1
474,128,737,341,23,71,1,1,-1,-1
474,171,861,335,49,39,1,10,-1,-1
474,246,624,405,38,100,1,1,-1,-1
474,247,754,346,25,65,1,1,-1,-1
475,59,1120,316,16,39,1,1,-1,-1
475,83,936,309,20,31,1,10,-1,-1
475,128,740,341,23,71,1,1,-1,-1
475,171,864,335,49,39,1,10,-1,-1
475,247,757,346,25,65,1,1,-1,-1
476,3,925,307,20,39,1,2,-1,-1
476,59,1123,316,17,39,1,1,-1,-1
476,83,939,309,20,31,1,10,-1,-1
476,128,743,340,23,71,1,1,-1,-1
476,247,760,346,25,65,1,1,-1,-1
477,3,926,307,20,39,1,2,-1,-1
477,59,1126,316,17,39,1,1,-1,-1
477,83,942,309,21,31,1,10,-1,-1
477,128,746,340,23,71,1,1,-1,-1
477,247,763,345,25,65,1,1,-1,-1
478,3,911,318,33,33,1,10,-1,-1
478,83,946,309,21,31,1,10,-1,-1
478,128,749,340,23,71,1,1,-1,-1
478,247,766,345,25,65,1,1,-1,-1
479,3,913,318,34,33,1,10,-1,-1
479,7,6,445,117,98,1,10,-1,-1
479,83,949,309,21,31,1,10,-1,-1
479,247,770,345,25,65,1,1,-1,-1
480,3,931,307,20,39,1,2,-1,-1
480,7,27,443,50,102,1,2,-1,-1
480,83,953,309,21,31,1,10,-1,-1
480,343,625,401,38,99,1,1,-1,-1
481,3,932,307,20,39,1,2,-1,-1
481,7,35,440,49,102,1,2,-1,-1
481,46,1066,402,19,28,1,1,-1,-1
481,84,672,375,33,79,1,1,-1,-1
481,343,625,401,38,98,1,1,-1,-1
482,3,922,318,34,33,1,10,-1,-1
482,7,39,452,104,87,1,10,-1,-1
482,46,1071,394,17,25,1,1,-1,-1
482,84,672,375,33,79,1,1,-1,-1
482,343,625,400,38,98,1,1,-1,-1
483,3,924,318,35,33,1,10,-1,-1
483,7,51,436,47,100,1,2,-1,-1
483,46,1067,402,19,28,1,1,-1,-1
483,84,673,375,33,79,1,1,-1,-1
483,343,625,399,39,98,1,1,-1,-1
484,3,937,307,20,39,1,2,-1,-1
484,7,59,434,46,99,1,2,-1,-1
484,46,1068,402,19,28,1,1,-1,-1
484,84,673,374,33,80,1,1,-1,-1
484,343,625,399,39,97,1,1,-1,-1
484,344,962,309,22,31,1,10,-1,-1
485,3,930,318,35,33,1,10,-1,-1
485,7,62,446,101,84,1,10,-1,-1
485,46,1068,402,20,28,1,1,-1,-1
485,84,674,374,33,80,1,1,-1,-1
485,344,950,299,39,37,1,10,-1,-1
486,3,933,318,35,33,1,10,-1,-1
486,7,69,445,100,82,1,10,-1,-1
486,46,1069,402,19,28,1,1,-1,-1
486,84,674,374,33,80,1,1,-1,-1
486,344,965,309,22,31,1,10,-1,-1
486,345,648,363,38,88,1,1,-1,-1
487,3,935,318,36,33,1,10,-1,-1
487,7,77,443,99,81,1,10,-1,-1
487,46,1069,402,20,28,1,1,-1,-1
487,84,675,374,33,80,1,1,-1,-1
487,344,967,309,22,31,1,10,-1,-1
487,345,657,388,37,86,1,1,-1,-1
488,3,938,318,36,33,1,10,-1,-1
488,7,84,441,98,80,1,10,-1,-1
488,46,1070,402,19,28,1,1,-1,-1
488,84,684,361,30,72,1,1,-1,-1
488,344,968,309,22,31,1,10,-1,-1
488,345,648,362,37,88,1,1,-1,-1
488,346,624,396,39,97,1,1,-1,-1
489,3,945,306,20,39,1,2,-1,-1
489,7,92,439,97,80,1,10,-1,-1
489,46,1070,402,20,28,1,1,-1,-1
489,84,692,377,26,65,1,1,-1,-1
489,345,647,362,37,87,1,1,-1,-1
489,346,622,395,39,97,1,1,-1,-1
490,3,944,319,37,32,1,10,-1,-1
490,7,107,421,40,94,1,2,-1,-1
490,46,1071,402,20,28,1,1,-1,-1
490,47,889,317,56,45,1,10,-1,-1
490,84,692,389,24,58,1,1,-1,-1
490,345,647,362,36,86,1,1,-1,-1
490,346,620,395,39,96,1,1,-1,-1
491,3,945,319,37,32,1,10,-1,-1
491,7,115,418,39,94,1,2,-1,-1
491,46,1071,402,20,28,1,1,-1,-1
491,47,900,315,25,52,1,1,-1,-1
491,85,9,558,153,133,1,3,-1,-1
491,346,616,404,38,97,1,1,-1,-1
492,3,949,306,20,39,1,2,-1,-1
492,7,115,433,93,77,1,10,-1,-1
492,46,1072,402,20,28,1,1,-1,-1
492,47,901,315,25,52,1,1,-1,-1
492,85,43,505,91,139,1,2,-1,-1
492,346,617,394,38,96,1,1,-1,-1
493,3,947,319,37,32,1,10,-1,-1
493,7,122,432,93,75,1,10,-1,-1
493,47,903,315,25,52,1,1,-1,-1
493,85,21,551,151,128,1,3,-1,-1
493,103,777,340,25,65,1,1,-1,-1
494,3,948,319,37,32,1,10,-1,-1
494,7,130,430,91,74,1,10,-1,-1
494,47,904,315,25,52,1,1,-1,-1
494,85,27,547,150,127,1,3,-1,-1
494,103,777,340,25,65,1,1,-1,-1
494,248,1073,402,20,28,1,1,-1,-1
494,347,149,405,52,77,1,2,-1,-1
494,348,617,363,30,85,1,1,-1,-1
495,3,949,319,37,32,1,10,-1,-1
495,7,137,428,91,73,1,10,-1,-1
495,47,906,315,25,52,1,1,-1,-1
495,85,33,544,149,124,1,3,-1,-1
495,103,777,339,25,65,1,1,-1,-1
495,248,1073,402,21,28,1,1,-1,-1
495,347,156,403,51,76,1,2,-1,-1
495,348,617,362,30,85,1,1,-1,-1
496,3,950,320,37,32,1,10,-1,-1
496,7,145,426,89,72,1,10,-1,-1
496,47,907,316,25,52,1,1,-1,-1
496,85,68,493,84,140,1,2,-1,-1
496,103,777,339,25,65,1,1,-1,-1
496,248,1074,402,20,28,1,1,-1,-1
496,347,157,411,80,65,1,10,-1,-1
496,348,617,362,30,85,1,1,-1,-1
497,3,957,306,20,39,1,2,-1,-1
497,7,160,408,35,87,1,2,-1,-1
497,47,909,316,25,52,1,1,-1,-1
497,85,74,490,83,140,1,2,-1,-1
497,103,777,339,25,65,1,1,-1,-1
497,248,1074,402,21,28,1,1,-1,-1
497,347,170,399,50,75,1,2,-1,-1
497,348,608,391,38,95,1,1,-1,-1
497,349,633,352,36,88,1,1,-1,-1
497,350,1184,334,16,41,1,1,-1,-1
498,3,952,320,37,32,1,10,-1,-1
498,7,160,422,87,70,1,10,-1,-1
498,47,910,316,25,52,1,1,-1,-1
498,85,81,487,80,141,1,2,-1,-1
498,103,777,339,25,65,1,1,-1,-1
498,248,1075,402,21,28,1,1,-1,-1
498,347,166,408,35,84,1,2,-1,-1
498,348,607,390,37,96,1,1,-1,-1
498,349,641,359,34,83,1,1,-1,-1
498,350,1181,317,16,41,1,1,-1,-1
499,3,953,320,37,32,1,10,-1,-1
499,7,184,395,48,74,1,2,-1,-1
499,47,912,316,25,52,1,1,-1,-1
499,85,64,482,75,135,1,2,-1,-1
499,103,777,339,25,65,1,1,-1,-1
499,248,1075,402,21,28,1,1,-1,-1
499,349,641,359,33,82,1,1,-1,-1
499,350,1183,317,16,41,1,1,-1,-1
500,3,962,306,20,39,1,2,-1,-1
500,7,176,418,84,68,1,10,-1,-1
500,47,913,316,25,52,1,1,-1,-1
500,85,97,522,61,112,1,2,-1,-1
500,103,777,339,25,65,1,1,-1,-1
500,349,640,359,33,81,1,1,-1,-1
500,350,1185,317,16,41,1,1,-1,-1
501,3,955,321,37,32,1,10,-1,-1
501,7,185,415,81,68,1,10,-1,-1
501,47,915,317,25,52,1,1,-1,-1
501,103,778,339,25,65,1,1,-1,-1
501,349,640,359,32,81,1,1,-1,-1
501,350,1187,317,17,41,1,1,-1,-1
