1,1,712,476,53,118,1,1,-1,-1
1,8,1358,12,17,41,1,1,-1,-1
1,50,177,650,75,112,1,2,-1,-1
1,51,877,40,25,36,1,10,-1,-1
1,98,1007,416,48,73,1,2,-1,-1
1,150,325,28,24,46,1,2,-1,-1
1,151,1253,114,155,58,1,4,-1,-1
1,208,358,21,23,48,1,2,-1,-1
1,209,842,39,33,34,1,10,-1,-1
1,210,910,203,169,85,1,4,-1,-1
1,211,1286,7,20,44,1,2,-1,-1
1,271,176,697,52,67,1,2,-1,-1
2,1,718,474,53,118,1,1,-1,-1
2,8,1358,11,17,41,1,1,-1,-1
2,50,177,647,76,110,1,2,-1,-1
2,51,878,27,23,35,1,2,-1,-1
2,52,903,3,50,49,1,4,-1,-1
2,98,1014,414,48,73,1,2,-1,-1
2,99,1211,314,59,58,1,10,-1,-1
2,150,325,27,24,46,1,2,-1,-1
2,151,1242,114,155,58,1,4,-1,-1
2,152,1618,105,150,53,1,4,-1,-1
2,208,358,20,23,48,1,2,-1,-1
2,209,842,39,33,34,1,10,-1,-1
2,210,902,200,169,85,1,4,-1,-1
2,211,1286,7,20,44,1,2,-1,-1
2,271,177,693,52,67,1,2,-1,-1
3,1,702,476,50,116,1,1,-1,-1
3,8,1359,10,17,41,1,1,-1,-1
3,50,177,644,77,109,1,2,-1,-1
3,51,879,40,25,36,1,10,-1,-1
3,52,904,3,50,49,1,4,-1,-1
3,98,1022,413,48,73,1,2,-1,-1
3,99,1205,292,45,61,1,2,-1,-1
3,150,326,26,24,46,1,2,-1,-1
3,151,1232,114,155,58,1,4,-1,-1
3,152,1610,105,150,53,1,4,-1,-1
3,208,358,19,23,48,1,2,-1,-1
3,209,843,39,33,34,1,10,-1,-1
3,210,895,198,169,85,1,4,-1,-1
3,211,1287,7,20,44,1,2,-1,-1
3,212,1260,8,16,41,1,1,-1,-1
3,213,1528,388,51,89,1,1,-1,-1
3,214,304,131,164,61,1,4,-1,-1
3,271,174,686,54,70,1,2,-1,-1
4,1,709,475,50,116,1,1,-1,-1
4,8,1359,5,18,41,1,1,-1,-1
4,21,374,13,23,47,1,2,-1,-1
4,50,178,641,78,107,1,2,-1,-1
4,51,880,40,25,36,1,10,-1,-1
4,52,904,3,50,48,1,4,-1,-1
4,98,1029,411,48,73,1,2,-1,-1
4,99,1193,286,45,61,1,2,-1,-1
4,100,59,161,216,95,1,4,-1,-1
4,101,730,472,53,118,1,1,-1,-1
4,150,326,26,24,46,1,2,-1,-1
4,151,1222,114,154,58,1,4,-1,-1
4,152,1602,105,150,53,1,4,-1,-1
4,208,359,18,23,48,1,2,-1,-1
4,209,844,39,33,34,1,10,-1,-1
4,210,888,196,169,85,1,4,-1,-1
4,211,1288,7,19,45,1,2,-1,-1
4,212,1260,8,17,41,1,1,-1,-1
4,213,1532,387,51,89,1,1,-1,-1
4,214,291,130,164,62,1,4,-1,-1
4,271,179,687,52,67,1,2,-1,-1
5,1,715,474,50,116,1,1,-1,-1
5,8,1358,5,18,41,1,1,-1,-1
5,21,375,12,23,47,1,2,-1,-1
5,50,178,639,79,105,1,2,-1,-1
5,51,881,29,23,35,1,2,-1,-1
5,52,905,2,50,49,1,4,-1,-1
5,98,1037,410,48,73,1,2,-1,-1
5,99,1175,298,59,53,1,10,-1,-1
5,100,77,180,198,87,1,4,-1,-1
5,101,736,471,53,118,1,1,-1,-1
5,150,327,25,24,46,1,2,-1,-1
5,151,1212,114,154,58,1,4,-1,-1
5,152,1594,105,150,54,1,4,-1,-1
5,208,359,18,23,48,1,2,-1,-1
5,209,851,25,23,34,1,2,-1,-1
5,210,880,193,170,85,1,4,-1,-1
5,211,1289,8,19,44,1,2,-1,-1
5,212,1261,8,17,41,1,1,-1,-1
5,213,1535,386,51,89,1,1,-1,-1
5,214,278,130,164,61,1,4,-1,-1
6,1,722,473,49,115,1,1,-1,-1
6,8,1356,4,18,41,1,1,-1,-1
6,11,845,40,34,34,1,10,-1,-1
6,21,376,12,23,47,1,2,-1,-1
6,50,179,636,79,104,1,2,-1,-1
6,51,892,31,25,36,1,10,-1,-1
6,52,906,2,49,49,1,4,-1,-1
6,98,1044,409,48,73,1,2,-1,-1
6,99,1163,292,58,52,1,10,-1,-1
6,100,84,179,198,87,1,4,-1,-1
6,101,742,470,53,118,1,1,-1,-1
6,150,328,25,24,46,1,2,-1,-1
6,151,1202,114,154,58,1,4,-1,-1
6,152,1587,105,149,54,1,4,-1,-1
6,212,1262,8,17,41,1,1,-1,-1
6,213,1539,385,51,89,1,1,-1,-1
6,214,265,129,164,62,1,4,-1,-1
7,1,728,471,50,116,1,1,-1,-1
7,8,1363,8,17,41,1,1,-1,-1
7,11,853,26,23,34,1,2,-1,-1
7,21,376,11,23,47,1,2,-1,-1
7,22,585,156,161,69,1,4,-1,-1
7,50,179,633,81,102,1,2,-1,-1
7,51,883,30,23,35,1,2,-1,-1
7,52,906,2,50,48,1,4,-1,-1
7,73,1295,417,58,91,1,2,-1,-1
7,98,1052,407,48,73,1,2,-1,-1
7,99,1151,287,58,50,1,10,-1,-1
7,100,92,178,197,87,1,4,-1,-1
7,101,748,469,53,118,1,1,-1,-1
7,152,1579,105,149,54,1,4,-1,-1
7,212,1262,8,18,41,1,1,-1,-1
7,213,1542,384,51,89,1,1,-1,-1
7,214,211,145,150,58,1,4,-1,-1
8,1,735,470,49,116,1,1,-1,-1
8,8,1364,8,17,41,1,1,-1,-1
8,11,846,40,34,34,1,10,-1,-1
8,21,367,8,21,44,1,2,-1,-1
8,22,577,154,161,70,1,4,-1,-1
8,50,180,630,81,101,1,2,-1,-1
8,51,884,30,23,35,1,2,-1,-1
8,52,901,-19,48,48,1,4,-1,-1
8,73,1303,416,57,91,1,2,-1,-1
8,99,1148,263,45,61,1,2,-1,-1
8,100,99,177,197,87,1,4,-1,-1
8,101,754,468,53,118,1,1,-1,-1
8,153,329,24,24,46,1,2,-1,-1
9,1,741,469,50,116,1,1,-1,-1
9,8,1365,7,17,41,1,1,-1,-1
9,11,847,41,34,34,1,10,-1,-1
9,12,1353,4,18,41,1,1,-1,-1
9,21,361,15,23,48,1,2,-1,-1
9,22,569,153,161,69,1,4,-1,-1
9,38,509,78,25,54,1,1,-1,-1
9,50,180,628,82,99,1,2,-1,-1
9,51,885,31,23,35,1,2,-1,-1
9,52,907,1,50,48,1,4,-1,-1
9,73,1310,415,58,91,1,2,-1,-1
9,100,106,177,197,87,1,4,-1,-1
9,101,760,467,53,118,1,1,-1,-1
9,102,1604,625,297,236,1,4,-1,-1
9,153,330,23,24,46,1,2,-1,-1
9,154,1286,446,95,66,1,3,-1,-1
9,215,411,187,169,72,1,4,-1,-1
10,1,747,468,50,115,1,1,-1,-1
10,8,1365,6,17,41,1,1,-1,-1
10,11,856,29,23,34,1,2,-1,-1
10,12,1351,3,18,41,1,1,-1,-1
10,21,362,14,23,48,1,2,-1,-1
10,22,561,151,161,70,1,4,-1,-1
10,38,510,78,25,54,1,1,-1,-1
10,39,1552,381,51,88,1,1,-1,-1
10,40,1633,392,58,94,1,1,-1,-1
10,52,908,1,49,48,1,4,-1,-1
10,73,1318,414,58,91,1,2,-1,-1
10,100,113,176,197,87,1,4,-1,-1
10,101,766,466,53,118,1,1,-1,-1
10,102,1604,624,297,236,1,4,-1,-1
10,103,1292,8,18,45,1,2,-1,-1
10,153,327,41,25,47,1,2,-1,-1
10,154,1295,444,94,66,1,3,-1,-1
10,155,736,195,131,85,1,7,-1,-1
10,215,417,186,169,72,1,4,-1,-1
11,1,772,465,53,118,1,1,-1,-1
11,2,181,622,84,96,1,2,-1,-1
11,8,1366,6,17,41,1,1,-1,-1
11,11,848,41,35,34,1,10,-1,-1
11,12,1350,3,18,41,1,1,-1,-1
11,21,362,13,23,48,1,2,-1,-1
11,22,553,150,161,70,1,4,-1,-1
11,38,511,78,25,54,1,1,-1,-1
11,39,1556,380,51,88,1,1,-1,-1
11,40,1638,391,58,94,1,1,-1,-1
11,73,1326,414,58,91,1,2,-1,-1
11,102,1605,623,297,236,1,4,-1,-1
11,103,1285,12,19,47,1,2,-1,-1
11,153,331,22,24,46,1,2,-1,-1
11,154,1304,443,94,66,1,3,-1,-1
11,155,744,195,131,85,1,7,-1,-1
11,156,346,11,22,45,1,2,-1,-1
11,215,423,186,169,72,1,4,-1,-1
12,1,760,465,50,116,1,1,-1,-1
12,2,182,620,85,94,1,2,-1,-1
12,8,1367,5,17,41,1,1,-1,-1
12,11,849,41,35,34,1,10,-1,-1
12,12,1349,3,18,41,1,1,-1,-1
12,21,363,13,23,48,1,2,-1,-1
12,22,542,149,162,70,1,4,-1,-1
12,38,522,72,27,58,1,1,-1,-1
12,39,1559,379,51,88,1,1,-1,-1
12,40,1643,391,58,94,1,1,-1,-1
12,73,1334,412,56,91,1,2,-1,-1
12,102,1606,622,296,236,1,4,-1,-1
12,103,1283,13,17,40,1,1,-1,-1
12,153,332,22,24,46,1,2,-1,-1
12,154,1312,442,94,66,1,3,-1,-1
12,155,750,195,131,85,1,7,-1,-1
12,156,347,11,22,45,1,2,-1,-1
12,157,199,637,63,109,1,10,-1,-1
12,215,412,185,174,74,1,4,-1,-1
12,216,1137,113,154,58,1,4,-1,-1
13,1,767,464,49,116,1,1,-1,-1
13,2,181,616,85,94,1,2,-1,-1
13,8,1368,5,17,41,1,1,-1,-1
13,11,859,29,23,34,1,2,-1,-1
13,12,1348,3,18,41,1,1,-1,-1
13,21,363,12,23,48,1,2,-1,-1
13,22,532,148,163,70,1,4,-1,-1
13,38,511,74,25,54,1,1,-1,-1
13,39,1563,378,51,88,1,1,-1,-1
13,40,1648,390,58,94,1,1,-1,-1
13,73,1343,411,53,91,1,2,-1,-1
13,102,1607,622,296,236,1,4,-1,-1
13,103,1284,12,17,40,1,1,-1,-1
13,153,331,21,25,46,1,2,-1,-1
13,154,1320,441,94,66,1,3,-1,-1
13,155,757,195,131,85,1,7,-1,-1
13,156,347,10,22,45,1,2,-1,-1
13,157,198,634,63,110,1,10,-1,-1
13,215,436,185,169,72,1,4,-1,-1
13,216,1126,112,154,58,1,4,-1,-1
13,217,784,463,53,118,1,1,-1,-1
14,1,773,463,49,115,1,1,-1,-1
14,2,181,613,84,94,1,2,-1,-1
14,8,1369,4,17,41,1,1,-1,-1
14,11,860,29,23,34,1,2,-1,-1
14,12,1346,2,18,41,1,1,-1,-1
14,21,363,12,23,48,1,2,-1,-1
14,22,522,147,164,70,1,4,-1,-1
14,38,523,71,27,59,1,1,-1,-1
14,39,1566,377,51,88,1,1,-1,-1
14,40,1653,389,58,94,1,1,-1,-1
14,73,1343,421,113,80,1,3,-1,-1
14,102,1609,624,294,236,1,4,-1,-1
14,103,1285,12,17,40,1,1,-1,-1
14,154,1328,440,94,66,1,3,-1,-1
14,155,764,195,131,85,1,7,-1,-1
14,156,347,10,22,45,1,2,-1,-1
14,157,197,632,64,111,1,10,-1,-1
14,216,1115,110,154,58,1,4,-1,-1
14,217,790,462,53,118,1,1,-1,-1
15,1,780,462,49,115,1,1,-1,-1
15,2,181,610,84,94,1,2,-1,-1
15,8,1370,4,17,41,1,1,-1,-1
15,11,853,42,35,34,1,10,-1,-1
15,12,1345,2,18,41,1,1,-1,-1
15,21,363,12,23,48,1,2,-1,-1
15,22,512,146,165,70,1,4,-1,-1
15,23,1072,227,45,61,1,2,-1,-1
15,38,512,71,25,54,1,1,-1,-1
15,39,1570,376,51,88,1,1,-1,-1
15,40,1658,388,58,94,1,1,-1,-1
15,102,1611,627,292,236,1,4,-1,-1
15,103,1286,12,17,40,1,1,-1,-1
15,155,771,196,131,85,1,7,-1,-1
15,156,347,10,23,45,1,2,-1,-1
15,157,197,630,64,111,1,10,-1,-1
15,216,1104,109,154,58,1,4,-1,-1
15,217,796,461,53,118,1,1,-1,-1
15,218,379,9,23,47,1,2,-1,-1
16,1,802,460,53,118,1,1,-1,-1
16,2,181,607,83,94,1,2,-1,-1
16,8,1371,3,17,41,1,1,-1,-1
16,11,854,43,35,34,1,10,-1,-1
16,12,1344,2,18,41,1,1,-1,-1
16,22,502,145,166,70,1,4,-1,-1
16,23,1061,224,45,61,1,2,-1,-1
16,38,523,71,27,58,1,1,-1,-1
16,39,1575,377,52,89,1,1,-1,-1
16,40,1663,388,58,94,1,1,-1,-1
16,53,331,20,26,47,1,2,-1,-1
16,74,1091,437,106,67,1,3,-1,-1
16,103,1287,11,17,40,1,1,-1,-1
16,156,347,10,23,44,1,2,-1,-1
16,157,196,628,65,112,1,10,-1,-1
16,158,395,9,17,44,1,2,-1,-1
16,159,1264,201,158,86,1,4,-1,-1
16,216,1094,109,154,58,1,4,-1,-1
16,217,793,411,66,146,1,1,-1,-1
16,218,379,9,23,47,1,2,-1,-1
17,1,793,460,49,115,1,1,-1,-1
17,2,181,604,83,94,1,2,-1,-1
17,11,860,30,24,36,1,2,-1,-1
17,12,1343,2,18,41,1,1,-1,-1
17,22,491,144,168,70,1,4,-1,-1
17,23,1051,220,45,61,1,2,-1,-1
17,38,524,71,27,58,1,1,-1,-1
17,39,1580,378,53,90,1,1,-1,-1
17,40,1669,390,58,94,1,1,-1,-1
17,53,331,20,26,46,1,2,-1,-1
17,74,1099,438,106,67,1,3,-1,-1
17,104,111,125,166,65,1,4,-1,-1
17,105,1542,151,125,69,1,4,-1,-1
17,157,196,626,65,113,1,10,-1,-1
17,158,395,8,17,45,1,2,-1,-1
17,159,1259,202,158,87,1,4,-1,-1
17,160,1131,407,47,78,1,2,-1,-1
17,217,809,459,53,118,1,1,-1,-1
17,218,379,9,23,47,1,2,-1,-1
18,1,800,465,49,115,1,1,-1,-1
18,2,193,629,66,113,1,10,-1,-1
18,11,857,43,35,34,1,10,-1,-1
18,12,1342,2,19,41,1,1,-1,-1
18,22,481,143,169,70,1,4,-1,-1
18,23,1042,216,45,61,1,2,-1,-1
18,24,348,10,23,44,1,2,-1,-1
18,38,523,72,27,58,1,1,-1,-1
18,39,1585,380,54,90,1,1,-1,-1
18,40,1675,393,58,94,1,1,-1,-1
18,41,196,641,52,66,1,2,-1,-1
18,53,331,20,26,46,1,2,-1,-1
18,74,1107,439,106,67,1,3,-1,-1
18,75,1374,3,17,41,1,1,-1,-1
18,104,97,125,163,66,1,4,-1,-1
18,105,1535,152,125,70,1,4,-1,-1
18,158,395,8,17,45,1,2,-1,-1
18,159,1255,203,158,88,1,4,-1,-1
18,160,1139,408,47,79,1,2,-1,-1
18,218,379,9,23,47,1,2,-1,-1
19,1,808,471,49,115,1,1,-1,-1
19,2,186,611,74,124,1,10,-1,-1
19,11,859,44,35,34,1,10,-1,-1
19,12,1342,3,20,41,1,1,-1,-1
19,23,1033,212,45,61,1,2,-1,-1
19,24,348,10,23,43,1,2,-1,-1
19,39,1590,381,55,91,1,1,-1,-1
19,40,1681,395,58,94,1,1,-1,-1
19,41,193,645,52,66,1,2,-1,-1
19,53,330,19,27,47,1,2,-1,-1
19,54,1290,12,17,40,1,1,-1,-1
19,74,1115,440,106,67,1,3,-1,-1
19,75,1376,4,17,41,1,1,-1,-1
19,104,81,131,186,77,1,4,-1,-1
19,105,1532,155,125,70,1,4,-1,-1
19,158,395,8,17,45,1,2,-1,-1
19,159,1251,207,158,89,1,4,-1,-1
19,160,1147,409,47,79,1,2,-1,-1
19,161,1395,407,43,91,1,2,-1,-1
19,218,378,9,23,47,1,2,-1,-1
19,219,472,185,168,73,1,4,-1,-1
20,1,816,477,49,114,1,1,-1,-1
20,2,188,635,68,113,1,10,-1,-1
20,9,894,33,23,35,1,2,-1,-1
20,12,1342,4,21,41,1,1,-1,-1
20,23,1024,209,45,61,1,2,-1,-1
20,24,348,10,23,43,1,2,-1,-1
20,41,190,650,52,66,1,2,-1,-1
20,53,330,19,28,47,1,2,-1,-1
20,54,1292,13,17,40,1,1,-1,-1
20,74,1123,441,106,67,1,3,-1,-1
20,75,1378,5,17,41,1,1,-1,-1
20,104,69,126,158,67,1,4,-1,-1
20,105,1529,158,125,70,1,4,-1,-1
20,158,395,8,17,45,1,2,-1,-1
20,159,1247,211,158,90,1,4,-1,-1
20,160,1155,410,47,80,1,2,-1,-1
20,161,1405,410,44,91,1,2,-1,-1
20,162,1480,107,146,58,1,4,-1,-1
20,219,477,186,169,74,1,4,-1,-1
21,1,824,482,49,115,1,1,-1,-1
21,2,169,617,83,94,1,2,-1,-1
21,9,895,34,23,35,1,2,-1,-1
21,12,1342,5,21,41,1,1,-1,-1
21,23,1015,208,45,60,1,2,-1,-1
21,24,357,7,20,41,1,2,-1,-1
21,41,187,654,52,66,1,2,-1,-1
21,53,330,19,28,46,1,2,-1,-1
21,54,1294,14,17,40,1,1,-1,-1
21,55,1600,384,58,92,1,1,-1,-1
21,74,1131,442,106,67,1,3,-1,-1
21,75,1380,5,17,41,1,1,-1,-1
21,76,1044,113,156,58,1,4,-1,-1
21,104,55,126,155,68,1,4,-1,-1
21,105,1527,161,125,70,1,4,-1,-1
21,158,395,7,17,46,1,2,-1,-1
21,159,1244,215,157,91,1,4,-1,-1
21,160,1163,411,47,81,1,2,-1,-1
21,161,1414,413,46,91,1,2,-1,-1
21,162,1473,108,146,58,1,4,-1,-1
21,219,483,187,168,75,1,4,-1,-1
21,220,378,9,23,47,1,2,-1,-1
22,1,844,479,57,127,1,1,-1,-1
22,2,184,642,70,113,1,10,-1,-1
22,9,895,34,22,31,1,10,-1,-1
22,12,1342,6,22,41,1,1,-1,-1
22,23,1007,207,45,60,1,2,-1,-1
22,24,363,12,23,48,1,2,-1,-1
22,41,184,659,52,66,1,2,-1,-1
22,53,330,18,28,47,1,2,-1,-1
22,54,1299,25,18,45,1,2,-1,-1
22,55,1605,386,59,92,1,1,-1,-1
22,74,1139,443,106,67,1,3,-1,-1
22,75,1382,6,17,41,1,1,-1,-1
22,76,1033,114,157,58,1,4,-1,-1
22,104,41,127,152,68,1,4,-1,-1
22,105,1524,165,125,70,1,4,-1,-1
22,160,1172,412,46,82,1,2,-1,-1
22,161,1424,416,47,91,1,2,-1,-1
22,162,1467,109,146,58,1,4,-1,-1
22,219,488,188,168,76,1,4,-1,-1
22,220,378,9,23,47,1,2,-1,-1
23,1,862,489,53,118,1,1,-1,-1
23,2,176,650,71,114,1,10,-1,-1
23,9,896,47,25,35,1,10,-1,-1
23,13,1236,223,157,93,1,4,-1,-1
23,23,999,206,45,60,1,2,-1,-1
23,24,363,12,23,48,1,2,-1,-1
23,41,176,669,52,66,1,2,-1,-1
23,53,330,18,28,47,1,2,-1,-1
23,54,1307,23,16,37,1,1,-1,-1
23,55,1610,387,60,93,1,1,-1,-1
23,74,1150,449,106,67,1,3,-1,-1
23,75,1384,7,17,41,1,1,-1,-1
23,76,1021,115,158,58,1,4,-1,-1
23,104,27,127,149,69,1,4,-1,-1
23,105,1522,168,125,70,1,4,-1,-1
23,106,427,141,174,70,1,4,-1,-1
23,161,1433,419,49,91,1,2,-1,-1
23,162,1460,110,146,58,1,4,-1,-1
23,219,494,189,168,77,1,4,-1,-1
23,220,378,9,23,47,1,2,-1,-1
24,1,871,494,53,118,1,1,-1,-1
24,2,169,659,71,114,1,10,-1,-1
24,9,896,36,23,35,1,2,-1,-1
24,13,1233,227,157,94,1,4,-1,-1
24,23,991,205,45,60,1,2,-1,-1
24,24,364,12,23,48,1,2,-1,-1
24,41,169,679,52,66,1,2,-1,-1
24,53,330,18,29,47,1,2,-1,-1
24,54,1310,11,18,45,1,2,-1,-1
24,55,1616,389,61,94,1,1,-1,-1
24,56,349,234,212,76,1,4,-1,-1
24,57,1192,422,46,86,1,2,-1,-1
24,75,1385,8,18,41,1,1,-1,-1
24,76,1010,116,159,58,1,4,-1,-1
24,106,414,142,175,70,1,4,-1,-1
24,161,1453,414,51,92,1,2,-1,-1
24,162,1453,111,146,58,1,4,-1,-1
24,163,1286,10,18,41,1,1,-1,-1
24,220,378,10,23,47,1,2,-1,-1
25,1,856,505,48,114,1,1,-1,-1
25,2,148,643,83,94,1,2,-1,-1
25,9,897,37,23,35,1,2,-1,-1
25,13,1229,233,159,96,1,4,-1,-1
25,23,983,204,45,60,1,2,-1,-1
25,24,362,13,23,48,1,2,-1,-1
25,41,162,690,52,66,1,2,-1,-1
25,54,1312,12,18,46,1,2,-1,-1
25,55,1628,396,61,95,1,1,-1,-1
25,56,357,236,212,76,1,4,-1,-1
25,57,1202,428,46,87,1,2,-1,-1
25,75,1386,9,19,41,1,1,-1,-1
25,76,999,117,160,58,1,4,-1,-1
25,106,401,144,176,69,1,4,-1,-1
25,107,1517,175,125,70,1,4,-1,-1
25,162,1447,113,146,58,1,4,-1,-1
25,163,1287,12,18,41,1,1,-1,-1
25,164,868,32,23,34,1,2,-1,-1
25,220,376,10,23,47,1,2,-1,-1
25,221,518,80,27,58,1,1,-1,-1
26,1,864,511,48,113,1,1,-1,-1
26,2,155,676,71,115,1,10,-1,-1
26,9,899,52,25,35,1,10,-1,-1
26,13,1260,244,146,88,1,4,-1,-1
26,23,974,204,45,60,1,2,-1,-1
26,24,366,2,21,57,1,2,-1,-1
26,41,155,700,52,66,1,2,-1,-1
26,54,1314,14,18,46,1,2,-1,-1
26,55,1653,407,51,78,1,1,-1,-1
26,56,365,238,212,76,1,4,-1,-1
26,57,1218,430,54,104,1,2,-1,-1
26,58,1464,432,53,92,1,2,-1,-1
26,76,988,119,161,57,1,4,-1,-1
26,106,388,145,177,70,1,4,-1,-1
26,107,1513,179,126,72,1,4,-1,-1
26,163,1289,14,18,41,1,1,-1,-1
26,164,869,33,23,34,1,2,-1,-1
26,221,517,82,27,57,1,1,-1,-1
27,2,147,684,72,116,1,10,-1,-1
27,9,898,38,23,35,1,2,-1,-1
27,13,1221,245,164,100,1,4,-1,-1
27,24,358,15,23,48,1,2,-1,-1
27,28,342,12,24,41,1,2,-1,-1
27,41,147,710,52,66,1,2,-1,-1
27,54,1317,15,18,47,1,2,-1,-1
27,55,1653,412,62,95,1,1,-1,-1
27,56,372,240,213,78,1,4,-1,-1
27,57,1223,439,46,90,1,2,-1,-1
27,58,1475,438,56,93,1,2,-1,-1
27,76,979,121,161,57,1,4,-1,-1
27,106,375,146,178,70,1,4,-1,-1
27,107,1510,183,126,74,1,4,-1,-1
27,163,1291,16,18,41,1,1,-1,-1
27,164,869,34,23,34,1,2,-1,-1
27,165,391,10,16,47,1,2,-1,-1
27,221,516,83,27,57,1,1,-1,-1
28,2,130,665,84,94,1,2,-1,-1
28,9,899,55,25,35,1,10,-1,-1
28,13,1218,251,166,102,1,4,-1,-1
28,14,518,200,166,79,1,4,-1,-1
28,24,357,17,23,48,1,2,-1,-1
28,28,340,13,24,41,1,2,-1,-1
28,29,957,206,45,60,1,2,-1,-1
28,55,1665,420,63,96,1,1,-1,-1
28,56,380,243,214,79,1,4,-1,-1
28,57,1233,444,46,92,1,2,-1,-1
28,58,1486,444,58,94,1,2,-1,-1
28,76,970,123,161,57,1,4,-1,-1
28,106,362,148,179,69,1,4,-1,-1
28,107,1506,187,128,77,1,4,-1,-1
28,108,907,514,53,118,1,1,-1,-1
28,163,1293,18,18,41,1,1,-1,-1
28,164,870,35,23,34,1,2,-1,-1
28,165,390,12,16,46,1,2,-1,-1
28,221,516,84,27,57,1,1,-1,-1
28,222,719,167,167,81,1,4,-1,-1
28,223,880,522,48,113,1,1,-1,-1
29,2,125,673,84,94,1,2,-1,-1
29,9,899,57,25,35,1,10,-1,-1
29,13,1214,257,168,104,1,4,-1,-1
29,14,522,203,166,80,1,4,-1,-1
29,24,355,18,23,48,1,2,-1,-1
29,28,337,14,24,41,1,2,-1,-1
29,29,948,207,45,60,1,2,-1,-1
29,55,1678,428,63,96,1,1,-1,-1
29,56,388,246,215,80,1,4,-1,-1
29,57,1244,450,46,94,1,2,-1,-1
29,58,1497,450,61,95,1,2,-1,-1
29,77,865,59,30,33,1,10,-1,-1
29,106,349,149,180,69,1,4,-1,-1
29,107,1503,191,128,79,1,4,-1,-1
29,108,916,519,53,118,1,1,-1,-1
29,163,1295,20,18,41,1,1,-1,-1
29,164,870,36,23,34,1,2,-1,-1
29,165,388,13,17,46,1,2,-1,-1
29,221,515,85,27,58,1,1,-1,-1
29,222,710,168,168,80,1,4,-1,-1
29,223,888,528,48,113,1,1,-1,-1
30,2,118,685,84,94,1,2,-1,-1
30,9,899,59,25,35,1,10,-1,-1
30,13,1210,263,171,106,1,4,-1,-1
30,14,484,180,194,94,1,4,-1,-1
30,28,335,15,24,40,1,2,-1,-1
30,29,939,209,45,60,1,2,-1,-1
30,56,395,248,216,82,1,4,-1,-1
30,57,1257,457,45,97,1,2,-1,-1
30,58,1508,456,64,96,1,2,-1,-1
30,77,866,61,30,33,1,10,-1,-1
30,107,1499,195,130,82,1,4,-1,-1
30,108,925,525,53,118,1,1,-1,-1
30,164,871,37,23,34,1,2,-1,-1
30,165,387,14,16,46,1,2,-1,-1
30,222,706,158,198,92,1,4,-1,-1
30,223,896,534,48,113,1,1,-1,-1
31,2,118,719,74,117,1,10,-1,-1
31,9,901,42,23,35,1,2,-1,-1
31,13,1206,269,173,108,1,4,-1,-1
31,14,529,210,165,80,1,4,-1,-1
31,28,333,16,24,40,1,2,-1,-1
31,29,931,210,45,60,1,2,-1,-1
31,30,882,227,131,85,1,7,-1,-1
31,56,403,251,217,83,1,4,-1,-1
31,57,1270,465,45,99,1,2,-1,-1
31,58,1524,464,65,98,1,2,-1,-1
31,59,1300,23,18,41,1,1,-1,-1
31,77,867,63,30,33,1,10,-1,-1
31,107,1496,199,130,84,1,4,-1,-1
31,108,933,535,53,118,1,1,-1,-1
31,109,514,88,27,57,1,1,-1,-1
31,110,1221,480,132,79,1,3,-1,-1
31,165,386,15,16,46,1,2,-1,-1
31,222,690,171,171,80,1,4,-1,-1
31,223,906,544,48,113,1,1,-1,-1
32,2,111,727,74,118,1,10,-1,-1
32,9,901,44,23,35,1,2,-1,-1
32,13,1203,275,175,110,1,4,-1,-1
32,14,533,214,165,80,1,4,-1,-1
32,28,331,17,24,40,1,2,-1,-1
32,29,922,212,45,60,1,2,-1,-1
32,30,889,231,131,85,1,7,-1,-1
32,31,350,22,23,48,1,2,-1,-1
32,56,411,254,218,84,1,4,-1,-1
32,57,1283,472,45,102,1,2,-1,-1
32,58,1541,473,65,99,1,2,-1,-1
32,59,1303,25,17,41,1,1,-1,-1
32,60,237,221,181,85,1,4,-1,-1
32,77,869,65,30,33,1,10,-1,-1
32,78,102,761,53,85,1,10,-1,-1
32,108,941,545,53,118,1,1,-1,-1
32,109,513,89,27,57,1,1,-1,-1
32,110,1243,500,128,75,1,3,-1,-1
32,165,385,17,16,46,1,2,-1,-1
32,222,680,173,173,81,1,4,-1,-1
32,223,916,554,48,113,1,1,-1,-1
32,224,23,253,201,81,1,4,-1,-1
33,2,104,736,74,118,1,10,-1,-1
33,9,901,46,23,35,1,2,-1,-1
33,13,1199,281,177,112,1,4,-1,-1
33,14,537,217,164,81,1,4,-1,-1
33,28,328,18,23,41,1,2,-1,-1
33,29,913,213,45,60,1,2,-1,-1
33,30,896,235,131,85,1,7,-1,-1
33,31,347,23,23,48,1,2,-1,-1
33,58,1557,481,66,101,1,2,-1,-1
33,59,1306,27,17,41,1,1,-1,-1
33,60,222,203,200,93,1,4,-1,-1
33,61,900,65,25,35,1,10,-1,-1
33,77,869,67,30,33,1,10,-1,-1
33,78,92,771,62,78,1,2,-1,-1
33,108,950,555,53,118,1,1,-1,-1
33,109,512,90,27,57,1,1,-1,-1
33,110,1263,526,116,67,1,3,-1,-1
33,166,394,18,22,53,1,2,-1,-1
33,224,28,257,202,81,1,4,-1,-1
33,225,1727,459,65,98,1,1,-1,-1
34,2,97,745,75,118,1,10,-1,-1
34,9,902,48,23,35,1,2,-1,-1
34,13,1195,287,180,114,1,4,-1,-1
34,14,541,221,164,81,1,4,-1,-1
34,15,1668,122,143,65,1,4,-1,-1
34,28,325,20,23,41,1,2,-1,-1
34,29,905,215,45,60,1,2,-1,-1
34,30,903,239,131,85,1,7,-1,-1
34,31,344,25,23,48,1,2,-1,-1
34,58,1555,490,77,119,1,2,-1,-1
34,59,1308,28,18,41,1,1,-1,-1
34,60,223,207,202,93,1,4,-1,-1
34,61,900,67,25,35,1,10,-1,-1
34,77,869,70,30,33,1,10,-1,-1
34,78,97,783,52,66,1,2,-1,-1
34,108,936,575,48,113,1,1,-1,-1
34,109,512,92,27,57,1,1,-1,-1
34,110,1274,536,119,67,1,3,-1,-1
34,166,391,20,22,53,1,2,-1,-1
34,167,1372,21,23,33,1,3,-1,-1
34,224,33,261,203,80,1,4,-1,-1
34,225,1740,467,65,98,1,1,-1,-1
35,2,83,762,75,119,1,10,-1,-1
35,13,1192,294,182,116,1,4,-1,-1
35,14,544,226,167,81,1,4,-1,-1
35,15,1664,124,143,67,1,4,-1,-1
35,28,322,22,23,41,1,2,-1,-1
35,29,895,216,45,60,1,2,-1,-1
35,30,916,227,141,93,1,7,-1,-1
35,31,341,27,23,48,1,2,-1,-1
35,59,1311,30,17,41,1,1,-1,-1
35,60,224,211,204,93,1,4,-1,-1
35,61,900,69,25,35,1,10,-1,-1
35,77,869,73,30,33,1,10,-1,-1
35,78,86,785,48,77,1,10,-1,-1
35,109,509,93,27,58,1,1,-1,-1
35,110,1286,546,121,67,1,3,-1,-1
35,166,388,22,22,53,1,2,-1,-1
35,167,1374,23,23,33,1,3,-1,-1
35,224,38,265,204,80,1,4,-1,-1
35,225,1756,478,81,122,1,1,-1,-1
36,13,1187,302,185,121,1,4,-1,-1
36,14,548,231,169,81,1,4,-1,-1
36,15,1660,126,143,69,1,4,-1,-1
36,18,958,600,48,117,1,1,-1,-1
36,28,319,23,23,42,1,2,-1,-1
36,29,886,218,45,60,1,2,-1,-1
36,30,916,245,133,89,1,7,-1,-1
36,31,338,29,23,48,1,2,-1,-1
36,59,1314,32,17,41,1,1,-1,-1
36,60,224,215,206,93,1,4,-1,-1
36,61,900,71,25,35,1,10,-1,-1
36,62,1612,510,66,103,1,2,-1,-1
36,77,869,75,30,33,1,10,-1,-1
36,78,65,769,87,95,1,2,-1,-1
36,109,506,94,27,60,1,1,-1,-1
36,110,1300,556,123,67,1,3,-1,-1
36,111,638,183,183,83,1,4,-1,-1
36,166,378,22,21,50,1,2,-1,-1
36,167,1376,24,23,33,1,3,-1,-1
36,224,44,270,204,79,1,4,-1,-1
36,225,1765,483,66,99,1,1,-1,-1
37,14,552,236,171,81,1,4,-1,-1
37,15,1656,128,143,71,1,4,-1,-1
37,18,971,615,47,121,1,1,-1,-1
37,28,316,25,23,42,1,2,-1,-1
37,29,877,220,45,60,1,2,-1,-1
37,30,923,249,134,91,1,7,-1,-1
37,31,335,31,23,48,1,2,-1,-1
37,59,1317,34,17,41,1,1,-1,-1
37,60,225,219,208,93,1,4,-1,-1
37,61,903,54,23,35,1,2,-1,-1
37,62,1633,522,66,103,1,2,-1,-1
37,63,1344,24,23,41,1,1,-1,-1
37,78,52,786,89,96,1,2,-1,-1
37,109,503,95,27,62,1,1,-1,-1
37,110,1314,567,125,67,1,3,-1,-1
37,111,627,185,186,84,1,4,-1,-1
37,166,383,26,22,53,1,2,-1,-1
37,167,1378,26,23,33,1,3,-1,-1
37,168,925,13,48,49,1,4,-1,-1
37,225,1772,514,66,98,1,1,-1,-1
38,14,555,241,174,81,1,4,-1,-1
38,15,1653,131,143,72,1,4,-1,-1
38,18,983,630,48,125,1,1,-1,-1
38,29,868,221,45,60,1,2,-1,-1
38,30,932,253,135,92,1,7,-1,-1
38,31,332,32,23,48,1,2,-1,-1
38,59,1319,36,17,41,1,1,-1,-1
38,60,226,223,210,93,1,4,-1,-1
38,61,899,65,27,41,1,2,-1,-1
38,62,1654,533,66,103,1,2,-1,-1
38,63,1344,26,23,41,1,1,-1,-1
38,78,40,804,89,95,1,2,-1,-1
38,111,617,188,188,84,1,4,-1,-1
38,166,380,27,22,53,1,2,-1,-1
38,167,1380,28,23,33,1,3,-1,-1
38,168,926,14,48,49,1,4,-1,-1
39,14,559,246,176,81,1,4,-1,-1
39,15,1646,134,145,71,1,4,-1,-1
39,18,997,630,58,118,1,1,-1,-1
39,30,942,257,136,94,1,7,-1,-1
39,31,329,34,23,48,1,2,-1,-1
39,59,1322,38,17,41,1,1,-1,-1
39,60,227,227,212,93,1,4,-1,-1
39,61,904,58,23,35,1,2,-1,-1
39,62,1675,545,66,103,1,2,-1,-1
39,63,1352,39,18,47,1,2,-1,-1
39,78,27,821,91,96,1,2,-1,-1
39,111,605,190,189,84,1,4,-1,-1
39,112,1627,604,125,64,1,3,-1,-1
39,167,1383,29,23,33,1,3,-1,-1
39,168,927,15,48,49,1,4,-1,-1
40,14,563,251,178,81,1,4,-1,-1
40,15,1639,137,148,71,1,4,-1,-1
40,18,1008,659,47,133,1,1,-1,-1
40,30,957,277,116,81,1,7,-1,-1
40,31,326,36,23,48,1,2,-1,-1
40,42,869,85,30,33,1,10,-1,-1
40,60,227,231,214,95,1,4,-1,-1
40,61,904,60,23,35,1,2,-1,-1
40,62,1696,557,66,103,1,2,-1,-1
40,63,1354,41,18,47,1,2,-1,-1
40,111,593,193,190,84,1,4,-1,-1
40,112,1646,619,125,64,1,3,-1,-1
40,168,928,17,48,49,1,4,-1,-1
40,226,833,156,176,66,1,4,-1,-1
41,14,567,256,181,81,1,4,-1,-1
41,15,1612,132,170,80,1,4,-1,-1
41,18,1014,653,75,145,1,1,-1,-1
41,30,962,265,137,97,1,7,-1,-1
41,31,323,38,23,48,1,2,-1,-1
41,42,870,87,30,33,1,10,-1,-1
41,61,904,62,23,35,1,2,-1,-1
41,62,1720,572,65,103,1,2,-1,-1
41,63,1356,43,18,47,1,2,-1,-1
41,111,581,196,191,83,1,4,-1,-1
41,112,1674,638,135,68,1,3,-1,-1
41,113,345,33,23,47,1,2,-1,-1
41,168,927,17,49,51,1,4,-1,-1
41,169,872,56,23,34,1,2,-1,-1
41,170,1324,156,173,64,1,4,-1,-1
41,226,821,159,177,67,1,4,-1,-1
41,227,360,31,16,47,1,2,-1,-1
42,15,1626,143,153,71,1,4,-1,-1
42,18,1036,693,47,137,1,1,-1,-1
42,31,327,20,21,43,1,2,-1,-1
42,42,870,89,30,33,1,10,-1,-1
42,62,1744,587,65,103,1,2,-1,-1
42,63,1348,49,17,41,1,1,-1,-1
42,111,569,199,192,83,1,4,-1,-1
42,112,1690,651,124,63,1,3,-1,-1
42,113,345,38,25,52,1,2,-1,-1
42,168,927,17,50,53,1,4,-1,-1
42,169,873,58,23,35,1,2,-1,-1
42,170,1315,160,173,64,1,4,-1,-1
42,171,1425,577,60,106,1,2,-1,-1
42,226,809,162,179,68,1,4,-1,-1
42,227,357,33,16,47,1,2,-1,-1
42,228,68,303,219,88,1,4,-1,-1
42,229,471,110,25,53,1,1,-1,-1
43,15,1619,146,155,70,1,4,-1,-1
43,18,1051,713,47,137,1,1,-1,-1
43,42,870,91,30,33,1,10,-1,-1
43,62,1768,602,64,103,1,2,-1,-1
43,63,1351,51,17,41,1,1,-1,-1
43,112,1708,662,142,72,1,3,-1,-1
43,113,339,36,23,47,1,2,-1,-1
43,114,1158,370,207,156,1,4,-1,-1
43,169,873,60,23,35,1,2,-1,-1
43,170,1307,164,173,64,1,4,-1,-1
43,171,1443,592,60,106,1,2,-1,-1
43,226,797,165,181,69,1,4,-1,-1
43,227,354,34,16,48,1,2,-1,-1
43,228,72,309,222,89,1,4,-1,-1
43,229,470,113,25,52,1,1,-1,-1
43,230,1405,639,132,71,1,3,-1,-1
44,15,1612,149,158,70,1,4,-1,-1
44,18,1067,732,47,137,1,1,-1,-1
44,42,871,94,30,33,1,10,-1,-1
44,62,1792,617,64,103,1,2,-1,-1
44,63,1354,53,17,41,1,1,-1,-1
44,112,1734,683,123,63,1,3,-1,-1
44,113,337,38,23,47,1,2,-1,-1
44,114,1154,383,211,160,1,4,-1,-1
44,169,873,62,23,35,1,2,-1,-1
44,170,1298,168,173,64,1,4,-1,-1
44,171,1462,607,60,106,1,2,-1,-1
44,226,784,168,181,69,1,4,-1,-1
44,227,352,36,16,47,1,2,-1,-1
44,228,76,314,224,91,1,4,-1,-1
44,229,466,115,25,53,1,1,-1,-1
44,230,1423,653,131,73,1,3,-1,-1
44,231,363,38,22,53,1,2,-1,-1
44,232,573,268,190,88,1,4,-1,-1
45,15,1605,152,161,70,1,4,-1,-1
45,18,1082,752,47,137,1,1,-1,-1
45,42,870,96,29,33,1,10,-1,-1
45,63,1358,55,17,41,1,1,-1,-1
45,112,1756,699,123,63,1,3,-1,-1
45,113,334,40,23,47,1,2,-1,-1
45,114,1150,395,215,165,1,4,-1,-1
45,169,873,64,23,35,1,2,-1,-1
45,170,1290,172,173,64,1,4,-1,-1
45,171,1480,623,64,106,1,2,-1,-1
45,227,349,37,16,48,1,2,-1,-1
45,228,80,320,227,92,1,4,-1,-1
45,229,462,118,25,54,1,1,-1,-1
45,230,1441,670,134,73,1,3,-1,-1
45,231,360,40,22,53,1,2,-1,-1
45,232,575,272,194,91,1,4,-1,-1
46,15,1599,156,163,69,1,4,-1,-1
46,18,1082,747,58,131,1,1,-1,-1
46,42,873,85,27,30,1,10,-1,-1
46,113,331,42,23,47,1,2,-1,-1
46,114,1147,408,219,170,1,4,-1,-1
46,169,874,67,23,35,1,2,-1,-1
46,170,1272,175,176,66,1,4,-1,-1
46,171,1498,639,68,106,1,2,-1,-1
46,228,84,326,230,94,1,4,-1,-1
46,229,459,121,25,56,1,1,-1,-1
46,230,1460,688,136,73,1,3,-1,-1
46,231,357,42,22,53,1,2,-1,-1
46,232,574,279,197,91,1,4,-1,-1
47,15,1588,160,163,71,1,4,-1,-1
47,18,1089,769,58,131,1,1,-1,-1
47,42,873,71,23,35,1,2,-1,-1
47,113,329,44,23,47,1,2,-1,-1
47,114,1142,422,223,177,1,4,-1,-1
47,171,1516,655,72,106,1,2,-1,-1
47,230,1478,705,139,73,1,3,-1,-1
47,231,355,44,22,53,1,2,-1,-1
47,232,518,317,249,98,1,4,-1,-1
47,233,1440,40,28,42,1,1,-1,-1
47,234,1486,318,149,122,1,4,-1,-1
48,18,1097,792,58,131,1,1,-1,-1
48,42,873,75,23,35,1,2,-1,-1
48,114,1138,436,227,184,1,4,-1,-1
48,231,352,45,22,53,1,2,-1,-1
48,232,573,293,203,91,1,4,-1,-1
48,233,1443,41,28,42,1,1,-1,-1
48,234,1467,328,133,111,1,4,-1,-1
49,42,873,79,23,35,1,2,-1,-1
49,114,1134,450,231,191,1,4,-1,-1
49,172,710,188,185,72,1,4,-1,-1
49,173,1345,73,21,41,1,1,-1,-1
49,174,1506,738,142,76,1,3,-1,-1
49,233,1446,43,28,42,1,1,-1,-1
49,234,1474,338,151,128,1,4,-1,-1
50,79,1244,1,69,51,1,4,-1,-1
50,115,571,307,209,91,1,4,-1,-1
50,172,684,193,190,74,1,4,-1,-1
50,173,1353,65,17,41,1,1,-1,-1
50,174,1516,754,142,79,1,3,-1,-1
50,233,1433,46,28,42,1,1,-1,-1
50,234,1468,348,152,131,1,4,-1,-1
51,32,228,56,23,46,1,2,-1,-1
51,43,250,59,23,48,1,2,-1,-1
51,79,1237,1,70,51,1,4,-1,-1
51,115,571,314,212,91,1,4,-1,-1
51,116,1092,489,243,210,1,4,-1,-1
51,172,658,198,194,76,1,4,-1,-1
51,173,1350,61,17,47,1,2,-1,-1
51,174,1525,769,142,82,1,3,-1,-1
51,175,1318,69,21,41,1,1,-1,-1
51,233,1421,49,28,42,1,1,-1,-1
51,234,1463,358,152,134,1,4,-1,-1
52,4,853,87,23,35,1,2,-1,-1
52,32,225,63,23,48,1,2,-1,-1
52,43,247,55,23,47,1,2,-1,-1
52,79,1231,2,70,50,1,4,-1,-1
52,115,574,305,264,113,1,4,-1,-1
52,116,1071,508,249,220,1,4,-1,-1
52,117,622,302,69,46,1,10,-1,-1
52,172,632,203,199,78,1,4,-1,-1
52,173,1349,64,18,50,1,2,-1,-1
52,174,1535,785,142,85,1,3,-1,-1
52,175,1323,69,17,41,1,1,-1,-1
52,235,164,304,254,111,1,4,-1,-1
53,4,843,89,23,35,1,2,-1,-1
53,32,223,59,23,47,1,2,-1,-1
53,43,237,60,22,47,1,2,-1,-1
53,64,380,154,27,64,1,1,-1,-1
53,79,1212,-19,79,56,1,4,-1,-1
53,80,808,87,23,35,1,2,-1,-1
53,115,575,330,217,94,1,4,-1,-1
53,116,1051,528,254,229,1,4,-1,-1
53,117,594,306,72,46,1,10,-1,-1
53,118,327,245,232,93,1,4,-1,-1
53,172,601,209,202,78,1,4,-1,-1
53,173,1343,58,28,42,1,3,-1,-1
53,174,1539,801,153,95,1,3,-1,-1
53,175,1319,65,17,47,1,2,-1,-1
53,176,859,31,57,64,1,4,-1,-1
53,235,141,314,269,112,1,4,-1,-1
54,4,833,91,23,35,1,2,-1,-1
54,32,216,62,23,47,1,2,-1,-1
54,43,231,62,21,48,1,2,-1,-1
54,64,367,156,29,65,1,1,-1,-1
54,79,1218,3,71,50,1,4,-1,-1
54,80,797,91,23,35,1,2,-1,-1
54,115,577,338,220,95,1,4,-1,-1
54,116,1043,546,259,239,1,4,-1,-1
54,117,566,311,76,45,1,10,-1,-1
54,118,303,250,235,95,1,4,-1,-1
54,172,582,214,205,79,1,4,-1,-1
54,173,1352,52,23,35,1,3,-1,-1
54,174,1573,829,144,85,1,3,-1,-1
54,175,1321,67,17,47,1,2,-1,-1
54,176,848,34,58,64,1,4,-1,-1
54,235,138,323,269,115,1,4,-1,-1
55,4,833,93,23,35,1,2,-1,-1
55,32,210,65,23,47,1,2,-1,-1
55,43,226,65,20,48,1,2,-1,-1
55,64,364,162,29,65,1,1,-1,-1
55,79,1212,4,71,49,1,4,-1,-1
55,80,797,94,23,35,1,2,-1,-1
55,115,579,346,223,97,1,4,-1,-1
55,116,1035,565,264,249,1,4,-1,-1
55,117,539,316,79,45,1,10,-1,-1
55,118,279,255,238,97,1,4,-1,-1
55,175,1324,70,17,47,1,2,-1,-1
55,176,847,36,58,64,1,4,-1,-1
55,235,136,333,268,117,1,4,-1,-1
56,4,833,95,23,35,1,2,-1,-1
56,32,204,69,23,47,1,2,-1,-1
56,43,220,68,19,48,1,2,-1,-1
56,44,1343,91,14,33,1,1,-1,-1
56,64,362,169,28,64,1,1,-1,-1
56,79,1220,21,63,44,1,4,-1,-1
56,80,797,97,23,35,1,2,-1,-1
56,115,581,355,226,97,1,4,-1,-1
56,116,1023,592,272,264,1,4,-1,-1
56,117,515,325,82,45,1,10,-1,-1
56,118,255,260,241,99,1,4,-1,-1
56,119,1117,221,196,75,1,4,-1,-1
56,175,1317,79,17,41,1,1,-1,-1
56,176,847,38,58,64,1,4,-1,-1
56,177,160,72,22,45,1,2,-1,-1
56,235,134,343,267,119,1,4,-1,-1
57,4,833,98,23,35,1,2,-1,-1
57,32,197,72,23,47,1,2,-1,-1
57,43,215,71,18,48,1,2,-1,-1
57,44,1339,80,16,39,1,1,-1,-1
57,64,356,171,29,67,1,1,-1,-1
57,79,1199,5,72,49,1,4,-1,-1
57,80,797,101,23,35,1,2,-1,-1
57,116,1011,620,281,279,1,4,-1,-1
57,117,491,334,86,46,1,10,-1,-1
57,118,232,266,243,100,1,4,-1,-1
57,119,1105,227,196,75,1,4,-1,-1
57,176,847,41,58,64,1,4,-1,-1
57,177,154,75,22,45,1,2,-1,-1
58,4,828,101,23,35,1,2,-1,-1
58,32,191,75,23,47,1,2,-1,-1
58,43,209,74,17,48,1,2,-1,-1
58,44,1332,79,17,47,1,2,-1,-1
58,64,350,174,30,69,1,1,-1,-1
58,80,792,104,23,35,1,2,-1,-1
58,117,467,344,90,46,1,10,-1,-1
58,118,198,273,250,105,1,4,-1,-1
58,119,1087,233,200,77,1,4,-1,-1
58,120,1403,204,188,81,1,4,-1,-1
58,176,846,43,58,64,1,4,-1,-1
58,177,147,78,22,45,1,2,-1,-1
59,4,823,105,23,35,1,2,-1,-1
59,32,185,79,23,47,1,2,-1,-1
59,43,204,77,16,48,1,2,-1,-1
59,44,1328,82,17,47,1,2,-1,-1
59,64,344,177,31,71,1,1,-1,-1
59,80,787,107,23,35,1,2,-1,-1
59,118,165,281,256,109,1,4,-1,-1
59,119,1069,239,205,80,1,4,-1,-1
59,120,1416,208,188,79,1,4,-1,-1
59,177,141,82,22,45,1,2,-1,-1
60,4,818,109,23,35,1,2,-1,-1
60,19,1167,390,175,122,1,7,-1,-1
60,32,188,81,17,48,1,2,-1,-1
60,43,203,82,22,53,1,2,-1,-1
60,44,1324,85,17,47,1,2,-1,-1
60,64,331,181,33,72,1,1,-1,-1
60,80,782,110,23,35,1,2,-1,-1
60,119,1051,245,210,83,1,4,-1,-1
60,120,1398,212,190,81,1,4,-1,-1
60,121,116,378,289,124,1,4,-1,-1
60,177,146,92,23,48,1,2,-1,-1
60,236,1188,11,73,49,1,4,-1,-1
61,4,813,113,23,35,1,2,-1,-1
61,19,1182,399,176,124,1,7,-1,-1
61,32,188,86,22,53,1,2,-1,-1
61,44,1321,88,17,47,1,2,-1,-1
61,64,315,188,33,72,1,1,-1,-1
61,81,1354,69,23,35,1,3,-1,-1
61,119,1033,252,215,85,1,4,-1,-1
61,120,1381,217,192,83,1,4,-1,-1
61,121,111,387,295,125,1,4,-1,-1
61,177,155,87,23,47,1,2,-1,-1
61,178,447,258,227,88,1,4,-1,-1
61,236,1186,13,73,49,1,4,-1,-1
62,4,809,117,23,35,1,2,-1,-1
62,19,1197,408,177,126,1,7,-1,-1
62,44,1313,92,17,41,1,1,-1,-1
62,81,1349,71,23,35,1,3,-1,-1
62,119,1012,259,217,87,1,4,-1,-1
62,120,1363,221,194,85,1,4,-1,-1
62,121,107,396,300,127,1,4,-1,-1
62,178,424,265,230,90,1,4,-1,-1
62,236,1184,16,73,49,1,4,-1,-1
63,4,800,121,23,35,1,2,-1,-1
63,19,1212,417,178,128,1,7,-1,-1
63,44,1311,94,17,41,1,1,-1,-1
63,81,1344,73,23,35,1,3,-1,-1
63,120,1346,226,196,87,1,4,-1,-1
63,121,98,411,303,129,1,4,-1,-1
63,178,398,274,236,92,1,4,-1,-1
63,236,1177,17,74,49,1,4,-1,-1
63,237,75,93,22,54,1,2,-1,-1
63,238,596,417,248,112,1,4,-1,-1
63,239,1387,71,28,48,1,1,-1,-1
64,4,791,125,23,35,1,2,-1,-1
64,19,1227,426,179,130,1,7,-1,-1
64,44,1309,96,17,47,1,2,-1,-1
64,81,1339,75,23,35,1,3,-1,-1
64,120,1328,230,198,89,1,4,-1,-1
64,121,89,427,306,130,1,4,-1,-1
64,178,372,283,242,94,1,4,-1,-1
64,236,1171,18,75,49,1,4,-1,-1
64,237,83,107,23,48,1,2,-1,-1
64,238,598,428,253,116,1,4,-1,-1
64,239,1381,73,28,48,1,1,-1,-1
65,4,783,130,23,35,1,2,-1,-1
65,19,1246,441,171,124,1,7,-1,-1
65,44,1305,80,23,55,1,1,-1,-1
65,81,1334,78,23,35,1,3,-1,-1
65,121,80,443,309,131,1,4,-1,-1
65,178,346,292,249,96,1,4,-1,-1
65,179,1526,273,206,101,1,4,-1,-1
65,237,93,106,23,47,1,2,-1,-1
65,238,600,439,257,120,1,4,-1,-1
65,239,1375,76,28,48,1,1,-1,-1
65,240,1438,587,195,224,1,4,-1,-1
66,4,775,134,23,35,1,2,-1,-1
66,19,1261,446,185,133,1,7,-1,-1
66,81,1329,80,23,35,1,3,-1,-1
66,121,71,459,313,133,1,4,-1,-1
66,178,320,301,255,98,1,4,-1,-1
66,179,1513,279,206,104,1,4,-1,-1
66,237,93,106,17,47,1,2,-1,-1
66,238,602,450,262,124,1,4,-1,-1
66,239,1372,78,28,48,1,1,-1,-1
66,240,1436,608,199,231,1,4,-1,-1
67,4,768,138,23,35,1,2,-1,-1
67,19,1281,456,188,135,1,7,-1,-1
67,81,1324,83,23,35,1,3,-1,-1
67,179,1501,286,210,103,1,4,-1,-1
67,237,99,108,22,53,1,2,-1,-1
67,238,604,461,267,128,1,4,-1,-1
67,239,1369,81,28,48,1,1,-1,-1
67,240,1439,635,204,246,1,4,-1,-1
68,4,761,142,23,35,1,2,-1,-1
68,19,1301,466,192,137,1,7,-1,-1
68,81,1321,85,23,35,1,3,-1,-1
68,179,1489,293,214,103,1,4,-1,-1
68,240,1443,663,208,261,1,4,-1,-1
68,241,183,230,31,78,1,1,-1,-1
69,4,754,147,23,35,1,2,-1,-1
69,19,1339,498,187,134,1,7,-1,-1
69,45,228,328,272,105,1,4,-1,-1
69,179,1478,300,217,103,1,4,-1,-1
69,180,863,314,231,99,1,4,-1,-1
69,181,1139,25,82,49,1,4,-1,-1
69,240,1446,690,213,276,1,4,-1,-1
69,241,169,237,31,80,1,1,-1,-1
70,4,747,151,23,35,1,2,-1,-1
70,19,1341,486,198,142,1,7,-1,-1
70,45,194,337,278,108,1,4,-1,-1
70,179,1466,307,221,103,1,4,-1,-1
70,180,839,323,235,100,1,4,-1,-1
70,181,1133,27,82,49,1,4,-1,-1
70,241,184,245,31,81,1,1,-1,-1
70,242,542,615,354,166,1,4,-1,-1
70,243,1263,109,21,53,1,1,-1,-1
71,19,1361,496,202,144,1,7,-1,-1
71,33,727,148,24,37,1,2,-1,-1
71,45,161,346,283,110,1,4,-1,-1
71,180,814,332,239,101,1,4,-1,-1
71,181,1128,30,82,49,1,4,-1,-1
71,241,171,252,31,82,1,1,-1,-1
71,242,553,632,361,170,1,4,-1,-1
71,243,1261,113,21,53,1,1,-1,-1
72,19,1381,506,205,146,1,7,-1,-1
72,33,733,161,23,35,1,2,-1,-1
72,45,127,355,289,113,1,4,-1,-1
72,122,1311,93,23,35,1,3,-1,-1
72,180,790,341,242,102,1,4,-1,-1
72,181,1123,32,82,49,1,4,-1,-1
72,241,157,259,31,82,1,1,-1,-1
72,242,565,649,368,174,1,4,-1,-1
72,243,1259,117,22,53,1,1,-1,-1
72,244,735,188,32,44,1,10,-1,-1
72,245,1245,125,21,50,1,1,-1,-1
73,6,1428,330,232,111,1,4,-1,-1
73,33,726,166,23,35,1,2,-1,-1
73,45,94,365,294,115,1,4,-1,-1
73,122,1309,96,23,35,1,3,-1,-1
73,180,766,350,246,104,1,4,-1,-1
73,181,1118,35,82,49,1,4,-1,-1
73,242,577,667,375,177,1,4,-1,-1
73,243,1257,121,22,53,1,1,-1,-1
73,244,727,190,29,40,1,10,-1,-1
73,245,1254,140,17,41,1,1,-1,-1
73,246,650,536,286,146,1,4,-1,-1
74,6,1415,338,236,116,1,4,-1,-1
74,33,720,171,23,35,1,2,-1,-1
74,45,78,375,282,117,1,4,-1,-1
74,122,1307,99,23,35,1,3,-1,-1
74,123,733,84,79,75,1,4,-1,-1
74,180,741,360,252,107,1,4,-1,-1
74,181,1118,36,82,50,1,4,-1,-1
74,242,589,684,382,181,1,4,-1,-1
74,243,1255,125,23,53,1,1,-1,-1
74,244,721,197,29,40,1,10,-1,-1
74,245,1261,143,17,41,1,1,-1,-1
74,246,646,541,340,175,1,4,-1,-1
75,6,1408,347,237,116,1,4,-1,-1
75,33,719,175,23,35,1,2,-1,-1
75,45,62,385,271,119,1,4,-1,-1
75,46,1272,127,17,47,1,2,-1,-1
75,122,1306,102,23,35,1,3,-1,-1
75,123,732,87,79,75,1,4,-1,-1
75,244,719,201,29,40,1,10,-1,-1
75,245,1259,147,17,41,1,1,-1,-1
75,246,678,562,292,152,1,4,-1,-1
76,6,1401,357,238,116,1,4,-1,-1
76,33,718,180,23,35,1,2,-1,-1
76,45,47,395,259,121,1,4,-1,-1
76,46,1270,131,17,47,1,2,-1,-1
76,122,1309,104,23,35,1,3,-1,-1
76,123,731,91,79,75,1,4,-1,-1
76,182,5,755,344,173,1,4,-1,-1
76,183,1357,100,28,57,1,1,-1,-1
76,244,718,206,29,40,1,10,-1,-1
76,245,1258,152,17,41,1,1,-1,-1
76,246,692,574,294,156,1,4,-1,-1
77,6,1394,367,239,115,1,4,-1,-1
77,33,717,184,23,35,1,2,-1,-1
77,45,31,405,247,123,1,4,-1,-1
77,46,1271,134,17,47,1,2,-1,-1
77,82,1253,136,23,53,1,1,-1,-1
77,122,1313,107,23,35,1,3,-1,-1
77,123,730,94,79,76,1,4,-1,-1
77,182,8,775,355,176,1,4,-1,-1
77,183,1360,103,28,57,1,1,-1,-1
77,184,61,295,45,94,1,1,-1,-1
77,246,706,587,297,159,1,4,-1,-1
78,6,1387,377,240,115,1,4,-1,-1
78,33,716,189,23,35,1,2,-1,-1
78,45,15,415,236,125,1,4,-1,-1
78,46,1273,138,17,47,1,2,-1,-1
78,82,1255,140,23,53,1,1,-1,-1
78,122,1316,110,23,35,1,3,-1,-1
78,123,729,98,79,76,1,4,-1,-1
78,182,10,795,367,180,1,4,-1,-1
78,183,1364,107,28,57,1,1,-1,-1
78,184,51,302,45,94,1,1,-1,-1
79,6,1380,387,242,115,1,4,-1,-1
79,33,715,194,23,35,1,2,-1,-1
79,46,1275,142,17,47,1,2,-1,-1
79,82,1257,143,23,53,1,1,-1,-1
79,123,729,102,78,76,1,4,-1,-1
79,124,1132,4,23,41,1,1,-1,-1
79,182,13,815,378,183,1,4,-1,-1
79,183,1367,110,28,57,1,1,-1,-1
79,184,41,310,45,94,1,1,-1,-1
79,185,668,210,32,51,1,10,-1,-1
80,6,1367,396,249,119,1,4,-1,-1
80,33,711,198,24,35,1,2,-1,-1
80,46,1276,146,17,47,1,2,-1,-1
80,82,1258,147,23,53,1,1,-1,-1
80,123,726,104,81,76,1,4,-1,-1
80,124,1133,7,23,41,1,1,-1,-1
80,182,15,835,390,187,1,4,-1,-1
80,183,1371,114,28,57,1,1,-1,-1
80,184,31,318,46,94,1,1,-1,-1
80,185,666,215,33,51,1,10,-1,-1
80,186,82,655,406,193,1,4,-1,-1
80,247,1058,339,243,124,1,4,-1,-1
81,6,1355,406,256,123,1,4,-1,-1
81,33,707,203,25,35,1,2,-1,-1
81,46,1278,150,17,47,1,2,-1,-1
81,82,1260,150,23,53,1,1,-1,-1
81,124,1124,18,26,46,1,1,-1,-1
81,182,18,855,401,190,1,4,-1,-1
81,183,1374,117,28,57,1,1,-1,-1
81,184,21,326,46,94,1,1,-1,-1
81,185,662,220,33,51,1,10,-1,-1
81,186,90,671,412,198,1,4,-1,-1
81,247,1042,348,246,127,1,4,-1,-1
82,6,1343,416,262,126,1,4,-1,-1
82,46,1280,154,17,47,1,2,-1,-1
82,82,1262,154,23,53,1,1,-1,-1
82,124,1137,15,23,41,1,1,-1,-1
82,184,11,334,46,94,1,1,-1,-1
82,185,658,225,33,52,1,10,-1,-1
82,186,99,687,416,204,1,4,-1,-1
82,247,1027,356,249,131,1,4,-1,-1
83,6,1331,426,269,130,1,4,-1,-1
83,46,1282,158,17,47,1,2,-1,-1
83,82,1264,158,23,53,1,1,-1,-1
83,124,1127,16,23,41,1,1,-1,-1
83,185,654,230,33,52,1,10,-1,-1
83,186,108,703,421,210,1,4,-1,-1
83,247,1012,365,252,134,1,4,-1,-1
84,6,1312,439,271,132,1,4,-1,-1
84,46,1282,163,17,47,1,2,-1,-1
84,82,1261,162,23,53,1,1,-1,-1
84,124,1117,17,23,41,1,1,-1,-1
84,185,639,239,40,63,1,10,-1,-1
84,186,109,713,426,215,1,4,-1,-1
84,247,982,374,255,137,1,4,-1,-1
85,6,1263,441,272,135,1,4,-1,-1
85,124,1108,19,23,41,1,1,-1,-1
85,186,89,736,431,220,1,4,-1,-1
86,6,1214,443,273,139,1,4,-1,-1
86,65,871,389,261,144,1,4,-1,-1
87,6,1162,447,275,142,1,4,-1,-1
87,65,816,397,264,147,1,4,-1,-1
87,248,772,702,333,199,1,4,-1,-1
88,6,1111,452,277,145,1,4,-1,-1
88,65,760,404,267,151,1,4,-1,-1
88,248,759,711,335,202,1,4,-1,-1
89,6,1059,456,279,148,1,4,-1,-1
89,65,705,412,270,154,1,4,-1,-1
89,248,746,719,336,206,1,4,-1,-1
90,65,650,420,273,158,1,4,-1,-1
90,248,733,728,338,209,1,4,-1,-1
91,34,1789,491,69,92,1,2,-1,-1
91,65,596,431,276,163,1,4,-1,-1
91,248,720,737,340,212,1,4,-1,-1
91,249,966,468,284,154,1,4,-1,-1
92,34,1754,487,69,92,1,2,-1,-1
92,65,542,442,279,168,1,4,-1,-1
92,249,925,476,287,156,1,4,-1,-1
92,250,1699,513,140,75,1,10,-1,-1
93,34,1719,484,69,92,1,2,-1,-1
93,65,488,453,283,173,1,4,-1,-1
93,249,884,484,289,158,1,4,-1,-1
93,250,1665,509,140,75,1,10,-1,-1
94,34,1684,480,69,93,1,2,-1,-1
94,65,434,464,286,178,1,4,-1,-1
94,187,799,936,457,129,1,4,-1,-1
94,249,843,492,292,160,1,4,-1,-1
94,250,1631,505,140,75,1,10,-1,-1
94,251,313,159,105,77,1,4,-1,-1
94,252,1677,216,185,84,1,4,-1,-1
95,34,1649,477,69,92,1,2,-1,-1
95,125,717,755,340,212,1,4,-1,-1
95,187,799,930,464,134,1,4,-1,-1
95,249,830,516,243,134,1,4,-1,-1
95,250,1596,501,140,75,1,10,-1,-1
95,251,281,162,107,78,1,4,-1,-1
95,252,1642,213,184,85,1,4,-1,-1
96,34,1614,474,69,92,1,2,-1,-1
96,125,711,752,340,212,1,4,-1,-1
96,187,799,925,471,139,1,4,-1,-1
96,188,2,905,480,163,1,4,-1,-1
96,250,1562,497,140,75,1,10,-1,-1
96,251,249,166,109,79,1,4,-1,-1
96,252,1606,210,184,85,1,4,-1,-1
97,34,1528,493,140,75,1,10,-1,-1
97,125,705,749,340,212,1,4,-1,-1
97,126,715,513,302,169,1,4,-1,-1
97,187,799,919,478,144,1,4,-1,-1
97,188,0,912,487,157,1,4,-1,-1
97,251,213,168,114,84,1,4,-1,-1
97,252,1571,208,184,85,1,4,-1,-1
98,7,1601,268,174,112,1,5,-1,-1
98,34,1493,489,140,75,1,10,-1,-1
98,125,699,746,340,212,1,4,-1,-1
98,126,669,518,307,174,1,4,-1,-1
98,187,799,914,485,149,1,4,-1,-1
98,188,1,912,489,156,1,4,-1,-1
98,251,177,171,119,88,1,4,-1,-1
98,252,1533,205,185,85,1,4,-1,-1
99,7,1559,266,174,113,1,5,-1,-1
99,34,1459,485,140,75,1,10,-1,-1
99,125,693,743,340,212,1,4,-1,-1
99,126,623,524,313,179,1,4,-1,-1
99,187,799,909,493,154,1,4,-1,-1
99,188,2,913,492,155,1,4,-1,-1
99,253,620,71,92,55,1,4,-1,-1
100,7,1518,265,173,113,1,5,-1,-1
100,34,1425,481,140,75,1,10,-1,-1
100,125,687,740,340,212,1,4,-1,-1
100,126,577,529,318,184,1,4,-1,-1
100,188,3,913,495,154,1,4,-1,-1
100,253,590,71,93,55,1,4,-1,-1
100,254,106,176,124,94,1,4,-1,-1
101,7,1477,263,172,114,1,5,-1,-1
101,34,1439,457,70,93,1,2,-1,-1
101,125,681,737,340,212,1,4,-1,-1
101,126,531,534,323,189,1,4,-1,-1
101,188,-67,887,618,190,1,4,-1,-1
101,253,560,72,94,55,1,4,-1,-1
101,254,70,178,124,95,1,4,-1,-1
102,7,1436,262,172,115,1,5,-1,-1
102,10,1393,449,77,102,1,2,-1,-1
102,83,681,203,23,40,1,1,-1,-1
102,126,486,540,328,194,1,4,-1,-1
102,189,1586,507,185,164,1,7,-1,-1
102,190,5,914,500,152,1,4,-1,-1
102,253,530,72,95,55,1,4,-1,-1
102,254,34,181,124,95,1,4,-1,-1
103,7,1412,256,193,129,1,5,-1,-1
103,10,1392,453,70,93,1,2,-1,-1
103,83,672,201,22,43,1,1,-1,-1
103,126,425,551,397,236,1,4,-1,-1
103,189,1587,496,179,164,1,7,-1,-1
103,190,6,915,503,151,1,4,-1,-1
103,253,500,73,97,55,1,4,-1,-1
103,254,15,189,124,93,1,4,-1,-1
104,7,1407,268,172,115,1,5,-1,-1
104,10,1337,473,139,75,1,10,-1,-1
104,25,918,876,427,223,1,4,-1,-1
104,83,673,187,23,47,1,2,-1,-1
104,84,971,423,222,128,1,4,-1,-1
104,189,1589,486,173,163,1,7,-1,-1
104,190,28,909,499,157,1,4,-1,-1
104,254,13,189,124,93,1,4,-1,-1
105,5,703,717,331,212,1,4,-1,-1
105,7,1393,272,172,115,1,5,-1,-1
105,10,1328,473,139,75,1,10,-1,-1
105,25,952,846,393,221,1,4,-1,-1
105,83,672,186,23,47,1,2,-1,-1
105,84,955,429,222,128,1,4,-1,-1
105,189,1602,479,171,163,1,7,-1,-1
105,190,50,903,496,163,1,4,-1,-1
105,255,411,557,337,201,1,4,-1,-1
106,5,720,710,327,211,1,4,-1,-1
106,7,1379,275,172,115,1,5,-1,-1
106,10,1320,474,139,75,1,10,-1,-1
106,25,977,834,386,232,1,4,-1,-1
106,83,671,186,23,47,1,2,-1,-1
106,84,940,435,222,128,1,4,-1,-1
106,85,1341,123,117,65,1,4,-1,-1
106,86,1743,147,120,72,1,4,-1,-1
106,189,1615,473,169,162,1,7,-1,-1
106,190,72,898,493,168,1,4,-1,-1
106,255,386,563,340,203,1,4,-1,-1
106,256,643,187,23,65,1,1,-1,-1
107,5,737,703,322,211,1,4,-1,-1
107,7,1365,278,172,115,1,5,-1,-1
107,10,1311,475,139,75,1,10,-1,-1
107,25,1002,822,379,243,1,4,-1,-1
107,83,670,186,23,47,1,2,-1,-1
107,84,925,442,222,128,1,4,-1,-1
107,85,1342,123,117,65,1,4,-1,-1
107,86,1738,147,119,72,1,4,-1,-1
107,189,1629,467,166,161,1,7,-1,-1
107,190,107,905,455,163,1,4,-1,-1
107,255,362,569,342,206,1,4,-1,-1
107,256,642,187,23,65,1,1,-1,-1
108,5,754,696,318,210,1,4,-1,-1
108,7,1351,282,172,115,1,5,-1,-1
108,10,1303,476,139,75,1,10,-1,-1
108,25,1025,814,378,244,1,4,-1,-1
108,83,669,185,23,47,1,2,-1,-1
108,84,910,448,222,128,1,4,-1,-1
108,85,1343,124,117,65,1,4,-1,-1
108,86,1734,147,118,73,1,4,-1,-1
108,191,1328,192,176,85,1,4,-1,-1
108,255,334,577,347,211,1,4,-1,-1
108,256,641,187,23,65,1,1,-1,-1
109,5,791,724,276,185,1,4,-1,-1
109,7,1338,285,173,117,1,5,-1,-1
109,10,1339,454,70,93,1,2,-1,-1
109,25,1048,807,377,244,1,4,-1,-1
109,83,668,185,23,47,1,2,-1,-1
109,84,895,454,222,128,1,4,-1,-1
109,85,1344,125,118,65,1,4,-1,-1
109,86,1733,148,118,73,1,4,-1,-1
109,191,1323,191,176,85,1,4,-1,-1
109,192,733,137,23,37,1,3,-1,-1
109,255,306,585,352,216,1,4,-1,-1
109,256,640,187,23,65,1,1,-1,-1
110,5,789,682,309,210,1,4,-1,-1
110,7,1326,289,174,118,1,5,-1,-1
110,10,1286,479,138,75,1,10,-1,-1
110,25,1071,799,376,245,1,4,-1,-1
110,84,880,460,222,128,1,4,-1,-1
110,85,1346,126,117,65,1,4,-1,-1
110,86,1732,150,118,73,1,4,-1,-1
110,127,160,875,480,192,1,4,-1,-1
110,128,789,130,29,59,1,1,-1,-1
110,191,1318,190,176,85,1,4,-1,-1
110,192,733,138,23,38,1,3,-1,-1
110,256,639,187,23,65,1,1,-1,-1
111,5,804,679,307,208,1,4,-1,-1
111,7,1314,292,175,120,1,5,-1,-1
111,10,1321,459,70,93,1,2,-1,-1
111,25,1094,792,375,245,1,4,-1,-1
111,84,865,467,222,128,1,4,-1,-1
111,85,1347,127,117,65,1,4,-1,-1
111,86,1731,152,118,73,1,4,-1,-1
111,127,182,869,477,199,1,4,-1,-1
111,128,789,130,29,59,1,1,-1,-1
111,191,1313,190,176,85,1,4,-1,-1
111,192,733,139,23,38,1,3,-1,-1
112,5,774,628,362,245,1,4,-1,-1
112,7,1302,296,176,122,1,5,-1,-1
112,10,1270,483,135,75,1,10,-1,-1
112,25,1118,785,373,246,1,4,-1,-1
112,85,1348,128,118,65,1,4,-1,-1
112,86,1730,154,118,72,1,4,-1,-1
112,127,204,864,473,204,1,4,-1,-1
112,128,789,131,29,59,1,1,-1,-1
112,129,197,599,392,247,1,4,-1,-1
112,191,1306,191,176,86,1,4,-1,-1
112,192,732,140,23,38,1,3,-1,-1
112,257,665,184,23,47,1,2,-1,-1
112,258,1312,461,70,93,1,2,-1,-1
113,5,834,673,304,205,1,4,-1,-1
113,7,1290,299,177,124,1,5,-1,-1
113,10,1262,485,133,75,1,10,-1,-1
113,25,1143,777,369,246,1,4,-1,-1
113,85,1350,129,117,65,1,4,-1,-1
113,86,1729,156,118,72,1,4,-1,-1
113,127,226,858,470,210,1,4,-1,-1
113,128,788,131,29,59,1,1,-1,-1
113,129,191,622,368,237,1,4,-1,-1
113,130,830,467,236,144,1,4,-1,-1
113,191,1300,193,176,87,1,4,-1,-1
113,192,732,141,23,39,1,3,-1,-1
113,257,664,184,23,47,1,2,-1,-1
113,258,1303,464,70,93,1,2,-1,-1
114,5,849,670,303,204,1,4,-1,-1
114,7,1278,303,178,125,1,5,-1,-1
114,10,1254,487,131,75,1,10,-1,-1
114,25,1168,769,365,246,1,4,-1,-1
114,66,1851,122,39,29,1,10,-1,-1
114,87,1327,98,115,53,1,4,-1,-1
114,127,248,852,467,216,1,4,-1,-1
114,128,788,132,29,59,1,1,-1,-1
114,129,159,634,370,244,1,4,-1,-1
114,130,813,467,243,152,1,4,-1,-1
114,192,731,142,23,39,1,3,-1,-1
114,257,664,184,23,47,1,2,-1,-1
114,258,1294,466,70,93,1,2,-1,-1
115,5,864,667,301,202,1,4,-1,-1
115,10,1246,490,130,75,1,10,-1,-1
115,25,1194,762,360,245,1,4,-1,-1
115,66,1849,123,39,29,1,10,-1,-1
115,67,518,34,23,41,1,1,-1,-1
115,87,1328,98,115,54,1,4,-1,-1
115,88,646,205,22,47,1,1,-1,-1
115,127,271,847,463,222,1,4,-1,-1
115,128,788,133,29,59,1,1,-1,-1
115,129,128,646,371,251,1,4,-1,-1
115,130,793,475,248,153,1,4,-1,-1
115,257,660,186,24,49,1,2,-1,-1
115,258,1285,469,70,93,1,2,-1,-1
115,259,1288,93,28,48,1,1,-1,-1
116,5,856,660,359,239,1,4,-1,-1
116,10,1237,495,130,75,1,10,-1,-1
116,35,1252,311,182,131,1,5,-1,-1
116,66,1848,125,39,29,1,10,-1,-1
116,67,518,35,23,41,1,1,-1,-1
116,87,1329,98,115,55,1,4,-1,-1
116,88,643,208,22,47,1,1,-1,-1
116,127,287,850,463,218,1,4,-1,-1
116,128,787,133,29,59,1,1,-1,-1
116,129,96,659,374,258,1,4,-1,-1
116,130,774,483,253,154,1,4,-1,-1
116,131,1282,198,175,89,1,4,-1,-1
116,193,1726,161,118,72,1,4,-1,-1
116,194,1648,238,160,94,1,4,-1,-1
116,257,657,189,24,50,1,2,-1,-1
116,258,1290,499,57,76,1,2,-1,-1
116,259,1289,93,28,48,1,1,-1,-1
117,5,894,667,300,200,1,4,-1,-1
117,35,1238,316,185,134,1,5,-1,-1
117,66,1846,126,39,29,1,10,-1,-1
117,67,518,35,23,41,1,1,-1,-1
117,87,1331,99,114,54,1,4,-1,-1
117,88,639,211,22,47,1,1,-1,-1
117,129,65,671,375,265,1,4,-1,-1
117,130,754,491,258,155,1,4,-1,-1
117,131,1276,200,175,90,1,4,-1,-1
117,193,1725,163,118,72,1,4,-1,-1
117,194,1643,242,160,94,1,4,-1,-1
117,259,1290,93,28,48,1,1,-1,-1
118,5,909,669,300,200,1,4,-1,-1
118,35,1224,321,188,138,1,5,-1,-1
118,66,1845,128,39,29,1,10,-1,-1
118,67,518,36,23,41,1,1,-1,-1
118,87,1332,99,114,55,1,4,-1,-1
118,88,636,214,22,47,1,1,-1,-1
118,129,33,683,377,272,1,4,-1,-1
118,130,735,500,263,155,1,4,-1,-1
118,131,1276,204,171,89,1,4,-1,-1
118,132,1220,506,130,75,1,10,-1,-1
118,193,1725,165,118,72,1,4,-1,-1
118,194,1638,246,160,94,1,4,-1,-1
118,259,1291,94,28,48,1,1,-1,-1
119,5,924,672,300,200,1,4,-1,-1
119,35,1210,326,191,141,1,5,-1,-1
119,66,1843,131,39,29,1,10,-1,-1
119,67,518,37,23,41,1,1,-1,-1
119,87,1333,99,114,56,1,4,-1,-1
119,88,633,217,22,47,1,1,-1,-1
119,130,714,510,269,161,1,4,-1,-1
119,131,1277,209,167,87,1,4,-1,-1
119,132,1245,491,70,93,1,2,-1,-1
119,133,647,196,25,57,1,2,-1,-1
119,134,729,147,23,41,1,3,-1,-1
119,193,1726,167,118,72,1,4,-1,-1
119,194,1631,253,163,93,1,4,-1,-1
119,259,1292,97,28,48,1,1,-1,-1
120,5,911,641,353,236,1,4,-1,-1
120,35,1196,331,194,145,1,5,-1,-1
120,66,1842,134,39,29,1,10,-1,-1
120,67,517,37,23,41,1,1,-1,-1
120,87,1334,100,114,56,1,4,-1,-1
120,88,629,219,22,47,1,1,-1,-1
120,131,1270,214,171,88,1,4,-1,-1
120,132,1203,517,131,76,1,10,-1,-1
120,133,643,199,26,58,1,2,-1,-1
120,134,729,148,23,41,1,3,-1,-1
120,193,1727,170,118,72,1,4,-1,-1
120,194,1615,251,208,115,1,4,-1,-1
121,5,955,677,300,200,1,4,-1,-1
121,35,1184,341,196,145,1,5,-1,-1
121,66,1851,121,22,36,1,2,-1,-1
121,67,517,38,23,41,1,1,-1,-1
121,87,1335,100,114,57,1,4,-1,-1
121,88,626,222,22,47,1,1,-1,-1
121,131,1263,219,175,90,1,4,-1,-1
121,132,1227,504,70,94,1,2,-1,-1
121,133,640,201,26,61,1,2,-1,-1
121,134,728,149,23,42,1,3,-1,-1
121,135,786,136,29,59,1,1,-1,-1
121,193,1729,173,118,72,1,4,-1,-1
121,194,1570,233,240,129,1,4,-1,-1
122,5,969,670,299,199,1,4,-1,-1
122,35,1173,351,197,145,1,5,-1,-1
122,66,1850,124,22,36,1,2,-1,-1
122,67,517,39,23,41,1,1,-1,-1
122,88,622,225,22,47,1,1,-1,-1
122,131,1280,221,151,89,1,4,-1,-1
122,132,1218,511,70,96,1,2,-1,-1
122,133,636,204,27,62,1,2,-1,-1
122,134,728,150,23,42,1,3,-1,-1
122,135,785,136,29,59,1,1,-1,-1
122,136,1429,200,79,63,1,10,-1,-1
123,5,985,682,300,200,1,4,-1,-1
123,35,1161,361,199,145,1,5,-1,-1
123,67,517,39,23,41,1,1,-1,-1
123,132,1210,519,69,97,1,2,-1,-1
123,133,633,206,27,65,1,2,-1,-1
123,134,728,151,23,42,1,3,-1,-1
123,135,785,137,29,59,1,1,-1,-1
123,136,1425,204,79,63,1,10,-1,-1
124,35,1150,371,200,145,1,5,-1,-1
124,47,1451,198,32,51,1,2,-1,-1
124,132,1201,526,69,98,1,2,-1,-1
124,133,630,209,27,66,1,2,-1,-1
124,134,727,152,23,43,1,3,-1,-1
124,135,785,138,29,59,1,1,-1,-1
124,136,1421,209,79,63,1,10,-1,-1
125,35,1134,379,205,148,1,5,-1,-1
125,47,1446,202,32,51,1,2,-1,-1
125,133,626,211,28,69,1,2,-1,-1
125,134,727,153,23,43,1,3,-1,-1
125,135,784,139,29,60,1,1,-1,-1
125,136,1417,213,79,64,1,10,-1,-1
125,137,1606,289,173,102,1,4,-1,-1
126,35,1119,388,210,151,1,5,-1,-1
126,36,474,87,97,64,1,4,-1,-1
126,47,1441,205,32,51,1,2,-1,-1
126,135,783,141,29,61,1,1,-1,-1
126,136,1413,218,79,64,1,10,-1,-1
126,137,1603,295,174,104,1,4,-1,-1
126,195,517,41,23,41,1,1,-1,-1
126,196,1184,541,69,101,1,2,-1,-1
127,16,1128,572,131,76,1,10,-1,-1
127,36,473,87,97,65,1,4,-1,-1
127,47,1435,208,33,51,1,2,-1,-1
127,135,783,143,29,62,1,1,-1,-1
127,136,1419,218,77,62,1,10,-1,-1
127,137,1600,300,175,107,1,4,-1,-1
127,195,517,42,23,41,1,1,-1,-1
127,196,1170,551,69,102,1,2,-1,-1
128,16,1120,588,131,76,1,10,-1,-1
128,36,472,88,97,65,1,4,-1,-1
128,47,1430,212,33,51,1,2,-1,-1
128,136,1406,226,79,64,1,10,-1,-1
128,137,1597,306,176,109,1,4,-1,-1
128,195,517,43,23,41,1,1,-1,-1
128,196,1157,561,68,103,1,2,-1,-1
129,16,1112,604,131,76,1,10,-1,-1
129,36,470,89,97,65,1,4,-1,-1
129,47,1425,215,33,51,1,2,-1,-1
129,137,1595,312,176,112,1,4,-1,-1
129,195,517,43,23,41,1,1,-1,-1
129,196,1144,571,67,104,1,2,-1,-1
130,16,1104,620,131,76,1,10,-1,-1
130,36,469,89,97,66,1,4,-1,-1
130,37,1847,167,40,29,1,10,-1,-1
130,47,1420,219,33,51,1,2,-1,-1
130,137,1591,317,179,117,1,4,-1,-1
130,195,517,44,23,41,1,1,-1,-1
130,196,1131,582,67,104,1,2,-1,-1
131,16,1093,633,131,79,1,10,-1,-1
131,36,468,90,97,66,1,4,-1,-1
131,37,1858,153,22,36,1,2,-1,-1
131,47,1417,221,33,51,1,2,-1,-1
131,68,1396,235,78,64,1,10,-1,-1
131,89,414,680,356,234,1,4,-1,-1
131,137,1588,323,182,122,1,4,-1,-1
131,195,517,45,23,41,1,1,-1,-1
131,196,1121,595,67,105,1,2,-1,-1
132,16,1082,647,131,81,1,10,-1,-1
132,36,467,90,97,67,1,4,-1,-1
132,37,1859,156,22,36,1,2,-1,-1
132,47,1414,223,33,51,1,2,-1,-1
132,68,1434,233,33,52,1,2,-1,-1
132,89,380,699,367,241,1,4,-1,-1
133,16,1071,661,131,83,1,10,-1,-1
133,36,466,91,97,67,1,4,-1,-1
133,37,1860,159,22,36,1,2,-1,-1
133,47,1412,225,33,52,1,2,-1,-1
133,48,576,253,20,57,1,1,-1,-1
133,49,780,155,29,67,1,1,-1,-1
133,68,1435,222,34,45,1,2,-1,-1
133,89,346,718,379,248,1,4,-1,-1
133,138,515,47,23,41,1,1,-1,-1
134,16,1060,675,131,85,1,10,-1,-1
134,36,465,92,97,67,1,4,-1,-1
134,37,1861,162,22,36,1,2,-1,-1
134,48,571,267,22,50,1,1,-1,-1
134,49,779,157,29,68,1,1,-1,-1
134,68,1430,225,34,45,1,2,-1,-1
134,89,300,743,392,239,1,4,-1,-1
134,138,513,48,23,41,1,1,-1,-1
135,16,1049,688,131,88,1,10,-1,-1
135,36,464,100,118,83,1,4,-1,-1
135,37,1862,165,22,36,1,2,-1,-1
135,48,571,287,24,54,1,1,-1,-1
135,49,779,159,29,69,1,1,-1,-1
135,68,1425,228,34,45,1,2,-1,-1
135,89,255,769,405,230,1,4,-1,-1
135,138,512,50,23,41,1,1,-1,-1
136,16,1038,702,131,90,1,10,-1,-1
136,36,463,93,97,68,1,4,-1,-1
136,37,1860,167,22,36,1,2,-1,-1
136,48,569,261,24,64,1,2,-1,-1
136,49,778,161,29,70,1,1,-1,-1
136,68,1420,231,34,45,1,2,-1,-1
136,89,209,794,418,221,1,4,-1,-1
136,90,1404,232,33,52,1,2,-1,-1
136,91,1859,182,33,24,1,10,-1,-1
136,138,512,52,23,41,1,1,-1,-1
136,139,1398,159,119,67,1,4,-1,-1
137,16,1066,677,67,111,1,2,-1,-1
137,37,1859,169,22,36,1,2,-1,-1
137,48,571,256,29,77,1,2,-1,-1
137,49,778,163,29,71,1,1,-1,-1
137,68,1415,235,34,46,1,2,-1,-1
137,89,164,820,431,212,1,4,-1,-1
137,90,1398,237,33,52,1,2,-1,-1
137,91,1848,187,40,29,1,10,-1,-1
137,138,512,54,23,41,1,1,-1,-1
137,139,1398,161,120,67,1,4,-1,-1
137,140,1571,369,194,140,1,4,-1,-1
138,16,1057,691,67,112,1,2,-1,-1
138,37,1858,171,22,36,1,2,-1,-1
138,48,566,260,29,77,1,2,-1,-1
138,49,773,166,29,71,1,1,-1,-1
138,68,1411,240,34,46,1,2,-1,-1
138,89,118,845,444,203,1,4,-1,-1
138,90,1392,242,33,52,1,2,-1,-1
138,91,1846,190,40,29,1,10,-1,-1
138,138,508,57,23,41,1,1,-1,-1
138,139,1398,163,121,67,1,4,-1,-1
138,140,1570,381,194,140,1,4,-1,-1
138,197,456,96,97,69,1,4,-1,-1
139,16,1040,711,67,112,1,2,-1,-1
139,37,1857,173,22,36,1,2,-1,-1
139,48,561,265,29,77,1,2,-1,-1
139,49,768,169,29,71,1,1,-1,-1
139,68,1402,229,34,46,1,2,-1,-1
139,90,1386,247,33,52,1,2,-1,-1
139,91,1845,193,40,29,1,10,-1,-1
139,138,504,60,23,41,1,1,-1,-1
139,139,1398,165,122,67,1,4,-1,-1
139,140,1563,391,197,141,1,4,-1,-1
139,197,451,98,97,69,1,4,-1,-1
140,16,1054,750,57,96,1,2,-1,-1
140,37,1855,175,23,36,1,2,-1,-1
140,48,551,271,30,77,1,2,-1,-1
140,49,763,172,29,71,1,1,-1,-1
140,90,1381,253,33,52,1,2,-1,-1
140,91,1843,196,40,29,1,10,-1,-1
140,139,1399,168,121,66,1,4,-1,-1
140,140,1557,401,199,142,1,4,-1,-1
140,197,446,100,97,69,1,4,-1,-1
141,48,541,277,31,77,1,2,-1,-1
141,49,758,175,29,71,1,1,-1,-1
141,90,1376,256,33,52,1,2,-1,-1
141,91,1842,199,40,29,1,10,-1,-1
141,139,1399,170,122,66,1,4,-1,-1
141,140,1550,411,202,144,1,4,-1,-1
141,197,441,102,97,69,1,4,-1,-1
141,260,966,788,139,92,1,10,-1,-1
142,3,1328,762,301,233,1,4,-1,-1
142,48,531,283,32,77,1,2,-1,-1
142,49,754,179,29,71,1,1,-1,-1
142,90,1392,257,34,46,1,2,-1,-1
142,91,1840,202,40,29,1,10,-1,-1
142,139,1399,172,123,66,1,4,-1,-1
142,140,1558,424,171,122,1,4,-1,-1
142,197,436,104,97,69,1,4,-1,-1
142,260,949,807,142,92,1,10,-1,-1
142,261,1853,179,23,36,1,2,-1,-1
143,3,1350,767,302,235,1,4,-1,-1
143,90,1387,260,34,46,1,2,-1,-1
143,91,1839,205,40,29,1,10,-1,-1
143,140,1538,432,206,146,1,4,-1,-1
143,197,431,106,97,69,1,4,-1,-1
143,260,932,826,145,92,1,10,-1,-1
143,261,1852,182,23,36,1,2,-1,-1
143,262,497,286,23,65,1,1,-1,-1
144,3,1371,772,303,237,1,4,-1,-1
144,69,1400,177,124,66,1,4,-1,-1
144,141,692,187,27,46,1,3,-1,-1
144,142,952,799,59,101,1,2,-1,-1
144,260,915,846,148,91,1,10,-1,-1
144,261,1851,188,23,36,1,2,-1,-1
144,262,489,291,23,66,1,1,-1,-1
145,3,1393,777,304,239,1,4,-1,-1
145,69,1398,179,124,66,1,4,-1,-1
145,141,688,190,28,46,1,3,-1,-1
145,142,943,832,65,114,1,2,-1,-1
145,198,1330,292,79,64,1,10,-1,-1
145,260,899,865,150,90,1,10,-1,-1
145,261,1851,194,23,36,1,2,-1,-1
145,262,482,296,22,67,1,1,-1,-1
146,3,1414,782,305,241,1,4,-1,-1
146,69,1396,181,124,66,1,4,-1,-1
146,141,685,192,28,47,1,3,-1,-1
146,142,927,852,65,114,1,2,-1,-1
146,198,1326,296,79,64,1,10,-1,-1
146,261,1851,200,23,36,1,2,-1,-1
146,262,474,301,23,68,1,1,-1,-1
147,3,1436,787,306,243,1,4,-1,-1
147,69,1394,183,124,66,1,4,-1,-1
147,141,681,195,29,46,1,3,-1,-1
147,142,910,873,65,114,1,2,-1,-1
147,143,1713,253,148,95,1,4,-1,-1
147,198,1322,301,79,64,1,10,-1,-1
147,262,475,333,22,61,1,1,-1,-1
148,3,1458,792,307,245,1,4,-1,-1
148,69,1393,189,115,61,1,4,-1,-1
148,141,678,198,29,46,1,3,-1,-1
148,142,894,893,65,114,1,2,-1,-1
148,143,1701,256,148,97,1,4,-1,-1
148,198,1318,306,79,64,1,10,-1,-1
149,3,1469,792,307,245,1,4,-1,-1
149,69,1390,187,124,66,1,4,-1,-1
149,141,675,201,29,46,1,3,-1,-1
149,142,878,913,64,115,1,2,-1,-1
149,143,1689,259,147,99,1,4,-1,-1
149,198,1302,310,81,64,1,10,-1,-1
149,199,1507,494,226,168,1,4,-1,-1
150,3,1480,793,307,245,1,4,-1,-1
150,69,1388,189,124,66,1,4,-1,-1
150,141,660,203,29,46,1,3,-1,-1
150,142,862,933,64,115,1,2,-1,-1
150,143,1677,262,147,101,1,4,-1,-1
150,198,1286,289,100,77,1,10,-1,-1
150,199,1492,502,229,173,1,4,-1,-1
151,3,1481,785,341,272,1,4,-1,-1
151,17,362,124,100,70,1,4,-1,-1
151,69,1370,204,124,66,1,4,-1,-1
151,70,981,316,280,122,1,4,-1,-1
151,143,1665,265,147,103,1,4,-1,-1
151,199,1477,510,232,178,1,4,-1,-1
152,3,1502,794,307,245,1,4,-1,-1
152,17,344,127,101,70,1,4,-1,-1
152,69,1373,190,124,70,1,4,-1,-1
152,70,946,331,236,103,1,4,-1,-1
152,143,1653,268,146,105,1,4,-1,-1
152,199,1462,518,234,183,1,4,-1,-1
152,200,382,340,22,70,1,1,-1,-1
153,3,1513,795,307,245,1,4,-1,-1
153,17,326,129,102,70,1,4,-1,-1
153,70,921,335,236,103,1,4,-1,-1
153,143,1641,271,146,107,1,4,-1,-1
153,199,1447,526,237,188,1,4,-1,-1
153,200,373,350,35,82,1,2,-1,-1
153,263,1865,205,25,35,1,2,-1,-1
154,3,1525,796,307,245,1,4,-1,-1
154,17,290,114,128,87,1,4,-1,-1
154,70,908,339,236,104,1,4,-1,-1
154,199,1433,534,239,194,1,4,-1,-1
154,200,361,358,35,82,1,2,-1,-1
154,263,1863,208,25,35,1,2,-1,-1
155,3,1547,798,298,245,1,4,-1,-1
155,17,304,134,103,70,1,4,-1,-1
155,70,896,343,235,105,1,4,-1,-1
155,200,349,366,35,82,1,2,-1,-1
155,263,1861,212,25,35,1,2,-1,-1
155,264,1209,336,90,64,1,10,-1,-1
155,265,1334,189,124,82,1,4,-1,-1
156,3,1570,801,289,245,1,4,-1,-1
156,17,299,136,103,70,1,4,-1,-1
156,70,884,348,234,106,1,4,-1,-1
156,200,338,374,35,82,1,2,-1,-1
156,263,1859,215,25,35,1,2,-1,-1
156,264,1193,340,92,64,1,10,-1,-1
156,265,1335,191,124,82,1,4,-1,-1
157,3,1592,804,281,245,1,4,-1,-1
157,17,294,138,103,70,1,4,-1,-1
157,70,873,352,238,106,1,4,-1,-1
157,200,335,381,35,81,1,2,-1,-1
157,263,1857,219,25,35,1,2,-1,-1
157,264,1178,345,94,64,1,10,-1,-1
157,265,1337,194,124,82,1,4,-1,-1
158,3,1615,807,272,245,1,4,-1,-1
158,17,289,141,103,70,1,4,-1,-1
158,70,862,356,242,106,1,4,-1,-1
158,92,378,88,22,49,1,1,-1,-1
158,144,299,372,22,70,1,1,-1,-1
158,201,1203,336,31,61,1,2,-1,-1
158,264,1170,350,94,64,1,10,-1,-1
158,265,1339,197,124,82,1,4,-1,-1
159,3,1638,810,263,245,1,4,-1,-1
159,17,266,138,129,86,1,4,-1,-1
159,70,851,361,246,105,1,4,-1,-1
159,92,376,90,22,49,1,1,-1,-1
159,93,1224,326,33,55,1,2,-1,-1
159,144,289,377,23,70,1,1,-1,-1
159,201,1197,340,31,61,1,2,-1,-1
159,202,577,228,32,47,1,3,-1,-1
159,203,1854,226,25,35,1,2,-1,-1
159,264,1162,355,94,64,1,10,-1,-1
159,265,1340,199,124,82,1,4,-1,-1
160,3,1662,808,239,249,1,4,-1,-1
160,17,283,146,107,70,1,4,-1,-1
160,71,1754,273,41,29,1,10,-1,-1
160,92,375,92,22,49,1,1,-1,-1
160,93,1219,329,33,55,1,2,-1,-1
160,144,279,383,24,69,1,1,-1,-1
160,201,1191,344,31,61,1,2,-1,-1
160,202,575,231,33,47,1,3,-1,-1
160,203,1854,229,25,35,1,2,-1,-1
161,3,1686,807,215,252,1,4,-1,-1
161,17,280,149,109,70,1,4,-1,-1
161,71,1755,278,40,29,1,10,-1,-1
161,72,830,370,254,104,1,4,-1,-1
161,92,371,93,22,49,1,1,-1,-1
161,93,1207,333,33,55,1,2,-1,-1
161,144,269,388,25,70,1,1,-1,-1
161,201,1179,347,30,61,1,2,-1,-1
161,202,573,234,34,46,1,3,-1,-1
161,203,1854,232,25,35,1,2,-1,-1
161,204,1125,336,40,70,1,1,-1,-1
162,17,277,152,112,70,1,4,-1,-1
162,71,1755,282,41,29,1,10,-1,-1
162,72,816,370,254,106,1,4,-1,-1
162,92,367,95,22,49,1,1,-1,-1
162,93,1195,337,33,55,1,2,-1,-1
162,144,259,394,26,69,1,1,-1,-1
162,201,1167,351,30,61,1,2,-1,-1
162,202,571,237,35,46,1,3,-1,-1
162,203,1854,235,25,35,1,2,-1,-1
162,204,1123,337,40,70,1,1,-1,-1
162,266,206,50,29,48,1,1,-1,-1
163,17,262,153,111,71,1,4,-1,-1
163,71,1756,287,41,29,1,10,-1,-1
163,72,802,371,254,108,1,4,-1,-1
163,92,364,96,22,49,1,1,-1,-1
163,93,1183,341,33,55,1,2,-1,-1
163,144,249,399,27,69,1,1,-1,-1
163,145,836,335,27,48,1,2,-1,-1
163,201,1155,354,30,61,1,2,-1,-1
163,202,569,240,36,46,1,3,-1,-1
163,203,1854,238,25,35,1,2,-1,-1
163,204,1122,339,40,70,1,1,-1,-1
163,266,205,52,29,48,1,1,-1,-1
164,17,247,155,111,72,1,4,-1,-1
164,71,1749,290,41,29,1,10,-1,-1
164,72,788,371,255,111,1,4,-1,-1
164,92,360,98,22,49,1,1,-1,-1
164,93,1171,345,33,55,1,2,-1,-1
164,144,240,405,28,69,1,1,-1,-1
164,145,830,338,27,48,1,2,-1,-1
164,202,559,242,36,46,1,3,-1,-1
164,203,1855,242,25,35,1,2,-1,-1
164,204,1120,340,40,71,1,1,-1,-1
164,266,203,54,29,48,1,1,-1,-1
165,71,1742,293,41,29,1,10,-1,-1
165,72,774,372,255,113,1,4,-1,-1
165,92,357,100,22,49,1,1,-1,-1
165,93,1159,349,33,55,1,2,-1,-1
165,145,824,342,27,47,1,2,-1,-1
165,204,1119,342,40,71,1,1,-1,-1
165,266,202,56,29,48,1,1,-1,-1
166,71,1726,293,41,29,1,10,-1,-1
166,72,761,373,255,115,1,4,-1,-1
166,93,1147,353,33,55,1,2,-1,-1
166,94,1393,670,272,255,1,4,-1,-1
166,145,811,343,27,47,1,2,-1,-1
166,204,1139,340,30,62,1,2,-1,-1
166,266,206,54,25,42,1,1,-1,-1
167,20,1752,275,153,115,1,4,-1,-1
167,71,1711,293,41,29,1,10,-1,-1
167,72,737,376,255,115,1,4,-1,-1
167,94,1373,676,273,259,1,4,-1,-1
167,145,798,344,27,47,1,2,-1,-1
168,20,1741,276,143,107,1,4,-1,-1
168,26,1300,210,142,88,1,4,-1,-1
168,71,1692,295,41,29,1,10,-1,-1
168,72,714,379,255,115,1,4,-1,-1
168,94,1353,682,275,264,1,4,-1,-1
168,145,785,345,28,47,1,2,-1,-1
168,146,187,161,110,76,1,4,-1,-1
169,20,1724,277,143,107,1,4,-1,-1
169,26,1284,208,148,91,1,4,-1,-1
169,72,690,382,255,115,1,4,-1,-1
169,94,1333,688,277,269,1,4,-1,-1
169,145,790,361,34,43,1,1,-1,-1
169,146,172,162,109,78,1,4,-1,-1
170,20,1707,278,143,107,1,4,-1,-1
170,26,1269,207,148,91,1,4,-1,-1
170,27,1740,268,41,23,1,10,-1,-1
170,94,1313,694,279,274,1,4,-1,-1
170,95,763,350,35,61,1,2,-1,-1
170,146,157,164,109,78,1,4,-1,-1
171,20,1690,279,143,107,1,4,-1,-1
171,26,1254,206,148,91,1,4,-1,-1
171,27,1720,268,41,23,1,10,-1,-1
171,94,1293,700,281,279,1,4,-1,-1
171,95,765,346,41,52,1,1,-1,-1
171,146,142,165,109,80,1,4,-1,-1
171,205,1731,246,23,35,1,2,-1,-1
171,267,1218,172,134,67,1,4,-1,-1
172,20,1673,280,143,107,1,4,-1,-1
172,26,1239,205,148,91,1,4,-1,-1
172,27,1712,268,41,23,1,10,-1,-1
172,94,1288,709,281,282,1,4,-1,-1
172,95,754,346,41,52,1,1,-1,-1
172,146,127,167,109,81,1,4,-1,-1
172,147,52,474,23,64,1,1,-1,-1
172,148,71,63,29,48,1,1,-1,-1
172,149,1626,271,23,35,1,2,-1,-1
172,205,1723,246,23,35,1,2,-1,-1
172,267,1204,171,134,67,1,4,-1,-1
173,20,1656,281,143,107,1,4,-1,-1
173,26,1239,205,148,91,1,4,-1,-1
173,27,1704,269,41,23,1,10,-1,-1
173,94,1283,718,281,285,1,4,-1,-1
173,95,751,346,41,52,1,1,-1,-1
173,146,124,166,112,81,1,4,-1,-1
173,147,44,459,28,70,1,1,-1,-1
173,148,71,63,29,48,1,1,-1,-1
173,149,1623,272,23,35,1,2,-1,-1
173,205,1716,246,23,35,1,2,-1,-1
173,267,1204,171,134,67,1,4,-1,-1
173,268,503,259,35,77,1,1,-1,-1
174,20,1649,283,146,109,1,4,-1,-1
174,26,1231,209,159,98,1,4,-1,-1
174,27,1696,270,41,23,1,10,-1,-1
174,95,748,346,41,52,1,1,-1,-1
174,96,1035,340,40,78,1,1,-1,-1
174,97,1519,525,202,171,1,4,-1,-1
174,146,122,166,114,81,1,4,-1,-1
174,147,35,461,28,70,1,1,-1,-1
174,148,71,63,29,48,1,1,-1,-1
174,149,1619,272,23,35,1,2,-1,-1
174,205,1709,246,23,35,1,2,-1,-1
174,206,1424,340,175,114,1,4,-1,-1
174,267,1204,171,134,67,1,4,-1,-1
174,268,508,254,35,76,1,1,-1,-1
174,269,36,482,23,64,1,1,-1,-1
175,20,1642,285,149,111,1,4,-1,-1
175,26,1239,205,148,91,1,4,-1,-1
175,27,1695,272,41,23,1,10,-1,-1
175,95,745,347,41,52,1,1,-1,-1
175,96,1033,340,40,80,1,1,-1,-1
175,97,1514,529,203,173,1,4,-1,-1
175,147,26,462,28,70,1,1,-1,-1
175,148,71,63,29,48,1,1,-1,-1
175,149,1615,274,23,35,1,2,-1,-1
175,205,1707,247,23,35,1,2,-1,-1
175,206,1417,342,175,115,1,4,-1,-1
175,267,1204,171,134,67,1,4,-1,-1
175,268,501,257,35,76,1,1,-1,-1
175,269,28,486,23,64,1,1,-1,-1
175,270,1274,736,281,292,1,4,-1,-1
176,20,1650,280,135,100,1,4,-1,-1
176,26,1228,205,147,90,1,4,-1,-1
176,27,1694,275,41,23,1,10,-1,-1
176,95,733,352,35,60,1,2,-1,-1
176,96,1032,338,40,82,1,1,-1,-1
176,97,1531,535,177,153,1,4,-1,-1
176,147,18,464,28,70,1,1,-1,-1
176,148,71,63,29,48,1,1,-1,-1
176,149,1612,276,23,35,1,2,-1,-1
176,205,1706,249,23,35,1,2,-1,-1
176,206,1410,345,175,116,1,4,-1,-1
176,207,118,166,118,80,1,4,-1,-1
176,268,500,257,35,76,1,1,-1,-1
176,269,21,491,23,64,1,1,-1,-1
176,270,1269,745,282,296,1,4,-1,-1
177,20,1631,290,152,113,1,4,-1,-1
177,26,1239,205,148,91,1,4,-1,-1
177,27,1700,285,42,24,1,10,-1,-1
177,95,732,352,35,60,1,2,-1,-1
177,96,1032,337,40,83,1,1,-1,-1
177,97,1505,537,202,178,1,4,-1,-1
177,147,6,467,28,70,1,1,-1,-1
177,148,61,59,30,49,1,1,-1,-1
177,149,1609,279,23,35,1,2,-1,-1
177,206,1403,347,175,117,1,4,-1,-1
177,207,116,166,120,80,1,4,-1,-1
177,268,500,257,35,76,1,1,-1,-1
177,269,14,491,23,64,1,1,-1,-1
177,270,1264,754,282,299,1,4,-1,-1
178,20,1628,293,152,113,1,4,-1,-1
178,26,1239,205,148,91,1,4,-1,-1
178,27,1692,281,41,23,1,10,-1,-1
178,96,1031,343,38,77,1,1,-1,-1
178,97,1501,542,202,180,1,4,-1,-1
178,147,3,467,24,70,1,1,-1,-1
178,148,71,63,29,48,1,1,-1,-1
178,149,1606,282,23,35,1,2,-1,-1
178,206,1396,350,175,118,1,4,-1,-1
178,207,114,166,122,80,1,4,-1,-1
178,269,7,492,23,64,1,1,-1,-1
178,270,1260,763,282,303,1,4,-1,-1
179,20,1625,297,151,112,1,4,-1,-1
179,26,1239,205,148,91,1,4,-1,-1
179,27,1691,284,41,23,1,10,-1,-1
179,96,1031,345,38,75,1,1,-1,-1
179,97,1497,546,201,182,1,4,-1,-1
179,206,1389,352,175,119,1,4,-1,-1
179,207,112,166,124,79,1,4,-1,-1
179,270,1255,770,282,297,1,4,-1,-1
180,27,1689,286,41,23,1,10,-1,-1
180,96,1031,347,38,73,1,1,-1,-1
180,97,1493,550,200,185,1,4,-1,-1
180,207,110,166,126,79,1,4,-1,-1
181,27,1688,288,40,23,1,10,-1,-1
181,96,1031,349,38,71,1,1,-1,-1
181,97,1489,555,200,187,1,4,-1,-1
181,207,122,138,141,87,1,4,-1,-1
