1,-1,816,1265,59,137,1,1,-1,0
1,-1,1116,259,213,150,1,4,-1,0
1,-1,2274,355,345,138,1,4,-1,1
2,-1,821,1261,62,140,1,1,-1,0
3,-1,1179,293,251,173,1,4,-1,0
3,-1,2132,309,314,128,1,4,-1,1
4,-1,830,1312,83,149,1,1,-1,0
6,-1,1314,592,309,206,1,4,-1,0
8,-1,1430,757,353,227,1,4,-1,0
8,-1,1821,546,235,108,1,4,-1,1
9,-1,327,277,53,65,1,4,-1,0
9,-1,1493,788,377,245,1,4,-1,0
9,-1,1776,546,219,103,1,4,-1,1
10,-1,1731,547,203,98,1,4,-1,1
11,-1,336,290,51,50,1,4,-1,0
11,-1,1686,535,199,97,1,4,-1,1
12,-1,1736,904,490,322,1,4,-1,0
13,-1,346,304,49,34,1,4,-1,0
13,-1,1597,513,190,93,1,4,-1,1
14,-1,2431,654,255,147,1,4,-1,1
15,-1,1525,491,178,91,1,4,-1,1
15,-1,2333,625,314,146,1,4,-1,1
16,-1,357,300,57,45,1,4,-1,0
16,-1,1489,481,173,89,1,4,-1,1
17,-1,361,303,58,44,1,4,-1,0
17,-1,1461,472,166,87,1,4,-1,1
19,-1,370,309,61,43,1,4,-1,0
20,-1,1380,446,144,83,1,4,-1,1
20,-1,1912,537,233,103,1,4,-1,1
21,-1,1846,523,221,105,1,4,-1,1
22,-1,1322,431,136,81,1,4,-1,1
23,-1,389,321,65,41,1,4,-1,0
23,-1,1291,424,135,81,1,4,-1,1
23,-1,1733,492,196,101,1,4,-1,1
24,-1,227,269,36,29,1,4,-1,0
24,-1,395,324,66,43,1,4,-1,0
24,-1,1268,426,134,68,1,4,-1,1
25,-1,228,270,36,29,1,4,-1,0
25,-1,401,327,67,45,1,4,-1,0
25,-1,420,293,55,37,1,4,-1,0
25,-1,1246,420,138,72,1,4,-1,1
25,-1,1631,469,185,95,1,4,-1,1
26,-1,229,270,36,29,1,4,-1,0
26,-1,407,330,69,47,1,4,-1,0
26,-1,425,295,54,37,1,4,-1,0
26,-1,1585,459,176,89,1,4,-1,1
27,-1,430,297,53,36,1,4,-1,0
27,-1,1204,408,134,74,1,4,-1,1
28,-1,231,271,36,29,1,4,-1,0
28,-1,1184,402,125,71,1,4,-1,1
29,-1,437,303,52,37,1,4,-1,0
30,-1,232,271,37,29,1,4,-1,0
30,-1,445,301,53,36,1,4,-1,0
31,-1,438,346,83,59,1,4,-1,0
31,-1,451,323,52,37,1,4,-1,0
31,-1,1129,390,119,65,1,4,-1,1
31,-1,1395,424,134,65,1,4,-1,1
32,-1,237,311,36,28,1,4,-1,0
32,-1,449,379,84,60,1,4,-1,0
32,-1,457,345,52,38,1,4,-1,0
32,-1,1350,437,146,65,1,4,-1,1
33,-1,463,368,52,39,1,4,-1,0
33,-1,1089,440,112,62,1,4,-1,1
34,-1,241,347,36,28,1,4,-1,0
34,-1,469,385,52,40,1,4,-1,0
34,-1,1059,466,122,65,1,4,-1,1
35,-1,475,402,52,41,1,4,-1,0
36,-1,489,459,90,64,1,4,-1,0
37,-1,500,466,91,65,1,4,-1,0
37,-1,1033,459,96,61,1,4,-1,1
38,-1,1190,464,111,60,1,4,-1,1
39,-1,494,415,60,44,1,4,-1,0
39,-1,524,481,96,69,1,4,-1,0
39,-1,1005,454,92,57,1,4,-1,1
39,-1,1165,458,108,60,1,4,-1,1
40,-1,247,369,37,28,1,4,-1,0
40,-1,501,418,61,45,1,4,-1,0
40,-1,991,451,91,55,1,4,-1,1
40,-1,1145,454,102,60,1,4,-1,1
41,-1,248,370,37,28,1,4,-1,0
41,-1,507,421,64,46,1,4,-1,0
41,-1,977,447,89,53,1,4,-1,1
42,-1,514,424,65,47,1,4,-1,0
42,-1,566,503,104,81,1,4,-1,0
42,-1,1104,447,95,59,1,4,-1,1
43,-1,250,371,38,29,1,4,-1,0
43,-1,580,510,107,85,1,4,-1,0
43,-1,950,441,89,49,1,4,-1,1
43,-1,1080,444,96,54,1,4,-1,1
44,-1,527,430,69,48,1,4,-1,0
44,-1,1062,440,91,53,1,4,-1,1
46,-1,540,436,73,50,1,4,-1,0
46,-1,634,545,118,95,1,4,-1,0
46,-1,916,432,83,47,1,4,-1,1
47,-1,254,373,40,30,1,4,-1,0
47,-1,546,439,75,51,1,4,-1,0
47,-1,654,559,122,98,1,4,-1,0
47,-1,906,430,82,47,1,4,-1,1
48,-1,255,373,41,31,1,4,-1,0
48,-1,994,427,83,47,1,4,-1,0
49,-1,562,445,80,54,1,4,-1,0
49,-1,696,586,148,111,1,4,-1,0
49,-1,886,425,80,48,1,4,-1,1
49,-1,979,422,80,48,1,4,-1,0
50,-1,257,375,42,31,1,4,-1,0
50,-1,571,448,83,56,1,4,-1,0
50,-1,876,422,79,49,1,4,-1,1
51,-1,258,376,42,31,1,4,-1,0
51,-1,581,452,85,57,1,4,-1,0
52,-1,259,377,43,31,1,4,-1,0
52,-1,769,635,189,137,1,4,-1,0
52,-1,857,418,75,48,1,4,-1,1
53,-1,604,462,90,61,1,4,-1,0
53,-1,800,657,204,151,1,4,-1,0
54,-1,616,468,92,62,1,4,-1,0
54,-1,831,679,219,165,1,4,-1,0
55,-1,263,380,44,32,1,4,-1,0
55,-1,898,401,62,55,1,4,-1,0
56,-1,264,381,45,32,1,4,-1,0
56,-1,639,478,97,67,1,4,-1,0
56,-1,815,411,75,50,1,4,-1,1
56,-1,885,404,66,46,1,4,-1,0
56,-1,922,722,246,188,1,4,-1,0
57,-1,265,382,46,32,1,4,-1,0
57,-1,651,484,99,68,1,4,-1,0
57,-1,978,762,256,185,1,4,-1,0
58,-1,267,383,45,33,1,4,-1,0
58,-1,809,408,64,43,1,4,-1,1
58,-1,1023,778,314,251,1,4,-1,0
59,-1,674,494,104,72,1,4,-1,0
59,-1,800,407,65,39,1,4,-1,1
59,-1,854,400,58,42,1,4,-1,1
60,-1,269,385,47,33,1,4,-1,0
60,-1,791,406,67,35,1,4,-1,1
60,-1,840,395,59,43,1,4,-1,1
60,-1,1188,886,350,278,1,4,-1,0
61,-1,703,508,110,76,1,4,-1,0
61,-1,832,394,57,41,1,4,-1,1
61,-1,1290,944,410,322,1,4,-1,0
62,-1,272,387,47,34,1,4,-1,0
62,-1,778,402,63,36,1,4,-1,1
63,-1,273,388,48,34,1,4,-1,0
63,-1,737,524,120,81,1,4,-1,0
63,-1,771,400,61,37,1,4,-1,1
63,-1,818,394,51,35,1,4,-1,1
63,-1,1516,1104,561,402,1,4,-1,0
64,-1,274,389,49,34,1,4,-1,0
64,-1,1692,1195,614,314,1,4,-1,0
65,-1,276,390,48,35,1,4,-1,0
65,-1,757,396,59,40,1,4,-1,1
65,-1,771,541,130,85,1,4,-1,0
66,-1,277,391,49,35,1,4,-1,0
66,-1,750,395,59,41,1,4,-1,1
67,-1,278,392,50,35,1,4,-1,0
67,-1,742,394,59,42,1,4,-1,1
68,-1,279,393,51,35,1,4,-1,0
68,-1,764,391,51,31,1,4,-1,1
68,-1,832,569,138,102,1,4,-1,0
69,-1,752,387,53,33,1,4,-1,1
70,-1,282,395,51,36,1,4,-1,0
70,-1,725,395,57,36,1,4,-1,1
71,-1,283,396,52,36,1,4,-1,0
71,-1,745,383,46,34,1,4,-1,1
71,-1,905,607,170,109,1,4,-1,0
72,-1,716,391,55,33,1,4,-1,1
72,-1,932,620,181,111,1,4,-1,0
73,-1,286,398,52,37,1,4,-1,0
73,-1,721,380,49,39,1,4,-1,1
74,-1,287,399,53,38,1,4,-1,0
74,-1,702,391,58,33,1,4,-1,1
74,-1,1003,650,194,131,1,4,-1,0
74,-1,2156,727,356,143,1,4,-1,1
75,-1,1039,665,200,141,1,4,-1,0
75,-1,2079,707,331,137,1,4,-1,1
76,-1,1091,689,220,154,1,4,-1,0
76,-1,2002,687,307,131,1,4,-1,1
77,-1,291,403,55,39,1,4,-1,0
77,-1,695,377,39,36,1,4,-1,1
77,-1,1925,667,282,125,1,4,-1,1
78,-1,292,404,55,40,1,4,-1,0
78,-1,1195,738,261,179,1,4,-1,0
78,-1,1848,647,258,119,1,4,-1,1
79,-1,682,386,50,34,1,4,-1,1
79,-1,1247,762,281,193,1,4,-1,0
80,-1,677,379,43,31,1,4,-1,1
81,-1,664,373,44,32,1,4,-1,1
81,-1,672,384,51,34,1,4,-1,1
81,-1,1351,811,322,218,1,4,-1,0
82,-1,298,409,57,42,1,4,-1,0
82,-1,654,372,47,37,1,4,-1,1
82,-1,666,383,49,32,1,4,-1,1
83,-1,299,411,58,42,1,4,-1,0
83,-1,662,382,48,32,1,4,-1,1
83,-1,1503,882,392,262,1,4,-1,0
84,-1,301,413,58,43,1,4,-1,0
84,-1,658,382,47,31,1,4,-1,1
84,-1,1517,568,178,89,1,4,-1,1
85,-1,303,416,58,43,1,4,-1,0
85,-1,1476,559,170,87,1,4,-1,1
85,-1,1705,976,488,323,1,4,-1,0
86,-1,305,418,58,44,1,4,-1,0
86,-1,651,382,45,30,1,4,-1,1
86,-1,1435,550,163,85,1,4,-1,1
86,-1,1806,1023,537,354,1,4,-1,0
87,-1,306,420,60,44,1,4,-1,0
88,-1,308,423,60,44,1,4,-1,0
88,-1,624,373,43,30,1,4,-1,1
89,-1,310,425,60,45,1,4,-1,0
89,-1,618,372,43,29,1,4,-1,1
89,-1,640,381,42,30,1,4,-1,1
89,-1,1313,523,143,77,1,4,-1,1
90,-1,312,427,60,46,1,4,-1,0
90,-1,636,381,41,29,1,4,-1,1
91,-1,606,371,42,27,1,4,-1,1
92,-1,317,431,61,47,1,4,-1,0
92,-1,605,372,39,27,1,4,-1,1
92,-1,629,379,42,31,1,4,-1,1
93,-1,320,433,62,48,1,4,-1,0
93,-1,602,369,35,35,1,4,-1,1
93,-1,1203,502,136,75,1,4,-1,1
94,-1,323,435,63,49,1,4,-1,0
95,-1,1157,490,122,71,1,4,-1,1
96,-1,330,438,63,51,1,4,-1,0
97,-1,613,373,50,42,1,4,-1,1
97,-1,1112,478,108,68,1,4,-1,1
99,-1,1059,467,108,62,1,4,-1,1
100,-1,569,366,36,33,1,4,-1,0
100,-1,1051,463,92,53,1,4,-1,1
102,-1,350,453,66,53,1,4,-1,0
102,-1,561,366,36,33,1,4,-1,0
102,-1,597,380,44,30,1,4,-1,1
102,-1,2102,669,283,116,1,4,-1,1
103,-1,353,457,67,52,1,4,-1,0
103,-1,594,379,44,30,1,4,-1,1
103,-1,2040,656,272,113,1,4,-1,1
104,-1,592,379,43,30,1,4,-1,1
104,-1,977,447,100,59,1,4,-1,1
104,-1,1985,646,260,110,1,4,-1,1
105,-1,550,366,36,34,1,4,-1,0
105,-1,589,378,43,30,1,4,-1,1
106,-1,363,467,71,55,1,4,-1,0
106,-1,546,366,36,34,1,4,-1,0
106,-1,941,439,104,62,1,4,-1,1
106,-1,2449,796,238,143,1,4,-1,1
107,-1,542,366,36,34,1,4,-1,0
107,-1,584,377,42,30,1,4,-1,1
107,-1,929,437,96,59,1,4,-1,1
107,-1,2324,781,362,143,1,4,-1,1
108,-1,538,366,36,34,1,4,-1,0
108,-1,582,377,41,29,1,4,-1,1
108,-1,1797,606,212,98,1,4,-1,1
109,-1,372,476,75,59,1,4,-1,0
109,-1,534,366,36,34,1,4,-1,0
109,-1,579,376,41,29,1,4,-1,1
109,-1,905,434,82,52,1,4,-1,1
109,-1,1755,596,207,95,1,4,-1,1
110,-1,376,480,76,60,1,4,-1,0
110,-1,577,376,40,29,1,4,-1,1
110,-1,894,433,74,48,1,4,-1,1
110,-1,1714,587,201,92,1,4,-1,1
111,-1,380,483,78,62,1,4,-1,0
111,-1,571,375,44,35,1,4,-1,1
111,-1,882,430,72,49,1,4,-1,1
111,-1,1674,580,197,89,1,4,-1,1
112,-1,289,378,46,43,1,4,-1,0
112,-1,526,364,37,39,1,4,-1,0
112,-1,870,428,70,49,1,4,-1,1
112,-1,1643,574,185,86,1,4,-1,1
113,-1,291,380,47,44,1,4,-1,0
113,-1,858,425,68,51,1,4,-1,1
113,-1,1611,568,172,80,1,4,-1,1
113,-1,1792,648,239,103,1,4,-1,1
114,-1,293,382,49,44,1,4,-1,0
114,-1,394,495,83,65,1,4,-1,0
114,-1,520,365,36,36,1,4,-1,0
114,-1,564,376,41,26,1,4,-1,1
114,-1,846,423,66,51,1,4,-1,1
114,-1,1724,633,230,103,1,4,-1,1
115,-1,562,375,40,24,1,4,-1,1
115,-1,835,421,64,52,1,4,-1,1
115,-1,1542,553,172,77,1,4,-1,1
116,-1,298,386,51,45,1,4,-1,0
116,-1,404,502,85,68,1,4,-1,0
116,-1,513,366,36,33,1,4,-1,0
116,-1,803,412,83,62,1,4,-1,1
116,-1,1603,604,208,95,1,4,-1,1
117,-1,795,412,79,58,1,4,-1,1
118,-1,303,390,53,47,1,4,-1,0
118,-1,413,510,89,70,1,4,-1,0
118,-1,506,367,36,30,1,4,-1,0
118,-1,555,376,36,26,1,4,-1,1
118,-1,788,412,75,54,1,4,-1,1
119,-1,305,390,55,47,1,4,-1,0
119,-1,418,514,90,71,1,4,-1,0
119,-1,503,367,35,29,1,4,-1,0
119,-1,553,376,34,26,1,4,-1,1
119,-1,780,413,72,49,1,4,-1,1
119,-1,1470,570,167,91,1,4,-1,1
120,-1,307,390,57,47,1,4,-1,0
120,-1,500,368,35,27,1,4,-1,0
120,-1,1430,561,161,89,1,4,-1,1
121,-1,310,391,59,47,1,4,-1,0
121,-1,549,375,32,29,1,4,-1,1
121,-1,766,414,64,41,1,4,-1,1
121,-1,1375,519,140,68,1,4,-1,1
121,-1,1390,552,156,87,1,4,-1,1
122,-1,434,526,93,75,1,4,-1,0
122,-1,496,366,31,26,1,4,-1,0
122,-1,1350,543,151,86,1,4,-1,1
123,-1,316,394,61,47,1,4,-1,0
123,-1,1310,534,146,84,1,4,-1,1
123,-1,1326,512,131,67,1,4,-1,1
124,-1,319,395,62,47,1,4,-1,0
124,-1,447,537,96,80,1,4,-1,0
124,-1,735,412,68,35,1,4,-1,1
124,-1,1271,525,140,83,1,4,-1,1
125,-1,453,543,100,83,1,4,-1,0
125,-1,536,376,36,30,1,4,-1,1
126,-1,716,410,69,33,1,4,-1,1
126,-1,1263,501,125,67,1,4,-1,1
127,-1,329,403,66,48,1,4,-1,0
127,-1,708,409,67,33,1,4,-1,1
127,-1,1190,512,122,74,1,4,-1,1
128,-1,473,562,109,91,1,4,-1,0
128,-1,533,379,39,28,1,4,-1,1
128,-1,1163,508,116,71,1,4,-1,1
128,-1,1224,493,121,68,1,4,-1,1
129,-1,335,406,69,50,1,4,-1,0
129,-1,530,378,39,28,1,4,-1,1
129,-1,1137,503,114,67,1,4,-1,1
130,-1,337,407,71,50,1,4,-1,0
130,-1,527,377,39,28,1,4,-1,1
130,-1,1187,487,116,64,1,4,-1,1
131,-1,340,408,73,51,1,4,-1,0
131,-1,525,376,38,28,1,4,-1,1
131,-1,1086,493,110,60,1,4,-1,1
131,-1,1169,484,114,60,1,4,-1,1
132,-1,1061,488,107,56,1,4,-1,1
133,-1,352,416,76,51,1,4,-1,0
133,-1,505,593,125,105,1,4,-1,0
133,-1,1036,484,105,52,1,4,-1,1
133,-1,1134,478,109,53,1,4,-1,1
134,-1,518,376,37,27,1,4,-1,1
134,-1,635,400,83,53,1,4,-1,1
134,-1,1017,480,100,51,1,4,-1,1
135,-1,516,378,36,26,1,4,-1,1
135,-1,647,399,61,39,1,4,-1,1
136,-1,639,399,60,37,1,4,-1,1
137,-1,512,377,36,27,1,4,-1,1
137,-1,547,634,140,116,1,4,-1,0
137,-1,963,468,89,50,1,4,-1,1
138,-1,511,376,36,29,1,4,-1,1
138,-1,558,644,143,119,1,4,-1,0
138,-1,946,465,89,49,1,4,-1,1
139,-1,389,436,77,51,1,4,-1,0
139,-1,509,376,36,29,1,4,-1,1
139,-1,928,461,90,49,1,4,-1,1
139,-1,1047,461,92,54,1,4,-1,1
140,-1,611,399,56,32,1,4,-1,1
140,-1,911,458,90,48,1,4,-1,1
140,-1,1033,459,92,54,1,4,-1,1
141,-1,500,375,41,27,1,4,-1,1
141,-1,604,399,55,31,1,4,-1,1
141,-1,1019,462,80,45,1,4,-1,1
142,-1,407,448,77,51,1,4,-1,0
142,-1,498,375,41,28,1,4,-1,1
142,-1,602,686,162,134,1,4,-1,0
142,-1,881,458,83,37,1,4,-1,1
143,-1,995,458,79,44,1,4,-1,0
144,-1,584,397,49,34,1,4,-1,1
144,-1,633,712,178,148,1,4,-1,0
144,-1,854,452,81,39,1,4,-1,1
144,-1,983,456,78,44,1,4,-1,0
145,-1,425,454,78,51,1,4,-1,0
145,-1,580,397,48,32,1,4,-1,1
145,-1,652,729,186,154,1,4,-1,0
145,-1,842,450,80,39,1,4,-1,1
145,-1,972,454,77,44,1,4,-1,0
146,-1,671,746,193,161,1,4,-1,0
147,-1,488,376,41,29,1,4,-1,1
147,-1,572,396,47,30,1,4,-1,1
147,-1,818,446,79,39,1,4,-1,1
147,-1,949,450,75,44,1,4,-1,0
148,-1,486,376,41,29,1,4,-1,1
148,-1,568,395,47,29,1,4,-1,1
148,-1,806,443,78,39,1,4,-1,1
148,-1,937,448,75,44,1,4,-1,0
149,-1,485,377,40,29,1,4,-1,1
149,-1,794,441,77,39,1,4,-1,1
150,-1,560,395,46,26,1,4,-1,1
151,-1,771,437,75,39,1,4,-1,1
151,-1,903,442,72,44,1,4,-1,0
152,-1,549,394,41,30,1,4,-1,1
152,-1,758,435,67,32,1,4,-1,1
152,-1,2420,811,266,137,1,4,-1,1
153,-1,519,496,77,64,1,4,-1,0
153,-1,544,393,42,32,1,4,-1,1
153,-1,746,430,71,38,1,4,-1,1
153,-1,883,438,70,43,1,4,-1,0
154,-1,540,392,42,34,1,4,-1,1
155,-1,535,391,43,37,1,4,-1,1
155,-1,2131,744,308,130,1,4,-1,1
156,-1,531,390,43,39,1,4,-1,1
156,-1,561,516,86,71,1,4,-1,0
156,-1,853,432,68,45,1,4,-1,0
157,-1,577,524,90,73,1,4,-1,0
157,-1,710,428,66,37,1,4,-1,1
157,-1,844,431,68,45,1,4,-1,0
157,-1,1955,706,272,117,1,4,-1,1
158,-1,522,388,45,44,1,4,-1,1
158,-1,836,430,67,45,1,4,-1,0
159,-1,608,539,98,79,1,4,-1,0
159,-1,695,425,60,37,1,4,-1,1
159,-1,827,428,67,46,1,4,-1,0
159,-1,1017,1071,378,324,1,4,-1,0
159,-1,1814,673,237,104,1,4,-1,1
161,-1,642,559,114,84,1,4,-1,0
161,-1,679,422,55,37,1,4,-1,1
161,-1,1123,1160,452,310,1,4,-1,0
162,-1,505,394,44,34,1,4,-1,1
162,-1,660,569,122,87,1,4,-1,0
162,-1,672,421,52,37,1,4,-1,1
162,-1,802,425,65,47,1,4,-1,0
163,-1,686,579,121,91,1,4,-1,0
163,-1,791,427,68,44,1,4,-1,0
164,-1,498,393,42,33,1,4,-1,1
164,-1,713,589,119,95,1,4,-1,0
165,-1,495,393,41,32,1,4,-1,1
165,-1,740,601,134,102,1,4,-1,0
166,-1,492,392,40,32,1,4,-1,1
166,-1,629,415,60,46,1,4,-1,1
166,-1,768,614,149,108,1,4,-1,0
166,-1,769,425,60,41,1,4,-1,0
166,-1,1451,595,176,71,1,4,-1,1
167,-1,489,392,39,31,1,4,-1,1
167,-1,629,414,53,39,1,4,-1,1
167,-1,806,633,158,115,1,4,-1,0
168,-1,486,392,38,30,1,4,-1,1
168,-1,755,424,56,39,1,4,-1,0
168,-1,845,652,166,122,1,4,-1,0
168,-1,1367,583,176,71,1,4,-1,1
169,-1,484,393,37,28,1,4,-1,1
169,-1,621,412,47,33,1,4,-1,1
169,-1,884,671,174,129,1,4,-1,0
170,-1,614,412,47,34,1,4,-1,1
170,-1,740,423,61,37,1,4,-1,0
170,-1,1313,567,156,71,1,4,-1,1
171,-1,962,709,191,143,1,4,-1,0
172,-1,600,412,49,33,1,4,-1,1
172,-1,1009,734,218,153,1,4,-1,0
172,-1,1259,552,136,71,1,4,-1,1
173,-1,1233,545,125,71,1,4,-1,1
173,-1,2396,829,285,159,1,4,-1,1
174,-1,588,412,49,33,1,4,-1,1
174,-1,716,421,56,36,1,4,-1,0
174,-1,2290,792,369,157,1,4,-1,1
174,-1,2347,702,294,109,1,4,-1,1
175,-1,588,406,47,41,1,4,-1,1
175,-1,709,418,53,45,1,4,-1,0
175,-1,1188,532,110,62,1,4,-1,1
175,-1,1213,828,287,196,1,4,-1,0
175,-1,2188,769,343,140,1,4,-1,1
175,-1,2266,687,283,106,1,4,-1,1
176,-1,701,422,56,34,1,4,-1,0
176,-1,1296,869,323,216,1,4,-1,0
177,-1,571,409,47,33,1,4,-1,1
177,-1,695,420,56,35,1,4,-1,0
177,-1,1379,910,359,236,1,4,-1,0
177,-1,2000,728,292,128,1,4,-1,1
178,-1,690,419,55,35,1,4,-1,0
178,-1,1914,709,266,134,1,4,-1,1
178,-1,2042,646,242,95,1,4,-1,1
178,-1,2351,721,326,149,1,5,-1,1
179,-1,561,409,43,32,1,4,-1,1
179,-1,1091,512,99,60,1,4,-1,1
179,-1,1622,1027,488,320,1,4,-1,0
179,-1,1847,690,250,117,1,4,-1,1
179,-1,1978,635,225,89,1,4,-1,1
179,-1,2267,727,326,149,1,5,-1,1
180,-1,680,416,53,37,1,4,-1,0
180,-1,1775,1111,584,371,1,4,-1,0
180,-1,1781,672,233,100,1,4,-1,1
181,-1,674,416,54,37,1,4,-1,0
181,-1,1859,613,201,83,1,4,-1,1
181,-1,1988,1207,698,302,1,4,-1,0
182,-1,668,417,55,36,1,4,-1,0
182,-1,1029,501,92,58,1,4,-1,1
182,-1,1661,636,199,103,1,4,-1,1
183,-1,1010,498,91,58,1,4,-1,1
183,-1,1601,619,182,104,1,4,-1,1
184,-1,539,409,50,32,1,4,-1,1
184,-1,1554,612,182,98,1,4,-1,1
185,-1,534,410,50,31,1,4,-1,1
185,-1,652,417,54,35,1,4,-1,0
185,-1,973,492,87,57,1,4,-1,1
185,-1,1508,605,182,92,1,4,-1,1
186,-1,529,410,50,30,1,4,-1,1
186,-1,647,417,53,35,1,4,-1,0
186,-1,958,490,83,49,1,4,-1,1
186,-1,1862,635,222,122,1,5,-1,1
187,-1,524,411,50,29,1,4,-1,1
187,-1,642,417,52,35,1,4,-1,0
187,-1,1566,566,167,77,1,4,-1,0
187,-1,1811,625,209,122,1,5,-1,1
188,-1,519,411,50,28,1,4,-1,1
188,-1,637,417,51,35,1,4,-1,0
188,-1,1533,560,158,75,1,4,-1,0
188,-1,1755,614,203,110,1,5,-1,1
189,-1,633,417,49,35,1,4,-1,0
189,-1,899,480,89,51,1,4,-1,1
189,-1,1341,570,145,81,1,4,-1,1
189,-1,1501,554,148,73,1,4,-1,0
189,-1,1700,604,197,98,1,5,-1,1
190,-1,510,411,48,27,1,4,-1,1
191,-1,506,410,47,28,1,4,-1,1
191,-1,623,412,50,41,1,4,-1,0
191,-1,875,474,89,47,1,4,-1,1
191,-1,1277,556,136,76,1,4,-1,1
191,-1,1632,584,171,114,1,5,-1,1
192,-1,863,472,89,44,1,4,-1,1
192,-1,1598,574,158,122,1,5,-1,1
193,-1,616,413,46,39,1,4,-1,0
193,-1,1214,542,126,71,1,4,-1,1
194,-1,613,414,44,38,1,4,-1,0
194,-1,1343,527,127,55,1,4,-1,0
194,-1,1513,573,157,90,1,5,-1,1
195,-1,492,407,42,30,1,4,-1,1
195,-1,606,413,47,38,1,4,-1,0
195,-1,1160,530,116,69,1,4,-1,1
195,-1,1486,567,153,88,1,5,-1,1
196,-1,600,412,50,38,1,4,-1,0
196,-1,1280,517,125,62,1,4,-1,0
198,-1,482,407,43,30,1,4,-1,1
198,-1,590,415,53,38,1,4,-1,0
198,-1,1248,505,118,62,1,4,-1,0
199,-1,782,456,76,45,1,4,-1,1
199,-1,1073,508,97,76,1,4,-1,1
199,-1,1223,502,107,59,1,4,-1,0
200,-1,583,414,49,34,1,4,-1,0
200,-1,773,456,75,43,1,4,-1,1
201,-1,579,413,47,33,1,4,-1,0
201,-1,764,456,74,41,1,4,-1,1
201,-1,1037,502,89,80,1,4,-1,1
201,-1,1178,496,95,58,1,4,-1,0
202,-1,576,413,45,31,1,4,-1,0
202,-1,754,455,73,40,1,4,-1,1
202,-1,1015,498,89,75,1,4,-1,1
202,-1,1157,493,95,59,1,4,-1,0
203,-1,745,455,72,38,1,4,-1,1
203,-1,1270,526,128,69,1,5,-1,1
204,-1,973,491,88,66,1,4,-1,1
204,-1,1115,488,96,61,1,4,-1,0
205,-1,1097,484,91,57,1,4,-1,0
205,-1,1224,518,121,66,1,5,-1,1
206,-1,558,414,47,35,1,4,-1,0
207,-1,709,449,61,36,1,4,-1,1
207,-1,1184,512,117,65,1,5,-1,1
208,-1,909,483,88,60,1,4,-1,1
208,-1,1048,478,81,49,1,4,-1,0
208,-1,1164,509,114,64,1,5,-1,1
209,-1,552,418,33,27,1,4,-1,0
209,-1,691,446,60,39,1,4,-1,1
210,-1,543,407,50,36,1,4,-1,0
210,-1,682,444,62,44,1,4,-1,1
210,-1,1011,472,84,53,1,4,-1,0
211,-1,866,475,81,55,1,4,-1,1
211,-1,997,470,83,51,1,4,-1,0
212,-1,667,441,62,42,1,4,-1,1
212,-1,854,472,75,53,1,4,-1,1
212,-1,984,468,81,49,1,4,-1,0
212,-1,1090,498,105,61,1,5,-1,1
213,-1,842,469,69,51,1,4,-1,1
213,-1,970,467,80,46,1,4,-1,0
213,-1,1074,496,102,59,1,5,-1,1
214,-1,830,466,72,51,1,4,-1,1
214,-1,957,465,78,44,1,4,-1,0
215,-1,530,403,46,44,1,4,-1,0
215,-1,646,436,60,40,1,4,-1,1
215,-1,818,463,75,52,1,4,-1,1
215,-1,943,463,77,42,1,4,-1,0
215,-1,1040,490,98,58,1,5,-1,1
216,-1,532,403,40,47,1,4,-1,0
216,-1,930,462,76,39,1,4,-1,0
216,-1,1024,488,95,57,1,5,-1,1
217,-1,632,434,58,38,1,4,-1,1
217,-1,800,459,67,50,1,4,-1,1
217,-1,917,459,72,40,1,4,-1,0
217,-1,1003,480,110,64,1,5,-1,1
218,-1,626,434,56,37,1,4,-1,1
220,-1,882,456,63,39,1,4,-1,0
220,-1,974,475,81,64,1,5,-1,0
221,-1,516,405,36,35,1,4,-1,0
221,-1,765,452,55,48,1,4,-1,1
221,-1,961,473,81,61,1,5,-1,0
222,-1,948,471,81,58,1,5,-1,0
223,-1,746,449,54,47,1,4,-1,1
223,-1,852,450,57,40,1,4,-1,0
223,-1,936,469,80,55,1,5,-1,0
224,-1,508,408,35,30,1,4,-1,0
224,-1,590,434,48,28,1,4,-1,1
224,-1,737,448,53,46,1,4,-1,1
225,-1,506,410,34,28,1,4,-1,0
225,-1,728,447,53,45,1,4,-1,1
