1,21,74,1009,47,58,1,2,-1,-1
1,128,882,302,22,51,1,1,-1,-1
1,342,1196,532,41,76,1,1,-1,-1
2,21,64,984,56,68,1,2,-1,-1
2,74,1478,648,52,60,1,10,-1,-1
2,75,163,926,41,55,1,2,-1,-1
2,128,881,303,22,50,1,1,-1,-1
2,129,1575,498,36,58,1,1,-1,-1
2,197,899,328,31,47,1,1,-1,-1
2,342,1207,536,50,92,1,1,-1,-1
3,21,59,990,56,67,1,2,-1,-1
3,74,1479,651,52,60,1,10,-1,-1
3,75,159,930,41,55,1,2,-1,-1
3,128,876,293,26,54,1,2,-1,-1
3,129,1578,500,36,58,1,1,-1,-1
3,197,893,327,31,47,1,1,-1,-1
3,198,1097,407,33,60,1,1,-1,-1
3,342,1195,537,41,76,1,1,-1,-1
4,21,28,993,62,71,1,2,-1,-1
4,74,1480,654,52,60,1,10,-1,-1
4,75,155,935,41,55,1,2,-1,-1
4,128,876,272,23,48,1,2,-1,-1
4,129,1581,501,36,58,1,1,-1,-1
4,197,887,327,31,47,1,1,-1,-1
4,198,1100,408,32,60,1,1,-1,-1
4,199,1268,362,35,45,1,2,-1,-1
4,342,1195,539,41,76,1,1,-1,-1
5,21,49,1002,57,64,1,2,-1,-1
5,74,1482,657,51,60,1,10,-1,-1
5,75,151,939,41,55,1,2,-1,-1
5,128,876,274,23,48,1,2,-1,-1
5,129,1583,503,36,58,1,1,-1,-1
5,130,924,363,32,56,1,1,-1,-1
5,197,891,342,43,44,1,1,-1,-1
5,198,1102,409,33,61,1,1,-1,-1
5,199,1268,363,35,45,1,2,-1,-1
6,21,45,1008,57,63,1,2,-1,-1
6,74,1483,660,51,60,1,10,-1,-1
6,75,147,944,41,55,1,2,-1,-1
6,76,525,818,195,95,1,7,-1,-1
6,128,875,275,23,48,1,2,-1,-1
6,129,1586,504,36,58,1,1,-1,-1
6,130,920,363,32,56,1,1,-1,-1
6,131,1317,373,31,42,1,10,-1,-1
6,197,880,340,43,44,1,1,-1,-1
6,198,1105,410,33,61,1,1,-1,-1
6,199,1268,364,35,45,1,2,-1,-1
7,21,41,1012,57,59,1,2,-1,-1
7,74,1484,663,51,60,1,10,-1,-1
7,75,144,948,41,55,1,2,-1,-1
7,76,480,799,215,104,1,7,-1,-1
7,129,1603,505,33,54,1,1,-1,-1
7,130,916,363,32,56,1,1,-1,-1
7,131,1317,375,31,42,1,10,-1,-1
7,198,1108,411,32,61,1,1,-1,-1
7,199,1268,365,35,45,1,2,-1,-1
7,200,1030,577,38,65,1,1,-1,-1
8,21,37,1017,57,54,1,2,-1,-1
8,74,1486,666,51,60,1,10,-1,-1
8,75,142,934,51,68,1,2,-1,-1
8,76,517,824,175,85,1,7,-1,-1
8,77,38,637,61,88,1,1,-1,-1
8,130,912,363,32,56,1,1,-1,-1
8,131,1318,377,31,42,1,10,-1,-1
8,199,1268,366,35,45,1,2,-1,-1
8,200,1030,579,37,64,1,1,-1,-1
8,201,909,282,24,49,1,1,-1,-1
9,21,33,1022,57,49,1,2,-1,-1
9,76,514,828,176,85,1,7,-1,-1
9,77,29,641,63,88,1,1,-1,-1
9,130,923,368,26,46,1,1,-1,-1
9,131,1318,378,31,42,1,10,-1,-1
9,200,1029,581,37,64,1,1,-1,-1
9,201,909,283,24,49,1,1,-1,-1
9,202,170,941,45,69,1,2,-1,-1
10,21,22,1009,65,50,1,2,-1,-1
10,76,512,832,176,85,1,7,-1,-1
10,77,21,645,64,88,1,1,-1,-1
10,130,906,363,32,56,1,1,-1,-1
10,131,1322,377,30,40,1,10,-1,-1
10,200,1028,583,37,64,1,1,-1,-1
10,201,908,283,24,49,1,1,-1,-1
10,202,166,944,45,69,1,2,-1,-1
11,76,510,836,176,85,1,7,-1,-1
11,77,16,648,62,88,1,1,-1,-1
11,131,1319,380,31,42,1,10,-1,-1
11,200,1028,585,37,64,1,1,-1,-1
11,201,908,284,24,49,1,1,-1,-1
11,202,163,948,45,69,1,2,-1,-1
12,76,508,841,176,85,1,7,-1,-1
12,77,12,652,60,88,1,1,-1,-1
12,201,908,285,24,49,1,1,-1,-1
12,202,160,952,45,69,1,2,-1,-1
13,77,8,656,58,88,1,1,-1,-1
13,78,822,328,33,44,1,1,-1,-1
13,202,158,957,45,69,1,2,-1,-1
14,49,908,287,24,49,1,1,-1,-1
14,77,4,660,56,88,1,1,-1,-1
14,78,831,325,32,48,1,1,-1,-1
15,49,908,288,24,49,1,1,-1,-1
15,78,832,335,35,49,1,1,-1,-1
15,132,1046,551,31,83,1,1,-1,-1
16,22,1194,570,39,75,1,1,-1,-1
16,49,908,289,24,49,1,1,-1,-1
16,78,822,323,32,50,1,1,-1,-1
16,132,1039,528,35,95,1,1,-1,-1
16,133,1607,506,34,57,1,1,-1,-1
17,22,1195,573,38,75,1,1,-1,-1
17,49,907,302,17,52,1,1,-1,-1
17,78,817,322,32,51,1,1,-1,-1
17,132,1045,557,31,83,1,1,-1,-1
17,133,1607,507,33,55,1,1,-1,-1
17,203,498,861,178,85,1,7,-1,-1
18,22,1194,576,38,76,1,1,-1,-1
18,49,900,310,17,52,1,1,-1,-1
18,78,812,321,32,52,1,1,-1,-1
18,132,1044,559,32,83,1,1,-1,-1
18,133,1607,507,31,54,1,1,-1,-1
18,203,497,865,178,85,1,7,-1,-1
18,204,744,335,28,52,1,1,-1,-1
19,22,1188,593,36,74,1,1,-1,-1
19,49,896,319,18,55,1,1,-1,-1
19,50,792,324,32,47,1,1,-1,-1
19,78,808,320,32,53,1,1,-1,-1
19,132,1043,561,33,84,1,1,-1,-1
19,133,1608,508,29,53,1,1,-1,-1
19,203,496,860,183,87,1,7,-1,-1
19,204,740,336,29,51,1,1,-1,-1
20,22,1193,582,37,79,1,1,-1,-1
20,49,896,320,18,55,1,1,-1,-1
20,50,791,324,32,48,1,1,-1,-1
20,132,1043,564,33,83,1,1,-1,-1
20,133,1606,507,29,52,1,1,-1,-1
20,134,271,515,42,73,1,1,-1,-1
20,135,585,398,32,60,1,1,-1,-1
20,203,494,872,179,85,1,7,-1,-1
20,204,744,342,24,42,1,1,-1,-1
20,205,1394,540,41,52,1,2,-1,-1
21,22,1192,585,38,80,1,1,-1,-1
21,49,893,320,18,55,1,1,-1,-1
21,50,791,325,31,48,1,1,-1,-1
21,79,1141,426,32,64,1,1,-1,-1
21,133,1604,506,30,52,1,1,-1,-1
21,134,270,518,42,73,1,1,-1,-1
21,135,584,399,32,60,1,1,-1,-1
21,203,492,876,180,85,1,7,-1,-1
21,204,742,334,29,51,1,1,-1,-1
21,205,1407,527,44,55,1,2,-1,-1
22,22,1192,588,37,82,1,1,-1,-1
22,50,790,325,31,49,1,1,-1,-1
22,51,158,424,36,67,1,1,-1,-1
22,79,1144,428,32,64,1,1,-1,-1
22,134,269,521,42,73,1,1,-1,-1
22,135,584,400,32,61,1,1,-1,-1
22,204,743,333,29,51,1,1,-1,-1
22,205,1413,550,41,52,1,2,-1,-1
22,206,1080,802,45,85,1,3,-1,-1
23,22,1191,591,37,83,1,1,-1,-1
23,50,806,320,30,53,1,1,-1,-1
23,51,157,425,36,67,1,1,-1,-1
23,79,1146,429,32,64,1,1,-1,-1
23,134,269,524,42,73,1,1,-1,-1
23,135,583,401,32,61,1,1,-1,-1
23,136,1091,584,29,76,1,1,-1,-1
23,205,1424,557,44,55,1,2,-1,-1
23,206,1080,805,45,85,1,3,-1,-1
24,22,1191,594,37,85,1,1,-1,-1
24,50,802,315,35,64,1,1,-1,-1
24,51,156,425,36,67,1,1,-1,-1
24,79,1149,430,32,64,1,1,-1,-1
24,134,268,526,43,73,1,1,-1,-1
24,135,582,402,32,61,1,1,-1,-1
24,136,1076,587,31,80,1,1,-1,-1
24,205,1424,559,44,55,1,2,-1,-1
24,206,1080,807,45,86,1,3,-1,-1
24,207,991,617,33,86,1,1,-1,-1
25,22,1189,596,37,85,1,1,-1,-1
25,50,806,321,28,52,1,1,-1,-1
25,51,155,425,36,67,1,1,-1,-1
25,52,907,297,24,49,1,1,-1,-1
25,79,1152,431,32,64,1,1,-1,-1
25,134,268,529,43,73,1,1,-1,-1
25,135,581,404,32,61,1,1,-1,-1
25,136,1092,588,29,76,1,1,-1,-1
25,206,1079,803,52,100,1,3,-1,-1
25,207,991,620,33,87,1,1,-1,-1
26,50,805,321,28,52,1,1,-1,-1
26,51,154,426,36,67,1,1,-1,-1
26,52,906,297,24,49,1,1,-1,-1
26,79,1155,432,32,64,1,1,-1,-1
26,136,1098,596,35,93,1,1,-1,-1
26,137,1415,546,55,68,1,2,-1,-1
26,206,1080,812,45,88,1,3,-1,-1
26,207,992,624,32,88,1,1,-1,-1
27,51,153,426,36,67,1,1,-1,-1
27,52,906,298,24,49,1,1,-1,-1
27,79,1157,433,32,64,1,1,-1,-1
27,136,1094,592,29,76,1,1,-1,-1
27,137,1441,562,43,64,1,2,-1,-1
27,207,992,625,32,88,1,1,-1,-1
28,10,1401,548,40,55,1,2,-1,-1
28,51,152,427,36,67,1,1,-1,-1
28,52,906,299,24,49,1,1,-1,-1
28,136,1095,595,29,76,1,1,-1,-1
28,137,1451,578,35,52,1,2,-1,-1
28,138,1080,817,45,89,1,3,-1,-1
28,207,992,627,32,88,1,1,-1,-1
28,208,247,373,36,66,1,1,-1,-1
28,209,1271,387,35,45,1,2,-1,-1
29,10,1410,569,38,48,1,2,-1,-1
29,51,151,427,36,67,1,1,-1,-1
29,52,906,300,24,49,1,1,-1,-1
29,137,1452,580,35,52,1,2,-1,-1
29,138,1079,820,45,89,1,3,-1,-1
29,208,248,373,36,66,1,1,-1,-1
29,209,1271,388,35,45,1,2,-1,-1
29,210,1172,628,42,97,1,1,-1,-1
30,10,1427,570,44,55,1,2,-1,-1
30,52,913,310,15,43,1,1,-1,-1
30,137,1453,581,35,52,1,2,-1,-1
30,138,1079,823,45,89,1,3,-1,-1
30,208,249,374,36,66,1,1,-1,-1
30,209,1264,375,58,39,1,3,-1,-1
30,210,1182,608,37,84,1,1,-1,-1
30,211,1406,554,37,50,1,2,-1,-1
30,212,66,405,36,70,1,1,-1,-1
31,10,1427,571,44,55,1,2,-1,-1
31,52,906,302,24,49,1,1,-1,-1
31,137,1454,583,35,52,1,2,-1,-1
31,138,1079,825,45,91,1,3,-1,-1
31,208,250,374,36,66,1,1,-1,-1
31,209,1264,376,58,39,1,3,-1,-1
31,210,1181,610,37,84,1,1,-1,-1
31,211,1407,555,37,50,1,2,-1,-1
31,212,58,416,42,82,1,1,-1,-1
32,10,1432,587,38,57,1,2,-1,-1
32,52,905,303,24,49,1,1,-1,-1
32,80,887,303,24,50,1,1,-1,-1
32,138,1079,828,45,91,1,3,-1,-1
32,208,251,374,36,66,1,1,-1,-1
32,209,1264,377,58,39,1,3,-1,-1
32,210,1180,613,37,84,1,1,-1,-1
32,211,1408,557,36,50,1,2,-1,-1
32,212,67,405,36,70,1,1,-1,-1
32,213,1044,586,37,84,1,1,-1,-1
33,10,1428,575,44,55,1,2,-1,-1
33,11,820,305,24,48,1,1,-1,-1
33,80,895,320,17,49,1,1,-1,-1
33,138,1079,830,45,92,1,3,-1,-1
33,210,1178,615,37,84,1,1,-1,-1
33,211,1408,558,37,51,1,2,-1,-1
33,212,67,405,36,70,1,1,-1,-1
33,213,1043,589,37,84,1,1,-1,-1
34,10,1429,577,44,55,1,2,-1,-1
34,11,820,306,24,48,1,1,-1,-1
34,80,895,321,17,49,1,1,-1,-1
34,211,1409,560,37,51,1,2,-1,-1
34,212,62,410,44,86,1,1,-1,-1
34,213,1042,593,37,84,1,1,-1,-1
35,10,1429,579,44,55,1,2,-1,-1
35,11,820,306,24,48,1,1,-1,-1
35,80,896,322,17,49,1,1,-1,-1
35,139,572,416,33,61,1,1,-1,-1
35,140,1177,438,29,63,1,1,-1,-1
35,213,1042,597,37,84,1,1,-1,-1
35,214,843,364,32,56,1,1,-1,-1
35,215,1089,320,21,44,1,1,-1,-1
36,10,1430,581,44,55,1,2,-1,-1
36,11,815,322,24,55,1,1,-1,-1
36,80,897,329,23,50,1,1,-1,-1
36,81,1537,689,52,66,1,2,-1,-1
36,139,574,439,34,62,1,1,-1,-1
36,140,1179,439,29,63,1,1,-1,-1
36,141,583,314,24,41,1,10,-1,-1
36,213,1022,591,45,103,1,1,-1,-1
36,214,842,364,32,56,1,1,-1,-1
36,215,1090,321,21,44,1,1,-1,-1
37,10,1430,582,44,55,1,2,-1,-1
37,11,820,308,24,48,1,1,-1,-1
37,23,1206,747,47,80,1,1,-1,-1
37,80,897,324,17,49,1,1,-1,-1
37,81,1533,680,53,67,1,2,-1,-1
37,139,570,418,33,61,1,1,-1,-1
37,140,1181,439,29,63,1,1,-1,-1
37,141,582,315,24,41,1,10,-1,-1
37,214,841,364,32,56,1,1,-1,-1
37,215,1084,331,18,38,1,1,-1,-1
38,10,1440,582,41,52,1,2,-1,-1
38,11,820,309,24,48,1,1,-1,-1
38,23,1215,749,47,79,1,1,-1,-1
38,37,1063,664,35,73,1,1,-1,-1
38,80,896,330,23,50,1,1,-1,-1
38,81,1533,682,53,67,1,2,-1,-1
38,139,569,419,33,61,1,1,-1,-1
38,140,1184,440,28,63,1,1,-1,-1
38,141,582,316,24,41,1,10,-1,-1
38,214,840,364,32,56,1,1,-1,-1
38,215,1091,323,21,44,1,1,-1,-1
39,10,1431,585,44,55,1,2,-1,-1
39,11,819,309,24,48,1,1,-1,-1
39,23,1225,751,46,79,1,1,-1,-1
39,37,1075,665,43,91,1,1,-1,-1
39,38,338,389,36,69,1,1,-1,-1
39,81,1534,684,53,67,1,2,-1,-1
39,82,996,644,28,92,1,1,-1,-1
39,139,568,420,33,61,1,1,-1,-1
39,140,1186,440,28,64,1,1,-1,-1
39,141,581,316,24,41,1,10,-1,-1
39,142,1131,658,33,83,1,1,-1,-1
39,214,838,364,32,56,1,1,-1,-1
39,215,1091,324,21,44,1,1,-1,-1
40,11,818,310,24,48,1,1,-1,-1
40,12,1329,391,29,39,1,10,-1,-1
40,23,1235,753,45,79,1,1,-1,-1
40,37,1061,668,35,73,1,1,-1,-1
40,38,337,389,36,69,1,1,-1,-1
40,81,1535,686,53,67,1,2,-1,-1
40,82,996,647,28,92,1,1,-1,-1
40,139,568,421,33,61,1,1,-1,-1
40,140,1188,441,28,64,1,1,-1,-1
40,141,582,326,20,34,1,10,-1,-1
40,142,1131,660,34,85,1,1,-1,-1
41,11,817,311,24,48,1,1,-1,-1
41,12,1328,410,31,42,1,10,-1,-1
41,23,1238,749,44,79,1,1,-1,-1
41,37,1060,670,35,73,1,1,-1,-1
41,38,341,395,32,60,1,1,-1,-1
41,39,937,346,20,54,1,1,-1,-1
41,81,1537,695,43,55,1,2,-1,-1
41,82,1001,653,26,84,1,1,-1,-1
41,141,579,318,24,41,1,10,-1,-1
41,142,1130,661,34,85,1,1,-1,-1
41,216,1102,659,28,71,1,1,-1,-1
42,11,817,311,24,48,1,1,-1,-1
42,12,1328,411,31,42,1,10,-1,-1
42,23,1241,746,44,78,1,1,-1,-1
42,37,1059,672,35,73,1,1,-1,-1
42,38,336,388,36,69,1,1,-1,-1
42,39,937,347,20,54,1,1,-1,-1
42,81,1537,690,53,67,1,2,-1,-1
42,82,995,652,28,92,1,1,-1,-1
42,83,568,415,41,75,1,1,-1,-1
42,142,1130,663,34,85,1,1,-1,-1
42,216,1100,637,42,87,1,1,-1,-1
43,11,824,306,22,44,1,1,-1,-1
43,12,1328,412,31,42,1,10,-1,-1
43,23,1244,742,43,78,1,1,-1,-1
43,24,1159,639,37,84,1,1,-1,-1
43,37,1058,674,35,73,1,1,-1,-1
43,38,335,388,36,69,1,1,-1,-1
43,39,936,348,20,54,1,1,-1,-1
43,82,994,654,28,92,1,1,-1,-1
43,83,566,424,33,61,1,1,-1,-1
43,84,839,330,16,43,1,1,-1,-1
43,142,1129,664,34,85,1,1,-1,-1
43,216,1089,622,37,76,1,1,-1,-1
43,217,803,330,28,53,1,1,-1,-1
44,11,815,313,24,48,1,1,-1,-1
44,12,1329,413,31,42,1,10,-1,-1
44,23,1248,739,42,78,1,1,-1,-1
44,24,1158,641,37,84,1,1,-1,-1
44,25,458,957,190,83,1,7,-1,-1
44,37,1057,676,35,73,1,1,-1,-1
44,38,334,388,37,69,1,1,-1,-1
44,39,936,349,20,54,1,1,-1,-1
44,82,994,657,28,92,1,1,-1,-1
44,83,566,425,33,61,1,1,-1,-1
44,84,836,311,24,49,1,1,-1,-1
44,142,1129,666,34,85,1,1,-1,-1
44,216,1089,624,37,76,1,1,-1,-1
44,217,814,332,30,58,1,1,-1,-1
44,218,1403,556,50,70,1,2,-1,-1
45,12,1329,414,31,42,1,10,-1,-1
45,23,1251,735,41,78,1,1,-1,-1
45,24,1162,651,35,80,1,1,-1,-1
45,25,457,960,190,83,1,7,-1,-1
45,37,1056,678,35,73,1,1,-1,-1
45,38,333,388,37,69,1,1,-1,-1
45,39,935,350,20,54,1,1,-1,-1
45,40,1022,603,39,88,1,1,-1,-1
45,82,993,659,28,92,1,1,-1,-1
45,83,565,426,33,61,1,1,-1,-1
45,84,831,327,23,56,1,1,-1,-1
45,216,1089,626,37,76,1,1,-1,-1
45,217,806,330,28,53,1,1,-1,-1
45,218,1398,577,62,79,1,2,-1,-1
46,12,1329,415,31,42,1,10,-1,-1
46,23,1254,732,41,77,1,1,-1,-1
46,24,1155,645,37,84,1,1,-1,-1
46,25,451,963,221,94,1,7,-1,-1
46,37,1055,680,35,73,1,1,-1,-1
46,38,333,387,36,69,1,1,-1,-1
46,39,935,351,20,54,1,1,-1,-1
46,40,1035,625,37,84,1,1,-1,-1
46,83,565,427,33,61,1,1,-1,-1
46,84,832,328,24,56,1,1,-1,-1
46,217,809,318,33,62,1,1,-1,-1
46,218,1417,583,52,67,1,2,-1,-1
47,12,1329,416,31,42,1,10,-1,-1
47,24,1154,647,37,84,1,1,-1,-1
47,25,454,967,190,81,1,7,-1,-1
47,38,324,392,46,86,1,1,-1,-1
47,39,934,352,20,54,1,1,-1,-1
47,40,1034,627,37,84,1,1,-1,-1
47,83,564,428,33,61,1,1,-1,-1
47,84,835,313,24,49,1,1,-1,-1
47,217,814,303,34,68,1,1,-1,-1
47,218,1436,594,44,67,1,2,-1,-1
48,12,1329,417,31,42,1,10,-1,-1
48,24,1153,649,37,84,1,1,-1,-1
48,25,453,970,190,81,1,7,-1,-1
48,39,934,353,20,54,1,1,-1,-1
48,40,1034,629,37,84,1,1,-1,-1
48,83,564,430,33,61,1,1,-1,-1
48,84,836,330,24,56,1,1,-1,-1
48,85,894,329,17,49,1,1,-1,-1
48,143,270,380,36,66,1,1,-1,-1
48,218,1436,598,44,57,1,2,-1,-1
48,219,813,315,24,48,1,1,-1,-1
48,220,1089,631,37,76,1,1,-1,-1
48,221,1217,377,51,46,1,10,-1,-1
49,12,1329,418,31,42,1,10,-1,-1
49,24,1145,642,30,69,1,1,-1,-1
49,25,451,973,190,81,1,7,-1,-1
49,39,933,354,20,54,1,1,-1,-1
49,40,1033,631,37,85,1,1,-1,-1
49,84,845,313,21,62,1,1,-1,-1
49,85,886,332,21,56,1,1,-1,-1
49,86,330,387,37,69,1,1,-1,-1
49,143,271,380,36,66,1,1,-1,-1
49,219,812,316,24,48,1,1,-1,-1
49,220,1089,632,37,77,1,1,-1,-1
49,221,1218,378,51,45,1,10,-1,-1
49,222,573,323,24,41,1,10,-1,-1
50,12,1342,419,26,35,1,10,-1,-1
50,24,1149,652,37,84,1,1,-1,-1
50,25,450,977,190,80,1,7,-1,-1
50,40,1033,633,37,87,1,1,-1,-1
50,53,838,328,20,40,1,1,-1,-1
50,85,885,333,21,56,1,1,-1,-1
50,86,330,387,37,69,1,1,-1,-1
50,143,273,381,36,66,1,1,-1,-1
50,144,1282,470,40,42,1,10,-1,-1
50,219,811,317,24,48,1,1,-1,-1
50,220,1089,633,37,78,1,1,-1,-1
50,221,1219,378,51,46,1,10,-1,-1
50,222,572,324,24,41,1,10,-1,-1
51,12,1329,420,31,42,1,10,-1,-1
51,24,1147,654,37,84,1,1,-1,-1
51,25,449,980,190,80,1,7,-1,-1
51,40,1033,635,37,89,1,1,-1,-1
51,53,833,316,24,49,1,1,-1,-1
51,85,885,333,21,56,1,1,-1,-1
51,86,328,387,37,69,1,1,-1,-1
51,143,274,381,36,66,1,1,-1,-1
51,144,1292,480,42,44,1,10,-1,-1
51,219,811,317,24,48,1,1,-1,-1
51,220,1089,634,37,79,1,1,-1,-1
51,221,1220,379,51,45,1,10,-1,-1
51,222,571,324,24,41,1,10,-1,-1
52,24,1145,656,37,84,1,1,-1,-1
52,25,447,983,190,80,1,7,-1,-1
52,40,1031,681,36,84,1,1,-1,-1
52,53,832,316,24,49,1,1,-1,-1
52,85,885,334,22,56,1,1,-1,-1
52,86,326,388,37,69,1,1,-1,-1
52,143,276,382,36,66,1,1,-1,-1
52,144,1292,481,42,45,1,10,-1,-1
52,145,1711,437,33,63,1,1,-1,-1
52,219,810,318,24,48,1,1,-1,-1
52,220,1089,636,37,80,1,1,-1,-1
52,221,1222,380,51,45,1,10,-1,-1
52,222,571,325,24,41,1,10,-1,-1
53,25,446,986,190,80,1,7,-1,-1
53,40,1027,681,36,86,1,1,-1,-1
53,53,832,317,24,49,1,1,-1,-1
53,85,886,334,21,56,1,1,-1,-1
53,86,324,389,37,69,1,1,-1,-1
53,143,275,391,41,75,1,1,-1,-1
53,144,1292,482,43,45,1,10,-1,-1
53,145,1713,439,33,63,1,1,-1,-1
53,222,570,326,24,41,1,10,-1,-1
54,53,824,332,29,53,1,1,-1,-1
54,85,882,331,17,53,1,1,-1,-1
54,86,322,390,37,69,1,1,-1,-1
54,144,1306,493,37,39,1,10,-1,-1
54,145,1716,440,33,63,1,1,-1,-1
54,223,315,634,34,82,1,1,-1,-1
54,224,1083,883,45,100,1,3,-1,-1
54,225,1220,382,51,45,1,10,-1,-1
55,14,871,316,18,57,1,1,-1,-1
55,53,840,333,24,56,1,1,-1,-1
55,54,568,327,24,41,1,10,-1,-1
55,86,320,391,37,69,1,1,-1,-1
55,144,1294,485,43,45,1,10,-1,-1
55,145,1718,442,33,63,1,1,-1,-1
55,146,1101,342,21,44,1,1,-1,-1
55,223,315,636,34,82,1,1,-1,-1
55,224,1082,873,40,88,1,3,-1,-1
55,225,1219,384,51,45,1,10,-1,-1
56,14,876,332,17,55,1,1,-1,-1
56,53,828,333,29,53,1,1,-1,-1
56,54,568,328,24,41,1,10,-1,-1
56,87,1274,416,35,45,1,2,-1,-1
56,145,1720,443,33,63,1,1,-1,-1
56,146,1102,343,21,44,1,1,-1,-1
56,223,313,636,34,84,1,1,-1,-1
56,224,1088,889,45,100,1,3,-1,-1
56,225,1218,385,51,45,1,10,-1,-1
56,226,282,384,36,66,1,1,-1,-1
57,14,873,332,17,56,1,1,-1,-1
57,53,830,320,24,49,1,1,-1,-1
57,54,573,328,24,41,1,10,-1,-1
57,87,1274,417,35,45,1,2,-1,-1
57,145,1722,445,33,63,1,1,-1,-1
57,146,1103,345,21,44,1,1,-1,-1
57,147,1088,642,37,84,1,1,-1,-1
57,223,312,637,34,85,1,1,-1,-1
57,224,1091,892,45,100,1,3,-1,-1
57,225,1217,386,51,45,1,10,-1,-1
57,226,283,383,36,66,1,1,-1,-1
57,227,1552,721,53,67,1,2,-1,-1
58,14,868,344,19,60,1,1,-1,-1
58,54,578,328,24,41,1,10,-1,-1
58,55,842,336,24,56,1,1,-1,-1
58,87,1278,410,67,46,1,3,-1,-1
58,146,1104,346,21,44,1,1,-1,-1
58,147,1088,643,37,85,1,1,-1,-1
58,223,310,638,34,86,1,1,-1,-1
58,224,1093,895,45,100,1,3,-1,-1
58,225,1216,388,51,45,1,10,-1,-1
58,226,285,382,36,66,1,1,-1,-1
58,227,1553,724,53,67,1,2,-1,-1
59,14,861,345,19,50,1,1,-1,-1
59,54,583,329,24,41,1,10,-1,-1
59,55,832,335,28,53,1,1,-1,-1
59,87,1270,402,57,39,1,3,-1,-1
59,146,1105,347,21,45,1,1,-1,-1
59,147,1084,631,36,83,1,1,-1,-1
59,226,286,382,37,65,1,1,-1,-1
59,227,1556,726,53,67,1,2,-1,-1
60,14,861,340,16,43,1,1,-1,-1
60,54,588,329,24,41,1,10,-1,-1
60,55,842,339,24,56,1,1,-1,-1
60,87,1270,403,57,39,1,3,-1,-1
60,88,306,396,37,69,1,1,-1,-1
60,146,1106,348,21,45,1,1,-1,-1
60,147,1087,646,37,85,1,1,-1,-1
60,148,1728,450,33,63,1,1,-1,-1
60,226,288,381,37,65,1,1,-1,-1
60,227,1560,728,53,67,1,2,-1,-1
61,14,852,322,24,50,1,1,-1,-1
61,54,593,330,24,40,1,10,-1,-1
61,55,833,336,28,53,1,1,-1,-1
61,87,1252,391,65,44,1,3,-1,-1
61,88,303,398,37,69,1,1,-1,-1
61,147,1087,648,37,85,1,1,-1,-1
61,148,1731,452,33,63,1,1,-1,-1
61,149,107,618,52,91,1,1,-1,-1
61,227,1564,730,53,67,1,2,-1,-1
62,14,858,323,24,50,1,1,-1,-1
62,54,598,330,24,41,1,10,-1,-1
62,55,833,336,28,54,1,1,-1,-1
62,87,1251,362,61,53,1,10,-1,-1
62,88,302,379,37,66,1,1,-1,-1
62,89,1296,395,52,36,1,3,-1,-1
62,147,1099,652,36,84,1,1,-1,-1
62,148,1738,454,33,64,1,1,-1,-1
62,149,121,642,46,76,1,1,-1,-1
62,228,1311,495,43,45,1,10,-1,-1
63,14,863,324,24,49,1,1,-1,-1
63,55,843,343,24,57,1,1,-1,-1
63,88,315,378,37,66,1,1,-1,-1
63,89,1282,406,57,39,1,3,-1,-1
63,148,1745,456,34,65,1,1,-1,-1
63,149,129,640,49,78,1,1,-1,-1
63,228,1322,497,43,45,1,10,-1,-1
63,229,1572,734,53,67,1,2,-1,-1
64,14,868,320,24,52,1,2,-1,-1
64,55,847,339,27,53,1,1,-1,-1
64,88,328,377,36,66,1,1,-1,-1
64,89,1287,407,57,39,1,3,-1,-1
64,148,1752,459,34,66,1,1,-1,-1
64,149,128,633,57,85,1,1,-1,-1
64,228,1333,499,43,46,1,10,-1,-1
64,229,1575,737,53,67,1,2,-1,-1
65,14,874,325,24,50,1,1,-1,-1
65,55,849,317,24,50,1,1,-1,-1
65,88,345,386,35,64,1,1,-1,-1
65,89,1293,408,57,39,1,3,-1,-1
65,148,1759,461,35,67,1,1,-1,-1
65,149,144,637,55,80,1,1,-1,-1
65,228,1344,501,43,46,1,10,-1,-1
65,229,1579,739,53,67,1,2,-1,-1
66,88,354,375,36,66,1,1,-1,-1
66,89,1299,409,57,39,1,3,-1,-1
66,149,152,636,58,81,1,1,-1,-1
66,228,1356,503,43,47,1,10,-1,-1
66,229,1582,727,60,76,1,2,-1,-1
67,26,886,347,27,50,1,1,-1,-1
67,89,1304,410,57,39,1,3,-1,-1
67,90,127,403,36,70,1,1,-1,-1
67,229,1586,722,74,93,1,2,-1,-1
68,26,893,354,21,50,1,1,-1,-1
68,27,1529,649,47,60,1,2,-1,-1
68,89,1310,411,57,39,1,3,-1,-1
68,90,126,405,36,70,1,1,-1,-1
68,91,1162,707,33,85,1,1,-1,-1
68,230,859,328,24,49,1,1,-1,-1
68,231,1054,698,40,89,1,1,-1,-1
69,26,880,347,27,50,1,1,-1,-1
69,27,1530,653,39,56,1,2,-1,-1
69,90,125,406,36,70,1,1,-1,-1
69,91,1172,679,43,100,1,1,-1,-1
69,92,894,354,21,50,1,1,-1,-1
69,230,859,329,24,49,1,1,-1,-1
69,231,1053,700,40,88,1,1,-1,-1
69,232,603,444,33,60,1,1,-1,-1
69,233,1485,623,34,49,1,2,-1,-1
70,26,877,347,27,50,1,1,-1,-1
70,27,1530,655,40,55,1,2,-1,-1
70,90,124,408,36,70,1,1,-1,-1
70,91,1186,689,37,87,1,1,-1,-1
70,92,893,343,24,57,1,1,-1,-1
70,230,859,330,24,49,1,1,-1,-1
70,231,1052,702,40,86,1,1,-1,-1
70,232,603,445,33,60,1,1,-1,-1
70,233,1486,625,33,48,1,2,-1,-1
70,234,219,458,37,67,1,1,-1,-1
71,26,884,329,24,50,1,1,-1,-1
71,27,1531,657,40,55,1,2,-1,-1
71,90,123,409,36,70,1,1,-1,-1
71,91,1187,690,37,90,1,1,-1,-1
71,92,896,355,21,50,1,1,-1,-1
71,150,854,377,31,56,1,1,-1,-1
71,230,859,331,24,49,1,1,-1,-1
71,231,1051,704,40,85,1,1,-1,-1
71,232,603,446,33,60,1,1,-1,-1
71,233,1487,627,33,48,1,2,-1,-1
71,234,221,459,37,67,1,1,-1,-1
71,235,1387,446,33,45,1,10,-1,-1
72,15,120,654,58,81,1,1,-1,-1
72,26,884,329,24,50,1,1,-1,-1
72,27,1531,658,40,55,1,2,-1,-1
72,90,124,408,45,87,1,1,-1,-1
72,91,1188,692,36,91,1,1,-1,-1
72,92,892,345,24,57,1,1,-1,-1
72,150,853,377,30,57,1,1,-1,-1
72,230,859,332,24,49,1,1,-1,-1
72,231,1050,706,40,84,1,1,-1,-1
72,232,603,447,33,60,1,1,-1,-1
72,233,1487,627,33,49,1,2,-1,-1
72,234,224,459,37,67,1,1,-1,-1
72,235,1395,446,31,42,1,10,-1,-1
73,15,115,657,58,81,1,1,-1,-1
73,26,884,330,24,50,1,1,-1,-1
73,27,1525,645,46,63,1,2,-1,-1
73,41,1170,762,25,62,1,1,-1,-1
73,56,1323,412,50,33,1,3,-1,-1
73,90,121,412,36,70,1,1,-1,-1
73,91,1189,693,36,93,1,1,-1,-1
73,92,899,357,21,50,1,1,-1,-1
73,150,852,378,30,56,1,1,-1,-1
73,232,604,449,33,60,1,1,-1,-1
73,233,1487,628,33,49,1,2,-1,-1
73,234,226,460,37,67,1,1,-1,-1
73,235,1395,446,31,43,1,10,-1,-1
74,15,110,660,58,81,1,1,-1,-1
74,26,883,330,24,50,1,1,-1,-1
74,27,1509,642,46,62,1,2,-1,-1
74,41,1159,761,31,77,1,1,-1,-1
74,56,1332,418,58,39,1,3,-1,-1
74,91,1190,695,36,95,1,1,-1,-1
74,92,890,347,24,57,1,1,-1,-1
74,150,857,366,32,60,1,1,-1,-1
74,234,228,460,37,67,1,1,-1,-1
74,235,1395,447,32,43,1,10,-1,-1
74,236,1048,710,40,81,1,1,-1,-1
75,15,105,663,58,81,1,1,-1,-1
75,26,883,331,24,50,1,1,-1,-1
75,27,1523,648,45,62,1,2,-1,-1
75,41,1162,719,32,85,1,1,-1,-1
75,56,1332,419,58,39,1,3,-1,-1
75,92,901,358,21,50,1,1,-1,-1
75,150,849,378,29,56,1,1,-1,-1
75,235,1395,447,32,45,1,10,-1,-1
75,236,1048,712,39,80,1,1,-1,-1
75,237,1487,629,33,51,1,2,-1,-1
76,15,99,665,58,81,1,1,-1,-1
76,26,883,332,24,50,1,1,-1,-1
76,27,1509,643,46,64,1,2,-1,-1
76,41,1162,721,32,86,1,1,-1,-1
76,56,1332,420,58,39,1,3,-1,-1
76,93,233,463,37,67,1,1,-1,-1
76,150,848,379,29,56,1,1,-1,-1
76,236,1047,713,39,80,1,1,-1,-1
76,237,1487,630,34,52,1,2,-1,-1
76,238,601,451,33,61,1,1,-1,-1
76,239,955,720,41,97,1,1,-1,-1
77,15,94,667,58,81,1,1,-1,-1
77,27,1509,644,47,65,1,2,-1,-1
77,41,1162,723,32,87,1,1,-1,-1
77,56,1332,421,58,39,1,3,-1,-1
77,57,955,334,24,50,1,1,-1,-1
77,93,235,465,37,67,1,1,-1,-1
77,236,1046,715,40,80,1,1,-1,-1
77,237,1487,631,34,52,1,2,-1,-1
77,238,600,452,33,61,1,1,-1,-1
77,239,950,721,43,96,1,1,-1,-1
78,6,882,333,24,50,1,1,-1,-1
78,15,89,670,58,81,1,1,-1,-1
78,41,1162,725,32,88,1,1,-1,-1
78,56,1332,422,58,39,1,3,-1,-1
78,57,955,335,24,50,1,1,-1,-1
78,93,238,467,37,67,1,1,-1,-1
78,236,1058,724,48,72,1,1,-1,-1
78,237,1497,636,35,49,1,2,-1,-1
78,238,590,468,36,70,1,1,-1,-1
78,239,946,722,44,96,1,1,-1,-1
78,240,1338,443,35,44,1,2,-1,-1
79,6,886,350,23,58,1,1,-1,-1
79,15,100,681,64,89,1,1,-1,-1
79,41,1175,718,38,100,1,1,-1,-1
79,56,1332,423,59,39,1,3,-1,-1
79,57,955,336,24,50,1,1,-1,-1
79,58,1509,645,47,67,1,2,-1,-1
79,93,240,469,37,67,1,1,-1,-1
79,94,842,379,26,56,1,1,-1,-1
79,237,1487,632,34,54,1,2,-1,-1
79,238,599,453,32,63,1,1,-1,-1
79,239,941,722,47,96,1,1,-1,-1
79,240,1338,444,35,44,1,2,-1,-1
80,6,881,335,24,50,1,1,-1,-1
80,15,78,674,58,81,1,1,-1,-1
80,28,1040,758,55,77,1,1,-1,-1
80,41,1162,729,32,90,1,1,-1,-1
80,56,1327,417,63,41,1,3,-1,-1
80,57,955,337,24,50,1,1,-1,-1
80,58,1509,646,48,68,1,2,-1,-1
80,93,242,471,37,67,1,1,-1,-1
80,94,842,354,29,62,1,1,-1,-1
80,238,598,454,32,63,1,1,-1,-1
80,239,937,723,48,96,1,1,-1,-1
80,240,1338,445,36,44,1,2,-1,-1
81,6,880,335,24,50,1,1,-1,-1
81,15,73,677,58,81,1,1,-1,-1
81,28,1034,762,56,76,1,1,-1,-1
81,41,1163,731,31,91,1,1,-1,-1
81,57,955,337,24,50,1,1,-1,-1
81,58,1510,649,48,68,1,2,-1,-1
81,93,245,474,37,67,1,1,-1,-1
81,94,839,379,23,56,1,1,-1,-1
81,240,1339,446,36,44,1,2,-1,-1
82,6,880,336,24,50,1,1,-1,-1
82,15,66,679,57,81,1,1,-1,-1
82,28,1041,725,45,79,1,1,-1,-1
82,57,955,338,24,50,1,1,-1,-1
82,58,1512,652,48,68,1,2,-1,-1
82,93,246,475,37,67,1,1,-1,-1
82,94,837,379,22,56,1,1,-1,-1
82,240,1340,447,36,44,1,2,-1,-1
82,241,883,352,22,58,1,1,-1,-1
83,6,879,337,24,50,1,1,-1,-1
83,9,1536,674,44,60,1,2,-1,-1
83,28,1039,728,45,80,1,1,-1,-1
83,42,324,397,36,69,1,1,-1,-1
83,57,955,339,24,50,1,1,-1,-1
83,58,1513,655,48,68,1,2,-1,-1
83,94,835,379,21,56,1,1,-1,-1
83,241,882,353,22,57,1,1,-1,-1
84,6,879,338,24,50,1,1,-1,-1
84,9,1537,676,44,60,1,2,-1,-1
84,28,1037,731,45,81,1,1,-1,-1
84,42,323,398,37,69,1,1,-1,-1
84,57,955,340,24,50,1,1,-1,-1
84,58,1497,668,58,82,1,2,-1,-1
84,94,834,379,20,56,1,1,-1,-1
84,95,379,379,36,66,1,1,-1,-1
84,241,882,354,21,57,1,1,-1,-1
84,242,1645,784,53,67,1,2,-1,-1
85,6,878,339,24,50,1,1,-1,-1
85,9,1538,679,44,60,1,2,-1,-1
85,28,1036,734,44,82,1,1,-1,-1
85,42,322,398,37,69,1,1,-1,-1
85,58,1517,662,48,68,1,2,-1,-1
85,94,832,379,20,56,1,1,-1,-1
85,95,379,380,36,66,1,1,-1,-1
85,96,853,341,24,51,1,1,-1,-1
85,241,882,355,21,57,1,1,-1,-1
85,242,1647,787,53,67,1,2,-1,-1
85,243,628,417,25,65,1,1,-1,-1
86,6,878,340,24,50,1,1,-1,-1
86,9,1540,682,45,60,1,2,-1,-1
86,28,1034,737,45,84,1,1,-1,-1
86,42,322,398,36,69,1,1,-1,-1
86,58,1519,664,48,68,1,2,-1,-1
86,95,379,380,36,66,1,1,-1,-1
86,96,853,342,23,51,1,1,-1,-1
86,241,891,352,22,56,1,1,-1,-1
86,242,1649,790,53,67,1,2,-1,-1
86,243,625,423,22,56,1,1,-1,-1
87,6,882,357,22,57,1,1,-1,-1
87,9,1543,685,45,60,1,2,-1,-1
87,28,1033,740,44,85,1,1,-1,-1
87,42,321,398,36,69,1,1,-1,-1
87,95,380,381,36,66,1,1,-1,-1
87,96,847,351,18,42,1,1,-1,-1
87,242,1649,810,45,57,1,2,-1,-1
87,243,625,425,22,55,1,1,-1,-1
88,1,813,369,32,64,1,1,-1,-1
88,6,877,342,24,50,1,1,-1,-1
88,9,1525,670,48,68,1,2,-1,-1
88,28,1031,743,44,86,1,1,-1,-1
88,42,320,399,37,69,1,1,-1,-1
88,95,385,388,37,68,1,1,-1,-1
88,96,843,358,21,49,1,1,-1,-1
88,242,1650,807,37,46,1,2,-1,-1
88,243,625,427,23,55,1,1,-1,-1
89,1,812,385,27,52,1,1,-1,-1
89,6,877,343,24,50,1,1,-1,-1
89,9,1528,672,48,68,1,2,-1,-1
89,28,1030,746,44,88,1,1,-1,-1
89,42,320,399,36,69,1,1,-1,-1
89,59,917,725,46,92,1,1,-1,-1
89,95,380,382,36,66,1,1,-1,-1
89,96,842,358,21,49,1,1,-1,-1
89,151,995,766,39,92,1,1,-1,-1
89,243,625,428,23,55,1,1,-1,-1
90,1,812,387,26,51,1,1,-1,-1
90,6,870,354,24,49,1,1,-1,-1
90,9,1531,675,48,68,1,2,-1,-1
90,42,321,395,31,59,1,1,-1,-1
90,59,915,725,46,92,1,1,-1,-1
90,95,386,375,37,67,1,1,-1,-1
90,96,842,359,21,49,1,1,-1,-1
90,151,979,778,40,95,1,1,-1,-1
91,1,825,383,20,56,1,1,-1,-1
91,6,861,331,29,60,1,1,-1,-1
91,9,1535,666,58,82,1,2,-1,-1
91,42,318,399,36,69,1,1,-1,-1
91,59,914,725,46,92,1,1,-1,-1
91,96,841,360,21,49,1,1,-1,-1
91,151,972,785,40,95,1,1,-1,-1
91,244,850,345,23,52,1,1,-1,-1
92,1,827,363,24,66,1,1,-1,-1
92,6,850,307,36,74,1,1,-1,-1
92,9,1537,680,48,68,1,2,-1,-1
92,59,913,726,46,92,1,1,-1,-1
92,151,965,791,40,96,1,1,-1,-1
92,244,849,346,23,52,1,1,-1,-1
93,1,822,384,20,56,1,1,-1,-1
93,9,1540,683,48,68,1,2,-1,-1
93,29,630,436,25,57,1,1,-1,-1
93,59,906,735,37,74,1,1,-1,-1
93,151,958,798,40,95,1,1,-1,-1
93,244,848,346,24,52,1,1,-1,-1
93,245,840,362,21,49,1,1,-1,-1
93,246,1139,715,37,86,1,1,-1,-1
94,1,821,384,20,56,1,1,-1,-1
94,9,1543,686,48,68,1,2,-1,-1
94,29,633,438,25,58,1,1,-1,-1
94,59,910,727,46,92,1,1,-1,-1
94,151,951,804,40,96,1,1,-1,-1
94,244,848,347,23,52,1,1,-1,-1
94,245,839,362,21,49,1,1,-1,-1
94,246,1140,718,37,87,1,1,-1,-1
95,1,810,385,23,64,1,1,-1,-1
95,9,1545,688,48,68,1,2,-1,-1
95,29,636,440,25,59,1,1,-1,-1
95,59,896,704,53,106,1,1,-1,-1
95,244,847,348,23,52,1,1,-1,-1
95,245,838,363,21,49,1,1,-1,-1
95,246,1140,722,37,87,1,1,-1,-1
96,1,818,385,20,56,1,1,-1,-1
96,29,639,442,24,60,1,1,-1,-1
96,59,889,729,54,108,1,1,-1,-1
96,245,838,364,21,49,1,1,-1,-1
96,246,1141,726,37,88,1,1,-1,-1
96,247,386,386,36,66,1,1,-1,-1
97,1,808,397,26,50,1,1,-1,-1
97,29,642,444,24,61,1,1,-1,-1
97,152,1573,715,47,60,1,2,-1,-1
97,245,837,365,21,49,1,1,-1,-1
97,246,1158,724,31,74,1,1,-1,-1
97,247,387,387,36,66,1,1,-1,-1
98,1,816,387,20,56,1,1,-1,-1
98,29,645,446,24,62,1,1,-1,-1
98,152,1576,718,47,60,1,2,-1,-1
98,247,388,387,36,66,1,1,-1,-1
98,248,851,359,32,67,1,1,-1,-1
98,249,1396,545,40,52,1,10,-1,-1
99,1,822,388,20,56,1,1,-1,-1
99,29,648,448,24,63,1,1,-1,-1
99,152,1579,721,48,60,1,2,-1,-1
99,247,381,393,35,64,1,1,-1,-1
99,248,844,356,30,63,1,1,-1,-1
99,249,1399,547,40,52,1,10,-1,-1
99,250,1306,443,47,42,1,10,-1,-1
100,1,824,401,27,50,1,1,-1,-1
100,29,651,450,24,64,1,1,-1,-1
100,152,1560,702,48,68,1,2,-1,-1
100,247,391,389,36,66,1,1,-1,-1
100,248,858,351,23,53,1,1,-1,-1
100,249,1402,549,40,52,1,10,-1,-1
100,250,1314,439,51,45,1,10,-1,-1
100,251,791,379,28,49,1,1,-1,-1
101,1,833,402,26,50,1,1,-1,-1
101,29,651,451,26,64,1,1,-1,-1
101,152,1554,690,43,61,1,2,-1,-1
101,248,864,352,23,53,1,1,-1,-1
101,249,1405,551,40,52,1,10,-1,-1
101,250,1317,440,51,45,1,10,-1,-1
101,251,793,380,28,49,1,1,-1,-1
101,252,925,865,59,83,1,1,-1,-1
102,1,840,393,20,56,1,1,-1,-1
102,29,652,453,27,63,1,1,-1,-1
102,152,1540,689,39,53,1,2,-1,-1
102,248,870,353,23,53,1,1,-1,-1
102,249,1408,554,40,52,1,10,-1,-1
102,250,1294,442,64,56,1,10,-1,-1
102,251,794,381,28,49,1,1,-1,-1
102,252,915,869,61,80,1,1,-1,-1
103,1,846,395,20,56,1,1,-1,-1
103,60,1544,696,64,90,1,2,-1,-1
103,250,1305,444,65,58,1,10,-1,-1
103,251,796,382,28,49,1,1,-1,-1
103,252,888,854,71,89,1,1,-1,-1
104,1,852,389,27,51,1,1,-1,-1
104,60,1561,726,59,81,1,2,-1,-1
104,97,125,464,36,70,1,1,-1,-1
104,251,798,383,28,49,1,1,-1,-1
104,252,890,852,94,111,1,1,-1,-1
105,1,854,408,27,51,1,1,-1,-1
105,60,1572,716,49,69,1,2,-1,-1
105,97,129,465,36,70,1,1,-1,-1
105,98,1226,779,35,105,1,1,-1,-1
105,153,1388,481,35,49,1,2,-1,-1
105,252,859,844,93,115,1,1,-1,-1
106,1,856,410,27,51,1,1,-1,-1
106,60,1574,719,50,70,1,2,-1,-1
106,97,133,466,36,70,1,1,-1,-1
106,98,1227,783,35,105,1,1,-1,-1
106,153,1392,482,35,49,1,2,-1,-1
106,253,1322,448,51,45,1,10,-1,-1
106,254,320,700,61,124,1,1,-1,-1
107,1,859,412,27,52,1,1,-1,-1
107,60,1576,723,50,70,1,2,-1,-1
107,97,130,466,36,70,1,1,-1,-1
107,98,1228,788,35,105,1,1,-1,-1
107,153,1408,481,33,59,1,1,-1,-1
107,253,1328,460,56,49,1,10,-1,-1
107,254,318,742,52,106,1,1,-1,-1
108,1,852,401,20,56,1,1,-1,-1
108,60,1578,726,51,70,1,2,-1,-1
108,61,1445,491,39,54,1,10,-1,-1
108,97,127,467,37,70,1,1,-1,-1
108,98,1229,792,35,105,1,1,-1,-1
108,153,1396,485,35,50,1,2,-1,-1
108,253,1323,451,51,45,1,10,-1,-1
108,254,323,733,44,87,1,1,-1,-1
109,60,1590,728,68,83,1,2,-1,-1
109,61,1446,493,39,54,1,10,-1,-1
109,97,125,468,37,70,1,1,-1,-1
109,98,1230,796,35,105,1,1,-1,-1
109,153,1397,487,35,50,1,2,-1,-1
109,253,1315,461,54,48,1,10,-1,-1
109,254,320,737,45,87,1,1,-1,-1
110,13,895,388,25,46,1,1,-1,-1
110,60,1582,732,52,72,1,2,-1,-1
110,61,1447,495,39,54,1,10,-1,-1
110,97,122,469,37,70,1,1,-1,-1
110,98,1231,801,35,105,1,1,-1,-1
110,153,1393,477,70,45,1,3,-1,-1
110,154,626,371,24,40,1,10,-1,-1
110,253,1324,455,51,45,1,10,-1,-1
110,254,320,720,48,93,1,1,-1,-1
111,13,898,390,25,46,1,1,-1,-1
111,61,1454,500,43,60,1,10,-1,-1
111,98,1232,805,35,105,1,1,-1,-1
111,154,625,373,24,40,1,10,-1,-1
111,155,509,839,42,101,1,1,-1,-1
112,13,899,367,24,50,1,1,-1,-1
112,61,1450,499,39,54,1,10,-1,-1
112,99,914,386,27,51,1,1,-1,-1
112,100,1176,785,37,91,1,1,-1,-1
112,154,624,374,24,40,1,10,-1,-1
112,155,512,849,42,101,1,1,-1,-1
112,255,117,471,38,70,1,1,-1,-1
112,256,964,393,25,50,1,1,-1,-1
112,257,1702,964,76,85,1,10,-1,-1
113,13,899,369,24,50,1,1,-1,-1
113,61,1442,499,48,67,1,10,-1,-1
113,62,1428,600,48,51,1,10,-1,-1
113,99,915,394,28,55,1,1,-1,-1
113,100,1177,789,37,91,1,1,-1,-1
113,154,623,375,24,40,1,10,-1,-1
113,155,509,853,43,103,1,1,-1,-1
113,255,115,472,37,69,1,1,-1,-1
113,256,965,394,26,50,1,1,-1,-1
113,257,1706,970,76,85,1,10,-1,-1
114,13,898,370,24,50,1,1,-1,-1
114,61,1458,497,42,58,1,10,-1,-1
114,62,1429,595,43,44,1,10,-1,-1
114,99,906,395,23,45,1,1,-1,-1
114,100,1178,793,37,91,1,1,-1,-1
114,154,630,387,21,35,1,10,-1,-1
114,155,504,852,43,104,1,1,-1,-1
114,255,112,473,38,69,1,1,-1,-1
114,256,965,383,34,61,1,1,-1,-1
114,257,1708,974,76,84,1,10,-1,-1
114,258,1590,745,53,74,1,2,-1,-1
115,13,897,371,25,50,1,1,-1,-1
115,43,660,482,33,63,1,1,-1,-1
115,61,1452,504,39,54,1,10,-1,-1
115,62,1415,583,49,50,1,10,-1,-1
115,99,915,396,28,55,1,1,-1,-1
115,100,1180,797,36,92,1,1,-1,-1
115,154,621,378,24,40,1,10,-1,-1
115,155,503,861,45,107,1,1,-1,-1
115,156,602,675,33,75,1,1,-1,-1
115,255,110,474,38,69,1,1,-1,-1
115,256,978,373,24,50,1,1,-1,-1
115,257,1710,979,76,83,1,10,-1,-1
115,258,1592,749,54,74,1,2,-1,-1
115,259,1222,852,32,103,1,1,-1,-1
116,13,897,373,24,50,1,1,-1,-1
116,16,268,747,66,138,1,1,-1,-1
116,43,661,485,33,63,1,1,-1,-1
116,62,1416,586,50,50,1,10,-1,-1
116,99,915,397,28,55,1,1,-1,-1
116,100,1184,801,36,92,1,1,-1,-1
116,155,501,866,45,108,1,1,-1,-1
116,156,587,673,37,84,1,1,-1,-1
116,255,107,475,38,69,1,1,-1,-1
116,256,977,374,24,50,1,1,-1,-1
116,257,1712,983,76,82,1,10,-1,-1
116,258,1594,752,54,74,1,2,-1,-1
116,259,1226,858,33,103,1,1,-1,-1
117,13,892,392,29,57,1,1,-1,-1
117,16,260,739,55,115,1,1,-1,-1
117,43,667,486,34,63,1,1,-1,-1
117,62,1418,590,51,49,1,10,-1,-1
117,99,906,398,23,45,1,1,-1,-1
117,100,1188,806,36,92,1,1,-1,-1
117,156,590,673,37,84,1,1,-1,-1
117,258,1596,755,55,75,1,2,-1,-1
117,259,1225,838,39,114,1,1,-1,-1
117,260,864,416,21,55,1,1,-1,-1
118,13,895,375,26,50,1,1,-1,-1
118,16,274,777,45,96,1,1,-1,-1
118,43,674,488,34,63,1,1,-1,-1
118,62,1418,592,51,49,1,10,-1,-1
118,99,906,399,23,45,1,1,-1,-1
118,100,1185,793,35,88,1,1,-1,-1
118,156,593,673,37,84,1,1,-1,-1
118,258,1598,758,55,76,1,2,-1,-1
118,259,1235,870,35,103,1,1,-1,-1
118,260,866,418,21,55,1,1,-1,-1
118,261,950,416,29,62,1,1,-1,-1
119,13,901,371,31,60,1,1,-1,-1
119,16,292,798,43,92,1,1,-1,-1
119,43,680,490,35,63,1,1,-1,-1
119,62,1419,594,51,49,1,10,-1,-1
119,156,596,673,37,84,1,1,-1,-1
119,259,1239,876,36,103,1,1,-1,-1
119,260,867,420,22,55,1,1,-1,-1
119,261,962,418,25,53,1,1,-1,-1
120,13,893,384,31,61,1,1,-1,-1
120,16,303,798,39,82,1,1,-1,-1
120,43,687,491,35,64,1,1,-1,-1
120,62,1419,597,51,49,1,10,-1,-1
120,156,599,673,37,84,1,1,-1,-1
120,260,871,443,25,46,1,1,-1,-1
120,261,962,418,26,53,1,1,-1,-1
121,13,894,380,26,50,1,1,-1,-1
121,16,281,788,45,94,1,1,-1,-1
121,43,693,493,37,64,1,1,-1,-1
121,44,1649,804,54,63,1,2,-1,-1
121,260,871,425,22,54,1,1,-1,-1
121,261,955,399,37,56,1,1,-1,-1
121,262,931,379,30,61,1,2,-1,-1
122,16,287,791,45,92,1,1,-1,-1
122,43,700,495,37,63,1,1,-1,-1
122,44,1662,812,54,63,1,2,-1,-1
122,261,954,400,28,57,1,2,-1,-1
122,262,939,378,26,53,1,2,-1,-1
123,16,293,794,45,91,1,1,-1,-1
123,43,706,496,38,64,1,1,-1,-1
123,44,1675,819,54,63,1,2,-1,-1
123,262,929,365,27,58,1,2,-1,-1
123,263,1009,866,50,92,1,1,-1,-1
124,16,302,824,41,81,1,1,-1,-1
124,44,1688,827,54,63,1,2,-1,-1
124,262,936,385,26,50,1,1,-1,-1
124,263,1025,872,50,93,1,1,-1,-1
125,16,306,800,45,88,1,1,-1,-1
125,44,1702,802,53,70,1,2,-1,-1
125,262,932,386,21,53,1,1,-1,-1
125,263,1042,879,49,93,1,1,-1,-1
126,16,300,804,45,88,1,1,-1,-1
126,44,1704,839,54,63,1,2,-1,-1
126,157,936,411,26,55,1,1,-1,-1
126,263,1039,883,49,94,1,1,-1,-1
127,44,1707,844,53,63,1,2,-1,-1
127,157,934,388,22,53,1,1,-1,-1
127,263,1036,887,49,95,1,1,-1,-1
127,264,618,530,34,67,1,1,-1,-1
128,44,1709,849,54,63,1,2,-1,-1
128,45,946,440,21,61,1,1,-1,-1
128,101,1488,627,53,55,1,10,-1,-1
128,157,936,389,22,53,1,1,-1,-1
128,264,622,552,29,57,1,1,-1,-1
129,44,1712,853,53,63,1,2,-1,-1
129,45,947,444,21,61,1,1,-1,-1
129,63,1456,507,69,42,1,3,-1,-1
129,101,1490,629,53,55,1,10,-1,-1
129,157,936,391,22,53,1,1,-1,-1
129,158,900,423,21,60,1,1,-1,-1
129,264,620,535,34,67,1,1,-1,-1
130,45,948,449,21,61,1,1,-1,-1
130,63,1455,509,70,43,1,3,-1,-1
130,101,1491,631,53,56,1,10,-1,-1
130,157,936,394,23,53,1,1,-1,-1
130,158,902,425,21,61,1,1,-1,-1
130,264,618,538,34,67,1,1,-1,-1
131,45,950,454,21,61,1,1,-1,-1
131,63,1454,511,71,44,1,3,-1,-1
131,101,1492,633,54,57,1,10,-1,-1
131,157,937,397,23,53,1,1,-1,-1
131,158,904,428,21,61,1,1,-1,-1
131,159,512,939,47,108,1,1,-1,-1
131,264,617,541,34,68,1,1,-1,-1
132,45,950,455,21,61,1,1,-1,-1
132,63,1454,513,72,45,1,3,-1,-1
132,101,1494,635,54,58,1,10,-1,-1
132,158,905,430,21,61,1,1,-1,-1
132,159,488,938,55,121,1,1,-1,-1
132,265,932,805,52,108,1,1,-1,-1
132,266,974,425,27,56,1,1,-1,-1
133,45,951,457,21,61,1,1,-1,-1
133,63,1454,515,72,45,1,3,-1,-1
133,101,1495,637,54,58,1,10,-1,-1
133,102,613,548,34,67,1,1,-1,-1
133,158,907,432,21,61,1,1,-1,-1
133,159,504,947,50,108,1,1,-1,-1
133,160,404,422,36,67,1,1,-1,-1
133,265,933,800,52,106,1,1,-1,-1
133,266,970,422,21,50,1,1,-1,-1
134,45,951,459,21,61,1,1,-1,-1
134,63,1442,515,78,48,1,3,-1,-1
134,101,1496,640,54,58,1,10,-1,-1
134,102,612,551,34,68,1,1,-1,-1
134,158,908,434,21,61,1,1,-1,-1
134,159,501,952,50,108,1,1,-1,-1
134,160,401,424,36,67,1,1,-1,-1
134,265,933,795,52,104,1,1,-1,-1
134,266,971,423,21,50,1,1,-1,-1
135,4,1533,557,48,55,1,10,-1,-1
135,45,952,461,21,61,1,1,-1,-1
135,63,1455,519,72,45,1,3,-1,-1
135,102,610,554,34,68,1,1,-1,-1
135,159,497,956,51,108,1,1,-1,-1
135,160,398,426,36,67,1,1,-1,-1
135,265,933,790,53,102,1,1,-1,-1
135,266,972,425,21,50,1,1,-1,-1
136,4,1533,559,48,55,1,10,-1,-1
136,45,956,471,20,58,1,1,-1,-1
136,63,1455,521,73,45,1,3,-1,-1
136,102,609,558,34,68,1,1,-1,-1
136,103,979,396,24,58,1,2,-1,-1
136,104,1293,970,46,106,1,1,-1,-1
136,159,494,961,52,108,1,1,-1,-1
136,160,395,427,36,67,1,1,-1,-1
136,161,927,419,17,42,1,1,-1,-1
136,265,934,785,52,100,1,1,-1,-1
136,266,973,426,21,50,1,1,-1,-1
136,267,922,436,26,66,1,1,-1,-1
137,4,1534,562,48,55,1,10,-1,-1
137,102,605,558,34,69,1,1,-1,-1
137,103,979,398,24,58,1,2,-1,-1
137,104,1275,973,41,93,1,1,-1,-1
137,160,392,429,36,67,1,1,-1,-1
137,161,930,409,21,51,1,1,-1,-1
137,267,923,439,26,66,1,1,-1,-1
138,4,1534,564,48,55,1,10,-1,-1
138,102,601,559,34,70,1,1,-1,-1
138,103,980,398,24,58,1,2,-1,-1
138,104,1275,979,41,91,1,1,-1,-1
138,160,389,430,36,67,1,1,-1,-1
138,161,932,410,21,51,1,1,-1,-1
138,267,924,441,26,66,1,1,-1,-1
138,268,974,430,22,50,1,1,-1,-1
138,269,1011,868,53,97,1,1,-1,-1
139,4,1534,567,48,55,1,10,-1,-1
139,102,591,545,33,68,1,1,-1,-1
139,103,982,399,24,58,1,2,-1,-1
139,104,1275,985,41,85,1,1,-1,-1
139,161,934,411,21,51,1,1,-1,-1
139,267,925,444,26,66,1,1,-1,-1
139,268,975,432,22,51,1,1,-1,-1
139,269,1011,875,54,96,1,1,-1,-1
140,4,1534,569,48,55,1,10,-1,-1
140,103,984,400,24,58,1,2,-1,-1
140,104,1275,991,41,79,1,1,-1,-1
140,161,938,426,27,56,1,1,-1,-1
140,162,348,590,46,87,1,1,-1,-1
140,267,917,447,22,60,1,1,-1,-1
140,268,976,434,22,52,1,1,-1,-1
140,269,1010,881,56,96,1,1,-1,-1
140,270,354,435,37,69,1,1,-1,-1
141,4,1537,570,41,67,1,1,-1,-1
141,64,961,479,21,61,1,1,-1,-1
141,103,986,400,24,58,1,2,-1,-1
141,104,1275,998,41,72,1,1,-1,-1
141,161,944,418,20,49,1,1,-1,-1
141,162,347,593,46,88,1,1,-1,-1
141,268,977,436,22,53,1,1,-1,-1
141,269,1010,888,57,96,1,1,-1,-1
141,270,353,437,37,69,1,1,-1,-1
142,4,1518,568,44,72,1,1,-1,-1
142,64,963,482,21,61,1,1,-1,-1
142,103,988,401,24,58,1,2,-1,-1
142,104,1275,1004,41,66,1,1,-1,-1
142,162,350,594,46,88,1,1,-1,-1
142,268,978,438,22,54,1,1,-1,-1
142,269,983,884,69,118,1,1,-1,-1
142,270,357,438,37,69,1,1,-1,-1
143,4,1521,571,44,72,1,1,-1,-1
143,64,965,486,21,61,1,1,-1,-1
143,162,349,569,52,99,1,1,-1,-1
143,270,362,440,37,69,1,1,-1,-1
144,4,1501,573,45,59,1,2,-1,-1
144,64,971,486,22,62,1,1,-1,-1
144,162,357,597,46,88,1,1,-1,-1
144,270,367,441,36,69,1,1,-1,-1
145,4,1503,575,45,59,1,2,-1,-1
145,64,978,487,22,63,1,1,-1,-1
145,162,335,592,57,108,1,1,-1,-1
145,271,404,437,36,67,1,1,-1,-1
146,4,1520,577,38,60,1,1,-1,-1
146,64,972,454,28,71,1,1,-1,-1
146,163,221,895,58,97,1,1,-1,-1
146,271,410,438,36,67,1,1,-1,-1
146,272,1103,465,45,72,1,1,-1,-1
147,4,1532,581,47,63,1,2,-1,-1
147,64,963,459,26,66,1,1,-1,-1
147,163,218,900,57,97,1,1,-1,-1
147,164,1252,960,44,95,1,1,-1,-1
147,271,407,439,36,67,1,1,-1,-1
147,272,1115,475,37,59,1,1,-1,-1
147,273,1445,533,54,48,1,10,-1,-1
148,4,1530,587,44,68,1,1,-1,-1
148,64,958,464,21,66,1,1,-1,-1
148,163,214,905,58,97,1,1,-1,-1
148,164,1255,965,44,93,1,1,-1,-1
148,271,405,440,36,67,1,1,-1,-1
148,272,1123,478,37,59,1,1,-1,-1
148,273,1445,534,54,48,1,10,-1,-1
148,274,356,600,42,81,1,1,-1,-1
149,4,1531,590,44,67,1,1,-1,-1
149,163,211,910,57,97,1,1,-1,-1
149,164,1258,969,44,92,1,1,-1,-1
149,165,1356,509,24,56,1,1,-1,-1
149,271,402,442,36,67,1,1,-1,-1
149,272,1119,479,37,59,1,1,-1,-1
149,273,1445,536,55,48,1,10,-1,-1
149,274,359,607,46,88,1,1,-1,-1
150,4,1533,593,44,67,1,1,-1,-1
150,163,202,894,58,99,1,1,-1,-1
150,164,1260,974,44,90,1,1,-1,-1
150,165,1353,517,25,58,1,1,-1,-1
150,272,1116,480,37,59,1,1,-1,-1
150,273,1445,538,55,48,1,10,-1,-1
150,274,358,610,46,88,1,1,-1,-1
150,275,999,415,24,57,1,2,-1,-1
151,4,1515,587,45,62,1,2,-1,-1
151,163,204,920,57,97,1,1,-1,-1
151,164,1263,978,44,89,1,1,-1,-1
151,165,1358,513,24,56,1,1,-1,-1
151,273,1445,539,56,49,1,10,-1,-1
151,274,356,612,46,88,1,1,-1,-1
151,275,1000,417,24,57,1,2,-1,-1
151,276,965,421,24,49,1,1,-1,-1
151,277,966,466,30,77,1,1,-1,-1
152,164,1266,983,44,87,1,1,-1,-1
152,165,1359,514,24,56,1,1,-1,-1
152,166,971,763,66,68,1,1,-1,-1
152,274,332,612,51,97,1,1,-1,-1
152,275,1002,419,24,57,1,2,-1,-1
152,276,966,423,24,49,1,1,-1,-1
152,277,972,468,26,66,1,1,-1,-1
153,165,1360,516,24,56,1,1,-1,-1
153,166,972,764,67,68,1,1,-1,-1
153,275,1001,420,24,57,1,2,-1,-1
153,276,965,424,24,49,1,1,-1,-1
153,277,972,470,26,66,1,1,-1,-1
153,278,1795,949,73,91,1,2,-1,-1
154,165,1361,518,24,56,1,1,-1,-1
154,166,947,772,85,84,1,1,-1,-1
154,275,1005,401,29,68,1,2,-1,-1
154,276,965,425,24,50,1,1,-1,-1
154,277,960,478,26,65,1,1,-1,-1
154,278,1802,973,60,76,1,2,-1,-1
155,166,973,767,70,68,1,1,-1,-1
155,276,964,426,24,50,1,1,-1,-1
155,277,954,462,25,59,1,1,-1,-1
155,278,1805,978,60,76,1,2,-1,-1
156,105,1588,606,48,64,1,10,-1,-1
156,166,973,768,72,68,1,1,-1,-1
156,167,1068,465,29,61,1,1,-1,-1
156,278,1821,979,68,86,1,2,-1,-1
157,105,1589,608,48,64,1,10,-1,-1
157,166,973,770,74,68,1,1,-1,-1
157,167,1069,467,29,60,1,1,-1,-1
157,168,971,477,26,66,1,1,-1,-1
157,278,1810,987,60,74,1,2,-1,-1
158,65,998,496,21,61,1,1,-1,-1
158,105,1590,611,48,64,1,10,-1,-1
158,167,1062,466,29,67,1,1,-1,-1
158,168,971,478,26,66,1,1,-1,-1
159,65,996,490,24,68,1,1,-1,-1
159,66,1781,965,69,81,1,2,-1,-1
159,105,1591,613,48,64,1,10,-1,-1
159,167,1070,471,29,60,1,1,-1,-1
159,168,964,491,27,67,1,1,-1,-1
159,169,341,632,46,88,1,1,-1,-1
160,65,1004,499,22,63,1,1,-1,-1
160,66,1784,970,69,81,1,2,-1,-1
160,105,1592,615,48,64,1,10,-1,-1
160,167,1075,472,46,73,1,1,-1,-1
160,168,965,494,27,68,1,1,-1,-1
160,169,339,635,46,88,1,1,-1,-1
161,65,995,491,24,68,1,1,-1,-1
161,66,1787,974,69,79,1,2,-1,-1
161,105,1594,617,48,64,1,10,-1,-1
161,167,1070,474,29,60,1,1,-1,-1
161,168,966,497,27,68,1,1,-1,-1
161,169,340,627,49,93,1,1,-1,-1
161,170,802,591,37,68,1,1,-1,-1
161,279,962,434,24,52,1,1,-1,-1
162,65,1002,480,25,71,1,1,-1,-1
162,66,1791,978,69,77,1,2,-1,-1
162,105,1595,619,48,64,1,10,-1,-1
162,168,967,500,27,69,1,1,-1,-1
162,169,335,639,46,88,1,1,-1,-1
162,170,801,591,45,83,1,1,-1,-1
162,279,970,434,19,43,1,1,-1,-1
163,65,993,491,24,68,1,1,-1,-1
163,66,1794,982,69,76,1,2,-1,-1
163,169,338,640,41,79,1,1,-1,-1
163,170,805,596,37,68,1,1,-1,-1
163,279,962,437,24,53,1,1,-1,-1
164,65,991,492,24,68,1,1,-1,-1
164,66,1804,955,74,80,1,2,-1,-1
164,169,331,642,46,88,1,1,-1,-1
164,170,807,598,37,68,1,1,-1,-1
164,171,378,464,37,67,1,1,-1,-1
164,172,1517,582,73,46,1,3,-1,-1
164,279,962,438,24,54,1,1,-1,-1
164,280,665,442,25,47,1,10,-1,-1
165,65,990,492,24,68,1,1,-1,-1
165,66,1802,990,69,72,1,2,-1,-1
165,170,809,601,37,68,1,1,-1,-1
165,171,377,466,37,67,1,1,-1,-1
165,172,1518,584,73,46,1,3,-1,-1
165,279,962,440,24,54,1,1,-1,-1
165,280,657,440,24,44,1,10,-1,-1
166,66,1805,994,69,71,1,2,-1,-1
166,170,794,607,37,67,1,1,-1,-1
166,171,375,467,37,67,1,1,-1,-1
166,172,1519,586,73,45,1,3,-1,-1
166,280,656,441,24,44,1,10,-1,-1
167,30,987,493,24,68,1,1,-1,-1
167,106,585,614,41,77,1,1,-1,-1
167,171,373,469,37,67,1,1,-1,-1
167,172,1521,588,73,45,1,3,-1,-1
167,173,1602,630,48,64,1,10,-1,-1
167,280,655,442,24,44,1,10,-1,-1
168,30,987,486,22,55,1,1,-1,-1
168,106,583,616,41,77,1,1,-1,-1
168,107,1451,571,64,46,1,10,-1,-1
168,171,371,471,37,67,1,1,-1,-1
168,172,1522,590,73,45,1,3,-1,-1
168,173,1603,632,48,64,1,10,-1,-1
168,280,654,443,24,44,1,10,-1,-1
169,30,985,493,24,68,1,1,-1,-1
169,106,582,618,41,77,1,1,-1,-1
169,107,1452,573,64,46,1,10,-1,-1
169,171,369,473,37,67,1,1,-1,-1
169,172,1524,592,73,45,1,3,-1,-1
169,173,1605,635,48,64,1,10,-1,-1
170,30,984,494,24,68,1,1,-1,-1
170,106,581,621,41,77,1,1,-1,-1
170,107,1453,575,64,46,1,10,-1,-1
170,173,1607,637,48,64,1,10,-1,-1
171,30,984,495,25,67,1,1,-1,-1
171,106,580,623,41,77,1,1,-1,-1
171,107,1454,577,65,46,1,10,-1,-1
171,173,1609,639,48,64,1,10,-1,-1
171,281,1573,749,64,58,1,10,-1,-1
172,30,985,496,25,66,1,1,-1,-1
172,106,568,627,41,78,1,1,-1,-1
172,107,1455,579,66,46,1,10,-1,-1
172,173,1611,641,48,64,1,10,-1,-1
172,281,1575,752,64,58,1,10,-1,-1
173,30,974,496,26,66,1,1,-1,-1
173,106,578,628,41,77,1,1,-1,-1
173,107,1456,582,67,45,1,10,-1,-1
173,281,1567,746,60,55,1,10,-1,-1
174,30,987,498,25,64,1,1,-1,-1
174,67,1527,615,53,74,1,2,-1,-1
174,107,1457,584,68,45,1,10,-1,-1
174,281,1579,758,64,58,1,10,-1,-1
175,30,988,499,25,63,1,1,-1,-1
175,67,1548,639,47,64,1,2,-1,-1
175,281,1581,761,64,58,1,10,-1,-1
175,282,575,633,41,77,1,1,-1,-1
176,30,989,500,25,62,1,1,-1,-1
176,67,1550,641,46,64,1,2,-1,-1
176,282,574,635,41,77,1,1,-1,-1
177,67,1551,644,47,63,1,2,-1,-1
177,282,573,638,41,77,1,1,-1,-1
178,67,1552,646,47,63,1,2,-1,-1
178,108,302,683,45,88,1,1,-1,-1
178,282,572,640,41,77,1,1,-1,-1
179,67,1554,648,47,64,1,2,-1,-1
179,108,301,686,45,87,1,1,-1,-1
179,282,571,643,41,77,1,1,-1,-1
180,67,1555,650,47,64,1,2,-1,-1
180,108,298,688,45,87,1,1,-1,-1
180,283,596,698,37,89,1,1,-1,-1
180,284,1533,612,78,54,1,3,-1,-1
181,2,985,531,27,68,1,1,-1,-1
181,67,1567,639,49,67,1,2,-1,-1
181,108,295,691,45,87,1,1,-1,-1
181,174,1030,497,29,61,1,1,-1,-1
181,283,590,699,37,90,1,1,-1,-1
181,284,1534,614,79,55,1,3,-1,-1
182,2,979,530,33,64,1,1,-1,-1
182,68,1001,521,33,63,1,1,-1,-1
182,108,292,693,45,87,1,1,-1,-1
182,174,1029,498,29,61,1,1,-1,-1
182,175,564,650,42,78,1,1,-1,-1
182,283,594,699,37,89,1,1,-1,-1
182,284,1535,616,79,55,1,3,-1,-1
183,2,974,503,30,74,1,1,-1,-1
183,68,1001,523,33,63,1,1,-1,-1
183,108,299,691,55,107,1,1,-1,-1
183,174,1028,499,29,61,1,1,-1,-1
183,175,562,652,42,79,1,1,-1,-1
183,283,607,720,33,80,1,1,-1,-1
183,284,1537,618,79,55,1,3,-1,-1
184,2,986,514,33,64,1,1,-1,-1
184,68,1001,525,33,64,1,1,-1,-1
184,108,286,698,45,87,1,1,-1,-1
184,174,1027,500,29,61,1,1,-1,-1
184,175,560,655,42,79,1,1,-1,-1
184,283,592,699,37,89,1,1,-1,-1
184,284,1539,621,79,55,1,3,-1,-1
184,285,996,461,23,56,1,2,-1,-1
185,2,985,508,24,59,1,1,-1,-1
185,68,1001,527,33,64,1,1,-1,-1
185,174,1026,501,29,61,1,1,-1,-1
185,175,557,657,43,80,1,1,-1,-1
185,176,1078,546,38,66,1,1,-1,-1
185,285,996,462,23,57,1,2,-1,-1
186,2,982,509,24,60,1,1,-1,-1
186,68,1001,530,33,64,1,1,-1,-1
186,174,1031,485,21,51,1,2,-1,-1
186,175,555,659,43,81,1,1,-1,-1
186,176,1076,547,38,66,1,1,-1,-1
186,285,996,464,23,57,1,2,-1,-1
187,2,980,511,23,60,1,1,-1,-1
187,68,998,531,33,64,1,1,-1,-1
187,175,553,662,43,80,1,1,-1,-1
187,176,1072,548,38,68,1,1,-1,-1
187,285,995,465,23,57,1,2,-1,-1
188,2,977,513,24,59,1,1,-1,-1
188,68,996,533,33,64,1,1,-1,-1
188,176,1068,550,39,69,1,1,-1,-1
188,285,994,466,24,57,1,2,-1,-1
189,2,974,514,24,60,1,1,-1,-1
189,68,997,507,29,60,1,1,-1,-1
189,176,1077,532,39,72,1,1,-1,-1
190,2,972,516,23,60,1,1,-1,-1
190,176,1079,524,45,80,1,1,-1,-1
190,177,1644,681,48,74,1,10,-1,-1
191,2,969,518,23,60,1,1,-1,-1
191,109,1552,637,79,55,1,3,-1,-1
191,177,1645,683,49,75,1,10,-1,-1
191,178,1372,544,37,73,1,1,-1,-1
192,2,966,519,23,61,1,1,-1,-1
192,109,1553,639,79,55,1,3,-1,-1
192,177,1646,685,49,76,1,10,-1,-1
192,178,1386,569,29,59,1,1,-1,-1
193,2,963,521,24,60,1,1,-1,-1
193,109,1584,643,65,45,1,3,-1,-1
193,177,1648,687,48,78,1,10,-1,-1
193,178,1387,570,29,60,1,1,-1,-1
194,2,961,523,23,60,1,1,-1,-1
194,69,292,517,36,73,1,1,-1,-1
194,109,1557,644,79,55,1,3,-1,-1
194,177,1649,689,49,79,1,10,-1,-1
194,178,1388,570,29,62,1,1,-1,-1
195,2,958,524,23,61,1,1,-1,-1
195,69,287,519,36,73,1,1,-1,-1
195,109,1559,646,79,55,1,3,-1,-1
195,177,1650,691,49,80,1,10,-1,-1
195,178,1389,571,29,63,1,1,-1,-1
196,2,955,526,23,61,1,1,-1,-1
196,69,283,521,36,73,1,1,-1,-1
196,109,1561,649,79,55,1,3,-1,-1
196,178,1389,574,29,63,1,1,-1,-1
196,286,979,545,33,64,1,1,-1,-1
197,2,953,528,23,61,1,1,-1,-1
197,69,278,523,36,73,1,1,-1,-1
197,109,1559,653,87,61,1,3,-1,-1
197,286,968,535,28,74,1,1,-1,-1
198,2,951,530,23,61,1,1,-1,-1
198,69,274,525,36,73,1,1,-1,-1
198,286,958,547,43,83,1,1,-1,-1
198,287,1390,580,29,63,1,1,-1,-1
199,2,950,533,23,61,1,1,-1,-1
199,17,1601,724,77,60,1,1,-1,-1
199,69,270,528,36,73,1,1,-1,-1
199,286,958,562,37,71,1,1,-1,-1
199,287,1391,583,29,63,1,1,-1,-1
200,2,948,536,23,61,1,1,-1,-1
200,17,1602,726,77,60,1,1,-1,-1
200,31,985,481,29,60,1,2,-1,-1
200,69,279,534,34,69,1,1,-1,-1
200,110,524,699,45,84,1,1,-1,-1
200,286,970,552,33,64,1,1,-1,-1
200,287,1392,587,29,63,1,1,-1,-1
201,17,1604,729,77,60,1,1,-1,-1
201,31,985,483,29,60,1,2,-1,-1
201,69,262,534,36,73,1,1,-1,-1
201,110,522,702,45,84,1,1,-1,-1
201,287,1403,597,24,52,1,1,-1,-1
202,17,1602,713,76,60,1,1,-1,-1
202,31,993,497,31,66,1,2,-1,-1
202,110,520,706,45,84,1,1,-1,-1
202,111,937,598,29,78,1,1,-1,-1
202,287,1392,593,29,63,1,1,-1,-1
202,288,572,709,37,89,1,1,-1,-1
203,17,1607,734,77,60,1,1,-1,-1
203,31,985,485,29,62,1,2,-1,-1
203,110,518,709,45,84,1,1,-1,-1
203,111,935,601,29,78,1,1,-1,-1
203,288,571,710,37,89,1,1,-1,-1
203,289,1628,852,70,73,1,10,-1,-1
204,17,1609,737,77,60,1,1,-1,-1
204,31,985,487,29,62,1,2,-1,-1
204,110,516,713,45,84,1,1,-1,-1
204,111,932,604,29,78,1,1,-1,-1
204,288,570,711,37,89,1,1,-1,-1
204,289,1630,856,70,73,1,10,-1,-1
205,17,1612,741,77,60,1,1,-1,-1
205,31,985,488,29,63,1,2,-1,-1
205,110,526,692,55,103,1,1,-1,-1
205,111,930,608,29,78,1,1,-1,-1
205,288,566,743,32,78,1,1,-1,-1
205,289,1632,861,70,73,1,10,-1,-1
206,17,1616,745,77,60,1,1,-1,-1
206,31,985,489,29,64,1,2,-1,-1
206,110,514,718,46,85,1,1,-1,-1
206,111,928,611,29,78,1,1,-1,-1
206,288,561,705,40,97,1,1,-1,-1
206,289,1635,866,70,73,1,10,-1,-1
207,17,1620,749,77,60,1,1,-1,-1
207,31,985,491,29,64,1,2,-1,-1
207,32,1039,548,29,61,1,1,-1,-1
207,111,926,615,29,78,1,1,-1,-1
207,289,1640,871,70,73,1,10,-1,-1
208,17,1624,753,77,60,1,1,-1,-1
208,31,985,492,29,65,1,2,-1,-1
208,32,1039,551,29,61,1,1,-1,-1
208,111,926,617,29,78,1,1,-1,-1
209,17,1628,757,77,60,1,1,-1,-1
209,31,994,502,31,69,1,2,-1,-1
209,32,1040,554,29,61,1,1,-1,-1
210,32,1042,556,29,63,1,1,-1,-1
211,32,1045,559,28,64,1,1,-1,-1
212,32,1047,562,28,65,1,1,-1,-1
212,290,926,628,29,78,1,1,-1,-1
213,32,1050,564,28,67,1,1,-1,-1
213,290,926,631,29,78,1,1,-1,-1
214,32,1052,588,26,63,1,1,-1,-1
214,290,926,634,29,78,1,1,-1,-1
214,291,187,794,46,103,1,1,-1,-1
214,292,1705,757,56,82,1,10,-1,-1
215,32,1055,570,27,69,1,1,-1,-1
215,179,974,536,26,58,1,2,-1,-1
215,180,959,583,34,65,1,1,-1,-1
215,290,926,637,29,78,1,1,-1,-1
215,291,186,798,46,103,1,1,-1,-1
215,292,1709,761,57,82,1,10,-1,-1
216,32,1058,573,27,70,1,1,-1,-1
216,179,967,516,21,69,1,1,-1,-1
216,180,954,578,23,61,1,1,-1,-1
216,290,926,640,29,78,1,1,-1,-1
216,291,184,802,46,103,1,1,-1,-1
216,292,1712,764,57,82,1,10,-1,-1
217,179,966,517,22,70,1,1,-1,-1
217,180,961,586,33,66,1,1,-1,-1
217,291,183,806,46,103,1,1,-1,-1
217,292,1715,768,57,82,1,10,-1,-1
217,293,85,621,55,84,1,1,-1,-1
218,179,965,545,30,73,1,1,-1,-1
218,180,970,572,23,56,1,1,-1,-1
218,291,181,810,46,103,1,1,-1,-1
218,292,1706,744,57,82,1,10,-1,-1
218,293,78,624,54,85,1,1,-1,-1
219,179,955,563,39,80,1,1,-1,-1
219,180,961,590,33,67,1,1,-1,-1
219,293,71,628,53,85,1,1,-1,-1
219,294,614,518,29,52,1,10,-1,-1
220,179,958,508,35,99,1,1,-1,-1
220,180,953,555,39,81,1,1,-1,-1
220,293,65,632,52,85,1,1,-1,-1
220,294,613,520,29,52,1,10,-1,-1
221,293,58,637,54,85,1,1,-1,-1
221,294,612,522,29,52,1,10,-1,-1
222,294,610,523,29,52,1,10,-1,-1
223,294,609,525,29,52,1,10,-1,-1
223,295,962,529,28,70,1,1,-1,-1
223,296,1733,790,57,82,1,10,-1,-1
224,181,1028,590,45,92,1,1,-1,-1
224,295,962,531,29,71,1,1,-1,-1
224,296,1736,794,57,82,1,10,-1,-1
225,181,1042,622,28,80,1,1,-1,-1
225,182,1704,960,85,73,1,10,-1,-1
225,295,961,532,29,71,1,1,-1,-1
225,296,1737,797,59,82,1,10,-1,-1
226,181,1033,604,32,70,1,1,-1,-1
226,182,1707,964,85,74,1,10,-1,-1
226,295,961,534,29,71,1,1,-1,-1
226,296,1739,801,60,82,1,10,-1,-1
227,181,1034,608,33,71,1,1,-1,-1
227,182,1710,968,85,75,1,10,-1,-1
227,295,961,536,29,71,1,1,-1,-1
227,296,1741,805,61,82,1,10,-1,-1
228,3,1436,614,45,49,1,2,-1,-1
228,112,910,653,27,84,1,1,-1,-1
228,181,1036,612,32,73,1,1,-1,-1
228,182,1713,972,85,76,1,10,-1,-1
229,3,1430,598,41,56,1,2,-1,-1
229,112,915,671,28,86,1,1,-1,-1
229,181,1037,616,33,74,1,1,-1,-1
229,182,1716,976,85,77,1,10,-1,-1
230,3,1417,589,49,53,1,2,-1,-1
230,112,916,673,28,86,1,1,-1,-1
230,182,1719,980,85,78,1,10,-1,-1
230,297,1665,804,59,72,1,2,-1,-1
231,3,1418,592,49,53,1,2,-1,-1
231,112,917,676,28,86,1,1,-1,-1
231,297,1667,807,61,73,1,2,-1,-1
232,3,1418,593,49,53,1,2,-1,-1
232,112,918,678,28,86,1,1,-1,-1
232,297,1670,810,62,74,1,2,-1,-1
232,298,460,801,52,92,1,1,-1,-1
233,3,1433,606,41,56,1,2,-1,-1
233,112,929,672,27,78,1,1,-1,-1
233,297,1672,813,64,75,1,2,-1,-1
233,298,458,805,52,92,1,1,-1,-1
233,299,125,870,46,103,1,1,-1,-1
233,300,1640,737,118,77,1,3,-1,-1
234,3,1443,625,45,52,1,2,-1,-1
234,112,929,675,27,78,1,1,-1,-1
234,183,1756,819,67,93,1,10,-1,-1
234,184,940,612,30,73,1,1,-1,-1
234,297,1656,789,115,75,1,3,-1,-1
234,298,456,809,52,92,1,1,-1,-1
234,299,121,874,46,103,1,1,-1,-1
234,300,1641,760,97,63,1,3,-1,-1
234,301,1457,667,34,64,1,1,-1,-1
234,302,1699,835,81,61,1,1,-1,-1
235,3,1444,626,45,54,1,2,-1,-1
235,183,1750,818,72,100,1,10,-1,-1
235,184,941,614,29,74,1,1,-1,-1
235,298,454,813,53,92,1,1,-1,-1
235,299,117,878,46,103,1,1,-1,-1
235,300,1644,761,97,63,1,3,-1,-1
235,301,1458,669,34,64,1,1,-1,-1
235,302,1707,855,83,62,1,1,-1,-1
236,3,1436,612,41,56,1,2,-1,-1
236,70,1049,645,32,82,1,1,-1,-1
236,183,1762,827,67,93,1,10,-1,-1
236,184,940,616,29,74,1,1,-1,-1
236,298,452,816,53,92,1,1,-1,-1
236,299,113,882,46,103,1,1,-1,-1
236,300,1648,763,97,63,1,3,-1,-1
236,301,1459,671,35,64,1,1,-1,-1
236,302,1708,858,84,63,1,1,-1,-1
236,303,549,732,37,89,1,1,-1,-1
237,3,1437,614,41,56,1,2,-1,-1
237,70,1052,649,32,83,1,1,-1,-1
237,183,1765,831,67,93,1,10,-1,-1
237,184,939,618,30,75,1,1,-1,-1
237,299,109,886,46,103,1,1,-1,-1
237,300,1652,765,97,63,1,3,-1,-1
237,301,1460,673,36,64,1,1,-1,-1
237,302,1710,862,85,63,1,1,-1,-1
237,303,547,733,37,89,1,1,-1,-1
238,3,1449,631,44,57,1,2,-1,-1
238,70,1055,654,32,83,1,1,-1,-1
238,183,1777,832,56,78,1,10,-1,-1
238,184,932,577,35,90,1,1,-1,-1
238,301,1462,676,36,64,1,1,-1,-1
238,302,1711,866,87,63,1,1,-1,-1
238,303,546,734,37,89,1,1,-1,-1
239,3,1450,632,44,59,1,2,-1,-1
239,33,429,792,76,131,1,1,-1,-1
239,70,1058,658,31,84,1,1,-1,-1
239,183,1772,840,67,93,1,10,-1,-1
239,184,927,615,42,98,1,1,-1,-1
239,303,544,735,37,89,1,1,-1,-1
239,304,1424,703,29,69,1,1,-1,-1
240,3,1440,620,41,56,1,2,-1,-1
240,33,450,836,64,111,1,1,-1,-1
240,70,1060,663,32,84,1,1,-1,-1
240,303,543,737,37,88,1,1,-1,-1
240,304,1426,705,30,70,1,1,-1,-1
240,305,1715,874,89,64,1,1,-1,-1
241,3,1429,613,48,52,1,2,-1,-1
241,33,433,815,59,103,1,1,-1,-1
241,70,1063,667,32,85,1,1,-1,-1
241,185,1778,846,68,95,1,10,-1,-1
241,304,1429,708,30,71,1,1,-1,-1
241,305,1718,878,90,64,1,1,-1,-1
242,3,1442,625,41,56,1,2,-1,-1
242,33,440,841,53,92,1,1,-1,-1
242,70,1066,671,31,86,1,1,-1,-1
242,185,1781,850,69,95,1,10,-1,-1
242,304,1430,710,31,72,1,1,-1,-1
242,305,1722,882,90,64,1,1,-1,-1
243,3,1444,628,41,56,1,2,-1,-1
243,33,437,846,53,92,1,1,-1,-1
243,70,1069,676,31,86,1,1,-1,-1
243,185,1784,853,70,96,1,10,-1,-1
243,304,1431,713,32,72,1,1,-1,-1
243,305,1726,887,91,64,1,1,-1,-1
243,306,37,643,49,81,1,1,-1,-1
244,3,1445,630,41,56,1,2,-1,-1
244,33,435,850,53,92,1,1,-1,-1
244,185,1787,856,70,97,1,10,-1,-1
244,305,1729,891,92,64,1,1,-1,-1
244,306,26,631,58,96,1,1,-1,-1
245,3,1447,633,41,56,1,2,-1,-1
245,33,433,855,52,92,1,1,-1,-1
245,185,1790,860,71,97,1,10,-1,-1
245,306,25,649,49,81,1,1,-1,-1
246,3,1445,611,45,48,1,2,-1,-1
246,33,430,860,53,92,1,1,-1,-1
246,185,1793,863,72,98,1,10,-1,-1
246,306,20,651,48,84,1,1,-1,-1
247,33,428,864,52,92,1,1,-1,-1
247,46,957,571,29,71,1,1,-1,-1
247,306,15,653,48,87,1,1,-1,-1
248,18,1451,641,41,56,1,2,-1,-1
248,33,425,869,53,92,1,1,-1,-1
248,46,957,573,29,71,1,1,-1,-1
249,18,1441,627,49,53,1,2,-1,-1
249,46,957,575,29,71,1,1,-1,-1
250,18,1446,618,59,65,1,2,-1,-1
250,46,957,577,29,72,1,1,-1,-1
250,307,0,659,48,96,1,1,-1,-1
250,308,1440,732,39,77,1,1,-1,-1
251,18,1441,628,54,59,1,2,-1,-1
251,46,957,579,29,72,1,1,-1,-1
251,307,0,662,46,96,1,1,-1,-1
251,308,1441,735,40,77,1,1,-1,-1
252,18,1447,635,48,53,1,2,-1,-1
252,46,957,582,30,71,1,1,-1,-1
252,186,557,602,35,69,1,10,-1,-1
252,307,0,665,45,96,1,1,-1,-1
252,308,1443,738,40,77,1,1,-1,-1
253,18,1449,637,48,53,1,2,-1,-1
253,46,957,584,30,72,1,1,-1,-1
253,186,558,583,34,66,1,10,-1,-1
253,307,14,668,45,99,1,1,-1,-1
253,308,1450,731,37,71,1,1,-1,-1
254,18,1451,640,48,53,1,2,-1,-1
254,46,957,586,30,72,1,1,-1,-1
254,186,569,580,29,57,1,10,-1,-1
254,307,0,671,43,97,1,1,-1,-1
254,308,1446,746,35,66,1,1,-1,-1
255,18,1462,661,41,56,1,2,-1,-1
255,46,957,588,30,72,1,1,-1,-1
255,113,945,811,49,107,1,1,-1,-1
255,186,568,583,29,57,1,10,-1,-1
255,187,1082,972,53,84,1,1,-1,-1
255,309,995,742,43,84,1,1,-1,-1
256,18,1455,646,48,53,1,2,-1,-1
256,113,940,810,49,107,1,1,-1,-1
256,186,567,585,29,57,1,10,-1,-1
256,187,1079,969,57,90,1,1,-1,-1
256,309,994,746,42,84,1,1,-1,-1
256,310,1784,943,105,67,1,1,-1,-1
257,5,945,679,39,72,1,1,-1,-1
257,18,1466,666,42,56,1,2,-1,-1
257,113,935,808,49,105,1,1,-1,-1
257,186,573,575,32,63,1,10,-1,-1
257,187,1099,960,66,104,1,1,-1,-1
257,309,992,750,43,84,1,1,-1,-1
257,310,1778,948,99,63,1,1,-1,-1
258,5,947,680,39,73,1,1,-1,-1
258,18,1469,668,42,56,1,2,-1,-1
258,113,921,855,59,94,1,1,-1,-1
258,187,1091,980,57,89,1,1,-1,-1
258,309,990,755,45,83,1,1,-1,-1
258,310,1782,953,100,63,1,1,-1,-1
259,5,949,682,39,74,1,1,-1,-1
259,113,901,845,68,101,1,1,-1,-1
259,187,1096,986,57,83,1,1,-1,-1
259,309,989,759,45,84,1,1,-1,-1
259,310,1786,959,98,63,1,1,-1,-1
259,311,1686,843,126,80,1,3,-1,-1
260,5,951,683,39,75,1,1,-1,-1
260,113,902,849,73,102,1,1,-1,-1
260,114,1052,777,44,97,1,1,-1,-1
260,187,1102,993,57,76,1,1,-1,-1
260,310,1800,987,93,61,1,1,-1,-1
260,311,1719,847,107,67,1,3,-1,-1
261,5,953,685,39,76,1,1,-1,-1
261,34,1467,658,48,53,1,2,-1,-1
261,113,880,840,77,102,1,1,-1,-1
261,114,1047,782,43,99,1,1,-1,-1
261,115,393,931,54,95,1,1,-1,-1
261,311,1724,852,107,66,1,3,-1,-1
262,5,955,686,39,77,1,1,-1,-1
262,34,1479,676,45,56,1,2,-1,-1
262,114,1042,787,43,101,1,1,-1,-1
262,115,390,936,55,96,1,1,-1,-1
262,311,1729,857,107,66,1,3,-1,-1
262,312,1054,613,30,73,1,1,-1,-1
263,5,937,706,51,73,1,1,-1,-1
263,34,1482,678,45,56,1,2,-1,-1
263,114,1037,792,43,103,1,1,-1,-1
263,115,387,941,56,97,1,1,-1,-1
263,311,1734,862,107,66,1,3,-1,-1
263,312,1055,615,30,73,1,1,-1,-1
264,5,959,689,39,79,1,1,-1,-1
264,34,1475,681,52,62,1,2,-1,-1
264,114,1032,797,43,105,1,1,-1,-1
264,115,384,946,57,98,1,1,-1,-1
264,312,1056,618,30,72,1,1,-1,-1
264,313,918,865,87,101,1,1,-1,-1
265,5,944,713,55,73,1,1,-1,-1
265,34,1477,709,54,65,1,2,-1,-1
265,114,1027,802,43,107,1,1,-1,-1
265,115,381,951,58,99,1,1,-1,-1
265,312,1057,621,30,72,1,1,-1,-1
265,313,932,866,86,101,1,1,-1,-1
265,314,1810,995,90,63,1,1,-1,-1
265,315,1477,669,48,53,1,2,-1,-1
266,5,949,675,43,88,1,1,-1,-1
266,34,1507,709,48,64,1,2,-1,-1
266,114,1028,809,43,99,1,1,-1,-1
266,115,379,956,58,100,1,1,-1,-1
266,312,1058,624,30,72,1,1,-1,-1
266,313,973,875,75,88,1,1,-1,-1
266,314,1814,1001,89,63,1,1,-1,-1
266,315,1479,673,48,53,1,2,-1,-1
267,5,965,697,39,80,1,1,-1,-1
267,34,1509,713,48,63,1,2,-1,-1
267,115,375,962,58,96,1,1,-1,-1
267,313,954,871,67,80,1,1,-1,-1
267,314,1814,1003,89,62,1,1,-1,-1
267,315,1473,675,59,65,1,2,-1,-1
268,5,967,700,39,80,1,1,-1,-1
268,34,1512,716,48,64,1,2,-1,-1
268,313,946,866,80,95,1,1,-1,-1
268,314,1814,1005,89,61,1,1,-1,-1
268,315,1484,680,48,53,1,2,-1,-1
269,5,969,703,39,80,1,1,-1,-1
269,34,1497,692,67,73,1,2,-1,-1
269,71,1065,647,25,59,1,1,-1,-1
269,314,1814,1008,89,59,1,1,-1,-1
269,315,1469,680,40,44,1,2,-1,-1
270,5,971,706,39,80,1,1,-1,-1
270,34,1483,686,60,71,1,2,-1,-1
270,71,1062,636,30,72,1,1,-1,-1
271,5,973,709,39,80,1,1,-1,-1
271,71,1063,639,30,72,1,1,-1,-1
272,5,975,712,39,81,1,1,-1,-1
272,71,1054,651,32,77,1,1,-1,-1
273,5,973,716,39,81,1,1,-1,-1
273,71,1063,644,30,74,1,1,-1,-1
273,116,919,833,44,98,1,1,-1,-1
274,71,1063,647,30,75,1,1,-1,-1
274,116,918,837,44,100,1,1,-1,-1
275,71,1063,650,30,76,1,1,-1,-1
275,116,918,844,43,100,1,1,-1,-1
276,71,1062,653,30,77,1,1,-1,-1
276,116,918,851,43,101,1,1,-1,-1
277,116,918,858,43,102,1,1,-1,-1
277,316,538,637,34,63,1,10,-1,-1
278,116,919,866,42,102,1,1,-1,-1
278,117,1696,904,94,66,1,10,-1,-1
278,316,536,641,34,63,1,10,-1,-1
278,317,986,736,54,88,1,1,-1,-1
279,116,919,873,42,103,1,1,-1,-1
279,117,1683,908,87,61,1,10,-1,-1
279,316,534,644,34,63,1,10,-1,-1
279,317,970,740,42,86,1,1,-1,-1
280,117,1685,913,87,61,1,10,-1,-1
280,316,532,647,33,63,1,10,-1,-1
280,317,957,747,41,83,1,1,-1,-1
281,117,1688,919,87,61,1,10,-1,-1
281,118,1003,649,31,85,1,2,-1,-1
281,188,1017,803,48,83,1,1,-1,-1
281,316,530,651,33,63,1,10,-1,-1
281,317,973,748,54,91,1,1,-1,-1
281,318,920,888,41,104,1,1,-1,-1
281,319,1513,856,38,75,1,1,-1,-1
282,117,1690,923,88,62,1,10,-1,-1
282,118,1003,652,31,85,1,2,-1,-1
282,188,1009,808,50,85,1,1,-1,-1
282,317,972,735,49,83,1,1,-1,-1
282,318,898,885,43,107,1,1,-1,-1
282,319,1514,860,39,76,1,1,-1,-1
283,72,1519,752,46,56,1,2,-1,-1
283,117,1692,928,89,62,1,10,-1,-1
283,118,1002,655,31,85,1,2,-1,-1
283,188,1002,814,52,86,1,1,-1,-1
283,318,907,901,44,107,1,1,-1,-1
283,319,1515,864,39,76,1,1,-1,-1
284,72,1521,755,46,56,1,2,-1,-1
284,117,1694,932,90,64,1,10,-1,-1
284,118,1002,659,31,85,1,2,-1,-1
284,188,995,820,54,88,1,1,-1,-1
284,318,901,907,46,109,1,1,-1,-1
284,319,1516,868,40,77,1,1,-1,-1
285,72,1514,735,48,55,1,2,-1,-1
285,118,1002,662,31,85,1,2,-1,-1
285,188,988,826,56,89,1,1,-1,-1
285,318,894,914,48,111,1,1,-1,-1
285,319,1517,872,41,78,1,1,-1,-1
286,72,1515,738,49,55,1,2,-1,-1
286,118,1001,665,31,85,1,2,-1,-1
286,188,991,822,56,86,1,1,-1,-1
286,189,375,852,55,96,1,1,-1,-1
286,190,1806,974,95,72,1,3,-1,-1
287,72,1517,741,49,56,1,2,-1,-1
287,118,1001,668,31,85,1,2,-1,-1
287,189,375,854,66,114,1,1,-1,-1
287,190,1826,985,112,86,1,3,-1,-1
288,72,1518,744,49,56,1,2,-1,-1
288,189,363,864,54,92,1,1,-1,-1
288,190,1810,983,92,72,1,3,-1,-1
289,72,1516,733,58,67,1,2,-1,-1
289,189,351,849,52,89,1,1,-1,-1
289,190,1812,988,90,72,1,3,-1,-1
290,72,1507,741,68,78,1,2,-1,-1
290,189,348,876,54,92,1,1,-1,-1
290,190,1814,992,88,72,1,3,-1,-1
291,189,341,882,54,92,1,1,-1,-1
291,190,1816,997,87,72,1,3,-1,-1
292,8,1037,938,59,101,1,1,-1,-1
292,35,911,815,43,73,1,1,-1,-1
292,119,502,685,35,64,1,10,-1,-1
292,320,950,687,30,79,1,1,-1,-1
293,8,1050,950,55,92,1,1,-1,-1
293,35,912,807,54,91,1,1,-1,-1
293,119,498,688,36,64,1,10,-1,-1
293,320,948,700,31,83,1,1,-1,-1
294,8,1025,953,56,110,1,1,-1,-1
294,35,908,812,54,91,1,1,-1,-1
294,119,495,691,37,64,1,10,-1,-1
294,120,1565,909,50,78,1,1,-1,-1
294,320,942,688,36,97,1,1,-1,-1
295,8,1018,948,54,100,1,1,-1,-1
295,35,905,818,54,91,1,1,-1,-1
295,119,507,700,35,59,1,10,-1,-1
295,120,1573,915,50,78,1,1,-1,-1
295,320,946,706,31,83,1,1,-1,-1
296,8,1013,950,50,100,1,1,-1,-1
296,35,894,842,51,97,1,1,-1,-1
296,119,488,697,39,64,1,10,-1,-1
296,120,1581,921,50,78,1,1,-1,-1
296,320,945,709,31,83,1,1,-1,-1
297,8,1002,966,57,103,1,1,-1,-1
297,35,894,828,54,91,1,1,-1,-1
297,119,484,700,40,64,1,10,-1,-1
297,120,1602,905,37,76,1,1,-1,-1
297,321,994,702,31,84,1,2,-1,-1
298,8,1002,957,46,97,1,1,-1,-1
298,35,899,851,51,97,1,1,-1,-1
298,119,481,704,41,63,1,10,-1,-1
298,120,1595,932,50,78,1,1,-1,-1
298,191,944,717,31,83,1,1,-1,-1
298,321,993,705,31,83,1,2,-1,-1
298,322,1789,1021,75,43,1,10,-1,-1
299,8,985,978,57,91,1,1,-1,-1
299,35,901,856,51,97,1,1,-1,-1
299,120,1603,937,50,79,1,1,-1,-1
299,191,943,721,31,83,1,1,-1,-1
299,321,993,708,31,83,1,2,-1,-1
299,322,1737,1014,97,51,1,10,-1,-1
300,8,977,985,57,84,1,1,-1,-1
300,35,878,844,54,90,1,1,-1,-1
300,120,1610,943,50,79,1,1,-1,-1
300,191,943,725,31,83,1,1,-1,-1
300,192,1073,904,62,115,1,1,-1,-1
300,321,993,711,31,83,1,2,-1,-1
300,322,1726,1030,102,50,1,10,-1,-1
301,8,961,993,64,88,1,1,-1,-1
301,35,882,848,54,90,1,1,-1,-1
301,47,892,731,41,89,1,1,-1,-1
301,121,1540,790,49,56,1,2,-1,-1
301,191,940,728,31,84,1,1,-1,-1
301,192,1063,901,61,110,1,1,-1,-1
301,321,991,715,32,83,1,1,-1,-1
301,322,1723,1034,96,44,1,10,-1,-1
302,8,955,995,59,74,1,1,-1,-1
302,47,891,734,41,90,1,1,-1,-1
302,121,1543,815,52,65,1,2,-1,-1
302,122,469,713,41,71,1,10,-1,-1
302,191,939,732,31,84,1,1,-1,-1
302,192,1056,899,61,112,1,1,-1,-1
302,322,1745,1026,97,42,1,10,-1,-1
303,8,950,1000,59,69,1,1,-1,-1
303,47,890,738,41,90,1,1,-1,-1
303,121,1543,820,56,66,1,2,-1,-1
303,122,466,714,42,74,1,10,-1,-1
303,191,938,736,32,85,1,1,-1,-1
303,192,1049,897,61,114,1,1,-1,-1
304,8,963,986,51,79,1,1,-1,-1
304,47,889,742,41,91,1,1,-1,-1
304,121,1543,826,60,67,1,2,-1,-1
304,122,463,716,43,76,1,10,-1,-1
304,192,1043,896,60,115,1,1,-1,-1
304,323,1634,965,60,78,1,1,-1,-1
305,8,956,991,52,75,1,1,-1,-1
305,47,888,745,41,92,1,1,-1,-1
305,121,1539,813,63,73,1,2,-1,-1
305,122,459,720,43,76,1,10,-1,-1
305,192,1036,894,60,117,1,1,-1,-1
305,323,1657,974,47,63,1,1,-1,-1
306,47,887,749,41,92,1,1,-1,-1
306,121,1551,835,54,64,1,2,-1,-1
306,122,456,725,43,76,1,10,-1,-1
306,323,1673,960,56,76,1,1,-1,-1
307,36,342,833,46,88,1,2,-1,-1
307,47,886,753,41,93,1,1,-1,-1
307,121,1555,840,52,63,1,2,-1,-1
307,122,453,730,43,76,1,10,-1,-1
307,323,1658,979,55,75,1,1,-1,-1
308,36,339,837,46,88,1,2,-1,-1
308,47,885,757,41,93,1,1,-1,-1
308,122,451,733,43,76,1,10,-1,-1
308,323,1666,984,53,73,1,1,-1,-1
309,7,914,903,47,109,1,1,-1,-1
309,36,336,842,46,87,1,2,-1,-1
309,47,884,760,41,94,1,1,-1,-1
310,7,904,890,55,90,1,1,-1,-1
310,36,333,846,46,88,1,2,-1,-1
310,48,989,853,50,115,1,1,-1,-1
310,324,1583,880,62,76,1,2,-1,-1
311,7,905,895,55,90,1,1,-1,-1
311,36,331,851,46,87,1,2,-1,-1
311,48,990,854,50,121,1,1,-1,-1
311,123,986,756,34,86,1,1,-1,-1
311,324,1586,885,62,77,1,2,-1,-1
311,325,822,965,61,103,1,1,-1,-1
312,7,905,900,55,91,1,1,-1,-1
312,36,322,854,54,104,1,2,-1,-1
312,48,992,855,49,127,1,1,-1,-1
312,123,986,760,34,86,1,1,-1,-1
312,124,1634,981,46,81,1,1,-1,-1
312,324,1590,890,62,77,1,2,-1,-1
312,325,823,965,61,102,1,1,-1,-1
313,7,917,923,52,109,1,1,-1,-1
313,36,325,860,46,87,1,2,-1,-1
313,48,991,864,50,124,1,1,-1,-1
313,123,985,765,35,86,1,1,-1,-1
313,124,1638,987,46,77,1,1,-1,-1
313,324,1596,879,66,83,1,2,-1,-1
313,325,829,960,54,89,1,1,-1,-1
313,326,369,788,43,87,1,2,-1,-1
314,7,918,927,52,109,1,1,-1,-1
314,36,323,865,46,87,1,2,-1,-1
314,48,991,874,50,121,1,1,-1,-1
314,123,985,769,35,86,1,1,-1,-1
314,124,1642,993,46,73,1,1,-1,-1
314,324,1597,900,62,78,1,2,-1,-1
314,325,827,967,61,100,1,1,-1,-1
314,326,369,792,42,87,1,2,-1,-1
315,7,919,932,53,109,1,1,-1,-1
315,36,320,864,46,87,1,2,-1,-1
315,48,991,884,50,117,1,1,-1,-1
315,123,984,773,35,87,1,1,-1,-1
315,124,1646,1000,46,69,1,1,-1,-1
315,325,829,968,61,99,1,1,-1,-1
315,326,364,792,42,87,1,2,-1,-1
315,327,1048,789,39,86,1,1,-1,-1
316,7,908,919,55,94,1,1,-1,-1
316,36,318,864,46,87,1,2,-1,-1
316,48,990,894,51,114,1,1,-1,-1
316,123,984,777,35,87,1,1,-1,-1
316,124,1649,1005,46,64,1,1,-1,-1
316,326,360,792,42,87,1,2,-1,-1
316,327,1048,794,39,85,1,1,-1,-1
316,328,1031,897,52,115,1,1,-1,-1
317,7,902,934,55,94,1,1,-1,-1
317,48,990,904,51,110,1,1,-1,-1
317,123,983,781,36,88,1,1,-1,-1
317,124,1652,1010,46,59,1,1,-1,-1
317,326,356,793,42,87,1,2,-1,-1
317,327,1049,798,39,85,1,1,-1,-1
317,328,1033,898,54,117,1,1,-1,-1
318,7,921,947,57,109,1,1,-1,-1
318,48,990,914,51,107,1,1,-1,-1
318,124,1658,1026,43,51,1,1,-1,-1
318,193,876,794,40,99,1,1,-1,-1
318,327,1050,802,39,85,1,1,-1,-1
318,328,1035,899,56,119,1,1,-1,-1
319,7,924,961,66,115,1,1,-1,-1
319,193,876,798,39,100,1,1,-1,-1
319,327,1051,807,39,85,1,1,-1,-1
319,328,1009,881,65,136,1,1,-1,-1
319,329,828,951,58,92,1,1,-1,-1
320,7,931,959,57,106,1,1,-1,-1
320,193,877,804,40,100,1,1,-1,-1
320,328,1009,889,92,154,1,1,-1,-1
320,329,839,972,61,97,1,1,-1,-1
321,7,919,926,55,96,1,1,-1,-1
321,193,877,793,40,100,1,1,-1,-1
321,329,845,957,60,100,1,1,-1,-1
322,7,920,915,55,97,1,1,-1,-1
322,193,877,782,40,100,1,1,-1,-1
322,329,851,943,60,103,1,1,-1,-1
323,7,938,909,58,103,1,1,-1,-1
323,193,877,758,40,100,1,1,-1,-1
323,329,860,906,46,116,1,1,-1,-1
325,19,945,545,43,104,1,1,-1,-1
325,330,1021,559,52,114,1,1,-1,-1
326,19,940,578,55,97,1,1,-1,-1
326,125,1611,584,63,83,1,2,-1,-1
326,330,1014,552,51,110,1,1,-1,-1
326,331,1061,466,39,85,1,1,-1,-1
327,19,951,558,55,98,1,1,-1,-1
327,125,1613,559,63,83,1,2,-1,-1
327,330,1011,527,51,110,1,1,-1,-1
327,331,1057,437,39,85,1,1,-1,-1
328,19,944,525,54,96,1,1,-1,-1
328,125,1595,551,76,99,1,2,-1,-1
328,330,1008,503,52,110,1,1,-1,-1
328,331,1053,409,40,85,1,1,-1,-1
329,19,953,546,57,102,1,1,-1,-1
329,125,1617,536,63,82,1,2,-1,-1
329,330,1003,504,53,108,1,1,-1,-1
329,331,1051,414,40,85,1,1,-1,-1
329,332,214,687,55,118,1,1,-1,-1
330,19,948,530,54,95,1,1,-1,-1
330,125,1618,537,64,82,1,2,-1,-1
330,331,1047,414,48,103,1,1,-1,-1
330,332,235,702,56,120,1,1,-1,-1
331,19,951,533,54,94,1,1,-1,-1
331,125,1619,539,65,82,1,2,-1,-1
331,332,209,699,55,118,1,1,-1,-1
332,19,952,532,54,94,1,1,-1,-1
332,125,1620,540,66,82,1,2,-1,-1
332,332,205,702,55,118,1,1,-1,-1
333,19,953,531,54,94,1,1,-1,-1
333,332,202,705,55,118,1,1,-1,-1
334,19,954,531,54,94,1,1,-1,-1
334,333,847,612,72,129,1,1,-1,-1
335,19,963,554,51,90,1,1,-1,-1
335,333,883,623,58,104,1,1,-1,-1
336,126,409,380,42,84,1,10,-1,-1
336,333,888,647,55,99,1,1,-1,-1
337,126,407,383,42,85,1,10,-1,-1
337,333,895,630,59,106,1,1,-1,-1
338,126,405,387,42,85,1,10,-1,-1
338,333,889,649,55,99,1,1,-1,-1
339,126,403,391,42,86,1,10,-1,-1
339,334,983,417,36,88,1,1,-1,-1
340,20,1624,562,70,82,1,2,-1,-1
340,126,401,395,42,86,1,10,-1,-1
340,334,982,419,36,88,1,1,-1,-1
340,335,889,651,55,99,1,1,-1,-1
341,20,1624,566,70,82,1,2,-1,-1
341,126,399,399,42,87,1,10,-1,-1
341,334,982,421,36,88,1,1,-1,-1
341,335,889,652,55,99,1,1,-1,-1
341,336,954,531,74,120,1,1,-1,-1
342,20,1643,568,58,68,1,2,-1,-1
342,126,398,400,42,88,1,10,-1,-1
342,334,982,423,36,88,1,1,-1,-1
342,335,890,654,55,99,1,1,-1,-1
342,336,952,517,78,136,1,1,-1,-1
343,20,1624,572,71,82,1,2,-1,-1
343,334,981,425,36,88,1,1,-1,-1
343,335,890,655,55,99,1,1,-1,-1
343,336,972,537,57,125,1,1,-1,-1
344,20,1625,574,71,82,1,2,-1,-1
344,335,891,656,55,99,1,1,-1,-1
344,336,964,584,61,103,1,1,-1,-1
345,20,1625,577,72,81,1,2,-1,-1
345,336,942,587,68,117,1,1,-1,-1
345,337,802,713,57,112,1,1,-1,-1
346,20,1626,579,72,82,1,2,-1,-1
346,127,966,524,54,94,1,1,-1,-1
346,337,803,716,58,112,1,1,-1,-1
347,20,1626,581,74,82,1,2,-1,-1
347,127,967,523,54,94,1,1,-1,-1
347,337,806,739,47,90,1,1,-1,-1
347,338,981,433,36,88,1,1,-1,-1
348,20,1627,584,74,81,1,2,-1,-1
348,127,968,523,54,94,1,1,-1,-1
348,194,871,447,39,100,1,1,-1,-1
348,337,824,740,43,82,1,1,-1,-1
348,338,981,435,36,88,1,1,-1,-1
348,339,291,510,39,63,1,2,-1,-1
349,20,1628,586,74,82,1,2,-1,-1
349,127,969,522,54,94,1,1,-1,-1
349,194,870,449,40,100,1,1,-1,-1
349,337,826,732,36,67,1,1,-1,-1
349,338,981,437,36,88,1,1,-1,-1
349,339,289,511,40,63,1,2,-1,-1
350,20,1628,588,75,82,1,2,-1,-1
350,127,970,521,54,94,1,1,-1,-1
350,194,870,450,39,100,1,1,-1,-1
350,338,981,439,36,88,1,1,-1,-1
350,339,272,511,42,66,1,2,-1,-1
351,73,949,582,49,98,1,1,-1,-1
351,127,971,521,54,94,1,1,-1,-1
351,194,869,452,40,100,1,1,-1,-1
351,195,899,658,57,102,1,1,-1,-1
351,338,981,441,36,88,1,1,-1,-1
351,339,282,485,54,80,1,2,-1,-1
352,73,948,583,48,100,1,1,-1,-1
352,127,983,553,50,110,1,1,-1,-1
352,194,869,454,39,100,1,1,-1,-1
352,195,896,664,55,99,1,1,-1,-1
352,339,296,472,45,66,1,2,-1,-1
352,340,1612,567,60,53,1,2,-1,-1
353,73,924,583,48,101,1,1,-1,-1
353,194,868,456,40,100,1,1,-1,-1
353,195,897,665,55,99,1,1,-1,-1
353,340,1612,569,61,53,1,2,-1,-1
353,341,989,545,39,85,1,1,-1,-1
354,73,946,585,47,102,1,1,-1,-1
354,195,898,666,55,99,1,1,-1,-1
354,340,1612,571,61,54,1,2,-1,-1
354,341,974,519,54,94,1,1,-1,-1
355,73,946,587,46,103,1,1,-1,-1
355,195,899,667,55,99,1,1,-1,-1
355,340,1613,577,59,50,1,2,-1,-1
355,341,975,519,54,94,1,1,-1,-1
356,73,944,588,46,103,1,1,-1,-1
356,195,900,670,55,101,1,1,-1,-1
356,196,1036,465,48,113,1,1,-1,-1
356,340,1612,576,62,53,1,2,-1,-1
356,341,982,527,66,107,1,1,-1,-1
357,73,942,590,46,103,1,1,-1,-1
357,196,1047,469,40,92,1,1,-1,-1
357,341,980,524,61,94,1,1,-1,-1
358,73,941,592,46,103,1,1,-1,-1
358,196,1047,471,40,93,1,1,-1,-1
359,196,1047,473,40,93,1,1,-1,-1
360,196,1034,490,39,91,1,1,-1,-1
361,196,1047,478,40,94,1,1,-1,-1
