1,-1,204,621,77,82,1,2,-1,0
1,-1,407,225,22,47,1,1,-1,1
1,-1,537,183,25,22,1,2,-1,0
1,-1,583,298,23,47,1,1,-1,0
1,-1,682,213,22,49,1,10,-1,0
1,-1,728,205,31,40,1,10,-1,1
1,-1,1074,478,82,105,1,10,-1,1
1,-1,1081,456,68,97,1,2,-1,1
1,-1,559,272,19,47,1,1,-1,0
2,-1,365,263,29,58,1,1,-1,1
2,-1,407,225,22,48,1,1,-1,1
2,-1,410,242,19,42,1,1,-1,0
2,-1,583,299,23,47,1,1,-1,0
2,-1,682,215,23,49,1,10,-1,0
2,-1,1074,477,82,105,1,10,-1,1
2,-1,1082,455,68,97,1,2,-1,1
2,-1,1084,456,41,71,1,2,-1,2
2,-1,612,233,75,59,1,10,-1,1
3,-1,364,264,29,58,1,1,-1,1
3,-1,407,226,22,48,1,1,-1,1
3,-1,410,243,19,42,1,1,-1,0
3,-1,537,183,25,22,1,2,-1,0
3,-1,584,300,23,47,1,1,-1,0
3,-1,594,226,58,46,1,10,-1,1
3,-1,733,208,31,42,1,10,-1,1
3,-1,736,195,26,43,1,2,-1,2
3,-1,785,125,30,38,1,8,-1,1
3,-1,1083,455,68,97,1,2,-1,1
3,-1,589,218,80,63,1,10,-1,1
4,-1,407,227,22,48,1,1,-1,1
4,-1,551,240,23,59,1,1,-1,0
4,-1,574,224,34,58,1,1,-1,1
4,-1,674,172,22,49,1,1,-1,0
4,-1,684,220,24,49,1,10,-1,0
4,-1,739,196,26,44,1,2,-1,2
4,-1,1076,476,82,105,1,10,-1,1
4,-1,592,243,32,54,1,1,-1,1
5,-1,407,227,23,50,1,1,-1,1
5,-1,537,183,25,23,1,2,-1,0
5,-1,574,225,34,58,1,1,-1,1
5,-1,585,302,23,48,1,1,-1,0
5,-1,676,173,23,49,1,1,-1,0
5,-1,742,198,27,45,1,2,-1,2
5,-1,1085,454,68,97,1,2,-1,1
5,-1,172,635,97,107,1,2,-1,0
6,-1,361,268,29,57,1,1,-1,1
6,-1,552,242,23,60,1,1,-1,0
6,-1,574,226,34,59,1,1,-1,1
6,-1,585,304,23,48,1,1,-1,0
6,-1,677,173,23,49,1,1,-1,0
6,-1,686,225,25,48,1,10,-1,0
6,-1,745,199,27,47,1,2,-1,2
6,-1,790,125,30,39,1,8,-1,1
6,-1,405,227,24,53,1,1,-1,0
7,-1,174,669,76,86,1,2,-1,0
7,-1,407,229,23,50,1,1,-1,1
7,-1,410,247,19,42,1,1,-1,0
7,-1,743,214,32,48,1,10,-1,1
7,-1,791,126,31,39,1,8,-1,1
7,-1,1087,453,68,97,1,2,-1,1
7,-1,586,284,33,83,1,1,-1,1
8,-1,169,677,77,78,1,2,-1,0
8,-1,553,244,22,60,1,1,-1,0
8,-1,575,228,34,59,1,1,-1,1
8,-1,586,306,23,49,1,1,-1,0
8,-1,602,231,58,48,1,10,-1,1
8,-1,620,259,37,70,1,1,-1,1
8,-1,679,174,23,50,1,1,-1,0
8,-1,745,215,33,50,1,10,-1,1
8,-1,410,260,13,29,1,1,-1,0
9,-1,407,230,24,52,1,1,-1,1
9,-1,410,249,19,42,1,1,-1,0
9,-1,575,229,34,60,1,1,-1,1
9,-1,582,280,28,74,1,1,-1,1
9,-1,689,232,27,48,1,10,-1,0
9,-1,754,204,28,50,1,2,-1,2
9,-1,795,126,30,39,1,8,-1,1
9,-1,1089,452,68,97,1,2,-1,1
9,-1,1091,454,41,71,1,2,-1,2
9,-1,753,207,30,54,1,2,-1,2
10,-1,357,273,29,56,1,1,-1,1
10,-1,407,231,24,52,1,1,-1,1
10,-1,410,250,19,42,1,1,-1,0
10,-1,538,184,25,24,1,2,-1,0
10,-1,582,281,28,75,1,1,-1,1
10,-1,756,206,28,51,1,2,-1,2
10,-1,796,126,31,40,1,8,-1,1
10,-1,733,221,20,31,1,10,-1,1
11,-1,356,274,29,56,1,1,-1,1
11,-1,410,251,19,42,1,1,-1,0
11,-1,539,185,25,24,1,2,-1,0
11,-1,554,247,23,62,1,1,-1,0
11,-1,575,231,34,61,1,1,-1,1
11,-1,604,233,58,48,1,10,-1,1
11,-1,682,176,23,51,1,1,-1,0
11,-1,691,237,28,48,1,10,-1,0
11,-1,759,209,28,52,1,2,-1,2
11,-1,798,126,31,40,1,8,-1,1
11,-1,1081,474,82,105,1,10,-1,1
11,-1,1093,454,41,71,1,2,-1,2
11,-1,1081,431,106,135,1,10,-1,1
12,-1,356,276,29,55,1,1,-1,1
12,-1,555,248,22,62,1,1,-1,0
12,-1,576,232,33,61,1,1,-1,1
12,-1,605,234,58,48,1,10,-1,1
12,-1,621,264,38,71,1,1,-1,1
12,-1,683,177,23,51,1,1,-1,0
12,-1,761,227,33,49,1,10,-1,1
12,-1,762,211,27,53,1,2,-1,2
12,-1,800,127,31,40,1,8,-1,1
12,-1,1082,474,82,105,1,10,-1,1
12,-1,1092,451,68,97,1,2,-1,1
12,-1,538,186,27,26,1,2,-1,0
13,-1,354,277,29,55,1,1,-1,1
13,-1,410,252,19,43,1,1,-1,0
13,-1,576,233,33,61,1,1,-1,1
13,-1,591,316,23,49,1,1,-1,0
13,-1,606,235,58,48,1,10,-1,1
13,-1,684,177,23,52,1,1,-1,0
13,-1,692,242,29,48,1,10,-1,0
13,-1,765,214,27,54,1,2,-1,2
13,-1,1096,453,41,71,1,2,-1,2
13,-1,528,173,32,32,1,2,-1,0
14,-1,353,278,29,56,1,1,-1,1
14,-1,406,234,24,54,1,1,-1,1
14,-1,409,252,19,43,1,1,-1,0
14,-1,539,185,25,25,1,2,-1,0
14,-1,556,250,22,63,1,1,-1,0
14,-1,576,234,34,62,1,1,-1,1
14,-1,582,287,28,78,1,1,-1,1
14,-1,685,178,23,52,1,1,-1,0
14,-1,767,216,27,55,1,2,-1,2
14,-1,801,127,31,40,1,8,-1,1
14,-1,1083,473,81,105,1,10,-1,1
14,-1,627,251,59,49,1,10,-1,1
15,-1,539,185,25,26,1,2,-1,0
15,-1,556,251,22,63,1,1,-1,0
15,-1,576,235,34,62,1,1,-1,1
15,-1,582,289,28,78,1,1,-1,1
15,-1,602,297,70,53,1,10,-1,1
15,-1,686,178,23,53,1,1,-1,0
15,-1,694,248,28,48,1,10,-1,0
15,-1,802,127,31,40,1,8,-1,1
15,-1,1095,450,68,97,1,2,-1,1
15,-1,1098,453,41,71,1,2,-1,2
15,-1,582,241,56,46,1,10,-1,1
16,-1,408,253,19,43,1,1,-1,0
16,-1,557,252,22,64,1,1,-1,0
16,-1,591,324,23,51,1,1,-1,0
16,-1,623,268,39,74,1,1,-1,1
16,-1,687,179,23,53,1,1,-1,0
16,-1,773,221,26,57,1,2,-1,2
16,-1,803,127,31,40,1,8,-1,1
16,-1,1085,472,80,105,1,10,-1,1
16,-1,783,225,31,45,1,10,-1,1
17,-1,403,236,24,55,1,1,-1,1
17,-1,407,253,19,43,1,1,-1,0
17,-1,557,253,22,64,1,1,-1,0
17,-1,600,298,72,55,1,10,-1,1
17,-1,688,180,23,53,1,1,-1,0
17,-1,771,241,35,51,1,10,-1,1
17,-1,804,127,31,40,1,8,-1,1
17,-1,1097,449,68,97,1,2,-1,1
17,-1,615,250,46,38,1,10,-1,1
18,-1,558,255,22,64,1,1,-1,0
18,-1,577,238,33,63,1,1,-1,1
18,-1,582,295,28,77,1,1,-1,1
18,-1,697,257,27,47,1,10,-1,0
18,-1,773,244,36,52,1,10,-1,1
18,-1,777,226,29,60,1,2,-1,2
18,-1,805,127,31,41,1,8,-1,1
18,-1,800,257,20,42,1,2,-1,2
19,-1,401,237,24,56,1,1,-1,1
19,-1,540,186,25,26,1,2,-1,0
19,-1,557,256,22,64,1,1,-1,0
19,-1,582,297,28,77,1,1,-1,1
19,-1,591,331,23,53,1,1,-1,0
19,-1,624,272,39,74,1,1,-1,1
19,-1,698,260,27,47,1,10,-1,0
19,-1,1088,471,79,105,1,10,-1,1
19,-1,1099,448,68,97,1,2,-1,1
19,-1,403,270,14,32,1,1,-1,0
20,-1,496,179,14,34,1,1,-1,0
20,-1,540,186,25,27,1,2,-1,0
20,-1,577,240,33,64,1,1,-1,1
20,-1,607,243,58,48,1,10,-1,1
20,-1,699,263,27,47,1,10,-1,0
20,-1,1100,448,68,97,1,2,-1,1
20,-1,1103,452,41,71,1,2,-1,2
20,-1,632,303,61,47,1,10,-1,1
21,-1,344,288,28,57,1,1,-1,1
21,-1,398,238,24,58,1,1,-1,1
21,-1,403,255,19,43,1,1,-1,0
21,-1,496,179,14,34,1,1,-1,0
21,-1,541,187,25,26,1,2,-1,0
21,-1,598,303,75,57,1,10,-1,1
21,-1,783,235,35,63,1,2,-1,2
21,-1,1090,470,78,105,1,10,-1,1
21,-1,1101,447,68,97,1,2,-1,1
21,-1,533,168,30,32,1,2,-1,0
22,-1,342,290,28,57,1,1,-1,1
22,-1,397,239,24,58,1,1,-1,1
22,-1,541,187,25,27,1,2,-1,0
22,-1,556,259,22,66,1,1,-1,0
22,-1,577,242,34,65,1,1,-1,1
22,-1,580,303,28,85,1,1,-1,1
22,-1,597,305,76,58,1,10,-1,1
22,-1,626,275,39,76,1,1,-1,1
22,-1,785,238,32,64,1,2,-1,2
22,-1,1106,451,41,71,1,2,-1,2
22,-1,537,223,32,97,1,1,-1,0
23,-1,339,292,28,57,1,1,-1,1
23,-1,400,257,19,43,1,1,-1,0
23,-1,607,247,58,48,1,10,-1,1
23,-1,785,260,39,56,1,10,-1,1
23,-1,787,241,29,65,1,2,-1,2
23,-1,586,218,80,66,1,10,-1,1
24,-1,541,187,25,27,1,2,-1,0
24,-1,578,244,33,66,1,1,-1,1
24,-1,589,344,24,56,1,1,-1,0
24,-1,627,277,39,77,1,1,-1,1
24,-1,790,244,25,66,1,2,-1,2
24,-1,810,127,32,42,1,8,-1,1
24,-1,1104,446,68,97,1,2,-1,1
24,-1,1108,451,41,71,1,2,-1,2
24,-1,815,293,21,31,1,10,-1,1
25,-1,334,295,28,58,1,1,-1,1
25,-1,392,241,24,59,1,1,-1,1
25,-1,499,183,14,34,1,1,-1,0
25,-1,578,245,33,66,1,1,-1,1
25,-1,589,346,23,57,1,1,-1,0
25,-1,595,313,78,58,1,10,-1,1
25,-1,627,278,40,78,1,1,-1,1
25,-1,690,186,23,56,1,1,-1,0
25,-1,792,246,25,68,1,2,-1,2
25,-1,811,127,32,42,1,8,-1,1
25,-1,1093,469,77,104,1,10,-1,1
25,-1,1105,446,68,97,1,2,-1,1
25,-1,703,266,36,63,1,10,-1,0
26,-1,332,297,28,58,1,1,-1,1
26,-1,391,242,24,60,1,1,-1,1
26,-1,395,260,19,43,1,1,-1,0
26,-1,542,188,25,27,1,2,-1,0
26,-1,555,264,22,67,1,1,-1,0
26,-1,608,251,58,48,1,10,-1,1
26,-1,690,186,24,57,1,1,-1,0
26,-1,706,281,32,57,1,10,-1,0
26,-1,795,271,41,61,1,10,-1,1
26,-1,577,257,21,43,1,1,-1,1
27,-1,393,261,19,42,1,1,-1,0
27,-1,500,184,14,35,1,1,-1,0
27,-1,577,313,27,92,1,1,-1,1
27,-1,588,351,23,58,1,1,-1,0
27,-1,690,187,24,57,1,1,-1,0
27,-1,812,127,33,42,1,8,-1,1
27,-1,1107,445,68,97,1,2,-1,1
27,-1,573,261,22,44,1,1,-1,1
28,-1,327,300,28,59,1,1,-1,1
28,-1,387,244,23,60,1,1,-1,1
28,-1,392,262,19,42,1,1,-1,0
28,-1,553,266,22,68,1,1,-1,0
28,-1,587,354,24,58,1,1,-1,0
28,-1,629,284,40,78,1,1,-1,1
28,-1,710,288,38,61,1,10,-1,1
28,-1,714,263,31,60,1,2,-1,1
28,-1,717,282,25,45,1,2,-1,1
28,-1,1096,468,75,104,1,10,-1,1
28,-1,1112,450,41,71,1,2,-1,2
28,-1,534,283,22,70,1,1,-1,0
29,-1,325,302,27,59,1,1,-1,1
29,-1,542,188,25,29,1,2,-1,0
29,-1,552,268,22,67,1,1,-1,0
29,-1,608,255,58,48,1,10,-1,1
29,-1,806,281,44,69,1,10,-1,1
29,-1,1097,467,75,104,1,10,-1,1
29,-1,1109,444,68,97,1,2,-1,1
29,-1,1113,449,41,71,1,2,-1,2
29,-1,666,276,42,79,1,1,-1,1
30,-1,388,264,19,42,1,1,-1,0
30,-1,503,187,14,35,1,1,-1,0
30,-1,575,321,27,95,1,1,-1,1
30,-1,586,360,24,59,1,1,-1,0
30,-1,608,257,58,48,1,10,-1,1
30,-1,716,269,32,60,1,2,-1,1
30,-1,810,285,45,71,1,10,-1,1
30,-1,815,127,33,43,1,8,-1,1
30,-1,1110,444,68,97,1,2,-1,1
30,-1,655,317,35,67,1,1,-1,1
31,-1,383,247,21,61,1,1,-1,1
31,-1,503,187,14,35,1,1,-1,0
31,-1,551,271,22,68,1,1,-1,0
31,-1,579,251,33,69,1,1,-1,1
31,-1,585,363,25,60,1,1,-1,0
31,-1,591,327,85,61,1,10,-1,1
31,-1,718,302,39,62,1,10,-1,1
31,-1,816,271,34,74,1,2,-1,2
31,-1,1099,467,74,104,1,10,-1,1
31,-1,391,247,20,44,1,1,-1,0
32,-1,318,307,27,60,1,1,-1,1
32,-1,380,248,22,61,1,1,-1,1
32,-1,503,187,14,35,1,1,-1,0
32,-1,542,189,25,29,1,2,-1,0
32,-1,549,273,23,68,1,1,-1,0
32,-1,579,252,33,69,1,1,-1,1
32,-1,591,329,86,62,1,10,-1,1
32,-1,608,259,58,48,1,10,-1,1
32,-1,693,192,24,59,1,1,-1,0
32,-1,724,300,27,51,1,2,-1,1
32,-1,817,298,48,72,1,10,-1,1
32,-1,1112,443,68,97,1,2,-1,1
32,-1,589,258,70,58,1,10,-1,1
33,-1,314,310,28,61,1,1,-1,1
33,-1,378,250,22,61,1,1,-1,1
33,-1,384,268,19,41,1,1,-1,0
33,-1,541,190,26,29,1,2,-1,0
33,-1,583,369,26,61,1,1,-1,0
33,-1,608,261,58,48,1,10,-1,1
33,-1,693,193,25,59,1,1,-1,0
33,-1,722,311,39,64,1,10,-1,1
33,-1,723,282,32,62,1,2,-1,1
33,-1,817,127,34,43,1,8,-1,1
33,-1,821,305,49,72,1,10,-1,1
33,-1,1104,468,74,104,1,10,-1,1
33,-1,1119,449,42,71,1,2,-1,2
33,-1,696,292,41,77,1,2,-1,1
34,-1,310,313,29,62,1,1,-1,1
34,-1,504,187,14,36,1,1,-1,0
34,-1,547,277,24,70,1,1,-1,0
34,-1,579,255,34,71,1,1,-1,1
34,-1,582,372,27,62,1,1,-1,0
34,-1,608,262,58,48,1,10,-1,1
34,-1,632,296,42,79,1,1,-1,1
34,-1,694,194,25,59,1,1,-1,0
34,-1,698,132,20,31,1,10,-1,0
34,-1,727,310,28,53,1,2,-1,1
34,-1,1122,449,42,71,1,2,-1,2
34,-1,625,248,35,29,1,10,-1,1
35,-1,307,316,29,63,1,1,-1,1
35,-1,374,253,23,62,1,1,-1,1
35,-1,384,271,19,42,1,1,-1,0
35,-1,540,191,26,30,1,2,-1,0
35,-1,546,279,24,71,1,1,-1,0
35,-1,571,333,31,93,1,1,-1,1
35,-1,590,336,90,64,1,10,-1,1
35,-1,608,263,58,48,1,10,-1,1
35,-1,695,195,25,60,1,1,-1,0
35,-1,698,132,20,32,1,10,-1,0
35,-1,729,314,29,55,1,2,-1,1
35,-1,819,127,34,44,1,8,-1,1
35,-1,829,319,51,73,1,10,-1,1
35,-1,1110,469,74,104,1,10,-1,1
35,-1,1125,449,42,71,1,2,-1,2
35,-1,1139,472,24,41,1,2,-1,2
36,-1,303,319,30,64,1,1,-1,1
36,-1,372,255,23,62,1,1,-1,1
36,-1,382,273,19,42,1,1,-1,0
36,-1,540,192,25,30,1,2,-1,0
36,-1,545,281,25,71,1,1,-1,0
36,-1,580,378,29,64,1,1,-1,0
36,-1,590,339,92,64,1,10,-1,1
36,-1,633,301,42,82,1,1,-1,1
36,-1,695,196,26,60,1,1,-1,0
36,-1,699,133,20,32,1,10,-1,0
36,-1,820,127,34,44,1,8,-1,1
36,-1,1112,469,74,104,1,10,-1,1
36,-1,1128,449,42,71,1,2,-1,2
36,-1,719,196,35,82,1,1,-1,0
37,-1,300,322,30,65,1,1,-1,1
37,-1,370,257,23,62,1,1,-1,1
37,-1,380,275,19,43,1,1,-1,0
37,-1,505,187,14,37,1,1,-1,0
37,-1,544,283,25,72,1,1,-1,0
37,-1,570,341,29,97,1,1,-1,1
37,-1,577,262,36,73,1,1,-1,1
37,-1,589,342,93,66,1,10,-1,1
37,-1,606,266,61,48,1,10,-1,1
37,-1,633,305,43,83,1,1,-1,1
37,-1,696,197,26,60,1,1,-1,0
37,-1,699,133,20,33,1,10,-1,0
37,-1,726,329,40,70,1,10,-1,1
37,-1,732,324,30,57,1,2,-1,1
37,-1,821,127,34,44,1,8,-1,1
37,-1,841,302,34,71,1,2,-1,2
37,-1,841,335,54,79,1,10,-1,1
37,-1,1115,470,74,104,1,10,-1,1
37,-1,386,252,20,46,1,1,-1,0
38,-1,296,325,31,66,1,1,-1,1
38,-1,368,259,23,62,1,1,-1,1
38,-1,378,277,19,43,1,1,-1,0
38,-1,539,194,26,30,1,2,-1,0
38,-1,569,345,29,106,1,1,-1,1
38,-1,727,335,43,72,1,10,-1,1
38,-1,734,328,31,59,1,2,-1,1
38,-1,822,127,34,44,1,8,-1,1
38,-1,846,308,35,74,1,2,-1,2
38,-1,847,308,38,86,1,2,-1,2
38,-1,1118,470,74,104,1,10,-1,1
38,-1,871,291,30,63,1,2,-1,2
39,-1,376,278,19,45,1,1,-1,0
39,-1,601,269,67,49,1,10,-1,1
39,-1,700,134,20,33,1,10,-1,0
39,-1,728,341,45,74,1,10,-1,1
39,-1,823,128,34,44,1,8,-1,1
39,-1,852,314,39,89,1,2,-1,2
39,-1,1126,446,70,100,1,2,-1,1
39,-1,1136,449,43,71,1,2,-1,2
39,-1,366,259,21,50,1,1,-1,0
40,-1,289,331,32,68,1,1,-1,1
40,-1,364,262,24,63,1,1,-1,1
40,-1,575,269,38,75,1,1,-1,1
40,-1,577,399,32,67,1,1,-1,0
40,-1,599,271,70,49,1,10,-1,1
40,-1,634,316,44,87,1,1,-1,1
40,-1,730,348,47,75,1,10,-1,1
40,-1,734,319,42,77,1,2,-1,1
40,-1,824,128,34,44,1,8,-1,1
40,-1,859,361,59,86,1,10,-1,1
40,-1,860,323,44,93,1,2,-1,2
40,-1,1121,471,82,105,1,10,-1,1
40,-1,1128,447,70,100,1,2,-1,1
40,-1,1139,449,43,71,1,2,-1,2
40,-1,1104,436,111,142,1,10,-1,1
41,-1,362,264,24,63,1,1,-1,1
41,-1,373,282,19,46,1,1,-1,0
41,-1,507,188,14,38,1,1,-1,0
41,-1,540,291,27,75,1,1,-1,0
41,-1,575,272,38,75,1,1,-1,1
41,-1,589,356,97,72,1,10,-1,1
41,-1,599,273,71,50,1,10,-1,1
41,-1,699,202,27,61,1,1,-1,0
41,-1,733,356,49,77,1,10,-1,1
41,-1,737,325,44,79,1,2,-1,1
41,-1,825,129,34,44,1,8,-1,1
41,-1,865,369,61,89,1,10,-1,1
41,-1,595,298,21,41,1,1,-1,1
42,-1,360,265,25,64,1,1,-1,1
42,-1,371,284,19,46,1,1,-1,0
42,-1,539,293,28,76,1,1,-1,0
42,-1,566,361,31,110,1,1,-1,1
42,-1,576,410,33,68,1,1,-1,0
42,-1,588,360,98,73,1,10,-1,1
42,-1,599,275,72,51,1,10,-1,1
42,-1,736,364,51,79,1,10,-1,1
42,-1,739,333,45,81,1,2,-1,1
42,-1,743,353,34,64,1,2,-1,1
42,-1,826,129,35,45,1,8,-1,1
42,-1,872,378,62,92,1,10,-1,1
42,-1,1128,473,77,105,1,10,-1,1
42,-1,1144,450,43,72,1,2,-1,2
42,-1,1107,436,84,121,1,2,-1,1
43,-1,574,277,39,76,1,1,-1,1
43,-1,575,415,34,69,1,1,-1,0
43,-1,588,363,99,75,1,10,-1,1
43,-1,622,348,78,60,1,10,-1,1
43,-1,635,327,45,92,1,1,-1,1
43,-1,700,205,28,63,1,1,-1,0
43,-1,741,341,46,84,1,2,-1,1
43,-1,827,130,35,45,1,8,-1,1
43,-1,876,347,44,94,1,2,-1,2
43,-1,880,386,63,95,1,10,-1,1
43,-1,1137,449,71,101,1,2,-1,1
43,-1,1137,469,54,90,1,2,-1,2
44,-1,275,344,34,71,1,1,-1,1
44,-1,356,269,25,64,1,1,-1,1
44,-1,537,297,29,78,1,1,-1,0
44,-1,573,279,41,78,1,1,-1,1
44,-1,575,421,34,69,1,1,-1,0
44,-1,588,367,100,76,1,10,-1,1
44,-1,622,352,79,62,1,10,-1,1
44,-1,636,331,45,93,1,1,-1,1
44,-1,744,380,51,85,1,10,-1,1
44,-1,751,375,36,66,1,2,-1,1
44,-1,828,131,35,45,1,8,-1,1
44,-1,1140,450,72,101,1,2,-1,1
44,-1,694,205,40,90,1,1,-1,0
45,-1,272,347,34,73,1,1,-1,1
45,-1,365,289,19,49,1,1,-1,0
45,-1,535,199,27,31,1,2,-1,0
45,-1,572,281,42,79,1,1,-1,1
45,-1,588,370,101,78,1,10,-1,1
45,-1,636,334,46,95,1,1,-1,1
45,-1,754,386,38,67,1,2,-1,1
45,-1,894,410,73,101,1,10,-1,1
45,-1,1153,455,42,72,1,2,-1,2
45,-1,357,316,19,48,1,1,-1,0
46,-1,352,272,26,64,1,1,-1,1
46,-1,363,291,19,49,1,1,-1,0
46,-1,449,203,22,38,1,1,-1,0
46,-1,512,192,13,34,1,1,-1,0
46,-1,535,301,30,80,1,1,-1,0
46,-1,572,284,42,79,1,1,-1,1
46,-1,573,431,36,71,1,1,-1,0
46,-1,588,374,102,79,1,10,-1,1
46,-1,622,361,81,65,1,10,-1,1
46,-1,753,400,48,89,1,10,-1,1
46,-1,758,396,39,69,1,2,-1,1
46,-1,905,376,42,90,1,2,-1,2
46,-1,912,380,58,120,1,2,-1,2
46,-1,1137,480,82,109,1,10,-1,1
46,-1,1147,452,72,102,1,2,-1,1
46,-1,1155,456,43,72,1,2,-1,2
46,-1,353,265,32,78,1,1,-1,1
47,-1,350,274,26,64,1,1,-1,1
47,-1,362,293,19,50,1,1,-1,0
47,-1,448,204,22,38,1,1,-1,0
47,-1,534,200,27,32,1,2,-1,0
47,-1,562,385,36,119,1,1,-1,1
47,-1,573,437,36,71,1,1,-1,0
47,-1,588,380,103,80,1,10,-1,1
47,-1,599,283,76,55,1,10,-1,1
47,-1,622,366,83,66,1,10,-1,1
47,-1,704,212,28,66,1,1,-1,0
47,-1,757,411,46,91,1,10,-1,1
47,-1,910,386,52,105,1,2,-1,2
47,-1,1140,481,81,108,1,10,-1,1
47,-1,1158,458,42,72,1,2,-1,2
47,-1,658,346,36,76,1,1,-1,1
48,-1,348,276,26,64,1,1,-1,1
48,-1,359,295,19,51,1,1,-1,0
48,-1,447,205,23,39,1,1,-1,0
48,-1,514,194,14,34,1,1,-1,0
48,-1,533,306,31,82,1,1,-1,0
48,-1,562,393,35,118,1,1,-1,1
48,-1,599,285,77,55,1,10,-1,1
48,-1,622,371,84,67,1,10,-1,1
48,-1,705,139,19,36,1,10,-1,0
48,-1,705,214,28,67,1,1,-1,0
48,-1,757,383,56,97,1,2,-1,1
48,-1,936,410,59,113,1,2,-1,2
48,-1,1153,454,73,102,1,2,-1,1
48,-1,916,370,69,145,1,2,-1,2
49,-1,346,278,26,64,1,1,-1,1
49,-1,357,297,19,52,1,1,-1,0
49,-1,446,206,23,39,1,1,-1,0
49,-1,570,291,44,81,1,1,-1,1
49,-1,572,448,38,73,1,1,-1,0
49,-1,588,392,105,83,1,10,-1,1
49,-1,622,375,85,69,1,10,-1,1
49,-1,706,216,28,68,1,1,-1,0
49,-1,765,434,46,97,1,10,-1,1
49,-1,769,429,43,72,1,2,-1,1
49,-1,935,413,49,109,1,2,-1,2
49,-1,1147,485,79,104,1,10,-1,1
49,-1,738,411,62,105,1,2,-1,1
50,-1,355,300,19,52,1,1,-1,0
50,-1,516,196,14,34,1,1,-1,0
50,-1,531,311,32,84,1,1,-1,0
50,-1,533,203,27,31,1,2,-1,0
50,-1,562,407,37,119,1,1,-1,1
50,-1,571,456,38,74,1,1,-1,0
50,-1,599,290,78,56,1,10,-1,1
50,-1,622,380,87,71,1,10,-1,1
50,-1,638,353,47,102,1,1,-1,1
50,-1,763,405,58,101,1,2,-1,1
50,-1,948,427,48,111,1,2,-1,2
50,-1,959,487,77,115,1,10,-1,1
50,-1,964,440,56,121,1,2,-1,2
50,-1,1160,456,74,103,1,2,-1,1
50,-1,1111,466,101,140,1,2,-1,1
51,-1,251,366,37,78,1,1,-1,1
51,-1,353,302,18,53,1,1,-1,0
51,-1,444,209,24,39,1,1,-1,0
51,-1,518,197,14,35,1,1,-1,0
51,-1,569,296,45,82,1,1,-1,1
51,-1,638,356,48,104,1,1,-1,1
51,-1,708,142,19,37,1,10,-1,0
51,-1,708,220,28,69,1,1,-1,0
51,-1,773,458,49,107,1,10,-1,1
51,-1,836,135,37,47,1,8,-1,1
51,-1,959,443,57,116,1,2,-1,2
51,-1,966,505,90,122,1,10,-1,1
51,-1,978,457,59,128,1,2,-1,2
51,-1,1153,485,82,106,1,10,-1,1
51,-1,1162,457,75,104,1,2,-1,1
51,-1,1169,464,42,72,1,2,-1,2
51,-1,995,441,53,114,1,2,-1,2
52,-1,340,283,27,65,1,1,-1,1
52,-1,350,304,19,54,1,1,-1,0
52,-1,444,210,23,39,1,1,-1,0
52,-1,518,197,15,36,1,1,-1,0
52,-1,529,319,33,84,1,1,-1,0
52,-1,558,422,39,120,1,1,-1,1
52,-1,568,298,46,83,1,1,-1,1
52,-1,570,473,39,77,1,1,-1,0
52,-1,599,296,79,57,1,10,-1,1
52,-1,622,389,89,74,1,10,-1,1
52,-1,638,360,49,105,1,1,-1,1
52,-1,780,461,47,76,1,2,-1,1
52,-1,838,136,36,47,1,8,-1,1
52,-1,974,460,55,107,1,2,-1,2
52,-1,993,475,62,134,1,2,-1,2
52,-1,1157,486,83,107,1,10,-1,1
52,-1,576,396,153,122,1,10,-1,1
53,-1,244,372,38,80,1,1,-1,1
53,-1,338,284,28,66,1,1,-1,1
53,-1,518,198,17,36,1,1,-1,0
53,-1,557,425,39,125,1,1,-1,1
53,-1,569,481,40,79,1,1,-1,0
53,-1,588,417,109,88,1,10,-1,1
53,-1,781,442,62,110,1,2,-1,1
53,-1,781,481,55,119,1,10,-1,1
53,-1,982,543,115,135,1,10,-1,1
53,-1,1008,493,65,141,1,2,-1,2
53,-1,1159,487,84,108,1,10,-1,1
53,-1,1175,468,41,71,1,2,-1,2
53,-1,533,328,36,94,1,1,-1,0
54,-1,240,375,39,81,1,1,-1,1
54,-1,346,309,18,55,1,1,-1,0
54,-1,527,327,34,85,1,1,-1,0
54,-1,599,302,79,58,1,10,-1,1
54,-1,711,145,19,38,1,10,-1,0
54,-1,788,483,50,79,1,2,-1,1
54,-1,789,456,64,113,1,2,-1,1
54,-1,1000,556,123,137,1,10,-1,1
54,-1,1006,497,55,104,1,2,-1,2
54,-1,1028,516,71,148,1,2,-1,2
54,-1,1042,585,83,93,1,10,-1,1
55,-1,334,288,28,66,1,1,-1,1
55,-1,518,199,20,38,1,1,-1,0
55,-1,530,206,28,33,1,2,-1,0
55,-1,555,437,41,131,1,1,-1,1
55,-1,639,371,50,109,1,1,-1,1
55,-1,841,138,37,48,1,8,-1,1
55,-1,1018,570,132,139,1,10,-1,1
55,-1,1026,516,58,104,1,2,-1,2
55,-1,1164,491,87,109,1,10,-1,1
55,-1,1174,463,76,106,1,2,-1,1
55,-1,1180,471,42,71,1,2,-1,2
55,-1,524,182,21,40,1,1,-1,0
56,-1,332,290,28,66,1,1,-1,1
56,-1,341,314,19,56,1,1,-1,0
56,-1,440,215,24,40,1,1,-1,0
56,-1,518,200,22,38,1,1,-1,0
56,-1,554,446,42,132,1,1,-1,1
56,-1,568,506,41,83,1,1,-1,0
56,-1,623,408,94,80,1,10,-1,1
56,-1,799,489,64,118,1,2,-1,1
56,-1,803,525,53,78,1,2,-1,1
56,-1,842,138,38,49,1,8,-1,1
56,-1,1068,563,84,161,1,2,-1,2
56,-1,1166,492,89,110,1,10,-1,1
56,-1,1183,472,41,71,1,2,-1,2
56,-1,707,224,22,57,1,1,-1,0
57,-1,230,385,41,84,1,1,-1,1
57,-1,330,291,29,67,1,1,-1,1
57,-1,439,216,25,40,1,1,-1,0
57,-1,522,339,37,88,1,1,-1,0
57,-1,529,208,28,33,1,2,-1,0
57,-1,554,455,43,133,1,1,-1,1
57,-1,567,514,42,85,1,1,-1,0
57,-1,600,312,79,59,1,10,-1,1
57,-1,640,382,51,114,1,1,-1,1
57,-1,714,231,29,74,1,1,-1,0
57,-1,715,148,19,39,1,10,-1,0
57,-1,803,557,79,138,1,10,-1,1
57,-1,1054,598,149,142,1,10,-1,1
57,-1,1066,556,64,104,1,2,-1,2
57,-1,512,208,27,32,1,2,-1,0
58,-1,337,318,18,58,1,1,-1,0
58,-1,521,342,37,90,1,1,-1,0
58,-1,529,209,28,33,1,2,-1,0
58,-1,565,318,51,89,1,1,-1,0
58,-1,587,449,115,95,1,10,-1,1
58,-1,623,417,96,83,1,10,-1,1
58,-1,685,120,15,29,1,2,-1,1
58,-1,699,93,17,21,1,10,-1,0
58,-1,716,149,19,39,1,10,-1,0
58,-1,813,529,77,121,1,2,-1,1
58,-1,819,567,56,78,1,2,-1,1
58,-1,1097,585,64,113,1,2,-1,2
58,-1,809,179,25,32,1,8,-1,1
58,-1,519,167,32,53,1,1,-1,0
59,-1,218,393,43,87,1,1,-1,1
59,-1,326,295,29,67,1,1,-1,1
59,-1,335,321,18,59,1,1,-1,0
59,-1,414,218,28,48,1,1,-1,1
59,-1,438,218,24,41,1,1,-1,0
59,-1,519,346,38,91,1,1,-1,0
59,-1,521,203,24,38,1,1,-1,0
59,-1,528,211,28,32,1,2,-1,0
59,-1,552,472,45,140,1,1,-1,1
59,-1,566,534,43,87,1,1,-1,0
59,-1,684,122,16,29,1,2,-1,1
59,-1,717,236,31,81,1,1,-1,0
59,-1,819,552,82,124,1,2,-1,1
59,-1,846,140,38,49,1,8,-1,1
59,-1,1174,498,93,113,1,10,-1,1
59,-1,608,335,78,58,1,10,-1,1
59,-1,609,415,135,116,1,10,-1,1
60,-1,412,219,28,49,1,1,-1,1
60,-1,425,206,24,52,1,1,-1,1
60,-1,437,219,25,41,1,1,-1,0
60,-1,523,205,23,36,1,1,-1,0
60,-1,527,213,28,32,1,2,-1,0
60,-1,564,326,53,92,1,1,-1,0
60,-1,600,321,80,60,1,10,-1,1
60,-1,623,426,99,86,1,10,-1,1
60,-1,643,405,53,121,1,1,-1,1
60,-1,682,133,18,23,1,10,-1,1
60,-1,684,122,16,30,1,2,-1,1
60,-1,826,576,86,126,1,2,-1,1
60,-1,1151,650,70,101,1,2,-1,2
60,-1,1176,499,95,115,1,10,-1,1
60,-1,1188,473,77,107,1,2,-1,1
60,-1,1194,479,42,74,1,2,-1,2
60,-1,395,216,20,34,1,1,-1,1
60,-1,838,653,58,83,1,10,-1,1
61,-1,328,328,19,59,1,1,-1,0
61,-1,424,208,23,52,1,1,-1,1
61,-1,436,221,25,41,1,1,-1,0
61,-1,516,355,39,95,1,1,-1,0
61,-1,524,206,24,36,1,1,-1,0
61,-1,526,215,28,31,1,2,-1,0
61,-1,564,330,53,94,1,1,-1,0
61,-1,566,556,43,90,1,1,-1,0
61,-1,601,325,80,60,1,10,-1,1
61,-1,699,93,17,21,1,10,-1,0
61,-1,851,643,59,78,1,2,-1,1
61,-1,1190,476,78,107,1,2,-1,1
61,-1,819,566,111,157,1,2,-1,1
61,-1,632,397,63,145,1,1,-1,1
62,-1,200,406,48,91,1,1,-1,1
62,-1,317,303,31,69,1,1,-1,1
62,-1,325,331,19,59,1,1,-1,0
62,-1,409,223,28,50,1,1,-1,1
62,-1,418,232,19,40,1,1,-1,1
62,-1,422,209,24,53,1,1,-1,1
62,-1,435,222,25,41,1,1,-1,0
62,-1,526,208,24,35,1,1,-1,1
62,-1,600,329,82,61,1,10,-1,1
62,-1,686,124,16,30,1,2,-1,1
62,-1,721,245,31,80,1,1,-1,0
62,-1,540,497,48,148,1,1,-1,1
63,-1,322,335,19,59,1,1,-1,0
63,-1,407,225,29,50,1,1,-1,1
63,-1,524,218,29,31,1,2,-1,0
63,-1,525,209,24,35,1,1,-1,1
63,-1,548,510,49,154,1,1,-1,1
63,-1,563,338,55,97,1,1,-1,0
63,-1,565,580,43,93,1,1,-1,0
63,-1,645,428,56,129,1,1,-1,1
63,-1,683,103,13,30,1,10,-1,0
63,-1,687,125,16,30,1,2,-1,1
63,-1,721,154,19,41,1,10,-1,0
63,-1,850,143,39,50,1,8,-1,1
63,-1,1202,484,43,79,1,2,-1,2
63,-1,399,228,18,31,1,1,-1,1
63,-1,522,450,72,225,1,1,-1,1
64,-1,310,310,33,70,1,1,-1,1
64,-1,406,227,28,50,1,1,-1,1
64,-1,414,236,20,40,1,1,-1,1
64,-1,420,212,24,54,1,1,-1,1
64,-1,513,373,40,99,1,1,-1,0
64,-1,582,498,131,104,1,10,-1,1
64,-1,600,339,85,62,1,10,-1,1
64,-1,623,453,105,93,1,10,-1,1
64,-1,687,126,16,30,1,2,-1,1
64,-1,723,156,19,41,1,10,-1,0
64,-1,723,251,33,80,1,1,-1,0
64,-1,1205,486,43,80,1,2,-1,2
64,-1,711,134,9,17,1,2,-1,1
65,-1,182,418,52,96,1,1,-1,1
65,-1,307,313,33,72,1,1,-1,1
65,-1,413,238,19,41,1,1,-1,1
65,-1,432,225,26,42,1,1,-1,0
65,-1,511,379,41,100,1,1,-1,0
65,-1,546,536,50,159,1,1,-1,1
65,-1,582,510,133,106,1,10,-1,1
65,-1,647,444,57,134,1,1,-1,1
65,-1,665,198,40,60,1,7,-1,1
65,-1,724,157,19,41,1,10,-1,0
65,-1,1188,510,101,120,1,10,-1,1
65,-1,1208,488,44,82,1,2,-1,2
65,-1,565,617,23,52,1,1,-1,0
65,-1,446,222,38,61,1,1,-1,0
66,-1,177,423,53,97,1,1,-1,1
66,-1,418,215,23,55,1,1,-1,1
66,-1,545,549,51,162,1,1,-1,1
66,-1,582,522,136,108,1,10,-1,1
66,-1,623,471,108,96,1,10,-1,1
66,-1,665,200,40,60,1,7,-1,1
66,-1,686,104,13,30,1,10,-1,0
66,-1,1190,513,102,121,1,10,-1,1
66,-1,1195,530,77,91,1,10,-1,1
66,-1,177,390,74,136,1,1,-1,1
67,-1,170,431,55,98,1,1,-1,1
67,-1,401,233,29,51,1,1,-1,1
67,-1,409,242,20,42,1,1,-1,1
67,-1,430,229,26,42,1,1,-1,0
67,-1,509,391,42,103,1,1,-1,0
67,-1,522,223,30,31,1,2,-1,0
67,-1,523,216,23,36,1,1,-1,1
67,-1,544,562,52,165,1,1,-1,1
67,-1,561,635,41,97,1,1,-1,0
67,-1,562,355,58,103,1,1,-1,0
67,-1,599,353,90,64,1,10,-1,1
67,-1,688,104,13,30,1,10,-1,0
67,-1,688,137,18,28,1,10,-1,1
67,-1,690,129,16,30,1,2,-1,1
67,-1,690,195,22,59,1,1,-1,1
67,-1,700,95,17,21,1,10,-1,0
67,-1,726,161,19,40,1,10,-1,0
67,-1,728,260,33,80,1,1,-1,0
67,-1,1192,516,104,122,1,10,-1,1
67,-1,621,470,132,117,1,10,-1,1
67,-1,621,458,148,132,1,10,-1,1
68,-1,164,440,57,99,1,1,-1,1
68,-1,297,323,35,74,1,1,-1,1
68,-1,415,218,24,55,1,1,-1,1
68,-1,429,231,26,42,1,1,-1,0
68,-1,508,396,42,105,1,1,-1,0
68,-1,522,218,23,36,1,1,-1,1
68,-1,522,225,29,31,1,2,-1,0
68,-1,542,573,51,172,1,1,-1,1
68,-1,582,546,141,112,1,10,-1,1
68,-1,599,358,92,65,1,10,-1,1
68,-1,623,488,112,101,1,10,-1,1
68,-1,649,467,60,141,1,1,-1,1
68,-1,666,204,41,61,1,7,-1,1
68,-1,689,104,13,30,1,10,-1,0
68,-1,690,130,17,30,1,2,-1,1
68,-1,730,263,33,83,1,1,-1,0
68,-1,726,172,17,34,1,10,-1,0
68,-1,303,364,20,41,1,1,-1,1
69,-1,158,448,58,101,1,1,-1,1
69,-1,294,326,35,75,1,1,-1,1
69,-1,398,236,29,53,1,1,-1,1
69,-1,427,233,26,43,1,1,-1,0
69,-1,521,226,30,31,1,2,-1,0
69,-1,540,589,51,166,1,1,-1,1
69,-1,689,138,19,30,1,10,-1,1
69,-1,691,199,22,59,1,1,-1,1
69,-1,700,96,17,21,1,10,-1,0
69,-1,728,164,20,41,1,10,-1,0
69,-1,732,267,34,85,1,1,-1,0
69,-1,857,146,41,52,1,8,-1,1
69,-1,1196,522,106,124,1,10,-1,1
69,-1,1221,503,46,88,1,2,-1,2
69,-1,678,226,13,35,1,1,-1,1
69,-1,694,160,12,18,1,10,-1,1
70,-1,291,330,36,76,1,1,-1,1
70,-1,301,360,21,60,1,1,-1,0
70,-1,426,235,26,43,1,1,-1,0
70,-1,539,606,52,149,1,1,-1,1
70,-1,598,367,96,67,1,10,-1,1
70,-1,623,506,115,104,1,10,-1,1
70,-1,666,209,43,62,1,7,-1,1
70,-1,690,139,19,31,1,10,-1,1
70,-1,1199,525,107,125,1,10,-1,1
70,-1,1214,505,82,112,1,2,-1,1
70,-1,1227,518,56,77,1,2,-1,1
70,-1,417,227,19,45,1,1,-1,1
71,-1,146,465,61,103,1,1,-1,1
71,-1,297,365,21,60,1,1,-1,0
71,-1,395,240,29,54,1,1,-1,1
71,-1,520,229,31,32,1,2,-1,0
71,-1,538,623,54,132,1,1,-1,1
71,-1,556,377,58,110,1,1,-1,0
71,-1,579,585,149,117,1,10,-1,1
71,-1,623,515,117,106,1,10,-1,1
71,-1,667,211,43,62,1,7,-1,1
71,-1,693,133,16,30,1,2,-1,1
71,-1,693,203,22,60,1,1,-1,1
71,-1,700,97,17,21,1,10,-1,0
71,-1,730,168,20,40,1,10,-1,0
71,-1,736,274,36,90,1,1,-1,0
71,-1,1202,528,108,126,1,10,-1,1
71,-1,1217,509,82,112,1,2,-1,1
71,-1,552,609,146,115,1,10,-1,1
71,-1,695,136,9,18,1,2,-1,1
72,-1,284,338,37,78,1,1,-1,1
72,-1,410,224,24,57,1,1,-1,1
72,-1,423,240,26,43,1,1,-1,0
72,-1,503,420,44,111,1,1,-1,0
72,-1,519,231,32,32,1,2,-1,0
72,-1,554,383,59,112,1,1,-1,0
72,-1,578,598,152,119,1,10,-1,1
72,-1,598,377,99,68,1,10,-1,1
72,-1,623,524,119,108,1,10,-1,1
72,-1,653,498,63,151,1,1,-1,1
72,-1,667,213,44,63,1,7,-1,1
72,-1,700,97,17,21,1,10,-1,0
72,-1,732,170,20,40,1,10,-1,0
72,-1,738,278,37,92,1,1,-1,0
72,-1,1232,515,47,92,1,2,-1,2
72,-1,1227,548,73,85,1,10,-1,1
73,-1,131,483,64,106,1,1,-1,1
73,-1,281,343,38,78,1,1,-1,1
73,-1,290,375,22,60,1,1,-1,0
73,-1,392,244,29,54,1,1,-1,1
73,-1,422,242,25,43,1,1,-1,0
73,-1,519,233,32,32,1,2,-1,0
73,-1,581,616,154,112,1,10,-1,1
73,-1,597,383,102,69,1,10,-1,1
73,-1,624,536,123,113,1,10,-1,1
73,-1,654,506,64,154,1,1,-1,1
73,-1,667,216,44,63,1,7,-1,1
73,-1,694,207,23,61,1,1,-1,1
73,-1,701,97,17,21,1,10,-1,0
73,-1,739,283,38,93,1,1,-1,0
73,-1,1209,535,111,129,1,10,-1,1
73,-1,1223,516,83,113,1,2,-1,1
73,-1,1231,521,25,49,1,2,-1,2
74,-1,122,493,65,107,1,1,-1,1
74,-1,277,347,39,79,1,1,-1,1
74,-1,286,380,23,60,1,1,-1,0
74,-1,391,246,29,55,1,1,-1,1
74,-1,408,227,23,58,1,1,-1,1
74,-1,420,244,26,43,1,1,-1,0
74,-1,518,235,33,32,1,2,-1,0
74,-1,519,228,22,37,1,1,-1,1
74,-1,597,390,104,70,1,10,-1,1
74,-1,626,548,127,118,1,10,-1,1
74,-1,655,521,66,149,1,1,-1,1
74,-1,668,218,44,63,1,7,-1,1
74,-1,695,135,16,31,1,2,-1,1
74,-1,738,178,20,41,1,10,-1,0
74,-1,741,288,38,94,1,1,-1,0
74,-1,1214,540,109,129,1,10,-1,1
74,-1,1226,520,84,113,1,2,-1,1
74,-1,423,276,21,44,1,1,-1,1
75,-1,114,503,66,108,1,1,-1,1
75,-1,274,351,39,80,1,1,-1,1
75,-1,283,385,23,60,1,1,-1,0
75,-1,389,248,29,55,1,1,-1,1
75,-1,396,260,22,44,1,1,-1,1
75,-1,498,441,46,116,1,1,-1,0
75,-1,550,404,62,116,1,1,-1,0
75,-1,668,220,45,64,1,7,-1,1
75,-1,694,142,19,34,1,10,-1,1
75,-1,696,211,23,61,1,1,-1,1
75,-1,698,107,13,30,1,10,-1,0
75,-1,743,293,38,95,1,1,-1,0
75,-1,864,150,42,54,1,8,-1,1
75,-1,1230,524,85,113,1,2,-1,1
75,-1,1242,526,48,97,1,2,-1,2
75,-1,738,195,15,30,1,10,-1,1
75,-1,410,237,12,30,1,1,-1,1
76,-1,105,512,67,110,1,1,-1,1
76,-1,271,356,40,80,1,1,-1,1
76,-1,279,390,24,60,1,1,-1,0
76,-1,394,262,23,44,1,1,-1,1
76,-1,405,230,24,58,1,1,-1,1
76,-1,549,413,65,118,1,1,-1,0
76,-1,596,403,109,73,1,10,-1,1
76,-1,669,222,45,64,1,7,-1,1
76,-1,695,142,19,36,1,10,-1,1
76,-1,696,137,17,31,1,2,-1,1
76,-1,701,98,17,21,1,10,-1,0
76,-1,742,184,21,42,1,10,-1,1
76,-1,744,299,39,95,1,1,-1,0
76,-1,865,151,42,54,1,8,-1,1
76,-1,1235,528,85,114,1,2,-1,1
76,-1,634,588,153,145,1,10,-1,1
77,-1,268,360,40,82,1,1,-1,1
77,-1,393,264,22,45,1,1,-1,1
77,-1,404,232,23,58,1,1,-1,1
77,-1,416,251,26,43,1,1,-1,0
77,-1,517,241,34,33,1,2,-1,0
77,-1,629,594,140,124,1,10,-1,1
77,-1,659,567,71,133,1,1,-1,1
77,-1,669,225,46,64,1,7,-1,1
77,-1,697,138,17,31,1,2,-1,1
77,-1,701,99,17,21,1,10,-1,0
77,-1,743,186,21,42,1,10,-1,1
77,-1,1229,555,103,129,1,10,-1,1
77,-1,901,153,27,35,1,8,-1,1
78,-1,264,364,41,83,1,1,-1,1
78,-1,391,267,23,44,1,1,-1,1
78,-1,516,242,35,34,1,2,-1,0
78,-1,660,582,73,129,1,1,-1,1
78,-1,669,227,47,65,1,7,-1,1
78,-1,698,139,16,31,1,2,-1,1
78,-1,741,174,23,39,1,2,-1,1
78,-1,748,311,39,97,1,1,-1,0
78,-1,868,153,42,54,1,8,-1,1
78,-1,1252,538,50,101,1,2,-1,2
78,-1,658,243,36,50,1,7,-1,1
78,-1,549,460,55,92,1,1,-1,0
79,-1,74,545,71,113,1,1,-1,0
79,-1,389,269,23,45,1,1,-1,1
79,-1,402,235,23,59,1,1,-1,1
79,-1,413,255,26,44,1,1,-1,0
79,-1,515,244,36,34,1,2,-1,0
79,-1,517,236,20,39,1,1,-1,1
79,-1,670,229,47,65,1,7,-1,1
79,-1,699,220,24,62,1,1,-1,1
79,-1,701,99,17,21,1,10,-1,0
79,-1,703,108,13,30,1,10,-1,0
79,-1,742,176,23,39,1,2,-1,1
79,-1,1256,542,50,103,1,2,-1,2
79,-1,693,160,18,34,1,10,-1,1
79,-1,541,195,17,32,1,1,-1,1
80,-1,258,373,42,84,1,1,-1,1
80,-1,388,271,23,45,1,1,-1,1
80,-1,400,236,24,60,1,1,-1,1
80,-1,412,258,25,43,1,1,-1,0
80,-1,485,489,49,124,1,1,-1,0
80,-1,627,648,152,106,1,10,-1,1
80,-1,699,141,17,31,1,2,-1,1
80,-1,699,146,19,38,1,10,-1,1
80,-1,743,178,24,39,1,2,-1,1
80,-1,1245,569,93,129,1,10,-1,1
80,-1,752,302,48,116,1,1,-1,0
80,-1,771,335,35,84,1,1,-1,0
81,-1,46,573,76,113,1,1,-1,0
81,-1,254,377,43,85,1,1,-1,1
81,-1,258,418,26,62,1,1,-1,0
81,-1,386,273,23,46,1,1,-1,1
81,-1,399,238,23,60,1,1,-1,1
81,-1,514,248,37,35,1,2,-1,0
81,-1,596,439,120,79,1,10,-1,1
81,-1,664,628,78,113,1,1,-1,1
81,-1,699,148,19,36,1,10,-1,1
81,-1,702,100,17,21,1,10,-1,0
81,-1,705,109,13,30,1,10,-1,0
81,-1,745,180,24,39,1,2,-1,1
81,-1,873,156,43,56,1,8,-1,1
81,-1,1259,550,80,119,1,2,-1,1
81,-1,884,180,35,46,1,8,-1,1
82,-1,33,587,78,113,1,1,-1,0
82,-1,251,382,44,85,1,1,-1,1
82,-1,253,424,26,63,1,1,-1,0
82,-1,379,261,29,58,1,1,-1,1
82,-1,398,239,23,61,1,1,-1,1
82,-1,479,510,52,128,1,1,-1,0
82,-1,541,469,84,125,1,1,-1,0
82,-1,596,447,122,80,1,10,-1,1
82,-1,701,143,16,31,1,2,-1,1
82,-1,701,226,25,63,1,1,-1,1
82,-1,702,100,17,21,1,10,-1,0
82,-1,706,109,14,30,1,10,-1,0
82,-1,749,198,22,42,1,10,-1,1
82,-1,1255,577,85,129,1,10,-1,1
82,-1,1262,554,79,119,1,2,-1,1
82,-1,740,226,12,23,1,10,-1,1
83,-1,248,386,44,86,1,1,-1,1
83,-1,377,263,30,59,1,1,-1,1
83,-1,397,241,23,61,1,1,-1,1
83,-1,515,243,19,39,1,1,-1,1
83,-1,539,480,86,127,1,1,-1,0
83,-1,596,455,124,81,1,10,-1,1
83,-1,700,152,18,34,1,10,-1,1
83,-1,702,100,17,21,1,10,-1,0
83,-1,708,109,13,30,1,10,-1,0
83,-1,716,205,28,64,1,1,-1,1
83,-1,765,338,43,101,1,1,-1,0
83,-1,1266,559,77,118,1,2,-1,1
83,-1,516,236,53,49,1,2,-1,0
84,-1,380,280,24,46,1,1,-1,1
84,-1,396,243,23,61,1,1,-1,1
84,-1,513,254,39,36,1,2,-1,0
84,-1,596,463,126,82,1,10,-1,1
84,-1,701,154,17,32,1,10,-1,1
84,-1,709,110,13,30,1,10,-1,0
84,-1,718,207,28,65,1,1,-1,1
84,-1,878,160,43,56,1,8,-1,1
84,-1,1265,586,77,129,1,10,-1,1
84,-1,496,238,24,51,1,1,-1,1
85,-1,239,396,45,89,1,1,-1,1
85,-1,393,245,24,61,1,1,-1,1
85,-1,470,542,58,134,1,1,-1,0
85,-1,514,246,19,40,1,1,-1,1
85,-1,536,504,89,130,1,1,-1,0
85,-1,594,468,127,85,1,10,-1,1
85,-1,672,243,50,67,1,7,-1,1
85,-1,702,101,17,21,1,10,-1,0
85,-1,703,146,17,31,1,2,-1,1
85,-1,703,232,26,64,1,1,-1,1
85,-1,771,351,44,103,1,1,-1,0
85,-1,879,161,44,57,1,8,-1,1
85,-1,1282,564,44,91,1,2,-1,2
85,-1,668,227,57,76,1,7,-1,1
86,-1,233,402,46,90,1,1,-1,1
86,-1,233,449,27,66,1,1,-1,0
86,-1,373,269,30,60,1,1,-1,1
86,-1,376,286,24,46,1,1,-1,1
86,-1,404,271,25,44,1,1,-1,0
86,-1,513,248,19,40,1,1,-1,1
86,-1,536,507,90,129,1,1,-1,0
86,-1,592,474,128,87,1,10,-1,1
86,-1,672,245,51,68,1,7,-1,1
86,-1,702,101,17,21,1,10,-1,0
86,-1,702,158,17,30,1,10,-1,1
86,-1,708,229,34,56,1,10,-1,2
86,-1,711,110,14,30,1,10,-1,0
86,-1,754,207,22,42,1,10,-1,1
86,-1,1287,568,43,89,1,2,-1,2
86,-1,730,228,31,74,1,1,-1,1
87,-1,402,273,25,45,1,1,-1,0
87,-1,464,572,59,137,1,1,-1,0
87,-1,510,260,37,36,1,2,-1,0
87,-1,513,249,18,41,1,1,-1,1
87,-1,538,525,92,131,1,1,-1,0
87,-1,591,483,130,89,1,10,-1,1
87,-1,703,159,17,30,1,10,-1,1
87,-1,705,147,16,32,1,2,-1,1
87,-1,713,111,13,30,1,10,-1,0
87,-1,724,213,28,68,1,1,-1,1
87,-1,883,163,43,58,1,8,-1,1
87,-1,1269,596,72,125,1,10,-1,1
87,-1,220,455,30,74,1,1,-1,0
88,-1,221,413,48,93,1,1,-1,1
88,-1,223,461,27,68,1,1,-1,0
88,-1,367,274,31,61,1,1,-1,1
88,-1,372,291,24,46,1,1,-1,1
88,-1,460,585,60,138,1,1,-1,0
88,-1,509,262,38,37,1,2,-1,0
88,-1,535,536,94,133,1,1,-1,0
88,-1,673,250,51,68,1,7,-1,1
88,-1,680,104,18,30,1,10,-1,0
88,-1,705,238,27,65,1,1,-1,1
88,-1,756,211,22,42,1,10,-1,1
88,-1,1294,574,40,92,1,2,-1,2
88,-1,656,215,72,96,1,7,-1,1
89,-1,216,419,47,94,1,1,-1,1
89,-1,364,277,31,61,1,1,-1,1
89,-1,400,278,25,45,1,1,-1,0
89,-1,456,598,61,139,1,1,-1,0
89,-1,591,501,133,94,1,10,-1,1
89,-1,673,252,52,69,1,7,-1,1
89,-1,705,161,18,29,1,10,-1,1
89,-1,706,240,27,65,1,1,-1,1
89,-1,713,240,34,56,1,10,-1,2
89,-1,715,111,14,30,1,10,-1,0
89,-1,727,217,28,70,1,1,-1,1
89,-1,781,374,47,116,1,1,-1,0
89,-1,907,181,36,48,1,8,-1,1
90,-1,210,425,48,95,1,1,-1,1
90,-1,213,474,28,69,1,1,-1,0
90,-1,383,256,24,61,1,1,-1,1
90,-1,397,280,26,45,1,1,-1,0
90,-1,508,266,39,38,1,2,-1,0
90,-1,674,254,52,69,1,7,-1,1
90,-1,680,104,18,30,1,10,-1,0
90,-1,706,162,18,28,1,10,-1,1
90,-1,707,150,17,32,1,2,-1,1
90,-1,707,242,27,65,1,1,-1,1
90,-1,716,112,14,30,1,10,-1,0
90,-1,729,219,28,71,1,1,-1,1
90,-1,1273,606,68,122,1,10,-1,1
90,-1,301,283,40,76,1,1,-1,1
91,-1,204,430,49,97,1,1,-1,1
91,-1,208,480,28,70,1,1,-1,0
91,-1,381,259,25,60,1,1,-1,1
91,-1,394,282,28,46,1,1,-1,0
91,-1,508,268,39,39,1,2,-1,0
91,-1,511,256,17,41,1,1,-1,1
91,-1,674,256,53,70,1,7,-1,1
91,-1,703,103,17,21,1,10,-1,0
91,-1,764,220,24,43,1,10,-1,1
91,-1,889,168,44,59,1,8,-1,1
91,-1,1275,609,66,121,1,10,-1,1
91,-1,1306,585,34,95,1,2,-1,2
91,-1,386,267,17,28,1,1,-1,0
92,-1,198,436,50,98,1,1,-1,1
92,-1,203,486,28,71,1,1,-1,0
92,-1,356,285,32,63,1,1,-1,1
92,-1,363,302,24,46,1,1,-1,1
92,-1,379,261,25,60,1,1,-1,1
92,-1,447,640,67,114,1,1,-1,0
92,-1,506,270,39,38,1,2,-1,0
92,-1,510,258,18,41,1,1,-1,1
92,-1,590,531,140,102,1,10,-1,1
92,-1,680,105,18,30,1,10,-1,0
92,-1,708,152,17,32,1,2,-1,1
92,-1,719,112,13,30,1,10,-1,0
92,-1,765,204,27,38,1,2,-1,1
92,-1,1276,612,65,121,1,10,-1,1
92,-1,389,293,30,46,1,1,-1,0
93,-1,193,442,49,99,1,1,-1,1
93,-1,353,288,33,63,1,1,-1,1
93,-1,361,305,24,46,1,1,-1,1
93,-1,377,263,25,61,1,1,-1,1
93,-1,445,654,69,101,1,1,-1,0
93,-1,524,265,16,30,1,2,-1,2
93,-1,524,595,103,144,1,1,-1,0
93,-1,589,542,144,105,1,10,-1,1
93,-1,675,261,54,70,1,7,-1,1
93,-1,680,106,18,30,1,10,-1,0
93,-1,707,251,29,67,1,1,-1,1
93,-1,709,153,17,32,1,2,-1,1
93,-1,720,254,34,57,1,10,-1,2
93,-1,734,225,28,74,1,1,-1,1
93,-1,771,226,25,44,1,10,-1,1
93,-1,892,171,45,59,1,8,-1,1
93,-1,1309,593,32,99,1,2,-1,2
93,-1,714,244,43,71,1,10,-1,2
94,-1,189,502,30,74,1,1,-1,0
94,-1,350,291,33,63,1,1,-1,1
94,-1,358,308,24,46,1,1,-1,1
94,-1,386,290,32,46,1,1,-1,0
94,-1,703,104,17,21,1,10,-1,0
94,-1,707,254,30,68,1,1,-1,1
94,-1,710,154,17,32,1,2,-1,1
94,-1,710,168,18,26,1,10,-1,1
94,-1,736,227,28,75,1,1,-1,1
94,-1,773,229,25,45,1,10,-1,1
94,-1,799,415,54,122,1,1,-1,0
94,-1,894,172,45,60,1,8,-1,1
94,-1,1310,598,31,100,1,2,-1,2
94,-1,710,113,14,23,1,10,-1,0
95,-1,181,453,51,102,1,1,-1,1
95,-1,347,293,34,64,1,1,-1,1
95,-1,356,311,24,46,1,1,-1,1
95,-1,383,292,34,47,1,1,-1,0
95,-1,509,263,16,42,1,1,-1,1
95,-1,522,269,17,31,1,2,-1,2
95,-1,587,565,151,110,1,10,-1,1
95,-1,676,266,55,71,1,7,-1,1
95,-1,680,106,18,30,1,10,-1,0
95,-1,703,104,17,21,1,10,-1,0
95,-1,707,257,31,69,1,1,-1,1
95,-1,711,170,18,26,1,10,-1,1
95,-1,724,262,34,56,1,10,-1,2
95,-1,738,229,28,76,1,1,-1,1
95,-1,774,211,28,38,1,2,-1,1
95,-1,803,425,55,125,1,1,-1,0
95,-1,896,173,44,60,1,8,-1,1
95,-1,1312,602,30,102,1,2,-1,2
95,-1,544,556,223,163,1,10,-1,1
96,-1,172,522,32,76,1,1,-1,0
96,-1,175,459,52,103,1,1,-1,1
96,-1,344,296,34,64,1,1,-1,1
96,-1,370,270,26,60,1,1,-1,1
96,-1,508,264,17,43,1,1,-1,1
96,-1,521,272,17,31,1,2,-1,2
96,-1,586,577,155,112,1,10,-1,1
96,-1,676,269,55,72,1,7,-1,1
96,-1,680,107,18,30,1,10,-1,0
96,-1,704,105,17,21,1,10,-1,0
96,-1,712,170,18,27,1,10,-1,1
96,-1,777,214,29,38,1,2,-1,1
96,-1,490,218,24,62,1,1,-1,1
97,-1,170,465,51,104,1,1,-1,1
97,-1,342,299,34,65,1,1,-1,1
97,-1,368,272,26,61,1,1,-1,1
97,-1,527,658,97,96,1,1,-1,0
97,-1,586,590,159,114,1,10,-1,1
97,-1,677,273,55,73,1,7,-1,1
97,-1,680,107,18,30,1,10,-1,0
97,-1,704,105,17,21,1,10,-1,0
97,-1,713,170,18,28,1,10,-1,1
97,-1,725,114,14,30,1,10,-1,0
97,-1,727,269,35,57,1,10,-1,2
97,-1,742,236,28,77,1,1,-1,1
97,-1,813,442,58,127,1,1,-1,0
97,-1,714,157,13,24,1,2,-1,1
98,-1,156,542,34,79,1,1,-1,0
98,-1,350,319,24,46,1,1,-1,1
98,-1,366,275,27,60,1,1,-1,1
98,-1,500,283,38,39,1,2,-1,0
98,-1,507,268,16,43,1,1,-1,1
98,-1,519,276,18,32,1,2,-1,2
98,-1,586,603,162,116,1,10,-1,1
98,-1,678,277,55,74,1,7,-1,1
98,-1,680,108,18,30,1,10,-1,0
98,-1,704,105,17,21,1,10,-1,0
98,-1,706,267,34,72,1,1,-1,1
98,-1,781,243,29,50,1,10,-1,1
98,-1,697,145,13,24,1,2,-1,1
99,-1,347,322,24,46,1,1,-1,1
99,-1,364,277,27,60,1,1,-1,1
99,-1,373,303,33,50,1,1,-1,0
99,-1,586,616,166,118,1,10,-1,1
99,-1,679,280,55,76,1,7,-1,1
99,-1,680,108,18,30,1,10,-1,0
99,-1,704,105,17,21,1,10,-1,0
99,-1,714,159,17,32,1,2,-1,1
99,-1,731,277,35,56,1,10,-1,2
99,-1,825,462,61,131,1,1,-1,0
99,-1,895,190,63,85,1,8,-1,1
100,-1,139,561,36,82,1,1,-1,0
100,-1,333,307,36,66,1,1,-1,1
100,-1,362,279,27,60,1,1,-1,1
100,-1,585,631,168,123,1,10,-1,1
100,-1,705,273,37,74,1,1,-1,1
100,-1,714,172,18,30,1,10,-1,1
100,-1,729,115,14,30,1,10,-1,0
100,-1,733,280,34,57,1,10,-1,2
100,-1,783,228,30,46,1,2,-1,1
100,-1,785,251,31,52,1,10,-1,1
100,-1,831,473,63,133,1,1,-1,0
100,-1,890,163,57,79,1,8,-1,1
101,-1,360,281,27,61,1,1,-1,1
101,-1,369,309,31,50,1,1,-1,0
101,-1,497,290,38,41,1,2,-1,0
101,-1,505,275,16,42,1,1,-1,1
101,-1,517,283,18,32,1,2,-1,2
101,-1,585,646,172,106,1,10,-1,1
101,-1,704,106,17,21,1,10,-1,0
101,-1,705,277,38,74,1,1,-1,1
101,-1,715,161,17,32,1,2,-1,1
101,-1,735,284,34,57,1,10,-1,2
101,-1,905,180,46,63,1,8,-1,1
101,-1,357,348,13,25,1,1,-1,1
102,-1,122,581,38,85,1,1,-1,0
102,-1,137,498,56,111,1,1,-1,1
102,-1,358,284,27,60,1,1,-1,1
102,-1,367,312,30,50,1,1,-1,0
102,-1,496,292,37,42,1,2,-1,0
102,-1,504,277,16,42,1,1,-1,1
102,-1,516,286,19,32,1,2,-1,2
102,-1,705,280,39,75,1,1,-1,1
102,-1,715,175,18,30,1,10,-1,1
102,-1,716,163,17,32,1,2,-1,1
102,-1,736,288,35,57,1,10,-1,2
102,-1,754,257,30,81,1,1,-1,1
102,-1,791,237,30,50,1,2,-1,1
102,-1,806,241,33,56,1,2,-1,1
103,-1,339,333,24,46,1,1,-1,1
103,-1,356,286,27,60,1,1,-1,1
103,-1,365,314,29,51,1,1,-1,0
103,-1,495,295,37,42,1,2,-1,0
103,-1,515,288,19,32,1,2,-1,2
103,-1,683,295,55,81,1,7,-1,1
103,-1,705,107,17,21,1,10,-1,0
103,-1,705,283,40,76,1,1,-1,1
103,-1,717,165,17,32,1,2,-1,1
103,-1,738,291,35,57,1,10,-1,2
103,-1,795,263,33,56,1,10,-1,1
103,-1,846,509,64,153,1,1,-1,0
103,-1,722,180,25,48,1,2,-1,1
104,-1,105,600,40,88,1,1,-1,0
104,-1,119,519,59,114,1,1,-1,1
104,-1,322,318,37,68,1,1,-1,1
104,-1,337,336,24,46,1,1,-1,1
104,-1,494,297,37,43,1,2,-1,0
104,-1,682,113,18,30,1,10,-1,0
104,-1,704,286,42,77,1,1,-1,1
104,-1,705,107,17,21,1,10,-1,0
104,-1,718,166,17,32,1,2,-1,1
104,-1,740,295,35,57,1,10,-1,2
104,-1,850,523,68,159,1,1,-1,0
104,-1,910,184,46,63,1,8,-1,1
104,-1,541,276,24,40,1,2,-1,2
105,-1,97,610,41,90,1,1,-1,0
105,-1,110,529,61,116,1,1,-1,1
105,-1,319,321,37,68,1,1,-1,1
105,-1,361,320,27,51,1,1,-1,0
105,-1,513,293,20,32,1,2,-1,2
105,-1,682,115,18,29,1,10,-1,0
105,-1,704,289,42,79,1,1,-1,1
105,-1,705,107,17,21,1,10,-1,0
105,-1,717,181,18,29,1,10,-1,1
105,-1,719,168,17,32,1,2,-1,1
105,-1,735,117,14,30,1,10,-1,0
105,-1,742,299,35,57,1,10,-1,2
105,-1,801,271,35,58,1,10,-1,1
105,-1,802,228,40,71,1,2,-1,1
106,-1,88,620,42,91,1,1,-1,0
106,-1,316,324,38,68,1,1,-1,1
106,-1,329,345,26,47,1,1,-1,1
106,-1,359,323,26,51,1,1,-1,0
106,-1,492,301,37,45,1,2,-1,0
106,-1,500,287,17,40,1,1,-1,1
106,-1,512,295,21,33,1,2,-1,2
106,-1,682,116,19,30,1,10,-1,0
106,-1,704,293,43,79,1,1,-1,1
106,-1,705,108,17,21,1,10,-1,0
106,-1,736,117,14,30,1,10,-1,0
106,-1,744,303,35,57,1,10,-1,1
106,-1,805,275,36,60,1,10,-1,1
106,-1,807,256,32,57,1,2,-1,1
106,-1,695,117,16,19,1,10,-1,0
107,-1,92,550,64,119,1,1,-1,1
107,-1,326,350,26,48,1,1,-1,1
107,-1,340,297,30,62,1,1,-1,1
107,-1,357,326,26,52,1,1,-1,0
107,-1,454,233,23,45,1,1,-1,0
107,-1,500,290,17,40,1,1,-1,1
107,-1,511,297,21,33,1,2,-1,2
107,-1,719,185,18,29,1,10,-1,1
107,-1,721,171,17,32,1,2,-1,1
107,-1,746,309,35,58,1,10,-1,1
107,-1,765,278,33,86,1,1,-1,1
107,-1,674,322,32,50,1,7,-1,1
108,-1,311,331,39,70,1,1,-1,1
108,-1,337,301,30,64,1,1,-1,1
108,-1,353,330,25,53,1,1,-1,0
108,-1,498,293,17,41,1,1,-1,1
108,-1,510,300,22,33,1,2,-1,2
108,-1,703,299,46,81,1,1,-1,1
108,-1,720,187,18,29,1,10,-1,1
108,-1,722,173,17,32,1,2,-1,1
108,-1,739,118,14,30,1,10,-1,0
108,-1,748,315,35,59,1,10,-1,1
108,-1,768,282,33,87,1,1,-1,1
108,-1,816,265,32,62,1,2,-1,1
108,-1,877,593,73,160,1,1,-1,0
108,-1,917,189,47,65,1,8,-1,1
108,-1,695,124,19,31,1,10,-1,0
109,-1,74,571,67,123,1,1,-1,1
109,-1,319,359,28,50,1,1,-1,1
109,-1,334,306,31,65,1,1,-1,1
109,-1,426,253,24,29,1,2,-1,0
109,-1,452,238,23,46,1,1,-1,0
109,-1,497,297,17,41,1,1,-1,1
109,-1,683,120,19,29,1,10,-1,0
109,-1,723,191,17,28,1,10,-1,1
109,-1,740,119,14,30,1,10,-1,0
109,-1,886,614,76,141,1,1,-1,0
109,-1,919,191,48,66,1,8,-1,1
109,-1,322,337,23,49,1,1,-1,0
110,-1,306,340,40,71,1,1,-1,1
110,-1,331,311,32,66,1,1,-1,1
110,-1,424,255,24,29,1,2,-1,0
110,-1,489,313,37,47,1,2,-1,0
110,-1,496,301,17,41,1,1,-1,1
110,-1,509,305,22,33,1,2,-1,2
110,-1,683,121,19,29,1,10,-1,0
110,-1,689,321,56,90,1,7,-1,1
110,-1,705,109,17,21,1,10,-1,0
110,-1,723,177,17,32,1,2,-1,1
110,-1,724,189,17,32,1,10,-1,1
110,-1,818,291,39,65,1,10,-1,1
110,-1,824,275,33,65,1,2,-1,1
110,-1,899,641,76,114,1,1,-1,0
110,-1,921,193,49,67,1,8,-1,1
110,-1,449,233,26,31,1,2,-1,0
111,-1,34,692,49,57,1,1,-1,0
111,-1,56,591,70,127,1,1,-1,1
111,-1,328,316,32,67,1,1,-1,1
111,-1,341,343,24,55,1,1,-1,0
111,-1,423,258,24,29,1,2,-1,0
111,-1,495,305,17,41,1,1,-1,1
111,-1,507,308,22,34,1,2,-1,2
111,-1,684,122,18,29,1,10,-1,0
111,-1,690,324,56,92,1,7,-1,1
111,-1,724,179,17,32,1,2,-1,1
111,-1,724,192,19,33,1,10,-1,1
111,-1,755,334,35,63,1,10,-1,1
111,-1,821,295,40,66,1,10,-1,1
111,-1,828,279,33,68,1,2,-1,1
111,-1,348,323,43,90,1,1,-1,1
112,-1,301,349,41,72,1,1,-1,1
112,-1,325,321,33,68,1,1,-1,1
112,-1,337,348,24,56,1,1,-1,1
112,-1,494,309,17,41,1,1,-1,1
112,-1,706,110,17,21,1,10,-1,0
112,-1,706,314,48,86,1,1,-1,1
112,-1,758,340,34,64,1,10,-1,1
112,-1,777,299,35,90,1,1,-1,1
112,-1,925,198,51,68,1,8,-1,1
112,-1,926,696,76,59,1,1,-1,0
112,-1,490,329,17,26,1,2,-1,2
113,-1,297,354,42,73,1,1,-1,1
113,-1,332,352,25,58,1,1,-1,1
113,-1,420,263,24,29,1,2,-1,0
113,-1,493,312,16,42,1,1,-1,1
113,-1,503,316,24,35,1,2,-1,2
113,-1,709,320,47,88,1,1,-1,1
113,-1,726,184,17,32,1,2,-1,1
113,-1,745,123,14,30,1,10,-1,0
113,-1,780,304,35,91,1,1,-1,1
113,-1,928,201,51,68,1,8,-1,1
113,-1,463,253,12,34,1,1,-1,0
114,-1,29,623,75,132,1,1,-1,1
114,-1,319,330,35,72,1,1,-1,1
114,-1,472,236,19,55,1,1,-1,0
114,-1,684,126,19,29,1,10,-1,0
114,-1,706,110,17,21,1,10,-1,0
114,-1,713,326,45,89,1,1,-1,1
114,-1,727,187,17,32,1,2,-1,1
114,-1,762,353,35,66,1,10,-1,1
114,-1,783,311,35,93,1,1,-1,1
114,-1,841,294,34,73,1,2,-1,1
114,-1,728,113,19,41,1,10,-1,0
115,-1,21,639,70,116,1,1,-1,1
115,-1,316,335,35,73,1,1,-1,1
115,-1,323,361,28,61,1,1,-1,1
115,-1,448,253,22,49,1,1,-1,0
115,-1,693,343,57,95,1,7,-1,1
115,-1,706,111,17,21,1,10,-1,0
115,-1,716,331,44,92,1,1,-1,1
115,-1,726,205,19,32,1,10,-1,1
115,-1,728,189,17,32,1,2,-1,1
115,-1,765,359,34,67,1,10,-1,1
115,-1,787,318,35,95,1,1,-1,1
115,-1,845,301,37,73,1,2,-1,1
115,-1,932,205,53,70,1,8,-1,1
115,-1,325,414,25,41,1,1,-1,1
116,-1,287,370,43,77,1,1,-1,1
116,-1,294,392,33,55,1,1,-1,1
116,-1,313,340,36,74,1,1,-1,1
116,-1,490,324,16,42,1,1,-1,1
116,-1,497,327,27,38,1,2,-1,2
116,-1,685,128,19,29,1,10,-1,0
116,-1,706,111,17,21,1,10,-1,0
116,-1,720,337,42,93,1,1,-1,1
116,-1,727,207,19,32,1,10,-1,1
116,-1,729,192,17,32,1,2,-1,1
116,-1,767,365,34,69,1,10,-1,1
116,-1,791,325,35,97,1,1,-1,1
116,-1,849,309,41,72,1,2,-1,1
116,-1,934,208,54,70,1,8,-1,1
116,-1,736,332,41,90,1,1,-1,1
117,-1,283,375,44,79,1,1,-1,1
117,-1,290,397,34,55,1,1,-1,1
117,-1,313,370,32,64,1,1,-1,1
117,-1,415,273,24,29,1,2,-1,0
117,-1,446,258,22,50,1,1,-1,0
117,-1,470,245,19,55,1,1,-1,0
117,-1,685,129,19,29,1,10,-1,0
117,-1,706,111,17,21,1,10,-1,0
117,-1,723,343,41,95,1,1,-1,1
117,-1,728,208,19,34,1,10,-1,1
117,-1,769,371,34,70,1,10,-1,1
117,-1,795,332,35,99,1,1,-1,1
117,-1,853,316,44,72,1,2,-1,1
117,-1,936,210,55,71,1,8,-1,1
117,-1,731,192,24,45,1,2,-1,1
118,-1,280,381,44,80,1,1,-1,1
118,-1,309,375,33,65,1,1,-1,1
118,-1,414,276,24,29,1,2,-1,0
118,-1,446,261,22,50,1,1,-1,0
118,-1,488,332,16,43,1,1,-1,1
118,-1,597,233,71,48,1,10,-1,1
118,-1,686,131,19,29,1,10,-1,0
118,-1,730,210,19,35,1,10,-1,0
118,-1,752,128,13,30,1,1,-1,0
118,-1,772,378,34,71,1,10,-1,1
118,-1,858,324,47,72,1,2,-1,1
118,-1,862,342,42,80,1,10,-1,1
118,-1,939,213,55,72,1,8,-1,1
118,-1,855,354,39,73,1,10,-1,1
