1,2,712,476,53,118,1,1,-1,-1
1,7,847,22,23,34,1,2,-1,-1
1,47,1007,416,48,73,1,2,-1,-1
1,76,1286,7,20,44,1,2,-1,-1
1,141,122,234,212,76,1,4,-1,-1
2,2,718,474,53,118,1,1,-1,-1
2,7,848,22,23,34,1,2,-1,-1
2,47,1014,414,48,73,1,2,-1,-1
2,48,343,14,22,45,1,2,-1,-1
2,76,1286,7,20,44,1,2,-1,-1
2,77,1525,389,51,89,1,1,-1,-1
2,141,131,233,212,76,1,4,-1,-1
3,2,724,473,53,118,1,1,-1,-1
3,7,848,36,29,29,1,10,-1,-1
3,47,996,436,106,67,1,3,-1,-1
3,48,343,14,22,45,1,2,-1,-1
3,49,1362,23,17,39,1,1,-1,-1
3,76,1287,7,20,44,1,2,-1,-1
3,77,1528,388,51,89,1,1,-1,-1
3,141,171,248,170,61,1,4,-1,-1
4,2,730,472,53,118,1,1,-1,-1
4,7,844,39,33,34,1,10,-1,-1
4,47,1003,435,106,67,1,3,-1,-1
4,48,344,13,22,45,1,2,-1,-1
4,49,1360,10,17,41,1,1,-1,-1
4,76,1288,7,19,45,1,2,-1,-1
4,77,1532,387,51,89,1,1,-1,-1
4,141,151,231,212,76,1,4,-1,-1
5,2,736,471,53,118,1,1,-1,-1
5,7,844,40,34,34,1,10,-1,-1
5,34,520,74,27,59,1,1,-1,-1
5,47,1010,435,106,67,1,3,-1,-1
5,48,344,13,22,45,1,2,-1,-1
5,49,1358,5,18,41,1,1,-1,-1
5,76,1289,8,19,44,1,2,-1,-1
5,77,1535,386,51,89,1,1,-1,-1
6,2,722,473,49,115,1,1,-1,-1
6,7,852,26,23,34,1,2,-1,-1
6,34,520,74,27,59,1,1,-1,-1
6,35,188,655,63,109,1,10,-1,-1
6,47,1017,435,104,66,1,3,-1,-1
6,48,344,13,22,45,1,2,-1,-1
6,49,1356,4,18,41,1,1,-1,-1
6,77,1539,385,51,89,1,1,-1,-1
7,2,728,471,50,116,1,1,-1,-1
7,7,846,40,34,34,1,10,-1,-1
7,34,520,74,27,58,1,1,-1,-1
7,35,190,652,63,109,1,10,-1,-1
7,36,1159,261,45,61,1,2,-1,-1
7,48,345,12,22,45,1,2,-1,-1
7,49,1355,4,18,41,1,1,-1,-1
7,78,1290,8,19,45,1,2,-1,-1
8,2,735,470,49,116,1,1,-1,-1
8,7,846,40,34,34,1,10,-1,-1
8,15,59,155,246,109,1,4,-1,-1
8,34,521,73,27,59,1,1,-1,-1
8,35,180,630,81,101,1,2,-1,-1
8,36,1139,281,58,49,1,10,-1,-1
8,49,1364,8,17,41,1,1,-1,-1
8,78,1291,8,18,45,1,2,-1,-1
9,2,741,469,50,116,1,1,-1,-1
9,7,852,24,26,39,1,2,-1,-1
9,15,78,164,224,99,1,4,-1,-1
9,34,521,73,27,59,1,1,-1,-1
9,35,180,628,82,99,1,2,-1,-1
9,36,1127,276,58,48,1,10,-1,-1
9,78,1292,9,18,45,1,2,-1,-1
9,79,1264,8,19,41,1,1,-1,-1
10,2,766,466,53,118,1,1,-1,-1
10,7,848,41,34,34,1,10,-1,-1
10,15,113,176,197,87,1,4,-1,-1
10,24,1158,114,154,58,1,4,-1,-1
10,34,521,73,27,58,1,1,-1,-1
10,35,181,625,83,97,1,2,-1,-1
10,36,1107,267,54,45,1,10,-1,-1
10,78,1292,8,18,45,1,2,-1,-1
10,79,1264,7,19,41,1,1,-1,-1
11,2,764,473,47,105,1,1,-1,-1
11,7,848,41,35,34,1,10,-1,-1
11,15,120,175,197,87,1,4,-1,-1
11,24,1173,122,181,68,1,4,-1,-1
11,34,522,72,27,59,1,1,-1,-1
11,35,197,640,63,109,1,10,-1,-1
11,36,1109,265,58,48,1,10,-1,-1
11,78,1293,7,18,45,1,2,-1,-1
11,79,1265,7,19,41,1,1,-1,-1
11,80,1052,432,106,67,1,3,-1,-1
12,1,553,147,188,81,1,4,-1,-1
12,2,760,465,50,116,1,1,-1,-1
12,8,1577,146,127,65,1,4,-1,-1
12,15,128,175,197,87,1,4,-1,-1
12,24,1137,113,154,58,1,4,-1,-1
12,35,182,620,85,94,1,2,-1,-1
12,36,1100,260,58,48,1,10,-1,-1
12,79,1266,7,19,41,1,1,-1,-1
12,80,1059,433,106,67,1,3,-1,-1
12,81,430,185,169,72,1,4,-1,-1
13,1,532,148,163,70,1,4,-1,-1
13,2,784,463,53,118,1,1,-1,-1
13,3,511,74,25,54,1,1,-1,-1
13,8,1570,147,126,66,1,4,-1,-1
13,15,118,183,238,105,1,4,-1,-1
13,24,1126,112,154,58,1,4,-1,-1
13,36,1092,255,58,48,1,10,-1,-1
13,37,1295,6,18,45,1,2,-1,-1
13,79,1267,7,19,41,1,1,-1,-1
13,80,1067,434,106,67,1,3,-1,-1
13,81,436,185,169,72,1,4,-1,-1
14,1,522,147,164,70,1,4,-1,-1
14,2,790,462,53,118,1,1,-1,-1
14,3,512,73,25,54,1,1,-1,-1
14,8,1563,148,126,67,1,4,-1,-1
14,15,140,175,197,87,1,4,-1,-1
14,24,1128,125,137,51,1,4,-1,-1
14,25,1572,376,51,88,1,1,-1,-1
14,37,1296,6,18,45,1,2,-1,-1
14,50,179,637,50,56,1,2,-1,-1
14,80,1075,435,106,67,1,3,-1,-1
14,81,442,184,169,72,1,4,-1,-1
15,1,512,146,165,70,1,4,-1,-1
15,2,780,462,49,115,1,1,-1,-1
15,3,512,71,25,54,1,1,-1,-1
15,8,1556,149,126,67,1,4,-1,-1
15,10,890,32,23,35,1,2,-1,-1
15,15,146,175,197,87,1,4,-1,-1
15,16,808,166,167,84,1,4,-1,-1
15,24,1104,109,154,58,1,4,-1,-1
15,25,1570,376,51,88,1,1,-1,-1
15,37,1303,2,21,49,1,1,-1,-1
15,50,196,646,52,67,1,2,-1,-1
15,80,1089,434,90,57,1,3,-1,-1
15,81,448,184,169,72,1,4,-1,-1
16,1,502,145,166,70,1,4,-1,-1
16,2,795,473,47,105,1,1,-1,-1
16,3,513,70,25,54,1,1,-1,-1
16,8,1549,150,125,68,1,4,-1,-1
16,10,891,33,23,35,1,2,-1,-1
16,15,152,175,197,87,1,4,-1,-1
16,16,801,164,167,84,1,4,-1,-1
16,24,1094,109,154,58,1,4,-1,-1
16,25,1575,377,52,89,1,1,-1,-1
16,37,1298,5,18,45,1,2,-1,-1
16,50,198,641,52,67,1,2,-1,-1
16,81,454,183,169,72,1,4,-1,-1
16,82,315,19,27,48,1,2,-1,-1
17,1,491,144,168,70,1,4,-1,-1
17,3,524,71,27,58,1,1,-1,-1
17,8,1542,151,125,69,1,4,-1,-1
17,10,891,42,25,35,1,10,-1,-1
17,16,795,163,166,83,1,4,-1,-1
17,24,1085,110,154,58,1,4,-1,-1
17,25,1580,378,53,90,1,1,-1,-1
17,37,1299,4,18,45,1,2,-1,-1
17,50,166,642,64,81,1,2,-1,-1
17,82,326,13,28,50,1,2,-1,-1
17,83,1099,438,106,67,1,3,-1,-1
18,1,481,143,169,70,1,4,-1,-1
18,3,523,72,27,58,1,1,-1,-1
18,5,406,7,22,53,1,2,-1,-1
18,8,1535,152,125,70,1,4,-1,-1
18,10,892,42,25,35,1,10,-1,-1
18,16,792,196,131,85,1,7,-1,-1
18,25,1595,355,52,87,1,1,-1,-1
18,37,1300,4,18,45,1,2,-1,-1
18,50,196,641,52,66,1,2,-1,-1
18,82,331,20,26,46,1,2,-1,-1
18,83,1107,439,106,67,1,3,-1,-1
19,1,471,142,170,70,1,4,-1,-1
19,3,522,73,27,58,1,1,-1,-1
19,5,405,7,22,53,1,2,-1,-1
19,8,1532,155,125,70,1,4,-1,-1
19,10,893,33,23,35,1,2,-1,-1
19,16,782,160,166,82,1,4,-1,-1
19,25,1590,381,55,91,1,1,-1,-1
19,37,1301,5,18,45,1,2,-1,-1
19,50,193,645,52,66,1,2,-1,-1
19,82,330,19,27,47,1,2,-1,-1
19,83,1115,440,106,67,1,3,-1,-1
20,1,461,141,171,70,1,4,-1,-1
20,3,512,68,25,55,1,1,-1,-1
20,5,405,7,22,53,1,2,-1,-1
20,8,1529,158,125,70,1,4,-1,-1
20,10,893,43,25,35,1,10,-1,-1
20,16,776,159,166,81,1,4,-1,-1
20,25,1595,383,57,91,1,1,-1,-1
20,26,1279,-5,17,36,1,1,-1,-1
20,82,330,19,28,47,1,2,-1,-1
20,83,1123,441,106,67,1,3,-1,-1
21,1,451,140,172,70,1,4,-1,-1
21,3,510,69,25,55,1,1,-1,-1
21,5,405,7,22,53,1,2,-1,-1
21,8,1527,161,125,70,1,4,-1,-1
21,10,894,44,25,35,1,10,-1,-1
21,16,769,160,166,81,1,4,-1,-1
21,25,1600,384,58,92,1,1,-1,-1
21,26,1279,8,18,41,1,1,-1,-1
21,83,1131,442,106,67,1,3,-1,-1
22,1,441,140,173,70,1,4,-1,-1
22,3,520,77,27,57,1,1,-1,-1
22,5,405,7,22,53,1,2,-1,-1
22,8,1524,165,125,70,1,4,-1,-1
22,10,895,34,23,35,1,2,-1,-1
22,16,815,195,109,71,1,7,-1,-1
22,26,1281,9,18,41,1,1,-1,-1
22,51,397,20,20,53,1,2,-1,-1
23,1,409,151,166,67,1,4,-1,-1
23,3,519,78,27,58,1,1,-1,-1
23,5,405,7,22,53,1,2,-1,-1
23,10,896,47,25,35,1,10,-1,-1
23,11,348,10,24,42,1,2,-1,-1
23,16,755,162,166,81,1,4,-1,-1
23,26,1283,9,18,41,1,1,-1,-1
23,51,395,7,17,46,1,2,-1,-1
23,52,862,489,53,118,1,1,-1,-1
24,1,414,142,175,70,1,4,-1,-1
24,3,519,79,27,58,1,1,-1,-1
24,5,397,-6,27,55,1,2,-1,-1
24,10,897,49,25,35,1,10,-1,-1
24,11,349,10,24,42,1,2,-1,-1
24,26,1286,10,18,41,1,1,-1,-1
24,51,395,7,17,47,1,2,-1,-1
24,52,871,494,53,118,1,1,-1,-1
25,1,401,144,176,69,1,4,-1,-1
25,3,518,80,27,58,1,1,-1,-1
25,5,404,8,22,53,1,2,-1,-1
25,11,346,10,24,42,1,2,-1,-1
25,26,1287,12,18,41,1,1,-1,-1
25,51,393,8,17,47,1,2,-1,-1
25,52,880,499,53,118,1,1,-1,-1
25,84,907,58,26,37,1,10,-1,-1
26,1,388,145,177,70,1,4,-1,-1
26,3,517,82,27,57,1,1,-1,-1
26,5,403,9,22,53,1,2,-1,-1
26,11,344,11,24,42,1,2,-1,-1
26,26,1289,14,18,41,1,1,-1,-1
26,27,155,700,52,66,1,2,-1,-1
26,38,209,180,197,89,1,4,-1,-1
26,51,392,9,17,47,1,2,-1,-1
26,52,889,504,53,118,1,1,-1,-1
26,84,899,52,25,35,1,10,-1,-1
27,1,375,146,178,70,1,4,-1,-1
27,5,402,10,22,53,1,2,-1,-1
27,11,342,12,24,41,1,2,-1,-1
27,17,854,212,131,85,1,7,-1,-1
27,26,1291,16,18,41,1,1,-1,-1
27,27,147,710,52,66,1,2,-1,-1
27,38,211,183,197,90,1,4,-1,-1
27,51,391,10,16,47,1,2,-1,-1
27,52,872,516,48,114,1,1,-1,-1
27,84,899,53,25,35,1,10,-1,-1
28,1,362,148,179,69,1,4,-1,-1
28,5,401,12,22,53,1,2,-1,-1
28,11,340,13,24,41,1,2,-1,-1
28,17,861,216,131,85,1,7,-1,-1
28,27,140,721,52,66,1,2,-1,-1
28,38,214,186,196,91,1,4,-1,-1
28,52,880,522,48,113,1,1,-1,-1
28,84,905,42,23,35,1,2,-1,-1
29,1,349,149,180,69,1,4,-1,-1
29,5,400,13,22,53,1,2,-1,-1
29,11,337,14,24,41,1,2,-1,-1
29,17,859,208,136,88,1,7,-1,-1
29,27,134,741,65,82,1,2,-1,-1
29,38,216,189,196,92,1,4,-1,-1
29,84,899,40,23,35,1,2,-1,-1
29,85,1322,19,18,47,1,2,-1,-1
30,11,345,16,28,51,1,2,-1,-1
30,17,875,224,131,85,1,7,-1,-1
30,27,108,745,67,85,1,2,-1,-1
30,38,218,192,196,93,1,4,-1,-1
30,39,921,138,159,57,1,4,-1,-1
30,85,1321,34,19,43,1,1,-1,-1
30,86,928,236,53,40,1,10,-1,-1
31,11,351,20,23,48,1,2,-1,-1
31,17,882,228,147,95,1,7,-1,-1
31,27,109,699,90,101,1,2,-1,-1
31,38,221,195,196,94,1,4,-1,-1
31,39,941,129,161,60,1,4,-1,-1
31,40,398,15,22,53,1,2,-1,-1
31,41,920,6,48,49,1,4,-1,-1
31,85,1316,30,17,41,1,1,-1,-1
31,86,926,232,60,46,1,10,-1,-1
32,11,350,22,23,48,1,2,-1,-1
32,17,889,231,131,85,1,7,-1,-1
32,27,104,710,85,94,1,2,-1,-1
32,38,221,199,198,93,1,4,-1,-1
32,39,931,131,161,62,1,4,-1,-1
32,40,397,17,22,53,1,2,-1,-1
32,41,921,7,48,49,1,4,-1,-1
32,85,1318,31,17,41,1,1,-1,-1
32,86,917,233,61,46,1,10,-1,-1
32,87,369,17,23,47,1,2,-1,-1
33,17,896,235,131,85,1,7,-1,-1
33,27,97,722,85,94,1,2,-1,-1
33,39,963,156,135,53,1,4,-1,-1
33,40,401,17,19,56,1,2,-1,-1
33,41,922,9,48,48,1,4,-1,-1
33,42,12,259,196,79,1,4,-1,-1
33,85,1321,33,17,41,1,1,-1,-1
33,86,909,234,60,46,1,10,-1,-1
33,87,366,18,23,47,1,2,-1,-1
34,17,903,239,131,85,1,7,-1,-1
34,39,945,150,111,43,1,4,-1,-1
34,40,391,20,22,53,1,2,-1,-1
34,41,922,10,48,48,1,4,-1,-1
34,42,33,261,203,80,1,4,-1,-1
34,86,901,235,60,46,1,10,-1,-1
34,87,363,20,23,47,1,2,-1,-1
34,88,958,565,53,118,1,1,-1,-1
35,17,909,242,132,87,1,7,-1,-1
35,39,955,155,94,36,1,4,-1,-1
35,40,395,33,18,43,1,2,-1,-1
35,41,923,11,48,48,1,4,-1,-1
35,42,38,265,204,80,1,4,-1,-1
35,87,361,22,23,47,1,2,-1,-1
35,88,946,586,48,113,1,1,-1,-1
35,89,1664,124,143,67,1,4,-1,-1
36,28,1612,510,66,103,1,2,-1,-1
36,39,935,149,85,32,1,4,-1,-1
36,40,385,24,22,53,1,2,-1,-1
36,41,924,12,48,49,1,4,-1,-1
36,42,44,270,204,79,1,4,-1,-1
36,87,358,24,23,47,1,2,-1,-1
36,88,958,600,48,117,1,1,-1,-1
36,89,1660,126,143,69,1,4,-1,-1
36,90,850,70,36,40,1,10,-1,-1
37,28,1633,522,66,103,1,2,-1,-1
37,40,383,26,22,53,1,2,-1,-1
37,41,925,13,48,49,1,4,-1,-1
37,42,48,275,206,81,1,4,-1,-1
37,88,971,615,47,121,1,1,-1,-1
37,89,1624,100,156,77,1,4,-1,-1
37,90,864,68,34,37,1,10,-1,-1
37,91,596,173,250,113,1,4,-1,-1
38,28,1654,533,66,103,1,2,-1,-1
38,42,52,281,209,82,1,4,-1,-1
38,53,1328,578,128,67,1,3,-1,-1
38,88,989,617,57,117,1,1,-1,-1
38,89,1653,131,143,72,1,4,-1,-1
38,90,869,81,30,33,1,10,-1,-1
38,91,591,194,221,99,1,4,-1,-1
39,28,1675,545,66,103,1,2,-1,-1
39,42,74,302,183,73,1,4,-1,-1
39,53,1342,589,130,67,1,3,-1,-1
39,89,1646,134,145,71,1,4,-1,-1
39,90,869,83,30,33,1,10,-1,-1
39,91,605,190,189,84,1,4,-1,-1
40,28,1696,557,66,103,1,2,-1,-1
40,53,1356,600,132,67,1,3,-1,-1
40,90,869,85,30,33,1,10,-1,-1
40,91,593,193,190,84,1,4,-1,-1
41,28,1720,572,65,103,1,2,-1,-1
41,43,1330,47,23,56,1,1,-1,-1
41,53,1371,611,134,67,1,3,-1,-1
41,91,581,196,191,83,1,4,-1,-1
41,92,1345,47,17,41,1,1,-1,-1
42,28,1744,587,65,103,1,2,-1,-1
42,43,1330,33,26,46,1,1,-1,-1
42,53,1388,625,133,69,1,3,-1,-1
42,92,1348,49,17,41,1,1,-1,-1
42,93,815,151,188,72,1,4,-1,-1
43,28,1768,602,64,103,1,2,-1,-1
43,43,1334,48,17,41,1,1,-1,-1
43,53,1405,639,132,71,1,3,-1,-1
43,92,1351,51,17,41,1,1,-1,-1
43,93,797,165,181,69,1,4,-1,-1
44,43,1337,50,17,41,1,1,-1,-1
44,92,1354,53,17,41,1,1,-1,-1
44,93,747,181,218,83,1,4,-1,-1
45,43,1340,53,17,41,1,1,-1,-1
45,92,1358,55,17,41,1,1,-1,-1
45,93,772,172,181,69,1,4,-1,-1
45,94,1365,51,17,47,1,2,-1,-1
46,18,1492,309,149,119,1,4,-1,-1
46,43,1341,58,18,41,1,1,-1,-1
46,93,760,176,181,69,1,4,-1,-1
46,94,1369,52,17,47,1,2,-1,-1
47,18,1486,318,149,122,1,4,-1,-1
47,43,1342,63,19,41,1,1,-1,-1
47,94,1373,54,17,47,1,2,-1,-1
47,95,1440,40,28,42,1,1,-1,-1
47,96,287,42,22,45,1,2,-1,-1
48,12,525,360,239,96,1,4,-1,-1
48,18,1480,328,150,125,1,4,-1,-1
48,94,1365,61,17,41,1,1,-1,-1
48,95,1443,41,28,42,1,1,-1,-1
48,96,282,46,22,45,1,2,-1,-1
49,12,520,354,258,106,1,4,-1,-1
49,18,1491,350,136,115,1,4,-1,-1
49,94,1368,64,17,41,1,1,-1,-1
49,95,1446,43,28,42,1,1,-1,-1
49,96,277,50,23,46,1,2,-1,-1
49,97,1506,738,142,76,1,3,-1,-1
50,12,507,365,264,107,1,4,-1,-1
50,18,1468,348,152,131,1,4,-1,-1
50,95,1433,46,28,42,1,1,-1,-1
50,96,275,55,23,47,1,2,-1,-1
50,97,1516,754,142,79,1,3,-1,-1
51,12,494,376,271,109,1,4,-1,-1
51,18,1463,358,152,134,1,4,-1,-1
51,54,1690,201,186,88,1,4,-1,-1
51,95,1421,49,28,42,1,1,-1,-1
51,96,271,63,18,41,1,2,-1,-1
51,97,1560,746,65,91,1,2,-1,-1
51,98,250,59,23,48,1,2,-1,-1
52,12,481,387,278,110,1,4,-1,-1
52,18,1452,366,176,152,1,4,-1,-1
52,54,1665,202,186,89,1,4,-1,-1
52,97,1575,744,76,106,1,2,-1,-1
52,98,247,55,23,47,1,2,-1,-1
53,12,468,398,285,112,1,4,-1,-1
53,18,1429,378,174,148,1,4,-1,-1
53,54,1641,203,186,90,1,4,-1,-1
53,55,790,112,24,37,1,2,-1,-1
53,97,1586,763,76,106,1,2,-1,-1
53,98,256,60,23,53,1,2,-1,-1
54,12,482,399,278,113,1,4,-1,-1
54,18,1432,392,174,153,1,4,-1,-1
54,54,1634,208,185,90,1,4,-1,-1
54,55,795,113,29,33,1,10,-1,-1
54,56,1275,54,23,41,1,1,-1,-1
54,98,249,63,23,53,1,2,-1,-1
54,99,566,311,76,45,1,10,-1,-1
55,12,486,410,284,115,1,4,-1,-1
55,29,279,255,238,97,1,4,-1,-1
55,54,1627,213,185,90,1,4,-1,-1
55,55,796,117,29,33,1,10,-1,-1
55,56,1275,56,23,42,1,1,-1,-1
55,98,243,66,23,53,1,2,-1,-1
55,99,539,316,79,45,1,10,-1,-1
56,12,491,421,289,118,1,4,-1,-1
56,29,255,260,241,99,1,4,-1,-1
56,30,1301,74,21,42,1,1,-1,-1
56,54,1621,218,184,91,1,4,-1,-1
56,55,797,122,29,33,1,10,-1,-1
56,56,1275,58,23,44,1,1,-1,-1
56,57,362,169,28,64,1,1,-1,-1
56,99,515,325,82,45,1,10,-1,-1
57,12,495,433,295,119,1,4,-1,-1
57,29,232,266,243,100,1,4,-1,-1
57,30,1304,77,21,42,1,1,-1,-1
57,55,798,127,29,33,1,10,-1,-1
57,56,1275,60,23,46,1,1,-1,-1
57,57,356,171,29,67,1,1,-1,-1
57,99,491,334,86,46,1,10,-1,-1
58,29,198,273,250,105,1,4,-1,-1
58,30,1308,80,21,42,1,1,-1,-1
58,55,799,132,29,33,1,10,-1,-1
58,56,1275,62,23,46,1,1,-1,-1
58,57,357,174,30,70,1,1,-1,-1
58,99,467,344,90,46,1,10,-1,-1
58,100,1358,62,23,35,1,3,-1,-1
58,101,1323,85,17,41,1,1,-1,-1
59,29,165,281,256,109,1,4,-1,-1
59,30,1304,82,21,44,1,1,-1,-1
59,56,1276,65,23,46,1,1,-1,-1
59,57,344,177,31,71,1,1,-1,-1
59,100,1359,65,23,35,1,3,-1,-1
59,101,1328,82,17,47,1,2,-1,-1
60,29,132,289,262,113,1,4,-1,-1
60,30,1310,80,23,51,1,1,-1,-1
60,57,331,181,33,72,1,1,-1,-1
60,100,1360,68,23,35,1,3,-1,-1
60,101,1324,85,17,47,1,2,-1,-1
60,102,306,182,29,70,1,1,-1,-1
61,29,99,297,268,117,1,4,-1,-1
61,30,1315,90,17,41,1,1,-1,-1
61,57,319,168,32,69,1,1,-1,-1
61,100,1354,69,23,35,1,3,-1,-1
61,101,1321,88,17,47,1,2,-1,-1
61,102,295,187,30,69,1,1,-1,-1
62,29,66,305,274,121,1,4,-1,-1
62,30,1317,89,14,37,1,2,-1,-1
62,100,1349,71,23,35,1,3,-1,-1
62,101,1321,69,21,57,1,2,-1,-1
62,102,300,195,33,72,1,1,-1,-1
63,30,1311,94,17,41,1,1,-1,-1
63,31,763,120,23,35,1,2,-1,-1
63,32,1195,421,216,155,1,7,-1,-1
63,102,285,202,33,73,1,1,-1,-1
64,31,754,124,23,35,1,2,-1,-1
64,32,1227,426,179,130,1,7,-1,-1
64,102,269,208,33,73,1,1,-1,-1
64,103,1286,93,21,53,1,1,-1,-1
65,31,745,128,23,35,1,2,-1,-1
65,32,1242,436,181,131,1,7,-1,-1
65,103,1282,96,21,53,1,1,-1,-1
66,31,737,133,23,35,1,2,-1,-1
66,32,1243,436,192,138,1,7,-1,-1
66,103,1278,98,21,53,1,1,-1,-1
67,31,729,138,23,35,1,2,-1,-1
67,32,1262,470,178,128,1,7,-1,-1
67,103,1274,101,21,53,1,1,-1,-1
67,104,604,461,267,128,1,4,-1,-1
67,105,1284,119,14,33,1,1,-1,-1
68,31,721,143,23,35,1,2,-1,-1
68,32,1326,499,165,118,1,7,-1,-1
68,103,1282,95,21,59,1,2,-1,-1
68,104,610,473,270,131,1,4,-1,-1
68,105,1281,116,17,41,1,1,-1,-1
69,31,713,149,23,35,1,2,-1,-1
69,32,1321,476,195,140,1,7,-1,-1
69,104,616,486,274,133,1,4,-1,-1
69,105,1288,107,17,47,1,2,-1,-1
69,106,1422,652,293,379,1,4,-1,-1
70,31,706,152,23,35,1,2,-1,-1
70,32,1341,486,198,142,1,7,-1,-1
70,104,623,498,277,137,1,4,-1,-1
70,105,1284,110,17,47,1,2,-1,-1
70,106,1421,674,279,374,1,4,-1,-1
71,58,1404,309,285,131,1,4,-1,-1
71,104,629,511,281,139,1,4,-1,-1
71,105,1281,113,17,47,1,2,-1,-1
71,106,1448,752,236,325,1,4,-1,-1
72,58,1441,322,229,107,1,4,-1,-1
72,106,1458,780,228,276,1,4,-1,-1
73,58,1428,330,232,111,1,4,-1,-1
73,106,1463,814,233,247,1,4,-1,-1
74,58,1443,328,221,109,1,4,-1,-1
74,107,43,542,415,178,1,4,-1,-1
75,58,1408,347,237,116,1,4,-1,-1
75,107,39,576,382,164,1,4,-1,-1
75,108,79,278,41,94,1,1,-1,-1
76,58,1401,357,238,116,1,4,-1,-1
76,107,47,591,387,170,1,4,-1,-1
76,108,70,286,43,94,1,1,-1,-1
77,107,56,607,392,176,1,4,-1,-1
77,108,61,295,45,94,1,1,-1,-1
78,107,64,623,397,181,1,4,-1,-1
78,108,51,302,45,94,1,1,-1,-1
79,59,1382,115,29,59,1,1,-1,-1
79,108,77,307,34,91,1,1,-1,-1
80,59,1371,114,28,57,1,1,-1,-1
81,59,1374,117,28,57,1,1,-1,-1
82,59,1378,110,30,60,1,1,-1,-1
83,59,1380,125,28,57,1,1,-1,-1
84,59,1386,106,27,56,1,1,-1,-1
84,60,1731,616,205,196,1,7,-1,-1
85,60,1719,674,171,161,1,7,-1,-1
86,60,1736,676,178,165,1,7,-1,-1
87,60,1705,643,197,178,1,7,-1,-1
87,109,816,397,264,147,1,4,-1,-1
88,60,1696,634,204,179,1,7,-1,-1
88,109,760,404,267,151,1,4,-1,-1
89,60,1655,604,247,212,1,7,-1,-1
89,109,657,408,329,187,1,4,-1,-1
90,109,650,420,273,158,1,4,-1,-1
91,61,858,61,75,45,1,4,-1,-1
91,109,596,431,276,163,1,4,-1,-1
92,61,819,66,91,55,1,4,-1,-1
92,62,40,893,387,169,1,4,-1,-1
93,61,782,67,91,55,1,4,-1,-1
93,62,7,878,464,188,1,4,-1,-1
93,110,1665,509,140,75,1,10,-1,-1
94,61,755,67,91,55,1,4,-1,-1
94,62,7,891,467,175,1,4,-1,-1
94,110,1684,480,69,93,1,2,-1,-1
95,61,729,68,91,55,1,4,-1,-1
95,62,4,898,474,169,1,4,-1,-1
95,110,1625,489,139,75,1,10,-1,-1
95,111,1725,273,176,110,1,5,-1,-1
96,61,702,69,91,55,1,4,-1,-1
96,62,2,905,480,163,1,4,-1,-1
96,110,1562,497,140,75,1,10,-1,-1
96,111,1683,271,176,111,1,5,-1,-1
97,62,40,920,417,135,1,4,-1,-1
97,110,1528,493,140,75,1,10,-1,-1
97,111,1642,269,175,112,1,5,-1,-1
98,111,1593,246,194,125,1,5,-1,-1
99,111,1537,262,217,141,1,5,-1,-1
101,6,1439,457,70,93,1,2,-1,-1
101,63,4,914,497,153,1,4,-1,-1
101,112,681,737,340,212,1,4,-1,-1
102,6,1373,475,139,75,1,10,-1,-1
102,63,5,914,500,152,1,4,-1,-1
102,112,675,734,340,212,1,4,-1,-1
103,6,1392,453,70,93,1,2,-1,-1
103,63,6,915,503,151,1,4,-1,-1
103,112,669,732,340,212,1,4,-1,-1
103,113,656,187,23,58,1,1,-1,-1
104,6,1369,451,70,93,1,2,-1,-1
104,63,28,909,499,157,1,4,-1,-1
104,64,736,133,23,35,1,3,-1,-1
104,112,686,724,335,212,1,4,-1,-1
104,113,653,190,23,49,1,1,-1,-1
104,114,16,349,53,47,1,10,-1,-1
105,6,1328,473,139,75,1,10,-1,-1
105,63,50,903,496,163,1,4,-1,-1
105,64,735,133,23,36,1,3,-1,-1
105,112,703,717,331,212,1,4,-1,-1
105,113,661,199,22,47,1,1,-1,-1
105,114,14,349,53,47,1,10,-1,-1
105,115,1602,479,171,163,1,7,-1,-1
106,6,1320,474,139,75,1,10,-1,-1
106,63,72,898,493,168,1,4,-1,-1
106,64,735,134,23,36,1,3,-1,-1
106,65,1318,95,116,49,1,4,-1,-1
106,113,660,199,22,47,1,1,-1,-1
106,114,12,349,53,47,1,10,-1,-1
106,115,1615,473,169,162,1,7,-1,-1
107,6,1311,475,139,75,1,10,-1,-1
107,64,734,135,23,37,1,3,-1,-1
107,65,1319,95,116,49,1,4,-1,-1
107,66,974,464,171,99,1,4,-1,-1
107,113,659,200,22,47,1,1,-1,-1
107,114,-9,346,54,48,1,10,-1,-1
107,115,1629,467,166,161,1,7,-1,-1
108,6,1316,487,141,76,1,10,-1,-1
108,64,734,136,23,37,1,3,-1,-1
108,65,1320,95,116,50,1,4,-1,-1
108,66,900,461,201,116,1,4,-1,-1
108,114,8,349,53,47,1,10,-1,-1
108,115,1641,463,166,158,1,7,-1,-1
108,116,1328,192,176,85,1,4,-1,-1
109,6,1295,477,139,75,1,10,-1,-1
109,64,733,137,23,37,1,3,-1,-1
109,65,1321,96,116,50,1,4,-1,-1
109,66,895,454,222,128,1,4,-1,-1
109,115,1659,478,184,171,1,7,-1,-1
109,116,1323,191,176,85,1,4,-1,-1
110,6,1286,479,138,75,1,10,-1,-1
110,65,1322,96,116,51,1,4,-1,-1
110,66,880,460,222,128,1,4,-1,-1
110,116,1318,190,176,85,1,4,-1,-1
111,6,1321,459,70,93,1,2,-1,-1
111,65,1323,96,116,52,1,4,-1,-1
111,66,865,467,222,128,1,4,-1,-1
111,116,1313,190,176,85,1,4,-1,-1
112,4,1854,119,39,29,1,10,-1,-1
112,6,1312,461,70,93,1,2,-1,-1
112,66,847,467,229,136,1,4,-1,-1
112,67,1348,128,118,65,1,4,-1,-1
112,116,1306,191,176,86,1,4,-1,-1
113,4,1852,121,39,29,1,10,-1,-1
113,67,1346,112,110,61,1,4,-1,-1
113,117,518,33,23,41,1,1,-1,-1
114,4,1851,122,39,29,1,10,-1,-1
114,13,1294,466,70,93,1,2,-1,-1
114,67,1351,129,118,66,1,4,-1,-1
114,68,1656,212,154,90,1,4,-1,-1
114,117,518,33,23,41,1,1,-1,-1
114,118,159,634,370,244,1,4,-1,-1
114,119,819,469,226,142,1,4,-1,-1
115,4,1849,123,39,29,1,10,-1,-1
115,13,1246,490,130,75,1,10,-1,-1
115,67,1352,130,118,66,1,4,-1,-1
115,68,1653,234,160,94,1,4,-1,-1
115,117,518,34,23,41,1,1,-1,-1
115,118,128,646,371,251,1,4,-1,-1
115,119,793,508,214,132,1,4,-1,-1
115,120,864,667,301,202,1,4,-1,-1
116,4,1848,125,39,29,1,10,-1,-1
116,13,1237,495,130,75,1,10,-1,-1
116,67,1353,131,118,66,1,4,-1,-1
116,68,1648,238,160,94,1,4,-1,-1
116,117,518,35,23,41,1,1,-1,-1
116,118,80,635,398,274,1,4,-1,-1
116,119,780,490,264,160,1,4,-1,-1
116,120,879,665,300,200,1,4,-1,-1
117,4,1846,126,39,29,1,10,-1,-1
117,13,1228,500,131,76,1,10,-1,-1
117,67,1369,143,97,54,1,4,-1,-1
117,68,1643,242,160,94,1,4,-1,-1
117,117,518,35,23,41,1,1,-1,-1
117,118,65,671,375,265,1,4,-1,-1
117,119,754,491,258,155,1,4,-1,-1
117,120,894,667,300,200,1,4,-1,-1
118,4,1845,128,39,29,1,10,-1,-1
118,13,1220,506,130,75,1,10,-1,-1
118,68,1649,258,152,89,1,4,-1,-1
118,118,33,683,377,272,1,4,-1,-1
118,119,735,500,263,155,1,4,-1,-1
118,120,909,669,300,200,1,4,-1,-1
119,4,1843,131,39,29,1,10,-1,-1
119,13,1211,511,131,76,1,10,-1,-1
119,19,518,37,23,41,1,1,-1,-1
119,68,1631,253,163,93,1,4,-1,-1
119,120,924,672,300,200,1,4,-1,-1
120,4,1842,134,39,29,1,10,-1,-1
120,13,1205,501,133,77,1,10,-1,-1
120,19,520,28,20,37,1,1,-1,-1
121,4,1851,121,22,36,1,2,-1,-1
121,13,1192,524,131,76,1,10,-1,-1
121,19,517,38,23,41,1,1,-1,-1
121,121,955,677,300,200,1,4,-1,-1
122,4,1850,124,22,36,1,2,-1,-1
122,13,1174,535,127,73,1,10,-1,-1
122,19,517,32,24,43,1,1,-1,-1
122,121,970,679,300,200,1,4,-1,-1
123,4,1850,128,22,36,1,2,-1,-1
123,13,1170,540,131,76,1,10,-1,-1
123,19,517,39,23,41,1,1,-1,-1
123,121,985,682,300,200,1,4,-1,-1
124,4,1851,131,22,36,1,2,-1,-1
124,19,517,40,23,41,1,1,-1,-1
124,121,1001,684,300,200,1,4,-1,-1
124,122,1840,146,39,29,1,10,-1,-1
125,4,1850,121,20,32,1,2,-1,-1
125,19,517,41,23,41,1,1,-1,-1
125,121,1016,687,300,200,1,4,-1,-1
125,122,1841,150,40,29,1,10,-1,-1
125,123,602,212,23,65,1,1,-1,-1
126,19,517,41,23,41,1,1,-1,-1
126,44,1301,117,28,48,1,1,-1,-1
126,122,1843,154,39,29,1,10,-1,-1
126,123,599,215,23,65,1,1,-1,-1
127,19,517,42,23,41,1,1,-1,-1
127,44,1302,120,29,48,1,1,-1,-1
127,122,1844,157,40,29,1,10,-1,-1
127,123,596,217,23,65,1,1,-1,-1
128,44,1304,122,29,48,1,1,-1,-1
128,122,1845,161,40,29,1,10,-1,-1
128,123,588,201,26,74,1,1,-1,-1
128,124,1120,588,131,76,1,10,-1,-1
129,14,1595,312,176,112,1,4,-1,-1
129,44,1306,125,29,48,1,1,-1,-1
129,69,1191,248,250,77,1,4,-1,-1
129,123,591,222,23,65,1,1,-1,-1
129,124,1112,604,131,76,1,10,-1,-1
130,14,1591,317,179,117,1,4,-1,-1
130,44,1306,127,29,48,1,1,-1,-1
130,69,1197,276,195,63,1,4,-1,-1
130,124,1111,626,148,86,1,10,-1,-1
130,125,1379,147,119,67,1,4,-1,-1
131,14,1588,323,182,122,1,4,-1,-1
131,44,1306,130,29,48,1,1,-1,-1
131,69,1196,285,195,62,1,4,-1,-1
131,124,1083,639,165,99,1,10,-1,-1
131,125,1387,170,118,66,1,4,-1,-1
132,14,1585,329,185,126,1,4,-1,-1
132,44,1306,133,29,48,1,1,-1,-1
132,69,1185,284,197,61,1,4,-1,-1
132,124,1082,647,131,81,1,10,-1,-1
132,125,1386,151,119,67,1,4,-1,-1
133,14,1581,335,188,131,1,4,-1,-1
133,69,1178,285,197,63,1,4,-1,-1
133,70,1739,210,128,77,1,4,-1,-1
133,125,1346,134,128,70,1,4,-1,-1
134,14,1578,341,191,135,1,4,-1,-1
134,69,1172,287,197,65,1,4,-1,-1
134,70,1740,213,129,78,1,4,-1,-1
134,125,1366,123,112,61,1,4,-1,-1
134,126,1385,244,78,64,1,10,-1,-1
135,14,1575,347,194,140,1,4,-1,-1
135,70,1741,194,158,94,1,4,-1,-1
135,126,1381,248,79,64,1,10,-1,-1
135,127,1406,229,33,52,1,2,-1,-1
136,14,1573,358,194,140,1,4,-1,-1
136,70,1741,220,132,79,1,4,-1,-1
136,126,1383,226,81,67,1,10,-1,-1
136,127,1404,232,33,52,1,2,-1,-1
137,9,1231,737,300,225,1,4,-1,-1
137,14,1571,369,194,140,1,4,-1,-1
137,70,1741,223,134,80,1,4,-1,-1
137,126,1374,255,79,64,1,10,-1,-1
137,127,1398,237,33,52,1,2,-1,-1
138,9,1244,724,314,236,1,4,-1,-1
138,14,1570,381,194,140,1,4,-1,-1
138,70,1742,227,136,81,1,4,-1,-1
138,126,1394,241,82,67,1,10,-1,-1
138,127,1392,242,33,52,1,2,-1,-1
139,9,1203,719,376,285,1,4,-1,-1
139,71,1371,157,152,83,1,4,-1,-1
139,127,1406,245,34,46,1,2,-1,-1
140,9,1288,752,300,229,1,4,-1,-1
140,45,1127,297,203,79,1,4,-1,-1
140,46,446,131,102,72,1,4,-1,-1
140,71,1399,149,139,76,1,4,-1,-1
141,9,1280,732,346,266,1,4,-1,-1
141,33,517,284,26,73,1,1,-1,-1
141,45,1115,299,207,82,1,4,-1,-1
141,46,441,102,97,69,1,4,-1,-1
141,71,1399,170,122,66,1,4,-1,-1
141,128,1854,177,23,36,1,2,-1,-1
142,9,1281,717,377,292,1,4,-1,-1
142,20,949,807,142,92,1,10,-1,-1
142,33,507,280,23,65,1,1,-1,-1
142,45,1104,301,210,85,1,4,-1,-1
142,46,436,104,97,69,1,4,-1,-1
142,71,1399,172,123,66,1,4,-1,-1
142,128,1853,179,23,36,1,2,-1,-1
143,9,1350,767,302,235,1,4,-1,-1
143,20,932,826,145,92,1,10,-1,-1
143,33,497,286,23,65,1,1,-1,-1
143,45,1092,304,214,87,1,4,-1,-1
143,46,431,106,97,69,1,4,-1,-1
143,71,1399,174,124,66,1,4,-1,-1
143,128,1852,182,23,36,1,2,-1,-1
144,9,1371,772,303,237,1,4,-1,-1
144,20,915,846,148,91,1,10,-1,-1
144,33,496,310,22,61,1,1,-1,-1
144,45,1081,306,217,90,1,4,-1,-1
144,46,428,108,97,69,1,4,-1,-1
144,71,1407,186,120,64,1,4,-1,-1
144,128,1851,188,23,36,1,2,-1,-1
145,9,1393,777,304,239,1,4,-1,-1
145,20,845,860,181,109,1,10,-1,-1
145,33,494,310,26,72,1,1,-1,-1
145,45,1069,309,222,92,1,4,-1,-1
145,46,425,110,97,69,1,4,-1,-1
145,128,1851,194,23,36,1,2,-1,-1
145,129,688,190,28,46,1,3,-1,-1
145,130,1362,142,115,60,1,4,-1,-1
146,9,1414,782,305,241,1,4,-1,-1
146,20,882,885,153,89,1,10,-1,-1
146,33,495,306,35,76,1,2,-1,-1
146,45,1058,311,225,95,1,4,-1,-1
146,46,412,108,118,85,1,4,-1,-1
146,129,685,192,28,47,1,3,-1,-1
146,130,1357,138,113,58,1,4,-1,-1
147,9,1436,787,306,243,1,4,-1,-1
147,20,865,904,156,89,1,10,-1,-1
147,33,490,315,33,72,1,2,-1,-1
147,129,681,195,29,46,1,3,-1,-1
147,130,1336,132,136,67,1,4,-1,-1
147,131,667,669,351,291,1,5,-1,-1
148,20,848,923,159,89,1,10,-1,-1
148,33,478,317,36,76,1,2,-1,-1
148,129,678,198,29,46,1,3,-1,-1
148,130,1293,111,170,82,1,4,-1,-1
148,131,632,699,359,297,1,5,-1,-1
149,20,831,943,162,88,1,10,-1,-1
149,129,675,201,29,46,1,3,-1,-1
149,130,1317,135,143,68,1,4,-1,-1
149,131,597,729,367,303,1,5,-1,-1
150,20,814,962,165,88,1,10,-1,-1
150,131,562,760,376,309,1,5,-1,-1
151,131,462,733,509,374,1,5,-1,-1
151,132,1335,154,133,60,1,4,-1,-1
152,132,1324,154,133,62,1,4,-1,-1
153,132,1313,155,133,63,1,4,-1,-1
153,133,1773,221,23,36,1,2,-1,-1
154,132,1302,155,133,65,1,4,-1,-1
154,133,1771,224,23,36,1,2,-1,-1
154,134,384,81,22,49,1,1,-1,-1
155,132,1291,156,133,66,1,4,-1,-1
155,133,1770,227,23,36,1,2,-1,-1
155,134,382,82,22,49,1,1,-1,-1
156,133,1769,231,23,36,1,2,-1,-1
156,134,381,84,22,49,1,1,-1,-1
157,133,1768,234,23,36,1,2,-1,-1
157,134,379,86,22,49,1,1,-1,-1
158,134,378,88,22,49,1,1,-1,-1
160,135,362,85,26,58,1,1,-1,-1
161,135,371,93,22,49,1,1,-1,-1
161,136,1283,150,159,79,1,4,-1,-1
161,137,1419,619,261,232,1,4,-1,-1
162,135,367,95,22,49,1,1,-1,-1
162,136,1299,173,134,66,1,4,-1,-1
162,137,1414,629,263,237,1,4,-1,-1
163,135,364,96,22,49,1,1,-1,-1
163,136,1336,179,109,72,1,4,-1,-1
163,137,1409,639,265,242,1,4,-1,-1
164,135,360,98,22,49,1,1,-1,-1
164,136,1301,178,134,66,1,4,-1,-1
164,137,1403,649,268,246,1,4,-1,-1
165,21,1365,205,104,69,1,4,-1,-1
165,136,1303,181,134,66,1,4,-1,-1
165,137,1398,659,270,251,1,4,-1,-1
166,21,1334,214,130,84,1,4,-1,-1
167,21,1317,212,136,86,1,4,-1,-1
167,72,1759,276,142,107,1,4,-1,-1
168,21,1300,210,142,88,1,4,-1,-1
168,72,1741,276,143,107,1,4,-1,-1
169,21,1284,208,148,91,1,4,-1,-1
169,72,1734,283,134,100,1,4,-1,-1
170,21,1269,207,148,91,1,4,-1,-1
170,72,1707,278,143,107,1,4,-1,-1
170,73,157,164,109,78,1,4,-1,-1
171,21,1254,206,148,91,1,4,-1,-1
171,72,1691,291,142,107,1,4,-1,-1
171,73,142,165,109,80,1,4,-1,-1
172,21,1239,205,148,91,1,4,-1,-1
172,72,1673,280,143,107,1,4,-1,-1
172,73,127,167,109,81,1,4,-1,-1
172,74,1712,268,41,23,1,10,-1,-1
173,21,1239,205,148,91,1,4,-1,-1
173,22,736,352,35,60,1,2,-1,-1
173,23,1037,341,40,76,1,1,-1,-1
173,73,124,166,112,81,1,4,-1,-1
173,74,1704,269,41,23,1,10,-1,-1
174,22,735,352,35,60,1,2,-1,-1
174,23,1035,340,40,78,1,1,-1,-1
174,73,122,166,114,81,1,4,-1,-1
174,74,1696,270,41,23,1,10,-1,-1
175,22,734,352,35,60,1,2,-1,-1
175,23,1033,340,40,80,1,1,-1,-1
175,73,120,166,116,81,1,4,-1,-1
175,74,1695,272,41,23,1,10,-1,-1
175,138,582,385,266,113,1,4,-1,-1
175,139,1196,189,151,75,1,4,-1,-1
176,22,733,352,35,60,1,2,-1,-1
176,23,1032,338,40,82,1,1,-1,-1
176,74,1694,275,41,23,1,10,-1,-1
176,75,500,257,35,76,1,1,-1,-1
176,138,574,385,266,113,1,4,-1,-1
176,139,1239,205,148,91,1,4,-1,-1
176,140,1594,300,41,29,1,10,-1,-1
177,22,732,352,35,60,1,2,-1,-1
177,23,1032,337,40,83,1,1,-1,-1
177,74,1693,278,41,23,1,10,-1,-1
177,75,500,257,35,76,1,1,-1,-1
177,138,566,385,266,114,1,4,-1,-1
177,139,1239,205,148,91,1,4,-1,-1
177,140,1592,302,41,29,1,10,-1,-1
178,22,731,353,35,59,1,2,-1,-1
178,23,1031,343,38,77,1,1,-1,-1
178,75,506,275,41,90,1,1,-1,-1
178,138,558,385,266,114,1,4,-1,-1
178,139,1239,205,148,91,1,4,-1,-1
178,140,1588,305,41,29,1,10,-1,-1
179,22,735,333,43,72,1,2,-1,-1
179,23,1031,345,38,75,1,1,-1,-1
179,75,500,257,35,76,1,1,-1,-1
179,138,550,385,266,115,1,4,-1,-1
179,139,1239,205,148,91,1,4,-1,-1
179,140,1584,306,41,29,1,10,-1,-1
180,22,729,353,35,59,1,2,-1,-1
180,23,1031,347,38,73,1,1,-1,-1
180,75,510,271,43,93,1,1,-1,-1
180,140,1580,307,41,29,1,10,-1,-1
181,22,728,354,35,59,1,2,-1,-1
181,23,1031,349,38,71,1,1,-1,-1
181,75,500,258,35,76,1,1,-1,-1
