1,8,1081,456,68,97,1,2,-1,-1
1,20,669,171,21,47,1,1,-1,-1
1,32,366,262,29,59,1,1,-1,-1
1,33,407,225,22,47,1,1,-1,-1
1,98,1083,457,41,71,1,2,-1,-1
2,8,1082,455,68,97,1,2,-1,-1
2,20,670,171,22,48,1,1,-1,-1
2,32,365,263,29,58,1,1,-1,-1
2,33,407,225,22,48,1,1,-1,-1
2,98,1084,456,41,71,1,2,-1,-1
3,8,1083,455,68,97,1,2,-1,-1
3,9,594,226,58,46,1,10,-1,-1
3,20,672,172,22,48,1,1,-1,-1
3,32,364,264,29,58,1,1,-1,-1
3,33,407,226,22,48,1,1,-1,-1
3,55,574,223,34,57,1,1,-1,-1
3,56,733,208,31,42,1,10,-1,-1
3,98,1085,456,41,71,1,2,-1,-1
4,8,1084,454,68,97,1,2,-1,-1
4,9,595,227,58,46,1,10,-1,-1
4,20,674,172,22,49,1,1,-1,-1
4,32,363,265,29,58,1,1,-1,-1
4,33,407,227,22,48,1,1,-1,-1
4,55,574,224,34,58,1,1,-1,-1
4,56,735,209,32,44,1,10,-1,-1
4,98,1086,456,41,71,1,2,-1,-1
5,8,1076,476,82,105,1,10,-1,-1
5,9,597,228,58,47,1,10,-1,-1
5,20,676,173,23,49,1,1,-1,-1
5,32,362,267,29,57,1,1,-1,-1
5,33,410,245,19,42,1,1,-1,-1
5,55,574,225,34,58,1,1,-1,-1
5,56,738,211,32,45,1,10,-1,-1
6,8,1077,476,82,105,1,10,-1,-1
6,9,614,236,62,50,1,10,-1,-1
6,20,677,173,23,49,1,1,-1,-1
6,32,361,268,29,57,1,1,-1,-1
6,33,410,246,19,42,1,1,-1,-1
6,55,574,226,34,59,1,1,-1,-1
6,56,745,199,27,47,1,2,-1,-1
7,8,1087,453,68,97,1,2,-1,-1
7,9,600,230,58,47,1,10,-1,-1
7,20,678,174,23,49,1,1,-1,-1
7,32,360,269,29,57,1,1,-1,-1
7,33,407,229,23,50,1,1,-1,-1
7,55,575,227,33,59,1,1,-1,-1
7,56,743,214,32,48,1,10,-1,-1
8,8,1079,475,82,105,1,10,-1,-1
8,9,602,231,58,48,1,10,-1,-1
8,20,679,174,23,50,1,1,-1,-1
8,55,575,228,34,59,1,1,-1,-1
8,56,745,215,33,50,1,10,-1,-1
9,8,1079,475,82,105,1,10,-1,-1
9,9,602,231,58,48,1,10,-1,-1
9,20,680,175,23,50,1,1,-1,-1
9,34,553,245,23,61,1,1,-1,-1
9,77,795,126,30,39,1,8,-1,-1
10,8,1080,474,82,105,1,10,-1,-1
10,9,603,232,58,48,1,10,-1,-1
10,34,554,246,22,61,1,1,-1,-1
10,77,796,126,31,40,1,8,-1,-1
11,8,1091,464,69,89,1,10,-1,-1
11,9,604,233,58,48,1,10,-1,-1
11,34,554,247,23,62,1,1,-1,-1
11,57,756,223,33,50,1,10,-1,-1
11,77,798,126,31,40,1,8,-1,-1
12,9,605,234,58,48,1,10,-1,-1
12,34,555,248,22,62,1,1,-1,-1
12,57,761,227,33,49,1,10,-1,-1
12,77,800,127,31,40,1,8,-1,-1
13,9,618,238,69,57,1,10,-1,-1
13,34,555,249,22,62,1,1,-1,-1
13,35,1096,453,41,71,1,2,-1,-1
13,57,763,229,33,50,1,10,-1,-1
13,77,800,127,31,40,1,8,-1,-1
13,78,692,242,29,48,1,10,-1,-1
14,34,556,250,22,63,1,1,-1,-1
14,35,1097,453,41,71,1,2,-1,-1
14,57,767,216,27,55,1,2,-1,-1
14,78,693,245,29,48,1,10,-1,-1
15,34,556,251,22,63,1,1,-1,-1
15,35,1098,453,41,71,1,2,-1,-1
15,57,767,235,34,50,1,10,-1,-1
15,78,694,248,28,48,1,10,-1,-1
16,35,1099,453,41,71,1,2,-1,-1
16,57,773,221,26,57,1,2,-1,-1
16,78,695,251,28,48,1,10,-1,-1
17,35,1100,452,41,71,1,2,-1,-1
17,78,696,254,28,47,1,10,-1,-1
18,21,582,295,28,77,1,1,-1,-1
18,35,1101,452,41,71,1,2,-1,-1
19,21,582,297,28,77,1,1,-1,-1
19,35,1102,452,41,71,1,2,-1,-1
20,21,582,299,28,77,1,1,-1,-1
20,58,552,253,19,57,1,1,-1,-1
21,21,581,301,28,81,1,1,-1,-1
21,58,556,258,22,65,1,1,-1,-1
22,21,580,303,28,85,1,1,-1,-1
22,58,556,259,22,66,1,1,-1,-1
22,79,577,242,34,65,1,1,-1,-1
22,80,1102,447,68,97,1,2,-1,-1
23,21,580,305,27,90,1,1,-1,-1
23,58,556,260,22,66,1,1,-1,-1
23,79,578,243,33,65,1,1,-1,-1
23,80,1122,474,74,99,1,10,-1,-1
24,21,579,307,27,91,1,1,-1,-1
24,58,555,261,22,67,1,1,-1,-1
24,79,578,244,33,66,1,1,-1,-1
24,80,1104,446,68,97,1,2,-1,-1
25,21,579,309,27,89,1,1,-1,-1
25,58,555,262,22,67,1,1,-1,-1
25,79,578,245,33,66,1,1,-1,-1
25,80,1105,446,68,97,1,2,-1,-1
26,21,578,311,27,90,1,1,-1,-1
26,79,578,246,33,67,1,1,-1,-1
26,80,1106,445,68,97,1,2,-1,-1
27,13,593,318,80,58,1,10,-1,-1
28,13,592,320,81,59,1,10,-1,-1
28,14,629,284,40,78,1,1,-1,-1
29,13,592,323,82,59,1,10,-1,-1
29,14,629,286,41,78,1,1,-1,-1
29,36,718,286,26,47,1,2,-1,-1
30,13,591,325,84,60,1,10,-1,-1
30,14,630,288,41,78,1,1,-1,-1
30,36,720,291,26,48,1,2,-1,-1
30,81,1098,467,74,104,1,10,-1,-1
31,10,813,291,47,72,1,10,-1,-1
31,13,591,327,85,61,1,10,-1,-1
31,14,630,290,41,79,1,1,-1,-1
31,36,722,296,26,49,1,2,-1,-1
31,59,608,258,58,48,1,10,-1,-1
31,81,1099,467,74,104,1,10,-1,-1
32,10,817,298,48,72,1,10,-1,-1
32,13,591,329,86,62,1,10,-1,-1
32,14,631,292,41,79,1,1,-1,-1
32,36,721,278,31,60,1,2,-1,-1
32,37,380,271,20,43,1,1,-1,-1
32,59,608,259,58,48,1,10,-1,-1
32,81,1101,467,74,104,1,10,-1,-1
33,10,821,305,49,72,1,10,-1,-1
33,13,590,332,88,62,1,10,-1,-1
33,14,631,294,42,79,1,1,-1,-1
33,36,725,305,28,52,1,2,-1,-1
33,37,384,268,19,41,1,1,-1,-1
33,59,608,261,58,48,1,10,-1,-1
33,81,1114,443,68,97,1,2,-1,-1
33,82,1119,449,42,71,1,2,-1,-1
34,10,825,312,50,72,1,10,-1,-1
34,13,590,334,89,63,1,10,-1,-1
34,14,632,296,42,79,1,1,-1,-1
34,36,723,287,34,64,1,2,-1,-1
34,37,386,270,19,41,1,1,-1,-1
34,59,608,262,58,48,1,10,-1,-1
34,81,1107,468,74,104,1,10,-1,-1
34,82,1122,449,42,71,1,2,-1,-1
35,10,829,319,51,73,1,10,-1,-1
35,13,590,336,90,64,1,10,-1,-1
35,14,633,298,42,80,1,1,-1,-1
35,36,724,293,35,66,1,2,-1,-1
35,37,384,271,19,42,1,1,-1,-1
35,59,608,263,58,48,1,10,-1,-1
35,60,819,127,34,44,1,8,-1,-1
35,82,1125,449,42,71,1,2,-1,-1
36,10,835,296,34,67,1,2,-1,-1
36,13,590,339,92,64,1,10,-1,-1
36,14,633,301,42,82,1,1,-1,-1
36,37,382,273,19,42,1,1,-1,-1
36,59,609,265,58,48,1,10,-1,-1
36,60,820,127,34,44,1,8,-1,-1
36,61,505,187,14,37,1,1,-1,-1
36,82,1131,445,42,72,1,2,-1,-1
37,2,1122,445,69,99,1,2,-1,-1
37,10,841,302,34,71,1,2,-1,-1
37,14,633,305,43,83,1,1,-1,-1
37,15,725,304,38,71,1,2,-1,-1
37,37,380,275,19,43,1,1,-1,-1
37,60,821,127,34,44,1,8,-1,-1
37,61,505,187,14,37,1,1,-1,-1
37,82,1130,449,43,71,1,2,-1,-1
38,2,1124,446,69,99,1,2,-1,-1
38,10,846,308,35,74,1,2,-1,-1
38,15,727,335,43,72,1,10,-1,-1
38,37,378,277,19,43,1,1,-1,-1
38,60,822,127,34,44,1,8,-1,-1
38,61,505,187,14,37,1,1,-1,-1
39,2,1121,471,74,104,1,10,-1,-1
39,10,852,314,35,78,1,2,-1,-1
39,15,731,314,41,75,1,2,-1,-1
39,27,853,352,57,84,1,10,-1,-1
39,60,823,128,34,44,1,8,-1,-1
39,61,506,187,14,38,1,1,-1,-1
39,83,700,134,20,33,1,10,-1,-1
40,2,1121,471,82,105,1,10,-1,-1
40,10,860,323,44,93,1,2,-1,-1
40,15,730,348,47,75,1,10,-1,-1
40,27,859,361,59,86,1,10,-1,-1
40,60,824,128,34,44,1,8,-1,-1
40,61,506,187,14,38,1,1,-1,-1
40,83,701,135,19,33,1,10,-1,-1
41,2,1131,448,70,100,1,2,-1,-1
41,10,863,326,37,85,1,2,-1,-1
41,15,737,325,44,79,1,2,-1,-1
41,27,865,369,61,89,1,10,-1,-1
41,38,1142,449,43,72,1,2,-1,-1
41,61,507,188,14,38,1,1,-1,-1
41,83,701,135,20,34,1,10,-1,-1
42,1,588,360,98,73,1,10,-1,-1
42,2,1128,473,77,105,1,10,-1,-1
42,15,736,364,51,79,1,10,-1,-1
42,27,872,378,62,92,1,10,-1,-1
42,38,1126,442,48,80,1,2,-1,-1
42,83,702,136,19,34,1,10,-1,-1
43,1,588,363,99,75,1,10,-1,-1
43,2,1130,474,78,106,1,10,-1,-1
43,15,741,341,46,84,1,2,-1,-1
43,27,880,386,63,95,1,10,-1,-1
43,38,1147,452,43,72,1,2,-1,-1
43,62,536,197,27,31,1,2,-1,-1
43,83,702,136,20,35,1,10,-1,-1
44,1,592,351,116,91,1,10,-1,-1
44,2,1122,481,83,112,1,10,-1,-1
44,15,743,349,48,87,1,2,-1,-1
44,27,882,352,50,99,1,2,-1,-1
44,38,1150,453,42,72,1,2,-1,-1
44,62,536,198,26,31,1,2,-1,-1
44,63,351,281,31,79,1,1,-1,-1
44,84,767,366,35,63,1,2,-1,-1
45,1,588,370,101,78,1,10,-1,-1
45,2,1134,478,81,108,1,10,-1,-1
45,15,746,357,50,90,1,2,-1,-1
45,27,895,363,45,93,1,2,-1,-1
45,28,894,410,73,101,1,10,-1,-1
45,38,1153,455,42,72,1,2,-1,-1
45,62,535,199,27,31,1,2,-1,-1
45,63,354,271,25,64,1,1,-1,-1
45,64,272,347,34,73,1,1,-1,-1
45,84,763,383,36,64,1,2,-1,-1
46,1,588,374,102,79,1,10,-1,-1
46,2,1137,480,82,109,1,10,-1,-1
46,15,750,366,52,92,1,2,-1,-1
46,27,905,376,42,90,1,2,-1,-1
46,28,901,425,80,104,1,10,-1,-1
46,38,1155,456,43,72,1,2,-1,-1
46,62,535,200,26,31,1,2,-1,-1
46,63,352,272,26,64,1,1,-1,-1
46,64,268,350,35,74,1,1,-1,-1
46,84,758,396,39,69,1,2,-1,-1
47,1,588,380,103,80,1,10,-1,-1
47,2,1140,481,81,108,1,10,-1,-1
47,28,915,440,79,107,1,10,-1,-1
47,38,1158,458,42,72,1,2,-1,-1
47,39,573,437,36,71,1,1,-1,-1
47,62,534,200,27,32,1,2,-1,-1
47,63,352,254,25,66,1,1,-1,-1
47,64,265,353,35,75,1,1,-1,-1
47,84,762,407,40,70,1,2,-1,-1
48,1,588,386,104,81,1,10,-1,-1
48,2,1143,483,80,106,1,10,-1,-1
48,28,930,456,78,109,1,10,-1,-1
48,39,572,442,37,72,1,1,-1,-1
48,62,534,201,27,32,1,2,-1,-1
48,63,348,276,26,64,1,1,-1,-1
48,64,261,356,36,76,1,1,-1,-1
48,65,514,194,14,34,1,1,-1,-1
48,84,765,418,42,71,1,2,-1,-1
49,1,588,392,105,83,1,10,-1,-1
49,2,1147,485,79,104,1,10,-1,-1
49,28,950,425,57,117,1,2,-1,-1
49,39,572,448,38,73,1,1,-1,-1
49,63,357,297,19,52,1,1,-1,-1
49,64,258,360,36,76,1,1,-1,-1
49,65,515,195,14,34,1,1,-1,-1
50,1,622,380,87,71,1,10,-1,-1
50,2,1160,456,74,103,1,2,-1,-1
50,28,964,440,56,121,1,2,-1,-1
50,39,571,456,38,74,1,1,-1,-1
50,64,254,363,37,77,1,1,-1,-1
50,65,516,196,14,34,1,1,-1,-1
50,85,344,279,27,65,1,1,-1,-1
51,1,622,385,88,72,1,10,-1,-1
51,2,1153,485,82,106,1,10,-1,-1
51,28,959,443,57,116,1,2,-1,-1
51,39,570,464,39,76,1,1,-1,-1
51,65,518,197,14,35,1,1,-1,-1
51,85,342,281,27,65,1,1,-1,-1
52,1,622,389,89,74,1,10,-1,-1
52,2,1157,486,83,107,1,10,-1,-1
52,11,777,469,52,113,1,10,-1,-1
52,28,974,460,55,107,1,2,-1,-1
52,39,570,473,39,77,1,1,-1,-1
52,65,518,197,15,36,1,1,-1,-1
52,85,350,304,19,54,1,1,-1,-1
52,86,247,369,38,79,1,1,-1,-1
53,1,623,394,90,75,1,10,-1,-1
53,2,1159,487,84,108,1,10,-1,-1
53,11,781,481,55,119,1,10,-1,-1
53,39,569,481,40,79,1,1,-1,-1
53,65,518,198,17,36,1,1,-1,-1
53,85,338,284,28,66,1,1,-1,-1
53,86,244,372,38,80,1,1,-1,-1
53,87,639,364,48,106,1,1,-1,-1
54,1,623,398,91,77,1,10,-1,-1
54,2,1171,462,75,105,1,2,-1,-1
54,11,782,493,71,129,1,10,-1,-1
54,85,336,286,28,66,1,1,-1,-1
54,86,240,375,39,81,1,1,-1,-1
54,87,639,367,49,108,1,1,-1,-1
55,1,623,403,92,78,1,10,-1,-1
55,11,787,517,67,122,1,10,-1,-1
55,29,526,332,35,85,1,1,-1,-1
55,86,237,378,39,82,1,1,-1,-1
55,87,639,371,50,109,1,1,-1,-1
56,1,623,408,94,80,1,10,-1,-1
56,11,795,537,73,130,1,10,-1,-1
56,29,524,335,36,87,1,1,-1,-1
56,40,1166,492,89,110,1,10,-1,-1
56,86,233,381,40,83,1,1,-1,-1
56,87,640,375,50,111,1,1,-1,-1
57,1,623,412,95,82,1,10,-1,-1
57,11,803,557,79,138,1,10,-1,-1
57,29,522,339,37,88,1,1,-1,-1
57,40,1180,466,76,107,1,2,-1,-1
57,41,588,442,113,93,1,10,-1,-1
57,87,640,382,51,114,1,1,-1,-1
57,88,439,216,25,40,1,1,-1,-1
58,1,623,417,96,83,1,10,-1,-1
58,11,811,577,85,146,1,10,-1,-1
58,29,521,342,37,90,1,1,-1,-1
58,40,1171,496,92,112,1,10,-1,-1
58,41,587,449,115,95,1,10,-1,-1
58,42,600,315,80,59,1,10,-1,-1
58,66,427,203,24,51,1,1,-1,-1
58,88,438,217,25,40,1,1,-1,-1
59,1,623,422,98,84,1,10,-1,-1
59,11,819,597,90,149,1,10,-1,-1
59,22,855,132,46,59,1,8,-1,-1
59,29,519,346,38,91,1,1,-1,-1
59,40,1186,470,77,107,1,2,-1,-1
59,41,586,457,118,96,1,10,-1,-1
59,42,600,318,80,60,1,10,-1,-1
59,43,642,398,52,118,1,1,-1,-1
59,66,426,205,24,51,1,1,-1,-1
59,88,438,218,24,41,1,1,-1,-1
60,1,623,426,99,86,1,10,-1,-1
60,11,826,576,86,126,1,2,-1,-1
60,16,718,239,31,80,1,1,-1,-1
60,22,847,141,38,49,1,8,-1,-1
60,29,518,350,38,93,1,1,-1,-1
60,40,1188,473,77,107,1,2,-1,-1
60,41,585,464,121,98,1,10,-1,-1
60,42,600,321,80,60,1,10,-1,-1
60,43,643,405,53,121,1,1,-1,-1
60,66,416,204,22,48,1,1,-1,-1
60,88,437,219,25,41,1,1,-1,-1
61,11,838,624,86,114,1,2,-1,-1
61,16,719,242,32,80,1,1,-1,-1
61,22,848,141,39,50,1,8,-1,-1
61,29,516,355,39,95,1,1,-1,-1
61,40,1190,476,78,107,1,2,-1,-1
61,41,584,472,123,99,1,10,-1,-1
61,42,601,325,80,60,1,10,-1,-1
61,43,644,413,54,124,1,1,-1,-1
61,66,410,221,29,49,1,1,-1,-1
61,67,564,330,53,94,1,1,-1,-1
61,88,436,221,25,41,1,1,-1,-1
62,11,845,627,96,127,1,2,-1,-1
62,16,721,245,31,80,1,1,-1,-1
62,22,849,142,39,50,1,8,-1,-1
62,29,515,361,39,96,1,1,-1,-1
62,40,1181,503,98,117,1,10,-1,-1
62,41,583,479,126,101,1,10,-1,-1
62,42,600,329,82,61,1,10,-1,-1
62,43,644,421,55,126,1,1,-1,-1
62,66,406,224,33,60,1,1,-1,-1
62,67,564,334,53,96,1,1,-1,-1
63,16,722,248,32,80,1,1,-1,-1
63,22,850,143,39,50,1,8,-1,-1
63,41,583,487,128,102,1,10,-1,-1
63,42,600,334,83,61,1,10,-1,-1
63,43,645,428,56,129,1,1,-1,-1
63,44,434,223,26,41,1,1,-1,-1
63,66,407,225,29,50,1,1,-1,-1
63,67,563,338,55,97,1,1,-1,-1
63,89,548,510,49,154,1,1,-1,-1
64,16,723,251,33,80,1,1,-1,-1
64,22,851,143,40,51,1,8,-1,-1
64,42,600,339,85,62,1,10,-1,-1
64,43,646,436,57,131,1,1,-1,-1
64,44,433,224,26,42,1,1,-1,-1
64,67,563,342,55,99,1,1,-1,-1
64,89,547,523,50,157,1,1,-1,-1
64,90,319,338,19,60,1,1,-1,-1
65,16,725,254,32,80,1,1,-1,-1
65,17,688,127,16,30,1,2,-1,-1
65,22,853,144,39,51,1,8,-1,-1
65,43,647,444,57,134,1,1,-1,-1
65,44,432,225,26,42,1,1,-1,-1
65,67,562,346,57,100,1,1,-1,-1
65,89,546,536,50,159,1,1,-1,-1
65,90,316,342,20,59,1,1,-1,-1
66,4,1190,513,102,121,1,10,-1,-1
66,16,726,257,33,80,1,1,-1,-1
66,17,687,137,18,27,1,10,-1,-1
66,22,854,145,39,51,1,8,-1,-1
66,44,432,227,26,42,1,1,-1,-1
66,67,562,350,57,102,1,1,-1,-1
66,89,545,549,51,162,1,1,-1,-1
66,90,313,345,20,60,1,1,-1,-1
67,4,1192,510,126,148,1,10,-1,-1
67,16,728,260,33,80,1,1,-1,-1
67,17,688,137,18,28,1,10,-1,-1
67,22,855,145,40,52,1,8,-1,-1
67,23,522,223,30,31,1,2,-1,-1
67,44,430,229,26,42,1,1,-1,-1
67,89,544,562,52,165,1,1,-1,-1
67,90,300,320,35,73,1,1,-1,-1
68,4,1194,519,105,123,1,10,-1,-1
68,16,730,263,33,83,1,1,-1,-1
68,17,690,130,17,30,1,2,-1,-1
68,23,522,218,23,36,1,1,-1,-1
68,44,429,231,26,42,1,1,-1,-1
68,90,297,323,35,74,1,1,-1,-1
69,4,1196,522,106,124,1,10,-1,-1
69,16,732,267,34,85,1,1,-1,-1
69,17,689,138,19,30,1,10,-1,-1
69,23,521,226,30,31,1,2,-1,-1
69,44,427,233,26,43,1,1,-1,-1
69,91,857,146,41,52,1,8,-1,-1
70,4,1199,525,107,125,1,10,-1,-1
70,17,690,139,19,31,1,10,-1,-1
70,23,521,221,23,37,1,1,-1,-1
70,91,858,147,41,52,1,8,-1,-1
71,4,1202,528,108,126,1,10,-1,-1
71,17,693,133,16,30,1,2,-1,-1
71,23,521,223,22,37,1,1,-1,-1
71,91,860,148,40,52,1,8,-1,-1
72,4,1220,512,83,113,1,2,-1,-1
72,17,692,140,18,32,1,10,-1,-1
72,23,519,231,32,32,1,2,-1,-1
72,45,284,338,37,78,1,1,-1,-1
72,91,861,148,41,53,1,8,-1,-1
73,4,1235,518,47,94,1,2,-1,-1
73,17,693,141,18,33,1,10,-1,-1
73,23,519,233,32,32,1,2,-1,-1
73,45,281,343,38,78,1,1,-1,-1
73,68,502,426,44,112,1,1,-1,-1
73,91,862,149,41,53,1,8,-1,-1
74,4,1226,520,84,113,1,2,-1,-1
74,17,693,141,19,34,1,10,-1,-1
74,23,518,235,33,32,1,2,-1,-1
74,24,122,493,65,107,1,1,-1,-1
74,45,270,358,33,86,1,1,-1,-1
74,68,501,432,45,114,1,1,-1,-1
74,69,391,246,29,55,1,1,-1,-1
75,4,1219,545,107,129,1,10,-1,-1
75,23,518,237,33,33,1,2,-1,-1
75,24,114,503,66,108,1,1,-1,-1
75,45,260,366,35,72,1,1,-1,-1
75,46,656,536,68,144,1,1,-1,-1
75,68,498,441,46,116,1,1,-1,-1
75,69,389,248,29,55,1,1,-1,-1
76,4,1224,550,105,129,1,10,-1,-1
76,24,105,512,67,110,1,1,-1,-1
76,45,271,356,40,80,1,1,-1,-1
76,46,629,572,135,128,1,10,-1,-1
76,68,495,451,47,117,1,1,-1,-1
76,69,388,250,29,55,1,1,-1,-1
76,70,742,184,21,42,1,10,-1,-1
77,3,517,241,34,33,1,2,-1,-1
77,4,1239,532,86,115,1,2,-1,-1
77,24,96,522,68,111,1,1,-1,-1
77,45,262,377,46,94,1,1,-1,-1
77,46,629,594,140,124,1,10,-1,-1
77,68,493,460,47,119,1,1,-1,-1
77,69,386,252,30,56,1,1,-1,-1
77,70,739,172,23,39,1,2,-1,-1
77,92,867,152,42,54,1,8,-1,-1
78,3,516,242,35,34,1,2,-1,-1
78,4,1252,538,50,101,1,2,-1,-1
78,24,88,532,69,113,1,1,-1,-1
78,45,264,364,41,83,1,1,-1,-1
78,46,630,616,144,120,1,10,-1,-1
78,68,490,470,48,120,1,1,-1,-1
78,69,385,253,29,57,1,1,-1,-1
78,70,744,188,21,42,1,10,-1,-1
78,92,868,153,42,54,1,8,-1,-1
79,3,515,244,36,34,1,2,-1,-1
79,4,1248,540,87,117,1,2,-1,-1
79,24,74,545,71,113,1,1,-1,-1
79,46,662,598,74,123,1,1,-1,-1
79,69,386,257,32,62,1,1,-1,-1
79,70,745,191,22,42,1,10,-1,-1
79,92,870,154,42,55,1,8,-1,-1
80,3,515,246,36,35,1,2,-1,-1
80,4,1260,545,49,101,1,2,-1,-1
80,24,60,559,74,113,1,1,-1,-1
80,30,755,321,41,99,1,1,-1,-1
80,46,663,613,76,118,1,1,-1,-1
80,70,743,178,24,39,1,2,-1,-1
80,92,871,155,43,55,1,8,-1,-1
81,3,514,248,37,35,1,2,-1,-1
81,24,46,573,76,113,1,1,-1,-1
81,30,758,326,42,100,1,1,-1,-1
81,46,672,628,77,111,1,1,-1,-1
81,70,745,180,24,39,1,2,-1,-1
81,92,873,156,43,56,1,8,-1,-1
82,3,514,250,37,35,1,2,-1,-1
82,18,749,198,22,42,1,10,-1,-1
82,24,33,587,78,113,1,1,-1,-1
82,30,762,332,43,100,1,1,-1,-1
82,47,715,203,28,63,1,1,-1,-1
83,3,515,243,19,39,1,1,-1,-1
83,6,377,263,30,59,1,1,-1,-1
83,12,700,152,18,34,1,10,-1,-1
83,18,747,185,25,38,1,2,-1,-1
83,30,765,338,43,101,1,1,-1,-1
83,47,716,205,28,64,1,1,-1,-1
84,3,513,254,39,36,1,2,-1,-1
84,6,376,265,29,59,1,1,-1,-1
84,12,701,154,17,32,1,10,-1,-1
84,18,749,187,25,38,1,2,-1,-1
84,30,768,344,43,102,1,1,-1,-1
84,47,718,207,28,65,1,1,-1,-1
84,71,537,492,88,128,1,1,-1,-1
85,3,513,252,38,41,1,2,-1,-1
85,6,382,241,37,66,1,1,-1,-1
85,12,701,156,18,31,1,10,-1,-1
85,18,750,189,26,38,1,2,-1,-1
85,30,771,351,44,103,1,1,-1,-1
85,47,720,209,28,66,1,1,-1,-1
85,48,374,267,30,59,1,1,-1,-1
85,71,536,504,89,130,1,1,-1,-1
85,72,753,204,21,42,1,10,-1,-1
86,3,511,258,37,36,1,2,-1,-1
86,5,233,402,46,90,1,1,-1,-1
86,6,391,247,24,61,1,1,-1,-1
86,12,702,158,17,30,1,10,-1,-1
86,18,751,191,26,38,1,2,-1,-1
86,30,773,360,44,104,1,1,-1,-1
86,47,719,213,29,70,1,1,-1,-1
86,48,373,269,30,60,1,1,-1,-1
86,49,881,162,43,57,1,8,-1,-1
86,71,536,507,90,129,1,1,-1,-1
86,72,754,207,22,42,1,10,-1,-1
86,93,467,557,58,135,1,1,-1,-1
87,3,510,260,37,36,1,2,-1,-1
87,5,227,408,47,91,1,1,-1,-1
87,6,389,249,24,61,1,1,-1,-1
87,12,703,159,17,30,1,10,-1,-1
87,18,753,193,26,38,1,2,-1,-1
87,30,775,364,45,108,1,1,-1,-1
87,47,724,213,28,68,1,1,-1,-1
87,48,370,271,30,61,1,1,-1,-1
87,49,883,163,43,58,1,8,-1,-1
87,71,538,525,92,131,1,1,-1,-1
87,72,755,209,22,42,1,10,-1,-1
87,93,464,572,59,137,1,1,-1,-1
88,3,509,262,38,37,1,2,-1,-1
88,5,221,413,48,93,1,1,-1,-1
88,6,387,252,24,60,1,1,-1,-1
88,12,705,148,17,32,1,2,-1,-1
88,18,754,195,27,38,1,2,-1,-1
88,47,725,215,28,69,1,1,-1,-1
88,48,367,274,31,61,1,1,-1,-1
88,49,884,165,44,58,1,8,-1,-1
88,71,535,536,94,133,1,1,-1,-1
88,72,756,211,22,42,1,10,-1,-1
88,93,460,585,60,138,1,1,-1,-1
89,3,509,264,38,37,1,2,-1,-1
89,5,216,419,47,94,1,1,-1,-1
89,6,385,254,24,61,1,1,-1,-1
89,12,705,161,18,29,1,10,-1,-1
89,18,756,198,27,38,1,2,-1,-1
89,31,703,102,17,21,1,10,-1,-1
89,48,364,277,31,61,1,1,-1,-1
89,49,886,166,44,58,1,8,-1,-1
89,71,533,547,95,136,1,1,-1,-1
89,72,758,214,22,42,1,10,-1,-1
89,93,456,598,61,139,1,1,-1,-1
90,3,511,254,18,41,1,1,-1,-1
90,5,210,425,48,95,1,1,-1,-1
90,6,383,256,24,61,1,1,-1,-1
90,12,707,150,17,32,1,2,-1,-1
90,18,759,200,27,38,1,2,-1,-1
90,31,703,103,17,21,1,10,-1,-1
90,48,361,280,32,61,1,1,-1,-1
90,49,887,167,45,59,1,8,-1,-1
90,72,761,217,23,42,1,10,-1,-1
90,93,453,612,61,140,1,1,-1,-1
90,94,527,258,15,30,1,2,-1,-1
90,95,715,243,34,57,1,10,-1,-1
91,3,511,256,17,41,1,1,-1,-1
91,5,204,430,49,97,1,1,-1,-1
91,6,381,259,25,60,1,1,-1,-1
91,12,707,163,18,28,1,10,-1,-1
91,18,762,202,27,38,1,2,-1,-1
91,31,703,103,17,21,1,10,-1,-1
91,48,358,282,32,62,1,1,-1,-1
91,49,889,168,44,59,1,8,-1,-1
91,50,680,105,18,30,1,10,-1,-1
91,73,591,520,137,99,1,10,-1,-1
91,94,526,260,15,30,1,2,-1,-1
91,95,708,245,27,65,1,1,-1,-1
92,3,510,258,18,41,1,1,-1,-1
92,5,198,436,50,98,1,1,-1,-1
92,6,376,286,26,50,1,1,-1,-1
92,12,708,164,18,28,1,10,-1,-1
92,31,703,103,17,21,1,10,-1,-1
92,49,891,169,44,60,1,8,-1,-1
92,50,680,105,18,30,1,10,-1,-1
92,73,612,522,128,93,1,10,-1,-1
92,94,525,262,15,31,1,2,-1,-1
92,95,707,248,28,66,1,1,-1,-1
93,3,510,259,17,42,1,1,-1,-1
93,5,193,442,49,99,1,1,-1,-1
93,6,377,263,25,61,1,1,-1,-1
93,12,710,166,18,27,1,10,-1,-1
93,31,703,104,17,21,1,10,-1,-1
93,50,680,106,18,30,1,10,-1,-1
93,73,589,542,144,105,1,10,-1,-1
93,94,524,265,16,30,1,2,-1,-1
93,95,707,251,29,67,1,1,-1,-1
94,3,509,261,17,42,1,1,-1,-1
94,5,187,448,50,100,1,1,-1,-1
94,6,375,265,25,61,1,1,-1,-1
94,25,736,227,28,75,1,1,-1,-1
94,31,703,104,17,21,1,10,-1,-1
94,50,680,106,18,30,1,10,-1,-1
94,73,588,553,147,108,1,10,-1,-1
94,94,523,267,16,31,1,2,-1,-1
94,95,707,254,30,68,1,1,-1,-1
95,5,181,453,51,102,1,1,-1,-1
95,25,738,229,28,76,1,1,-1,-1
95,31,703,104,17,21,1,10,-1,-1
95,50,680,106,18,30,1,10,-1,-1
95,73,587,565,151,110,1,10,-1,-1
96,5,175,459,52,103,1,1,-1,-1
96,25,740,232,28,76,1,1,-1,-1
96,31,704,105,17,21,1,10,-1,-1
96,50,680,107,18,30,1,10,-1,-1
96,73,586,577,155,112,1,10,-1,-1
96,74,711,156,17,32,1,2,-1,-1
97,5,170,465,51,104,1,1,-1,-1
97,19,727,269,35,57,1,10,-1,-1
97,25,742,236,28,77,1,1,-1,-1
97,50,680,107,18,30,1,10,-1,-1
97,74,712,157,17,32,1,2,-1,-1
97,75,352,316,24,46,1,1,-1,-1
98,5,164,470,52,106,1,1,-1,-1
98,19,729,273,35,57,1,10,-1,-1
98,25,744,240,29,78,1,1,-1,-1
98,74,713,158,17,32,1,2,-1,-1
98,75,350,319,24,46,1,1,-1,-1
99,5,158,476,53,107,1,1,-1,-1
99,19,731,277,35,56,1,10,-1,-1
99,25,747,244,29,79,1,1,-1,-1
99,74,714,159,17,32,1,2,-1,-1
99,75,347,322,24,46,1,1,-1,-1
100,5,152,482,54,108,1,1,-1,-1
100,19,733,280,34,57,1,10,-1,-1
100,25,749,248,30,80,1,1,-1,-1
100,74,714,172,18,30,1,10,-1,-1
100,75,345,324,24,46,1,1,-1,-1
100,96,362,279,27,60,1,1,-1,-1
101,19,735,284,34,57,1,10,-1,-1
101,25,751,253,30,80,1,1,-1,-1
101,26,730,115,14,30,1,10,-1,-1
101,74,714,173,18,30,1,10,-1,-1
101,75,343,327,24,46,1,1,-1,-1
101,96,360,281,27,61,1,1,-1,-1
102,19,736,288,35,57,1,10,-1,-1
102,25,754,257,30,81,1,1,-1,-1
102,26,731,116,14,30,1,10,-1,-1
102,51,791,259,33,54,1,10,-1,-1
102,75,341,330,24,46,1,1,-1,-1
102,96,353,282,31,70,1,1,-1,-1
103,19,738,291,35,57,1,10,-1,-1
103,26,733,116,13,30,1,10,-1,-1
103,51,795,263,33,56,1,10,-1,-1
103,96,356,286,27,60,1,1,-1,-1
104,19,740,295,35,57,1,10,-1,-1
104,26,734,116,14,30,1,10,-1,-1
104,51,799,246,31,54,1,2,-1,-1
104,96,354,288,27,60,1,1,-1,-1
105,19,742,299,35,57,1,10,-1,-1
105,26,735,117,14,30,1,10,-1,-1
105,51,803,251,32,56,1,2,-1,-1
106,19,744,303,35,57,1,10,-1,-1
106,26,736,117,14,30,1,10,-1,-1
106,51,807,256,32,57,1,2,-1,-1
106,52,500,287,17,40,1,1,-1,-1
106,97,329,345,26,47,1,1,-1,-1
107,7,686,310,56,86,1,7,-1,-1
107,26,738,118,14,30,1,10,-1,-1
107,51,808,279,37,61,1,10,-1,-1
107,52,500,290,17,40,1,1,-1,-1
107,97,326,350,26,48,1,1,-1,-1
108,7,703,299,46,81,1,1,-1,-1
108,26,739,118,14,30,1,10,-1,-1
108,51,811,283,38,62,1,10,-1,-1
108,52,498,293,17,41,1,1,-1,-1
108,97,322,354,27,49,1,1,-1,-1
109,7,688,317,56,89,1,7,-1,-1
109,26,740,119,14,30,1,10,-1,-1
109,52,497,297,17,41,1,1,-1,-1
109,97,319,359,28,50,1,1,-1,-1
110,7,689,321,56,90,1,7,-1,-1
110,52,496,301,17,41,1,1,-1,-1
110,97,315,364,29,50,1,1,-1,-1
111,7,690,324,56,92,1,7,-1,-1
111,52,495,305,17,41,1,1,-1,-1
111,53,755,334,35,63,1,10,-1,-1
112,7,691,328,56,93,1,7,-1,-1
112,52,500,322,15,35,1,1,-1,-1
112,53,758,340,34,64,1,10,-1,-1
112,54,308,373,30,52,1,1,-1,-1
113,7,692,332,56,94,1,7,-1,-1
113,53,760,346,34,65,1,10,-1,-1
113,54,304,378,31,52,1,1,-1,-1
113,76,830,307,42,68,1,10,-1,-1
114,7,713,326,45,89,1,1,-1,-1
114,53,762,353,35,66,1,10,-1,-1
114,54,301,383,32,53,1,1,-1,-1
114,76,841,294,34,73,1,2,-1,-1
115,7,693,343,57,95,1,7,-1,-1
115,53,765,359,34,67,1,10,-1,-1
115,54,297,387,33,54,1,1,-1,-1
115,76,842,323,43,68,1,10,-1,-1
116,7,720,337,42,93,1,1,-1,-1
116,53,767,365,34,69,1,10,-1,-1
116,54,294,392,33,55,1,1,-1,-1
116,76,849,309,41,72,1,2,-1,-1
117,7,693,359,61,93,1,7,-1,-1
117,53,769,371,34,70,1,10,-1,-1
117,54,290,397,34,55,1,1,-1,-1
117,76,853,316,44,72,1,2,-1,-1
118,7,693,367,63,93,1,7,-1,-1
118,54,287,402,35,56,1,1,-1,-1
118,76,862,342,42,80,1,10,-1,-1
