1,80,1886,327,156,404,1,1,-1,-1
1,93,260,450,102,262,1,1,-1,-1
2,80,1883,326,157,406,1,1,-1,-1
2,81,1293,458,71,203,1,1,-1,-1
2,93,262,449,102,263,1,1,-1,-1
3,80,1881,325,157,408,1,1,-1,-1
3,81,1295,457,72,204,1,1,-1,-1
3,93,264,449,102,263,1,1,-1,-1
3,254,1684,386,170,348,1,1,-1,-1
4,80,1878,325,158,410,1,1,-1,-1
4,81,1297,456,73,205,1,1,-1,-1
4,93,266,448,102,264,1,1,-1,-1
4,254,1683,385,169,351,1,1,-1,-1
5,80,1876,324,158,412,1,1,-1,-1
5,81,1298,455,75,206,1,1,-1,-1
5,93,268,448,102,264,1,1,-1,-1
5,254,1683,385,168,352,1,1,-1,-1
6,80,1873,324,159,413,1,1,-1,-1
6,81,1300,455,76,206,1,1,-1,-1
6,93,270,448,102,264,1,1,-1,-1
6,254,1682,384,168,354,1,1,-1,-1
7,80,1871,323,159,416,1,1,-1,-1
7,81,1302,454,77,207,1,1,-1,-1
7,93,272,448,103,264,1,1,-1,-1
8,80,1868,323,160,417,1,1,-1,-1
8,81,1303,453,79,208,1,1,-1,-1
8,93,274,448,103,264,1,1,-1,-1
8,164,1680,383,167,358,1,1,-1,-1
9,80,1866,322,160,419,1,1,-1,-1
9,81,1305,452,80,209,1,1,-1,-1
9,93,276,448,104,264,1,1,-1,-1
9,164,1680,383,166,360,1,1,-1,-1
9,204,-278,232,446,691,1,1,-1,-1
10,80,1863,322,161,421,1,1,-1,-1
10,81,1307,451,81,210,1,1,-1,-1
10,164,1677,382,167,362,1,1,-1,-1
10,204,-269,232,442,690,1,1,-1,-1
11,81,1309,451,82,210,1,1,-1,-1
11,94,280,447,105,265,1,1,-1,-1
11,164,1675,382,168,364,1,1,-1,-1
11,204,-260,232,438,689,1,1,-1,-1
12,69,1859,320,161,425,1,1,-1,-1
12,94,282,446,105,266,1,1,-1,-1
12,164,1673,381,168,366,1,1,-1,-1
12,204,-251,232,434,688,1,1,-1,-1
13,69,1856,320,162,427,1,1,-1,-1
13,94,284,446,106,266,1,1,-1,-1
13,164,1671,381,169,368,1,1,-1,-1
13,204,-242,231,430,688,1,1,-1,-1
14,69,1854,319,162,429,1,1,-1,-1
14,94,286,446,106,266,1,1,-1,-1
15,69,1851,319,163,430,1,1,-1,-1
15,94,289,446,106,266,1,1,-1,-1
16,69,1849,318,163,433,1,1,-1,-1
16,94,291,446,106,266,1,1,-1,-1
17,69,1846,318,164,434,1,1,-1,-1
17,94,294,446,106,266,1,1,-1,-1
18,69,1844,317,164,436,1,1,-1,-1
18,94,299,447,103,262,1,1,-1,-1
19,69,1817,340,155,411,1,1,-1,-1
19,94,304,449,100,258,1,1,-1,-1
20,69,1839,316,165,440,1,1,-1,-1
21,69,1837,316,165,442,1,1,-1,-1
21,165,315,453,94,250,1,1,-1,-1
22,69,1834,315,166,444,1,1,-1,-1
22,165,313,452,96,251,1,1,-1,-1
23,70,-153,229,458,683,1,1,-1,-1
23,95,1812,440,70,184,1,1,-1,-1
23,165,311,451,99,252,1,1,-1,-1
24,70,-144,228,464,684,1,1,-1,-1
24,95,1813,440,70,183,1,1,-1,-1
24,165,310,450,101,253,1,1,-1,-1
25,70,-135,228,470,683,1,1,-1,-1
25,95,1815,440,69,183,1,1,-1,-1
25,165,308,449,104,254,1,1,-1,-1
26,70,-126,228,475,683,1,1,-1,-1
26,95,1816,440,69,182,1,1,-1,-1
26,96,1329,457,74,206,1,1,-1,-1
26,165,307,448,106,255,1,1,-1,-1
27,70,-117,228,481,682,1,1,-1,-1
27,95,1818,440,68,182,1,1,-1,-1
27,96,1330,457,74,206,1,1,-1,-1
28,70,-108,227,487,682,1,1,-1,-1
28,95,1820,440,67,182,1,1,-1,-1
28,96,1330,457,74,206,1,1,-1,-1
29,70,-99,227,492,682,1,1,-1,-1
29,95,1822,440,67,182,1,1,-1,-1
29,96,1361,469,64,178,1,1,-1,-1
30,70,-90,227,498,681,1,1,-1,-1
30,82,1307,534,52,130,1,1,-1,-1
30,95,1824,440,66,182,1,1,-1,-1
30,96,1331,457,75,206,1,1,-1,-1
31,70,-81,227,504,681,1,1,-1,-1
31,82,1308,534,52,130,1,1,-1,-1
31,95,1826,440,66,182,1,1,-1,-1
31,96,1332,457,74,207,1,1,-1,-1
31,136,324,443,103,256,1,1,-1,-1
32,70,-66,229,497,677,1,1,-1,-1
32,82,1309,534,52,130,1,1,-1,-1
32,96,1332,457,75,207,1,1,-1,-1
32,136,324,443,101,257,1,1,-1,-1
32,205,1810,309,170,463,1,1,-1,-1
33,70,-50,232,490,673,1,1,-1,-1
33,82,1310,534,52,130,1,1,-1,-1
33,96,1333,457,75,207,1,1,-1,-1
33,136,324,443,100,259,1,1,-1,-1
33,205,1807,309,171,465,1,1,-1,-1
33,206,1829,440,65,182,1,1,-1,-1
34,82,1311,534,52,130,1,1,-1,-1
34,96,1333,457,75,207,1,1,-1,-1
34,136,324,444,99,260,1,1,-1,-1
34,205,1805,308,171,467,1,1,-1,-1
34,206,1830,440,65,182,1,1,-1,-1
35,82,1313,534,52,130,1,1,-1,-1
35,136,325,444,97,261,1,1,-1,-1
35,205,1802,308,172,468,1,1,-1,-1
35,206,1832,440,64,182,1,1,-1,-1
36,82,1313,534,51,129,1,1,-1,-1
36,97,1334,457,76,208,1,1,-1,-1
36,136,325,445,96,262,1,1,-1,-1
36,205,1800,307,172,471,1,1,-1,-1
36,206,1834,439,63,182,1,1,-1,-1
37,82,1313,534,51,129,1,1,-1,-1
37,97,1335,457,75,208,1,1,-1,-1
37,136,325,445,95,264,1,1,-1,-1
37,206,1836,439,63,182,1,1,-1,-1
38,82,1313,534,51,129,1,1,-1,-1
38,97,1335,457,76,208,1,1,-1,-1
39,82,1313,534,51,129,1,1,-1,-1
39,97,1336,457,76,208,1,1,-1,-1
40,97,1336,457,76,208,1,1,-1,-1
41,97,1337,457,76,209,1,1,-1,-1
41,207,1313,534,51,129,1,1,-1,-1
42,97,1337,457,77,209,1,1,-1,-1
42,207,1313,534,51,129,1,1,-1,-1
43,97,1338,457,76,209,1,1,-1,-1
43,117,1601,360,180,425,1,1,-1,-1
43,207,1313,534,51,129,1,1,-1,-1
44,97,1338,457,77,209,1,1,-1,-1
44,117,1598,360,182,427,1,1,-1,-1
44,207,1313,534,51,129,1,1,-1,-1
44,208,350,438,115,278,1,1,-1,-1
45,51,1850,438,59,181,1,1,-1,-1
45,117,1596,359,183,429,1,1,-1,-1
45,207,1313,534,51,129,1,1,-1,-1
45,208,345,457,110,265,1,1,-1,-1
46,51,1852,438,58,180,1,1,-1,-1
46,117,1593,358,184,431,1,1,-1,-1
46,137,1339,457,77,210,1,1,-1,-1
46,208,351,437,113,279,1,1,-1,-1
47,51,1854,438,58,180,1,1,-1,-1
47,117,1590,358,186,433,1,1,-1,-1
47,137,1340,457,77,210,1,1,-1,-1
47,208,351,437,110,279,1,1,-1,-1
48,51,1855,438,58,180,1,1,-1,-1
48,117,1588,357,187,435,1,1,-1,-1
48,137,1340,457,78,210,1,1,-1,-1
48,208,350,437,108,279,1,1,-1,-1
49,51,1857,438,57,180,1,1,-1,-1
49,117,1585,357,189,436,1,1,-1,-1
49,137,1341,457,77,210,1,1,-1,-1
50,51,1858,438,57,180,1,1,-1,-1
50,117,1582,356,190,438,1,1,-1,-1
50,137,1341,457,78,210,1,1,-1,-1
50,209,215,456,91,245,1,1,-1,-1
51,51,1860,438,56,180,1,1,-1,-1
51,137,1342,458,78,210,1,1,-1,-1
51,209,215,456,91,245,1,1,-1,-1
52,51,1862,438,55,180,1,1,-1,-1
52,137,1341,458,79,210,1,1,-1,-1
52,166,374,257,325,606,1,1,-1,-1
52,209,216,456,91,246,1,1,-1,-1
53,51,1864,438,55,180,1,1,-1,-1
53,166,379,261,334,603,1,1,-1,-1
53,209,216,456,91,247,1,1,-1,-1
54,22,1767,287,189,516,1,1,-1,-1
54,51,1866,438,54,180,1,1,-1,-1
54,166,385,265,343,600,1,1,-1,-1
54,209,217,457,91,247,1,1,-1,-1
55,22,1764,287,190,518,1,1,-1,-1
55,51,1868,438,54,180,1,1,-1,-1
55,166,410,264,324,596,1,1,-1,-1
56,22,1762,287,191,521,1,1,-1,-1
56,51,1869,437,57,180,1,1,-1,-1
56,166,435,263,305,592,1,1,-1,-1
56,167,1321,543,45,113,1,1,-1,-1
57,22,1760,286,192,524,1,1,-1,-1
57,51,1870,437,61,180,1,1,-1,-1
57,166,460,262,286,588,1,1,-1,-1
57,167,1313,534,51,129,1,1,-1,-1
58,22,1757,286,193,526,1,1,-1,-1
58,83,370,434,116,278,1,1,-1,-1
58,167,1313,534,50,128,1,1,-1,-1
58,210,1544,350,202,454,1,1,-1,-1
59,22,1755,285,194,529,1,1,-1,-1
59,27,1341,458,79,210,1,1,-1,-1
59,83,369,434,117,276,1,1,-1,-1
59,138,511,260,247,581,1,1,-1,-1
59,167,1313,534,50,128,1,1,-1,-1
59,210,1537,349,203,456,1,1,-1,-1
60,22,1753,285,195,531,1,1,-1,-1
60,27,1341,458,79,210,1,1,-1,-1
60,83,368,435,118,274,1,1,-1,-1
60,138,526,262,253,578,1,1,-1,-1
60,167,1313,534,50,128,1,1,-1,-1
60,210,1530,348,205,458,1,1,-1,-1
61,22,1751,285,196,534,1,1,-1,-1
61,27,1341,458,79,210,1,1,-1,-1
61,83,373,435,115,273,1,1,-1,-1
61,138,541,265,260,574,1,1,-1,-1
61,167,1313,534,50,128,1,1,-1,-1
61,210,1523,347,206,460,1,1,-1,-1
62,22,1747,283,196,537,1,1,-1,-1
62,27,1341,458,79,210,1,1,-1,-1
62,83,379,435,111,272,1,1,-1,-1
62,138,557,268,266,570,1,1,-1,-1
62,168,198,471,96,233,1,1,-1,-1
62,210,1516,346,208,462,1,1,-1,-1
63,22,1743,282,197,539,1,1,-1,-1
63,27,1341,458,79,210,1,1,-1,-1
63,83,384,435,109,271,1,1,-1,-1
63,138,572,271,272,566,1,1,-1,-1
63,139,1313,534,50,128,1,1,-1,-1
63,168,203,471,96,234,1,1,-1,-1
64,22,1739,280,198,542,1,1,-1,-1
64,27,1340,458,80,210,1,1,-1,-1
64,83,390,435,105,270,1,1,-1,-1
64,138,588,274,278,562,1,1,-1,-1
64,139,1313,534,50,128,1,1,-1,-1
64,168,209,472,95,234,1,1,-1,-1
65,22,1735,279,199,544,1,1,-1,-1
65,27,1340,458,80,210,1,1,-1,-1
65,83,395,435,102,269,1,1,-1,-1
65,138,603,277,285,558,1,1,-1,-1
65,139,1313,534,50,128,1,1,-1,-1
65,168,215,473,94,234,1,1,-1,-1
66,22,1731,277,200,548,1,1,-1,-1
66,27,1340,458,80,210,1,1,-1,-1
66,83,401,436,99,268,1,1,-1,-1
66,139,1313,534,50,128,1,1,-1,-1
66,168,221,474,94,235,1,1,-1,-1
67,22,1727,276,201,550,1,1,-1,-1
67,27,1340,458,80,210,1,1,-1,-1
67,83,403,435,105,271,1,1,-1,-1
67,139,1313,534,50,128,1,1,-1,-1
67,168,226,474,94,236,1,1,-1,-1
68,22,1723,274,202,553,1,1,-1,-1
68,27,1340,458,80,210,1,1,-1,-1
68,139,1313,534,50,128,1,1,-1,-1
69,22,1719,273,203,555,1,1,-1,-1
69,27,1340,458,80,210,1,1,-1,-1
69,118,238,476,92,236,1,1,-1,-1
69,139,1313,534,50,128,1,1,-1,-1
70,22,1715,272,204,558,1,1,-1,-1
70,27,1340,458,80,210,1,1,-1,-1
70,118,244,477,92,237,1,1,-1,-1
71,22,1712,270,204,561,1,1,-1,-1
71,27,1340,458,80,210,1,1,-1,-1
71,118,245,475,92,238,1,1,-1,-1
71,211,701,280,249,540,1,1,-1,-1
72,27,1340,458,80,210,1,1,-1,-1
72,118,246,474,93,239,1,1,-1,-1
72,211,720,279,233,538,1,1,-1,-1
73,27,1340,458,80,210,1,1,-1,-1
73,52,416,440,117,265,1,1,-1,-1
73,118,248,472,93,241,1,1,-1,-1
73,169,1502,344,195,478,1,1,-1,-1
73,211,740,278,217,537,1,1,-1,-1
74,27,1340,458,80,210,1,1,-1,-1
74,52,414,439,119,267,1,1,-1,-1
74,118,249,471,93,241,1,1,-1,-1
74,169,1495,342,200,480,1,1,-1,-1
74,211,760,277,200,536,1,1,-1,-1
75,52,412,438,122,270,1,1,-1,-1
75,118,250,469,94,243,1,1,-1,-1
75,169,1488,340,205,483,1,1,-1,-1
75,211,780,277,184,534,1,1,-1,-1
76,52,410,437,125,273,1,1,-1,-1
76,98,1339,458,81,210,1,1,-1,-1
76,118,252,468,94,244,1,1,-1,-1
76,169,1480,338,211,485,1,1,-1,-1
76,212,1894,437,59,181,1,1,-1,-1
77,52,409,436,127,276,1,1,-1,-1
77,98,1339,458,81,210,1,1,-1,-1
77,169,1473,336,215,488,1,1,-1,-1
77,212,1894,436,58,184,1,1,-1,-1
78,52,412,432,121,279,1,1,-1,-1
78,98,1339,458,81,210,1,1,-1,-1
78,119,1692,260,206,584,1,1,-1,-1
78,169,1466,334,220,490,1,1,-1,-1
78,212,1898,439,58,178,1,1,-1,-1
79,52,416,428,115,283,1,1,-1,-1
79,98,1339,458,81,210,1,1,-1,-1
79,119,1689,258,206,588,1,1,-1,-1
79,212,1902,442,58,172,1,1,-1,-1
80,52,420,428,113,282,1,1,-1,-1
80,98,1339,458,81,210,1,1,-1,-1
80,119,1686,257,207,591,1,1,-1,-1
80,212,1906,445,58,166,1,1,-1,-1
81,52,424,428,112,282,1,1,-1,-1
81,98,1339,458,81,210,1,1,-1,-1
81,119,1683,255,207,595,1,1,-1,-1
82,52,429,428,110,282,1,1,-1,-1
82,98,1339,458,81,210,1,1,-1,-1
82,119,1680,254,207,598,1,1,-1,-1
83,52,433,428,108,281,1,1,-1,-1
83,98,1339,458,81,210,1,1,-1,-1
83,99,862,298,236,497,1,1,-1,-1
83,119,1677,252,208,602,1,1,-1,-1
84,52,438,428,106,281,1,1,-1,-1
84,98,1339,458,81,210,1,1,-1,-1
84,99,885,297,216,494,1,1,-1,-1
84,119,1674,251,208,605,1,1,-1,-1
85,52,442,428,105,281,1,1,-1,-1
85,99,907,297,197,490,1,1,-1,-1
85,119,1672,250,208,608,1,1,-1,-1
86,99,930,297,178,486,1,1,-1,-1
87,99,948,290,201,516,1,1,-1,-1
88,99,938,302,198,479,1,1,-1,-1
88,213,1673,245,218,620,1,1,-1,-1
89,99,942,305,208,475,1,1,-1,-1
89,213,1666,243,222,624,1,1,-1,-1
90,31,1388,322,250,538,1,1,-1,-1
90,84,459,426,120,286,1,1,-1,-1
90,99,946,307,219,472,1,1,-1,-1
90,213,1659,242,226,627,1,1,-1,-1
91,31,1386,320,246,543,1,1,-1,-1
91,53,1314,534,52,130,1,1,-1,-1
91,84,459,426,115,285,1,1,-1,-1
91,99,950,310,229,468,1,1,-1,-1
91,213,1652,241,230,631,1,1,-1,-1
92,31,1384,319,242,547,1,1,-1,-1
92,53,1314,534,52,130,1,1,-1,-1
92,84,460,426,109,284,1,1,-1,-1
92,213,1645,239,234,635,1,1,-1,-1
93,31,1383,318,238,551,1,1,-1,-1
93,53,1314,534,52,130,1,1,-1,-1
93,84,461,427,103,283,1,1,-1,-1
93,100,313,459,100,254,1,1,-1,-1
94,31,1381,316,234,556,1,1,-1,-1
94,53,1314,534,52,130,1,1,-1,-1
94,84,463,425,105,287,1,1,-1,-1
94,100,315,458,100,256,1,1,-1,-1
95,31,1379,315,230,560,1,1,-1,-1
95,53,1314,534,53,131,1,1,-1,-1
95,84,465,423,107,291,1,1,-1,-1
95,100,316,457,101,258,1,1,-1,-1
96,31,1378,314,226,564,1,1,-1,-1
96,53,1314,534,53,131,1,1,-1,-1
96,84,467,421,109,295,1,1,-1,-1
96,100,318,457,101,260,1,1,-1,-1
97,31,1376,312,222,569,1,1,-1,-1
97,53,1314,534,53,131,1,1,-1,-1
97,84,470,420,111,298,1,1,-1,-1
97,100,318,455,101,262,1,1,-1,-1
98,31,1374,311,218,573,1,1,-1,-1
98,53,1314,534,54,131,1,1,-1,-1
98,84,467,419,116,297,1,1,-1,-1
98,100,319,454,101,263,1,1,-1,-1
99,31,1373,310,214,578,1,1,-1,-1
99,53,1314,534,54,131,1,1,-1,-1
99,84,465,418,120,297,1,1,-1,-1
99,100,320,452,101,266,1,1,-1,-1
100,31,1366,308,216,582,1,1,-1,-1
100,53,1314,534,54,132,1,1,-1,-1
100,54,1599,229,245,662,1,1,-1,-1
100,100,321,451,101,267,1,1,-1,-1
101,31,1359,307,219,585,1,1,-1,-1
101,53,1314,534,54,132,1,1,-1,-1
101,54,1594,228,246,666,1,1,-1,-1
101,100,322,450,101,269,1,1,-1,-1
102,31,1352,306,221,588,1,1,-1,-1
102,53,1314,534,55,132,1,1,-1,-1
102,54,1590,224,243,670,1,1,-1,-1
102,170,1087,317,178,438,1,1,-1,-1
103,31,1345,304,224,592,1,1,-1,-1
103,53,1314,534,55,132,1,1,-1,-1
103,54,1586,220,240,675,1,1,-1,-1
103,170,1092,320,184,433,1,1,-1,-1
104,31,1338,303,227,596,1,1,-1,-1
104,54,1582,216,238,680,1,1,-1,-1
104,170,1098,324,190,427,1,1,-1,-1
105,25,1315,534,55,133,1,1,-1,-1
105,54,1576,216,238,684,1,1,-1,-1
105,170,1104,328,196,421,1,1,-1,-1
106,25,1314,534,55,133,1,1,-1,-1
106,54,1571,216,237,688,1,1,-1,-1
106,170,1110,332,202,415,1,1,-1,-1
107,25,1314,534,55,133,1,1,-1,-1
107,54,1565,216,237,692,1,1,-1,-1
107,170,1118,331,197,413,1,1,-1,-1
108,25,1314,534,55,133,1,1,-1,-1
108,54,1560,216,236,696,1,1,-1,-1
108,140,340,451,94,269,1,1,-1,-1
109,25,1314,534,55,133,1,1,-1,-1
109,54,1555,216,235,700,1,1,-1,-1
109,140,343,451,93,269,1,1,-1,-1
110,25,1313,534,56,133,1,1,-1,-1
110,54,1549,216,235,704,1,1,-1,-1
110,140,346,452,92,269,1,1,-1,-1
110,214,465,419,124,303,1,1,-1,-1
111,25,1313,534,56,134,1,1,-1,-1
111,54,1544,216,234,708,1,1,-1,-1
111,140,346,450,92,271,1,1,-1,-1
111,214,460,418,126,305,1,1,-1,-1
112,25,1313,534,56,134,1,1,-1,-1
112,54,1539,216,233,712,1,1,-1,-1
112,140,346,448,93,274,1,1,-1,-1
112,214,455,417,128,307,1,1,-1,-1
113,25,1313,534,56,134,1,1,-1,-1
113,140,347,446,92,277,1,1,-1,-1
113,214,451,416,130,310,1,1,-1,-1
114,25,1313,534,56,134,1,1,-1,-1
114,140,347,444,93,280,1,1,-1,-1
114,214,455,414,121,310,1,1,-1,-1
115,25,1312,534,57,134,1,1,-1,-1
116,25,1312,534,57,135,1,1,-1,-1
116,32,1515,212,236,730,1,1,-1,-1
116,171,465,410,103,310,1,1,-1,-1
117,25,1312,534,57,135,1,1,-1,-1
117,32,1508,208,240,736,1,1,-1,-1
117,171,462,407,106,315,1,1,-1,-1
118,25,1312,534,57,135,1,1,-1,-1
118,32,1500,204,245,742,1,1,-1,-1
118,171,459,405,110,319,1,1,-1,-1
119,25,1311,534,58,135,1,1,-1,-1
119,32,1493,200,248,748,1,1,-1,-1
119,171,456,403,114,323,1,1,-1,-1
120,25,1311,534,58,135,1,1,-1,-1
120,32,1485,196,253,754,1,1,-1,-1
120,120,342,441,96,290,1,1,-1,-1
120,171,453,401,118,327,1,1,-1,-1
121,25,1311,534,58,136,1,1,-1,-1
121,32,1478,192,257,760,1,1,-1,-1
121,120,341,441,96,291,1,1,-1,-1
121,171,451,399,121,331,1,1,-1,-1
122,32,1470,189,261,766,1,1,-1,-1
122,120,340,442,97,292,1,1,-1,-1
123,32,1463,185,265,772,1,1,-1,-1
123,71,1311,534,57,136,1,1,-1,-1
123,120,338,440,99,294,1,1,-1,-1
124,32,1455,181,270,778,1,1,-1,-1
124,33,1148,272,293,681,1,1,-1,-1
124,44,1329,445,87,225,1,1,-1,-1
124,71,1310,534,58,136,1,1,-1,-1
124,120,336,438,102,296,1,1,-1,-1
125,32,1448,177,273,784,1,1,-1,-1
125,33,1144,272,289,686,1,1,-1,-1
125,44,1328,444,88,225,1,1,-1,-1
125,71,1310,534,58,136,1,1,-1,-1
125,120,334,436,105,298,1,1,-1,-1
126,32,1440,173,278,790,1,1,-1,-1
126,33,1139,272,287,691,1,1,-1,-1
126,44,1328,443,87,225,1,1,-1,-1
126,71,1310,534,58,136,1,1,-1,-1
126,120,332,435,108,300,1,1,-1,-1
127,32,1433,169,282,796,1,1,-1,-1
127,33,1135,271,283,697,1,1,-1,-1
127,44,1327,442,88,225,1,1,-1,-1
127,71,1310,534,58,137,1,1,-1,-1
127,120,330,433,111,302,1,1,-1,-1
128,32,1426,166,286,802,1,1,-1,-1
128,33,1130,271,281,701,1,1,-1,-1
128,44,1326,441,88,225,1,1,-1,-1
128,71,1309,534,59,137,1,1,-1,-1
129,32,1416,163,287,808,1,1,-1,-1
129,33,1126,271,277,706,1,1,-1,-1
129,44,1326,441,88,225,1,1,-1,-1
129,71,1309,534,59,137,1,1,-1,-1
129,141,326,430,117,306,1,1,-1,-1
130,32,1406,161,288,813,1,1,-1,-1
130,33,1121,270,275,712,1,1,-1,-1
130,44,1329,440,88,225,1,1,-1,-1
130,71,1309,534,59,137,1,1,-1,-1
130,141,321,430,117,304,1,1,-1,-1
131,33,1117,270,271,717,1,1,-1,-1
131,44,1332,440,88,225,1,1,-1,-1
131,71,1309,534,59,137,1,1,-1,-1
131,141,316,430,118,303,1,1,-1,-1
132,33,1113,270,268,722,1,1,-1,-1
132,44,1335,439,88,226,1,1,-1,-1
132,71,1309,534,59,138,1,1,-1,-1
132,141,312,430,118,302,1,1,-1,-1
133,33,1099,266,274,728,1,1,-1,-1
133,44,1338,439,89,226,1,1,-1,-1
133,71,1308,534,60,138,1,1,-1,-1
133,141,317,429,118,306,1,1,-1,-1
134,33,1085,262,281,734,1,1,-1,-1
134,44,1341,439,89,226,1,1,-1,-1
134,101,449,393,118,344,1,1,-1,-1
134,141,322,429,119,310,1,1,-1,-1
135,33,1072,258,286,740,1,1,-1,-1
135,44,1344,438,89,227,1,1,-1,-1
135,101,448,393,121,346,1,1,-1,-1
135,141,327,429,120,314,1,1,-1,-1
135,142,-188,263,250,696,1,1,-1,-1
135,143,1308,534,60,138,1,1,-1,-1
136,33,1058,254,293,746,1,1,-1,-1
136,44,1348,438,89,226,1,1,-1,-1
136,101,446,393,121,348,1,1,-1,-1
136,142,-166,264,257,691,1,1,-1,-1
136,143,1308,534,60,138,1,1,-1,-1
137,33,1044,251,299,751,1,1,-1,-1
137,44,1351,437,89,227,1,1,-1,-1
137,101,445,393,120,351,1,1,-1,-1
137,142,-144,266,265,686,1,1,-1,-1
137,143,1308,535,60,138,1,1,-1,-1
138,33,1031,247,305,757,1,1,-1,-1
138,101,444,394,121,349,1,1,-1,-1
138,142,-122,267,272,682,1,1,-1,-1
138,143,1309,534,60,138,1,1,-1,-1
139,101,444,395,122,348,1,1,-1,-1
139,142,-100,269,280,677,1,1,-1,-1
139,143,1311,533,59,139,1,1,-1,-1
140,101,444,396,123,346,1,1,-1,-1
140,142,-78,271,288,672,1,1,-1,-1
140,143,1303,546,64,152,1,1,-1,-1
140,172,1003,239,318,769,1,1,-1,-1
141,101,443,397,125,345,1,1,-1,-1
141,142,-64,271,278,673,1,1,-1,-1
141,143,1314,532,59,140,1,1,-1,-1
141,144,1378,352,139,351,1,1,-1,-1
141,172,990,236,324,774,1,1,-1,-1
142,101,443,398,126,343,1,1,-1,-1
142,144,1383,354,140,348,1,1,-1,-1
142,172,978,234,327,783,1,1,-1,-1
143,144,1388,355,141,346,1,1,-1,-1
143,172,967,232,329,792,1,1,-1,-1
144,144,1393,356,141,344,1,1,-1,-1
144,172,956,231,332,800,1,1,-1,-1
144,173,324,422,124,318,1,1,-1,-1
145,55,-91,388,247,524,1,1,-1,-1
145,144,1398,357,142,343,1,1,-1,-1
145,172,946,230,335,808,1,1,-1,-1
145,173,319,420,124,326,1,1,-1,-1
145,174,1215,415,109,238,1,1,-1,-1
146,55,-80,388,260,527,1,1,-1,-1
146,144,1403,358,143,341,1,1,-1,-1
146,173,314,418,124,334,1,1,-1,-1
146,174,1221,415,108,238,1,1,-1,-1
147,34,443,392,136,355,1,1,-1,-1
147,55,-69,388,273,530,1,1,-1,-1
147,144,1408,359,143,339,1,1,-1,-1
147,145,927,229,340,824,1,1,-1,-1
147,173,310,417,124,342,1,1,-1,-1
147,174,1227,416,108,238,1,1,-1,-1
148,34,443,390,138,359,1,1,-1,-1
148,55,-58,388,286,533,1,1,-1,-1
148,145,918,229,342,832,1,1,-1,-1
148,173,308,415,125,344,1,1,-1,-1
148,174,1233,417,108,238,1,1,-1,-1
149,34,443,389,141,362,1,1,-1,-1
149,55,67,285,275,638,1,1,-1,-1
149,145,908,228,345,840,1,1,-1,-1
149,173,306,414,127,346,1,1,-1,-1
149,174,1240,418,107,238,1,1,-1,-1
149,215,1418,362,145,334,1,1,-1,-1
150,34,442,386,141,364,1,1,-1,-1
150,55,74,277,312,645,1,1,-1,-1
150,145,899,228,347,848,1,1,-1,-1
150,174,1246,419,107,238,1,1,-1,-1
150,215,1423,363,146,332,1,1,-1,-1
151,34,442,384,140,365,1,1,-1,-1
151,55,86,286,338,633,1,1,-1,-1
151,145,889,227,350,856,1,1,-1,-1
151,215,1428,364,146,330,1,1,-1,-1
152,34,442,382,139,366,1,1,-1,-1
152,45,1318,530,65,143,1,1,-1,-1
152,55,48,384,189,511,1,1,-1,-1
152,145,880,227,352,864,1,1,-1,-1
152,215,1433,365,147,328,1,1,-1,-1
153,34,444,382,141,369,1,1,-1,-1
153,45,1319,530,65,144,1,1,-1,-1
153,55,72,380,176,509,1,1,-1,-1
153,145,868,223,351,873,1,1,-1,-1
153,215,1438,366,148,326,1,1,-1,-1
154,3,1367,441,91,230,1,1,-1,-1
154,34,446,383,144,372,1,1,-1,-1
154,45,1319,530,66,144,1,1,-1,-1
154,55,97,376,162,507,1,1,-1,-1
154,62,303,408,133,351,1,1,-1,-1
155,3,1367,441,91,230,1,1,-1,-1
155,34,448,384,146,374,1,1,-1,-1
155,45,1320,530,65,144,1,1,-1,-1
155,55,104,377,185,505,1,1,-1,-1
155,62,305,408,134,350,1,1,-1,-1
155,121,1265,421,106,237,1,1,-1,-1
156,3,1367,442,91,230,1,1,-1,-1
156,34,450,385,149,377,1,1,-1,-1
156,45,1320,531,66,144,1,1,-1,-1
156,55,112,379,208,503,1,1,-1,-1
156,62,306,407,135,350,1,1,-1,-1
156,121,1268,422,106,236,1,1,-1,-1
157,3,1367,442,91,230,1,1,-1,-1
157,34,452,386,152,380,1,1,-1,-1
157,45,1321,531,66,144,1,1,-1,-1
157,55,119,381,231,501,1,1,-1,-1
157,62,308,406,135,350,1,1,-1,-1
157,121,1273,422,105,236,1,1,-1,-1
158,3,1367,443,92,230,1,1,-1,-1
158,34,455,385,147,380,1,1,-1,-1
158,45,1321,531,66,145,1,1,-1,-1
158,62,310,406,136,349,1,1,-1,-1
158,121,1279,422,104,236,1,1,-1,-1
159,3,1367,443,92,230,1,1,-1,-1
159,34,458,385,142,380,1,1,-1,-1
159,45,1322,531,66,145,1,1,-1,-1
159,62,313,405,137,351,1,1,-1,-1
159,121,1284,422,103,236,1,1,-1,-1
160,3,1367,444,92,230,1,1,-1,-1
160,34,461,385,138,379,1,1,-1,-1
160,45,1322,531,67,145,1,1,-1,-1
160,62,316,404,138,354,1,1,-1,-1
160,121,1290,422,102,236,1,1,-1,-1
160,146,788,202,342,936,1,1,-1,-1
161,3,1367,444,92,231,1,1,-1,-1
161,34,464,385,133,379,1,1,-1,-1
161,45,1322,531,67,146,1,1,-1,-1
161,62,320,404,138,355,1,1,-1,-1
161,121,1295,422,102,236,1,1,-1,-1
161,146,776,199,341,945,1,1,-1,-1
162,3,1367,445,92,230,1,1,-1,-1
162,45,1323,531,67,146,1,1,-1,-1
162,62,323,403,139,358,1,1,-1,-1
162,121,1300,422,102,236,1,1,-1,-1
162,146,721,103,401,1125,1,1,-1,-1
163,3,1367,445,92,231,1,1,-1,-1
163,45,1323,532,68,146,1,1,-1,-1
163,62,327,403,139,359,1,1,-1,-1
163,146,743,190,347,964,1,1,-1,-1
163,216,468,384,138,383,1,1,-1,-1
164,3,1367,446,92,230,1,1,-1,-1
164,45,1324,532,67,146,1,1,-1,-1
164,62,330,402,140,362,1,1,-1,-1
164,146,722,184,353,974,1,1,-1,-1
164,216,469,384,148,386,1,1,-1,-1
165,3,1315,422,101,236,1,1,-1,-1
165,45,1324,532,68,146,1,1,-1,-1
165,62,334,402,140,364,1,1,-1,-1
165,146,700,179,360,983,1,1,-1,-1
165,216,470,384,158,390,1,1,-1,-1
166,3,1321,422,100,236,1,1,-1,-1
166,146,679,173,366,993,1,1,-1,-1
166,175,1498,374,139,302,1,1,-1,-1
166,216,473,383,158,391,1,1,-1,-1
167,3,1326,422,99,236,1,1,-1,-1
167,4,342,406,142,368,1,1,-1,-1
167,175,1498,377,142,299,1,1,-1,-1
167,216,476,383,159,392,1,1,-1,-1
168,3,1301,469,96,210,1,1,-1,-1
168,4,346,408,144,370,1,1,-1,-1
168,63,419,310,261,574,1,1,-1,-1
168,175,1498,379,145,297,1,1,-1,-1
169,3,1337,422,98,236,1,1,-1,-1
169,4,344,408,144,372,1,1,-1,-1
169,63,442,311,243,568,1,1,-1,-1
169,85,1007,20,403,1124,1,1,-1,-1
169,175,1498,382,148,294,1,1,-1,-1
170,3,1342,422,98,236,1,1,-1,-1
170,4,342,409,145,374,1,1,-1,-1
170,63,357,389,199,471,1,1,-1,-1
170,85,993,16,408,1132,1,1,-1,-1
170,102,464,311,226,562,1,1,-1,-1
170,175,1499,385,151,291,1,1,-1,-1
171,3,1347,422,98,236,1,1,-1,-1
171,4,341,410,145,376,1,1,-1,-1
171,63,365,392,214,469,1,1,-1,-1
171,85,980,12,412,1140,1,1,-1,-1
171,102,487,312,208,556,1,1,-1,-1
171,175,1506,383,146,291,1,1,-1,-1
172,3,1352,422,98,236,1,1,-1,-1
172,4,344,409,145,379,1,1,-1,-1
172,63,373,395,228,467,1,1,-1,-1
172,85,969,7,410,1148,1,1,-1,-1
172,102,510,313,190,550,1,1,-1,-1
173,3,1361,423,103,235,1,1,-1,-1
173,4,381,399,243,465,1,1,-1,-1
173,63,360,412,144,381,1,1,-1,-1
173,85,958,2,409,1157,1,1,-1,-1
173,102,533,314,172,544,1,1,-1,-1
173,176,1330,534,69,148,1,1,-1,-1
173,217,1522,381,135,289,1,1,-1,-1
174,3,1381,386,105,265,1,1,-1,-1
174,4,409,397,222,463,1,1,-1,-1
174,63,351,407,145,387,1,1,-1,-1
174,85,947,-3,407,1166,1,1,-1,-1
174,102,547,312,176,544,1,1,-1,-1
174,176,1332,534,68,148,1,1,-1,-1
174,217,1530,380,130,289,1,1,-1,-1
175,3,1380,425,112,234,1,1,-1,-1
175,4,438,396,200,460,1,1,-1,-1
175,63,355,406,145,390,1,1,-1,-1
175,85,936,-8,406,1174,1,1,-1,-1
175,102,561,310,180,544,1,1,-1,-1
175,176,1333,535,68,148,1,1,-1,-1
175,217,1534,380,129,288,1,1,-1,-1
176,3,1382,424,109,234,1,1,-1,-1
176,4,467,394,179,458,1,1,-1,-1
176,63,358,405,145,394,1,1,-1,-1
176,85,925,-13,404,1183,1,1,-1,-1
176,102,575,309,184,544,1,1,-1,-1
176,176,1334,535,68,148,1,1,-1,-1
176,217,1538,381,129,286,1,1,-1,-1
177,3,1385,423,105,234,1,1,-1,-1
177,4,495,378,163,401,1,1,-1,-1
177,63,362,404,145,398,1,1,-1,-1
177,85,914,-18,403,1192,1,1,-1,-1
177,102,589,307,188,544,1,1,-1,-1
177,176,1335,535,68,148,1,1,-1,-1
177,217,1542,382,129,284,1,1,-1,-1
178,3,1388,423,101,234,1,1,-1,-1
178,4,501,378,163,402,1,1,-1,-1
178,63,366,404,145,401,1,1,-1,-1
178,85,903,-23,401,1200,1,1,-1,-1
178,102,603,305,192,544,1,1,-1,-1
178,176,1337,536,67,148,1,1,-1,-1
179,3,1389,442,95,239,1,1,-1,-1
179,4,507,378,164,402,1,1,-1,-1
179,63,376,403,144,400,1,1,-1,-1
180,3,1390,441,95,240,1,1,-1,-1
180,4,495,387,176,433,1,1,-1,-1
180,177,635,305,196,541,1,1,-1,-1
181,3,1392,441,95,241,1,1,-1,-1
181,4,520,378,164,404,1,1,-1,-1
181,35,-252,179,359,927,1,1,-1,-1
181,177,653,306,195,538,1,1,-1,-1
182,3,1393,440,95,242,1,1,-1,-1
182,4,535,396,212,441,1,1,-1,-1
182,35,-206,183,370,905,1,1,-1,-1
182,177,670,307,195,535,1,1,-1,-1
182,218,1342,538,66,148,1,1,-1,-1
183,3,1394,440,95,242,1,1,-1,-1
183,4,526,377,165,405,1,1,-1,-1
183,23,416,399,144,396,1,1,-1,-1
183,35,-159,188,380,882,1,1,-1,-1
183,177,688,308,194,532,1,1,-1,-1
183,218,1344,537,66,149,1,1,-1,-1
184,3,1395,439,95,244,1,1,-1,-1
184,4,529,376,165,406,1,1,-1,-1
184,23,426,398,144,396,1,1,-1,-1
184,35,-113,193,391,859,1,1,-1,-1
184,147,816,-52,420,1252,1,1,-1,-1
184,177,704,309,193,528,1,1,-1,-1
184,218,1347,537,66,149,1,1,-1,-1
185,3,1396,439,96,244,1,1,-1,-1
185,4,532,376,166,406,1,1,-1,-1
185,23,429,398,143,397,1,1,-1,-1
185,35,-66,198,401,836,1,1,-1,-1
185,56,565,399,227,430,1,1,-1,-1
185,147,799,-56,426,1260,1,1,-1,-1
185,177,717,286,215,587,1,1,-1,-1
185,218,1350,537,66,150,1,1,-1,-1
186,3,1426,422,90,234,1,1,-1,-1
186,4,532,375,167,407,1,1,-1,-1
186,23,433,398,141,398,1,1,-1,-1
186,35,-42,199,394,831,1,1,-1,-1
186,56,590,399,205,425,1,1,-1,-1
186,147,783,-61,431,1269,1,1,-1,-1
186,218,1353,537,66,150,1,1,-1,-1
187,3,1398,438,96,246,1,1,-1,-1
187,4,533,375,167,408,1,1,-1,-1
187,23,436,398,140,399,1,1,-1,-1
187,35,-18,201,387,825,1,1,-1,-1
187,56,615,399,183,420,1,1,-1,-1
187,147,767,-66,436,1278,1,1,-1,-1
187,178,752,312,190,518,1,1,-1,-1
188,3,1399,437,97,247,1,1,-1,-1
188,4,533,375,168,408,1,1,-1,-1
188,23,440,398,138,400,1,1,-1,-1
188,35,-87,235,246,727,1,1,-1,-1
188,56,637,396,168,420,1,1,-1,-1
188,147,750,-70,442,1286,1,1,-1,-1
188,178,764,313,190,515,1,1,-1,-1
189,3,1438,422,96,234,1,1,-1,-1
189,4,534,375,168,409,1,1,-1,-1
189,23,444,398,137,402,1,1,-1,-1
189,35,-65,237,232,724,1,1,-1,-1
189,56,659,393,153,421,1,1,-1,-1
189,147,734,-75,447,1295,1,1,-1,-1
189,178,777,314,189,512,1,1,-1,-1
189,219,31,205,372,813,1,1,-1,-1
190,3,1440,423,103,234,1,1,-1,-1
190,4,542,374,167,410,1,1,-1,-1
190,23,454,396,135,406,1,1,-1,-1
190,35,-43,238,218,722,1,1,-1,-1
190,56,681,391,138,421,1,1,-1,-1
190,147,717,-79,453,1303,1,1,-1,-1
190,178,789,315,189,509,1,1,-1,-1
190,219,56,207,364,807,1,1,-1,-1
191,3,1403,436,97,250,1,1,-1,-1
191,4,550,373,167,411,1,1,-1,-1
191,23,465,395,132,409,1,1,-1,-1
191,35,-21,239,204,720,1,1,-1,-1
191,56,687,391,148,419,1,1,-1,-1
191,178,802,316,188,506,1,1,-1,-1
191,219,80,208,358,802,1,1,-1,-1
192,3,1403,435,98,251,1,1,-1,-1
192,4,558,372,166,412,1,1,-1,-1
192,23,475,394,130,412,1,1,-1,-1
192,35,1,241,190,717,1,1,-1,-1
192,56,694,392,157,417,1,1,-1,-1
192,103,1370,536,66,154,1,1,-1,-1
192,178,814,317,188,503,1,1,-1,-1
192,219,105,210,350,796,1,1,-1,-1
193,3,1404,435,99,251,1,1,-1,-1
193,4,566,372,166,412,1,1,-1,-1
193,23,486,393,128,416,1,1,-1,-1
193,35,16,244,205,709,1,1,-1,-1
193,56,701,392,167,416,1,1,-1,-1
193,103,1372,536,67,154,1,1,-1,-1
193,219,129,212,343,790,1,1,-1,-1
194,3,1405,435,100,251,1,1,-1,-1
194,4,573,372,165,411,1,1,-1,-1
194,23,492,393,134,416,1,1,-1,-1
194,35,31,247,221,702,1,1,-1,-1
194,56,708,393,176,414,1,1,-1,-1
194,103,1375,536,67,154,1,1,-1,-1
195,3,1406,435,101,251,1,1,-1,-1
195,4,580,372,165,411,1,1,-1,-1
195,23,499,394,139,415,1,1,-1,-1
195,35,47,250,236,694,1,1,-1,-1
195,56,715,394,186,412,1,1,-1,-1
195,103,1378,536,67,155,1,1,-1,-1
195,104,850,320,188,494,1,1,-1,-1
196,3,1407,435,102,251,1,1,-1,-1
196,4,587,372,164,410,1,1,-1,-1
196,23,506,394,145,415,1,1,-1,-1
196,56,724,396,182,408,1,1,-1,-1
196,103,1381,536,66,155,1,1,-1,-1
196,104,870,321,172,491,1,1,-1,-1
196,179,1465,425,114,233,1,1,-1,-1
197,3,1408,435,103,252,1,1,-1,-1
197,4,594,372,164,410,1,1,-1,-1
197,23,513,395,150,414,1,1,-1,-1
197,56,733,398,178,404,1,1,-1,-1
197,103,1384,536,66,156,1,1,-1,-1
197,104,890,322,157,488,1,1,-1,-1
197,179,1474,424,106,233,1,1,-1,-1
198,3,1409,435,104,252,1,1,-1,-1
198,4,601,372,163,409,1,1,-1,-1
198,23,520,396,156,413,1,1,-1,-1
198,103,1387,536,66,156,1,1,-1,-1
198,104,911,323,141,486,1,1,-1,-1
198,179,1482,423,98,234,1,1,-1,-1
199,3,1410,435,105,252,1,1,-1,-1
199,4,608,372,162,409,1,1,-1,-1
199,23,529,395,157,411,1,1,-1,-1
199,103,1389,536,67,156,1,1,-1,-1
199,104,919,325,163,481,1,1,-1,-1
199,179,1491,422,90,234,1,1,-1,-1
200,3,1411,435,106,252,1,1,-1,-1
200,4,615,372,161,408,1,1,-1,-1
200,23,538,395,159,409,1,1,-1,-1
200,36,254,231,346,737,1,1,-1,-1
200,103,1392,536,67,157,1,1,-1,-1
200,104,927,327,185,477,1,1,-1,-1
200,179,1500,422,82,234,1,1,-1,-1
201,3,1412,435,107,252,1,1,-1,-1
201,4,622,372,160,408,1,1,-1,-1
201,36,275,232,339,731,1,1,-1,-1
201,104,935,329,207,473,1,1,-1,-1
201,179,1505,422,82,233,1,1,-1,-1
202,3,1413,435,108,253,1,1,-1,-1
202,4,557,394,161,406,1,1,-1,-1
202,36,297,234,331,724,1,1,-1,-1
202,104,944,332,228,468,1,1,-1,-1
203,4,636,372,159,407,1,1,-1,-1
203,36,319,236,323,717,1,1,-1,-1
203,104,951,332,220,466,1,1,-1,-1
204,4,576,394,164,402,1,1,-1,-1
204,36,341,238,316,710,1,1,-1,-1
204,86,1381,402,129,311,1,1,-1,-1
204,220,1403,535,67,159,1,1,-1,-1
205,4,650,372,158,406,1,1,-1,-1
205,36,363,240,308,704,1,1,-1,-1
205,86,1422,432,105,258,1,1,-1,-1
205,220,1406,535,67,160,1,1,-1,-1
205,221,246,267,211,637,1,1,-1,-1
206,4,605,389,151,410,1,1,-1,-1
206,36,384,241,301,698,1,1,-1,-1
206,86,1425,431,104,259,1,1,-1,-1
206,220,1409,535,67,160,1,1,-1,-1
206,221,262,270,215,634,1,1,-1,-1
207,4,620,387,144,414,1,1,-1,-1
207,36,406,243,294,691,1,1,-1,-1
207,86,1428,430,104,261,1,1,-1,-1
207,220,1412,535,67,161,1,1,-1,-1
207,221,278,274,219,630,1,1,-1,-1
208,4,635,385,137,418,1,1,-1,-1
208,36,428,245,286,684,1,1,-1,-1
208,86,1431,429,103,263,1,1,-1,-1
208,220,1415,535,67,161,1,1,-1,-1
208,221,294,278,224,626,1,1,-1,-1
209,4,678,372,156,406,1,1,-1,-1
209,36,450,247,278,677,1,1,-1,-1
209,86,1434,428,102,264,1,1,-1,-1
209,221,301,278,239,623,1,1,-1,-1
210,4,641,385,173,417,1,1,-1,-1
210,36,472,249,271,671,1,1,-1,-1
210,37,-83,261,342,776,1,1,-1,-1
210,86,1437,427,101,266,1,1,-1,-1
210,148,1420,535,67,162,1,1,-1,-1
211,4,645,385,190,416,1,1,-1,-1
211,36,486,250,295,667,1,1,-1,-1
211,37,-66,261,337,773,1,1,-1,-1
211,86,1441,426,100,268,1,1,-1,-1
211,148,1423,536,66,162,1,1,-1,-1
211,222,316,279,270,616,1,1,-1,-1
212,4,705,368,171,404,1,1,-1,-1
212,36,500,252,319,662,1,1,-1,-1
212,37,-48,262,332,769,1,1,-1,-1
212,86,1444,426,101,268,1,1,-1,-1
212,148,1426,536,65,163,1,1,-1,-1
212,222,324,279,285,613,1,1,-1,-1
213,4,714,367,177,403,1,1,-1,-1
213,36,515,255,309,659,1,1,-1,-1
213,37,-105,296,321,653,1,1,-1,-1
213,86,1448,427,101,268,1,1,-1,-1
213,148,1429,537,65,163,1,1,-1,-1
213,149,1567,421,93,229,1,1,-1,-1
213,222,332,280,300,609,1,1,-1,-1
214,4,668,385,213,415,1,1,-1,-1
214,36,523,257,308,655,1,1,-1,-1
214,37,-78,297,310,652,1,1,-1,-1
214,148,1431,537,65,164,1,1,-1,-1
214,149,1576,422,93,229,1,1,-1,-1
214,180,1095,340,200,442,1,1,-1,-1
214,222,366,281,272,606,1,1,-1,-1
215,4,684,385,201,414,1,1,-1,-1
215,37,-50,298,299,652,1,1,-1,-1
215,148,1434,538,64,164,1,1,-1,-1
215,149,1585,422,93,229,1,1,-1,-1
215,150,1454,427,101,268,1,1,-1,-1
215,180,1102,342,196,440,1,1,-1,-1
215,222,400,282,244,603,1,1,-1,-1
216,37,-23,299,289,652,1,1,-1,-1
216,148,1437,538,63,165,1,1,-1,-1
216,149,1594,423,93,229,1,1,-1,-1
216,150,1457,427,100,268,1,1,-1,-1
216,180,1110,344,191,439,1,1,-1,-1
216,223,541,262,306,646,1,1,-1,-1
217,13,734,370,150,404,1,1,-1,-1
217,37,5,301,278,651,1,1,-1,-1
217,105,455,282,206,597,1,1,-1,-1
217,149,1596,423,100,228,1,1,-1,-1
217,150,1459,426,99,268,1,1,-1,-1
217,180,1118,346,186,438,1,1,-1,-1
217,223,561,264,288,642,1,1,-1,-1
218,13,734,384,163,414,1,1,-1,-1
218,37,33,302,266,651,1,1,-1,-1
218,72,1677,422,103,222,1,1,-1,-1
218,105,477,280,195,594,1,1,-1,-1
218,122,1443,538,63,165,1,1,-1,-1
218,149,1599,423,107,228,1,1,-1,-1
218,150,1462,426,98,268,1,1,-1,-1
218,180,1126,349,182,436,1,1,-1,-1
218,223,582,266,270,639,1,1,-1,-1
219,13,748,370,149,403,1,1,-1,-1
219,37,117,276,353,731,1,1,-1,-1
219,72,1686,399,112,241,1,1,-1,-1
219,105,499,278,184,591,1,1,-1,-1
219,122,1446,538,64,165,1,1,-1,-1
219,149,1602,423,114,227,1,1,-1,-1
219,150,1465,426,97,268,1,1,-1,-1
219,180,1133,348,177,434,1,1,-1,-1
219,223,617,264,251,636,1,1,-1,-1
220,13,755,370,148,402,1,1,-1,-1
220,37,88,304,245,651,1,1,-1,-1
220,72,1689,399,112,240,1,1,-1,-1
220,105,506,281,200,587,1,1,-1,-1
220,122,1449,538,65,165,1,1,-1,-1
220,150,1468,426,99,268,1,1,-1,-1
220,223,652,263,232,633,1,1,-1,-1
221,13,762,370,148,402,1,1,-1,-1
221,37,116,306,234,650,1,1,-1,-1
221,72,1692,400,111,239,1,1,-1,-1
221,105,514,285,216,583,1,1,-1,-1
221,122,1453,537,64,166,1,1,-1,-1
221,150,1472,426,100,268,1,1,-1,-1
221,181,1149,347,167,431,1,1,-1,-1
222,13,769,370,147,401,1,1,-1,-1
222,37,120,309,274,645,1,1,-1,-1
222,72,1695,400,111,239,1,1,-1,-1
222,73,1123,434,98,222,1,1,-1,-1
222,105,522,288,231,580,1,1,-1,-1
222,122,1456,537,65,166,1,1,-1,-1
222,181,1134,322,185,491,1,1,-1,-1
223,13,776,370,146,401,1,1,-1,-1
223,37,125,313,314,640,1,1,-1,-1
223,72,1699,400,110,239,1,1,-1,-1
223,73,1126,433,96,223,1,1,-1,-1
223,105,530,292,247,576,1,1,-1,-1
223,122,1459,537,66,166,1,1,-1,-1
223,181,1164,345,157,428,1,1,-1,-1
224,13,783,370,145,400,1,1,-1,-1
224,37,197,287,370,699,1,1,-1,-1
224,72,1702,400,110,238,1,1,-1,-1
224,73,1130,433,94,223,1,1,-1,-1
224,105,546,291,235,573,1,1,-1,-1
224,122,1462,536,66,167,1,1,-1,-1
224,181,1172,345,152,426,1,1,-1,-1
225,13,790,370,144,400,1,1,-1,-1
225,72,1705,401,109,237,1,1,-1,-1
225,73,1134,433,91,223,1,1,-1,-1
225,105,563,291,222,570,1,1,-1,-1
225,122,1466,536,66,167,1,1,-1,-1
225,181,1175,345,151,423,1,1,-1,-1
226,13,797,370,143,399,1,1,-1,-1
226,72,1708,401,109,237,1,1,-1,-1
226,73,1138,432,89,224,1,1,-1,-1
226,181,1178,345,150,421,1,1,-1,-1
226,224,1642,422,108,226,1,1,-1,-1
227,13,795,397,133,372,1,1,-1,-1
227,38,597,291,197,563,1,1,-1,-1
227,39,1070,418,137,337,1,1,-1,-1
227,72,1711,401,109,236,1,1,-1,-1
227,73,1142,432,86,224,1,1,-1,-1
227,224,1652,422,96,226,1,1,-1,-1
228,13,811,370,142,398,1,1,-1,-1
228,38,614,291,184,560,1,1,-1,-1
228,39,1076,419,141,335,1,1,-1,-1
228,72,1714,401,109,236,1,1,-1,-1
228,73,1146,432,84,225,1,1,-1,-1
228,224,1662,422,84,226,1,1,-1,-1
229,13,818,370,142,398,1,1,-1,-1
229,38,631,291,171,557,1,1,-1,-1
229,39,1082,421,145,333,1,1,-1,-1
229,73,1153,432,87,226,1,1,-1,-1
229,87,1479,535,68,168,1,1,-1,-1
229,224,1670,421,85,226,1,1,-1,-1
230,13,825,369,141,398,1,1,-1,-1
230,38,648,291,159,554,1,1,-1,-1
230,39,1092,420,139,331,1,1,-1,-1
230,73,1160,432,91,228,1,1,-1,-1
230,87,1482,534,68,169,1,1,-1,-1
230,182,1720,402,108,235,1,1,-1,-1
230,224,1679,421,85,226,1,1,-1,-1
231,13,801,360,201,425,1,1,-1,-1
231,38,656,294,173,548,1,1,-1,-1
231,39,1102,419,133,330,1,1,-1,-1
231,73,1167,432,94,230,1,1,-1,-1
231,87,1461,536,71,174,1,1,-1,-1
231,182,1723,402,108,234,1,1,-1,-1
232,13,839,368,140,398,1,1,-1,-1
232,38,664,297,188,543,1,1,-1,-1
232,39,1112,418,128,329,1,1,-1,-1
232,73,1174,432,98,232,1,1,-1,-1
232,87,1489,534,69,169,1,1,-1,-1
232,182,1692,421,85,225,1,1,-1,-1
233,13,846,368,140,398,1,1,-1,-1
233,38,672,300,203,537,1,1,-1,-1
233,39,1122,417,122,327,1,1,-1,-1
233,87,1492,533,74,170,1,1,-1,-1
233,182,1696,421,85,225,1,1,-1,-1
234,13,853,368,139,398,1,1,-1,-1
234,17,463,302,275,644,1,1,-1,-1
234,28,1497,434,91,246,1,1,-1,-1
234,38,680,303,217,532,1,1,-1,-1
234,39,1132,416,116,326,1,1,-1,-1
234,87,1496,533,79,171,1,1,-1,-1
234,182,1733,403,106,232,1,1,-1,-1
235,13,860,368,138,398,1,1,-1,-1
235,17,479,307,283,638,1,1,-1,-1
235,28,1518,424,100,275,1,1,-1,-1
235,38,688,306,232,526,1,1,-1,-1
235,39,1142,415,111,325,1,1,-1,-1
235,87,1499,533,85,171,1,1,-1,-1
235,182,1704,421,85,225,1,1,-1,-1
236,13,867,368,137,398,1,1,-1,-1
236,17,490,305,276,634,1,1,-1,-1
236,28,1521,423,98,276,1,1,-1,-1
236,38,696,309,247,521,1,1,-1,-1
236,39,1148,416,111,324,1,1,-1,-1
236,57,1260,352,144,403,1,1,-1,-1
236,87,1503,532,90,173,1,1,-1,-1
237,13,906,394,157,383,1,1,-1,-1
237,17,502,303,268,630,1,1,-1,-1
237,28,1524,423,95,276,1,1,-1,-1
237,38,705,312,261,516,1,1,-1,-1
237,39,1154,417,111,323,1,1,-1,-1
237,57,1264,352,152,402,1,1,-1,-1
237,87,1506,532,96,173,1,1,-1,-1
238,13,880,367,136,403,1,1,-1,-1
238,17,416,318,260,575,1,1,-1,-1
238,28,1527,423,93,277,1,1,-1,-1
238,38,712,311,254,515,1,1,-1,-1
238,39,1160,418,112,322,1,1,-1,-1
238,57,1269,353,160,400,1,1,-1,-1
238,87,1510,532,101,174,1,1,-1,-1
239,13,887,367,136,407,1,1,-1,-1
239,17,549,304,235,616,1,1,-1,-1
239,28,1530,422,90,278,1,1,-1,-1
239,38,720,311,246,514,1,1,-1,-1
239,39,1166,419,112,321,1,1,-1,-1
239,46,1748,404,105,230,1,1,-1,-1
239,57,1273,353,161,398,1,1,-1,-1
240,13,926,396,162,377,1,1,-1,-1
240,17,584,306,210,606,1,1,-1,-1
240,28,1533,422,88,278,1,1,-1,-1
240,38,728,311,238,513,1,1,-1,-1
240,39,1172,420,112,320,1,1,-1,-1
240,46,1732,422,86,222,1,1,-1,-1
240,57,1278,354,161,396,1,1,-1,-1
241,13,901,367,135,407,1,1,-1,-1
241,17,483,320,210,565,1,1,-1,-1
241,28,1537,422,85,279,1,1,-1,-1
241,38,749,311,221,512,1,1,-1,-1
241,39,1179,422,112,319,1,1,-1,-1
241,46,1738,422,86,222,1,1,-1,-1
241,57,1283,354,161,394,1,1,-1,-1
242,13,908,367,134,404,1,1,-1,-1
242,17,505,321,193,561,1,1,-1,-1
242,28,1537,421,85,280,1,1,-1,-1
242,46,1744,423,86,221,1,1,-1,-1
242,57,1288,355,161,392,1,1,-1,-1
243,1,791,311,187,511,1,1,-1,-1
243,17,528,321,176,559,1,1,-1,-1
243,28,1537,421,86,280,1,1,-1,-1
243,46,1750,423,86,221,1,1,-1,-1
243,57,1293,355,161,390,1,1,-1,-1
244,1,812,312,170,510,1,1,-1,-1
244,17,550,322,159,555,1,1,-1,-1
244,28,1538,421,85,280,1,1,-1,-1
244,46,1756,424,86,220,1,1,-1,-1
244,47,922,367,133,398,1,1,-1,-1
244,57,1298,356,162,388,1,1,-1,-1
244,183,638,312,234,590,1,1,-1,-1
244,225,1190,428,98,240,1,1,-1,-1
245,1,826,312,163,506,1,1,-1,-1
245,17,573,323,142,552,1,1,-1,-1
245,28,1538,421,86,280,1,1,-1,-1
245,46,1767,406,102,226,1,1,-1,-1
245,47,970,399,159,364,1,1,-1,-1
245,57,1302,356,152,388,1,1,-1,-1
245,183,645,313,250,588,1,1,-1,-1
245,225,1191,428,98,240,1,1,-1,-1
246,1,840,312,157,502,1,1,-1,-1
246,17,579,324,179,547,1,1,-1,-1
246,28,1539,421,85,280,1,1,-1,-1
246,46,1762,424,86,219,1,1,-1,-1
246,47,937,368,131,393,1,1,-1,-1
246,57,1307,357,141,387,1,1,-1,-1
246,183,651,314,266,586,1,1,-1,-1
246,225,1193,428,98,240,1,1,-1,-1
247,1,854,312,151,498,1,1,-1,-1
247,17,585,325,217,543,1,1,-1,-1
247,28,1539,420,86,281,1,1,-1,-1
247,46,1765,424,86,218,1,1,-1,-1
247,47,988,400,156,360,1,1,-1,-1
247,57,1312,358,130,386,1,1,-1,-1
247,183,658,315,282,584,1,1,-1,-1
247,225,1194,428,98,240,1,1,-1,-1
248,1,868,312,145,495,1,1,-1,-1
248,17,591,326,255,539,1,1,-1,-1
248,28,1540,420,85,281,1,1,-1,-1
248,46,1768,424,86,218,1,1,-1,-1
248,47,951,368,129,392,1,1,-1,-1
248,57,1316,358,130,385,1,1,-1,-1
248,183,665,317,298,581,1,1,-1,-1
248,225,1196,428,98,240,1,1,-1,-1
249,1,873,314,148,492,1,1,-1,-1
249,17,602,327,251,535,1,1,-1,-1
249,28,1540,420,86,282,1,1,-1,-1
249,46,1771,423,96,217,1,1,-1,-1
249,47,958,368,128,392,1,1,-1,-1
249,183,694,317,277,579,1,1,-1,-1
250,1,879,316,151,490,1,1,-1,-1
250,17,613,328,248,532,1,1,-1,-1
250,20,1237,424,112,303,1,1,-1,-1
250,46,1774,423,107,215,1,1,-1,-1
250,47,964,368,128,391,1,1,-1,-1
251,1,753,318,235,574,1,1,-1,-1
251,17,624,329,244,529,1,1,-1,-1
251,20,1244,426,116,301,1,1,-1,-1
251,46,1778,423,117,214,1,1,-1,-1
251,47,884,318,154,487,1,1,-1,-1
251,184,1330,360,128,380,1,1,-1,-1
252,1,782,319,214,571,1,1,-1,-1
252,17,636,331,240,525,1,1,-1,-1
252,20,1251,429,121,298,1,1,-1,-1
252,46,1782,422,113,215,1,1,-1,-1
252,47,890,320,157,485,1,1,-1,-1
252,184,1335,360,127,379,1,1,-1,-1
253,1,812,320,193,569,1,1,-1,-1
253,17,656,332,225,522,1,1,-1,-1
253,20,1248,426,121,300,1,1,-1,-1
253,47,895,322,160,482,1,1,-1,-1
253,184,1340,361,127,378,1,1,-1,-1
254,1,824,321,198,565,1,1,-1,-1
254,10,1793,409,99,220,1,1,-1,-1
254,17,677,333,209,519,1,1,-1,-1
254,20,1246,424,120,302,1,1,-1,-1
254,47,893,273,191,564,1,1,-1,-1
254,106,1054,401,142,350,1,1,-1,-1
254,184,1345,361,126,377,1,1,-1,-1
255,1,836,323,203,560,1,1,-1,-1
255,10,1795,410,99,219,1,1,-1,-1
255,20,1244,422,120,304,1,1,-1,-1
255,47,912,324,161,478,1,1,-1,-1
255,106,1064,402,140,348,1,1,-1,-1
255,184,1350,362,126,376,1,1,-1,-1
256,1,849,324,207,557,1,1,-1,-1
256,10,1797,410,99,218,1,1,-1,-1
256,20,1204,426,100,246,1,1,-1,-1
256,47,923,324,160,476,1,1,-1,-1
256,106,1073,402,138,346,1,1,-1,-1
256,184,1354,362,126,375,1,1,-1,-1
257,1,934,324,158,474,1,1,-1,-1
257,10,1800,411,98,217,1,1,-1,-1
257,20,1204,426,100,247,1,1,-1,-1
257,47,875,372,181,471,1,1,-1,-1
257,106,1082,402,137,345,1,1,-1,-1
258,1,1016,368,126,383,1,1,-1,-1
258,10,1802,411,98,216,1,1,-1,-1
258,20,1204,426,101,248,1,1,-1,-1
258,106,1091,402,135,343,1,1,-1,-1
259,1,957,324,154,471,1,1,-1,-1
259,10,1805,412,97,215,1,1,-1,-1
259,20,1204,426,101,249,1,1,-1,-1
259,106,1100,402,134,342,1,1,-1,-1
260,1,908,328,212,540,1,1,-1,-1
260,10,1822,422,89,217,1,1,-1,-1
260,20,1204,426,102,250,1,1,-1,-1
260,106,1106,402,134,341,1,1,-1,-1
261,1,925,328,210,536,1,1,-1,-1
261,10,1809,413,97,213,1,1,-1,-1
261,20,1204,425,102,252,1,1,-1,-1
261,29,1662,525,87,192,1,1,-1,-1
261,40,1297,427,98,289,1,1,-1,-1
261,106,1112,402,134,340,1,1,-1,-1
261,151,798,343,168,498,1,1,-1,-1
262,1,942,328,208,532,1,1,-1,-1
262,10,1812,414,96,212,1,1,-1,-1
262,20,1204,425,103,253,1,1,-1,-1
262,29,1669,524,83,193,1,1,-1,-1
262,40,1302,428,99,288,1,1,-1,-1
262,106,1118,402,134,339,1,1,-1,-1
262,151,805,345,175,494,1,1,-1,-1
263,1,958,328,200,528,1,1,-1,-1
263,10,1814,414,96,211,1,1,-1,-1
263,20,1204,424,103,255,1,1,-1,-1
263,29,1676,523,79,195,1,1,-1,-1
263,40,1307,429,99,287,1,1,-1,-1
263,151,813,348,182,490,1,1,-1,-1
264,1,1012,327,180,452,1,1,-1,-1
264,10,1796,365,118,260,1,1,-1,-1
264,14,1547,417,88,287,1,1,-1,-1
264,20,1204,424,104,256,1,1,-1,-1
264,29,1680,523,81,195,1,1,-1,-1
264,40,1312,430,100,286,1,1,-1,-1
264,151,820,350,189,487,1,1,-1,-1
265,1,990,329,184,521,1,1,-1,-1
265,10,1819,415,95,209,1,1,-1,-1
265,14,1548,417,87,287,1,1,-1,-1
265,20,1204,423,104,258,1,1,-1,-1
265,29,1684,523,83,196,1,1,-1,-1
265,40,1317,429,99,285,1,1,-1,-1
265,151,828,353,196,483,1,1,-1,-1
266,1,1029,328,176,451,1,1,-1,-1
266,10,1821,416,95,208,1,1,-1,-1
266,14,1548,417,88,287,1,1,-1,-1
266,20,1204,423,105,259,1,1,-1,-1
266,29,1688,524,85,195,1,1,-1,-1
266,40,1322,428,98,284,1,1,-1,-1
266,151,842,352,188,480,1,1,-1,-1
267,1,1035,329,162,454,1,1,-1,-1
267,10,1824,416,94,207,1,1,-1,-1
267,14,1549,416,87,288,1,1,-1,-1
267,20,1197,467,117,290,1,1,-1,-1
267,29,1692,524,88,196,1,1,-1,-1
267,40,1327,427,98,283,1,1,-1,-1
267,151,856,351,181,477,1,1,-1,-1
268,1,1081,371,124,368,1,1,-1,-1
268,10,1826,417,94,206,1,1,-1,-1
268,14,1586,391,92,303,1,1,-1,-1
268,20,1156,402,132,335,1,1,-1,-1
268,29,1697,525,89,195,1,1,-1,-1
268,40,1332,426,97,282,1,1,-1,-1
269,1,1088,372,124,366,1,1,-1,-1
269,10,1844,423,82,211,1,1,-1,-1
269,14,1550,416,87,288,1,1,-1,-1
269,20,1163,402,131,334,1,1,-1,-1
269,29,1701,525,91,196,1,1,-1,-1
269,40,1337,426,97,280,1,1,-1,-1
270,1,1094,372,124,365,1,1,-1,-1
270,10,1845,423,82,210,1,1,-1,-1
270,14,1550,416,88,288,1,1,-1,-1
270,29,1705,525,94,196,1,1,-1,-1
270,40,1341,426,98,279,1,1,-1,-1
271,1,1101,373,124,363,1,1,-1,-1
271,10,1833,418,93,202,1,1,-1,-1
271,14,1551,416,88,289,1,1,-1,-1
271,24,1176,402,130,332,1,1,-1,-1
271,29,1709,526,96,196,1,1,-1,-1
271,40,1346,427,99,277,1,1,-1,-1
271,107,1219,320,166,469,1,1,-1,-1
272,1,1107,373,124,362,1,1,-1,-1
272,10,1835,418,93,201,1,1,-1,-1
272,14,1552,418,91,286,1,1,-1,-1
272,24,1182,402,130,331,1,1,-1,-1
272,29,1713,526,98,196,1,1,-1,-1
272,40,1351,428,100,275,1,1,-1,-1
272,107,1226,319,170,466,1,1,-1,-1
273,1,1114,374,124,360,1,1,-1,-1
273,10,1850,425,83,206,1,1,-1,-1
273,14,1554,421,94,283,1,1,-1,-1
273,24,1188,402,131,330,1,1,-1,-1
273,29,1718,527,100,196,1,1,-1,-1
273,40,1356,428,101,274,1,1,-1,-1
273,107,1234,319,173,463,1,1,-1,-1
274,1,1091,333,147,448,1,1,-1,-1
274,10,1851,425,84,205,1,1,-1,-1
274,14,1555,423,97,281,1,1,-1,-1
274,24,1194,402,131,329,1,1,-1,-1
274,29,1720,526,99,198,1,1,-1,-1
274,40,1361,429,102,272,1,1,-1,-1
274,107,1242,319,176,459,1,1,-1,-1
274,185,1442,379,106,336,1,1,-1,-1
275,1,1099,333,147,446,1,1,-1,-1
275,10,1841,419,92,197,1,1,-1,-1
275,14,1557,426,100,278,1,1,-1,-1
275,24,1200,402,132,328,1,1,-1,-1
275,29,1722,526,98,200,1,1,-1,-1
275,40,1366,430,103,271,1,1,-1,-1
275,107,1250,319,179,456,1,1,-1,-1
275,185,1449,382,102,330,1,1,-1,-1
276,1,1108,334,146,444,1,1,-1,-1
276,10,1843,419,92,196,1,1,-1,-1
276,14,1559,428,103,276,1,1,-1,-1
276,24,1202,418,112,272,1,1,-1,-1
276,29,1724,526,97,202,1,1,-1,-1
276,107,1258,319,183,453,1,1,-1,-1
276,185,1452,380,105,333,1,1,-1,-1
277,1,1137,340,175,484,1,1,-1,-1
277,10,1845,419,92,195,1,1,-1,-1
277,14,1560,431,106,272,1,1,-1,-1
277,24,1202,418,112,273,1,1,-1,-1
277,107,1263,321,183,450,1,1,-1,-1
277,185,1455,378,108,336,1,1,-1,-1
278,1,1126,338,144,437,1,1,-1,-1
278,10,1847,419,91,194,1,1,-1,-1
278,14,1562,433,109,270,1,1,-1,-1
278,24,1202,418,113,274,1,1,-1,-1
278,107,1269,323,182,448,1,1,-1,-1
278,185,1458,376,111,339,1,1,-1,-1
279,1,1135,341,144,433,1,1,-1,-1
279,10,1849,419,91,193,1,1,-1,-1
279,14,1563,436,112,267,1,1,-1,-1
279,24,1226,402,130,326,1,1,-1,-1
279,107,1274,326,182,445,1,1,-1,-1
279,185,1462,374,114,342,1,1,-1,-1
280,1,1140,340,144,433,1,1,-1,-1
280,10,1851,419,91,192,1,1,-1,-1
280,14,1565,438,115,265,1,1,-1,-1
280,24,1202,418,114,276,1,1,-1,-1
281,1,1145,340,144,432,1,1,-1,-1
281,10,1865,423,77,204,1,1,-1,-1
281,14,1567,441,118,262,1,1,-1,-1
281,24,1201,417,115,278,1,1,-1,-1
281,58,1468,383,112,326,1,1,-1,-1
281,123,1285,330,181,441,1,1,-1,-1
281,226,1239,402,129,324,1,1,-1,-1
282,1,1151,340,143,431,1,1,-1,-1
282,14,1569,446,117,257,1,1,-1,-1
282,24,1245,402,129,323,1,1,-1,-1
282,58,1471,387,111,318,1,1,-1,-1
282,123,1291,333,181,438,1,1,-1,-1
282,152,1408,433,83,258,1,1,-1,-1
282,226,1201,417,116,279,1,1,-1,-1
283,1,1179,376,121,347,1,1,-1,-1
283,14,1571,451,116,252,1,1,-1,-1
283,24,1228,355,160,403,1,1,-1,-1
283,58,1475,392,110,310,1,1,-1,-1
283,59,1858,420,90,189,1,1,-1,-1
283,123,1292,332,180,435,1,1,-1,-1
283,152,1410,434,84,258,1,1,-1,-1
283,226,1238,432,106,254,1,1,-1,-1
284,1,1162,340,142,430,1,1,-1,-1
284,14,1573,456,116,247,1,1,-1,-1
284,24,1198,346,188,470,1,1,-1,-1
284,58,1481,388,110,315,1,1,-1,-1
284,59,1861,420,89,189,1,1,-1,-1
284,108,1258,402,128,321,1,1,-1,-1
284,123,1293,331,180,433,1,1,-1,-1
284,152,1412,435,85,257,1,1,-1,-1
284,226,1200,416,118,282,1,1,-1,-1
285,1,1167,340,138,427,1,1,-1,-1
285,14,1575,461,115,242,1,1,-1,-1
285,24,1208,347,187,468,1,1,-1,-1
285,58,1487,385,110,320,1,1,-1,-1
285,59,1863,420,89,189,1,1,-1,-1
285,108,1264,402,128,320,1,1,-1,-1
285,123,1295,330,178,431,1,1,-1,-1
285,152,1414,436,86,257,1,1,-1,-1
285,226,1200,415,118,284,1,1,-1,-1
286,1,1172,341,135,423,1,1,-1,-1
286,14,1577,467,115,236,1,1,-1,-1
286,24,1218,348,186,466,1,1,-1,-1
286,58,1493,381,110,325,1,1,-1,-1
286,59,1866,420,88,189,1,1,-1,-1
286,108,1270,402,128,319,1,1,-1,-1
286,123,1296,329,178,429,1,1,-1,-1
286,152,1416,437,87,256,1,1,-1,-1
287,1,1177,342,131,420,1,1,-1,-1
287,14,1579,472,114,231,1,1,-1,-1
287,24,1230,347,185,464,1,1,-1,-1
287,58,1500,378,110,330,1,1,-1,-1
287,59,1869,420,87,188,1,1,-1,-1
287,108,1276,402,128,318,1,1,-1,-1
287,123,1298,329,177,426,1,1,-1,-1
287,152,1419,438,88,256,1,1,-1,-1
288,1,1182,343,128,416,1,1,-1,-1
288,14,1581,477,113,226,1,1,-1,-1
288,24,1242,347,184,461,1,1,-1,-1
288,58,1504,379,109,325,1,1,-1,-1
288,59,1871,420,87,188,1,1,-1,-1
288,108,1282,402,128,317,1,1,-1,-1
288,123,1303,329,177,424,1,1,-1,-1
288,152,1424,437,87,255,1,1,-1,-1
289,1,1187,344,125,413,1,1,-1,-1
289,14,1583,482,113,221,1,1,-1,-1
289,48,1068,364,176,425,1,1,-1,-1
289,58,1509,381,108,319,1,1,-1,-1
289,59,1874,420,86,188,1,1,-1,-1
289,108,1289,402,127,317,1,1,-1,-1
290,1,1192,345,128,411,1,1,-1,-1
290,12,1266,347,182,456,1,1,-1,-1
290,48,1076,365,180,424,1,1,-1,-1
290,58,1514,382,107,314,1,1,-1,-1
290,59,1877,420,85,188,1,1,-1,-1
290,108,1295,402,127,316,1,1,-1,-1
290,109,1697,524,113,207,1,1,-1,-1
291,1,1198,347,131,408,1,1,-1,-1
291,12,1279,347,180,454,1,1,-1,-1
291,48,1075,364,171,422,1,1,-1,-1
291,58,1519,384,106,308,1,1,-1,-1
291,59,1884,424,70,198,1,1,-1,-1
291,108,1302,402,126,316,1,1,-1,-1
291,109,1739,546,94,173,1,1,-1,-1
292,1,1203,349,135,406,1,1,-1,-1
292,12,1287,350,180,451,1,1,-1,-1
292,48,1074,363,163,421,1,1,-1,-1
292,58,1524,385,112,308,1,1,-1,-1
292,59,1883,423,66,197,1,1,-1,-1
292,108,1308,402,126,315,1,1,-1,-1
292,109,1693,524,113,207,1,1,-1,-1
293,1,1209,351,138,403,1,1,-1,-1
293,12,1295,353,180,448,1,1,-1,-1
293,48,1074,362,154,420,1,1,-1,-1
293,58,1529,387,119,307,1,1,-1,-1
293,59,1883,422,62,197,1,1,-1,-1
293,109,1691,524,114,207,1,1,-1,-1
293,124,1588,497,114,206,1,1,-1,-1
294,1,1215,353,141,401,1,1,-1,-1
294,12,1304,356,180,446,1,1,-1,-1
294,48,1081,362,151,418,1,1,-1,-1
294,59,1883,422,58,196,1,1,-1,-1
294,109,1691,524,113,207,1,1,-1,-1
294,124,1588,499,115,204,1,1,-1,-1
294,186,1451,435,91,252,1,1,-1,-1
295,1,1220,352,140,400,1,1,-1,-1
295,12,1351,342,162,407,1,1,-1,-1
295,48,1089,363,148,416,1,1,-1,-1
295,59,1882,422,59,196,1,1,-1,-1
295,74,1539,390,132,306,1,1,-1,-1
295,109,1692,524,111,207,1,1,-1,-1
295,124,1588,501,117,202,1,1,-1,-1
295,186,1454,436,95,250,1,1,-1,-1
296,1,1225,352,139,399,1,1,-1,-1
296,12,1409,399,134,338,1,1,-1,-1
296,48,1097,364,145,413,1,1,-1,-1
296,74,1544,391,138,306,1,1,-1,-1
296,109,1693,524,109,207,1,1,-1,-1
296,124,1588,503,119,200,1,1,-1,-1
296,186,1457,436,99,250,1,1,-1,-1
297,1,1230,352,139,397,1,1,-1,-1
297,12,1368,350,153,400,1,1,-1,-1
297,48,1105,365,141,411,1,1,-1,-1
297,74,1550,393,144,306,1,1,-1,-1
297,109,1694,524,107,207,1,1,-1,-1
297,124,1588,505,120,198,1,1,-1,-1
297,186,1460,437,103,249,1,1,-1,-1
298,1,1235,351,138,397,1,1,-1,-1
298,12,1342,360,178,436,1,1,-1,-1
298,48,1113,366,138,408,1,1,-1,-1
298,74,1555,392,137,302,1,1,-1,-1
298,109,1695,524,105,207,1,1,-1,-1
298,124,1588,507,122,196,1,1,-1,-1
298,186,1464,436,101,249,1,1,-1,-1
299,1,1240,351,138,395,1,1,-1,-1
299,12,1348,359,177,434,1,1,-1,-1
299,48,1121,367,135,406,1,1,-1,-1
299,74,1560,391,131,299,1,1,-1,-1
299,124,1588,509,123,194,1,1,-1,-1
299,186,1469,436,98,248,1,1,-1,-1
300,1,1245,351,137,394,1,1,-1,-1
300,8,1194,408,126,304,1,1,-1,-1
300,12,1354,358,176,432,1,1,-1,-1
300,48,1127,367,137,405,1,1,-1,-1
300,74,1566,390,124,296,1,1,-1,-1
300,124,1588,511,125,192,1,1,-1,-1
300,153,1697,524,102,207,1,1,-1,-1
301,1,1296,382,118,322,1,1,-1,-1
301,8,1192,407,127,305,1,1,-1,-1
301,12,1360,358,175,429,1,1,-1,-1
301,48,1133,367,140,404,1,1,-1,-1
301,74,1571,389,118,293,1,1,-1,-1
301,153,1698,524,100,207,1,1,-1,-1
302,1,1300,382,118,321,1,1,-1,-1
302,8,1191,407,127,306,1,1,-1,-1
302,12,1396,350,150,395,1,1,-1,-1
302,48,1139,368,143,402,1,1,-1,-1
302,74,1577,388,111,290,1,1,-1,-1
302,153,1699,524,98,207,1,1,-1,-1
302,187,1587,509,126,194,1,1,-1,-1
303,1,1248,355,137,390,1,1,-1,-1
303,8,1189,406,128,307,1,1,-1,-1
303,12,1368,358,173,427,1,1,-1,-1
303,74,1582,387,105,287,1,1,-1,-1
303,153,1700,524,96,207,1,1,-1,-1
303,187,1587,506,125,197,1,1,-1,-1
304,1,1309,383,117,318,1,1,-1,-1
304,8,1188,406,128,308,1,1,-1,-1
304,12,1373,359,172,425,1,1,-1,-1
304,74,1588,386,98,284,1,1,-1,-1
304,153,1701,524,94,207,1,1,-1,-1
304,187,1587,503,123,200,1,1,-1,-1
304,227,1493,435,84,246,1,1,-1,-1
305,1,1258,358,130,386,1,1,-1,-1
305,8,1187,405,128,309,1,1,-1,-1
305,12,1377,359,171,424,1,1,-1,-1
305,74,1590,386,98,290,1,1,-1,-1
305,153,1702,524,93,207,1,1,-1,-1
305,187,1587,500,122,204,1,1,-1,-1
305,227,1496,434,84,246,1,1,-1,-1
306,1,1269,358,123,384,1,1,-1,-1
306,8,1186,405,129,310,1,1,-1,-1
306,12,1382,360,170,422,1,1,-1,-1
306,153,1700,524,94,207,1,1,-1,-1
306,187,1586,496,122,208,1,1,-1,-1
306,227,1500,434,83,245,1,1,-1,-1
307,1,1279,358,117,382,1,1,-1,-1
307,8,1185,404,129,311,1,1,-1,-1
307,12,1387,360,169,420,1,1,-1,-1
307,187,1586,493,120,211,1,1,-1,-1
307,227,1504,434,82,244,1,1,-1,-1
307,228,1324,386,115,313,1,1,-1,-1
308,1,1290,359,110,380,1,1,-1,-1
308,8,1184,404,130,312,1,1,-1,-1
308,12,1392,360,169,418,1,1,-1,-1
308,75,1599,389,99,296,1,1,-1,-1
308,227,1508,434,81,243,1,1,-1,-1
308,228,1329,387,114,311,1,1,-1,-1
309,1,1292,360,110,378,1,1,-1,-1
309,8,1175,370,123,388,1,1,-1,-1
309,12,1398,360,167,416,1,1,-1,-1
309,75,1604,390,99,291,1,1,-1,-1
309,228,1334,388,114,310,1,1,-1,-1
310,1,1294,362,111,376,1,1,-1,-1
310,8,1181,403,131,314,1,1,-1,-1
310,12,1403,360,167,414,1,1,-1,-1
310,75,1609,391,99,285,1,1,-1,-1
310,188,1516,435,80,241,1,1,-1,-1
310,228,1339,389,113,308,1,1,-1,-1
311,1,1296,363,111,375,1,1,-1,-1
311,8,1173,373,135,386,1,1,-1,-1
311,12,1409,361,166,412,1,1,-1,-1
311,75,1615,392,98,280,1,1,-1,-1
311,188,1520,436,80,240,1,1,-1,-1
311,228,1344,390,113,307,1,1,-1,-1
312,1,1349,391,112,305,1,1,-1,-1
312,8,1172,374,141,385,1,1,-1,-1
312,12,1410,361,166,411,1,1,-1,-1
312,75,1618,392,98,282,1,1,-1,-1
312,188,1524,436,79,239,1,1,-1,-1
313,1,1354,392,112,304,1,1,-1,-1
313,8,1172,376,146,384,1,1,-1,-1
313,12,1412,361,165,410,1,1,-1,-1
313,49,1887,431,64,190,1,1,-1,-1
313,75,1622,393,98,284,1,1,-1,-1
313,188,1528,436,79,239,1,1,-1,-1
314,1,1358,392,112,303,1,1,-1,-1
314,8,1176,377,146,381,1,1,-1,-1
314,12,1419,357,146,375,1,1,-1,-1
314,49,1887,431,64,189,1,1,-1,-1
314,75,1584,470,113,236,1,1,-1,-1
314,188,1532,436,78,238,1,1,-1,-1
315,1,1358,334,135,365,1,1,-1,-1
315,8,1181,378,146,379,1,1,-1,-1
315,12,1415,363,163,406,1,1,-1,-1
315,49,1887,431,65,189,1,1,-1,-1
315,75,1584,467,112,240,1,1,-1,-1
315,188,1536,436,78,238,1,1,-1,-1
316,1,1367,393,112,301,1,1,-1,-1
316,8,1174,400,134,320,1,1,-1,-1
316,12,1417,364,162,404,1,1,-1,-1
316,49,1887,431,66,189,1,1,-1,-1
316,75,1584,464,110,243,1,1,-1,-1
317,1,1420,407,125,312,1,1,-1,-1
317,6,1462,404,116,295,1,1,-1,-1
317,8,1174,400,130,320,1,1,-1,-1
317,49,1887,431,66,188,1,1,-1,-1
317,75,1584,461,109,246,1,1,-1,-1
318,1,1417,351,141,358,1,1,-1,-1
318,6,1468,404,115,294,1,1,-1,-1
318,8,1175,401,126,320,1,1,-1,-1
318,49,1887,431,67,188,1,1,-1,-1
318,75,1583,457,109,251,1,1,-1,-1
319,1,1382,396,111,297,1,1,-1,-1
319,6,1429,360,144,367,1,1,-1,-1
319,8,1176,401,121,321,1,1,-1,-1
319,49,1887,431,68,188,1,1,-1,-1
319,189,1313,369,129,360,1,1,-1,-1
320,1,1387,397,110,295,1,1,-1,-1
320,6,1431,361,144,365,1,1,-1,-1
320,8,1205,381,144,370,1,1,-1,-1
320,49,1887,431,68,187,1,1,-1,-1
320,64,1655,393,127,281,1,1,-1,-1
320,88,1592,456,91,221,1,1,-1,-1
320,154,1480,404,113,293,1,1,-1,-1
320,189,1316,370,132,358,1,1,-1,-1
321,1,1392,398,110,294,1,1,-1,-1
321,6,1433,362,144,363,1,1,-1,-1
321,8,1210,382,144,368,1,1,-1,-1
321,49,1887,431,69,187,1,1,-1,-1
321,64,1659,395,115,279,1,1,-1,-1
321,88,1559,437,78,235,1,1,-1,-1
321,154,1486,405,112,292,1,1,-1,-1
321,189,1313,369,132,356,1,1,-1,-1
322,1,1397,399,109,292,1,1,-1,-1
322,6,1435,362,143,362,1,1,-1,-1
322,8,1170,399,127,324,1,1,-1,-1
322,49,1887,431,70,187,1,1,-1,-1
322,64,1662,396,105,278,1,1,-1,-1
322,88,1562,437,78,235,1,1,-1,-1
322,154,1492,405,111,291,1,1,-1,-1
322,155,1215,383,143,366,1,1,-1,-1
322,189,1311,368,131,354,1,1,-1,-1
323,1,1402,400,108,290,1,1,-1,-1
323,6,1437,363,143,360,1,1,-1,-1
323,8,1167,397,131,326,1,1,-1,-1
323,49,1887,430,69,187,1,1,-1,-1
323,64,1648,530,120,229,1,1,-1,-1
323,88,1566,438,78,234,1,1,-1,-1
323,125,1666,398,94,276,1,1,-1,-1
323,154,1498,406,110,290,1,1,-1,-1
323,155,1220,384,143,364,1,1,-1,-1
323,189,1309,367,131,353,1,1,-1,-1
324,1,1439,364,143,358,1,1,-1,-1
324,6,1366,358,139,375,1,1,-1,-1
324,8,1164,396,136,328,1,1,-1,-1
324,49,1887,430,68,187,1,1,-1,-1
324,64,1670,527,110,206,1,1,-1,-1
324,88,1587,436,102,271,1,1,-1,-1
324,125,1670,398,103,275,1,1,-1,-1
324,154,1503,406,110,289,1,1,-1,-1
324,155,1225,385,142,362,1,1,-1,-1
324,189,1311,368,131,351,1,1,-1,-1
325,1,1440,370,170,384,1,1,-1,-1
325,6,1314,369,131,349,1,1,-1,-1
325,8,1163,395,136,329,1,1,-1,-1
325,49,1888,430,67,186,1,1,-1,-1
325,64,1667,527,112,206,1,1,-1,-1
325,88,1574,438,77,233,1,1,-1,-1
325,125,1674,398,113,274,1,1,-1,-1
325,154,1509,407,109,288,1,1,-1,-1
325,155,1230,386,142,360,1,1,-1,-1
326,1,1439,370,172,382,1,1,-1,-1
326,6,1317,371,130,346,1,1,-1,-1
326,8,1162,395,137,330,1,1,-1,-1
326,49,1888,430,66,186,1,1,-1,-1
326,64,1665,528,114,205,1,1,-1,-1
326,88,1578,438,76,232,1,1,-1,-1
326,125,1679,399,122,272,1,1,-1,-1
326,154,1514,407,109,287,1,1,-1,-1
326,155,1234,386,142,358,1,1,-1,-1
327,1,1441,371,168,380,1,1,-1,-1
327,6,1320,372,130,345,1,1,-1,-1
327,8,1161,394,137,331,1,1,-1,-1
327,64,1666,527,111,205,1,1,-1,-1
327,88,1592,424,98,281,1,1,-1,-1
327,125,1683,399,116,271,1,1,-1,-1
327,155,1239,387,141,356,1,1,-1,-1
328,1,1444,373,163,378,1,1,-1,-1
328,6,1323,374,129,342,1,1,-1,-1
328,8,1160,394,138,332,1,1,-1,-1
328,64,1668,526,108,206,1,1,-1,-1
328,88,1562,399,97,294,1,1,-1,-1
328,125,1688,400,110,269,1,1,-1,-1
328,155,1243,387,141,354,1,1,-1,-1
329,1,1446,367,141,350,1,1,-1,-1
329,6,1326,375,129,340,1,1,-1,-1
329,8,1156,393,139,333,1,1,-1,-1
329,64,1670,526,105,206,1,1,-1,-1
329,88,1527,411,106,279,1,1,-1,-1
329,125,1692,400,104,268,1,1,-1,-1
330,1,1447,368,141,348,1,1,-1,-1
330,6,1253,389,139,350,1,1,-1,-1
330,8,1153,393,139,333,1,1,-1,-1
330,50,1329,377,129,338,1,1,-1,-1
330,64,1672,525,102,207,1,1,-1,-1
330,125,1697,401,98,266,1,1,-1,-1
331,1,1447,369,141,346,1,1,-1,-1
331,5,1598,438,76,230,1,1,-1,-1
331,6,1258,390,139,348,1,1,-1,-1
331,8,1150,392,139,335,1,1,-1,-1
331,50,1333,377,129,337,1,1,-1,-1
331,64,1674,524,99,208,1,1,-1,-1
332,1,1448,370,140,344,1,1,-1,-1
332,5,1601,438,76,229,1,1,-1,-1
332,6,1263,391,138,346,1,1,-1,-1
332,8,1147,392,139,335,1,1,-1,-1
332,50,1338,378,129,336,1,1,-1,-1
333,1,1445,381,149,369,1,1,-1,-1
333,5,1605,439,76,228,1,1,-1,-1
333,6,1268,392,138,344,1,1,-1,-1
333,50,1343,378,129,335,1,1,-1,-1
333,126,1677,523,94,209,1,1,-1,-1
333,229,1710,404,91,260,1,1,-1,-1
334,1,1442,382,148,368,1,1,-1,-1
334,5,1608,439,76,227,1,1,-1,-1
334,6,1273,392,137,343,1,1,-1,-1
334,50,1348,379,128,334,1,1,-1,-1
334,126,1679,522,91,210,1,1,-1,-1
334,127,1146,391,140,337,1,1,-1,-1
334,229,1715,405,90,258,1,1,-1,-1
335,1,1443,382,148,367,1,1,-1,-1
335,5,1612,440,76,226,1,1,-1,-1
335,6,1278,393,137,341,1,1,-1,-1
335,50,1353,379,128,333,1,1,-1,-1
335,126,1681,522,88,210,1,1,-1,-1
335,127,1148,390,141,339,1,1,-1,-1
335,229,1718,404,90,258,1,1,-1,-1
336,1,1451,374,139,337,1,1,-1,-1
336,5,1616,440,75,225,1,1,-1,-1
336,6,1283,393,136,340,1,1,-1,-1
336,50,1358,380,128,332,1,1,-1,-1
336,126,1683,521,85,211,1,1,-1,-1
336,127,1150,390,142,340,1,1,-1,-1
336,229,1721,404,90,257,1,1,-1,-1
337,1,1451,375,139,335,1,1,-1,-1
337,5,1620,440,75,225,1,1,-1,-1
337,6,1288,394,136,338,1,1,-1,-1
337,50,1358,380,124,331,1,1,-1,-1
337,126,1685,521,82,211,1,1,-1,-1
337,127,1147,391,142,341,1,1,-1,-1
337,229,1725,404,89,257,1,1,-1,-1
338,1,1452,376,138,333,1,1,-1,-1
338,5,1580,412,99,275,1,1,-1,-1
338,6,1293,395,135,336,1,1,-1,-1
338,50,1359,381,119,329,1,1,-1,-1
338,126,1684,521,82,210,1,1,-1,-1
338,127,1144,392,142,342,1,1,-1,-1
339,1,1447,383,145,362,1,1,-1,-1
339,5,1617,408,141,297,1,1,-1,-1
339,6,1298,396,135,334,1,1,-1,-1
339,50,1360,381,114,328,1,1,-1,-1
339,126,1683,521,83,210,1,1,-1,-1
339,127,1142,394,141,342,1,1,-1,-1
340,1,1446,382,145,360,1,1,-1,-1
340,5,1588,414,98,273,1,1,-1,-1
340,6,1303,397,134,332,1,1,-1,-1
340,50,1361,382,109,326,1,1,-1,-1
340,126,1683,522,83,209,1,1,-1,-1
340,127,1141,392,142,343,1,1,-1,-1
341,1,1463,378,136,329,1,1,-1,-1
341,5,1588,417,98,269,1,1,-1,-1
341,6,1308,398,134,330,1,1,-1,-1
341,50,1362,383,105,325,1,1,-1,-1
341,127,1141,390,143,345,1,1,-1,-1
342,1,1448,384,143,355,1,1,-1,-1
342,5,1588,419,98,266,1,1,-1,-1
342,6,1312,398,134,328,1,1,-1,-1
342,50,1364,382,112,325,1,1,-1,-1
343,1,1473,379,134,326,1,1,-1,-1
343,5,1588,422,98,262,1,1,-1,-1
343,6,1317,399,134,326,1,1,-1,-1
343,50,1367,382,118,324,1,1,-1,-1
343,110,1644,440,74,224,1,1,-1,-1
344,1,1454,388,140,351,1,1,-1,-1
344,5,1589,425,98,258,1,1,-1,-1
344,6,1321,399,134,324,1,1,-1,-1
344,110,1648,440,73,223,1,1,-1,-1
345,1,1483,380,132,323,1,1,-1,-1
345,5,1596,421,98,262,1,1,-1,-1
345,6,1326,400,134,322,1,1,-1,-1
345,110,1652,441,73,222,1,1,-1,-1
345,111,1137,386,147,351,1,1,-1,-1
346,1,1460,392,138,348,1,1,-1,-1
346,5,1604,417,98,266,1,1,-1,-1
346,6,1331,401,133,320,1,1,-1,-1
346,110,1656,441,72,221,1,1,-1,-1
346,111,1134,387,148,354,1,1,-1,-1
347,1,1460,392,141,344,1,1,-1,-1
347,5,1612,414,98,270,1,1,-1,-1
347,6,1336,402,133,318,1,1,-1,-1
347,110,1660,442,72,220,1,1,-1,-1
347,111,1131,387,149,358,1,1,-1,-1
347,230,1671,403,93,284,1,1,-1,-1
347,231,1756,404,84,252,1,1,-1,-1
348,1,1460,392,144,340,1,1,-1,-1
348,5,1663,442,72,219,1,1,-1,-1
348,6,1368,385,106,321,1,1,-1,-1
348,110,1611,416,98,266,1,1,-1,-1
348,111,1128,388,150,361,1,1,-1,-1
348,230,1678,379,133,324,1,1,-1,-1
348,231,1758,404,88,251,1,1,-1,-1
349,1,1503,382,128,317,1,1,-1,-1
349,5,1667,442,72,219,1,1,-1,-1
349,6,1346,404,132,314,1,1,-1,-1
349,110,1606,417,93,248,1,1,-1,-1
349,111,1126,386,151,363,1,1,-1,-1
349,230,1676,399,122,310,1,1,-1,-1
349,231,1761,405,92,249,1,1,-1,-1
350,1,1460,392,150,332,1,1,-1,-1
350,5,1670,442,72,218,1,1,-1,-1
350,6,1351,404,131,313,1,1,-1,-1
350,110,1609,420,98,258,1,1,-1,-1
350,111,1125,384,152,366,1,1,-1,-1
350,230,1683,398,118,311,1,1,-1,-1
350,231,1764,406,96,248,1,1,-1,-1
351,1,1513,384,126,313,1,1,-1,-1
351,5,1674,442,72,218,1,1,-1,-1
351,6,1361,419,125,297,1,1,-1,-1
351,110,1609,422,98,254,1,1,-1,-1
351,111,1123,382,153,369,1,1,-1,-1
351,190,1675,527,89,204,1,1,-1,-1
351,230,1690,397,114,313,1,1,-1,-1
351,231,1767,405,92,248,1,1,-1,-1
352,1,1467,394,147,330,1,1,-1,-1
352,5,1675,527,89,204,1,1,-1,-1
352,6,1361,405,130,310,1,1,-1,-1
352,111,1122,380,154,372,1,1,-1,-1
352,190,1678,442,72,217,1,1,-1,-1
353,1,1473,395,141,332,1,1,-1,-1
353,5,1674,528,90,203,1,1,-1,-1
353,6,1366,406,130,308,1,1,-1,-1
353,111,1119,379,156,375,1,1,-1,-1
353,190,1682,442,72,217,1,1,-1,-1
354,1,1480,396,134,334,1,1,-1,-1
354,5,1673,528,91,203,1,1,-1,-1
354,6,1372,404,132,311,1,1,-1,-1
354,190,1627,417,101,260,1,1,-1,-1
355,1,1529,384,125,310,1,1,-1,-1
355,5,1673,529,91,202,1,1,-1,-1
355,6,1375,408,130,303,1,1,-1,-1
355,89,1114,377,159,382,1,1,-1,-1
355,190,1634,416,102,262,1,1,-1,-1
355,191,1706,395,109,317,1,1,-1,-1
356,1,1571,403,97,267,1,1,-1,-1
356,5,1675,528,91,204,1,1,-1,-1
356,6,1379,409,130,300,1,1,-1,-1
356,89,1112,376,160,386,1,1,-1,-1
356,190,1636,421,102,255,1,1,-1,-1
356,191,1710,394,108,319,1,1,-1,-1
357,1,1537,385,125,308,1,1,-1,-1
357,5,1678,528,90,205,1,1,-1,-1
357,6,1381,395,122,304,1,1,-1,-1
357,89,1108,372,160,389,1,1,-1,-1
357,191,1714,394,107,320,1,1,-1,-1
357,232,1487,397,133,328,1,1,-1,-1
358,1,1490,398,132,326,1,1,-1,-1
358,5,1680,528,90,206,1,1,-1,-1
358,6,1385,359,141,353,1,1,-1,-1
358,21,1640,431,102,241,1,1,-1,-1
358,89,1104,369,161,391,1,1,-1,-1
358,191,1718,393,106,321,1,1,-1,-1
358,232,1541,385,125,308,1,1,-1,-1
359,1,1493,398,132,324,1,1,-1,-1
359,5,1683,528,90,207,1,1,-1,-1
359,6,1329,360,186,424,1,1,-1,-1
359,21,1643,430,101,241,1,1,-1,-1
359,89,1101,366,161,393,1,1,-1,-1
359,156,1706,442,70,214,1,1,-1,-1
359,191,1722,393,105,322,1,1,-1,-1
359,232,1569,411,94,260,1,1,-1,-1
360,1,1497,399,131,322,1,1,-1,-1
360,5,1688,526,94,209,1,1,-1,-1
360,21,1646,429,101,241,1,1,-1,-1
360,89,1100,366,161,395,1,1,-1,-1
360,156,1709,442,70,214,1,1,-1,-1
360,191,1726,392,104,324,1,1,-1,-1
360,232,1550,386,123,305,1,1,-1,-1
361,1,1500,399,131,320,1,1,-1,-1
361,2,1395,385,116,310,1,1,-1,-1
361,5,1694,525,97,211,1,1,-1,-1
361,21,1649,428,101,242,1,1,-1,-1
361,89,1099,366,162,398,1,1,-1,-1
361,128,1801,406,79,244,1,1,-1,-1
361,156,1713,443,70,213,1,1,-1,-1
361,157,-269,235,450,812,1,1,-1,-1
361,232,1578,412,94,258,1,1,-1,-1
362,1,1558,386,123,304,1,1,-1,-1
362,2,1408,412,128,291,1,1,-1,-1
362,5,1700,524,100,212,1,1,-1,-1
362,21,1652,428,101,241,1,1,-1,-1
362,89,1098,366,163,400,1,1,-1,-1
362,128,1806,407,80,243,1,1,-1,-1
362,156,1716,443,70,213,1,1,-1,-1
362,157,-234,235,415,803,1,1,-1,-1
363,1,1562,386,123,304,1,1,-1,-1
363,2,1403,383,106,310,1,1,-1,-1
363,5,1706,523,104,214,1,1,-1,-1
363,21,1655,427,101,242,1,1,-1,-1
363,89,1097,366,163,403,1,1,-1,-1
363,128,1811,408,82,242,1,1,-1,-1
363,156,1720,444,70,212,1,1,-1,-1
363,157,-198,235,379,795,1,1,-1,-1
364,1,1516,401,130,315,1,1,-1,-1
364,2,1407,382,101,310,1,1,-1,-1
364,5,1712,522,107,215,1,1,-1,-1
364,21,1658,426,101,242,1,1,-1,-1
364,89,1096,366,164,405,1,1,-1,-1
364,128,1813,408,83,241,1,1,-1,-1
364,156,1724,444,70,211,1,1,-1,-1
364,157,-162,235,343,786,1,1,-1,-1
365,1,1570,387,123,302,1,1,-1,-1
365,2,1422,414,126,288,1,1,-1,-1
365,5,1718,521,110,217,1,1,-1,-1
365,21,1661,426,101,242,1,1,-1,-1
365,128,1815,408,85,240,1,1,-1,-1
365,156,1728,444,70,211,1,1,-1,-1
365,157,-126,236,308,777,1,1,-1,-1
366,1,1528,402,130,312,1,1,-1,-1
366,2,1408,384,104,310,1,1,-1,-1
366,5,1732,444,70,210,1,1,-1,-1
366,21,1664,425,101,242,1,1,-1,-1
366,76,1574,387,123,301,1,1,-1,-1
366,128,1777,422,107,273,1,1,-1,-1
366,157,-82,237,268,769,1,1,-1,-1
366,192,1096,363,162,411,1,1,-1,-1
367,1,1533,402,129,310,1,1,-1,-1
367,2,1406,386,111,311,1,1,-1,-1
367,5,1730,519,117,220,1,1,-1,-1
367,21,1668,424,100,243,1,1,-1,-1
367,76,1605,412,91,255,1,1,-1,-1
367,128,1757,389,133,331,1,1,-1,-1
367,157,-38,239,229,760,1,1,-1,-1
367,192,1097,360,160,414,1,1,-1,-1
368,1,1538,402,128,309,1,1,-1,-1
368,2,1404,388,118,312,1,1,-1,-1
368,5,1740,518,114,221,1,1,-1,-1
368,21,1671,423,101,244,1,1,-1,-1
368,76,1583,388,121,299,1,1,-1,-1
368,128,1761,389,139,331,1,1,-1,-1
368,192,1097,357,159,417,1,1,-1,-1
369,1,1543,403,128,306,1,1,-1,-1
369,2,1411,390,114,308,1,1,-1,-1
369,5,1744,444,69,209,1,1,-1,-1
369,21,1675,422,100,244,1,1,-1,-1
369,76,1614,412,90,254,1,1,-1,-1
369,192,1098,355,157,420,1,1,-1,-1
370,1,1548,403,127,305,1,1,-1,-1
370,2,1418,392,110,304,1,1,-1,-1
370,5,1740,466,123,252,1,1,-1,-1
370,21,1678,421,100,245,1,1,-1,-1
370,76,1591,388,121,298,1,1,-1,-1
370,192,1094,356,158,422,1,1,-1,-1
371,1,1553,404,127,303,1,1,-1,-1
371,2,1425,395,106,299,1,1,-1,-1
371,5,1752,444,68,208,1,1,-1,-1
371,21,1682,420,100,246,1,1,-1,-1
371,76,1595,388,121,297,1,1,-1,-1
371,192,1090,357,159,425,1,1,-1,-1
372,1,1560,405,128,301,1,1,-1,-1
372,2,1432,397,102,295,1,1,-1,-1
372,5,1755,444,68,207,1,1,-1,-1
372,21,1685,424,100,240,1,1,-1,-1
372,76,1626,413,88,251,1,1,-1,-1
372,129,1827,406,68,240,1,1,-1,-1
373,1,1568,406,128,299,1,1,-1,-1
373,2,1439,400,99,290,1,1,-1,-1
373,5,1758,445,68,206,1,1,-1,-1
373,21,1689,428,99,235,1,1,-1,-1
373,30,1786,385,146,337,1,1,-1,-1
373,76,1630,414,88,250,1,1,-1,-1
373,129,1832,408,68,240,1,1,-1,-1
374,1,1576,408,128,296,1,1,-1,-1
374,2,1443,399,98,289,1,1,-1,-1
374,5,1761,445,68,205,1,1,-1,-1
374,21,1693,432,98,230,1,1,-1,-1
374,30,1791,384,143,338,1,1,-1,-1
374,76,1633,414,87,249,1,1,-1,-1
374,129,1838,410,68,240,1,1,-1,-1
375,1,1581,408,128,295,1,1,-1,-1
375,2,1448,398,96,289,1,1,-1,-1
375,5,1764,446,68,204,1,1,-1,-1
375,21,1696,430,96,230,1,1,-1,-1
375,30,1797,382,139,340,1,1,-1,-1
375,76,1636,414,87,249,1,1,-1,-1
375,129,1838,408,67,240,1,1,-1,-1
376,1,1586,409,128,293,1,1,-1,-1
376,2,1453,398,94,288,1,1,-1,-1
376,5,1766,446,68,203,1,1,-1,-1
376,21,1699,429,95,230,1,1,-1,-1
376,30,1802,381,136,341,1,1,-1,-1
376,76,1639,414,86,248,1,1,-1,-1
376,129,1838,407,66,239,1,1,-1,-1
377,1,1620,390,119,292,1,1,-1,-1
377,2,1456,398,97,287,1,1,-1,-1
377,21,1702,428,94,230,1,1,-1,-1
377,30,1808,380,132,342,1,1,-1,-1
377,129,1838,406,65,239,1,1,-1,-1
378,1,1596,410,128,290,1,1,-1,-1
378,2,1459,398,100,287,1,1,-1,-1
378,30,1813,378,129,344,1,1,-1,-1
378,129,1838,405,64,238,1,1,-1,-1
378,233,1771,447,67,201,1,1,-1,-1
379,1,1648,414,86,247,1,1,-1,-1
379,2,1462,398,103,286,1,1,-1,-1
379,30,1819,377,125,345,1,1,-1,-1
379,129,1838,404,64,238,1,1,-1,-1
379,233,1774,448,66,200,1,1,-1,-1
379,234,1708,426,92,230,1,1,-1,-1
380,1,1601,409,127,289,1,1,-1,-1
380,2,1465,398,106,286,1,1,-1,-1
380,30,1824,376,122,346,1,1,-1,-1
380,233,1776,448,66,199,1,1,-1,-1
380,234,1711,427,90,229,1,1,-1,-1
381,1,1636,391,119,289,1,1,-1,-1
381,2,1468,398,109,285,1,1,-1,-1
381,30,1830,375,118,348,1,1,-1,-1
381,233,1779,448,66,198,1,1,-1,-1
381,234,1720,379,104,272,1,1,-1,-1
382,1,1608,409,126,287,1,1,-1,-1
382,2,1471,399,113,284,1,1,-1,-1
382,30,1835,373,118,350,1,1,-1,-1
382,193,1030,342,176,463,1,1,-1,-1
382,233,1781,448,66,197,1,1,-1,-1
382,234,1718,429,85,227,1,1,-1,-1
383,1,1612,409,126,286,1,1,-1,-1
383,2,1495,416,118,273,1,1,-1,-1
383,30,1841,372,118,352,1,1,-1,-1
383,193,1024,340,179,468,1,1,-1,-1
383,234,1722,430,82,226,1,1,-1,-1
384,1,1616,409,126,286,1,1,-1,-1
384,2,1499,416,117,272,1,1,-1,-1
384,30,1847,371,118,354,1,1,-1,-1
384,158,1148,456,64,195,1,1,-1,-1
384,193,1018,338,183,473,1,1,-1,-1
385,1,1620,409,126,285,1,1,-1,-1
385,2,1504,416,116,272,1,1,-1,-1
385,30,1853,370,118,356,1,1,-1,-1
385,41,1729,432,78,224,1,1,-1,-1
385,158,1151,456,64,195,1,1,-1,-1
385,193,1013,337,186,477,1,1,-1,-1
386,1,1624,410,126,284,1,1,-1,-1
386,2,1486,402,110,276,1,1,-1,-1
386,30,1858,369,118,357,1,1,-1,-1
386,41,1732,433,76,223,1,1,-1,-1
386,158,1154,456,63,195,1,1,-1,-1
386,193,1007,337,189,478,1,1,-1,-1
387,1,1629,409,125,284,1,1,-1,-1
387,2,1490,403,109,274,1,1,-1,-1
387,30,1864,368,118,359,1,1,-1,-1
387,41,1736,434,74,222,1,1,-1,-1
387,65,1794,450,64,192,1,1,-1,-1
387,158,1156,456,63,194,1,1,-1,-1
387,193,1001,337,192,480,1,1,-1,-1
388,1,1634,409,125,283,1,1,-1,-1
388,2,1494,404,108,272,1,1,-1,-1
388,30,1858,392,104,319,1,1,-1,-1
388,41,1738,433,74,222,1,1,-1,-1
388,65,1797,450,63,191,1,1,-1,-1
388,158,1159,456,62,194,1,1,-1,-1
389,1,1639,409,124,282,1,1,-1,-1
389,2,1498,404,108,272,1,1,-1,-1
389,41,1741,433,73,222,1,1,-1,-1
389,65,1800,451,63,190,1,1,-1,-1
389,158,1162,456,62,194,1,1,-1,-1
389,235,391,302,301,602,1,1,-1,-1
390,1,1673,393,117,282,1,1,-1,-1
390,2,1502,404,108,272,1,1,-1,-1
390,41,1743,432,73,222,1,1,-1,-1
390,65,1803,451,62,189,1,1,-1,-1
390,158,1165,455,62,194,1,1,-1,-1
390,235,419,302,277,596,1,1,-1,-1
391,1,1677,393,117,281,1,1,-1,-1
391,2,1506,404,108,272,1,1,-1,-1
391,41,1746,432,72,222,1,1,-1,-1
391,65,1806,452,62,188,1,1,-1,-1
391,235,448,302,253,590,1,1,-1,-1
392,1,1650,410,124,279,1,1,-1,-1
392,2,1510,404,108,272,1,1,-1,-1
392,41,1755,425,74,226,1,1,-1,-1
392,65,1808,452,61,187,1,1,-1,-1
392,66,1172,454,62,194,1,1,-1,-1
392,90,966,332,206,494,1,1,-1,-1
392,235,477,302,229,584,1,1,-1,-1
393,1,1651,411,124,278,1,1,-1,-1
393,2,1515,404,103,270,1,1,-1,-1
393,41,1755,425,74,226,1,1,-1,-1
393,65,1810,452,61,187,1,1,-1,-1
393,66,1176,454,62,194,1,1,-1,-1
393,90,957,330,208,499,1,1,-1,-1
393,235,506,302,205,578,1,1,-1,-1
394,1,1652,412,124,278,1,1,-1,-1
394,2,1520,404,99,269,1,1,-1,-1
394,41,1754,424,86,226,1,1,-1,-1
394,65,1812,452,60,186,1,1,-1,-1
394,66,1180,454,62,194,1,1,-1,-1
394,90,948,327,210,504,1,1,-1,-1
395,1,1655,412,124,277,1,1,-1,-1
395,2,1525,404,94,268,1,1,-1,-1
395,41,1694,394,115,278,1,1,-1,-1
395,65,1814,452,60,186,1,1,-1,-1
395,66,1184,454,62,194,1,1,-1,-1
395,90,939,324,212,509,1,1,-1,-1
396,1,1659,413,123,275,1,1,-1,-1
396,2,1548,418,112,263,1,1,-1,-1
396,41,1698,394,115,277,1,1,-1,-1
396,65,1816,452,60,185,1,1,-1,-1
396,66,1188,454,62,194,1,1,-1,-1
396,90,930,322,214,514,1,1,-1,-1
397,1,1662,413,123,274,1,1,-1,-1
397,2,1536,404,85,266,1,1,-1,-1
397,41,1702,395,115,276,1,1,-1,-1
397,65,1818,452,60,185,1,1,-1,-1
397,66,1192,454,62,194,1,1,-1,-1
397,90,923,321,216,517,1,1,-1,-1
398,1,1666,414,122,272,1,1,-1,-1
398,2,1538,404,92,266,1,1,-1,-1
398,41,1753,429,96,221,1,1,-1,-1
398,65,1820,452,60,184,1,1,-1,-1
398,66,1196,454,62,194,1,1,-1,-1
398,90,916,320,218,520,1,1,-1,-1
399,1,1674,411,122,272,1,1,-1,-1
399,2,1541,405,99,266,1,1,-1,-1
399,41,1736,412,100,240,1,1,-1,-1
399,66,1200,454,62,194,1,1,-1,-1
399,90,909,319,220,523,1,1,-1,-1
400,1,1682,409,122,271,1,1,-1,-1
400,2,1544,406,106,266,1,1,-1,-1
400,66,1204,454,62,194,1,1,-1,-1
400,90,902,318,222,526,1,1,-1,-1
400,236,1824,452,60,184,1,1,-1,-1
401,1,1691,407,121,271,1,1,-1,-1
401,2,1548,406,106,265,1,1,-1,-1
401,66,1208,454,62,194,1,1,-1,-1
401,90,893,317,224,529,1,1,-1,-1
401,236,1826,452,60,184,1,1,-1,-1
402,1,1691,408,121,270,1,1,-1,-1
402,2,1572,420,109,257,1,1,-1,-1
402,15,626,325,236,523,1,1,-1,-1
402,66,1212,454,62,194,1,1,-1,-1
402,236,1828,452,60,184,1,1,-1,-1
403,1,1692,409,120,269,1,1,-1,-1
403,2,1556,407,106,264,1,1,-1,-1
403,15,636,328,230,518,1,1,-1,-1
403,66,1216,454,62,194,1,1,-1,-1
403,194,867,311,223,524,1,1,-1,-1
403,236,1830,452,60,184,1,1,-1,-1
404,1,1723,414,76,234,1,1,-1,-1
404,2,1560,406,106,264,1,1,-1,-1
404,15,647,332,223,513,1,1,-1,-1
404,194,868,314,230,540,1,1,-1,-1
404,236,1832,452,60,183,1,1,-1,-1
405,1,1693,412,120,267,1,1,-1,-1
405,2,1564,406,106,263,1,1,-1,-1
405,15,670,328,203,511,1,1,-1,-1
405,194,858,312,231,546,1,1,-1,-1
406,1,1729,414,76,233,1,1,-1,-1
406,2,1568,406,106,263,1,1,-1,-1
406,15,694,325,182,509,1,1,-1,-1
406,194,848,310,233,552,1,1,-1,-1
407,1,1698,413,120,265,1,1,-1,-1
407,2,1594,420,105,255,1,1,-1,-1
407,15,718,322,161,506,1,1,-1,-1
407,194,838,308,234,558,1,1,-1,-1
408,1,1702,413,120,264,1,1,-1,-1
408,2,1576,406,106,262,1,1,-1,-1
408,15,742,319,141,504,1,1,-1,-1
408,194,828,306,236,564,1,1,-1,-1
409,1,1706,412,120,263,1,1,-1,-1
409,2,1580,406,106,262,1,1,-1,-1
409,15,754,324,145,499,1,1,-1,-1
410,1,1755,393,116,265,1,1,-1,-1
410,2,1584,406,106,262,1,1,-1,-1
410,15,766,329,149,494,1,1,-1,-1
410,159,1812,415,84,256,1,1,-1,-1
411,1,1741,417,75,228,1,1,-1,-1
411,2,1588,406,106,262,1,1,-1,-1
411,15,779,335,153,489,1,1,-1,-1
411,159,1759,393,118,264,1,1,-1,-1
412,1,1716,413,120,261,1,1,-1,-1
412,2,1592,406,106,262,1,1,-1,-1
412,15,787,334,155,488,1,1,-1,-1
412,159,1762,394,121,262,1,1,-1,-1
412,237,1250,454,62,194,1,1,-1,-1
413,1,1718,414,120,261,1,1,-1,-1
413,2,1618,422,102,248,1,1,-1,-1
413,15,784,296,237,592,1,1,-1,-1
413,60,1850,452,60,181,1,1,-1,-1
413,159,1766,394,123,261,1,1,-1,-1
413,237,1254,454,62,194,1,1,-1,-1
414,1,1720,416,120,260,1,1,-1,-1
414,2,1600,407,104,260,1,1,-1,-1
414,15,772,295,241,597,1,1,-1,-1
414,60,1852,452,60,180,1,1,-1,-1
414,159,1770,395,125,260,1,1,-1,-1
414,237,1258,454,62,194,1,1,-1,-1
415,1,1723,416,120,259,1,1,-1,-1
415,2,1604,407,103,259,1,1,-1,-1
415,15,760,293,244,603,1,1,-1,-1
415,60,1854,452,60,180,1,1,-1,-1
415,159,1773,395,124,259,1,1,-1,-1
415,237,1262,454,62,194,1,1,-1,-1
416,1,1727,417,119,257,1,1,-1,-1
416,2,1608,408,102,258,1,1,-1,-1
416,15,748,292,248,608,1,1,-1,-1
416,60,1856,452,60,180,1,1,-1,-1
416,159,1776,395,123,259,1,1,-1,-1
416,237,1266,454,62,194,1,1,-1,-1
417,1,1730,417,119,256,1,1,-1,-1
417,2,1611,408,102,257,1,1,-1,-1
417,15,741,287,248,611,1,1,-1,-1
417,60,1858,452,60,180,1,1,-1,-1
418,1,1734,418,118,254,1,1,-1,-1
418,2,1638,422,101,245,1,1,-1,-1
418,15,734,282,248,614,1,1,-1,-1
418,60,1860,452,60,180,1,1,-1,-1
418,77,1274,454,62,194,1,1,-1,-1
418,238,1783,396,121,257,1,1,-1,-1
419,1,1738,418,117,253,1,1,-1,-1
419,2,1618,409,101,255,1,1,-1,-1
419,15,727,277,248,618,1,1,-1,-1
419,60,1862,452,61,181,1,1,-1,-1
419,77,1288,420,76,238,1,1,-1,-1
419,238,1786,396,120,256,1,1,-1,-1
420,1,1742,418,117,253,1,1,-1,-1
420,2,1622,410,100,254,1,1,-1,-1
420,15,714,276,252,625,1,1,-1,-1
420,60,1864,452,61,181,1,1,-1,-1
420,77,1282,454,62,194,1,1,-1,-1
420,238,1789,397,120,255,1,1,-1,-1
421,1,1746,418,116,252,1,1,-1,-1
421,2,1625,410,100,253,1,1,-1,-1
421,15,701,276,256,631,1,1,-1,-1
421,60,1866,452,61,181,1,1,-1,-1
421,77,1286,454,62,194,1,1,-1,-1
421,238,1792,397,119,254,1,1,-1,-1
422,1,1750,418,116,252,1,1,-1,-1
422,2,1629,410,100,253,1,1,-1,-1
422,15,688,276,261,637,1,1,-1,-1
422,60,1868,452,61,181,1,1,-1,-1
422,77,1290,453,62,194,1,1,-1,-1
422,238,1796,398,118,253,1,1,-1,-1
423,1,1753,418,116,251,1,1,-1,-1
423,2,1632,410,100,252,1,1,-1,-1
423,15,675,275,265,645,1,1,-1,-1
423,60,1871,452,61,182,1,1,-1,-1
423,77,1294,453,62,194,1,1,-1,-1
424,1,1757,419,116,250,1,1,-1,-1
424,2,1636,410,100,252,1,1,-1,-1
424,15,662,275,270,651,1,1,-1,-1
424,60,1872,451,61,180,1,1,-1,-1
424,77,1298,452,62,194,1,1,-1,-1
425,1,1760,419,116,249,1,1,-1,-1
425,2,1639,410,100,251,1,1,-1,-1
425,15,649,275,274,657,1,1,-1,-1
425,60,1828,410,88,207,1,1,-1,-1
425,77,1302,452,62,194,1,1,-1,-1
425,239,1135,477,65,170,1,1,-1,-1
426,1,1764,420,116,248,1,1,-1,-1
426,2,1643,411,99,250,1,1,-1,-1
426,15,637,275,278,664,1,1,-1,-1
426,77,1323,474,58,167,1,1,-1,-1
426,239,1136,472,64,172,1,1,-1,-1
427,1,1767,425,69,219,1,1,-1,-1
427,2,1646,411,99,249,1,1,-1,-1
427,15,623,270,278,668,1,1,-1,-1
427,77,1309,451,72,193,1,1,-1,-1
427,239,1145,473,63,170,1,1,-1,-1
428,1,1768,425,69,219,1,1,-1,-1
428,2,1650,412,98,248,1,1,-1,-1
428,77,1313,451,76,192,1,1,-1,-1
428,239,1154,474,62,168,1,1,-1,-1
429,1,1770,426,68,218,1,1,-1,-1
429,2,1653,412,98,247,1,1,-1,-1
429,130,597,261,277,676,1,1,-1,-1
429,239,1158,473,62,169,1,1,-1,-1
430,1,1771,426,68,217,1,1,-1,-1
430,2,1656,413,98,245,1,1,-1,-1
430,130,584,257,276,680,1,1,-1,-1
430,240,1316,451,86,193,1,1,-1,-1
430,241,1688,422,96,237,1,1,-1,-1
431,1,1773,427,68,216,1,1,-1,-1
431,2,1659,413,98,244,1,1,-1,-1
431,130,571,253,276,684,1,1,-1,-1
431,195,1166,472,62,170,1,1,-1,-1
431,240,1315,451,91,195,1,1,-1,-1
431,241,1693,422,95,237,1,1,-1,-1
432,1,1774,427,68,215,1,1,-1,-1
432,2,1662,414,98,242,1,1,-1,-1
432,130,556,250,278,694,1,1,-1,-1
432,195,1170,472,62,170,1,1,-1,-1
432,240,1314,451,96,197,1,1,-1,-1
432,241,1697,422,95,236,1,1,-1,-1
433,1,1776,428,68,214,1,1,-1,-1
433,2,1665,414,98,241,1,1,-1,-1
433,130,542,247,279,704,1,1,-1,-1
433,195,1174,471,62,171,1,1,-1,-1
433,240,1321,449,85,197,1,1,-1,-1
433,241,1702,422,94,236,1,1,-1,-1
434,2,1669,414,98,241,1,1,-1,-1
434,130,528,244,280,715,1,1,-1,-1
434,195,1178,471,63,171,1,1,-1,-1
434,240,1328,455,86,192,1,1,-1,-1
434,241,1706,422,94,235,1,1,-1,-1
435,2,1711,422,93,235,1,1,-1,-1
435,9,1843,403,105,244,1,1,-1,-1
435,130,514,241,281,725,1,1,-1,-1
435,195,1182,470,63,172,1,1,-1,-1
436,2,1676,414,98,240,1,1,-1,-1
436,9,1847,402,105,244,1,1,-1,-1
436,130,500,238,282,736,1,1,-1,-1
436,195,1186,470,64,172,1,1,-1,-1
437,2,1679,414,98,239,1,1,-1,-1
437,9,1809,419,106,237,1,1,-1,-1
437,18,1851,402,105,244,1,1,-1,-1
437,196,1048,363,139,398,1,1,-1,-1
438,2,1683,415,97,238,1,1,-1,-1
438,9,1808,420,108,237,1,1,-1,-1
438,18,1855,402,105,244,1,1,-1,-1
438,196,1051,366,144,395,1,1,-1,-1
439,2,1728,422,91,233,1,1,-1,-1
439,9,1788,428,65,211,1,1,-1,-1
439,18,1807,421,110,237,1,1,-1,-1
439,196,1054,368,149,392,1,1,-1,-1
440,2,1690,416,96,236,1,1,-1,-1
440,9,1790,428,64,210,1,1,-1,-1
440,16,-115,275,256,674,1,1,-1,-1
440,18,1807,422,111,237,1,1,-1,-1
440,196,1057,371,154,389,1,1,-1,-1
441,2,1693,416,95,235,1,1,-1,-1
441,9,1806,423,113,237,1,1,-1,-1
441,16,-102,274,279,673,1,1,-1,-1
441,18,1859,387,92,289,1,1,-1,-1
441,196,1061,374,158,386,1,1,-1,-1
442,2,1697,417,94,234,1,1,-1,-1
442,9,1794,428,63,209,1,1,-1,-1
442,16,-88,273,301,673,1,1,-1,-1
442,18,1806,424,114,238,1,1,-1,-1
442,196,1074,372,151,385,1,1,-1,-1
443,2,1700,417,93,233,1,1,-1,-1
443,9,1796,428,63,208,1,1,-1,-1
443,16,-66,276,301,672,1,1,-1,-1
443,18,1824,422,102,235,1,1,-1,-1
444,9,1798,428,62,207,1,1,-1,-1
444,16,-44,279,301,671,1,1,-1,-1
444,18,1842,420,90,232,1,1,-1,-1
445,9,1800,428,62,206,1,1,-1,-1
445,16,-21,282,300,670,1,1,-1,-1
445,18,1861,418,77,230,1,1,-1,-1
445,242,1706,418,92,232,1,1,-1,-1
446,9,1756,429,91,231,1,1,-1,-1
446,16,-18,280,298,667,1,1,-1,-1
446,18,1858,418,84,231,1,1,-1,-1
446,242,1708,418,92,232,1,1,-1,-1
446,243,1126,368,125,381,1,1,-1,-1
447,9,1760,426,90,230,1,1,-1,-1
447,16,-15,279,297,663,1,1,-1,-1
447,18,1811,394,110,287,1,1,-1,-1
447,112,1375,452,93,192,1,1,-1,-1
447,197,286,202,355,820,1,1,-1,-1
447,242,1710,418,92,232,1,1,-1,-1
447,243,1140,367,118,380,1,1,-1,-1
448,9,1765,424,89,228,1,1,-1,-1
448,16,-12,277,295,660,1,1,-1,-1
448,18,1792,395,130,286,1,1,-1,-1
448,112,1375,451,93,192,1,1,-1,-1
448,197,246,200,382,830,1,1,-1,-1
448,242,1712,418,92,232,1,1,-1,-1
448,243,1144,370,127,376,1,1,-1,-1
449,9,1770,422,88,226,1,1,-1,-1
449,16,-9,276,294,656,1,1,-1,-1
449,18,1852,418,102,235,1,1,-1,-1
449,112,1376,451,92,192,1,1,-1,-1
449,197,207,198,409,840,1,1,-1,-1
449,242,1714,418,92,231,1,1,-1,-1
449,243,1149,373,135,372,1,1,-1,-1
450,9,1773,422,88,225,1,1,-1,-1
450,16,-6,274,292,653,1,1,-1,-1
450,18,1850,418,108,236,1,1,-1,-1
450,67,1245,467,66,175,1,1,-1,-1
450,112,1385,451,84,192,1,1,-1,-1
450,197,204,193,388,843,1,1,-1,-1
450,243,1153,376,144,368,1,1,-1,-1
451,9,1777,422,87,225,1,1,-1,-1
451,16,-3,273,291,650,1,1,-1,-1
451,18,1848,418,114,238,1,1,-1,-1
451,67,1249,466,66,176,1,1,-1,-1
451,112,1394,451,77,193,1,1,-1,-1
451,160,1719,418,91,230,1,1,-1,-1
451,197,202,188,367,846,1,1,-1,-1
452,9,1780,422,87,224,1,1,-1,-1
452,16,26,274,277,648,1,1,-1,-1
452,18,1852,419,109,235,1,1,-1,-1
452,67,1254,466,66,176,1,1,-1,-1
452,112,1403,451,69,194,1,1,-1,-1
452,160,1722,418,90,230,1,1,-1,-1
452,197,200,184,346,848,1,1,-1,-1
453,9,1784,422,86,224,1,1,-1,-1
453,16,55,275,264,646,1,1,-1,-1
453,18,1856,420,104,232,1,1,-1,-1
453,67,1258,466,66,176,1,1,-1,-1
453,112,1412,452,62,194,1,1,-1,-1
453,160,1724,418,90,229,1,1,-1,-1
454,9,1786,422,85,224,1,1,-1,-1
454,16,84,277,250,643,1,1,-1,-1
454,18,1861,422,98,228,1,1,-1,-1
454,67,1263,466,66,176,1,1,-1,-1
454,112,1415,451,63,194,1,1,-1,-1
454,160,1726,419,90,228,1,1,-1,-1
455,9,1788,422,85,224,1,1,-1,-1
455,16,113,278,237,641,1,1,-1,-1
455,18,1863,422,96,228,1,1,-1,-1
455,67,1267,466,66,176,1,1,-1,-1
455,112,1421,483,56,171,1,1,-1,-1
455,160,1728,419,90,227,1,1,-1,-1
456,9,1820,429,60,199,1,1,-1,-1
456,16,142,280,224,638,1,1,-1,-1
456,18,1866,422,94,229,1,1,-1,-1
456,67,1272,466,66,176,1,1,-1,-1
456,160,1730,420,90,226,1,1,-1,-1
457,9,1792,422,84,224,1,1,-1,-1
457,16,148,282,232,635,1,1,-1,-1
457,18,1869,422,92,230,1,1,-1,-1
457,67,1276,466,66,176,1,1,-1,-1
457,160,1732,420,90,225,1,1,-1,-1
458,9,1793,422,84,224,1,1,-1,-1
458,16,154,284,240,632,1,1,-1,-1
458,67,1280,466,67,176,1,1,-1,-1
458,244,1720,398,102,282,1,1,-1,-1
459,9,1826,430,59,197,1,1,-1,-1
459,16,160,286,248,630,1,1,-1,-1
459,67,1284,466,67,176,1,1,-1,-1
459,198,1874,422,88,231,1,1,-1,-1
459,244,1705,399,114,281,1,1,-1,-1
460,9,1796,423,83,223,1,1,-1,-1
460,16,166,288,256,627,1,1,-1,-1
460,67,1288,466,68,176,1,1,-1,-1
460,131,22,239,342,812,1,1,-1,-1
460,161,1437,449,93,195,1,1,-1,-1
460,198,1877,422,86,232,1,1,-1,-1
460,244,1691,401,125,280,1,1,-1,-1
461,9,1798,424,82,222,1,1,-1,-1
461,16,172,290,264,624,1,1,-1,-1
461,67,1292,465,68,177,1,1,-1,-1
461,131,-58,149,419,984,1,1,-1,-1
461,161,1441,449,95,195,1,1,-1,-1
461,198,1879,424,87,228,1,1,-1,-1
461,244,1676,402,137,279,1,1,-1,-1
462,9,1802,386,82,276,1,1,-1,-1
462,16,178,292,272,622,1,1,-1,-1
462,131,-81,147,425,992,1,1,-1,-1
462,161,1445,449,90,195,1,1,-1,-1
462,198,1882,426,88,224,1,1,-1,-1
462,244,1662,404,148,278,1,1,-1,-1
463,7,1833,430,58,194,1,1,-1,-1
463,9,1757,392,88,284,1,1,-1,-1
463,16,184,294,280,619,1,1,-1,-1
463,131,-104,145,432,1000,1,1,-1,-1
463,161,1450,450,84,194,1,1,-1,-1
463,198,1884,428,89,220,1,1,-1,-1
464,7,1806,425,81,221,1,1,-1,-1
464,9,1749,393,89,283,1,1,-1,-1
464,16,191,296,288,617,1,1,-1,-1
464,113,1648,407,150,274,1,1,-1,-1
464,131,-132,136,432,1009,1,1,-1,-1
464,161,1455,450,78,195,1,1,-1,-1
464,198,1887,431,90,216,1,1,-1,-1
465,7,1836,430,58,192,1,1,-1,-1
465,9,1742,394,90,282,1,1,-1,-1
465,16,203,295,276,614,1,1,-1,-1
465,113,1642,409,151,272,1,1,-1,-1
465,131,-160,127,432,1019,1,1,-1,-1
465,161,1460,451,72,194,1,1,-1,-1
466,7,1812,427,78,218,1,1,-1,-1
466,113,1637,408,141,272,1,1,-1,-1
466,131,-187,119,431,1027,1,1,-1,-1
466,161,1465,452,66,194,1,1,-1,-1
467,7,1818,431,76,216,1,1,-1,-1
467,42,229,293,252,609,1,1,-1,-1
467,113,1633,408,131,272,1,1,-1,-1
467,131,-215,110,431,1037,1,1,-1,-1
468,7,1815,428,77,217,1,1,-1,-1
468,42,254,293,234,604,1,1,-1,-1
468,113,1629,408,121,272,1,1,-1,-1
469,7,1812,426,78,218,1,1,-1,-1
469,42,279,293,216,599,1,1,-1,-1
469,113,1679,396,169,276,1,1,-1,-1
470,7,1818,428,77,215,1,1,-1,-1
470,42,305,293,197,594,1,1,-1,-1
470,113,1683,396,153,275,1,1,-1,-1
470,114,1314,384,122,335,1,1,-1,-1
470,199,1142,463,59,186,1,1,-1,-1
471,7,1824,430,76,213,1,1,-1,-1
471,42,314,294,209,591,1,1,-1,-1
471,113,1687,397,138,274,1,1,-1,-1
471,114,1321,385,121,332,1,1,-1,-1
471,199,1149,462,55,187,1,1,-1,-1
472,7,1850,430,54,188,1,1,-1,-1
472,42,323,296,221,587,1,1,-1,-1
472,113,1676,398,145,276,1,1,-1,-1
472,114,1328,384,124,332,1,1,-1,-1
472,199,1150,462,63,186,1,1,-1,-1
473,7,1837,435,74,207,1,1,-1,-1
473,42,333,298,232,583,1,1,-1,-1
473,114,1336,384,126,331,1,1,-1,-1
473,199,1151,463,71,185,1,1,-1,-1
474,7,1838,434,75,207,1,1,-1,-1
474,11,1663,400,121,274,1,1,-1,-1
474,42,342,300,244,580,1,1,-1,-1
474,114,1343,384,130,330,1,1,-1,-1
474,199,1152,463,79,185,1,1,-1,-1
474,200,1781,420,81,215,1,1,-1,-1
475,7,1840,434,75,207,1,1,-1,-1
475,11,1658,402,114,272,1,1,-1,-1
475,42,352,302,255,576,1,1,-1,-1
475,114,1351,384,132,329,1,1,-1,-1
475,199,1154,464,87,184,1,1,-1,-1
475,200,1783,421,80,215,1,1,-1,-1
476,7,1841,434,76,206,1,1,-1,-1
476,11,1653,404,107,271,1,1,-1,-1
476,42,372,341,250,535,1,1,-1,-1
476,114,1359,384,135,329,1,1,-1,-1
476,132,1500,454,105,190,1,1,-1,-1
476,200,1784,422,80,214,1,1,-1,-1
476,245,1360,462,70,182,1,1,-1,-1
477,7,1843,434,76,206,1,1,-1,-1
477,11,1648,406,100,270,1,1,-1,-1
477,42,371,306,278,569,1,1,-1,-1
477,114,1364,385,133,327,1,1,-1,-1
477,132,1504,453,98,190,1,1,-1,-1
477,200,1786,423,79,213,1,1,-1,-1
477,245,1364,462,70,182,1,1,-1,-1
478,7,1861,430,59,185,1,1,-1,-1
478,11,1635,406,109,269,1,1,-1,-1
478,42,378,307,271,566,1,1,-1,-1
478,61,1169,461,88,185,1,1,-1,-1
478,114,1369,386,131,325,1,1,-1,-1
478,132,1508,452,92,191,1,1,-1,-1
478,200,1788,424,78,213,1,1,-1,-1
478,245,1369,462,70,182,1,1,-1,-1
479,7,1863,430,66,185,1,1,-1,-1
479,11,1623,406,117,269,1,1,-1,-1
479,42,386,308,263,564,1,1,-1,-1
479,61,1174,460,88,186,1,1,-1,-1
479,132,1512,451,86,191,1,1,-1,-1
479,200,1788,424,79,212,1,1,-1,-1
479,245,1373,462,70,182,1,1,-1,-1
480,7,1845,430,80,206,1,1,-1,-1
480,11,1611,406,125,268,1,1,-1,-1
480,42,394,310,255,561,1,1,-1,-1
480,61,1180,460,88,186,1,1,-1,-1
480,132,1516,450,80,192,1,1,-1,-1
480,245,1378,462,70,182,1,1,-1,-1
481,7,1846,429,82,208,1,1,-1,-1
481,11,1599,407,133,267,1,1,-1,-1
481,26,1384,390,126,319,1,1,-1,-1
481,42,401,311,248,558,1,1,-1,-1
481,61,1186,459,84,187,1,1,-1,-1
481,132,1520,450,74,192,1,1,-1,-1
481,133,1790,424,81,212,1,1,-1,-1
482,7,1847,430,78,209,1,1,-1,-1
482,11,1595,408,131,266,1,1,-1,-1
482,26,1390,392,124,317,1,1,-1,-1
482,61,1192,458,81,188,1,1,-1,-1
482,132,1526,450,74,192,1,1,-1,-1
482,133,1790,424,82,212,1,1,-1,-1
482,246,-287,209,401,832,1,1,-1,-1
483,7,1871,433,60,181,1,1,-1,-1
483,11,1592,409,129,266,1,1,-1,-1
483,26,1396,392,120,318,1,1,-1,-1
483,61,1198,457,78,189,1,1,-1,-1
483,132,1532,450,74,192,1,1,-1,-1
483,133,1791,424,83,212,1,1,-1,-1
483,246,-247,215,395,823,1,1,-1,-1
484,7,1872,434,56,182,1,1,-1,-1
484,11,1589,411,127,265,1,1,-1,-1
484,26,1402,393,116,319,1,1,-1,-1
484,61,1204,457,75,190,1,1,-1,-1
484,133,1792,424,84,212,1,1,-1,-1
484,246,-206,221,389,814,1,1,-1,-1
484,247,429,314,225,549,1,1,-1,-1
485,7,1851,435,74,205,1,1,-1,-1
485,11,1586,414,108,262,1,1,-1,-1
485,26,1408,394,112,320,1,1,-1,-1
485,61,1208,457,78,190,1,1,-1,-1
485,133,1794,424,83,211,1,1,-1,-1
485,246,-166,227,383,805,1,1,-1,-1
485,247,442,314,217,546,1,1,-1,-1
486,7,1852,434,74,204,1,1,-1,-1
486,11,1579,414,108,261,1,1,-1,-1
486,26,1414,394,111,317,1,1,-1,-1
486,61,1212,458,81,189,1,1,-1,-1
486,91,1405,462,71,183,1,1,-1,-1
486,133,1796,424,82,211,1,1,-1,-1
486,246,-125,233,377,797,1,1,-1,-1
486,247,455,314,209,543,1,1,-1,-1
486,248,1512,415,98,259,1,1,-1,-1
487,7,1853,434,75,203,1,1,-1,-1
487,11,1573,415,107,260,1,1,-1,-1
487,26,1421,395,110,314,1,1,-1,-1
487,61,1216,459,84,188,1,1,-1,-1
487,91,1409,462,72,183,1,1,-1,-1
487,133,1798,424,81,210,1,1,-1,-1
487,247,467,314,201,539,1,1,-1,-1
487,248,1504,416,101,259,1,1,-1,-1
488,7,1854,434,75,202,1,1,-1,-1
488,11,1566,415,107,259,1,1,-1,-1
488,26,1427,395,109,312,1,1,-1,-1
488,61,1220,460,88,188,1,1,-1,-1
488,91,1414,462,72,184,1,1,-1,-1
488,92,-75,227,337,782,1,1,-1,-1
488,133,1800,424,80,210,1,1,-1,-1
488,247,517,342,164,455,1,1,-1,-1
488,248,1496,417,103,258,1,1,-1,-1
489,7,1855,434,76,201,1,1,-1,-1
489,11,1560,416,106,258,1,1,-1,-1
489,26,1434,396,108,309,1,1,-1,-1
489,61,1225,460,88,188,1,1,-1,-1
489,91,1419,461,72,185,1,1,-1,-1
489,92,-50,224,317,774,1,1,-1,-1
489,248,1488,418,105,257,1,1,-1,-1
490,7,1857,434,76,200,1,1,-1,-1
490,11,1554,416,105,258,1,1,-1,-1
490,26,1480,420,108,256,1,1,-1,-1
490,61,1230,460,88,189,1,1,-1,-1
490,91,1425,461,72,185,1,1,-1,-1
490,92,-25,221,297,767,1,1,-1,-1
490,248,1449,403,97,277,1,1,-1,-1
490,249,506,315,177,529,1,1,-1,-1
491,7,1861,433,70,198,1,1,-1,-1
491,11,1548,417,105,257,1,1,-1,-1
491,26,1446,397,108,309,1,1,-1,-1
491,91,1430,460,72,186,1,1,-1,-1
491,92,22,222,306,762,1,1,-1,-1
491,249,514,317,178,527,1,1,-1,-1
492,7,1865,433,65,196,1,1,-1,-1
492,11,1542,417,104,257,1,1,-1,-1
492,26,1468,422,107,253,1,1,-1,-1
492,68,1240,460,88,190,1,1,-1,-1
492,91,1436,460,72,186,1,1,-1,-1
492,92,88,224,241,753,1,1,-1,-1
492,249,522,319,179,525,1,1,-1,-1
493,7,1871,433,66,201,1,1,-1,-1
493,11,1536,418,104,256,1,1,-1,-1
493,26,1458,398,108,310,1,1,-1,-1
493,68,1249,458,83,190,1,1,-1,-1
493,78,1574,452,76,193,1,1,-1,-1
493,91,1442,460,72,186,1,1,-1,-1
493,92,98,218,256,756,1,1,-1,-1
493,249,530,321,181,523,1,1,-1,-1
494,7,1876,430,70,205,1,1,-1,-1
494,11,1530,418,103,255,1,1,-1,-1
494,26,1457,424,105,250,1,1,-1,-1
494,68,1258,456,79,190,1,1,-1,-1
494,78,1580,453,76,193,1,1,-1,-1
494,91,1448,460,72,186,1,1,-1,-1
494,92,108,223,294,749,1,1,-1,-1
494,249,538,323,182,521,1,1,-1,-1
494,250,1814,424,80,209,1,1,-1,-1
495,7,1871,434,70,201,1,1,-1,-1
495,11,1524,419,102,254,1,1,-1,-1
495,26,1449,424,101,249,1,1,-1,-1
495,68,1267,454,75,190,1,1,-1,-1
495,78,1580,451,76,193,1,1,-1,-1
495,91,1457,475,60,154,1,1,-1,-1
495,92,118,228,332,742,1,1,-1,-1
495,250,1818,424,80,209,1,1,-1,-1
496,7,1869,439,66,195,1,1,-1,-1
496,11,1473,399,105,306,1,1,-1,-1
496,26,1441,425,97,247,1,1,-1,-1
496,68,1270,453,78,191,1,1,-1,-1
496,78,1580,449,77,193,1,1,-1,-1
496,92,129,234,370,735,1,1,-1,-1
496,250,1822,424,80,209,1,1,-1,-1
497,7,1871,438,66,195,1,1,-1,-1
497,11,1433,425,93,246,1,1,-1,-1
497,26,1478,400,104,304,1,1,-1,-1
497,68,1274,453,80,191,1,1,-1,-1
497,78,1580,448,78,192,1,1,-1,-1
497,92,140,241,396,729,1,1,-1,-1
497,250,1820,423,80,209,1,1,-1,-1
498,7,1873,437,66,195,1,1,-1,-1
498,11,1425,426,90,244,1,1,-1,-1
498,68,1278,453,83,191,1,1,-1,-1
498,78,1587,448,77,192,1,1,-1,-1
498,250,1819,423,80,209,1,1,-1,-1
499,7,1875,436,66,195,1,1,-1,-1
499,11,1418,427,92,243,1,1,-1,-1
499,68,1281,453,86,191,1,1,-1,-1
499,78,1594,448,76,193,1,1,-1,-1
500,7,1878,435,66,196,1,1,-1,-1
500,11,1412,429,93,241,1,1,-1,-1
500,68,1268,437,93,202,1,1,-1,-1
500,78,1601,449,75,192,1,1,-1,-1
500,201,1816,422,80,210,1,1,-1,-1
501,7,1879,434,66,196,1,1,-1,-1
501,11,1406,430,94,241,1,1,-1,-1
501,43,1486,424,100,248,1,1,-1,-1
501,68,1289,453,91,192,1,1,-1,-1
501,78,1608,449,74,193,1,1,-1,-1
501,201,1819,422,77,209,1,1,-1,-1
502,7,1881,433,65,196,1,1,-1,-1
502,43,1480,424,99,247,1,1,-1,-1
502,68,1292,455,91,192,1,1,-1,-1
502,78,1615,450,73,193,1,1,-1,-1
502,134,596,327,175,495,1,1,-1,-1
502,201,1822,423,75,207,1,1,-1,-1
503,43,1474,425,98,246,1,1,-1,-1
503,68,1295,457,91,192,1,1,-1,-1
503,78,1612,448,73,194,1,1,-1,-1
503,134,603,327,174,492,1,1,-1,-1
503,201,1825,424,72,205,1,1,-1,-1
504,43,1468,425,97,245,1,1,-1,-1
504,134,609,327,175,492,1,1,-1,-1
504,162,357,241,227,692,1,1,-1,-1
504,163,1506,458,74,188,1,1,-1,-1
504,201,1829,425,69,204,1,1,-1,-1
504,202,1885,432,64,196,1,1,-1,-1
505,19,1306,458,88,193,1,1,-1,-1
505,43,1514,400,100,296,1,1,-1,-1
505,134,616,327,176,493,1,1,-1,-1
505,162,403,240,187,686,1,1,-1,-1
505,163,1511,457,75,189,1,1,-1,-1
505,201,1828,425,72,205,1,1,-1,-1
505,202,1887,432,64,195,1,1,-1,-1
506,19,1315,457,84,193,1,1,-1,-1
506,43,1518,400,100,295,1,1,-1,-1
506,134,622,327,177,494,1,1,-1,-1
506,162,409,245,212,680,1,1,-1,-1
506,163,1517,457,75,189,1,1,-1,-1
506,202,1889,431,63,195,1,1,-1,-1
507,19,1313,445,77,188,1,1,-1,-1
507,43,1522,400,100,294,1,1,-1,-1
507,134,629,327,178,495,1,1,-1,-1
507,162,416,251,236,674,1,1,-1,-1
507,163,1522,456,76,190,1,1,-1,-1
507,202,1891,430,62,196,1,1,-1,-1
507,203,1826,427,79,205,1,1,-1,-1
508,19,1332,454,76,194,1,1,-1,-1
508,43,1526,400,100,293,1,1,-1,-1
508,134,639,326,183,495,1,1,-1,-1
508,162,423,256,260,668,1,1,-1,-1
508,163,1528,456,76,190,1,1,-1,-1
508,202,1893,430,62,195,1,1,-1,-1
508,203,1826,428,82,205,1,1,-1,-1
509,19,1341,452,71,195,1,1,-1,-1
509,43,1530,400,100,292,1,1,-1,-1
509,134,649,325,189,495,1,1,-1,-1
509,162,429,262,285,662,1,1,-1,-1
509,163,1534,456,76,190,1,1,-1,-1
509,202,1895,429,61,195,1,1,-1,-1
509,203,1828,426,81,205,1,1,-1,-1
510,19,1350,451,67,196,1,1,-1,-1
510,43,1534,400,99,291,1,1,-1,-1
510,162,436,267,309,656,1,1,-1,-1
510,163,1532,491,62,156,1,1,-1,-1
510,203,1830,425,80,205,1,1,-1,-1
511,19,1350,438,81,227,1,1,-1,-1
511,43,1539,400,98,290,1,1,-1,-1
511,203,1832,423,79,206,1,1,-1,-1
511,251,670,324,199,495,1,1,-1,-1
512,19,1345,439,79,225,1,1,-1,-1
512,43,1543,400,97,289,1,1,-1,-1
512,203,1834,422,78,206,1,1,-1,-1
512,251,675,326,185,492,1,1,-1,-1
512,252,463,272,307,646,1,1,-1,-1
513,19,1338,439,84,226,1,1,-1,-1
513,43,1548,400,96,288,1,1,-1,-1
513,251,680,328,171,490,1,1,-1,-1
513,252,483,272,280,642,1,1,-1,-1
514,19,1331,439,90,227,1,1,-1,-1
514,43,1552,400,96,287,1,1,-1,-1
514,251,686,330,156,488,1,1,-1,-1
514,252,504,272,252,638,1,1,-1,-1
515,19,1324,440,95,227,1,1,-1,-1
515,43,1557,400,95,286,1,1,-1,-1
515,79,1640,445,67,193,1,1,-1,-1
515,251,693,330,155,486,1,1,-1,-1
515,252,542,269,235,632,1,1,-1,-1
516,19,1317,440,101,228,1,1,-1,-1
516,79,1643,444,66,194,1,1,-1,-1
516,115,1574,454,78,192,1,1,-1,-1
516,252,556,195,260,743,1,1,-1,-1
517,19,1310,440,106,229,1,1,-1,-1
517,79,1646,444,66,194,1,1,-1,-1
517,115,1580,454,78,192,1,1,-1,-1
517,116,708,331,152,482,1,1,-1,-1
518,19,1303,441,112,230,1,1,-1,-1
518,79,1649,444,66,194,1,1,-1,-1
518,115,1586,454,78,192,1,1,-1,-1
518,116,716,332,150,480,1,1,-1,-1
518,135,1839,428,74,195,1,1,-1,-1
519,19,1299,441,106,227,1,1,-1,-1
519,79,1652,445,66,194,1,1,-1,-1
519,115,1592,454,78,192,1,1,-1,-1
519,116,749,284,165,533,1,1,-1,-1
519,135,1840,428,74,194,1,1,-1,-1
520,19,1295,442,101,223,1,1,-1,-1
520,79,1656,446,65,194,1,1,-1,-1
520,115,1598,454,78,192,1,1,-1,-1
520,116,731,332,146,476,1,1,-1,-1
520,135,1842,428,74,194,1,1,-1,-1
521,19,1348,435,97,229,1,1,-1,-1
521,79,1659,447,65,194,1,1,-1,-1
521,115,1634,434,63,189,1,1,-1,-1
521,116,738,332,144,474,1,1,-1,-1
521,135,1843,429,73,192,1,1,-1,-1
521,253,1584,400,92,280,1,1,-1,-1
522,19,1345,436,98,228,1,1,-1,-1
522,79,1663,448,64,194,1,1,-1,-1
522,115,1610,454,78,192,1,1,-1,-1
522,116,746,332,142,472,1,1,-1,-1
522,135,1844,430,73,191,1,1,-1,-1
522,253,1588,400,92,279,1,1,-1,-1
523,19,1342,437,99,227,1,1,-1,-1
523,79,1666,446,64,194,1,1,-1,-1
523,115,1616,454,78,193,1,1,-1,-1
523,116,667,295,261,588,1,1,-1,-1
523,135,1845,431,73,189,1,1,-1,-1
523,253,1593,401,91,278,1,1,-1,-1
524,19,1340,438,99,226,1,1,-1,-1
524,79,1670,445,63,194,1,1,-1,-1
524,115,1622,454,78,193,1,1,-1,-1
524,116,678,298,269,582,1,1,-1,-1
524,135,1846,432,73,188,1,1,-1,-1
524,253,1597,401,91,277,1,1,-1,-1
525,19,1330,439,106,226,1,1,-1,-1
525,79,1674,444,62,194,1,1,-1,-1
525,116,768,334,138,466,1,1,-1,-1
525,135,1848,434,72,186,1,1,-1,-1
525,253,1602,402,90,276,1,1,-1,-1
