1,3,111.98,156.00,89.04,172.00,1,1,-1,-1
1,2,17.02,150.90,76.95,189.20,1,1,-1,-1
2,5,312.09,213.72,11.81,30.56,1,1,-1,-1
2,4,260.71,203.10,25.58,45.80,1,1,-1,-1
2,3,115.38,153.20,89.24,177.60,1,1,-1,-1
2,2,20.86,148.12,76.28,194.75,1,1,-1,-1
3,6,243.70,183.49,20.61,81.03,1,1,-1,-1
8,7,278.37,187.67,18.14,69.92,1,1,-1,-1
13,17,325.46,203.01,25.92,65.66,1,1,-1,-1
14,23,345.24,208.32,26.67,48.23,1,1,-1,-1
14,22,321.28,180.09,19.65,73.34,1,1,-1,-1
14,18,171.03,202.50,19.04,61.73,1,1,-1,-1
15,25,94.64,120.76,75.98,220.52,1,1,-1,-1
17,17,350.26,188.62,27.74,76.39,1,1,-1,-1
17,10,332.73,194.40,23.12,71.47,1,1,-1,-1
18,28,421.95,212.41,12.94,28.28,1,1,-1,-1
18,17,359.84,191.46,26.53,75.48,1,1,-1,-1
18,10,336.65,193.75,23.87,72.49,1,1,-1,-1
19,28,424.05,208.75,14.96,31.41,1,1,-1,-1
19,17,366.15,194.09,25.27,72.08,1,1,-1,-1
19,10,350.92,188.26,24.53,75.41,1,1,-1,-1
20,17,370.23,193.52,26.07,73.30,1,1,-1,-1
21,17,374.55,194.92,25.56,69.90,1,1,-1,-1
23,28,438.66,205.56,12.57,33.29,1,1,-1,-1
24,28,440.96,205.30,14.23,34.13,1,1,-1,-1
25,41,375.85,176.44,21.31,85.82,1,1,-1,-1
32,47,400.70,174.22,29.33,83.26,1,1,-1,-1
37,61,453.13,187.43,29.60,83.12,1,1,-1,-1
38,61,457.21,186.70,30.23,85.65,1,1,-1,-1
38,59,70.03,55.24,151.41,420.96,1,1,-1,-1
39,59,68.05,49.48,155.80,433.19,1,1,-1,-1
40,59,66.56,41.68,161.49,446.22,1,1,-1,-1
41,67,137.15,65.67,97.90,335.99,1,1,-1,-1
42,61,469.27,185.88,29.54,86.67,1,1,-1,-1
43,68,263.65,181.04,33.02,88.42,1,1,-1,-1
43,61,471.08,185.20,30.14,87.91,1,1,-1,-1
44,68,268.00,179.56,34.58,89.58,1,1,-1,-1
45,68,270.59,178.91,33.67,88.86,1,1,-1,-1
63,83,-14.13,-18.86,246.89,621.72,1,1,-1,-1
64,84,495.95,179.23,37.00,96.41,1,1,-1,-1
67,87,115.02,15.57,144.92,423.91,1,1,-1,-1
68,85,571.90,193.21,29.09,55.81,1,1,-1,-1
69,85,573.04,192.03,31.67,58.02,1,1,-1,-1
70,89,311.56,-16.36,289.73,583.61,1,1,-1,-1
73,93,303.83,178.44,24.86,83.27,1,1,-1,-1
76,98,593.23,193.54,24.64,55.92,1,1,-1,-1
76,96,556.38,201.63,22.35,39.81,1,1,-1,-1
77,98,594.27,193.36,28.15,56.28,1,1,-1,-1
77,97,-16.74,-19.87,250.42,622.74,1,1,-1,-1
80,96,557.25,200.19,22.68,42.64,1,1,-1,-1
81,97,-16.83,-20.78,249.57,623.60,1,1,-1,-1
81,96,557.84,201.19,21.51,40.64,1,1,-1,-1
83,98,607.02,190.11,31.63,63.56,1,1,-1,-1
86,102,300.94,180.15,22.92,81.65,1,1,-1,-1
93,111,541.03,197.60,21.24,48.81,1,1,-1,-1
93,102,299.04,175.62,24.75,87.58,1,1,-1,-1
95,112,-39.04,-18.32,273.19,631.46,1,1,-1,-1
102,127,325.98,170.16,29.67,98.09,1,1,-1,-1
103,125,297.61,175.72,26.12,91.80,1,1,-1,-1
104,125,291.96,174.96,25.45,92.53,1,1,-1,-1
105,132,145.98,18.03,139.04,412.95,1,1,-1,-1
105,125,298.30,175.90,24.63,91.10,1,1,-1,-1
106,132,145.42,17.80,140.16,413.41,1,1,-1,-1
106,125,300.36,175.16,24.45,92.72,1,1,-1,-1
107,132,144.13,15.43,142.73,418.14,1,1,-1,-1
109,135,328.42,174.63,27.15,86.75,1,1,-1,-1
111,132,142.13,15.44,146.74,418.13,1,1,-1,-1
112,132,141.39,15.38,148.22,418.24,1,1,-1,-1
113,141,537.24,197.53,18.41,46.95,1,1,-1,-1
113,135,328.20,175.75,26.53,85.56,1,1,-1,-1
113,132,141.65,16.25,147.71,416.49,1,1,-1,-1
114,141,536.25,197.06,20.40,47.89,1,1,-1,-1
114,135,328.12,175.86,26.69,85.35,1,1,-1,-1
115,141,537.07,199.28,17.34,43.43,1,1,-1,-1
115,135,327.46,176.11,28.01,84.86,1,1,-1,-1
116,141,537.43,199.44,16.14,43.12,1,1,-1,-1
116,138,-23.37,-22.82,256.16,624.56,1,1,-1,-1
120,146,543.43,193.22,26.08,57.34,1,1,-1,-1
121,149,288.66,177.14,28.37,88.72,1,1,-1,-1
121,146,543.72,193.41,24.42,57.20,1,1,-1,-1
121,135,327.83,174.78,27.30,88.49,1,1,-1,-1
122,149,289.91,177.70,26.74,87.61,1,1,-1,-1
122,146,543.43,193.87,23.31,56.36,1,1,-1,-1
123,149,294.37,173.82,30.07,95.36,1,1,-1,-1
124,149,297.12,174.38,28.92,94.25,1,1,-1,-1
125,149,293.78,177.02,26.01,88.96,1,1,-1,-1
126,149,292.40,177.17,25.32,88.65,1,1,-1,-1
127,154,496.37,180.23,35.16,90.53,1,1,-1,-1
127,149,290.95,177.73,27.00,87.54,1,1,-1,-1
128,156,587.79,204.44,17.49,35.99,1,1,-1,-1
128,154,495.98,179.44,35.94,92.13,1,1,-1,-1
129,159,328.37,175.00,26.26,88.00,1,1,-1,-1
129,156,587.37,203.89,17.14,38.12,1,1,-1,-1
129,154,495.13,177.52,37.66,95.96,1,1,-1,-1
130,162,291.65,174.26,29.00,94.49,1,1,-1,-1
130,159,326.84,174.43,29.32,89.13,1,1,-1,-1
130,154,494.59,177.20,38.74,96.60,1,1,-1,-1
131,162,292.58,178.49,24.70,86.03,1,1,-1,-1
131,159,329.48,188.43,25.12,78.58,1,1,-1,-1
132,162,296.79,176.07,26.17,90.87,1,1,-1,-1
134,154,496.35,178.73,35.27,94.56,1,1,-1,-1
137,169,551.16,192.23,28.56,56.14,1,1,-1,-1
138,169,550.70,194.76,28.11,52.02,1,1,-1,-1
139,175,143.30,20.47,146.40,415.37,1,1,-1,-1
139,169,550.31,194.61,27.71,53.35,1,1,-1,-1
140,175,142.41,18.83,146.63,418.22,1,1,-1,-1
140,169,549.79,195.71,27.66,52.88,1,1,-1,-1
141,177,301.59,-37.93,286.82,610.98,1,1,-1,-1
141,175,143.29,18.45,144.40,417.41,1,1,-1,-1
141,172,-29.91,-22.66,259.97,621.22,1,1,-1,-1
142,177,302.31,-37.81,286.37,610.53,1,1,-1,-1
142,175,142.70,18.47,145.44,416.87,1,1,-1,-1
153,194,296.59,-46.43,310.63,621.72,1,1,-1,-1
153,193,298.23,173.40,30.16,96.30,1,1,-1,-1
154,195,495.69,181.27,34.51,91.57,1,1,-1,-1
154,194,294.13,-45.73,306.88,618.77,1,1,-1,-1
154,193,296.97,171.44,32.67,100.22,1,1,-1,-1
155,201,576.79,196.20,21.57,51.60,1,1,-1,-1
155,195,495.54,180.58,34.80,92.94,1,1,-1,-1
155,194,292.95,-44.62,299.14,614.64,1,1,-1,-1
155,193,296.13,172.23,34.17,98.63,1,1,-1,-1
156,201,575.93,196.22,22.29,51.56,1,1,-1,-1
156,197,-34.31,-26.53,260.01,628.16,1,1,-1,-1
156,195,495.35,179.24,35.21,95.60,1,1,-1,-1
156,193,296.48,173.35,33.29,96.38,1,1,-1,-1
157,201,576.44,197.49,20.26,49.03,1,1,-1,-1
157,195,496.04,180.46,33.86,93.17,1,1,-1,-1
157,193,296.85,173.87,32.40,95.32,1,1,-1,-1
158,193,297.10,174.27,31.75,94.53,1,1,-1,-1
159,193,297.42,174.84,31.00,93.36,1,1,-1,-1
160,197,-34.78,-29.09,260.01,632.25,1,1,-1,-1
160,193,297.99,175.61,29.76,91.83,1,1,-1,-1
161,197,-34.49,-27.64,259.54,629.25,1,1,-1,-1
161,193,290.19,175.40,29.41,91.58,1,1,-1,-1
162,197,-34.20,-28.41,259.03,630.77,1,1,-1,-1
162,193,286.95,176.20,29.88,89.71,1,1,-1,-1
163,197,-34.78,-27.51,260.24,628.96,1,1,-1,-1
165,205,519.51,187.94,22.55,69.26,1,1,-1,-1
166,205,518.72,185.71,24.75,74.27,1,1,-1,-1
167,205,518.30,187.76,25.17,71.08,1,1,-1,-1
168,205,517.88,186.95,26.60,72.32,1,1,-1,-1
169,205,518.40,187.94,25.11,70.88,1,1,-1,-1
170,205,517.63,187.41,25.18,72.14,1,1,-1,-1
171,205,515.80,187.64,28.31,71.74,1,1,-1,-1
172,207,136.33,10.79,150.07,439.80,1,1,-1,-1
172,205,517.12,188.78,26.17,69.48,1,1,-1,-1
173,210,-34.75,-27.30,258.39,627.59,1,1,-1,-1
175,212,293.17,-58.35,218.59,626.84,1,1,-1,-1
176,215,496.54,179.25,34.01,96.33,1,1,-1,-1
184,221,-39.68,-28.93,267.36,629.86,1,1,-1,-1
184,218,566.22,201.62,17.36,42.93,1,1,-1,-1
185,221,-38.11,-28.80,264.21,629.59,1,1,-1,-1
186,221,-38.81,-28.80,264.17,629.60,1,1,-1,-1
187,223,286.54,177.77,27.04,86.46,1,1,-1,-1
187,222,524.16,188.15,25.92,69.97,1,1,-1,-1
190,212,307.74,-36.40,204.51,574.66,1,1,-1,-1
191,223,288.91,179.29,23.29,83.42,1,1,-1,-1
191,212,310.03,-35.33,200.93,571.77,1,1,-1,-1
192,223,288.99,178.81,23.14,84.39,1,1,-1,-1
193,223,289.14,179.03,22.84,83.95,1,1,-1,-1
193,221,-38.91,-30.41,263.74,631.76,1,1,-1,-1
194,223,288.63,177.18,25.83,88.30,1,1,-1,-1
194,221,-39.24,-30.52,265.05,631.99,1,1,-1,-1
195,227,494.56,181.69,30.81,94.36,1,1,-1,-1
195,223,294.51,178.14,26.17,86.64,1,1,-1,-1
195,221,-39.72,-32.24,266.27,634.77,1,1,-1,-1
196,231,131.44,13.61,155.12,433.89,1,1,-1,-1
196,223,295.18,177.30,27.98,88.41,1,1,-1,-1
196,221,-39.76,-32.37,265.77,634.80,1,1,-1,-1
197,234,305.35,-39.27,207.40,582.50,1,1,-1,-1
197,231,130.59,13.71,154.82,433.71,1,1,-1,-1
197,223,295.45,176.59,28.56,89.87,1,1,-1,-1
198,234,304.67,-40.65,207.79,585.48,1,1,-1,-1
198,223,294.84,175.84,26.82,90.69,1,1,-1,-1
199,223,292.72,177.52,27.24,88.41,1,1,-1,-1
200,223,291.54,178.38,26.16,86.43,1,1,-1,-1
202,234,299.12,-46.99,214.82,600.94,1,1,-1,-1
203,234,299.16,-47.17,213.74,602.22,1,1,-1,-1
204,234,298.49,-48.67,214.73,605.53,1,1,-1,-1
204,231,111.65,14.58,148.58,420.75,1,1,-1,-1
205,231,109.22,14.45,149.11,417.35,1,1,-1,-1
206,231,109.56,18.66,147.68,410.91,1,1,-1,-1
207,241,491.27,182.24,33.25,95.51,1,1,-1,-1
207,231,110.09,20.83,147.16,409.35,1,1,-1,-1
208,241,490.94,182.19,33.86,96.40,1,1,-1,-1
209,241,490.42,182.12,34.94,96.78,1,1,-1,-1
210,241,490.15,182.89,34.07,95.30,1,1,-1,-1
211,244,534.70,194.06,25.78,57.90,1,1,-1,-1
213,246,287.29,-52.98,227.96,627.78,1,1,-1,-1
214,246,287.29,-46.37,226.53,624.03,1,1,-1,-1
214,241,487.38,183.51,34.24,94.05,1,1,-1,-1
215,246,288.74,-37.88,222.49,617.18,1,1,-1,-1
215,241,486.29,182.46,34.09,94.79,1,1,-1,-1
216,241,485.84,181.68,32.82,95.85,1,1,-1,-1
217,250,-41.03,-33.24,234.64,636.48,1,1,-1,-1
217,241,484.15,180.97,34.10,95.77,1,1,-1,-1
218,250,-41.65,-35.70,239.64,641.40,1,1,-1,-1
218,241,482.26,179.26,35.82,98.63,1,1,-1,-1
219,250,-41.63,-36.03,243.64,642.07,1,1,-1,-1
221,251,507.32,181.26,31.13,89.35,1,1,-1,-1
222,251,507.24,182.30,29.81,89.00,1,1,-1,-1
224,248,206.11,94.82,103.03,281.78,1,1,-1,-1
225,248,213.81,98.62,96.39,270.55,1,1,-1,-1
226,248,221.47,102.17,91.32,260.77,1,1,-1,-1
231,259,-6.60,-8.22,231.57,567.16,1,1,-1,-1
232,260,322.73,67.31,139.41,423.25,1,1,-1,-1
232,259,-5.98,-5.52,230.93,571.43,1,1,-1,-1
233,263,510.24,183.32,35.34,97.31,1,1,-1,-1
233,260,330.69,68.61,138.00,417.91,1,1,-1,-1
234,263,513.81,180.24,36.74,102.94,1,1,-1,-1
238,269,299.88,127.28,59.55,194.60,1,1,-1,-1
242,273,233.22,148.66,52.75,140.35,1,1,-1,-1
243,273,225.08,150.20,51.88,138.83,1,1,-1,-1
244,273,215.20,149.88,51.49,139.93,1,1,-1,-1
245,281,518.80,130.88,69.22,187.33,1,1,-1,-1
246,281,524.62,127.81,69.54,193.00,1,1,-1,-1
247,269,312.09,119.21,72.25,197.29,1,1,-1,-1
248,280,74.49,10.51,218.09,501.43,1,1,-1,-1
249,287,392.85,173.03,28.46,88.06,1,1,-1,-1
249,280,88.21,10.66,208.60,499.28,1,1,-1,-1
252,293,514.94,-85.07,267.12,680.09,1,1,-1,-1
254,296,56.08,179.50,53.06,94.05,1,1,-1,-1
254,284,420.13,170.91,39.01,124.86,1,1,-1,-1
255,300,111.63,141.30,72.81,163.45,1,1,-1,-1
255,296,54.30,181.82,52.24,95.90,1,1,-1,-1
255,284,419.52,169.50,40.93,127.86,1,1,-1,-1
256,296,36.28,177.62,54.59,104.09,1,1,-1,-1
257,296,25.53,180.49,53.11,103.08,1,1,-1,-1
258,296,-0.21,178.48,56.30,107.27,1,1,-1,-1
259,308,26.96,128.36,92.47,183.58,1,1,-1,-1
260,308,0.57,122.30,99.58,196.58,1,1,-1,-1
261,314,465.57,144.84,62.06,178.75,1,1,-1,-1
262,314,459.49,140.79,63.55,183.31,1,1,-1,-1
263,313,387.35,157.06,47.00,161.22,1,1,-1,-1
269,322,147.99,50.77,169.42,346.12,1,1,-1,-1
269,321,433.19,125.91,72.40,192.76,1,1,-1,-1
270,324,409.50,-109.07,252.99,651.20,1,1,-1,-1
270,322,106.19,32.67,175.81,357.76,1,1,-1,-1
270,321,428.44,115.48,73.45,200.18,1,1,-1,-1
271,324,401.56,-117.64,258.89,659.15,1,1,-1,-1
272,327,303.72,54.86,53.66,163.59,1,1,-1,-1
272,314,406.72,45.06,85.66,226.08,1,1,-1,-1
273,314,411.01,46.82,85.11,226.71,1,1,-1,-1
274,322,19.18,-83.00,244.77,554.41,1,1,-1,-1
274,314,409.04,53.62,88.43,228.26,1,1,-1,-1
275,333,264.71,89.45,56.58,151.39,1,1,-1,-1
275,322,11.84,-76.00,249.76,572.66,1,1,-1,-1
276,322,13.31,-48.59,246.11,563.04,1,1,-1,-1
279,338,342.29,-105.65,257.46,646.24,1,1,-1,-1
280,342,227.11,120.92,83.07,245.16,1,1,-1,-1
280,338,333.79,-102.28,258.45,642.47,1,1,-1,-1
282,339,506.51,75.41,116.84,306.78,1,1,-1,-1
283,339,496.27,97.58,117.48,305.18,1,1,-1,-1
284,349,149.83,109.47,98.00,273.13,1,1,-1,-1
285,349,153.35,101.82,99.95,286.12,1,1,-1,-1
288,352,387.39,70.04,141.30,389.80,1,1,-1,-1
289,352,406.75,63.23,142.12,404.38,1,1,-1,-1
290,360,276.93,161.40,55.58,176.20,1,1,-1,-1
291,360,294.20,161.69,58.26,180.18,1,1,-1,-1
292,360,311.75,161.39,61.14,185.00,1,1,-1,-1
294,367,421.28,168.16,50.02,138.79,1,1,-1,-1
295,368,529.58,-13.79,237.17,602.54,1,1,-1,-1
295,367,431.79,167.80,48.74,137.18,1,1,-1,-1
296,367,441.23,165.52,50.93,141.01,1,1,-1,-1
297,373,206.01,25.95,145.01,492.96,1,1,-1,-1
298,370,81.66,125.36,109.83,238.02,1,1,-1,-1
299,370,70.17,121.28,110.67,245.67,1,1,-1,-1
301,378,414.48,164.84,83.73,170.88,1,1,-1,-1
301,373,181.48,-47.48,195.82,602.25,1,1,-1,-1
305,383,87.80,46.59,201.97,447.33,1,1,-1,-1
305,373,64.56,-79.25,215.42,638.90,1,1,-1,-1
306,373,23.41,-82.61,227.80,668.72,1,1,-1,-1
307,385,235.00,128.89,70.23,192.01,1,1,-1,-1
308,392,305.27,146.14,73.62,180.82,1,1,-1,-1
308,385,235.35,134.34,67.97,182.51,1,1,-1,-1
308,384,396.01,179.17,41.33,114.15,1,1,-1,-1
309,395,257.36,177.28,50.31,133.33,1,1,-1,-1
309,392,310.52,146.15,74.90,178.83,1,1,-1,-1
309,384,397.99,185.57,33.13,102.04,1,1,-1,-1
310,395,257.94,177.72,49.68,134.56,1,1,-1,-1
311,395,240.54,181.04,53.04,142.68,1,1,-1,-1
312,397,355.73,179.75,63.36,149.54,1,1,-1,-1
312,395,251.83,179.10,50.89,141.43,1,1,-1,-1
313,403,443.35,175.05,43.18,119.99,1,1,-1,-1
313,402,-73.40,32.68,162.91,469.62,1,1,-1,-1
313,397,354.79,180.77,62.51,148.35,1,1,-1,-1
314,403,441.86,175.67,43.53,118.94,1,1,-1,-1
314,397,359.41,182.08,63.26,148.69,1,1,-1,-1
315,403,435.72,179.58,41.47,116.31,1,1,-1,-1
315,397,365.70,187.62,60.97,146.77,1,1,-1,-1
316,408,8.77,149.63,81.29,172.58,1,1,-1,-1
316,407,189.12,129.88,63.73,175.56,1,1,-1,-1
316,406,115.67,55.48,182.06,458.64,1,1,-1,-1
316,403,410.80,162.96,60.55,154.81,1,1,-1,-1
316,397,374.16,187.08,66.60,149.04,1,1,-1,-1
316,395,265.50,150.54,72.76,190.60,1,1,-1,-1
317,407,181.27,124.27,65.03,183.78,1,1,-1,-1
317,406,125.20,53.75,182.30,458.92,1,1,-1,-1
317,403,405.26,156.21,69.79,170.72,1,1,-1,-1
317,395,258.49,159.10,73.00,182.35,1,1,-1,-1
318,406,127.89,49.24,182.77,459.58,1,1,-1,-1
319,406,132.20,52.88,184.17,460.81,1,1,-1,-1
320,414,340.59,121.53,94.42,228.90,1,1,-1,-1
320,406,142.34,52.54,185.03,466.64,1,1,-1,-1
321,414,344.52,113.80,100.50,234.90,1,1,-1,-1
321,406,149.94,46.71,195.49,470.59,1,1,-1,-1
321,395,305.22,150.64,78.77,182.39,1,1,-1,-1
322,414,355.46,108.77,104.20,239.28,1,1,-1,-1
325,422,467.53,151.26,42.97,119.50,1,1,-1,-1
326,422,462.83,145.21,35.06,97.56,1,1,-1,-1
327,422,459.40,152.40,38.15,106.04,1,1,-1,-1
327,420,537.70,144.72,60.41,148.60,1,1,-1,-1
330,428,53.51,73.94,106.55,281.76,1,1,-1,-1
331,433,554.31,123.49,107.13,237.95,1,1,-1,-1
331,428,35.29,64.07,109.27,304.68,1,1,-1,-1
332,433,576.21,139.16,97.60,219.04,1,1,-1,-1
332,428,3.84,43.27,119.77,335.30,1,1,-1,-1
333,430,411.53,115.79,83.41,198.55,1,1,-1,-1
333,428,-16.25,33.96,124.60,350.88,1,1,-1,-1
334,430,405.60,126.79,70.96,171.46,1,1,-1,-1
335,430,418.03,129.81,79.46,190.71,1,1,-1,-1
336,430,422.89,128.66,85.66,199.76,1,1,-1,-1
338,443,27.65,111.82,63.42,178.09,1,1,-1,-1
338,433,578.84,99.94,89.18,221.92,1,1,-1,-1
339,442,-48.70,114.70,85.05,181.97,1,1,-1,-1
340,442,-48.65,115.96,79.81,176.29,1,1,-1,-1
342,443,37.54,112.50,71.58,184.22,1,1,-1,-1
346,448,442.10,97.54,79.60,248.63,1,1,-1,-1
346,442,-10.52,124.84,83.54,182.27,1,1,-1,-1
347,448,453.58,93.89,82.27,260.50,1,1,-1,-1
347,442,2.76,125.67,83.34,179.10,1,1,-1,-1
348,442,23.36,125.83,74.23,176.78,1,1,-1,-1
351,455,328.26,-15.71,214.26,545.45,1,1,-1,-1
355,459,149.04,124.25,70.40,168.03,1,1,-1,-1
356,459,157.23,122.97,69.90,169.16,1,1,-1,-1
357,461,-54.70,34.08,162.19,329.01,1,1,-1,-1
357,459,161.77,123.95,71.63,168.27,1,1,-1,-1
358,461,-68.73,38.41,174.25,333.56,1,1,-1,-1
358,459,164.31,127.03,73.69,171.02,1,1,-1,-1
361,463,117.62,166.93,59.97,156.20,1,1,-1,-1
362,463,103.29,169.28,56.82,148.55,1,1,-1,-1
363,463,94.30,174.21,54.63,140.80,1,1,-1,-1
364,467,181.46,156.67,60.47,172.45,1,1,-1,-1
368,467,203.01,145.19,63.58,166.51,1,1,-1,-1
369,467,216.46,149.50,66.11,167.22,1,1,-1,-1
377,479,419.06,221.79,7.97,34.28,1,1,-1,-1
378,477,502.24,-42.93,283.43,659.98,1,1,-1,-1
379,477,518.44,-40.21,279.95,654.53,1,1,-1,-1
380,477,536.93,-36.88,268.63,645.68,1,1,-1,-1
381,479,404.35,219.03,18.46,42.79,1,1,-1,-1
382,489,442.85,201.79,29.43,77.84,1,1,-1,-1
382,479,402.02,221.45,16.98,40.04,1,1,-1,-1
383,489,442.10,201.69,25.56,73.84,1,1,-1,-1
383,479,399.26,223.30,16.38,38.47,1,1,-1,-1
384,479,398.61,221.20,14.24,37.38,1,1,-1,-1
385,479,396.41,220.95,12.21,35.91,1,1,-1,-1
385,475,5.28,70.60,123.54,335.72,1,1,-1,-1
386,475,2.14,69.84,120.33,339.49,1,1,-1,-1
387,475,0.21,69.97,118.88,343.36,1,1,-1,-1
390,501,274.18,163.31,57.38,159.84,1,1,-1,-1
391,503,398.86,197.54,24.45,77.90,1,1,-1,-1
397,513,369.27,194.94,39.04,89.81,1,1,-1,-1
398,513,369.47,198.30,35.18,85.65,1,1,-1,-1
400,517,248.93,167.70,52.12,146.91,1,1,-1,-1
401,517,248.65,167.85,49.63,143.60,1,1,-1,-1
402,521,363.84,200.46,25.02,80.36,1,1,-1,-1
402,517,245.50,164.39,53.66,149.66,1,1,-1,-1
402,513,353.05,198.97,28.94,69.46,1,1,-1,-1
403,517,244.69,163.22,53.24,150.39,1,1,-1,-1
411,530,187.98,161.46,46.59,139.50,1,1,-1,-1
411,529,333.79,191.32,28.35,67.28,1,1,-1,-1
419,535,544.61,127.79,91.51,239.60,1,1,-1,-1
422,536,199.20,163.48,43.48,130.88,1,1,-1,-1
423,536,194.02,161.91,46.74,133.21,1,1,-1,-1
424,536,191.32,162.72,44.45,130.76,1,1,-1,-1
427,540,130.85,162.84,45.22,127.24,1,1,-1,-1
429,543,244.65,188.96,23.42,62.57,1,1,-1,-1
431,535,416.60,116.82,82.34,207.47,1,1,-1,-1
432,535,408.69,118.43,79.06,204.17,1,1,-1,-1
434,546,218.02,173.55,26.85,75.75,1,1,-1,-1
435,546,215.94,175.10,28.60,77.10,1,1,-1,-1
436,535,382.60,126.72,67.43,191.74,1,1,-1,-1
437,547,246.25,26.48,223.14,470.95,1,1,-1,-1
437,535,374.86,128.43,67.80,189.49,1,1,-1,-1
438,547,200.46,-20.66,258.86,536.34,1,1,-1,-1
439,547,140.15,-11.23,273.99,545.16,1,1,-1,-1
441,552,-131.61,-42.78,217.33,637.48,1,1,-1,-1
442,552,-128.32,-37.32,217.37,630.62,1,1,-1,-1
443,552,-125.40,-31.80,217.74,622.91,1,1,-1,-1
454,568,476.31,78.20,137.93,339.24,1,1,-1,-1
455,569,564.04,91.53,101.86,287.17,1,1,-1,-1
457,571,249.88,193.01,20.94,53.73,1,1,-1,-1
457,567,384.10,133.16,67.90,192.11,1,1,-1,-1
458,571,254.69,192.22,22.51,56.79,1,1,-1,-1
461,573,1.40,-7.31,218.57,557.23,1,1,-1,-1
462,573,7.29,-9.28,215.50,558.86,1,1,-1,-1
463,573,11.26,-13.05,216.27,563.59,1,1,-1,-1
468,583,270.59,170.73,20.04,84.79,1,1,-1,-1
468,579,560.58,75.32,97.01,335.64,1,1,-1,-1
470,586,444.21,86.10,119.99,321.30,1,1,-1,-1
471,586,441.93,83.20,120.26,322.53,1,1,-1,-1
474,589,566.05,75.88,95.25,317.31,1,1,-1,-1
475,589,563.46,73.09,99.87,319.70,1,1,-1,-1
475,586,448.00,87.23,105.25,313.82,1,1,-1,-1
476,589,560.78,71.04,104.23,320.02,1,1,-1,-1
477,589,556.92,69.01,110.13,320.14,1,1,-1,-1
479,592,262.54,29.19,138.13,400.97,1,1,-1,-1
481,593,431.19,76.04,112.95,332.60,1,1,-1,-1
483,589,519.78,76.13,110.27,338.75,1,1,-1,-1
485,593,401.02,95.25,117.54,331.93,1,1,-1,-1
485,591,400.55,141.64,61.94,207.59,1,1,-1,-1
486,593,393.61,96.62,117.79,332.63,1,1,-1,-1
486,591,394.18,140.54,65.12,210.99,1,1,-1,-1
503,605,351.85,133.37,82.72,219.30,1,1,-1,-1
504,605,352.00,132.78,82.70,218.91,1,1,-1,-1
505,606,480.95,82.42,111.82,332.29,1,1,-1,-1
505,605,352.39,132.90,80.55,218.20,1,1,-1,-1
505,604,38.55,-107.44,297.87,695.12,1,1,-1,-1
506,607,159.71,7.54,154.45,435.06,1,1,-1,-1
506,606,482.29,81.58,112.12,333.41,1,1,-1,-1
506,604,46.07,-108.76,298.77,696.53,1,1,-1,-1
507,607,160.44,5.79,155.48,439.50,1,1,-1,-1
507,604,55.21,-108.57,296.48,695.76,1,1,-1,-1
511,604,105.65,-107.93,285.90,698.05,1,1,-1,-1
512,604,129.79,-72.23,245.82,616.48,1,1,-1,-1
514,603,399.03,91.85,98.75,325.73,1,1,-1,-1
515,603,399.17,94.19,97.34,323.35,1,1,-1,-1
516,603,399.31,96.03,95.25,320.54,1,1,-1,-1
517,603,400.03,97.09,93.07,319.39,1,1,-1,-1
519,609,377.25,136.05,66.79,225.67,1,1,-1,-1
520,613,124.02,80.11,115.19,320.91,1,1,-1,-1
520,609,381.23,135.41,66.45,225.14,1,1,-1,-1
521,609,387.02,134.61,64.24,224.68,1,1,-1,-1
528,619,159.14,105.37,98.81,275.93,1,1,-1,-1
528,618,428.83,-75.19,279.42,673.39,1,1,-1,-1
529,619,164.67,109.93,95.78,276.19,1,1,-1,-1
530,619,168.21,110.32,93.72,274.15,1,1,-1,-1
531,621,207.70,20.54,166.13,465.28,1,1,-1,-1
531,619,158.28,102.84,102.03,288.29,1,1,-1,-1
532,621,213.07,23.57,161.27,459.89,1,1,-1,-1
532,619,164.32,99.54,101.65,285.94,1,1,-1,-1
533,621,203.24,20.73,162.17,465.03,1,1,-1,-1
538,629,440.55,90.08,106.36,326.15,1,1,-1,-1
540,632,179.24,150.09,45.48,138.94,1,1,-1,-1
540,621,196.76,-3.62,168.04,481.44,1,1,-1,-1
541,634,124.57,139.14,53.89,156.40,1,1,-1,-1
541,621,205.95,-3.11,167.72,487.93,1,1,-1,-1
542,621,218.54,2.32,162.52,486.59,1,1,-1,-1
550,644,519.18,56.87,129.39,380.87,1,1,-1,-1
551,644,524.02,50.52,128.01,390.05,1,1,-1,-1
552,642,268.09,101.21,88.10,251.80,1,1,-1,-1
555,639,167.45,113.04,80.69,212.55,1,1,-1,-1
556,639,164.70,112.33,79.64,220.19,1,1,-1,-1
557,649,402.94,111.04,75.69,241.91,1,1,-1,-1
557,639,160.12,111.03,81.12,229.09,1,1,-1,-1
558,649,403.09,109.49,73.66,234.88,1,1,-1,-1
558,639,153.46,107.13,83.08,237.22,1,1,-1,-1
559,649,405.97,102.99,73.71,237.42,1,1,-1,-1
559,647,529.83,125.22,78.40,255.37,1,1,-1,-1
559,639,149.64,98.05,82.61,245.57,1,1,-1,-1
560,652,312.97,47.94,130.65,387.57,1,1,-1,-1
560,651,-40.89,64.06,123.89,306.96,1,1,-1,-1
560,649,407.50,94.87,76.06,243.95,1,1,-1,-1
561,652,308.80,46.68,126.15,387.55,1,1,-1,-1
561,651,-49.84,61.17,122.91,313.28,1,1,-1,-1
562,651,-60.54,63.70,120.78,310.62,1,1,-1,-1
563,639,107.39,70.99,99.12,298.45,1,1,-1,-1
564,639,93.61,63.11,105.25,315.86,1,1,-1,-1
565,656,234.65,-42.99,215.62,571.99,1,1,-1,-1
565,652,286.15,38.44,120.79,396.19,1,1,-1,-1
565,639,82.22,54.20,110.42,332.34,1,1,-1,-1
566,656,232.63,-44.25,216.64,573.49,1,1,-1,-1
566,652,279.63,36.42,119.60,397.42,1,1,-1,-1
567,658,236.11,161.10,42.77,104.64,1,1,-1,-1
567,656,230.40,-45.91,218.83,576.55,1,1,-1,-1
568,658,235.47,162.04,44.92,104.06,1,1,-1,-1
568,656,228.15,-47.72,219.89,578.70,1,1,-1,-1
569,658,234.88,161.00,47.82,108.68,1,1,-1,-1
572,656,214.66,-59.79,233.71,599.25,1,1,-1,-1
573,660,538.58,51.77,122.96,366.10,1,1,-1,-1
573,656,212.00,-62.62,235.95,603.50,1,1,-1,-1
579,656,217.57,-63.29,238.54,599.91,1,1,-1,-1
582,663,497.37,90.15,109.51,299.16,1,1,-1,-1
583,663,524.15,108.07,105.91,278.87,1,1,-1,-1
584,663,485.52,100.56,112.90,295.25,1,1,-1,-1
588,671,266.77,173.12,35.57,115.17,1,1,-1,-1
589,671,257.32,178.67,36.49,109.44,1,1,-1,-1
589,669,-155.47,-114.30,248.51,708.25,1,1,-1,-1
590,671,245.33,177.71,35.78,108.35,1,1,-1,-1
591,671,232.14,169.45,41.95,118.66,1,1,-1,-1
592,671,218.97,170.16,44.72,121.96,1,1,-1,-1
594,673,412.53,134.44,65.27,214.98,1,1,-1,-1
596,669,-163.73,-112.28,227.64,702.35,1,1,-1,-1
596,663,316.96,119.78,95.03,264.44,1,1,-1,-1
597,669,-162.88,-112.32,220.94,702.46,1,1,-1,-1
597,663,309.40,125.36,94.13,259.76,1,1,-1,-1
598,663,299.17,128.90,92.29,257.01,1,1,-1,-1
603,679,347.44,143.28,74.78,226.61,1,1,-1,-1
603,678,133.97,152.03,74.87,172.88,1,1,-1,-1
604,679,340.32,134.65,81.39,238.61,1,1,-1,-1
616,691,129.53,146.37,51.55,145.05,1,1,-1,-1
620,690,273.41,-80.05,237.08,657.98,1,1,-1,-1
622,696,-136.07,-47.01,248.02,612.01,1,1,-1,-1
622,695,164.86,105.26,82.18,270.97,1,1,-1,-1
626,696,-102.17,-32.49,238.88,585.50,1,1,-1,-1
628,693,245.36,134.33,59.47,164.23,1,1,-1,-1
629,693,250.03,136.96,56.00,160.92,1,1,-1,-1
631,703,203.25,117.28,79.74,248.82,1,1,-1,-1
632,703,211.09,118.99,79.47,246.90,1,1,-1,-1
635,696,23.90,-14.26,208.26,550.75,1,1,-1,-1
638,708,283.31,134.76,58.24,174.60,1,1,-1,-1
639,708,283.09,141.66,51.13,160.59,1,1,-1,-1
640,708,278.35,141.86,50.89,159.41,1,1,-1,-1
642,711,-25.62,56.40,129.14,364.59,1,1,-1,-1
643,710,217.08,120.68,72.99,238.36,1,1,-1,-1
646,712,286.78,122.97,65.52,229.37,1,1,-1,-1
647,715,251.21,155.74,49.21,149.45,1,1,-1,-1
647,712,282.91,125.37,65.23,229.99,1,1,-1,-1
648,712,278.22,128.96,67.19,228.20,1,1,-1,-1
653,719,31.04,-9.88,182.96,505.92,1,1,-1,-1
654,721,382.40,-101.33,253.32,678.60,1,1,-1,-1
654,720,223.66,147.53,52.22,170.04,1,1,-1,-1
655,720,197.74,131.12,67.03,212.54,1,1,-1,-1
656,720,209.18,134.18,60.63,190.17,1,1,-1,-1
662,723,80.48,7.13,169.90,472.07,1,1,-1,-1
663,723,86.52,12.00,163.71,468.15,1,1,-1,-1
663,720,214.15,143.70,49.45,150.27,1,1,-1,-1
665,727,213.30,135.16,64.07,197.62,1,1,-1,-1
666,727,215.42,133.33,63.23,200.04,1,1,-1,-1
667,727,217.22,131.33,64.12,202.99,1,1,-1,-1
667,723,90.14,10.48,157.17,471.82,1,1,-1,-1
667,720,216.42,147.21,49.22,147.77,1,1,-1,-1
668,731,58.37,105.07,88.08,246.92,1,1,-1,-1
668,727,216.79,128.32,67.13,208.71,1,1,-1,-1
669,731,47.35,95.95,93.32,261.49,1,1,-1,-1
669,727,218.39,127.04,67.95,210.54,1,1,-1,-1
678,738,93.33,31.80,152.52,437.64,1,1,-1,-1
679,743,222.37,151.08,52.97,168.05,1,1,-1,-1
679,738,95.27,37.38,148.71,436.65,1,1,-1,-1
680,743,223.76,150.53,54.99,177.89,1,1,-1,-1
680,738,97.00,44.25,145.26,435.54,1,1,-1,-1
681,743,225.06,150.33,56.69,187.22,1,1,-1,-1
684,749,32.93,107.61,92.71,249.80,1,1,-1,-1
684,746,18.20,179.06,42.94,100.09,1,1,-1,-1
685,750,271.64,138.49,65.83,190.23,1,1,-1,-1
685,749,21.91,102.49,97.56,257.85,1,1,-1,-1
686,750,268.51,135.44,66.99,192.58,1,1,-1,-1
688,751,492.24,-116.62,277.69,685.91,1,1,-1,-1
689,751,486.53,-116.37,279.97,687.14,1,1,-1,-1
690,751,480.66,-116.85,282.66,689.58,1,1,-1,-1
691,751,476.20,-115.91,283.39,689.74,1,1,-1,-1
692,751,472.42,-115.24,281.81,689.90,1,1,-1,-1
697,763,358.76,104.70,86.20,276.68,1,1,-1,-1
698,763,352.83,103.13,89.29,281.13,1,1,-1,-1
699,763,345.94,111.48,75.49,238.62,1,1,-1,-1
700,763,338.69,106.40,89.99,269.10,1,1,-1,-1
701,763,347.60,110.04,77.42,241.50,1,1,-1,-1
703,764,80.56,145.12,42.87,160.83,1,1,-1,-1
705,770,81.03,110.08,72.27,244.86,1,1,-1,-1
711,780,-42.41,57.50,121.70,368.98,1,1,-1,-1
713,777,266.49,90.08,112.45,290.09,1,1,-1,-1
714,777,270.33,91.56,109.02,287.45,1,1,-1,-1
715,777,274.46,92.88,107.38,286.50,1,1,-1,-1
716,777,279.06,94.83,106.24,286.10,1,1,-1,-1
717,786,342.87,-117.90,315.22,693.80,1,1,-1,-1
717,777,284.18,95.88,105.14,286.75,1,1,-1,-1
718,786,343.01,-119.74,318.89,697.49,1,1,-1,-1
718,777,288.43,98.00,104.79,286.29,1,1,-1,-1
722,790,-30.86,41.36,136.11,368.11,1,1,-1,-1
723,790,-32.85,36.54,139.91,378.05,1,1,-1,-1
723,789,292.57,152.61,49.25,144.32,1,1,-1,-1
724,789,298.18,154.90,46.74,142.95,1,1,-1,-1
724,777,312.43,105.73,102.07,287.86,1,1,-1,-1
725,777,315.60,107.25,101.70,286.86,1,1,-1,-1
726,777,316.67,107.78,101.71,287.87,1,1,-1,-1
727,790,-64.53,-1.48,147.56,433.41,1,1,-1,-1
728,790,-76.78,-3.26,148.25,445.92,1,1,-1,-1
729,793,261.93,149.42,48.13,154.86,1,1,-1,-1
730,800,371.50,-119.72,319.93,702.51,1,1,-1,-1
730,793,263.65,153.65,45.66,150.13,1,1,-1,-1
731,800,372.79,-120.29,321.55,704.45,1,1,-1,-1
731,793,262.57,155.24,48.64,153.12,1,1,-1,-1
732,800,375.15,-120.57,320.87,705.24,1,1,-1,-1
735,803,113.02,208.77,22.15,55.39,1,1,-1,-1
737,808,144.61,81.67,115.77,348.82,1,1,-1,-1
739,812,32.58,183.85,40.71,89.50,1,1,-1,-1
740,812,25.78,180.21,45.04,93.55,1,1,-1,-1
741,808,140.26,82.23,112.30,348.05,1,1,-1,-1
743,818,54.29,111.82,81.54,237.39,1,1,-1,-1
745,815,409.71,-117.86,311.78,704.78,1,1,-1,-1
748,823,111.02,123.35,69.82,204.49,1,1,-1,-1
749,824,-1.17,166.11,49.45,116.56,1,1,-1,-1
749,819,247.88,156.07,43.31,138.54,1,1,-1,-1
750,824,1.06,167.99,43.01,108.00,1,1,-1,-1
750,819,254.38,156.71,41.00,137.57,1,1,-1,-1
751,824,1.39,167.81,40.34,102.67,1,1,-1,-1
751,819,260.43,155.82,39.93,140.04,1,1,-1,-1
752,824,3.55,169.77,33.27,94.22,1,1,-1,-1
753,828,326.81,101.93,110.03,302.02,1,1,-1,-1
753,820,305.42,157.79,50.58,141.32,1,1,-1,-1
754,828,333.30,123.52,95.34,262.10,1,1,-1,-1
755,828,337.65,114.33,98.74,275.10,1,1,-1,-1
761,843,46.36,160.62,48.63,101.95,1,1,-1,-1
761,839,343.98,161.30,43.95,121.62,1,1,-1,-1
762,848,448.56,-118.94,311.91,714.00,1,1,-1,-1
762,846,180.05,188.16,25.11,50.90,1,1,-1,-1
762,843,55.64,182.09,50.58,109.84,1,1,-1,-1
763,848,450.44,-119.65,312.94,715.44,1,1,-1,-1
763,844,355.50,81.37,118.29,322.04,1,1,-1,-1
764,848,453.25,-119.14,312.28,715.14,1,1,-1,-1
764,844,357.64,77.91,118.11,323.38,1,1,-1,-1
765,849,203.42,79.79,121.95,315.48,1,1,-1,-1
765,839,351.64,161.02,40.34,119.54,1,1,-1,-1
766,839,352.69,161.40,39.20,119.41,1,1,-1,-1
767,860,91.61,169.96,28.92,89.16,1,1,-1,-1
767,854,114.17,171.40,27.58,82.49,1,1,-1,-1
767,839,352.45,161.74,39.21,120.32,1,1,-1,-1
768,860,90.94,166.28,31.18,96.69,1,1,-1,-1
768,854,107.66,170.52,28.00,86.36,1,1,-1,-1
768,839,352.53,162.60,37.41,118.56,1,1,-1,-1
769,860,89.68,165.30,32.31,99.24,1,1,-1,-1
769,854,102.37,171.21,27.69,86.96,1,1,-1,-1
770,860,89.06,164.40,33.67,101.11,1,1,-1,-1
770,854,101.17,161.86,25.46,79.98,1,1,-1,-1
771,860,91.66,165.72,33.30,97.70,1,1,-1,-1
774,869,317.03,180.60,20.95,62.55,1,1,-1,-1
774,868,339.25,96.85,98.55,282.60,1,1,-1,-1
775,876,479.07,-119.40,310.97,719.90,1,1,-1,-1
775,869,317.21,182.10,22.01,58.56,1,1,-1,-1
775,860,92.09,151.07,33.29,108.03,1,1,-1,-1
776,878,485.55,28.17,157.06,394.03,1,1,-1,-1
776,860,93.01,159.36,29.54,106.06,1,1,-1,-1
777,879,413.03,-1.96,206.49,459.64,1,1,-1,-1
777,878,476.51,28.02,151.72,380.22,1,1,-1,-1
778,884,44.51,151.46,41.28,141.51,1,1,-1,-1
778,882,208.28,138.05,64.40,171.36,1,1,-1,-1
779,884,33.86,150.92,49.72,149.66,1,1,-1,-1
780,860,104.97,164.92,38.16,103.71,1,1,-1,-1
781,878,451.64,28.60,168.89,404.01,1,1,-1,-1
781,860,111.55,165.03,37.99,104.08,1,1,-1,-1
782,894,490.80,-117.88,307.91,717.72,1,1,-1,-1
782,878,452.69,31.88,166.45,405.71,1,1,-1,-1
783,897,359.03,24.08,176.47,445.02,1,1,-1,-1
783,894,491.75,-115.72,306.11,713.41,1,1,-1,-1
783,878,455.28,36.73,163.01,406.49,1,1,-1,-1
784,897,354.97,25.32,171.52,442.72,1,1,-1,-1
784,878,456.07,36.05,163.35,415.28,1,1,-1,-1
786,902,239.75,117.07,89.58,248.80,1,1,-1,-1
787,902,242.48,116.06,87.90,250.83,1,1,-1,-1
788,878,426.74,19.22,148.35,437.45,1,1,-1,-1
789,909,132.63,99.75,91.63,282.40,1,1,-1,-1
791,916,318.07,48.40,181.52,430.12,1,1,-1,-1
791,915,91.99,174.41,43.47,110.31,1,1,-1,-1
795,916,323.04,43.87,178.05,418.37,1,1,-1,-1
797,926,-81.43,7.10,172.28,529.19,1,1,-1,-1
799,930,163.26,179.70,31.50,101.11,1,1,-1,-1
799,916,280.56,55.21,201.52,416.11,1,1,-1,-1
800,930,160.18,179.19,31.48,100.77,1,1,-1,-1
800,916,280.35,51.49,202.23,410.85,1,1,-1,-1
801,930,157.00,176.55,32.56,104.93,1,1,-1,-1
802,937,233.84,115.34,70.06,224.79,1,1,-1,-1
802,930,156.72,177.48,33.80,104.90,1,1,-1,-1
803,937,236.04,120.04,73.00,228.37,1,1,-1,-1
804,945,204.89,185.80,30.37,86.20,1,1,-1,-1
804,944,180.95,183.03,27.25,81.62,1,1,-1,-1
805,945,204.75,183.50,32.99,91.18,1,1,-1,-1
805,944,183.75,182.89,27.33,81.28,1,1,-1,-1
806,944,187.56,180.93,27.28,85.02,1,1,-1,-1
807,946,536.85,-100.97,268.11,691.18,1,1,-1,-1
807,944,192.75,181.18,27.83,85.93,1,1,-1,-1
808,942,363.62,103.39,92.23,267.44,1,1,-1,-1
808,939,77.19,157.21,40.61,139.34,1,1,-1,-1
809,942,367.30,105.20,91.17,263.10,1,1,-1,-1
809,939,82.14,157.66,45.02,141.07,1,1,-1,-1
810,942,368.54,104.31,93.14,264.69,1,1,-1,-1
810,939,87.48,157.96,44.73,141.38,1,1,-1,-1
811,945,238.89,181.81,31.89,96.93,1,1,-1,-1
811,942,371.22,103.24,92.93,266.82,1,1,-1,-1
811,939,89.25,156.22,48.08,144.46,1,1,-1,-1
812,939,94.17,155.71,45.81,143.97,1,1,-1,-1
813,958,44.27,154.69,44.24,137.83,1,1,-1,-1
813,939,97.47,154.04,47.06,146.69,1,1,-1,-1
814,958,40.00,152.42,43.18,141.37,1,1,-1,-1
814,916,334.61,-33.26,288.51,535.56,1,1,-1,-1
815,954,266.72,188.62,30.58,94.16,1,1,-1,-1
815,944,216.60,173.26,31.23,103.93,1,1,-1,-1
815,916,352.73,-9.73,270.94,517.37,1,1,-1,-1
816,954,265.52,187.64,32.39,95.77,1,1,-1,-1
816,916,362.10,-1.03,255.68,503.80,1,1,-1,-1
817,939,95.73,149.72,45.73,148.38,1,1,-1,-1
818,939,90.31,147.47,47.46,152.27,1,1,-1,-1
820,970,-15.23,131.60,58.26,178.15,1,1,-1,-1
820,963,153.09,155.25,60.25,169.85,1,1,-1,-1
820,954,253.85,183.35,37.80,108.00,1,1,-1,-1
823,974,309.99,134.95,74.02,210.10,1,1,-1,-1
824,974,307.20,132.30,79.15,218.17,1,1,-1,-1
825,974,307.72,131.53,76.59,216.77,1,1,-1,-1
829,991,286.24,171.22,41.79,104.11,1,1,-1,-1
829,986,379.76,106.47,97.46,278.28,1,1,-1,-1
830,991,286.35,172.47,45.54,107.48,1,1,-1,-1
830,986,379.35,107.87,97.50,276.47,1,1,-1,-1
831,991,287.56,175.65,39.22,99.93,1,1,-1,-1
831,986,378.47,106.55,99.71,280.77,1,1,-1,-1
832,986,378.14,106.64,99.84,282.50,1,1,-1,-1
833,986,377.92,106.78,100.11,283.54,1,1,-1,-1
835,1003,96.44,127.97,68.87,219.40,1,1,-1,-1
