1,-1,404.00,184.00,121.00,229.00,1,-1,-1,-1
1,-1,279.00,199.00,91.00,182.00,1,-1,-1,-1
1,-1,65.00,154.00,80.00,290.00,1,-1,-1,-1
1,-1,192.00,209.00,61.00,134.00,1,-1,-1,-1
1,-1,121.00,211.00,75.00,158.00,1,-1,-1,-1
1,-1,157.00,211.00,57.00,142.00,1,-1,-1,-1
1,-1,349.98,393.89,115.48,234.48,1,-1,-1,-1
1,-1,46.53,136.23,93.78,258.52,1,-1,-1,-1
2,-1,402.00,181.00,138.00,236.00,1,-1,-1,-1
2,-1,269.00,201.00,86.00,179.00,1,-1,-1,-1
2,-1,70.00,147.00,97.00,282.00,1,-1,-1,-1
2,-1,205.00,209.00,56.00,138.00,1,-1,-1,-1
2,-1,123.00,212.00,77.00,158.00,1,-1,-1,-1
2,-1,154.00,205.00,73.00,144.00,1,-1,-1,-1
2,-1,519.28,67.45,111.63,272.56,1,-1,-1,-1
2,-1,223.04,126.85,111.87,221.80,1,-1,-1,-1
2,-1,25.81,178.22,96.60,268.20,1,-1,-1,-1
2,-1,211.48,214.74,116.15,281.81,1,-1,-1,-1
3,-1,420.00,182.00,106.00,222.00,1,-1,-1,-1
3,-1,273.00,196.00,76.00,189.00,1,-1,-1,-1
3,-1,71.00,159.00,114.00,285.00,1,-1,-1,-1
3,-1,211.00,205.00,47.00,141.00,1,-1,-1,-1
3,-1,135.00,205.00,62.00,160.00,1,-1,-1,-1
3,-1,162.00,204.00,73.00,142.00,1,-1,-1,-1
3,-1,108.95,310.15,82.56,301.48,1,-1,-1,-1
3,-1,306.34,237.05,100.52,245.77,1,-1,-1,-1
4,-1,429.00,182.00,108.00,240.00,1,-1,-1,-1
4,-1,262.00,197.00,75.00,185.00,1,-1,-1,-1
4,-1,83.00,159.00,107.00,282.00,1,-1,-1,-1
4,-1,214.00,206.00,41.00,138.00,1,-1,-1,-1
4,-1,134.00,208.00,75.00,155.00,1,-1,-1,-1
4,-1,166.00,210.00,77.00,135.00,1,-1,-1,-1
4,-1,416.68,411.73,112.65,243.86,1,-1,-1,-1
5,-1,439.00,183.00,96.00,241.00,1,-1,-1,-1
5,-1,262.00,196.00,62.00,186.00,1,-1,-1,-1
5,-1,89.00,163.00,101.00,268.00,1,-1,-1,-1
5,-1,228.00,211.00,37.00,142.00,1,-1,-1,-1
5,-1,137.00,205.00,73.00,157.00,1,-1,-1,-1
5,-1,178.00,211.00,53.00,138.00,1,-1,-1,-1
5,-1,96.88,234.85,107.27,293.34,1,-1,-1,-1
5,-1,288.55,297.25,96.59,199.17,1,-1,-1,-1
6,-1,447.00,182.00,86.00,238.00,1,-1,-1,-1
6,-1,255.00,196.00,69.00,190.00,1,-1,-1,-1
6,-1,89.00,165.00,118.00,269.00,1,-1,-1,-1
6,-1,225.00,207.00,45.00,135.00,1,-1,-1,-1
6,-1,143.00,208.00,75.00,153.00,1,-1,-1,-1
6,-1,186.00,216.00,56.00,137.00,1,-1,-1,-1
6,-1,51.16,199.39,97.63,221.05,1,-1,-1,-1
7,-1,452.00,177.00,78.00,236.00,1,-1,-1,-1
7,-1,239.00,188.00,70.00,198.00,1,-1,-1,-1
7,-1,103.00,161.00,111.00,271.00,1,-1,-1,-1
7,-1,238.00,208.00,47.00,137.00,1,-1,-1,-1
7,-1,148.00,210.00,72.00,155.00,1,-1,-1,-1
7,-1,183.00,212.00,55.00,147.00,1,-1,-1,-1
7,-1,421.38,405.68,100.08,283.52,1,-1,-1,-1
7,-1,472.42,316.27,112.62,233.12,1,-1,-1,-1
7,-1,57.93,316.14,80.96,274.10,1,-1,-1,-1
8,-1,469.00,177.00,78.00,241.00,1,-1,-1,-1
8,-1,241.00,189.00,69.00,199.00,1,-1,-1,-1
8,-1,114.00,173.00,100.00,276.00,1,-1,-1,-1
8,-1,230.00,208.00,52.00,135.00,1,-1,-1,-1
8,-1,149.00,206.00,71.00,155.00,1,-1,-1,-1
8,-1,186.00,212.00,58.00,144.00,1,-1,-1,-1
8,-1,592.17,433.79,112.42,272.36,1,-1,-1,-1
8,-1,170.62,211.62,102.67,302.50,1,-1,-1,-1
8,-1,177.34,362.40,85.32,205.15,1,-1,-1,-1
9,-1,467.00,175.00,106.00,242.00,1,-1,-1,-1
9,-1,234.00,190.00,71.00,196.00,1,-1,-1,-1
9,-1,125.00,161.00,112.00,282.00,1,-1,-1,-1
9,-1,244.00,214.00,48.00,136.00,1,-1,-1,-1
9,-1,161.00,209.00,71.00,152.00,1,-1,-1,-1
9,-1,189.00,214.00,53.00,135.00,1,-1,-1,-1
9,-1,259.12,465.23,97.07,303.55,1,-1,-1,-1
9,-1,91.75,188.94,79.33,241.60,1,-1,-1,-1
9,-1,2.75,96.14,84.32,268.26,1,-1,-1,-1
9,-1,284.75,27.02,115.80,232.35,1,-1,-1,-1
10,-1,474.00,172.00,81.00,249.00,1,-1,-1,-1
10,-1,224.00,193.00,77.00,191.00,1,-1,-1,-1
10,-1,138.00,162.00,97.00,284.00,1,-1,-1,-1
10,-1,253.00,208.00,54.00,131.00,1,-1,-1,-1
10,-1,160.00,210.00,73.00,152.00,1,-1,-1,-1
10,-1,148.63,459.44,114.84,296.13,1,-1,-1,-1
10,-1,638.04,267.51,107.74,245.60,1,-1,-1,-1
10,-1,106.21,355.11,78.24,223.00,1,-1,-1,-1
10,-1,67.46,65.48,92.95,202.20,1,-1,-1,-1
10,-1,577.48,131.28,88.51,210.33,1,-1,-1,-1
11,-1,490.00,172.00,88.00,252.00,1,-1,-1,-1
11,-1,218.00,196.00,76.00,191.00,1,-1,-1,-1
11,-1,138.00,151.00,89.00,286.00,1,-1,-1,-1
11,-1,262.00,205.00,52.00,134.00,1,-1,-1,-1
11,-1,166.00,211.00,70.00,153.00,1,-1,-1,-1
11,-1,520.97,280.07,111.05,300.70,1,-1,-1,-1
11,-1,59.29,86.84,107.76,307.40,1,-1,-1,-1
11,-1,364.11,451.26,77.21,272.74,1,-1,-1,-1
11,-1,210.57,338.01,93.48,226.55,1,-1,-1,-1
12,-1,491.00,168.00,98.00,252.00,1,-1,-1,-1
12,-1,212.00,197.00,71.00,185.00,1,-1,-1,-1
12,-1,138.00,155.00,100.00,285.00,1,-1,-1,-1
12,-1,261.00,208.00,54.00,134.00,1,-1,-1,-1
12,-1,168.00,212.00,73.00,151.00,1,-1,-1,-1
12,-1,92.38,415.72,86.66,248.45,1,-1,-1,-1
12,-1,630.20,411.14,90.37,280.70,1,-1,-1,-1
13,-1,508.00,174.00,98.00,248.00,1,-1,-1,-1
13,-1,209.00,197.00,76.00,185.00,1,-1,-1,-1
13,-1,160.00,149.00,90.00,288.00,1,-1,-1,-1
13,-1,268.00,207.00,52.00,130.00,1,-1,-1,-1
13,-1,168.00,207.00,69.00,153.00,1,-1,-1,-1
13,-1,40.67,120.76,115.39,247.09,1,-1,-1,-1
13,-1,159.81,212.60,101.29,311.73,1,-1,-1,-1
13,-1,52.07,64.07,80.07,222.00,1,-1,-1,-1
14,-1,496.00,178.00,107.00,241.00,1,-1,-1,-1
14,-1,205.00,195.00,75.00,188.00,1,-1,-1,-1
14,-1,159.00,150.00,86.00,293.00,1,-1,-1,-1
14,-1,259.00,209.00,57.00,131.00,1,-1,-1,-1
14,-1,183.00,213.00,71.00,154.00,1,-1,-1,-1
14,-1,540.03,293.94,103.14,253.68,1,-1,-1,-1
14,-1,487.58,202.06,77.83,199.90,1,-1,-1,-1
15,-1,506.00,183.00,104.00,237.00,1,-1,-1,-1
15,-1,193.00,193.00,73.00,192.00,1,-1,-1,-1
15,-1,180.00,152.00,90.00,294.00,1,-1,-1,-1
15,-1,270.00,204.00,64.00,148.00,1,-1,-1,-1
15,-1,189.00,211.00,67.00,154.00,1,-1,-1,-1
15,-1,320.21,217.65,107.87,310.91,1,-1,-1,-1
16,-1,517.00,171.00,115.00,240.00,1,-1,-1,-1
16,-1,191.00,199.00,67.00,191.00,1,-1,-1,-1
16,-1,188.00,152.00,95.00,292.00,1,-1,-1,-1
16,-1,281.00,204.00,50.00,136.00,1,-1,-1,-1
16,-1,191.00,205.00,71.00,153.00,1,-1,-1,-1
16,-1,296.87,132.33,79.76,235.84,1,-1,-1,-1
16,-1,249.33,131.19,114.04,239.09,1,-1,-1,-1
16,-1,32.88,100.67,97.56,229.38,1,-1,-1,-1
16,-1,62.34,42.95,111.29,276.92,1,-1,-1,-1
16,-1,94.75,358.79,104.36,231.85,1,-1,-1,-1
16,-1,580.26,158.85,104.83,276.65,1,-1,-1,-1
17,-1,522.00,177.00,117.00,248.00,1,-1,-1,-1
17,-1,178.00,190.00,71.00,196.00,1,-1,-1,-1
17,-1,203.00,147.00,90.00,293.00,1,-1,-1,-1
17,-1,289.00,200.00,47.00,147.00,1,-1,-1,-1
17,-1,195.00,214.00,65.00,153.00,1,-1,-1,-1
17,-1,578.63,59.26,77.93,290.44,1,-1,-1,-1
17,-1,254.60,42.20,95.22,301.08,1,-1,-1,-1
17,-1,137.13,261.77,98.85,220.51,1,-1,-1,-1
18,-1,525.00,166.00,110.00,262.00,1,-1,-1,-1
18,-1,175.00,190.00,73.00,201.00,1,-1,-1,-1
18,-1,196.00,146.00,112.00,297.00,1,-1,-1,-1
18,-1,293.00,209.00,51.00,139.00,1,-1,-1,-1
18,-1,197.00,210.00,63.00,151.00,1,-1,-1,-1
18,-1,421.40,201.97,91.74,222.44,1,-1,-1,-1
18,-1,41.80,236.15,104.61,266.88,1,-1,-1,-1
18,-1,270.60,154.95,77.19,274.54,1,-1,-1,-1
18,-1,571.52,386.41,81.45,283.75,1,-1,-1,-1
19,-1,532.00,167.00,102.00,252.00,1,-1,-1,-1
19,-1,170.00,188.00,68.00,201.00,1,-1,-1,-1
19,-1,204.00,152.00,105.00,288.00,1,-1,-1,-1
19,-1,295.00,211.00,58.00,131.00,1,-1,-1,-1
19,-1,204.00,206.00,66.00,156.00,1,-1,-1,-1
19,-1,179.70,426.30,86.49,304.90,1,-1,-1,-1
19,-1,34.69,342.32,113.46,223.94,1,-1,-1,-1
20,-1,548.00,182.00,84.00,239.00,1,-1,-1,-1
20,-1,165.00,186.00,61.00,200.00,1,-1,-1,-1
20,-1,204.00,153.00,115.00,287.00,1,-1,-1,-1
20,-1,295.00,205.00,64.00,135.00,1,-1,-1,-1
20,-1,207.00,212.00,65.00,150.00,1,-1,-1,-1
20,-1,374.28,471.56,115.94,227.25,1,-1,-1,-1
20,-1,398.74,254.48,103.18,223.22,1,-1,-1,-1
20,-1,112.48,220.80,95.93,205.78,1,-1,-1,-1
21,-1,567.00,172.00,76.00,249.00,1,-1,-1,-1
21,-1,158.00,196.00,55.00,193.00,1,-1,-1,-1
21,-1,214.00,161.00,124.00,282.00,1,-1,-1,-1
21,-1,301.00,208.00,56.00,134.00,1,-1,-1,-1
21,-1,210.00,214.00,66.00,151.00,1,-1,-1,-1
21,-1,183.19,65.38,85.51,268.29,1,-1,-1,-1
21,-1,68.67,245.13,79.62,301.40,1,-1,-1,-1
21,-1,493.38,422.35,97.38,224.71,1,-1,-1,-1
22,-1,576.00,170.00,85.00,252.00,1,-1,-1,-1
22,-1,152.00,189.00,73.00,202.00,1,-1,-1,-1
22,-1,218.00,163.00,109.00,287.00,1,-1,-1,-1
22,-1,306.00,207.00,60.00,145.00,1,-1,-1,-1
22,-1,220.00,217.00,63.00,153.00,1,-1,-1,-1
22,-1,20.93,415.64,90.15,294.05,1,-1,-1,-1
22,-1,369.47,470.00,84.49,247.49,1,-1,-1,-1
22,-1,401.74,305.60,101.76,286.58,1,-1,-1,-1
22,-1,346.44,348.56,112.59,266.42,1,-1,-1,-1
23,-1,586.00,166.00,82.00,265.00,1,-1,-1,-1
23,-1,134.00,188.00,68.00,198.00,1,-1,-1,-1
23,-1,217.00,169.00,120.00,282.00,1,-1,-1,-1
23,-1,303.00,204.00,65.00,143.00,1,-1,-1,-1
23,-1,225.00,207.00,63.00,154.00,1,-1,-1,-1
23,-1,100.72,361.77,81.89,289.25,1,-1,-1,-1
24,-1,582.00,164.00,96.00,268.00,1,-1,-1,-1
24,-1,132.00,193.00,77.00,199.00,1,-1,-1,-1
24,-1,249.00,162.00,117.00,288.00,1,-1,-1,-1
24,-1,311.00,209.00,71.00,142.00,1,-1,-1,-1
24,-1,232.00,214.00,64.00,154.00,1,-1,-1,-1
24,-1,-29.00,185.00,76.00,234.00,1,-1,-1,-1
24,-1,74.32,24.49,88.15,304.38,1,-1,-1,-1
24,-1,208.85,320.27,104.15,222.82,1,-1,-1,-1
24,-1,242.88,147.79,97.77,208.91,1,-1,-1,-1
24,-1,7.89,203.14,106.79,267.25,1,-1,-1,-1
25,-1,120.00,193.00,84.00,190.00,1,-1,-1,-1
25,-1,258.00,164.00,98.00,283.00,1,-1,-1,-1
25,-1,321.00,214.00,52.00,133.00,1,-1,-1,-1
25,-1,231.00,222.00,62.00,151.00,1,-1,-1,-1
25,-1,-19.00,179.00,61.00,240.00,1,-1,-1,-1
25,-1,363.46,448.38,113.09,250.67,1,-1,-1,-1
26,-1,114.00,192.00,77.00,196.00,1,-1,-1,-1
26,-1,257.00,152.00,95.00,291.00,1,-1,-1,-1
26,-1,326.00,210.00,61.00,138.00,1,-1,-1,-1
26,-1,241.00,216.00,62.00,151.00,1,-1,-1,-1
26,-1,-24.00,178.00,81.00,237.00,1,-1,-1,-1
26,-1,609.95,22.64,89.46,200.04,1,-1,-1,-1
26,-1,240.06,227.02,107.25,254.63,1,-1,-1,-1
26,-1,577.91,418.64,111.36,256.81,1,-1,-1,-1
27,-1,106.00,196.00,88.00,192.00,1,-1,-1,-1
27,-1,275.00,159.00,89.00,299.00,1,-1,-1,-1
27,-1,328.00,207.00,59.00,137.00,1,-1,-1,-1
27,-1,238.00,221.00,72.00,152.00,1,-1,-1,-1
27,-1,-30.00,182.00,95.00,229.00,1,-1,-1,-1
27,-1,373.09,265.79,86.03,247.03,1,-1,-1,-1
27,-1,365.05,299.10,106.56,221.01,1,-1,-1,-1
27,-1,586.87,414.04,96.76,205.90,1,-1,-1,-1
28,-1,98.00,199.00,98.00,196.00,1,-1,-1,-1
28,-1,285.00,160.00,89.00,296.00,1,-1,-1,-1
28,-1,336.00,207.00,55.00,138.00,1,-1,-1,-1
28,-1,253.00,224.00,56.00,146.00,1,-1,-1,-1
28,-1,-25.00,179.00,81.00,238.00,1,-1,-1,-1
28,-1,467.85,280.28,99.27,241.49,1,-1,-1,-1
28,-1,244.49,74.57,96.37,246.50,1,-1,-1,-1
28,-1,411.73,132.35,110.89,216.05,1,-1,-1,-1
28,-1,335.27,1.62,98.03,293.89,1,-1,-1,-1
29,-1,86.00,198.00,99.00,188.00,1,-1,-1,-1
29,-1,293.00,161.00,106.00,281.00,1,-1,-1,-1
29,-1,339.00,204.00,57.00,136.00,1,-1,-1,-1
29,-1,262.00,214.00,55.00,156.00,1,-1,-1,-1
29,-1,-9.00,175.00,72.00,243.00,1,-1,-1,-1
29,-1,417.11,401.74,100.70,256.49,1,-1,-1,-1
29,-1,430.44,356.12,99.39,241.64,1,-1,-1,-1
29,-1,60.73,170.75,100.54,293.30,1,-1,-1,-1
30,-1,87.00,188.00,83.00,193.00,1,-1,-1,-1
30,-1,306.00,159.00,95.00,290.00,1,-1,-1,-1
30,-1,349.00,207.00,57.00,139.00,1,-1,-1,-1
30,-1,261.00,215.00,62.00,153.00,1,-1,-1,-1
30,-1,2.00,173.00,62.00,246.00,1,-1,-1,-1
30,-1,288.98,173.16,111.32,298.78,1,-1,-1,-1
30,-1,62.48,454.14,77.66,229.15,1,-1,-1,-1
30,-1,404.67,104.40,85.56,223.69,1,-1,-1,-1
31,-1,89.00,202.00,85.00,182.00,1,-1,-1,-1
31,-1,318.00,167.00,97.00,284.00,1,-1,-1,-1
31,-1,346.00,209.00,57.00,140.00,1,-1,-1,-1
31,-1,263.00,210.00,56.00,161.00,1,-1,-1,-1
31,-1,4.00,174.00,83.00,237.00,1,-1,-1,-1
31,-1,634.54,252.32,110.90,204.65,1,-1,-1,-1
31,-1,428.34,370.61,99.07,230.61,1,-1,-1,-1
31,-1,483.66,182.89,97.32,297.64,1,-1,-1,-1
31,-1,334.25,206.34,107.89,225.07,1,-1,-1,-1
32,-1,88.00,183.00,83.00,205.00,1,-1,-1,-1
32,-1,317.00,160.00,110.00,290.00,1,-1,-1,-1
32,-1,356.00,213.00,55.00,137.00,1,-1,-1,-1
32,-1,275.00,217.00,61.00,156.00,1,-1,-1,-1
32,-1,-4.00,176.00,93.00,243.00,1,-1,-1,-1
32,-1,398.60,86.83,106.83,271.67,1,-1,-1,-1
32,-1,605.80,63.16,104.71,309.66,1,-1,-1,-1
32,-1,303.26,379.25,104.58,257.00,1,-1,-1,-1
32,-1,490.29,150.45,106.15,246.02,1,-1,-1,-1
32,-1,458.71,354.37,79.77,280.82,1,-1,-1,-1
33,-1,69.00,190.00,86.00,198.00,1,-1,-1,-1
33,-1,320.00,160.00,117.00,282.00,1,-1,-1,-1
33,-1,359.00,206.00,59.00,139.00,1,-1,-1,-1
33,-1,278.00,217.00,51.00,160.00,1,-1,-1,-1
33,-1,3.00,190.00,101.00,224.00,1,-1,-1,-1
33,-1,46.73,95.92,106.62,233.83,1,-1,-1,-1
33,-1,538.16,216.37,107.90,286.75,1,-1,-1,-1
34,-1,69.00,187.00,74.00,197.00,1,-1,-1,-1
34,-1,323.00,165.00,119.00,288.00,1,-1,-1,-1
34,-1,369.00,207.00,56.00,138.00,1,-1,-1,-1
34,-1,279.00,215.00,56.00,153.00,1,-1,-1,-1
34,-1,20.00,177.00,99.00,227.00,1,-1,-1,-1
34,-1,441.45,442.91,102.50,257.87,1,-1,-1,-1
34,-1,183.58,168.90,91.50,281.49,1,-1,-1,-1
34,-1,307.97,368.38,90.47,222.50,1,-1,-1,-1
34,-1,47.62,452.59,107.12,278.56,1,-1,-1,-1
34,-1,423.73,86.43,90.83,264.82,1,-1,-1,-1
35,-1,68.00,182.00,76.00,202.00,1,-1,-1,-1
35,-1,340.00,156.00,122.00,293.00,1,-1,-1,-1
35,-1,376.00,208.00,60.00,142.00,1,-1,-1,-1
35,-1,287.00,216.00,56.00,148.00,1,-1,-1,-1
35,-1,33.00,179.00,95.00,236.00,1,-1,-1,-1
35,-1,50.44,108.34,97.56,311.21,1,-1,-1,-1
35,-1,602.10,88.90,114.73,257.78,1,-1,-1,-1
35,-1,564.01,114.34,84.50,299.51,1,-1,-1,-1
36,-1,54.00,181.00,73.00,194.00,1,-1,-1,-1
36,-1,358.00,160.00,110.00,291.00,1,-1,-1,-1
36,-1,382.00,208.00,54.00,139.00,1,-1,-1,-1
36,-1,298.00,214.00,50.00,152.00,1,-1,-1,-1
36,-1,34.00,185.00,106.00,221.00,1,-1,-1,-1
36,-1,326.14,214.97,104.97,311.80,1,-1,-1,-1
37,-1,46.00,184.00,81.00,199.00,1,-1,-1,-1
37,-1,355.00,166.00,107.00,283.00,1,-1,-1,-1
37,-1,382.00,203.00,55.00,141.00,1,-1,-1,-1
37,-1,299.00,221.00,54.00,154.00,1,-1,-1,-1
37,-1,45.00,181.00,96.00,239.00,1,-1,-1,-1
37,-1,507.73,49.50,115.26,298.48,1,-1,-1,-1
37,-1,544.94,427.19,101.17,280.43,1,-1,-1,-1
38,-1,37.00,188.00,80.00,203.00,1,-1,-1,-1
38,-1,370.00,168.00,106.00,286.00,1,-1,-1,-1
38,-1,388.00,211.00,56.00,138.00,1,-1,-1,-1
38,-1,302.00,215.00,59.00,157.00,1,-1,-1,-1
38,-1,51.00,178.00,101.00,228.00,1,-1,-1,-1
38,-1,571.34,88.44,103.27,235.97,1,-1,-1,-1
38,-1,126.99,408.43,95.68,260.23,1,-1,-1,-1
39,-1,31.00,185.00,80.00,200.00,1,-1,-1,-1
39,-1,386.00,164.00,92.00,281.00,1,-1,-1,-1
39,-1,391.00,212.00,53.00,138.00,1,-1,-1,-1
39,-1,310.00,212.00,63.00,153.00,1,-1,-1,-1
39,-1,60.00,183.00,82.00,234.00,1,-1,-1,-1
39,-1,473.36,337.33,92.43,281.94,1,-1,-1,-1
39,-1,310.90,346.63,77.62,238.89,1,-1,-1,-1
39,-1,163.04,310.28,97.49,220.83,1,-1,-1,-1
39,-1,551.56,270.55,102.69,297.22,1,-1,-1,-1
39,-1,482.29,9.28,101.23,271.61,1,-1,-1,-1
40,-1,19.00,180.00,88.00,211.00,1,-1,-1,-1
40,-1,383.00,160.00,109.00,300.00,1,-1,-1,-1
40,-1,400.00,210.00,57.00,143.00,1,-1,-1,-1
40,-1,308.00,220.00,66.00,153.00,1,-1,-1,-1
40,-1,62.00,176.00,92.00,239.00,1,-1,-1,-1
40,-1,473.91,200.42,111.11,211.81,1,-1,-1,-1
41,-1,15.00,183.00,85.00,207.00,1,-1,-1,-1
41,-1,406.00,160.00,94.00,297.00,1,-1,-1,-1
41,-1,397.00,209.00,50.00,138.00,1,-1,-1,-1
41,-1,312.00,212.00,65.00,151.00,1,-1,-1,-1
41,-1,71.00,172.00,80.00,236.00,1,-1,-1,-1
41,-1,155.80,439.30,114.79,309.39,1,-1,-1,-1
41,-1,389.49,267.30,97.23,279.03,1,-1,-1,-1
42,-1,9.00,181.00,88.00,206.00,1,-1,-1,-1
42,-1,404.00,159.00,106.00,297.00,1,-1,-1,-1
42,-1,411.00,210.00,54.00,140.00,1,-1,-1,-1
42,-1,320.00,225.00,61.00,158.00,1,-1,-1,-1
42,-1,77.00,173.00,91.00,242.00,1,-1,-1,-1
42,-1,416.08,391.80,104.43,262.95,1,-1,-1,-1
42,-1,166.54,251.60,107.08,245.50,1,-1,-1,-1
42,-1,473.35,57.49,78.34,310.06,1,-1,-1,-1
43,-1,3.00,180.00,80.00,203.00,1,-1,-1,-1
43,-1,431.00,157.00,98.00,301.00,1,-1,-1,-1
43,-1,415.00,209.00,54.00,137.00,1,-1,-1,-1
43,-1,325.00,217.00,65.00,156.00,1,-1,-1,-1
43,-1,98.00,171.00,84.00,249.00,1,-1,-1,-1
43,-1,10.90,5.40,83.35,275.80,1,-1,-1,-1
43,-1,408.05,159.74,109.11,251.16,1,-1,-1,-1
44,-1,-2.00,185.00,77.00,210.00,1,-1,-1,-1
44,-1,431.00,157.00,96.00,301.00,1,-1,-1,-1
44,-1,421.00,209.00,57.00,143.00,1,-1,-1,-1
44,-1,324.00,214.00,65.00,161.00,1,-1,-1,-1
44,-1,105.00,168.00,84.00,245.00,1,-1,-1,-1
44,-1,510.06,43.46,79.26,274.64,1,-1,-1,-1
45,-1,-7.00,183.00,76.00,213.00,1,-1,-1,-1
45,-1,439.00,155.00,109.00,307.00,1,-1,-1,-1
45,-1,426.00,212.00,54.00,142.00,1,-1,-1,-1
45,-1,331.00,223.00,66.00,150.00,1,-1,-1,-1
45,-1,99.00,170.00,102.00,239.00,1,-1,-1,-1
45,-1,369.16,207.84,96.75,201.98,1,-1,-1,-1
45,-1,636.33,304.38,101.54,212.80,1,-1,-1,-1
45,-1,639.93,354.96,91.15,255.74,1,-1,-1,-1
46,-1,-14.00,191.00,66.00,220.00,1,-1,-1,-1
46,-1,438.00,163.00,127.00,304.00,1,-1,-1,-1
46,-1,435.00,209.00,55.00,140.00,1,-1,-1,-1
46,-1,340.00,217.00,53.00,147.00,1,-1,-1,-1
46,-1,110.00,179.00,117.00,238.00,1,-1,-1,-1
46,-1,635.19,392.25,89.73,204.00,1,-1,-1,-1
46,-1,64.85,211.65,93.53,288.34,1,-1,-1,-1
47,-1,-20.00,179.00,70.00,220.00,1,-1,-1,-1
47,-1,448.00,166.00,120.00,294.00,1,-1,-1,-1
47,-1,438.00,205.00,53.00,144.00,1,-1,-1,-1
47,-1,335.00,209.00,61.00,159.00,1,-1,-1,-1
47,-1,123.00,179.00,104.00,234.00,1,-1,-1,-1
47,-1,307.00,204.00,66.00,155.00,1,-1,-1,-1
47,-1,384.85,236.34,91.50,309.73,1,-1,-1,-1
47,-1,464.24,96.46,89.21,269.66,1,-1,-1,-1
47,-1,315.77,2.82,82.00,255.59,1,-1,-1,-1
48,-1,-28.00,177.00,77.00,228.00,1,-1,-1,-1
48,-1,462.00,160.00,123.00,292.00,1,-1,-1,-1
48,-1,447.00,210.00,51.00,141.00,1,-1,-1,-1
48,-1,345.00,210.00,60.00,151.00,1,-1,-1,-1
48,-1,127.00,182.00,100.00,233.00,1,-1,-1,-1
48,-1,312.00,200.00,53.00,165.00,1,-1,-1,-1
48,-1,472.09,411.59,84.55,199.78,1,-1,-1,-1
48,-1,245.03,34.98,83.78,236.94,1,-1,-1,-1
48,-1,480.57,116.16,88.22,296.45,1,-1,-1,-1
48,-1,398.57,49.85,112.89,208.84,1,-1,-1,-1
49,-1,479.00,165.00,104.00,293.00,1,-1,-1,-1
49,-1,440.00,208.00,51.00,139.00,1,-1,-1,-1
49,-1,349.00,216.00,58.00,156.00,1,-1,-1,-1
49,-1,136.00,182.00,90.00,234.00,1,-1,-1,-1
49,-1,312.00,195.00,78.00,169.00,1,-1,-1,-1
49,-1,88.29,245.61,96.56,287.69,1,-1,-1,-1
49,-1,382.73,57.10,84.68,236.90,1,-1,-1,-1
49,-1,398.20,247.83,94.19,285.52,1,-1,-1,-1
49,-1,478.20,466.18,78.28,233.35,1,-1,-1,-1
49,-1,60.60,425.23,91.02,233.46,1,-1,-1,-1
50,-1,479.00,158.00,106.00,297.00,1,-1,-1,-1
50,-1,454.00,215.00,56.00,141.00,1,-1,-1,-1
50,-1,354.00,221.00,49.00,152.00,1,-1,-1,-1
50,-1,140.00,187.00,89.00,237.00,1,-1,-1,-1
50,-1,324.00,198.00,68.00,159.00,1,-1,-1,-1
50,-1,582.69,276.55,108.81,221.08,1,-1,-1,-1
50,-1,582.13,453.23,108.87,265.87,1,-1,-1,-1
50,-1,164.26,242.78,105.27,268.60,1,-1,-1,-1
51,-1,490.00,158.00,102.00,305.00,1,-1,-1,-1
51,-1,453.00,200.00,56.00,143.00,1,-1,-1,-1
51,-1,355.00,208.00,67.00,168.00,1,-1,-1,-1
51,-1,150.00,176.00,89.00,234.00,1,-1,-1,-1
51,-1,331.00,199.00,70.00,163.00,1,-1,-1,-1
51,-1,45.63,9.67,77.20,293.98,1,-1,-1,-1
51,-1,62.14,407.40,84.48,289.56,1,-1,-1,-1
51,-1,225.49,103.82,79.13,283.31,1,-1,-1,-1
51,-1,286.48,172.75,104.54,234.21,1,-1,-1,-1
51,-1,279.40,476.27,89.88,277.65,1,-1,-1,-1
52,-1,496.00,159.00,105.00,298.00,1,-1,-1,-1
52,-1,463.00,211.00,52.00,139.00,1,-1,-1,-1
52,-1,360.00,221.00,64.00,151.00,1,-1,-1,-1
52,-1,166.00,184.00,80.00,238.00,1,-1,-1,-1
52,-1,330.00,195.00,68.00,167.00,1,-1,-1,-1
52,-1,584.98,64.86,91.78,222.17,1,-1,-1,-1
52,-1,223.93,222.24,83.77,204.86,1,-1,-1,-1
53,-1,504.00,150.00,99.00,306.00,1,-1,-1,-1
53,-1,466.00,210.00,58.00,140.00,1,-1,-1,-1
53,-1,363.00,212.00,61.00,161.00,1,-1,-1,-1
53,-1,168.00,177.00,76.00,242.00,1,-1,-1,-1
53,-1,331.00,196.00,72.00,171.00,1,-1,-1,-1
53,-1,196.83,469.26,89.66,218.17,1,-1,-1,-1
53,-1,324.87,76.34,81.95,295.95,1,-1,-1,-1
53,-1,408.52,424.62,88.48,286.04,1,-1,-1,-1
54,-1,505.00,150.00,101.00,311.00,1,-1,-1,-1
54,-1,473.00,217.00,62.00,131.00,1,-1,-1,-1
54,-1,367.00,219.00,72.00,156.00,1,-1,-1,-1
54,-1,184.00,176.00,81.00,247.00,1,-1,-1,-1
54,-1,343.00,198.00,70.00,163.00,1,-1,-1,-1
54,-1,402.61,26.80,102.85,252.67,1,-1,-1,-1
54,-1,591.02,355.11,85.96,274.85,1,-1,-1,-1
54,-1,82.13,462.52,110.15,298.74,1,-1,-1,-1
54,-1,304.62,239.60,104.84,261.40,1,-1,-1,-1
55,-1,517.00,148.00,104.00,306.00,1,-1,-1,-1
55,-1,481.00,214.00,64.00,132.00,1,-1,-1,-1
55,-1,369.00,218.00,72.00,152.00,1,-1,-1,-1
55,-1,194.00,174.00,74.00,241.00,1,-1,-1,-1
55,-1,348.00,197.00,62.00,162.00,1,-1,-1,-1
55,-1,626.41,421.63,114.41,310.58,1,-1,-1,-1
55,-1,458.70,396.55,103.39,259.86,1,-1,-1,-1
55,-1,164.50,357.86,86.35,237.95,1,-1,-1,-1
55,-1,120.62,77.97,114.15,250.45,1,-1,-1,-1
56,-1,528.00,147.00,104.00,308.00,1,-1,-1,-1
56,-1,482.00,211.00,65.00,143.00,1,-1,-1,-1
56,-1,380.00,221.00,60.00,153.00,1,-1,-1,-1
56,-1,203.00,175.00,91.00,243.00,1,-1,-1,-1
56,-1,358.00,195.00,63.00,175.00,1,-1,-1,-1
56,-1,458.49,71.12,92.27,220.47,1,-1,-1,-1
56,-1,276.01,95.27,92.88,244.18,1,-1,-1,-1
57,-1,538.00,151.00,103.00,310.00,1,-1,-1,-1
57,-1,485.00,211.00,61.00,132.00,1,-1,-1,-1
57,-1,381.00,224.00,61.00,153.00,1,-1,-1,-1
57,-1,206.00,176.00,94.00,247.00,1,-1,-1,-1
57,-1,366.00,194.00,54.00,171.00,1,-1,-1,-1
57,-1,194.01,53.84,101.42,200.14,1,-1,-1,-1
57,-1,492.57,457.48,104.75,250.89,1,-1,-1,-1
57,-1,90.39,143.90,112.08,200.88,1,-1,-1,-1
58,-1,538.00,153.00,102.00,305.00,1,-1,-1,-1
58,-1,492.00,208.00,62.00,136.00,1,-1,-1,-1
58,-1,385.00,215.00,56.00,151.00,1,-1,-1,-1
58,-1,217.00,192.00,103.00,240.00,1,-1,-1,-1
58,-1,363.00,195.00,48.00,176.00,1,-1,-1,-1
58,-1,53.26,2.62,99.03,283.66,1,-1,-1,-1
59,-1,556.00,150.00,112.00,301.00,1,-1,-1,-1
59,-1,504.00,209.00,62.00,142.00,1,-1,-1,-1
59,-1,388.00,219.00,55.00,149.00,1,-1,-1,-1
59,-1,227.00,181.00,101.00,237.00,1,-1,-1,-1
59,-1,370.00,196.00,54.00,167.00,1,-1,-1,-1
59,-1,166.03,96.66,95.88,254.33,1,-1,-1,-1
60,-1,554.00,154.00,125.00,299.00,1,-1,-1,-1
60,-1,511.00,213.00,58.00,135.00,1,-1,-1,-1
60,-1,400.00,212.00,60.00,155.00,1,-1,-1,-1
60,-1,229.00,185.00,108.00,241.00,1,-1,-1,-1
60,-1,371.00,193.00,57.00,165.00,1,-1,-1,-1
60,-1,117.15,96.68,80.48,289.16,1,-1,-1,-1
60,-1,233.85,163.05,80.00,266.47,1,-1,-1,-1
60,-1,75.73,314.85,80.52,226.95,1,-1,-1,-1
61,-1,569.00,160.00,112.00,309.00,1,-1,-1,-1
61,-1,514.00,219.00,52.00,124.00,1,-1,-1,-1
61,-1,402.00,212.00,54.00,152.00,1,-1,-1,-1
61,-1,237.00,184.00,107.00,236.00,1,-1,-1,-1
61,-1,369.00,206.00,57.00,169.00,1,-1,-1,-1
62,-1,568.00,163.00,110.00,297.00,1,-1,-1,-1
62,-1,510.00,216.00,62.00,136.00,1,-1,-1,-1
62,-1,415.00,210.00,57.00,160.00,1,-1,-1,-1
62,-1,247.00,187.00,103.00,242.00,1,-1,-1,-1
62,-1,376.00,202.00,80.00,159.00,1,-1,-1,-1
62,-1,435.23,130.94,116.91,267.53,1,-1,-1,-1
62,-1,592.04,138.00,97.38,303.90,1,-1,-1,-1
62,-1,638.96,87.99,84.42,300.34,1,-1,-1,-1
63,-1,579.00,172.00,98.00,292.00,1,-1,-1,-1
63,-1,514.00,203.00,57.00,142.00,1,-1,-1,-1
63,-1,405.00,217.00,69.00,160.00,1,-1,-1,-1
63,-1,261.00,181.00,104.00,245.00,1,-1,-1,-1
63,-1,378.00,202.00,74.00,167.00,1,-1,-1,-1
63,-1,470.76,211.77,88.83,222.57,1,-1,-1,-1
63,-1,224.78,30.55,99.44,270.80,1,-1,-1,-1
63,-1,294.93,6.18,78.49,212.61,1,-1,-1,-1
64,-1,525.00,212.00,59.00,142.00,1,-1,-1,-1
64,-1,421.00,214.00,56.00,154.00,1,-1,-1,-1
64,-1,272.00,185.00,87.00,241.00,1,-1,-1,-1
64,-1,379.00,204.00,66.00,166.00,1,-1,-1,-1
64,-1,243.80,18.63,81.77,236.35,1,-1,-1,-1
64,-1,327.42,343.79,80.21,311.36,1,-1,-1,-1
64,-1,191.69,112.48,94.78,246.52,1,-1,-1,-1
65,-1,537.00,216.00,57.00,136.00,1,-1,-1,-1
65,-1,426.00,214.00,65.00,156.00,1,-1,-1,-1
65,-1,278.00,180.00,88.00,244.00,1,-1,-1,-1
65,-1,387.00,206.00,71.00,163.00,1,-1,-1,-1
65,-1,162.82,268.65,112.02,268.67,1,-1,-1,-1
65,-1,91.75,423.37,110.16,212.33,1,-1,-1,-1
65,-1,337.05,228.69,95.90,266.43,1,-1,-1,-1
65,-1,111.66,34.65,86.19,213.20,1,-1,-1,-1
66,-1,538.00,204.00,64.00,144.00,1,-1,-1,-1
66,-1,424.00,218.00,72.00,153.00,1,-1,-1,-1
66,-1,298.00,178.00,84.00,245.00,1,-1,-1,-1
66,-1,382.00,206.00,71.00,163.00,1,-1,-1,-1
66,-1,495.03,284.09,104.29,246.17,1,-1,-1,-1
66,-1,29.20,369.17,79.85,227.38,1,-1,-1,-1
67,-1,541.00,203.00,72.00,148.00,1,-1,-1,-1
67,-1,436.00,213.00,59.00,159.00,1,-1,-1,-1
67,-1,310.00,182.00,82.00,241.00,1,-1,-1,-1
67,-1,393.00,191.00,62.00,175.00,1,-1,-1,-1
67,-1,372.91,253.59,100.12,234.81,1,-1,-1,-1
68,-1,545.00,212.00,56.00,141.00,1,-1,-1,-1
68,-1,435.00,216.00,69.00,151.00,1,-1,-1,-1
68,-1,311.00,170.00,87.00,253.00,1,-1,-1,-1
68,-1,401.00,202.00,62.00,166.00,1,-1,-1,-1
68,-1,309.83,412.68,78.24,230.43,1,-1,-1,-1
68,-1,182.71,296.81,92.59,200.53,1,-1,-1,-1
68,-1,528.33,266.38,107.76,305.65,1,-1,-1,-1
68,-1,148.52,6.62,103.36,221.42,1,-1,-1,-1
69,-1,557.00,217.00,62.00,140.00,1,-1,-1,-1
69,-1,436.00,222.00,60.00,156.00,1,-1,-1,-1
69,-1,325.00,179.00,89.00,254.00,1,-1,-1,-1
69,-1,398.00,202.00,69.00,180.00,1,-1,-1,-1
69,-1,104.42,95.80,83.57,263.47,1,-1,-1,-1
69,-1,56.43,131.02,103.67,282.95,1,-1,-1,-1
69,-1,428.02,463.07,113.46,229.95,1,-1,-1,-1
69,-1,630.70,260.68,114.80,266.03,1,-1,-1,-1
69,-1,260.35,28.47,80.02,289.44,1,-1,-1,-1
69,-1,574.94,235.41,104.24,213.20,1,-1,-1,-1
70,-1,560.00,215.00,61.00,144.00,1,-1,-1,-1
70,-1,445.00,215.00,66.00,153.00,1,-1,-1,-1
70,-1,319.00,181.00,96.00,232.00,1,-1,-1,-1
70,-1,402.00,195.00,64.00,174.00,1,-1,-1,-1
70,-1,601.18,387.58,103.52,297.15,1,-1,-1,-1
70,-1,631.71,266.32,107.13,291.37,1,-1,-1,-1
70,-1,506.86,76.08,109.52,284.11,1,-1,-1,-1
70,-1,594.95,12.47,111.75,303.13,1,-1,-1,-1
71,-1,558.00,221.00,62.00,131.00,1,-1,-1,-1
71,-1,451.00,222.00,64.00,151.00,1,-1,-1,-1
71,-1,341.00,182.00,105.00,241.00,1,-1,-1,-1
71,-1,418.00,203.00,57.00,164.00,1,-1,-1,-1
71,-1,487.76,149.75,84.26,242.71,1,-1,-1,-1
71,-1,521.83,86.81,84.47,263.35,1,-1,-1,-1
71,-1,93.33,115.13,100.72,204.91,1,-1,-1,-1
71,-1,92.19,84.28,84.44,217.41,1,-1,-1,-1
71,-1,343.82,167.47,101.46,298.88,1,-1,-1,-1
71,-1,329.73,245.59,99.99,243.76,1,-1,-1,-1
