3,1,194,637,76,83,1,2,-1,-1
3,2,407,224,30,65,1,1,-1,-1
3,3,410,243,19,42,1,1,-1,-1
3,4,537,183,25,22,1,2,-1,-1
3,5,550,239,23,58,1,1,-1,-1
3,6,574,223,34,57,1,1,-1,-1
3,7,584,300,23,47,1,1,-1,-1
3,8,602,220,47,85,1,10,-1,-1
3,9,617,254,37,67,1,1,-1,-1
3,11,629,225,48,86,1,10,-1,-1
3,12,733,208,31,42,1,10,-1,-1
3,13,784,136,29,37,1,2,-1,-1
3,16,1083,455,68,97,1,2,-1,-1
3,17,364,264,29,58,1,1,-1,-1
3,18,1075,477,82,105,1,10,-1,-1
3,21,683,217,24,49,1,10,-1,-1
3,22,594,226,58,46,1,10,-1,-1
4,1,189,645,76,84,1,2,-1,-1
4,2,407,227,22,48,1,1,-1,-1
4,3,410,244,19,42,1,1,-1,-1
4,4,551,240,23,59,1,2,-1,-1
4,5,582,275,28,65,1,1,-1,-1
4,6,590,230,48,82,1,1,-1,-1
4,7,584,301,23,48,1,1,-1,-1
4,8,615,224,68,54,1,10,-1,-1
4,9,598,320,13,27,1,1,-1,-1
4,11,618,255,36,67,1,10,-1,-1
4,12,739,196,26,44,1,10,-1,-1
4,13,786,125,31,39,1,2,-1,-1
4,16,1084,454,68,97,1,2,-1,-1
4,17,363,265,29,58,1,1,-1,-1
4,18,1076,476,82,105,1,10,-1,-1
4,21,693,224,18,37,1,10,-1,-1
4,22,595,227,58,46,1,10,-1,-1
4,24,411,216,13,29,1,2,-1,-1
5,1,184,653,76,84,1,2,-1,-1
5,2,407,227,23,50,1,1,-1,-1
5,3,410,245,19,42,1,1,-1,-1
5,4,537,211,32,81,1,2,-1,-1
5,5,544,270,17,44,1,1,-1,-1
5,6,551,241,23,59,1,1,-1,-1
5,7,582,276,28,67,1,1,-1,-1
5,8,601,251,20,37,1,10,-1,-1
5,9,585,302,23,48,1,1,-1,-1
5,11,599,272,26,62,1,10,-1,-1
5,12,742,198,27,45,1,10,-1,-1
5,13,788,125,30,39,1,2,-1,-1
5,16,1085,454,68,97,1,2,-1,-1
5,17,362,267,29,57,1,1,-1,-1
5,18,1076,476,82,105,1,10,-1,-1
5,21,695,229,18,37,1,10,-1,-1
5,22,574,225,34,58,1,10,-1,-1
5,24,398,217,21,46,1,2,-1,-1
5,25,676,173,23,49,1,2,-1,-1
5,27,537,183,25,23,1,1,-1,-1
5,28,736,223,31,44,1,1,-1,-1
5,29,618,256,37,68,1,2,-1,-1
6,1,179,661,76,85,1,2,-1,-1
6,2,407,228,23,50,1,1,-1,-1
6,3,406,235,26,56,1,1,-1,-1
6,4,546,233,31,80,1,2,-1,-1
6,5,578,293,20,49,1,1,-1,-1
6,6,574,226,34,59,1,1,-1,-1
6,7,582,277,28,69,1,1,-1,-1
6,8,679,219,20,38,1,10,-1,-1
6,9,585,304,23,48,1,1,-1,-1
6,11,619,257,37,69,1,10,-1,-1
6,12,745,199,27,47,1,10,-1,-1
6,13,795,117,30,39,1,2,-1,-1
6,16,1086,453,68,97,1,2,-1,-1
6,17,363,267,29,57,1,1,-1,-1
6,18,1077,476,82,105,1,10,-1,-1
6,21,688,210,31,59,1,10,-1,-1
6,22,598,229,58,47,1,10,-1,-1
6,24,408,202,31,66,1,2,-1,-1
6,25,677,173,23,49,1,2,-1,-1
6,27,538,184,25,23,1,1,-1,-1
6,28,740,212,32,47,1,1,-1,-1
6,29,686,225,25,48,1,2,-1,-1
7,1,174,669,76,86,1,2,-1,-1
7,2,426,251,14,32,1,1,-1,-1
7,3,410,247,19,42,1,1,-1,-1
7,4,552,243,23,60,1,2,-1,-1
7,5,576,299,20,49,1,1,-1,-1
7,6,558,201,34,31,1,1,-1,-1
7,7,582,278,28,70,1,1,-1,-1
7,8,600,230,58,47,1,10,-1,-1
7,9,586,305,23,48,1,1,-1,-1
7,11,619,258,37,69,1,10,-1,-1
7,12,737,201,16,27,1,10,-1,-1
7,16,1089,455,68,97,1,2,-1,-1
7,17,360,269,29,57,1,1,-1,-1
7,18,1078,475,82,105,1,10,-1,-1
7,21,691,213,31,59,1,10,-1,-1
7,22,578,218,30,54,1,10,-1,-1
7,24,407,229,23,50,1,2,-1,-1
7,25,678,174,23,49,1,2,-1,-1
7,27,538,184,25,23,1,1,-1,-1
7,28,748,201,27,47,1,1,-1,-1
7,29,677,235,25,48,1,2,-1,-1
7,31,1089,455,41,71,1,2,-1,-1
8,1,169,677,77,78,1,2,-1,-1
8,2,426,251,14,32,1,1,-1,-1
8,3,410,248,19,42,1,1,-1,-1
8,4,553,244,22,60,1,2,-1,-1
8,6,575,228,34,59,1,1,-1,-1
8,7,620,259,37,70,1,1,-1,-1
8,8,615,206,60,49,1,10,-1,-1
8,9,586,306,23,49,1,1,-1,-1
8,11,624,215,55,103,1,10,-1,-1
8,12,793,126,31,39,1,10,-1,-1
8,16,1088,453,68,97,1,2,-1,-1
8,17,358,289,20,40,1,1,-1,-1
8,18,1079,475,82,105,1,10,-1,-1
8,21,688,230,26,48,1,10,-1,-1
8,22,602,231,58,48,1,10,-1,-1
8,24,407,230,23,50,1,2,-1,-1
8,25,679,174,23,50,1,2,-1,-1
8,27,538,184,25,24,1,1,-1,-1
8,28,751,202,27,49,1,1,-1,-1
8,29,677,218,32,60,1,2,-1,-1
8,31,1090,455,41,71,1,2,-1,-1
9,1,164,685,77,78,1,2,-1,-1
9,2,407,230,24,52,1,1,-1,-1
9,3,410,249,19,42,1,1,-1,-1
9,4,553,245,23,61,1,2,-1,-1
9,6,542,190,27,26,1,1,-1,-1
9,7,582,280,28,74,1,1,-1,-1
9,8,602,231,58,48,1,10,-1,-1
9,9,587,307,23,49,1,1,-1,-1
9,11,620,260,37,70,1,10,-1,-1
9,12,795,126,30,39,1,10,-1,-1
9,16,1089,452,68,97,1,2,-1,-1
9,17,357,290,20,40,1,1,-1,-1
9,18,1079,475,82,105,1,10,-1,-1
9,21,689,232,27,48,1,10,-1,-1
9,22,575,229,34,60,1,10,-1,-1
9,24,401,200,35,77,1,2,-1,-1
9,25,675,160,25,55,1,2,-1,-1
9,27,538,184,25,24,1,1,-1,-1
9,28,754,204,28,50,1,1,-1,-1
9,29,680,175,23,50,1,2,-1,-1
9,31,1107,453,22,39,1,2,-1,-1
9,35,347,263,26,49,1,1,-1,-1
10,2,407,231,24,52,1,1,-1,-1
10,3,410,250,19,42,1,1,-1,-1
10,4,537,242,31,86,1,2,-1,-1
10,6,543,187,27,26,1,1,-1,-1
10,7,566,278,12,34,1,1,-1,-1
10,8,603,232,58,48,1,10,-1,-1
10,9,582,281,28,75,1,1,-1,-1
10,11,620,262,38,70,1,10,-1,-1
10,12,796,126,31,40,1,10,-1,-1
10,16,1090,452,68,97,1,2,-1,-1
10,18,1080,474,82,105,1,10,-1,-1
10,21,686,249,32,58,1,10,-1,-1
10,22,575,230,34,60,1,10,-1,-1
10,24,409,215,24,51,1,2,-1,-1
10,25,681,175,23,51,1,2,-1,-1
10,27,538,184,25,24,1,1,-1,-1
10,28,775,212,15,27,1,1,-1,-1
10,29,700,245,31,56,1,2,-1,-1
10,31,1108,453,22,39,1,2,-1,-1
10,35,357,273,29,56,1,1,-1,-1
11,2,407,232,24,52,1,1,-1,-1
11,3,410,251,19,42,1,1,-1,-1
11,4,554,247,23,62,1,2,-1,-1
11,6,433,240,14,30,1,1,-1,-1
11,7,575,231,34,61,1,1,-1,-1
11,8,629,243,47,39,1,10,-1,-1
11,9,582,282,28,77,1,1,-1,-1
11,11,621,263,38,71,1,10,-1,-1
11,12,811,107,31,40,1,10,-1,-1
11,16,1091,451,68,97,1,2,-1,-1
11,18,1081,474,82,105,1,10,-1,-1
11,21,691,237,28,48,1,10,-1,-1
11,22,604,233,58,48,1,10,-1,-1
11,24,412,238,19,40,1,2,-1,-1
11,25,682,176,23,51,1,2,-1,-1
11,27,539,185,25,24,1,1,-1,-1
11,28,759,209,28,52,1,1,-1,-1
11,29,716,234,25,42,1,2,-1,-1
11,31,1093,454,41,71,1,2,-1,-1
11,35,356,274,29,56,1,1,-1,-1
11,39,756,223,33,50,1,1,-1,-1
12,2,408,233,24,53,1,1,-1,-1
12,3,411,252,19,43,1,1,-1,-1
12,4,555,248,22,62,1,2,-1,-1
12,6,412,235,14,30,1,1,-1,-1
12,7,576,232,33,61,1,1,-1,-1
12,8,605,234,58,48,1,10,-1,-1
12,9,582,283,28,79,1,1,-1,-1
12,11,621,264,38,71,1,10,-1,-1
12,12,800,127,31,40,1,10,-1,-1
12,16,1092,451,68,97,1,2,-1,-1
12,18,1082,474,82,105,1,10,-1,-1
12,21,679,241,34,57,1,10,-1,-1
12,22,604,275,17,31,1,10,-1,-1
12,24,413,237,19,40,1,2,-1,-1
12,25,683,177,23,51,1,2,-1,-1
12,27,539,185,25,24,1,1,-1,-1
12,28,758,211,40,59,1,1,-1,-1
12,29,692,240,29,48,1,2,-1,-1
12,31,1095,454,41,71,1,2,-1,-1
12,35,356,276,29,55,1,1,-1,-1
12,39,761,227,33,49,1,1,-1,-1
13,2,407,233,24,54,1,1,-1,-1
13,3,398,243,28,64,1,1,-1,-1
13,4,555,249,22,62,1,2,-1,-1
13,6,354,277,29,55,1,1,-1,-1
13,7,570,218,64,53,1,1,-1,-1
13,8,608,238,58,48,1,10,-1,-1
13,9,581,281,28,79,1,1,-1,-1
13,11,622,265,38,72,1,10,-1,-1
13,12,800,127,31,40,1,10,-1,-1
13,16,1093,451,68,97,1,2,-1,-1
13,18,1082,473,82,105,1,10,-1,-1
13,21,680,244,34,57,1,10,-1,-1
13,22,610,276,17,31,1,10,-1,-1
13,24,383,225,36,80,1,2,-1,-1
13,25,684,177,23,52,1,2,-1,-1
13,27,540,186,25,24,1,1,-1,-1
13,28,765,214,27,54,1,1,-1,-1
13,29,702,244,29,48,1,2,-1,-1
13,31,1096,453,41,71,1,2,-1,-1
13,35,359,279,30,56,1,1,-1,-1
13,39,763,229,33,50,1,1,-1,-1
13,41,729,189,31,61,1,1,-1,-1
14,2,406,234,24,54,1,1,-1,-1
14,3,409,252,19,43,1,1,-1,-1
14,4,556,250,22,63,1,2,-1,-1
14,6,327,283,36,69,1,1,-1,-1
14,7,576,234,34,62,1,1,-1,-1
14,8,607,236,58,48,1,10,-1,-1
14,9,582,287,28,78,1,1,-1,-1
14,11,622,266,38,72,1,10,-1,-1
14,12,801,127,31,40,1,10,-1,-1
14,16,1094,450,68,97,1,2,-1,-1
14,18,1083,473,82,105,1,10,-1,-1
14,24,344,264,16,31,1,2,-1,-1
14,25,705,168,15,33,1,2,-1,-1
14,27,568,189,18,18,1,1,-1,-1
14,28,767,216,27,55,1,1,-1,-1
14,29,693,245,29,48,1,2,-1,-1
14,31,1097,454,41,71,1,2,-1,-1
14,35,380,289,34,65,1,1,-1,-1
14,39,766,231,33,50,1,1,-1,-1
14,41,731,190,31,61,1,1,-1,-1
14,43,591,319,23,49,1,1,-1,-1
15,2,405,234,24,55,1,1,-1,-1
15,3,409,245,24,55,1,1,-1,-1
15,4,556,251,22,63,1,2,-1,-1
15,6,288,299,36,69,1,1,-1,-1
15,7,586,226,34,62,1,1,-1,-1
15,8,607,237,58,48,1,10,-1,-1
15,9,582,289,28,78,1,1,-1,-1
15,11,623,267,38,73,1,10,-1,-1
15,12,802,127,31,40,1,10,-1,-1
15,16,1095,450,68,97,1,2,-1,-1
15,24,352,280,29,56,1,2,-1,-1
15,25,686,178,23,53,1,2,-1,-1
15,27,539,185,25,26,1,1,-1,-1
15,28,770,219,27,56,1,1,-1,-1
15,29,694,248,28,48,1,2,-1,-1
15,31,1073,451,52,90,1,2,-1,-1
15,35,408,252,19,44,1,1,-1,-1
15,39,767,235,34,50,1,1,-1,-1
15,41,800,130,44,57,1,1,-1,-1
15,43,591,321,23,50,1,1,-1,-1
15,44,1084,472,81,105,1,1,-1,-1
16,2,404,235,24,55,1,1,-1,-1
16,3,415,241,25,56,1,1,-1,-1
16,4,557,252,22,64,1,2,-1,-1
16,6,354,293,18,36,1,1,-1,-1
16,7,607,238,58,48,1,1,-1,-1
16,8,616,246,78,65,1,10,-1,-1
16,9,597,295,18,51,1,1,-1,-1
16,11,623,268,39,74,1,10,-1,-1
16,12,803,127,31,40,1,10,-1,-1
16,16,1096,449,68,97,1,2,-1,-1
16,24,354,251,21,40,1,2,-1,-1
16,25,691,174,23,53,1,2,-1,-1
16,27,546,185,25,26,1,1,-1,-1
16,28,772,222,27,56,1,1,-1,-1
16,29,695,251,28,48,1,2,-1,-1
16,31,1099,453,41,71,1,2,-1,-1
16,35,408,253,19,43,1,1,-1,-1
16,39,769,238,34,50,1,1,-1,-1
16,41,804,119,44,57,1,1,-1,-1
16,43,591,324,23,51,1,1,-1,-1
16,44,1085,472,80,105,1,1,-1,-1
16,47,351,281,29,56,1,1,-1,-1
17,2,403,236,24,55,1,1,-1,-1
17,3,430,252,34,79,1,1,-1,-1
17,4,582,293,28,77,1,2,-1,-1
17,6,354,296,20,39,1,1,-1,-1
17,7,672,172,19,43,1,1,-1,-1
17,8,619,247,42,82,1,10,-1,-1
17,9,591,326,23,52,1,1,-1,-1
17,11,624,269,38,74,1,10,-1,-1
17,12,804,127,31,40,1,10,-1,-1
17,16,1097,449,68,97,1,2,-1,-1
17,24,343,264,21,40,1,2,-1,-1
17,25,688,180,23,53,1,2,-1,-1
17,28,776,224,26,58,1,1,-1,-1
17,29,696,254,28,47,1,2,-1,-1
17,31,1100,452,41,71,1,2,-1,-1
17,35,419,246,19,43,1,1,-1,-1
17,39,771,241,35,51,1,1,-1,-1
17,41,764,218,33,48,1,1,-1,-1
17,43,611,325,29,65,1,1,-1,-1
17,44,1086,472,80,104,1,1,-1,-1
17,47,350,282,29,57,1,1,-1,-1
17,48,577,237,33,63,1,1,-1,-1
17,49,600,298,72,55,1,1,-1,-1
18,2,402,236,24,56,1,1,-1,-1
18,3,432,251,34,79,1,1,-1,-1
18,4,558,255,22,64,1,2,-1,-1
18,6,342,303,20,39,1,1,-1,-1
18,7,688,180,23,54,1,1,-1,-1
18,8,591,237,31,59,1,10,-1,-1
18,9,585,302,27,61,1,1,-1,-1
18,11,612,270,46,87,1,10,-1,-1
18,12,805,127,31,41,1,10,-1,-1
18,16,1098,449,68,97,1,2,-1,-1
18,25,607,241,58,48,1,2,-1,-1
18,28,777,226,29,60,1,1,-1,-1
18,29,697,257,27,47,1,2,-1,-1
18,31,1101,452,41,71,1,2,-1,-1
18,35,540,186,25,26,1,1,-1,-1
18,39,773,244,36,52,1,1,-1,-1
18,41,754,223,31,65,1,1,-1,-1
18,43,591,329,23,52,1,1,-1,-1
18,44,1087,471,79,105,1,1,-1,-1
18,47,349,284,29,57,1,1,-1,-1
18,48,577,238,33,63,1,1,-1,-1
18,49,600,299,72,55,1,1,-1,-1
18,52,406,253,19,44,1,1,-1,-1
19,2,401,237,24,56,1,1,-1,-1
19,4,557,256,22,64,1,2,-1,-1
19,7,688,181,23,54,1,1,-1,-1
19,8,577,239,33,64,1,10,-1,-1
19,9,583,264,47,90,1,1,-1,-1
19,11,635,233,86,71,1,10,-1,-1
19,12,805,127,32,41,1,10,-1,-1
19,16,1116,479,46,65,1,2,-1,-1
19,25,607,242,58,48,1,2,-1,-1
19,28,779,229,31,61,1,1,-1,-1
19,29,693,249,28,49,1,2,-1,-1
19,31,1058,473,84,112,1,2,-1,-1
19,35,564,181,16,17,1,1,-1,-1
19,39,775,247,37,53,1,1,-1,-1
19,41,698,260,27,47,1,1,-1,-1
19,43,591,331,23,53,1,1,-1,-1
19,44,1076,463,93,123,1,1,-1,-1
19,47,348,285,28,57,1,1,-1,-1
19,48,540,186,25,26,1,1,-1,-1
19,49,599,300,73,56,1,1,-1,-1
19,52,405,253,19,44,1,1,-1,-1
19,54,1099,448,68,97,1,1,-1,-1
20,2,400,238,24,57,1,1,-1,-1
20,4,550,258,26,76,1,2,-1,-1
20,7,688,182,24,54,1,1,-1,-1
20,8,557,257,22,65,1,10,-1,-1
20,9,562,298,38,103,1,1,-1,-1
20,11,607,243,58,48,1,10,-1,-1
20,12,806,127,32,41,1,10,-1,-1
20,16,1100,448,68,97,1,2,-1,-1
20,25,577,240,33,64,1,2,-1,-1
20,28,781,232,33,62,1,1,-1,-1
20,29,699,263,27,47,1,2,-1,-1
20,31,1073,469,48,82,1,2,-1,-1
20,35,540,186,25,27,1,1,-1,-1
20,39,704,257,36,62,1,1,-1,-1
20,41,625,273,39,75,1,1,-1,-1
20,43,592,334,23,54,1,1,-1,-1
20,44,1089,471,78,104,1,1,-1,-1
20,47,347,287,28,57,1,1,-1,-1
20,48,496,179,14,34,1,1,-1,-1
20,49,599,301,74,57,1,1,-1,-1
20,52,405,254,19,44,1,1,-1,-1
20,54,1103,452,41,71,1,1,-1,-1
21,2,398,238,24,58,1,1,-1,-1
21,4,556,258,22,65,1,2,-1,-1
21,7,706,173,24,54,1,1,-1,-1
21,8,532,215,31,32,1,10,-1,-1
21,9,581,301,28,81,1,1,-1,-1
21,11,607,245,58,48,1,10,-1,-1
21,12,807,127,32,41,1,10,-1,-1
21,16,1094,453,84,120,1,2,-1,-1
21,25,577,241,34,65,1,2,-1,-1
21,28,783,235,35,63,1,1,-1,-1
21,29,700,266,28,48,1,2,-1,-1
21,31,1069,479,48,82,1,2,-1,-1
21,35,541,187,25,26,1,1,-1,-1
21,39,780,254,38,54,1,1,-1,-1
21,41,590,232,33,64,1,1,-1,-1
21,43,591,336,23,55,1,1,-1,-1
21,44,1090,470,78,105,1,1,-1,-1
21,47,391,252,14,35,1,1,-1,-1
21,48,496,179,14,34,1,1,-1,-1
21,49,625,274,40,76,1,1,-1,-1
21,52,403,255,19,43,1,1,-1,-1
21,54,1104,451,41,71,1,1,-1,-1
22,2,401,256,19,43,1,1,-1,-1
22,4,553,258,22,65,1,2,-1,-1
22,7,689,183,23,55,1,1,-1,-1
22,8,497,180,14,34,1,10,-1,-1
22,9,574,321,32,72,1,1,-1,-1
22,11,623,258,32,62,1,10,-1,-1
22,12,808,127,32,41,1,10,-1,-1
22,16,1095,453,84,120,1,2,-1,-1
22,25,577,242,34,65,1,2,-1,-1
22,28,783,257,38,55,1,1,-1,-1
22,29,701,269,29,50,1,2,-1,-1
22,35,541,187,25,27,1,1,-1,-1
22,39,786,265,20,29,1,1,-1,-1
22,41,545,201,34,37,1,1,-1,-1
22,43,598,315,24,72,1,1,-1,-1
22,44,1090,470,78,104,1,1,-1,-1
22,47,397,239,24,58,1,1,-1,-1
22,48,464,185,20,48,1,1,-1,-1
22,49,597,305,76,58,1,1,-1,-1
22,52,395,263,27,61,1,1,-1,-1
22,54,1102,452,41,71,1,1,-1,-1
22,58,1102,447,68,97,1,1,-1,-1
22,59,342,290,28,57,1,1,-1,-1
23,2,400,257,19,43,1,1,-1,-1
23,4,606,270,48,39,1,2,-1,-1
23,7,689,184,24,56,1,1,-1,-1
23,8,498,181,14,34,1,10,-1,-1
23,9,580,305,27,90,1,1,-1,-1
23,11,607,247,58,48,1,10,-1,-1
23,12,809,127,32,42,1,10,-1,-1
23,25,578,243,33,65,1,2,-1,-1
23,28,787,241,29,65,1,1,-1,-1
23,29,630,262,55,105,1,2,-1,-1
23,35,546,179,37,40,1,1,-1,-1
23,39,702,272,30,52,1,1,-1,-1
23,41,541,187,25,27,1,1,-1,-1
23,43,590,331,27,65,1,1,-1,-1
23,44,1091,469,78,104,1,1,-1,-1
23,47,395,240,24,58,1,1,-1,-1
23,48,444,171,20,48,1,1,-1,-1
23,49,596,308,77,58,1,1,-1,-1
23,52,394,264,27,61,1,1,-1,-1
23,54,1107,451,41,71,1,1,-1,-1
23,57,532,266,15,44,1,1,-1,-1
23,58,1103,447,68,97,1,1,-1,-1
23,59,339,292,28,57,1,1,-1,-1
23,60,782,241,28,40,1,1,-1,-1
24,2,398,258,19,43,1,1,-1,-1
24,4,613,269,48,39,1,2,-1,-1
24,7,689,185,24,56,1,1,-1,-1
24,8,473,161,14,34,1,10,-1,-1
24,9,566,273,34,113,1,1,-1,-1
24,11,608,249,58,48,1,10,-1,-1
24,12,810,127,32,42,1,10,-1,-1
24,25,578,244,33,66,1,2,-1,-1
24,28,790,244,25,66,1,1,-1,-1
24,29,637,272,57,113,1,2,-1,-1
24,35,541,187,25,27,1,1,-1,-1
24,39,704,275,30,53,1,1,-1,-1
24,41,498,182,14,34,1,1,-1,-1
24,43,579,307,27,91,1,1,-1,-1
24,44,1092,469,77,104,1,1,-1,-1
24,47,404,252,21,52,1,1,-1,-1
24,48,394,240,24,59,1,1,-1,-1
24,49,595,310,78,58,1,1,-1,-1
24,52,365,286,24,54,1,1,-1,-1
24,54,1108,451,41,71,1,1,-1,-1
24,57,555,261,22,67,1,1,-1,-1
24,58,1104,446,68,97,1,1,-1,-1
24,59,337,293,28,58,1,1,-1,-1
24,60,770,227,22,57,1,1,-1,-1
25,2,396,259,19,43,1,1,-1,-1
25,4,588,258,77,63,1,2,-1,-1
25,7,692,185,24,56,1,1,-1,-1
25,9,579,309,27,89,1,1,-1,-1
25,11,608,250,58,48,1,10,-1,-1
25,12,811,127,32,42,1,10,-1,-1
25,25,578,245,33,66,1,2,-1,-1
25,28,775,261,47,69,1,1,-1,-1
25,29,624,280,57,113,1,2,-1,-1
25,35,541,187,25,28,1,1,-1,-1
25,39,705,278,31,55,1,1,-1,-1
25,41,499,183,14,34,1,1,-1,-1
25,43,567,326,34,84,1,1,-1,-1
25,44,1093,469,77,104,1,1,-1,-1
25,47,392,241,24,59,1,1,-1,-1
25,48,369,244,24,59,1,1,-1,-1
25,49,595,313,78,58,1,1,-1,-1
25,52,360,293,24,54,1,1,-1,-1
25,54,1109,450,41,71,1,1,-1,-1
25,57,555,262,22,67,1,1,-1,-1
25,58,1104,445,84,120,1,1,-1,-1
25,59,335,293,28,58,1,1,-1,-1
25,60,792,246,25,68,1,1,-1,-1
25,62,600,342,29,72,1,1,-1,-1
25,63,627,278,40,78,1,1,-1,-1
26,2,395,260,19,43,1,1,-1,-1
26,4,628,280,40,78,1,2,-1,-1
26,7,690,186,24,57,1,1,-1,-1
26,9,578,311,27,90,1,1,-1,-1
26,11,608,251,58,48,1,10,-1,-1
26,12,811,127,33,42,1,10,-1,-1
26,25,535,235,45,92,1,2,-1,-1
26,28,795,271,41,61,1,1,-1,-1
26,29,594,315,79,59,1,2,-1,-1
26,35,565,194,34,37,1,1,-1,-1
26,39,706,281,32,57,1,1,-1,-1
26,41,463,168,14,34,1,1,-1,-1
26,43,564,325,34,84,1,1,-1,-1
26,44,1094,468,76,105,1,1,-1,-1
26,47,391,242,24,60,1,1,-1,-1
26,49,597,320,63,47,1,1,-1,-1
26,52,332,297,28,58,1,1,-1,-1
26,54,1110,450,41,71,1,1,-1,-1
26,57,542,261,19,58,1,1,-1,-1
26,58,1105,446,84,120,1,1,-1,-1
26,59,316,304,41,84,1,1,-1,-1
26,60,795,249,30,68,1,1,-1,-1
26,62,588,349,24,57,1,1,-1,-1
26,63,638,312,22,44,1,1,-1,-1
27,2,389,243,23,60,1,1,-1,-1
27,4,608,253,58,48,1,2,-1,-1
27,7,690,187,24,57,1,1,-1,-1
27,9,572,306,36,123,1,1,-1,-1
27,11,578,247,34,67,1,10,-1,-1
27,12,812,127,33,42,1,10,-1,-1
27,25,554,265,22,67,1,2,-1,-1
27,28,799,274,42,64,1,1,-1,-1
27,29,577,313,27,92,1,2,-1,-1
27,35,547,193,36,41,1,1,-1,-1
27,39,708,284,33,59,1,1,-1,-1
27,41,500,184,14,35,1,1,-1,-1
27,43,554,289,37,126,1,1,-1,-1
27,44,1095,468,76,104,1,1,-1,-1
27,47,385,213,28,74,1,1,-1,-1
27,49,593,318,80,58,1,1,-1,-1
27,52,412,281,26,56,1,1,-1,-1
27,54,1111,450,41,71,1,1,-1,-1
27,57,568,275,30,59,1,1,-1,-1
27,59,330,298,27,59,1,1,-1,-1
27,60,799,253,34,68,1,1,-1,-1
27,62,588,351,23,58,1,1,-1,-1
27,63,628,282,40,78,1,1,-1,-1
27,65,1107,445,68,97,1,1,-1,-1
28,2,392,262,19,42,1,1,-1,-1
28,4,608,254,58,48,1,2,-1,-1
28,7,715,195,17,41,1,1,-1,-1
28,9,573,294,37,128,1,1,-1,-1
28,11,578,247,34,67,1,10,-1,-1
28,12,813,127,33,42,1,10,-1,-1
28,25,553,266,22,68,1,2,-1,-1
28,28,802,278,43,66,1,1,-1,-1
28,29,576,316,27,93,1,2,-1,-1
28,35,554,196,36,41,1,1,-1,-1
28,39,717,282,25,45,1,1,-1,-1
28,41,489,208,7,18,1,1,-1,-1
28,43,548,289,37,126,1,1,-1,-1
28,44,1096,468,75,104,1,1,-1,-1
28,47,386,211,28,74,1,1,-1,-1
28,49,642,306,22,43,1,1,-1,-1
28,52,369,282,28,62,1,1,-1,-1
28,54,1112,450,41,71,1,1,-1,-1
28,57,579,278,30,59,1,1,-1,-1
28,59,325,304,27,59,1,1,-1,-1
28,60,802,257,38,70,1,1,-1,-1
28,62,577,346,16,54,1,1,-1,-1
28,63,710,288,38,61,1,1,-1,-1
28,65,1108,445,68,97,1,1,-1,-1
29,2,386,245,22,60,1,1,-1,-1
29,4,608,255,58,48,1,2,-1,-1
29,7,691,189,24,58,1,1,-1,-1
29,9,621,359,19,47,1,1,-1,-1
29,11,579,249,33,68,1,10,-1,-1
29,12,814,127,33,43,1,10,-1,-1
29,25,552,268,22,67,1,2,-1,-1
29,28,806,281,44,69,1,1,-1,-1
29,29,587,357,24,59,1,2,-1,-1
29,39,718,286,26,47,1,1,-1,-1
29,41,478,204,7,18,1,1,-1,-1
29,43,576,318,27,94,1,1,-1,-1
29,44,1109,444,68,97,1,1,-1,-1
29,47,391,219,30,83,1,1,-1,-1
29,49,629,286,41,78,1,1,-1,-1
29,52,390,263,19,42,1,1,-1,-1
29,54,1113,449,41,71,1,1,-1,-1
29,57,592,323,82,59,1,1,-1,-1
29,59,325,302,27,59,1,1,-1,-1
29,60,809,261,37,74,1,1,-1,-1
29,62,594,355,24,60,1,1,-1,-1
29,63,712,292,39,62,1,1,-1,-1
29,65,1120,437,54,94,1,1,-1,-1
29,69,519,167,17,42,1,1,-1,-1
29,70,502,186,14,35,1,1,-1,-1
30,2,384,246,22,60,1,1,-1,-1
30,4,608,257,58,48,1,2,-1,-1
30,7,691,190,24,58,1,1,-1,-1
30,9,594,391,20,50,1,1,-1,-1
30,11,579,250,33,68,1,10,-1,-1
30,12,815,127,33,43,1,10,-1,-1
30,25,551,269,22,68,1,2,-1,-1
30,28,810,285,45,71,1,1,-1,-1
30,29,577,378,26,63,1,2,-1,-1
30,39,716,269,32,60,1,1,-1,-1
30,41,528,219,33,39,1,1,-1,-1
30,43,575,321,27,95,1,1,-1,-1
30,44,1110,444,68,97,1,1,-1,-1
30,47,391,215,30,83,1,1,-1,-1
30,49,591,325,84,60,1,1,-1,-1
30,52,388,264,19,42,1,1,-1,-1
30,54,1114,449,41,71,1,1,-1,-1
30,57,579,321,121,86,1,1,-1,-1
30,59,322,303,28,60,1,1,-1,-1
30,60,812,266,34,74,1,1,-1,-1
30,62,586,360,24,59,1,1,-1,-1
30,63,809,265,32,69,1,1,-1,-1
30,65,1122,436,54,94,1,1,-1,-1
30,69,542,188,25,29,1,1,-1,-1
30,70,503,187,14,35,1,1,-1,-1
30,72,1098,467,74,104,1,1,-1,-1
31,2,383,247,21,61,1,1,-1,-1
31,4,608,258,58,48,1,2,-1,-1
31,7,695,170,26,63,1,1,-1,-1
31,9,604,398,20,50,1,1,-1,-1
31,11,579,251,33,69,1,10,-1,-1
31,12,816,127,33,43,1,10,-1,-1
31,25,551,271,22,68,1,2,-1,-1
31,28,815,291,45,71,1,1,-1,-1
31,29,567,391,26,63,1,2,-1,-1
31,39,718,272,32,60,1,1,-1,-1
31,41,527,224,33,39,1,1,-1,-1
31,43,576,323,27,95,1,1,-1,-1
31,44,1115,449,41,71,1,1,-1,-1
31,49,630,290,41,79,1,1,-1,-1
31,52,387,265,19,42,1,1,-1,-1
31,54,1099,452,103,145,1,1,-1,-1
31,57,651,298,35,68,1,1,-1,-1
31,59,320,303,28,60,1,1,-1,-1
31,60,816,271,34,74,1,1,-1,-1
31,62,585,363,25,60,1,1,-1,-1
31,63,830,265,32,69,1,1,-1,-1
31,65,1152,500,40,56,1,1,-1,-1
31,69,543,189,25,29,1,1,-1,-1
31,70,503,187,14,35,1,1,-1,-1
31,71,1099,467,74,104,1,1,-1,-1
31,72,1084,460,103,145,1,1,-1,-1
31,73,633,283,24,46,1,1,-1,-1
31,74,722,300,44,70,1,1,-1,-1
31,75,722,296,26,49,1,1,-1,-1
32,2,318,307,27,60,1,1,-1,-1
32,4,608,259,58,48,1,2,-1,-1
32,7,700,175,34,84,1,1,-1,-1
32,9,584,366,26,61,1,1,-1,-1
32,11,579,252,33,69,1,10,-1,-1
32,12,817,127,33,43,1,10,-1,-1
32,25,549,273,23,68,1,2,-1,-1
32,39,707,198,35,86,1,1,-1,-1
32,41,537,193,24,27,1,1,-1,-1
32,43,557,288,20,59,1,1,-1,-1
32,44,1112,443,68,97,1,1,-1,-1
32,49,591,329,86,62,1,1,-1,-1
32,52,380,248,22,61,1,1,-1,-1
32,54,1102,457,103,145,1,1,-1,-1
32,57,588,314,112,81,1,1,-1,-1
32,59,309,319,32,71,1,1,-1,-1
32,60,820,276,35,74,1,1,-1,-1
32,62,574,326,27,98,1,1,-1,-1
32,65,1157,503,40,56,1,1,-1,-1
32,69,542,189,25,29,1,1,-1,-1
32,70,503,187,14,35,1,1,-1,-1
32,71,1101,467,74,104,1,1,-1,-1
32,72,1084,457,103,145,1,1,-1,-1
32,73,599,290,82,68,1,1,-1,-1
32,74,721,307,40,63,1,1,-1,-1
32,75,721,278,31,60,1,1,-1,-1
32,76,693,192,24,59,1,1,-1,-1
32,77,539,256,20,59,1,1,-1,-1
33,2,384,268,19,41,1,1,-1,-1
33,4,608,261,58,48,1,2,-1,-1
33,7,693,193,25,59,1,1,-1,-1
33,9,583,369,26,61,1,1,-1,-1
33,11,580,253,33,70,1,10,-1,-1
33,12,817,127,34,43,1,10,-1,-1
33,25,548,275,23,69,1,2,-1,-1
33,39,726,264,36,69,1,1,-1,-1
33,41,504,187,14,36,1,1,-1,-1
33,43,572,328,30,98,1,1,-1,-1
33,44,1114,443,68,97,1,1,-1,-1
33,49,590,332,88,62,1,1,-1,-1
33,52,378,250,22,61,1,1,-1,-1
33,54,1114,477,82,116,1,1,-1,-1
33,57,722,311,39,64,1,1,-1,-1
33,59,314,310,28,61,1,1,-1,-1
33,60,825,281,35,75,1,1,-1,-1
33,62,572,359,32,76,1,1,-1,-1
33,69,541,190,26,29,1,1,-1,-1
33,70,496,197,11,29,1,1,-1,-1
33,71,1104,468,74,104,1,1,-1,-1
33,73,631,294,42,79,1,1,-1,-1
33,74,725,305,28,52,1,1,-1,-1
33,75,723,282,32,62,1,1,-1,-1
33,76,690,198,23,54,1,1,-1,-1
33,77,570,200,20,22,1,1,-1,-1
34,2,394,304,10,22,1,1,-1,-1
34,4,608,262,58,48,1,2,-1,-1
34,7,694,194,25,59,1,1,-1,-1
34,9,582,372,27,62,1,1,-1,-1
34,11,579,255,34,71,1,10,-1,-1
34,12,818,127,34,44,1,10,-1,-1
34,25,547,277,24,70,1,2,-1,-1
34,39,723,287,34,64,1,1,-1,-1
34,41,504,187,14,36,1,1,-1,-1
34,43,570,330,33,98,1,1,-1,-1
34,44,1122,449,42,71,1,1,-1,-1
34,49,590,334,89,63,1,1,-1,-1
34,52,386,270,19,41,1,1,-1,-1
34,54,1107,468,74,104,1,1,-1,-1
34,57,815,294,37,54,1,1,-1,-1
34,59,310,313,29,62,1,1,-1,-1
34,60,829,286,36,75,1,1,-1,-1
34,62,571,385,17,39,1,1,-1,-1
34,69,541,191,25,29,1,1,-1,-1
34,70,501,199,8,21,1,1,-1,-1
34,71,1116,443,68,98,1,1,-1,-1
34,73,609,281,62,116,1,1,-1,-1
34,74,727,310,28,53,1,1,-1,-1
34,75,632,296,42,79,1,1,-1,-1
34,76,701,195,23,54,1,1,-1,-1
34,77,597,248,61,51,1,1,-1,-1
35,2,384,271,19,42,1,1,-1,-1
35,4,608,263,58,48,1,2,-1,-1
35,7,695,195,25,60,1,1,-1,-1
35,9,581,375,28,63,1,1,-1,-1
35,11,561,239,40,83,1,10,-1,-1
35,12,819,127,34,44,1,10,-1,-1
35,25,546,279,24,71,1,2,-1,-1
35,39,724,293,35,66,1,1,-1,-1
35,41,540,191,26,30,1,1,-1,-1
35,43,571,333,31,93,1,1,-1,-1
35,44,1125,449,42,71,1,1,-1,-1
35,49,593,348,102,72,1,1,-1,-1
35,52,374,253,23,62,1,1,-1,-1
35,54,1111,477,74,104,1,1,-1,-1
35,57,840,298,20,41,1,1,-1,-1
35,59,307,316,29,63,1,1,-1,-1
35,60,834,292,36,75,1,1,-1,-1
35,62,568,388,17,39,1,1,-1,-1
35,69,552,201,16,19,1,1,-1,-1
35,70,504,187,14,36,1,1,-1,-1
35,71,1118,444,68,98,1,1,-1,-1
35,73,601,337,111,79,1,1,-1,-1
35,74,729,314,29,55,1,1,-1,-1
35,75,633,298,42,80,1,1,-1,-1
35,77,578,257,35,72,1,1,-1,-1
35,80,707,308,49,86,1,1,-1,-1
36,2,382,273,19,42,1,1,-1,-1
36,4,617,245,48,40,1,2,-1,-1
36,7,705,190,36,83,1,1,-1,-1
36,9,580,378,29,64,1,1,-1,-1
36,11,578,260,35,72,1,10,-1,-1
36,12,820,127,34,44,1,10,-1,-1
36,25,545,281,25,71,1,2,-1,-1
36,39,724,298,37,69,1,1,-1,-1
36,41,535,188,26,30,1,1,-1,-1
36,43,573,341,31,93,1,1,-1,-1
36,44,1120,444,69,99,1,1,-1,-1
36,49,590,339,92,64,1,1,-1,-1
36,52,372,255,23,62,1,1,-1,-1
36,54,1112,469,74,104,1,1,-1,-1
36,57,843,307,23,45,1,1,-1,-1
36,59,305,317,29,63,1,1,-1,-1
36,60,838,297,37,79,1,1,-1,-1
36,69,513,239,34,96,1,1,-1,-1
36,70,503,188,14,36,1,1,-1,-1
36,71,1121,453,91,129,1,1,-1,-1
36,73,646,327,43,84,1,1,-1,-1
36,74,731,319,29,56,1,1,-1,-1
36,75,633,301,42,82,1,1,-1,-1
36,77,609,265,58,48,1,1,-1,-1
36,78,699,133,20,32,1,1,-1,-1
36,80,725,323,38,68,1,1,-1,-1
36,81,835,296,34,67,1,1,-1,-1
36,82,835,327,52,76,1,1,-1,-1
37,2,370,257,23,62,1,1,-1,-1
37,4,606,266,61,48,1,2,-1,-1
37,7,705,192,36,83,1,1,-1,-1
37,9,579,383,30,65,1,1,-1,-1
37,11,577,262,36,73,1,10,-1,-1
37,12,821,127,34,44,1,10,-1,-1
37,25,544,283,25,72,1,2,-1,-1
37,39,725,304,38,71,1,1,-1,-1
37,41,539,193,26,30,1,1,-1,-1
37,43,603,383,20,43,1,1,-1,-1
37,44,1130,449,43,71,1,1,-1,-1
37,49,591,348,92,64,1,1,-1,-1
37,52,300,322,30,65,1,1,-1,-1
37,54,1112,471,74,104,1,1,-1,-1
37,57,843,303,37,82,1,1,-1,-1
37,59,299,326,37,81,1,1,-1,-1
37,60,841,302,34,71,1,1,-1,-1
37,69,515,241,34,96,1,1,-1,-1
37,70,505,187,14,37,1,1,-1,-1
37,71,1122,445,69,99,1,1,-1,-1
37,73,646,342,43,84,1,1,-1,-1
37,74,732,324,30,57,1,1,-1,-1
37,75,612,307,42,82,1,1,-1,-1
37,77,577,269,73,58,1,1,-1,-1
37,78,721,138,24,40,1,1,-1,-1
37,80,730,336,29,55,1,1,-1,-1
37,81,834,303,29,60,1,1,-1,-1
37,82,841,335,54,79,1,1,-1,-1
37,85,343,277,21,48,1,1,-1,-1
38,2,380,265,14,32,1,1,-1,-1
38,4,604,268,64,48,1,2,-1,-1
38,7,723,300,44,84,1,1,-1,-1
38,9,555,353,44,94,1,1,-1,-1
38,11,590,275,37,76,1,10,-1,-1
38,12,822,127,34,44,1,10,-1,-1
38,25,543,285,26,73,1,2,-1,-1
38,39,728,309,39,73,1,1,-1,-1
38,41,539,194,26,30,1,1,-1,-1
38,43,578,388,31,66,1,1,-1,-1
38,44,1133,449,43,71,1,1,-1,-1
38,49,589,346,94,67,1,1,-1,-1
38,52,378,277,19,43,1,1,-1,-1
38,54,1118,470,74,104,1,1,-1,-1
38,57,878,301,37,82,1,1,-1,-1
38,59,296,325,31,66,1,1,-1,-1
38,60,847,308,38,86,1,1,-1,-1
38,69,577,265,36,73,1,1,-1,-1
38,70,505,187,14,37,1,1,-1,-1
38,71,1129,447,69,99,1,1,-1,-1
38,73,634,309,43,84,1,1,-1,-1
38,74,734,328,31,59,1,1,-1,-1
38,75,569,345,29,106,1,1,-1,-1
38,77,590,289,65,49,1,1,-1,-1
38,78,700,134,20,33,1,1,-1,-1
38,80,727,335,43,72,1,1,-1,-1
38,81,846,308,35,74,1,1,-1,-1
38,82,847,344,56,81,1,1,-1,-1
38,85,368,259,23,62,1,1,-1,-1
38,86,689,164,14,23,1,1,-1,-1
39,2,366,260,24,63,1,1,-1,-1
39,4,614,279,50,37,1,2,-1,-1
39,7,729,316,44,84,1,1,-1,-1
39,9,589,349,95,69,1,1,-1,-1
39,11,576,267,37,74,1,10,-1,-1
39,12,823,128,34,44,1,10,-1,-1
39,25,533,297,23,64,1,2,-1,-1
39,39,731,314,41,75,1,1,-1,-1
39,41,538,194,26,31,1,1,-1,-1
39,43,578,394,31,66,1,1,-1,-1
39,44,1136,449,43,71,1,1,-1,-1
39,49,619,366,51,37,1,1,-1,-1
39,52,359,294,19,43,1,1,-1,-1
39,54,1121,471,74,104,1,1,-1,-1
39,59,293,328,31,67,1,1,-1,-1
39,60,852,314,39,89,1,1,-1,-1
39,69,542,287,26,74,1,1,-1,-1
39,70,506,187,14,38,1,1,-1,-1
39,71,1141,448,56,93,1,1,-1,-1
39,73,634,312,43,86,1,1,-1,-1
39,74,736,333,31,60,1,1,-1,-1
39,75,563,352,41,149,1,1,-1,-1
39,77,569,253,54,107,1,1,-1,-1
39,78,700,134,20,33,1,1,-1,-1
39,80,728,341,45,74,1,1,-1,-1
39,81,852,314,35,78,1,1,-1,-1
39,82,853,352,57,84,1,1,-1,-1
39,85,376,278,19,45,1,1,-1,-1
39,86,690,161,14,23,1,1,-1,-1
40,2,374,280,19,45,1,1,-1,-1
40,4,604,283,77,54,1,2,-1,-1
40,7,860,370,49,72,1,1,-1,-1
40,9,589,353,96,70,1,1,-1,-1
40,11,549,259,86,60,1,10,-1,-1
40,12,824,128,34,44,1,10,-1,-1
40,25,541,289,27,74,1,2,-1,-1
40,39,734,324,32,64,1,1,-1,-1
40,41,588,250,68,48,1,1,-1,-1
40,43,577,399,32,67,1,1,-1,-1
40,44,1139,449,43,71,1,1,-1,-1
40,49,603,345,89,65,1,1,-1,-1
40,54,1121,471,82,105,1,1,-1,-1
40,59,289,331,32,68,1,1,-1,-1
40,60,860,323,44,93,1,1,-1,-1
40,69,575,269,38,75,1,1,-1,-1
40,70,511,191,10,27,1,1,-1,-1
40,71,1144,446,56,93,1,1,-1,-1
40,73,634,316,44,87,1,1,-1,-1
40,74,738,338,31,61,1,1,-1,-1
40,75,567,353,30,108,1,1,-1,-1
40,77,599,271,70,49,1,1,-1,-1
40,78,701,135,19,33,1,1,-1,-1
40,80,730,348,47,75,1,1,-1,-1
40,81,857,320,36,81,1,1,-1,-1
40,82,859,361,59,86,1,1,-1,-1
40,85,387,314,10,23,1,1,-1,-1
40,86,698,200,27,61,1,1,-1,-1
40,88,506,187,14,38,1,1,-1,-1
41,2,380,272,23,55,1,1,-1,-1
41,4,604,287,77,54,1,2,-1,-1
41,7,891,366,53,77,1,1,-1,-1
41,9,554,375,136,101,1,1,-1,-1
41,11,550,266,32,89,1,10,-1,-1
41,12,825,129,34,44,1,10,-1,-1
41,25,540,291,27,75,1,2,-1,-1
41,39,737,331,32,64,1,1,-1,-1
41,41,591,251,68,48,1,1,-1,-1
41,43,576,404,33,68,1,1,-1,-1
41,44,1142,449,43,72,1,1,-1,-1
41,49,589,356,97,72,1,1,-1,-1
41,54,1124,472,80,105,1,1,-1,-1
41,59,362,264,24,63,1,1,-1,-1
41,60,865,330,44,93,1,1,-1,-1
41,69,591,350,30,105,1,1,-1,-1
41,70,537,196,26,30,1,1,-1,-1
41,71,1158,458,34,57,1,1,-1,-1
41,73,635,320,44,88,1,1,-1,-1
41,74,740,343,32,62,1,1,-1,-1
41,75,566,357,31,109,1,1,-1,-1
41,77,599,273,71,50,1,1,-1,-1
41,78,701,135,20,34,1,1,-1,-1
41,80,733,356,49,77,1,1,-1,-1
41,81,866,342,23,53,1,1,-1,-1
41,82,865,369,61,89,1,1,-1,-1
41,85,373,282,19,46,1,1,-1,-1
41,86,698,211,27,61,1,1,-1,-1
41,88,504,188,14,38,1,1,-1,-1
41,90,1131,448,70,100,1,1,-1,-1
42,2,360,265,25,64,1,1,-1,-1
42,4,597,261,27,52,1,2,-1,-1
42,7,889,403,36,53,1,1,-1,-1
42,9,588,360,98,73,1,1,-1,-1
42,11,574,274,39,76,1,10,-1,-1
42,12,826,129,34,44,1,10,-1,-1
42,25,539,293,28,76,1,2,-1,-1
42,39,866,340,39,88,1,1,-1,-1
42,41,543,192,35,41,1,1,-1,-1
42,43,575,413,33,68,1,1,-1,-1
42,44,1144,450,43,72,1,1,-1,-1
42,49,554,327,130,97,1,1,-1,-1
42,54,1128,473,77,105,1,1,-1,-1
42,59,282,338,33,69,1,1,-1,-1
42,60,872,342,54,100,1,1,-1,-1
42,69,566,361,31,110,1,1,-1,-1
42,70,537,197,26,30,1,1,-1,-1
42,71,1162,455,34,57,1,1,-1,-1
42,73,635,323,45,91,1,1,-1,-1
42,74,739,333,45,81,1,1,-1,-1
42,75,562,364,31,110,1,1,-1,-1
42,77,599,275,72,51,1,1,-1,-1
42,78,702,136,19,34,1,1,-1,-1
42,80,736,364,51,79,1,1,-1,-1
42,81,856,310,73,136,1,1,-1,-1
42,82,872,378,62,92,1,1,-1,-1
42,85,378,291,19,46,1,1,-1,-1
42,86,710,189,29,64,1,1,-1,-1
42,88,508,190,13,34,1,1,-1,-1
42,90,1134,448,70,101,1,1,-1,-1
43,2,358,267,25,64,1,1,-1,-1
43,4,594,263,27,52,1,2,-1,-1
43,7,930,429,36,53,1,1,-1,-1
43,9,588,363,99,75,1,1,-1,-1
43,11,587,346,93,71,1,10,-1,-1
43,12,827,130,35,45,1,10,-1,-1
43,25,538,295,28,77,1,2,-1,-1
43,39,854,327,64,120,1,1,-1,-1
43,41,552,199,35,41,1,1,-1,-1
43,43,575,442,41,84,1,1,-1,-1
43,44,1147,452,43,72,1,1,-1,-1
43,49,557,362,93,70,1,1,-1,-1
43,54,1130,474,78,106,1,1,-1,-1
43,59,297,322,33,69,1,1,-1,-1
43,60,878,374,69,105,1,1,-1,-1
43,69,575,415,34,69,1,1,-1,-1
43,70,536,197,27,31,1,1,-1,-1
43,73,635,327,45,92,1,1,-1,-1
43,74,741,341,46,84,1,1,-1,-1
43,75,564,364,34,112,1,1,-1,-1
43,77,599,276,72,52,1,1,-1,-1
43,78,694,204,21,48,1,1,-1,-1
43,80,739,372,53,81,1,1,-1,-1
43,81,845,308,65,138,1,1,-1,-1
43,82,880,386,63,95,1,1,-1,-1
43,85,395,291,19,49,1,1,-1,-1
43,86,700,205,28,63,1,1,-1,-1
43,88,509,190,13,34,1,1,-1,-1
43,90,1140,445,61,103,1,1,-1,-1
44,2,367,270,14,36,1,1,-1,-1
44,4,575,280,52,100,1,2,-1,-1
44,9,628,379,66,52,1,1,-1,-1
44,11,636,331,45,93,1,10,-1,-1
44,12,828,131,35,45,1,10,-1,-1
44,25,539,306,41,109,1,2,-1,-1
44,39,893,362,52,108,1,1,-1,-1
44,41,537,297,29,78,1,1,-1,-1
44,43,575,453,41,84,1,1,-1,-1
44,44,1150,453,42,72,1,1,-1,-1
44,49,588,367,100,76,1,1,-1,-1
44,54,1132,476,80,107,1,1,-1,-1
44,59,275,344,34,71,1,1,-1,-1
44,60,902,379,41,84,1,1,-1,-1
44,69,575,421,34,69,1,1,-1,-1
44,70,536,198,26,31,1,1,-1,-1
44,73,622,352,79,62,1,1,-1,-1
44,74,728,317,69,126,1,1,-1,-1
44,75,563,368,37,113,1,1,-1,-1
44,77,599,278,73,52,1,1,-1,-1
44,78,694,204,21,48,1,1,-1,-1
44,80,751,375,36,66,1,1,-1,-1
44,81,852,316,65,138,1,1,-1,-1
44,82,891,414,40,60,1,1,-1,-1
44,85,384,283,14,34,1,1,-1,-1
44,86,705,213,28,63,1,1,-1,-1
44,88,510,190,13,34,1,1,-1,-1
44,90,1140,450,72,101,1,1,-1,-1
44,93,882,352,50,99,1,1,-1,-1
45,2,354,271,25,64,1,1,-1,-1
45,4,568,283,52,100,1,2,-1,-1
45,9,633,379,66,52,1,1,-1,-1
45,11,647,351,45,93,1,10,-1,-1
45,12,829,131,36,46,1,10,-1,-1
45,25,539,308,41,109,1,2,-1,-1
45,39,900,373,54,114,1,1,-1,-1
45,41,533,309,29,78,1,1,-1,-1
45,43,564,441,27,54,1,1,-1,-1
45,44,1153,455,42,72,1,1,-1,-1
45,49,588,370,101,78,1,1,-1,-1
45,54,1134,478,81,108,1,1,-1,-1
45,59,272,347,34,73,1,1,-1,-1
45,60,894,410,73,101,1,1,-1,-1
45,69,574,426,35,70,1,1,-1,-1
45,70,511,191,13,34,1,1,-1,-1
45,73,622,357,80,63,1,1,-1,-1
45,74,746,357,50,90,1,1,-1,-1
45,75,564,374,32,116,1,1,-1,-1
45,77,599,280,74,53,1,1,-1,-1
45,78,715,143,21,39,1,1,-1,-1
45,80,762,442,28,49,1,1,-1,-1
45,81,818,374,40,71,1,1,-1,-1
45,82,891,428,50,69,1,1,-1,-1
45,85,372,282,16,42,1,1,-1,-1
45,86,702,209,28,64,1,1,-1,-1
45,88,450,202,22,38,1,1,-1,-1
45,90,1142,456,62,87,1,1,-1,-1
45,93,895,363,45,93,1,1,-1,-1
45,94,749,389,50,88,1,1,-1,-1
46,2,357,298,22,55,1,1,-1,-1
46,4,572,284,42,79,1,2,-1,-1
46,9,637,336,32,66,1,1,-1,-1
46,11,622,361,81,65,1,10,-1,-1
46,12,831,132,35,46,1,10,-1,-1
46,25,586,302,49,93,1,2,-1,-1
46,39,905,394,69,142,1,1,-1,-1
46,41,535,301,30,80,1,1,-1,-1
46,43,573,431,36,71,1,1,-1,-1
46,44,1155,456,43,72,1,1,-1,-1
46,49,588,374,102,79,1,1,-1,-1
46,54,1137,480,82,109,1,1,-1,-1
46,59,268,350,35,74,1,1,-1,-1
46,60,891,408,108,140,1,1,-1,-1
46,69,576,451,35,70,1,1,-1,-1
46,70,535,200,26,31,1,1,-1,-1
46,73,636,338,46,96,1,1,-1,-1
46,74,748,360,50,90,1,1,-1,-1
46,75,563,377,37,120,1,1,-1,-1
46,77,599,281,75,54,1,1,-1,-1
46,78,716,151,21,39,1,1,-1,-1
46,80,766,447,28,49,1,1,-1,-1
46,81,814,382,40,71,1,1,-1,-1
46,82,901,425,80,104,1,1,-1,-1
46,85,363,291,19,49,1,1,-1,-1
46,86,703,211,28,65,1,1,-1,-1
46,88,449,203,22,38,1,1,-1,-1
46,90,1147,452,72,102,1,1,-1,-1
46,93,893,364,45,93,1,1,-1,-1
46,94,758,396,39,69,1,1,-1,-1
47,2,354,299,22,55,1,1,-1,-1
47,4,571,286,43,80,1,2,-1,-1
47,9,637,342,46,97,1,1,-1,-1
47,11,622,366,83,66,1,10,-1,-1
47,12,852,103,37,49,1,10,-1,-1
47,25,594,308,49,93,1,2,-1,-1
47,39,929,363,80,169,1,1,-1,-1
47,41,534,304,30,81,1,1,-1,-1
47,43,573,437,36,71,1,1,-1,-1
47,44,1158,458,42,72,1,1,-1,-1
47,49,614,416,57,44,1,1,-1,-1
47,54,1140,481,81,108,1,1,-1,-1
47,59,265,353,35,75,1,1,-1,-1
47,60,937,464,44,59,1,1,-1,-1
47,70,527,183,22,26,1,1,-1,-1
47,73,588,380,103,80,1,1,-1,-1
47,74,753,374,54,95,1,1,-1,-1
47,75,562,385,36,119,1,1,-1,-1
47,77,599,283,76,55,1,1,-1,-1
47,80,757,411,46,91,1,1,-1,-1
47,81,767,383,52,92,1,1,-1,-1
47,82,915,440,79,107,1,1,-1,-1
47,85,362,293,19,50,1,1,-1,-1
47,86,704,212,28,66,1,1,-1,-1
47,88,513,193,13,34,1,1,-1,-1
47,90,1150,453,73,102,1,1,-1,-1
47,93,910,386,52,105,1,1,-1,-1
47,94,762,407,40,70,1,1,-1,-1
47,97,704,138,19,36,1,1,-1,-1
48,4,537,303,38,100,1,2,-1,-1
48,9,599,285,77,55,1,1,-1,-1
48,11,622,371,84,67,1,10,-1,-1
48,12,833,133,36,47,1,10,-1,-1
48,25,571,289,43,80,1,2,-1,-1
48,39,957,430,32,62,1,1,-1,-1
48,41,533,306,31,82,1,1,-1,-1
48,43,572,442,37,72,1,1,-1,-1
48,44,1161,460,42,71,1,1,-1,-1
48,49,618,390,53,43,1,1,-1,-1
48,54,1143,483,80,106,1,1,-1,-1
48,59,261,356,36,76,1,1,-1,-1
48,60,930,456,78,109,1,1,-1,-1
48,70,528,184,22,26,1,1,-1,-1
48,73,629,342,29,61,1,1,-1,-1
48,74,757,383,56,97,1,1,-1,-1
48,75,562,393,35,118,1,1,-1,-1
48,77,576,262,59,109,1,1,-1,-1
48,80,761,423,45,92,1,1,-1,-1
48,81,744,417,45,92,1,1,-1,-1
48,82,936,410,59,113,1,1,-1,-1
48,85,357,295,19,50,1,1,-1,-1
48,86,705,139,19,36,1,1,-1,-1
48,88,514,194,14,34,1,1,-1,-1
48,90,1124,455,99,131,1,1,-1,-1
48,93,922,399,51,107,1,1,-1,-1
48,94,765,418,42,71,1,1,-1,-1
48,97,719,147,10,19,1,1,-1,-1
48,100,535,205,26,31,1,1,-1,-1
48,102,447,205,23,39,1,1,-1,-1
49,4,533,306,38,100,1,2,-1,-1
49,9,599,287,78,56,1,1,-1,-1
49,11,622,375,85,69,1,10,-1,-1
49,12,834,134,36,46,1,10,-1,-1
49,25,570,291,44,81,1,2,-1,-1
49,39,991,453,37,75,1,1,-1,-1
49,41,530,320,31,82,1,1,-1,-1
49,43,572,448,38,73,1,1,-1,-1
49,44,1164,461,42,72,1,1,-1,-1
49,49,588,392,105,83,1,1,-1,-1
49,54,1147,485,79,104,1,1,-1,-1
49,59,258,360,36,76,1,1,-1,-1
49,60,944,471,78,112,1,1,-1,-1
49,70,533,202,27,32,1,1,-1,-1
49,73,637,349,48,101,1,1,-1,-1
49,74,784,413,43,75,1,1,-1,-1
49,75,562,400,36,118,1,1,-1,-1
49,77,577,264,59,109,1,1,-1,-1
49,80,765,434,46,97,1,1,-1,-1
49,81,726,428,45,92,1,1,-1,-1
49,82,948,424,59,113,1,1,-1,-1
49,85,357,297,19,52,1,1,-1,-1
49,86,706,216,28,68,1,1,-1,-1
49,88,515,195,14,34,1,1,-1,-1
49,90,1152,471,46,78,1,1,-1,-1
49,93,935,413,49,109,1,1,-1,-1
49,94,767,432,34,58,1,1,-1,-1
49,97,706,140,19,36,1,1,-1,-1
49,100,532,205,13,32,1,1,-1,-1
49,102,454,202,23,39,1,1,-1,-1
49,103,1155,462,62,107,1,1,-1,-1
50,4,538,307,29,75,1,2,-1,-1
50,9,596,267,78,56,1,1,-1,-1
50,11,622,380,87,71,1,10,-1,-1
50,12,835,134,37,47,1,10,-1,-1
50,25,569,293,45,82,1,2,-1,-1
50,39,1008,463,37,75,1,1,-1,-1
50,41,531,311,32,84,1,1,-1,-1
50,43,567,428,36,116,1,1,-1,-1
50,44,1154,453,48,82,1,1,-1,-1
50,49,588,398,106,84,1,1,-1,-1
50,54,1150,486,79,104,1,1,-1,-1
50,59,254,363,37,77,1,1,-1,-1
50,60,956,489,78,112,1,1,-1,-1
50,70,533,203,27,31,1,1,-1,-1
50,73,638,353,47,102,1,1,-1,-1
50,74,789,423,43,75,1,1,-1,-1
50,75,562,407,37,119,1,1,-1,-1
50,77,544,318,18,48,1,1,-1,-1
50,80,769,446,47,102,1,1,-1,-1
50,81,571,456,38,74,1,1,-1,-1
50,82,964,440,56,121,1,1,-1,-1
50,85,355,300,19,52,1,1,-1,-1
50,86,706,196,28,68,1,1,-1,-1
50,88,516,196,14,34,1,1,-1,-1
50,90,1152,476,46,78,1,1,-1,-1
50,93,948,427,48,111,1,1,-1,-1
50,94,771,442,34,58,1,1,-1,-1
50,97,707,141,19,36,1,1,-1,-1
50,100,532,205,13,32,1,1,-1,-1
50,102,445,207,23,39,1,1,-1,-1
50,103,1166,463,42,71,1,1,-1,-1
51,4,569,296,45,82,1,2,-1,-1
51,9,599,293,78,57,1,1,-1,-1
51,11,597,389,92,74,1,10,-1,-1
51,12,835,136,37,47,1,10,-1,-1
51,25,606,315,72,53,1,2,-1,-1
51,41,529,319,32,84,1,1,-1,-1
51,43,569,434,55,108,1,1,-1,-1
51,44,1157,455,48,82,1,1,-1,-1
51,49,588,404,107,86,1,1,-1,-1
51,54,1158,499,75,98,1,1,-1,-1
51,59,264,363,34,71,1,1,-1,-1
51,60,966,505,90,122,1,1,-1,-1
51,70,532,203,27,32,1,1,-1,-1
51,73,638,356,48,104,1,1,-1,-1
51,74,767,416,58,103,1,1,-1,-1
51,75,560,414,38,120,1,1,-1,-1
51,77,531,324,18,48,1,1,-1,-1
51,80,773,458,49,107,1,1,-1,-1
51,81,570,464,39,76,1,1,-1,-1
51,82,978,457,59,128,1,1,-1,-1
51,85,353,302,18,53,1,1,-1,-1
51,86,708,220,28,69,1,1,-1,-1
51,88,518,197,14,35,1,1,-1,-1
51,93,959,443,57,116,1,1,-1,-1
51,94,776,450,46,75,1,1,-1,-1
51,97,708,142,19,37,1,1,-1,-1
51,102,444,209,24,39,1,1,-1,-1
51,103,1169,464,42,72,1,1,-1,-1
51,104,342,281,27,65,1,1,-1,-1
51,107,251,366,37,78,1,1,-1,-1
52,4,568,298,46,83,1,2,-1,-1
52,9,620,279,77,55,1,1,-1,-1
52,11,622,389,89,74,1,10,-1,-1
52,12,838,136,36,47,1,10,-1,-1
52,25,581,278,53,96,1,2,-1,-1
52,41,533,348,18,47,1,1,-1,-1
52,43,570,473,39,77,1,1,-1,-1
52,44,1154,444,61,104,1,1,-1,-1
52,49,589,410,107,86,1,1,-1,-1
52,54,1157,486,83,107,1,1,-1,-1
52,59,260,367,34,71,1,1,-1,-1
52,60,974,524,102,128,1,1,-1,-1
52,70,532,204,27,32,1,1,-1,-1
52,73,638,360,49,105,1,1,-1,-1
52,74,780,461,47,76,1,1,-1,-1
52,75,558,422,39,120,1,1,-1,-1
52,77,529,319,33,84,1,1,-1,-1
52,80,777,469,52,113,1,1,-1,-1
52,81,515,481,39,76,1,1,-1,-1
52,82,991,465,59,128,1,1,-1,-1
52,85,350,304,19,54,1,1,-1,-1
52,86,709,221,28,70,1,1,-1,-1
52,88,518,197,15,36,1,1,-1,-1
52,93,974,460,55,107,1,1,-1,-1
52,94,789,483,28,46,1,1,-1,-1
52,97,709,143,19,37,1,1,-1,-1
52,102,445,209,24,39,1,1,-1,-1
52,103,1172,466,42,71,1,1,-1,-1
52,104,340,283,27,65,1,1,-1,-1
52,107,247,369,38,79,1,1,-1,-1
52,109,352,293,23,56,1,1,-1,-1
53,4,568,301,46,83,1,2,-1,-1
53,9,618,272,77,55,1,1,-1,-1
53,11,623,394,90,75,1,10,-1,-1
53,12,838,138,36,47,1,10,-1,-1
53,25,586,291,26,47,1,2,-1,-1
53,41,528,323,33,85,1,1,-1,-1
53,43,569,481,40,79,1,1,-1,-1
53,44,1123,461,94,132,1,1,-1,-1
53,49,588,417,109,88,1,1,-1,-1
53,54,1150,477,113,145,1,1,-1,-1
53,60,982,543,115,135,1,1,-1,-1
53,70,531,205,28,32,1,1,-1,-1
53,73,646,359,53,116,1,1,-1,-1
53,74,781,442,62,110,1,1,-1,-1
53,75,557,425,39,125,1,1,-1,-1
53,77,513,328,33,84,1,1,-1,-1
53,80,781,481,55,119,1,1,-1,-1
53,82,1008,493,65,141,1,1,-1,-1
53,85,348,307,19,54,1,1,-1,-1
53,86,710,223,28,71,1,1,-1,-1
53,88,530,200,24,28,1,1,-1,-1
53,93,990,478,52,98,1,1,-1,-1
53,94,794,494,28,46,1,1,-1,-1
53,97,710,144,19,37,1,1,-1,-1
53,102,443,211,23,40,1,1,-1,-1
53,103,1152,474,56,78,1,1,-1,-1
53,104,338,284,28,66,1,1,-1,-1
53,107,244,372,38,80,1,1,-1,-1
53,109,352,291,23,56,1,1,-1,-1
53,111,639,364,48,106,1,1,-1,-1
53,112,807,427,62,111,1,1,-1,-1
53,113,784,472,48,77,1,1,-1,-1
54,4,573,301,46,83,1,2,-1,-1
54,9,711,225,28,72,1,1,-1,-1
54,11,623,398,91,77,1,10,-1,-1
54,12,823,144,51,67,1,10,-1,-1
54,25,532,231,14,16,1,2,-1,-1
54,41,530,320,30,75,1,1,-1,-1
54,43,569,489,40,80,1,1,-1,-1
54,44,1124,461,94,132,1,1,-1,-1
54,49,588,423,110,89,1,1,-1,-1
54,54,1161,489,86,108,1,1,-1,-1
54,60,1000,556,123,137,1,1,-1,-1
54,70,531,206,27,32,1,1,-1,-1
54,73,639,367,49,108,1,1,-1,-1
54,74,789,456,64,113,1,1,-1,-1
54,75,556,432,39,125,1,1,-1,-1
54,77,527,327,34,85,1,1,-1,-1
54,80,786,494,55,119,1,1,-1,-1
54,82,980,537,126,140,1,1,-1,-1
54,85,346,309,18,55,1,1,-1,-1
54,86,706,201,39,101,1,1,-1,-1
54,88,518,199,19,37,1,1,-1,-1
54,93,1006,497,55,104,1,1,-1,-1
54,97,711,145,19,38,1,1,-1,-1
54,102,442,212,24,40,1,1,-1,-1
54,103,1152,473,56,78,1,1,-1,-1
54,104,337,285,28,66,1,1,-1,-1
54,107,240,375,39,81,1,1,-1,-1
54,111,633,353,48,106,1,1,-1,-1
54,112,807,430,62,111,1,1,-1,-1
54,113,788,483,50,79,1,1,-1,-1
54,114,1152,484,95,120,1,1,-1,-1
54,115,1177,469,42,71,1,1,-1,-1
55,4,600,306,79,58,1,2,-1,-1
55,9,741,213,33,85,1,1,-1,-1
55,11,623,403,92,78,1,10,-1,-1
55,12,841,138,37,48,1,10,-1,-1
55,25,527,209,18,35,1,2,-1,-1
55,41,567,306,48,85,1,1,-1,-1
55,43,568,494,56,110,1,1,-1,-1
55,49,568,498,41,81,1,1,-1,-1
55,54,1164,491,87,109,1,1,-1,-1
55,60,1009,550,153,161,1,1,-1,-1
55,70,556,230,25,30,1,1,-1,-1
55,73,639,371,50,109,1,1,-1,-1
55,74,794,473,59,117,1,1,-1,-1
55,75,557,489,51,100,1,1,-1,-1
55,77,505,325,33,80,1,1,-1,-1
55,82,995,554,126,140,1,1,-1,-1
55,85,344,311,18,56,1,1,-1,-1
55,86,712,227,28,72,1,1,-1,-1
55,88,518,199,20,38,1,1,-1,-1
55,93,1026,516,58,104,1,1,-1,-1
55,97,712,146,19,38,1,1,-1,-1
55,102,441,213,24,40,1,1,-1,-1
55,104,334,288,28,66,1,1,-1,-1
55,107,237,378,39,82,1,1,-1,-1
55,111,555,437,41,131,1,1,-1,-1
55,113,795,504,52,78,1,1,-1,-1
55,114,1152,487,95,120,1,1,-1,-1
55,115,1180,471,42,71,1,1,-1,-1
56,4,600,309,79,58,1,2,-1,-1
56,9,713,229,28,73,1,1,-1,-1
56,11,623,408,94,80,1,10,-1,-1
56,12,842,138,38,49,1,10,-1,-1
56,25,510,185,18,35,1,2,-1,-1
56,41,566,310,49,86,1,1,-1,-1
56,43,568,506,41,83,1,1,-1,-1
56,49,566,489,41,83,1,1,-1,-1
56,54,1166,492,89,110,1,1,-1,-1
56,60,1068,563,84,161,1,1,-1,-1
56,70,556,231,25,30,1,1,-1,-1
56,73,640,375,50,111,1,1,-1,-1
56,74,799,489,64,118,1,1,-1,-1
56,75,548,483,58,118,1,1,-1,-1
56,77,524,335,36,87,1,1,-1,-1
56,82,1036,584,140,140,1,1,-1,-1
56,85,341,314,19,56,1,1,-1,-1
56,86,708,219,33,86,1,1,-1,-1
56,88,520,200,20,38,1,1,-1,-1
56,93,1046,536,61,104,1,1,-1,-1
56,97,714,147,19,39,1,1,-1,-1
56,104,332,290,28,66,1,1,-1,-1
56,107,233,381,40,83,1,1,-1,-1
56,111,554,446,42,132,1,1,-1,-1
56,113,803,525,53,78,1,1,-1,-1
56,114,1176,486,68,83,1,1,-1,-1
56,115,1183,472,41,71,1,1,-1,-1
56,117,1170,484,52,90,1,1,-1,-1
56,119,1065,547,58,100,1,1,-1,-1
57,4,600,312,79,59,1,2,-1,-1
57,9,738,215,28,73,1,1,-1,-1
57,11,653,430,52,45,1,10,-1,-1
57,12,843,139,38,49,1,10,-1,-1
57,25,530,171,29,49,1,2,-1,-1
57,41,566,314,49,88,1,1,-1,-1
57,43,588,442,113,93,1,1,-1,-1
57,49,554,455,43,133,1,1,-1,-1
57,54,1169,494,90,111,1,1,-1,-1
57,60,1084,617,102,97,1,1,-1,-1
57,70,529,208,28,33,1,1,-1,-1
57,73,658,323,70,156,1,1,-1,-1
57,74,804,506,70,119,1,1,-1,-1
57,75,567,514,42,85,1,1,-1,-1
57,77,522,339,37,88,1,1,-1,-1
57,82,1054,598,149,142,1,1,-1,-1
57,85,339,316,18,57,1,1,-1,-1
57,86,714,231,29,74,1,1,-1,-1
57,88,519,201,23,39,1,1,-1,-1
57,93,1066,556,64,104,1,1,-1,-1
57,97,715,148,19,39,1,1,-1,-1
57,104,330,291,29,67,1,1,-1,-1
57,107,231,383,40,83,1,1,-1,-1
57,111,547,415,59,181,1,1,-1,-1
57,113,806,539,57,83,1,1,-1,-1
57,114,1180,466,76,107,1,1,-1,-1
57,115,1157,427,104,147,1,1,-1,-1
57,117,1172,483,52,90,1,1,-1,-1
57,119,1065,545,58,100,1,1,-1,-1
58,4,612,311,79,59,1,2,-1,-1
58,9,716,149,19,39,1,1,-1,-1
58,11,655,435,52,45,1,10,-1,-1
58,12,845,140,38,49,1,10,-1,-1
58,25,518,148,29,49,1,2,-1,-1
58,41,565,318,51,89,1,1,-1,-1
58,43,553,463,44,137,1,1,-1,-1
58,49,558,509,37,115,1,1,-1,-1
58,54,1171,496,92,112,1,1,-1,-1
58,60,1108,614,97,141,1,1,-1,-1
58,70,529,209,28,33,1,1,-1,-1
58,73,658,328,70,156,1,1,-1,-1
58,74,810,521,70,119,1,1,-1,-1
58,75,567,523,42,86,1,1,-1,-1
58,77,521,342,37,90,1,1,-1,-1
58,82,1150,671,61,89,1,1,-1,-1
58,85,328,293,29,67,1,1,-1,-1
58,86,715,233,30,78,1,1,-1,-1
58,88,531,211,17,28,1,1,-1,-1
58,93,1084,574,64,104,1,1,-1,-1
58,97,685,120,15,29,1,1,-1,-1
58,104,327,276,25,82,1,1,-1,-1
58,107,337,318,18,58,1,1,-1,-1
58,111,569,522,31,64,1,1,-1,-1
58,113,813,529,77,121,1,1,-1,-1
58,114,1206,463,52,90,1,1,-1,-1
58,115,1158,429,104,147,1,1,-1,-1
58,122,611,426,79,68,1,1,-1,-1
58,124,1183,468,76,107,1,1,-1,-1
58,127,641,390,52,116,1,1,-1,-1
59,4,565,322,51,91,1,2,-1,-1
59,9,682,133,18,22,1,1,-1,-1
59,11,586,457,118,96,1,10,-1,-1
59,12,832,150,43,55,1,10,-1,-1
59,25,521,203,24,38,1,2,-1,-1
59,41,519,346,38,91,1,1,-1,-1
59,43,579,497,27,84,1,1,-1,-1
59,49,545,520,37,115,1,1,-1,-1
59,54,1174,497,92,112,1,1,-1,-1
59,60,1139,632,46,81,1,1,-1,-1
59,70,528,211,28,32,1,1,-1,-1
59,74,826,596,63,105,1,1,-1,-1
59,75,566,534,43,87,1,1,-1,-1
59,77,495,347,44,106,1,1,-1,-1
59,82,1173,694,61,89,1,1,-1,-1
59,85,326,295,29,67,1,1,-1,-1
59,86,716,236,30,78,1,1,-1,-1
59,88,542,247,17,20,1,1,-1,-1
59,93,1128,615,63,112,1,1,-1,-1
59,97,684,122,16,29,1,1,-1,-1
59,104,325,278,25,82,1,1,-1,-1
59,107,335,321,18,59,1,1,-1,-1
59,111,556,542,31,64,1,1,-1,-1
59,113,829,592,57,78,1,1,-1,-1
59,114,1188,455,74,103,1,1,-1,-1
59,115,1191,477,42,73,1,1,-1,-1
59,122,623,422,98,84,1,1,-1,-1
59,123,819,552,82,124,1,1,-1,-1
59,124,1186,470,77,107,1,1,-1,-1
59,127,642,398,52,118,1,1,-1,-1
59,128,426,205,24,51,1,1,-1,-1
59,130,819,597,90,149,1,1,-1,-1
59,131,600,318,80,60,1,1,-1,-1
60,4,600,321,80,60,1,2,-1,-1
60,9,720,134,12,26,1,1,-1,-1
60,11,623,426,99,86,1,10,-1,-1
60,12,847,141,38,49,1,10,-1,-1
60,25,523,205,23,36,1,2,-1,-1
60,41,564,326,53,92,1,1,-1,-1
60,43,585,464,121,98,1,1,-1,-1
60,54,1176,499,95,115,1,1,-1,-1
60,60,1161,649,46,81,1,1,-1,-1
60,70,527,213,28,32,1,1,-1,-1
60,74,840,617,58,78,1,1,-1,-1
60,75,566,545,43,89,1,1,-1,-1
60,77,526,296,67,115,1,1,-1,-1
60,85,323,293,29,67,1,1,-1,-1
60,86,718,239,31,80,1,1,-1,-1
60,88,545,249,17,20,1,1,-1,-1
60,93,1151,650,70,101,1,1,-1,-1
60,97,718,151,19,40,1,1,-1,-1
60,107,357,304,18,59,1,1,-1,-1
60,113,826,576,86,126,1,1,-1,-1
60,114,1195,449,74,103,1,1,-1,-1
60,115,1193,478,42,73,1,1,-1,-1
60,122,666,413,41,94,1,1,-1,-1
60,123,876,577,51,75,1,1,-1,-1
60,124,1188,473,77,107,1,1,-1,-1
60,127,643,405,53,121,1,1,-1,-1
60,128,425,206,24,52,1,1,-1,-1
60,130,841,632,41,56,1,1,-1,-1
60,131,614,323,62,46,1,1,-1,-1
60,133,699,93,17,21,1,1,-1,-1
60,135,684,122,16,30,1,1,-1,-1
61,4,601,325,80,60,1,2,-1,-1
61,9,701,104,10,13,1,1,-1,-1
61,11,604,428,135,117,1,10,-1,-1
61,12,848,141,39,50,1,10,-1,-1
61,25,517,192,35,53,1,2,-1,-1
61,41,564,330,53,94,1,1,-1,-1
61,43,584,472,123,99,1,1,-1,-1
61,54,1179,501,96,116,1,1,-1,-1
61,70,524,206,24,36,1,1,-1,-1
61,74,851,643,59,78,1,1,-1,-1
61,75,550,489,47,147,1,1,-1,-1
61,77,516,355,39,95,1,1,-1,-1
61,85,328,328,19,59,1,1,-1,-1
61,86,719,242,32,80,1,1,-1,-1
61,88,534,221,24,26,1,1,-1,-1
61,93,1176,675,70,101,1,1,-1,-1
61,97,719,152,19,40,1,1,-1,-1
61,113,829,589,124,157,1,1,-1,-1
61,115,1197,481,42,75,1,1,-1,-1
61,122,670,413,41,94,1,1,-1,-1
61,123,882,582,51,75,1,1,-1,-1
61,124,1190,476,78,107,1,1,-1,-1
61,127,623,431,100,87,1,1,-1,-1
61,128,424,208,23,52,1,1,-1,-1
61,130,833,600,90,128,1,1,-1,-1
61,131,614,321,62,46,1,1,-1,-1
61,133,699,93,17,21,1,1,-1,-1
61,134,512,473,184,148,1,1,-1,-1
61,135,685,123,16,30,1,1,-1,-1
61,136,206,401,46,90,1,1,-1,-1
61,137,410,221,29,49,1,1,-1,-1
62,4,600,329,82,61,1,2,-1,-1
62,9,699,94,17,21,1,1,-1,-1
62,11,605,432,135,117,1,10,-1,-1
62,12,849,142,39,50,1,10,-1,-1
62,25,435,222,25,41,1,2,-1,-1
62,41,515,361,39,96,1,1,-1,-1
62,43,583,479,126,101,1,1,-1,-1
62,54,1181,503,98,117,1,1,-1,-1
62,70,505,217,38,40,1,1,-1,-1
62,74,860,668,59,78,1,1,-1,-1
62,75,566,567,44,92,1,1,-1,-1
62,77,511,383,37,91,1,1,-1,-1
62,85,344,343,11,34,1,1,-1,-1
62,86,721,246,32,80,1,1,-1,-1
62,88,534,206,29,43,1,1,-1,-1
62,97,703,144,23,49,1,1,-1,-1
62,113,845,627,96,127,1,1,-1,-1
62,115,1199,484,42,75,1,1,-1,-1
62,124,1192,479,79,108,1,1,-1,-1
62,127,624,436,101,89,1,1,-1,-1
62,128,418,232,19,40,1,1,-1,-1
62,130,849,633,79,104,1,1,-1,-1
62,133,723,112,10,12,1,1,-1,-1
62,134,549,498,49,151,1,1,-1,-1
62,135,684,134,18,25,1,1,-1,-1
62,136,200,406,48,91,1,1,-1,-1
62,137,409,223,28,50,1,1,-1,-1
62,142,720,153,19,41,1,1,-1,-1
62,144,669,155,20,27,1,1,-1,-1
63,4,606,330,82,61,1,2,-1,-1
63,9,699,94,17,21,1,1,-1,-1
63,11,609,440,102,90,1,10,-1,-1
63,12,850,143,39,50,1,10,-1,-1
63,25,434,223,26,41,1,2,-1,-1
63,41,563,338,55,97,1,1,-1,-1
63,43,583,487,128,102,1,1,-1,-1
63,54,1184,505,99,118,1,1,-1,-1
63,70,524,218,29,31,1,1,-1,-1
63,75,591,616,24,52,1,1,-1,-1
63,77,511,388,37,91,1,1,-1,-1
63,85,342,349,11,34,1,1,-1,-1
63,86,722,248,32,80,1,1,-1,-1
63,88,525,209,24,35,1,1,-1,-1
63,97,709,150,23,49,1,1,-1,-1
63,113,854,656,98,98,1,1,-1,-1
63,124,1195,482,79,108,1,1,-1,-1
63,127,645,428,56,129,1,1,-1,-1
63,128,416,234,19,40,1,1,-1,-1
63,130,855,637,79,104,1,1,-1,-1
63,133,683,103,13,30,1,1,-1,-1
63,134,565,580,43,93,1,1,-1,-1
63,135,687,125,16,30,1,1,-1,-1
63,136,194,410,49,93,1,1,-1,-1
63,137,421,211,24,53,1,1,-1,-1
63,142,726,137,9,17,1,1,-1,-1
63,144,685,135,18,25,1,1,-1,-1
63,145,448,210,16,25,1,1,-1,-1
64,4,600,339,85,62,1,2,-1,-1
64,9,699,94,17,21,1,1,-1,-1
64,11,623,453,105,93,1,10,-1,-1
64,12,851,143,40,51,1,10,-1,-1
64,25,411,226,32,51,1,2,-1,-1
64,41,563,342,55,99,1,1,-1,-1
64,43,592,488,128,102,1,1,-1,-1
64,54,1186,507,100,119,1,1,-1,-1
64,70,524,219,29,31,1,1,-1,-1
64,75,564,594,43,94,1,1,-1,-1
64,77,513,373,40,99,1,1,-1,-1
64,85,309,343,39,84,1,1,-1,-1
64,86,724,251,32,80,1,1,-1,-1
64,88,524,211,24,35,1,1,-1,-1
64,97,747,174,17,38,1,1,-1,-1
64,113,865,678,98,98,1,1,-1,-1
64,124,1196,485,80,108,1,1,-1,-1
64,127,646,436,57,131,1,1,-1,-1
64,128,406,227,28,50,1,1,-1,-1
64,133,688,107,13,30,1,1,-1,-1
64,134,547,523,50,157,1,1,-1,-1
64,135,685,135,19,26,1,1,-1,-1
64,136,188,414,51,94,1,1,-1,-1
64,137,419,223,18,35,1,1,-1,-1
64,142,723,156,19,41,1,1,-1,-1
64,144,673,124,18,25,1,1,-1,-1
64,145,420,212,24,54,1,1,-1,-1
64,147,414,236,20,40,1,1,-1,-1
64,148,319,338,19,60,1,1,-1,-1
65,4,599,343,87,63,1,2,-1,-1
65,9,699,95,17,21,1,1,-1,-1
65,11,623,462,107,95,1,10,-1,-1
65,12,853,144,39,51,1,10,-1,-1
65,25,388,232,32,51,1,2,-1,-1
65,41,562,346,57,100,1,1,-1,-1
65,43,642,450,57,133,1,1,-1,-1
65,54,1188,510,101,120,1,1,-1,-1
65,70,523,221,29,31,1,1,-1,-1
65,75,563,608,42,95,1,1,-1,-1
65,77,511,379,41,100,1,1,-1,-1
65,85,316,342,20,59,1,1,-1,-1
65,86,725,254,32,80,1,1,-1,-1
65,88,524,213,23,35,1,1,-1,-1
65,97,724,157,19,41,1,1,-1,-1
65,124,1208,488,44,82,1,1,-1,-1
65,127,647,444,57,134,1,1,-1,-1
65,128,400,223,30,52,1,1,-1,-1
65,133,702,103,9,11,1,1,-1,-1
65,134,546,536,50,159,1,1,-1,-1
65,135,688,127,16,30,1,1,-1,-1
65,136,184,418,51,94,1,1,-1,-1
65,137,419,214,23,54,1,1,-1,-1
65,142,725,142,25,54,1,1,-1,-1
65,144,685,103,13,30,1,1,-1,-1
65,145,404,203,20,35,1,1,-1,-1
65,147,404,229,29,51,1,1,-1,-1
65,148,307,313,33,72,1,1,-1,-1
65,152,582,510,133,106,1,1,-1,-1
66,4,599,348,89,64,1,2,-1,-1
66,9,700,95,17,21,1,1,-1,-1
66,11,604,449,106,95,1,10,-1,-1
66,12,854,145,39,51,1,10,-1,-1
66,25,304,316,33,73,1,2,-1,-1
66,41,562,350,57,102,1,1,-1,-1
66,43,650,450,57,133,1,1,-1,-1
66,54,1190,513,102,121,1,1,-1,-1
66,70,523,222,29,31,1,1,-1,-1
66,75,562,621,42,96,1,1,-1,-1
66,77,510,385,41,102,1,1,-1,-1
66,85,313,345,20,60,1,1,-1,-1
66,86,726,257,33,80,1,1,-1,-1
66,88,528,221,22,23,1,1,-1,-1
66,97,730,175,19,41,1,1,-1,-1
66,124,1211,491,44,84,1,1,-1,-1
66,127,648,452,58,136,1,1,-1,-1
66,128,411,240,20,41,1,1,-1,-1
66,133,686,104,13,30,1,1,-1,-1
66,134,543,547,50,159,1,1,-1,-1
66,135,689,128,16,30,1,1,-1,-1
66,136,177,423,53,97,1,1,-1,-1
66,137,418,215,23,55,1,1,-1,-1
66,142,725,159,19,41,1,1,-1,-1
66,144,679,88,13,30,1,1,-1,-1
66,145,382,219,23,56,1,1,-1,-1
66,147,523,214,24,36,1,1,-1,-1
66,148,304,339,25,56,1,1,-1,-1
66,152,582,522,136,108,1,1,-1,-1
66,154,524,233,12,18,1,1,-1,-1
66,157,570,379,40,71,1,1,-1,-1
67,4,599,353,90,64,1,2,-1,-1
67,9,716,113,13,25,1,1,-1,-1
67,11,607,456,106,95,1,10,-1,-1
67,12,856,137,25,32,1,10,-1,-1
67,25,274,334,33,73,1,2,-1,-1
67,41,562,355,58,103,1,1,-1,-1
67,43,649,459,59,139,1,1,-1,-1
67,54,1192,516,104,122,1,1,-1,-1
67,70,522,223,30,31,1,1,-1,-1
67,75,561,635,41,97,1,1,-1,-1
67,77,509,391,41,102,1,1,-1,-1
67,85,310,349,20,60,1,1,-1,-1
67,86,728,260,33,80,1,1,-1,-1
67,88,509,196,35,37,1,1,-1,-1
67,97,726,161,19,40,1,1,-1,-1
67,124,1214,495,45,85,1,1,-1,-1
67,127,623,480,110,98,1,1,-1,-1
67,128,430,229,26,42,1,1,-1,-1
67,133,685,113,13,31,1,1,-1,-1
67,135,698,119,25,31,1,1,-1,-1
67,136,170,431,55,98,1,1,-1,-1
67,137,455,216,25,40,1,1,-1,-1
67,142,735,147,11,22,1,1,-1,-1
67,144,688,104,13,30,1,1,-1,-1
67,145,385,205,16,37,1,1,-1,-1
67,147,540,196,24,36,1,1,-1,-1
67,148,300,320,35,73,1,1,-1,-1
67,152,582,534,138,110,1,1,-1,-1
67,154,523,216,23,36,1,1,-1,-1
67,157,561,383,40,71,1,1,-1,-1
67,159,665,202,41,61,1,1,-1,-1
67,161,690,129,16,30,1,1,-1,-1
68,4,599,358,92,65,1,2,-1,-1
68,9,724,80,18,41,1,1,-1,-1
68,12,856,146,40,51,1,10,-1,-1
68,41,560,360,58,105,1,1,-1,-1
68,43,649,467,60,141,1,1,-1,-1
68,54,1194,519,105,123,1,1,-1,-1
68,70,435,215,35,81,1,1,-1,-1
68,75,560,649,41,98,1,1,-1,-1
68,77,508,396,42,105,1,1,-1,-1
68,85,307,352,20,60,1,1,-1,-1
68,86,730,263,33,83,1,1,-1,-1
68,88,450,230,26,41,1,1,-1,-1
68,97,747,195,11,22,1,1,-1,-1
68,124,1218,499,45,87,1,1,-1,-1
68,127,623,488,112,101,1,1,-1,-1
68,128,415,218,24,55,1,1,-1,-1
68,133,689,104,13,30,1,1,-1,-1
68,135,724,134,11,26,1,1,-1,-1
68,136,164,440,57,99,1,1,-1,-1
68,137,429,231,26,42,1,1,-1,-1
68,142,727,163,20,40,1,1,-1,-1
68,144,684,102,10,22,1,1,-1,-1
68,145,400,235,29,52,1,1,-1,-1
68,147,689,138,18,29,1,1,-1,-1
68,148,297,323,35,74,1,1,-1,-1
68,152,582,546,141,112,1,1,-1,-1
68,154,541,215,23,36,1,1,-1,-1
68,159,666,204,41,61,1,1,-1,-1
68,161,690,130,17,30,1,1,-1,-1
69,4,643,364,72,51,1,2,-1,-1
69,9,700,96,17,21,1,1,-1,-1
69,12,857,146,41,52,1,10,-1,-1
69,41,559,366,58,106,1,1,-1,-1
69,43,650,475,61,144,1,1,-1,-1
69,54,1196,522,106,124,1,1,-1,-1
69,70,443,235,29,48,1,1,-1,-1
69,75,558,663,41,98,1,1,-1,-1
69,77,507,402,42,107,1,1,-1,-1
69,85,294,326,35,75,1,1,-1,-1
69,86,732,266,33,83,1,1,-1,-1
69,88,522,219,22,37,1,1,-1,-1
69,97,747,196,11,22,1,1,-1,-1
69,124,1221,503,46,88,1,1,-1,-1
69,127,545,501,209,165,1,1,-1,-1
69,128,427,233,26,43,1,1,-1,-1
69,133,673,127,21,40,1,1,-1,-1
69,135,689,138,19,30,1,1,-1,-1
69,136,159,446,57,99,1,1,-1,-1
69,137,444,222,24,58,1,1,-1,-1
69,142,728,166,18,36,1,1,-1,-1
69,144,690,105,13,30,1,1,-1,-1
69,145,381,243,35,64,1,1,-1,-1
69,147,744,113,18,29,1,1,-1,-1
69,148,301,293,50,107,1,1,-1,-1
69,152,581,559,143,113,1,1,-1,-1
69,154,521,226,30,31,1,1,-1,-1
69,159,666,207,42,61,1,1,-1,-1
69,161,691,131,16,30,1,1,-1,-1
69,168,691,199,22,59,1,1,-1,-1
69,169,728,164,20,41,1,1,-1,-1
70,4,598,367,96,67,1,2,-1,-1
70,9,706,94,17,21,1,1,-1,-1
70,12,858,147,41,52,1,10,-1,-1
70,41,557,372,59,108,1,1,-1,-1
70,43,651,482,62,147,1,1,-1,-1
70,54,1199,525,107,125,1,1,-1,-1
70,70,404,249,21,42,1,1,-1,-1
70,75,539,606,52,149,1,1,-1,-1
70,77,505,408,43,108,1,1,-1,-1
70,85,301,360,21,60,1,1,-1,-1
70,86,734,270,35,88,1,1,-1,-1
70,88,508,219,17,28,1,1,-1,-1
70,97,705,208,27,75,1,1,-1,-1
70,124,1225,507,46,89,1,1,-1,-1
70,127,580,572,146,115,1,1,-1,-1
70,128,413,221,23,56,1,1,-1,-1
70,133,692,132,16,30,1,1,-1,-1
70,135,690,139,19,31,1,1,-1,-1
70,136,152,457,60,101,1,1,-1,-1
70,137,426,235,26,43,1,1,-1,-1
70,142,729,166,20,40,1,1,-1,-1
70,144,691,105,13,30,1,1,-1,-1
70,145,335,320,42,88,1,1,-1,-1
70,148,291,330,36,76,1,1,-1,-1
70,152,566,581,172,135,1,1,-1,-1
70,154,521,228,30,31,1,1,-1,-1
70,159,666,209,43,62,1,1,-1,-1
70,161,716,118,13,29,1,1,-1,-1
70,168,692,201,22,60,1,1,-1,-1
70,169,740,131,29,58,1,1,-1,-1
70,170,505,581,68,196,1,1,-1,-1
70,171,1214,505,82,112,1,1,-1,-1
70,173,397,238,29,53,1,1,-1,-1
70,174,378,226,38,69,1,1,-1,-1
71,4,598,372,97,67,1,2,-1,-1
71,9,700,97,17,21,1,1,-1,-1
71,12,860,148,40,52,1,10,-1,-1
71,41,556,377,58,110,1,1,-1,-1
71,43,667,532,34,83,1,1,-1,-1
71,54,1202,528,108,126,1,1,-1,-1
71,70,403,251,21,43,1,1,-1,-1
71,75,541,612,59,143,1,1,-1,-1
71,77,504,414,44,109,1,1,-1,-1
71,85,291,328,55,115,1,1,-1,-1
71,86,736,274,36,90,1,1,-1,-1
71,88,521,223,22,37,1,1,-1,-1
71,97,681,211,38,54,1,1,-1,-1
71,124,1228,511,47,91,1,1,-1,-1
71,127,590,550,138,108,1,1,-1,-1
71,128,411,223,24,56,1,1,-1,-1
71,133,693,133,16,30,1,1,-1,-1
71,135,691,139,19,32,1,1,-1,-1
71,136,147,465,60,101,1,1,-1,-1
71,137,425,238,25,42,1,1,-1,-1
71,142,730,168,20,40,1,1,-1,-1
71,144,693,105,13,30,1,1,-1,-1
71,145,331,331,42,88,1,1,-1,-1
71,148,287,334,37,77,1,1,-1,-1
71,152,579,585,149,117,1,1,-1,-1
71,154,520,229,31,32,1,1,-1,-1
71,159,667,211,43,62,1,1,-1,-1
71,161,718,116,13,29,1,1,-1,-1
71,168,693,203,22,60,1,1,-1,-1
71,169,740,137,29,58,1,1,-1,-1
71,170,538,623,54,132,1,1,-1,-1
71,171,1217,509,82,112,1,1,-1,-1
71,173,412,231,35,59,1,1,-1,-1
71,174,395,240,29,54,1,1,-1,-1
72,4,598,377,99,68,1,2,-1,-1
72,9,700,97,17,21,1,1,-1,-1
72,12,861,148,41,53,1,10,-1,-1
72,41,554,383,59,112,1,1,-1,-1
72,43,623,524,119,108,1,1,-1,-1
72,54,1205,531,110,128,1,1,-1,-1
72,70,378,258,21,43,1,1,-1,-1
72,75,536,615,59,143,1,1,-1,-1
72,77,506,390,57,143,1,1,-1,-1
72,85,293,370,22,60,1,1,-1,-1
72,86,738,278,37,92,1,1,-1,-1
72,88,520,224,22,37,1,1,-1,-1
72,97,675,225,38,54,1,1,-1,-1
72,124,1232,515,47,92,1,1,-1,-1
72,127,584,577,138,108,1,1,-1,-1
72,128,423,240,26,43,1,1,-1,-1
72,133,693,134,17,30,1,1,-1,-1
72,135,692,140,18,32,1,1,-1,-1
72,136,140,474,63,104,1,1,-1,-1
72,137,506,243,16,26,1,1,-1,-1
72,142,726,186,22,44,1,1,-1,-1
72,144,690,101,16,36,1,1,-1,-1
72,148,284,338,37,78,1,1,-1,-1
72,152,578,598,152,119,1,1,-1,-1
72,154,523,206,41,41,1,1,-1,-1
72,159,667,213,44,63,1,1,-1,-1
72,161,694,106,13,30,1,1,-1,-1
72,168,693,205,23,60,1,1,-1,-1
72,169,732,170,20,40,1,1,-1,-1
72,170,533,627,54,132,1,1,-1,-1
72,171,1220,512,83,113,1,1,-1,-1
72,173,401,253,21,43,1,1,-1,-1
72,174,394,242,29,54,1,1,-1,-1
72,176,671,477,73,175,1,1,-1,-1
72,177,263,337,55,115,1,1,-1,-1
73,4,597,383,102,69,1,2,-1,-1
73,9,701,97,17,21,1,1,-1,-1
73,12,862,149,41,53,1,10,-1,-1
73,41,553,389,59,113,1,1,-1,-1
73,43,608,543,141,130,1,1,-1,-1
73,54,1209,535,111,129,1,1,-1,-1
73,70,392,244,29,54,1,1,-1,-1
73,77,502,426,44,112,1,1,-1,-1
73,85,293,373,22,60,1,1,-1,-1
73,86,739,283,38,93,1,1,-1,-1
73,88,519,233,32,32,1,1,-1,-1
73,124,1238,518,59,81,1,1,-1,-1
73,128,422,242,25,43,1,1,-1,-1
73,133,694,134,16,31,1,1,-1,-1
73,135,690,143,18,32,1,1,-1,-1
73,136,129,485,34,57,1,1,-1,-1
73,137,426,237,29,56,1,1,-1,-1
73,142,727,189,22,44,1,1,-1,-1
73,144,695,106,13,30,1,1,-1,-1
73,148,281,343,38,78,1,1,-1,-1
73,152,581,616,154,112,1,1,-1,-1
73,154,520,226,21,37,1,1,-1,-1
73,159,667,216,44,63,1,1,-1,-1
73,161,697,101,13,30,1,1,-1,-1
73,168,694,207,23,61,1,1,-1,-1
73,169,735,174,20,40,1,1,-1,-1
73,171,1223,516,83,113,1,1,-1,-1
73,173,399,256,22,43,1,1,-1,-1
73,174,409,226,23,57,1,1,-1,-1
73,176,624,536,123,113,1,1,-1,-1
73,177,265,337,55,115,1,1,-1,-1
74,4,597,390,104,70,1,2,-1,-1
74,9,701,98,17,21,1,1,-1,-1
74,12,869,159,32,41,1,10,-1,-1
74,41,552,395,59,115,1,1,-1,-1
74,43,626,548,127,118,1,1,-1,-1
74,54,1214,540,109,129,1,1,-1,-1
74,70,391,246,29,55,1,1,-1,-1
74,77,501,432,45,114,1,1,-1,-1
74,86,741,288,38,94,1,1,-1,-1
74,88,522,224,30,50,1,1,-1,-1
74,124,1242,522,59,81,1,1,-1,-1
74,128,408,227,23,58,1,1,-1,-1
74,133,693,141,19,34,1,1,-1,-1
74,135,717,126,14,31,1,1,-1,-1
74,136,122,493,65,107,1,1,-1,-1
74,137,420,244,26,43,1,1,-1,-1
74,142,735,266,52,128,1,1,-1,-1
74,144,696,106,14,30,1,1,-1,-1
74,148,276,335,46,92,1,1,-1,-1
74,152,582,628,154,112,1,1,-1,-1
74,154,519,228,22,37,1,1,-1,-1
74,159,668,218,44,63,1,1,-1,-1
74,168,695,209,23,61,1,1,-1,-1
74,169,738,178,20,41,1,1,-1,-1
74,171,1238,522,48,96,1,1,-1,-1
74,173,398,258,21,43,1,1,-1,-1
74,174,396,199,36,69,1,1,-1,-1
74,176,655,521,66,149,1,1,-1,-1
74,177,277,347,39,79,1,1,-1,-1
74,179,1209,488,68,137,1,1,-1,-1
75,4,597,396,106,72,1,2,-1,-1
75,9,706,95,20,25,1,1,-1,-1
75,12,875,150,61,79,1,10,-1,-1
75,41,550,404,62,116,1,1,-1,-1
75,43,656,536,68,144,1,1,-1,-1
75,54,1219,545,107,129,1,1,-1,-1
75,70,389,248,29,55,1,1,-1,-1
75,77,498,441,46,116,1,1,-1,-1
75,86,736,262,57,142,1,1,-1,-1
75,88,518,237,33,33,1,1,-1,-1
75,124,1230,524,85,113,1,1,-1,-1
75,128,407,229,23,58,1,1,-1,-1
75,133,694,142,19,34,1,1,-1,-1
75,135,696,136,16,31,1,1,-1,-1
75,136,112,497,65,107,1,1,-1,-1
75,137,419,246,26,44,1,1,-1,-1
75,142,756,272,48,120,1,1,-1,-1
75,144,701,98,17,21,1,1,-1,-1
75,148,274,351,39,80,1,1,-1,-1
75,152,588,653,157,99,1,1,-1,-1
75,154,519,229,21,38,1,1,-1,-1
75,159,696,211,23,61,1,1,-1,-1
75,168,723,173,28,49,1,1,-1,-1
75,169,741,182,21,42,1,1,-1,-1
75,171,1242,526,48,97,1,1,-1,-1
75,173,394,265,21,43,1,1,-1,-1
75,174,393,209,34,58,1,1,-1,-1
75,176,623,507,88,186,1,1,-1,-1
75,177,275,346,39,79,1,1,-1,-1
75,179,1209,486,68,137,1,1,-1,-1
75,187,864,150,42,54,1,1,-1,-1
76,4,596,403,109,73,1,2,-1,-1
76,9,701,98,17,21,1,1,-1,-1
76,12,864,143,52,67,1,10,-1,-1
76,41,549,413,65,118,1,1,-1,-1
76,43,629,572,135,128,1,1,-1,-1
76,54,1224,550,105,129,1,1,-1,-1
76,70,394,262,23,44,1,1,-1,-1
76,77,495,451,47,117,1,1,-1,-1
76,86,744,299,39,95,1,1,-1,-1
76,88,517,239,34,33,1,1,-1,-1
76,124,1235,528,85,114,1,1,-1,-1
76,128,388,250,29,55,1,1,-1,-1
76,133,695,142,19,36,1,1,-1,-1
76,135,696,137,17,31,1,1,-1,-1
76,136,105,512,67,110,1,1,-1,-1
76,137,418,249,25,43,1,1,-1,-1
76,142,762,307,48,120,1,1,-1,-1
76,144,699,107,13,30,1,1,-1,-1
76,148,279,390,24,60,1,1,-1,-1
76,152,590,666,157,99,1,1,-1,-1
76,154,518,231,21,38,1,1,-1,-1
76,159,656,234,39,55,1,1,-1,-1
76,168,696,213,24,62,1,1,-1,-1
76,169,734,199,21,43,1,1,-1,-1
76,171,1244,528,48,97,1,1,-1,-1
76,173,362,268,13,32,1,1,-1,-1
76,174,394,201,34,58,1,1,-1,-1
76,176,669,558,56,111,1,1,-1,-1
76,177,297,386,41,83,1,1,-1,-1
76,187,865,151,42,54,1,1,-1,-1
77,4,582,388,155,105,1,2,-1,-1
77,9,701,99,17,21,1,1,-1,-1
77,12,870,147,52,67,1,10,-1,-1
77,41,547,422,69,119,1,1,-1,-1
77,43,629,594,140,124,1,1,-1,-1
77,54,1229,555,103,129,1,1,-1,-1
77,70,393,264,22,45,1,1,-1,-1
77,77,493,460,47,119,1,1,-1,-1
77,86,746,305,39,96,1,1,-1,-1
77,88,517,241,34,33,1,1,-1,-1
77,124,1250,514,70,144,1,1,-1,-1
77,128,386,252,30,56,1,1,-1,-1
77,133,697,138,17,31,1,1,-1,-1
77,135,680,122,18,41,1,1,-1,-1
77,136,96,522,68,111,1,1,-1,-1
77,137,416,251,26,43,1,1,-1,-1
77,144,700,107,13,30,1,1,-1,-1
77,148,276,395,24,60,1,1,-1,-1
77,154,518,233,21,38,1,1,-1,-1
77,159,669,225,46,64,1,1,-1,-1
77,168,719,172,24,41,1,1,-1,-1
77,169,743,186,21,42,1,1,-1,-1
77,171,1249,534,49,100,1,1,-1,-1
77,173,384,272,15,39,1,1,-1,-1
77,174,404,232,23,58,1,1,-1,-1
77,176,659,567,71,133,1,1,-1,-1
77,177,299,389,41,83,1,1,-1,-1
77,187,867,152,42,54,1,1,-1,-1
77,192,696,143,19,36,1,1,-1,-1
77,194,697,215,24,62,1,1,-1,-1
78,4,582,395,155,105,1,2,-1,-1
78,9,701,108,14,30,1,1,-1,-1
78,12,860,159,27,34,1,10,-1,-1
78,41,546,432,72,120,1,1,-1,-1
78,43,630,616,144,120,1,1,-1,-1
78,54,1234,560,101,129,1,1,-1,-1
78,70,391,267,23,44,1,1,-1,-1
78,77,490,470,48,120,1,1,-1,-1
78,86,748,311,39,97,1,1,-1,-1
78,88,516,242,35,34,1,1,-1,-1
78,124,1255,520,70,144,1,1,-1,-1
78,128,385,253,29,57,1,1,-1,-1
78,133,698,139,16,31,1,1,-1,-1
78,135,675,122,15,32,1,1,-1,-1
78,136,88,532,69,113,1,1,-1,-1
78,137,415,253,25,44,1,1,-1,-1
78,144,721,117,9,19,1,1,-1,-1
78,148,272,400,25,60,1,1,-1,-1
78,154,474,236,42,41,1,1,-1,-1
78,159,670,231,41,57,1,1,-1,-1
78,168,741,174,23,39,1,1,-1,-1
78,169,744,188,21,42,1,1,-1,-1
78,171,1252,538,50,101,1,1,-1,-1
78,173,373,275,15,39,1,1,-1,-1
78,174,403,233,23,59,1,1,-1,-1
78,176,661,576,71,133,1,1,-1,-1
78,177,302,420,15,37,1,1,-1,-1
78,187,868,153,42,54,1,1,-1,-1
78,192,697,144,19,37,1,1,-1,-1
78,194,698,217,24,62,1,1,-1,-1
78,198,596,416,113,76,1,1,-1,-1
79,9,703,108,13,30,1,1,-1,-1
79,12,856,160,60,79,1,10,-1,-1
79,41,545,441,74,121,1,1,-1,-1
79,43,631,639,148,115,1,1,-1,-1
79,54,1240,565,98,129,1,1,-1,-1
79,70,389,269,23,45,1,1,-1,-1
79,77,487,479,49,122,1,1,-1,-1
79,86,751,316,40,98,1,1,-1,-1
79,88,517,236,20,39,1,1,-1,-1
79,124,1248,540,87,117,1,1,-1,-1
79,128,383,255,30,57,1,1,-1,-1
79,133,699,140,16,31,1,1,-1,-1
79,135,689,118,18,22,1,1,-1,-1
79,136,74,545,71,113,1,1,-1,-1
79,137,387,260,35,67,1,1,-1,-1
79,144,702,133,9,18,1,1,-1,-1
79,148,269,406,25,60,1,1,-1,-1
79,154,413,255,26,44,1,1,-1,-1
79,159,670,229,47,65,1,1,-1,-1
79,168,742,176,23,39,1,1,-1,-1
79,169,745,191,22,42,1,1,-1,-1
79,171,1256,542,50,103,1,1,-1,-1
79,173,386,287,33,64,1,1,-1,-1
79,174,402,235,23,59,1,1,-1,-1
79,176,662,598,74,123,1,1,-1,-1
79,177,305,429,15,37,1,1,-1,-1
79,187,870,154,42,55,1,1,-1,-1
79,192,694,141,13,30,1,1,-1,-1
79,194,699,220,24,62,1,1,-1,-1
79,198,596,423,116,77,1,1,-1,-1
79,201,492,246,19,38,1,1,-1,-1
80,9,702,112,13,30,1,1,-1,-1
80,12,852,159,60,79,1,10,-1,-1
80,41,554,456,42,66,1,1,-1,-1
80,43,627,648,152,106,1,1,-1,-1
80,54,1245,569,93,129,1,1,-1,-1
80,70,388,271,23,45,1,1,-1,-1
80,77,543,450,78,123,1,1,-1,-1
80,86,755,321,41,99,1,1,-1,-1
80,88,515,246,36,35,1,1,-1,-1
80,124,1253,545,87,117,1,1,-1,-1
80,128,382,257,29,58,1,1,-1,-1
80,133,743,178,24,39,1,1,-1,-1
80,135,683,115,18,22,1,1,-1,-1
80,136,60,559,74,113,1,1,-1,-1
80,137,404,259,15,38,1,1,-1,-1
80,144,699,141,17,31,1,1,-1,-1
80,148,263,412,26,61,1,1,-1,-1
80,154,412,258,25,43,1,1,-1,-1
80,159,670,232,48,65,1,1,-1,-1
80,168,747,193,21,42,1,1,-1,-1
80,169,720,202,30,66,1,1,-1,-1
80,171,1260,545,49,101,1,1,-1,-1
80,173,391,273,30,61,1,1,-1,-1
80,174,400,236,24,60,1,1,-1,-1
80,176,663,613,76,118,1,1,-1,-1
80,177,258,373,42,84,1,1,-1,-1
80,187,871,155,43,55,1,1,-1,-1
80,192,699,146,19,38,1,1,-1,-1
80,194,701,243,13,31,1,1,-1,-1
80,198,604,420,116,77,1,1,-1,-1
80,201,516,238,20,39,1,1,-1,-1
80,204,699,222,25,62,1,1,-1,-1
80,205,711,199,28,61,1,1,-1,-1
81,9,705,109,13,30,1,1,-1,-1
81,12,888,163,40,52,1,10,-1,-1
81,41,603,463,83,54,1,1,-1,-1
81,43,630,667,152,106,1,1,-1,-1
81,54,1250,573,89,129,1,1,-1,-1
81,70,386,273,23,46,1,1,-1,-1
81,77,542,459,81,124,1,1,-1,-1
81,86,757,327,41,99,1,1,-1,-1
81,88,518,256,28,26,1,1,-1,-1
81,124,1259,550,80,119,1,1,-1,-1
81,128,380,259,30,58,1,1,-1,-1
81,133,745,180,24,39,1,1,-1,-1
81,135,702,100,17,21,1,1,-1,-1
81,136,46,573,76,113,1,1,-1,-1
81,137,411,260,25,44,1,1,-1,-1
81,144,700,142,17,31,1,1,-1,-1
81,148,258,418,26,62,1,1,-1,-1
81,154,386,265,25,43,1,1,-1,-1
81,159,670,234,48,66,1,1,-1,-1
81,168,748,195,21,42,1,1,-1,-1
81,169,722,204,30,66,1,1,-1,-1
81,171,1282,553,47,70,1,1,-1,-1
81,173,394,282,30,61,1,1,-1,-1
81,174,399,238,23,60,1,1,-1,-1
81,176,666,626,76,118,1,1,-1,-1
81,177,259,416,22,43,1,1,-1,-1
81,187,873,156,43,56,1,1,-1,-1
81,192,690,140,19,38,1,1,-1,-1
81,194,700,245,13,31,1,1,-1,-1
81,198,596,439,120,79,1,1,-1,-1
81,201,514,248,37,35,1,1,-1,-1
81,204,700,224,25,62,1,1,-1,-1
81,205,713,201,28,62,1,1,-1,-1
81,209,482,499,50,126,1,1,-1,-1
81,210,1264,549,48,99,1,1,-1,-1
82,9,702,100,17,21,1,1,-1,-1
82,12,891,166,40,52,1,10,-1,-1
82,41,559,475,79,118,1,1,-1,-1
82,54,1255,577,85,129,1,1,-1,-1
82,70,384,275,24,46,1,1,-1,-1
82,77,541,469,84,125,1,1,-1,-1
82,86,762,332,43,100,1,1,-1,-1
82,88,518,258,28,26,1,1,-1,-1
82,124,1262,554,79,119,1,1,-1,-1
82,128,377,262,30,58,1,1,-1,-1
82,133,746,183,25,38,1,1,-1,-1
82,135,712,92,12,25,1,1,-1,-1
82,136,17,609,64,93,1,1,-1,-1
82,137,407,265,19,32,1,1,-1,-1
82,144,715,125,18,22,1,1,-1,-1
82,148,245,446,14,35,1,1,-1,-1
82,159,671,236,48,66,1,1,-1,-1
82,168,750,201,24,37,1,1,-1,-1
82,169,701,143,16,31,1,1,-1,-1
82,171,1286,557,47,70,1,1,-1,-1
82,174,398,239,23,61,1,1,-1,-1
82,177,252,414,22,43,1,1,-1,-1
82,187,875,157,42,56,1,1,-1,-1
82,192,706,109,14,30,1,1,-1,-1
82,198,596,447,122,80,1,1,-1,-1
82,201,515,241,20,39,1,1,-1,-1
82,204,701,226,25,63,1,1,-1,-1
82,205,689,198,40,90,1,1,-1,-1
82,209,479,510,52,128,1,1,-1,-1
82,210,1257,566,68,103,1,1,-1,-1
82,215,251,382,44,85,1,1,-1,-1
83,9,687,104,14,32,1,1,-1,-1
83,41,575,477,79,118,1,1,-1,-1
83,54,1260,581,81,129,1,1,-1,-1
83,70,377,263,30,59,1,1,-1,-1
83,77,539,480,86,127,1,1,-1,-1
83,86,763,355,45,105,1,1,-1,-1
83,88,513,252,38,35,1,1,-1,-1
83,124,1286,581,66,101,1,1,-1,-1
83,128,371,268,25,49,1,1,-1,-1
83,133,747,185,25,38,1,1,-1,-1
83,135,702,100,17,21,1,1,-1,-1
83,136,22,605,80,113,1,1,-1,-1
83,137,407,266,19,32,1,1,-1,-1
83,144,702,133,11,21,1,1,-1,-1
83,148,246,442,31,77,1,1,-1,-1
83,159,671,238,49,67,1,1,-1,-1
83,168,750,200,22,42,1,1,-1,-1
83,169,700,152,18,34,1,1,-1,-1
83,171,1295,566,36,74,1,1,-1,-1
83,174,397,242,23,61,1,1,-1,-1
83,187,876,159,43,56,1,1,-1,-1
83,192,708,109,13,30,1,1,-1,-1
83,198,596,455,124,81,1,1,-1,-1
83,201,515,243,19,39,1,1,-1,-1
83,204,702,228,25,63,1,1,-1,-1
83,205,716,205,28,64,1,1,-1,-1
83,209,476,520,54,130,1,1,-1,-1
83,210,1266,559,77,118,1,1,-1,-1
83,215,248,386,44,86,1,1,-1,-1
84,9,698,107,24,30,1,1,-1,-1
84,54,1265,586,77,129,1,1,-1,-1
84,70,376,265,29,59,1,1,-1,-1
84,77,537,492,88,128,1,1,-1,-1
84,86,768,344,43,102,1,1,-1,-1
84,88,513,254,39,36,1,1,-1,-1
84,124,1283,592,65,110,1,1,-1,-1
84,128,364,232,35,72,1,1,-1,-1
84,133,749,187,25,38,1,1,-1,-1
84,135,702,101,17,21,1,1,-1,-1
84,136,11,623,82,113,1,1,-1,-1
84,137,406,266,26,45,1,1,-1,-1
84,144,705,133,11,21,1,1,-1,-1
84,148,236,429,19,44,1,1,-1,-1
84,159,671,241,50,67,1,1,-1,-1
84,168,738,199,17,33,1,1,-1,-1
84,169,702,145,17,31,1,1,-1,-1
84,171,1302,568,36,74,1,1,-1,-1
84,174,396,243,23,61,1,1,-1,-1
84,187,878,160,43,56,1,1,-1,-1
84,192,709,110,13,30,1,1,-1,-1
84,198,596,463,126,82,1,1,-1,-1
84,201,514,244,19,40,1,1,-1,-1
84,204,698,271,34,46,1,1,-1,-1
84,205,747,225,18,33,1,1,-1,-1
84,209,473,531,56,132,1,1,-1,-1
84,210,1278,560,45,93,1,1,-1,-1
84,215,245,391,45,87,1,1,-1,-1
85,9,710,110,14,30,1,1,-1,-1
85,54,1266,589,75,128,1,1,-1,-1
85,70,378,283,24,46,1,1,-1,-1
85,77,536,504,89,130,1,1,-1,-1
85,86,771,351,44,103,1,1,-1,-1
85,88,513,252,38,41,1,1,-1,-1
85,124,1290,600,65,110,1,1,-1,-1
85,128,374,267,30,59,1,1,-1,-1
85,133,750,189,26,38,1,1,-1,-1
85,135,702,101,17,21,1,1,-1,-1
85,136,-0,638,82,113,1,1,-1,-1
85,137,427,278,24,42,1,1,-1,-1
85,144,736,132,13,27,1,1,-1,-1
85,148,231,440,19,44,1,1,-1,-1
85,159,672,243,50,67,1,1,-1,-1
85,168,753,204,21,42,1,1,-1,-1
85,169,703,146,17,31,1,1,-1,-1
85,174,393,245,24,61,1,1,-1,-1
85,187,858,170,49,64,1,1,-1,-1
85,192,731,107,15,33,1,1,-1,-1
85,198,594,468,127,85,1,1,-1,-1
85,201,514,246,19,40,1,1,-1,-1
85,204,703,232,26,64,1,1,-1,-1
85,205,736,212,18,42,1,1,-1,-1
85,209,470,542,58,134,1,1,-1,-1
85,210,1282,564,44,91,1,1,-1,-1
85,215,239,396,45,89,1,1,-1,-1
85,219,714,195,30,71,1,1,-1,-1
86,9,711,110,14,30,1,1,-1,-1
86,54,1267,592,74,127,1,1,-1,-1
86,70,376,286,24,46,1,1,-1,-1
86,77,536,507,90,129,1,1,-1,-1
86,86,773,360,44,104,1,1,-1,-1
86,88,511,258,37,36,1,1,-1,-1
86,128,369,274,24,47,1,1,-1,-1
86,133,751,191,26,38,1,1,-1,-1
86,135,702,101,17,21,1,1,-1,-1
86,137,404,271,25,44,1,1,-1,-1
86,144,726,160,19,34,1,1,-1,-1
86,148,244,476,18,44,1,1,-1,-1
86,159,672,245,51,68,1,1,-1,-1
86,168,754,207,22,42,1,1,-1,-1
86,169,701,169,13,24,1,1,-1,-1
86,174,391,247,24,61,1,1,-1,-1
86,187,881,162,43,57,1,1,-1,-1
86,192,714,104,16,35,1,1,-1,-1
86,198,596,476,127,85,1,1,-1,-1
86,201,514,247,19,40,1,1,-1,-1
86,204,697,228,26,64,1,1,-1,-1
86,205,746,218,18,42,1,1,-1,-1
86,209,467,557,58,135,1,1,-1,-1
86,210,1287,568,43,89,1,1,-1,-1
86,215,233,402,46,90,1,1,-1,-1
86,219,714,190,30,71,1,1,-1,-1
87,9,713,111,13,30,1,1,-1,-1
87,54,1269,596,72,125,1,1,-1,-1
87,70,374,289,24,46,1,1,-1,-1
87,77,538,525,92,131,1,1,-1,-1
87,86,775,364,45,108,1,1,-1,-1
87,88,523,259,15,34,1,1,-1,-1
87,128,370,271,30,61,1,1,-1,-1
87,133,758,186,21,30,1,1,-1,-1
87,135,702,102,17,21,1,1,-1,-1
87,137,402,273,25,45,1,1,-1,-1
87,144,705,147,16,32,1,1,-1,-1
87,148,228,455,27,67,1,1,-1,-1
87,159,673,247,51,68,1,1,-1,-1
87,168,755,209,22,42,1,1,-1,-1
87,169,703,159,17,30,1,1,-1,-1
87,174,349,221,30,76,1,1,-1,-1
87,187,883,163,43,58,1,1,-1,-1
87,192,721,100,16,35,1,1,-1,-1
87,198,591,483,130,89,1,1,-1,-1
87,201,513,249,18,41,1,1,-1,-1
87,204,705,236,26,64,1,1,-1,-1
87,205,848,156,46,63,1,1,-1,-1
87,209,464,572,59,137,1,1,-1,-1
87,210,1290,571,42,90,1,1,-1,-1
87,215,227,408,47,91,1,1,-1,-1
87,219,753,193,26,38,1,1,-1,-1
87,223,747,218,28,54,1,1,-1,-1
87,225,709,232,34,56,1,1,-1,-1
88,9,703,102,17,21,1,1,-1,-1
88,54,1270,599,71,125,1,1,-1,-1
88,70,386,302,16,31,1,1,-1,-1
88,77,535,536,94,133,1,1,-1,-1
88,86,778,369,46,112,1,1,-1,-1
88,88,511,272,39,38,1,1,-1,-1
88,128,368,275,30,61,1,1,-1,-1
88,133,705,148,17,32,1,1,-1,-1
88,135,691,107,11,18,1,1,-1,-1
88,137,424,276,22,39,1,1,-1,-1
88,144,714,111,13,30,1,1,-1,-1
88,148,223,461,27,68,1,1,-1,-1
88,159,673,250,51,68,1,1,-1,-1
88,168,756,211,22,42,1,1,-1,-1
88,169,678,131,24,29,1,1,-1,-1
88,174,347,223,30,76,1,1,-1,-1
88,187,885,164,43,58,1,1,-1,-1
88,192,733,101,12,27,1,1,-1,-1
88,198,591,492,132,92,1,1,-1,-1
88,201,509,262,38,37,1,1,-1,-1
88,204,705,238,27,65,1,1,-1,-1
88,205,868,151,46,63,1,1,-1,-1
88,209,460,585,60,138,1,1,-1,-1
88,210,1294,574,40,92,1,1,-1,-1
88,215,221,413,48,93,1,1,-1,-1
88,219,762,201,26,38,1,1,-1,-1
88,223,725,215,28,69,1,1,-1,-1
88,225,711,236,34,56,1,1,-1,-1
88,228,403,269,30,53,1,1,-1,-1
89,9,715,111,14,30,1,1,-1,-1
89,54,1271,602,71,125,1,1,-1,-1
89,70,369,294,24,46,1,1,-1,-1
89,77,533,547,95,136,1,1,-1,-1
89,86,781,374,47,116,1,1,-1,-1
89,88,530,280,31,30,1,1,-1,-1
89,128,364,277,31,61,1,1,-1,-1
89,133,756,198,27,38,1,1,-1,-1
89,135,703,102,17,21,1,1,-1,-1
89,137,400,278,25,45,1,1,-1,-1
89,144,706,149,17,32,1,1,-1,-1
89,148,219,467,27,68,1,1,-1,-1
89,159,673,252,52,69,1,1,-1,-1
89,168,753,206,27,67,1,1,-1,-1
89,169,705,161,18,29,1,1,-1,-1
89,174,369,283,15,37,1,1,-1,-1
89,187,879,159,58,77,1,1,-1,-1
89,192,736,98,12,27,1,1,-1,-1
89,198,591,501,133,94,1,1,-1,-1
89,201,509,264,38,37,1,1,-1,-1
89,204,706,240,27,65,1,1,-1,-1
89,209,458,598,60,138,1,1,-1,-1
89,210,1309,548,53,128,1,1,-1,-1
89,215,216,419,47,94,1,1,-1,-1
89,219,758,214,22,42,1,1,-1,-1
89,223,727,217,28,70,1,1,-1,-1
89,225,714,239,20,51,1,1,-1,-1
89,228,385,254,24,61,1,1,-1,-1
89,229,886,166,44,58,1,1,-1,-1
89,230,1298,578,38,92,1,1,-1,-1
89,231,512,253,18,41,1,1,-1,-1
90,9,701,109,12,14,1,1,-1,-1
90,54,1273,606,68,122,1,1,-1,-1
90,70,362,312,28,54,1,1,-1,-1
90,77,520,581,83,119,1,1,-1,-1
90,86,785,381,48,116,1,1,-1,-1
90,88,530,285,31,30,1,1,-1,-1
90,128,367,297,24,46,1,1,-1,-1
90,133,759,200,27,38,1,1,-1,-1
90,135,683,106,9,15,1,1,-1,-1
90,137,397,280,26,45,1,1,-1,-1
90,144,716,112,14,30,1,1,-1,-1
90,148,251,466,18,46,1,1,-1,-1
90,159,695,247,23,56,1,1,-1,-1
90,168,761,217,23,42,1,1,-1,-1
90,169,707,150,17,32,1,1,-1,-1
90,174,361,280,32,61,1,1,-1,-1
90,187,887,167,45,59,1,1,-1,-1
90,192,703,103,17,21,1,1,-1,-1
90,198,591,510,135,97,1,1,-1,-1
90,201,508,266,39,38,1,1,-1,-1
90,204,707,242,27,65,1,1,-1,-1
90,209,453,612,61,140,1,1,-1,-1
90,210,1312,550,53,128,1,1,-1,-1
90,215,210,425,48,95,1,1,-1,-1
90,219,769,220,22,42,1,1,-1,-1
90,223,727,219,28,70,1,1,-1,-1
90,225,715,243,34,57,1,1,-1,-1
90,228,383,256,24,61,1,1,-1,-1
90,229,883,165,44,58,1,1,-1,-1
90,230,1277,572,38,99,1,1,-1,-1
90,231,511,254,18,41,1,1,-1,-1
90,233,680,104,18,30,1,1,-1,-1
91,9,718,112,13,30,1,1,-1,-1
91,54,1274,609,68,122,1,1,-1,-1
91,70,360,315,28,54,1,1,-1,-1
91,77,528,569,98,141,1,1,-1,-1
91,86,789,388,50,116,1,1,-1,-1
91,88,539,266,16,33,1,1,-1,-1
91,128,365,300,24,46,1,1,-1,-1
91,133,762,202,27,38,1,1,-1,-1
91,135,683,106,9,15,1,1,-1,-1
91,137,394,282,28,46,1,1,-1,-1
91,144,708,151,16,32,1,1,-1,-1
91,148,208,480,28,70,1,1,-1,-1
91,159,674,256,53,70,1,1,-1,-1
91,168,764,220,24,43,1,1,-1,-1
91,169,704,196,14,27,1,1,-1,-1
91,174,358,282,32,62,1,1,-1,-1
91,187,890,168,45,59,1,1,-1,-1
91,192,703,103,17,21,1,1,-1,-1
91,198,591,519,135,97,1,1,-1,-1
91,201,525,263,23,23,1,1,-1,-1
91,204,709,268,17,40,1,1,-1,-1
91,209,450,626,64,127,1,1,-1,-1
91,215,204,430,49,97,1,1,-1,-1
91,219,717,247,34,56,1,1,-1,-1
91,223,694,243,29,47,1,1,-1,-1
91,225,708,245,27,65,1,1,-1,-1
91,228,381,259,25,60,1,1,-1,-1
91,229,864,173,28,38,1,1,-1,-1
91,230,1306,585,34,95,1,1,-1,-1
91,231,511,256,17,41,1,1,-1,-1
91,233,680,105,18,30,1,1,-1,-1
91,235,526,260,15,30,1,1,-1,-1
92,9,719,112,13,30,1,1,-1,-1
92,54,1276,612,65,121,1,1,-1,-1
92,70,353,304,26,49,1,1,-1,-1
92,77,526,581,100,143,1,1,-1,-1
92,86,793,395,50,116,1,1,-1,-1
92,88,542,269,16,33,1,1,-1,-1
92,128,363,302,24,46,1,1,-1,-1
92,133,708,164,18,28,1,1,-1,-1
92,135,686,88,24,30,1,1,-1,-1
92,137,391,285,30,46,1,1,-1,-1
92,144,711,142,14,32,1,1,-1,-1
92,148,203,486,28,71,1,1,-1,-1
92,159,674,259,54,70,1,1,-1,-1
92,168,765,204,27,38,1,1,-1,-1
92,169,708,152,17,32,1,1,-1,-1
92,174,356,285,32,63,1,1,-1,-1
92,187,891,169,44,60,1,1,-1,-1
92,192,703,103,17,21,1,1,-1,-1
92,198,590,531,140,102,1,1,-1,-1
92,201,526,267,23,23,1,1,-1,-1
92,204,710,270,17,40,1,1,-1,-1
92,209,447,640,67,114,1,1,-1,-1
92,215,199,436,49,97,1,1,-1,-1
92,219,718,251,35,56,1,1,-1,-1
92,223,689,246,29,47,1,1,-1,-1
92,225,707,248,28,66,1,1,-1,-1
92,228,373,266,19,46,1,1,-1,-1
92,230,1307,589,33,97,1,1,-1,-1
92,231,506,270,39,38,1,1,-1,-1
92,233,680,105,18,30,1,1,-1,-1
92,235,525,262,15,31,1,1,-1,-1
92,236,572,617,59,85,1,1,-1,-1
93,9,709,153,17,32,1,1,-1,-1
93,54,1278,616,63,119,1,1,-1,-1
93,70,349,309,26,49,1,1,-1,-1
93,77,524,595,103,144,1,1,-1,-1
93,86,796,405,53,119,1,1,-1,-1
93,128,361,305,24,46,1,1,-1,-1
93,133,772,208,40,54,1,1,-1,-1
93,135,686,109,9,15,1,1,-1,-1
93,137,386,299,32,50,1,1,-1,-1
93,144,710,166,18,27,1,1,-1,-1
93,148,198,493,29,72,1,1,-1,-1
93,159,675,261,54,70,1,1,-1,-1
93,168,791,202,25,44,1,1,-1,-1
93,169,768,207,28,38,1,1,-1,-1
93,174,353,288,33,63,1,1,-1,-1
93,187,893,170,44,60,1,1,-1,-1
93,192,699,102,17,21,1,1,-1,-1
93,198,572,543,163,119,1,1,-1,-1
93,201,510,259,17,42,1,1,-1,-1
93,204,731,217,40,106,1,1,-1,-1
93,209,444,652,67,114,1,1,-1,-1
93,215,193,442,49,99,1,1,-1,-1
93,219,726,251,44,74,1,1,-1,-1
93,223,707,251,29,67,1,1,-1,-1
93,225,720,254,34,57,1,1,-1,-1
93,228,370,267,19,46,1,1,-1,-1
93,230,1309,593,32,99,1,1,-1,-1
93,231,505,272,39,38,1,1,-1,-1
93,233,680,106,18,30,1,1,-1,-1
93,235,524,265,16,30,1,1,-1,-1
93,236,567,629,59,85,1,1,-1,-1
94,9,710,154,17,32,1,1,-1,-1
94,54,1279,619,62,118,1,1,-1,-1
94,70,331,297,30,57,1,1,-1,-1
94,77,523,609,105,145,1,1,-1,-1
94,86,799,415,54,122,1,1,-1,-1
94,128,358,308,24,46,1,1,-1,-1
94,133,710,168,18,26,1,1,-1,-1
94,135,703,104,17,21,1,1,-1,-1
94,137,386,290,32,46,1,1,-1,-1
94,144,687,178,12,18,1,1,-1,-1
94,148,189,502,30,74,1,1,-1,-1
94,159,675,263,55,71,1,1,-1,-1
94,168,771,209,28,38,1,1,-1,-1
94,169,735,191,19,28,1,1,-1,-1
94,174,350,291,33,63,1,1,-1,-1
94,187,894,172,45,60,1,1,-1,-1
94,192,694,149,24,45,1,1,-1,-1
94,198,588,553,147,108,1,1,-1,-1
94,201,509,261,17,42,1,1,-1,-1
94,204,736,227,28,75,1,1,-1,-1
94,215,188,448,49,99,1,1,-1,-1
94,219,722,258,34,57,1,1,-1,-1
94,223,700,288,28,36,1,1,-1,-1
94,225,707,254,30,68,1,1,-1,-1
94,228,375,265,25,61,1,1,-1,-1
94,230,1309,563,38,122,1,1,-1,-1
94,231,504,274,39,38,1,1,-1,-1
94,233,680,106,18,30,1,1,-1,-1
94,235,539,277,17,34,1,1,-1,-1
94,242,721,113,14,30,1,1,-1,-1
95,9,711,170,18,26,1,1,-1,-1
95,54,1280,622,62,118,1,1,-1,-1
95,70,347,293,34,64,1,1,-1,-1
95,77,515,628,107,126,1,1,-1,-1
95,86,803,423,54,122,1,1,-1,-1
95,128,356,311,24,46,1,1,-1,-1
95,133,741,152,21,31,1,1,-1,-1
95,135,703,104,17,21,1,1,-1,-1
95,137,381,286,24,55,1,1,-1,-1
95,144,687,185,12,18,1,1,-1,-1
95,148,181,512,31,75,1,1,-1,-1
95,159,676,266,55,71,1,1,-1,-1
95,168,764,199,38,52,1,1,-1,-1
95,169,765,204,33,44,1,1,-1,-1
95,174,372,268,26,60,1,1,-1,-1
95,187,896,173,44,60,1,1,-1,-1
95,192,711,155,17,32,1,1,-1,-1
95,198,587,565,151,110,1,1,-1,-1
95,201,509,263,16,42,1,1,-1,-1
95,204,738,229,28,76,1,1,-1,-1
95,215,181,453,51,102,1,1,-1,-1
95,219,728,265,28,46,1,1,-1,-1
95,223,698,295,28,36,1,1,-1,-1
95,225,707,257,31,69,1,1,-1,-1
95,228,373,272,20,46,1,1,-1,-1
95,230,1312,602,30,102,1,1,-1,-1
95,231,522,269,17,31,1,1,-1,-1
95,233,680,106,18,30,1,1,-1,-1
95,235,519,284,44,42,1,1,-1,-1
95,242,720,113,14,30,1,1,-1,-1
95,245,492,616,134,157,1,1,-1,-1
95,246,775,233,26,46,1,1,-1,-1
96,9,712,170,18,27,1,1,-1,-1
96,70,344,296,34,64,1,1,-1,-1
96,77,519,637,108,128,1,1,-1,-1
96,86,808,433,56,126,1,1,-1,-1
96,128,354,313,24,46,1,1,-1,-1
96,133,746,129,12,25,1,1,-1,-1
96,135,685,87,26,43,1,1,-1,-1
96,137,381,295,35,47,1,1,-1,-1
96,144,697,193,25,37,1,1,-1,-1
96,148,172,522,32,76,1,1,-1,-1
96,159,676,269,55,72,1,1,-1,-1
96,168,767,198,38,52,1,1,-1,-1
96,169,777,214,29,38,1,1,-1,-1
96,174,370,270,26,60,1,1,-1,-1
96,187,897,174,45,61,1,1,-1,-1
96,192,711,156,17,32,1,1,-1,-1
96,198,586,577,155,112,1,1,-1,-1
96,201,508,264,17,43,1,1,-1,-1
96,204,740,232,28,76,1,1,-1,-1
96,215,175,459,52,103,1,1,-1,-1
96,219,735,257,20,55,1,1,-1,-1
96,223,706,261,33,69,1,1,-1,-1
96,225,726,266,34,56,1,1,-1,-1
96,228,371,274,20,46,1,1,-1,-1
96,230,1315,600,30,102,1,1,-1,-1
96,231,521,272,17,31,1,1,-1,-1
96,233,680,107,18,30,1,1,-1,-1
96,235,516,272,21,37,1,1,-1,-1
96,245,529,640,92,109,1,1,-1,-1
96,246,777,236,27,48,1,1,-1,-1
96,249,494,267,22,39,1,1,-1,-1
97,9,712,161,21,39,1,1,-1,-1
97,70,352,316,24,46,1,1,-1,-1
97,77,527,658,97,96,1,1,-1,-1
97,86,813,442,58,127,1,1,-1,-1
97,128,358,328,16,31,1,1,-1,-1
97,133,725,114,14,30,1,1,-1,-1
97,135,704,105,17,21,1,1,-1,-1
97,137,356,309,18,25,1,1,-1,-1
97,144,713,170,18,28,1,1,-1,-1
97,148,164,532,33,78,1,1,-1,-1
97,159,677,273,55,73,1,1,-1,-1
97,168,778,217,29,40,1,1,-1,-1
97,169,796,230,17,29,1,1,-1,-1
97,174,368,272,26,61,1,1,-1,-1
97,187,892,192,38,52,1,1,-1,-1
97,192,712,157,17,32,1,1,-1,-1
97,198,586,590,159,114,1,1,-1,-1
97,201,506,265,17,43,1,1,-1,-1
97,204,760,251,33,54,1,1,-1,-1
97,215,170,465,51,104,1,1,-1,-1
97,219,742,236,28,77,1,1,-1,-1
97,223,706,264,34,70,1,1,-1,-1
97,225,727,269,35,57,1,1,-1,-1
97,228,344,292,36,69,1,1,-1,-1
97,231,520,274,18,31,1,1,-1,-1
97,233,680,107,18,30,1,1,-1,-1
97,235,501,281,38,38,1,1,-1,-1
97,245,550,634,92,109,1,1,-1,-1
97,246,779,240,28,48,1,1,-1,-1
97,249,479,268,22,39,1,1,-1,-1
97,250,899,175,45,61,1,1,-1,-1
98,9,712,170,21,39,1,1,-1,-1
98,70,350,319,24,46,1,1,-1,-1
98,77,526,670,97,96,1,1,-1,-1
98,86,819,452,59,129,1,1,-1,-1
98,128,325,316,32,62,1,1,-1,-1
98,133,733,98,17,37,1,1,-1,-1
98,135,704,105,17,21,1,1,-1,-1
98,137,376,301,33,49,1,1,-1,-1
98,144,712,181,18,28,1,1,-1,-1
98,148,156,542,34,79,1,1,-1,-1
98,159,678,277,55,74,1,1,-1,-1
98,168,780,221,29,42,1,1,-1,-1
98,169,809,239,17,29,1,1,-1,-1
98,174,366,275,27,60,1,1,-1,-1
98,187,900,177,46,61,1,1,-1,-1
98,192,714,170,18,29,1,1,-1,-1
98,198,586,603,162,116,1,1,-1,-1
98,201,498,285,9,24,1,1,-1,-1
98,204,744,240,29,78,1,1,-1,-1
98,215,164,470,52,106,1,1,-1,-1
98,219,720,246,36,76,1,1,-1,-1
98,223,706,267,34,72,1,1,-1,-1
98,225,701,252,44,94,1,1,-1,-1
98,228,339,302,34,65,1,1,-1,-1
98,231,507,268,16,43,1,1,-1,-1
98,233,680,108,18,30,1,1,-1,-1
98,235,500,283,38,39,1,1,-1,-1
98,246,781,243,29,50,1,1,-1,-1
98,250,920,191,27,36,1,1,-1,-1
99,70,351,322,24,46,1,1,-1,-1
99,77,586,616,166,118,1,1,-1,-1
99,86,825,462,61,131,1,1,-1,-1
99,128,341,332,22,42,1,1,-1,-1
99,133,728,115,13,30,1,1,-1,-1
99,135,704,105,17,21,1,1,-1,-1
99,137,373,303,33,50,1,1,-1,-1
99,148,147,551,35,81,1,1,-1,-1
99,159,685,289,30,42,1,1,-1,-1
99,168,781,224,30,44,1,1,-1,-1
99,174,364,277,27,60,1,1,-1,-1
99,187,902,178,46,62,1,1,-1,-1
99,192,715,171,18,30,1,1,-1,-1
99,198,547,583,241,171,1,1,-1,-1
99,201,507,270,16,43,1,1,-1,-1
99,204,763,250,16,43,1,1,-1,-1
99,215,153,466,59,118,1,1,-1,-1
99,219,747,244,29,79,1,1,-1,-1
99,223,706,270,35,73,1,1,-1,-1
99,225,690,263,32,45,1,1,-1,-1
99,228,336,304,35,66,1,1,-1,-1
99,231,518,279,19,31,1,1,-1,-1
99,233,680,108,18,30,1,1,-1,-1
99,235,499,286,38,39,1,1,-1,-1
99,246,783,247,30,51,1,1,-1,-1
99,250,918,191,27,36,1,1,-1,-1
99,252,731,277,35,56,1,1,-1,-1
100,70,345,324,24,46,1,1,-1,-1
100,77,607,636,154,113,1,1,-1,-1
100,86,831,473,63,133,1,1,-1,-1
100,128,353,349,17,32,1,1,-1,-1
100,133,729,115,14,30,1,1,-1,-1
100,135,704,106,17,21,1,1,-1,-1
100,137,371,306,32,50,1,1,-1,-1
100,148,139,561,36,82,1,1,-1,-1
100,159,686,293,30,42,1,1,-1,-1
100,168,783,228,30,46,1,1,-1,-1
100,174,362,279,27,60,1,1,-1,-1
100,187,904,179,45,62,1,1,-1,-1
100,192,714,172,18,30,1,1,-1,-1
100,198,585,631,168,123,1,1,-1,-1
100,201,506,272,16,43,1,1,-1,-1
100,204,773,205,40,106,1,1,-1,-1
100,215,147,472,59,118,1,1,-1,-1
100,219,785,251,31,52,1,1,-1,-1
100,223,707,273,35,73,1,1,-1,-1
100,225,708,205,44,118,1,1,-1,-1
100,228,323,305,42,77,1,1,-1,-1
100,231,518,281,18,32,1,1,-1,-1
100,233,681,109,18,30,1,1,-1,-1
100,235,498,288,38,40,1,1,-1,-1
100,246,802,249,25,42,1,1,-1,-1
100,250,811,226,44,67,1,1,-1,-1
100,252,733,280,34,57,1,1,-1,-1
100,254,152,482,54,108,1,1,-1,-1
101,70,330,310,36,66,1,1,-1,-1
101,77,585,646,172,106,1,1,-1,-1
101,86,837,484,61,140,1,1,-1,-1
101,128,343,327,24,46,1,1,-1,-1
101,133,726,107,14,30,1,1,-1,-1
101,135,706,107,17,21,1,1,-1,-1
101,137,369,309,31,50,1,1,-1,-1
101,148,130,571,37,84,1,1,-1,-1
101,159,681,288,55,78,1,1,-1,-1
101,168,785,232,30,46,1,1,-1,-1
101,174,360,281,27,61,1,1,-1,-1
101,187,905,180,46,63,1,1,-1,-1
101,192,709,161,26,43,1,1,-1,-1
101,198,580,664,164,101,1,1,-1,-1
101,201,497,290,38,41,1,1,-1,-1
101,204,777,205,40,106,1,1,-1,-1
101,215,158,530,38,76,1,1,-1,-1
101,219,788,255,32,53,1,1,-1,-1
101,223,726,263,34,90,1,1,-1,-1
101,225,701,204,44,118,1,1,-1,-1
101,228,320,275,46,85,1,1,-1,-1
101,231,518,283,18,32,1,1,-1,-1
101,233,681,110,18,30,1,1,-1,-1
101,235,484,294,38,41,1,1,-1,-1
101,246,804,253,25,42,1,1,-1,-1
101,250,798,234,44,67,1,1,-1,-1
101,252,735,284,34,57,1,1,-1,-1
101,254,147,488,54,109,1,1,-1,-1
102,70,327,324,32,61,1,1,-1,-1
102,77,610,646,172,106,1,1,-1,-1
102,86,843,495,60,148,1,1,-1,-1
102,128,341,330,24,46,1,1,-1,-1
102,133,704,106,17,21,1,1,-1,-1
102,135,688,98,11,13,1,1,-1,-1
102,137,367,312,30,50,1,1,-1,-1
102,148,122,581,38,85,1,1,-1,-1
102,159,682,291,55,80,1,1,-1,-1
102,168,716,163,17,32,1,1,-1,-1
102,174,358,284,27,60,1,1,-1,-1
102,187,907,181,46,63,1,1,-1,-1
102,192,731,116,14,30,1,1,-1,-1
102,198,581,679,164,101,1,1,-1,-1
102,201,496,292,37,42,1,1,-1,-1
102,204,774,107,11,24,1,1,-1,-1
102,215,140,537,51,102,1,1,-1,-1
102,219,791,237,30,50,1,1,-1,-1
102,223,683,288,49,71,1,1,-1,-1
102,225,715,175,18,30,1,1,-1,-1
102,228,328,313,36,67,1,1,-1,-1
102,231,506,247,9,25,1,1,-1,-1
102,233,681,111,18,30,1,1,-1,-1
102,235,489,292,46,52,1,1,-1,-1
102,246,754,257,30,81,1,1,-1,-1
102,250,736,288,35,57,1,1,-1,-1
102,252,705,280,39,75,1,1,-1,-1
102,254,147,482,54,109,1,1,-1,-1
102,257,658,127,10,17,1,1,-1,-1
103,70,324,325,32,61,1,1,-1,-1
103,86,846,509,64,153,1,1,-1,-1
103,128,339,333,24,46,1,1,-1,-1
103,133,712,106,18,22,1,1,-1,-1
103,135,705,107,17,21,1,1,-1,-1
103,137,365,314,29,51,1,1,-1,-1
103,148,114,591,39,86,1,1,-1,-1
103,159,683,295,55,81,1,1,-1,-1
103,168,712,173,16,26,1,1,-1,-1
103,174,356,286,27,60,1,1,-1,-1
103,187,908,183,47,63,1,1,-1,-1
103,192,717,165,17,32,1,1,-1,-1
103,201,515,288,19,32,1,1,-1,-1
103,204,735,90,9,22,1,1,-1,-1
103,215,132,521,50,97,1,1,-1,-1
103,219,795,242,31,51,1,1,-1,-1
103,223,705,283,40,76,1,1,-1,-1
103,225,716,177,18,30,1,1,-1,-1
103,228,325,315,36,68,1,1,-1,-1
103,231,503,280,16,41,1,1,-1,-1
103,233,698,102,25,39,1,1,-1,-1
103,235,495,295,37,42,1,1,-1,-1
103,246,756,261,31,82,1,1,-1,-1
103,250,701,295,37,70,1,1,-1,-1
103,252,738,291,35,57,1,1,-1,-1
103,254,143,484,41,81,1,1,-1,-1
103,257,681,112,19,30,1,1,-1,-1
104,86,852,522,64,153,1,1,-1,-1
104,128,337,336,24,46,1,1,-1,-1
104,133,705,102,18,22,1,1,-1,-1
104,135,701,104,17,21,1,1,-1,-1
104,137,354,288,27,60,1,1,-1,-1
104,148,105,600,40,88,1,1,-1,-1
104,159,704,286,42,77,1,1,-1,-1
104,168,695,157,16,26,1,1,-1,-1
104,174,356,279,19,43,1,1,-1,-1
104,187,910,184,46,63,1,1,-1,-1
104,192,718,166,17,32,1,1,-1,-1
104,201,514,290,20,33,1,1,-1,-1
104,204,737,52,9,22,1,1,-1,-1
104,215,92,522,73,141,1,1,-1,-1
104,219,799,246,31,54,1,1,-1,-1
104,223,758,265,32,83,1,1,-1,-1
104,225,716,153,18,30,1,1,-1,-1
104,228,322,319,36,68,1,1,-1,-1
104,231,502,282,16,41,1,1,-1,-1
104,233,734,116,14,30,1,1,-1,-1
104,235,494,297,37,43,1,1,-1,-1
104,246,798,267,34,57,1,1,-1,-1
104,250,666,317,37,70,1,1,-1,-1
104,252,804,278,35,58,1,1,-1,-1
104,254,141,480,41,81,1,1,-1,-1
104,257,670,103,19,30,1,1,-1,-1
105,128,333,340,25,47,1,1,-1,-1
105,133,694,78,20,25,1,1,-1,-1
105,135,705,107,17,21,1,1,-1,-1
105,137,361,320,27,51,1,1,-1,-1
105,148,97,611,40,88,1,1,-1,-1
105,159,684,302,56,84,1,1,-1,-1
105,168,682,115,18,29,1,1,-1,-1
105,174,352,291,28,60,1,1,-1,-1
105,187,912,185,46,64,1,1,-1,-1
105,192,717,181,18,29,1,1,-1,-1
105,201,517,292,20,33,1,1,-1,-1
105,215,110,529,61,116,1,1,-1,-1
105,219,803,251,32,56,1,1,-1,-1
105,223,704,289,42,79,1,1,-1,-1
105,228,319,321,37,68,1,1,-1,-1
105,231,501,285,17,40,1,1,-1,-1
105,233,739,115,14,30,1,1,-1,-1
105,235,493,299,37,44,1,1,-1,-1
105,246,729,290,38,62,1,1,-1,-1
105,250,679,303,52,98,1,1,-1,-1
105,252,742,299,35,57,1,1,-1,-1
105,261,801,271,35,58,1,1,-1,-1
105,262,761,270,31,84,1,1,-1,-1
106,128,329,345,26,47,1,1,-1,-1
106,133,687,95,14,22,1,1,-1,-1
106,135,705,108,17,21,1,1,-1,-1
106,137,325,329,28,49,1,1,-1,-1
106,159,704,293,43,79,1,1,-1,-1
106,168,682,116,19,30,1,1,-1,-1
106,174,346,294,29,61,1,1,-1,-1
106,187,913,186,47,64,1,1,-1,-1
106,192,718,183,18,29,1,1,-1,-1
106,201,525,256,11,27,1,1,-1,-1
106,215,101,539,62,118,1,1,-1,-1
106,219,810,250,32,56,1,1,-1,-1
106,223,686,265,53,98,1,1,-1,-1
106,228,316,324,38,68,1,1,-1,-1
106,231,512,295,21,33,1,1,-1,-1
106,233,750,122,8,16,1,1,-1,-1
106,235,493,301,37,44,1,1,-1,-1
106,246,744,303,35,57,1,1,-1,-1
106,250,685,306,56,85,1,1,-1,-1
106,252,760,295,35,58,1,1,-1,-1
106,261,805,275,36,60,1,1,-1,-1
106,262,763,274,32,85,1,1,-1,-1
107,128,326,350,26,48,1,1,-1,-1
107,133,682,87,14,22,1,1,-1,-1
107,135,705,108,17,21,1,1,-1,-1
107,137,314,327,38,69,1,1,-1,-1
107,159,700,306,43,71,1,1,-1,-1
107,168,667,96,19,30,1,1,-1,-1
107,174,429,248,24,29,1,1,-1,-1
107,187,940,195,27,37,1,1,-1,-1
107,192,719,185,18,29,1,1,-1,-1
107,201,454,233,23,45,1,1,-1,-1
107,215,92,550,64,119,1,1,-1,-1
107,223,704,296,44,80,1,1,-1,-1
107,228,312,331,34,62,1,1,-1,-1
107,231,500,290,17,40,1,1,-1,-1
107,233,738,118,14,30,1,1,-1,-1
107,235,440,257,13,16,1,1,-1,-1
107,246,746,309,35,58,1,1,-1,-1
107,250,686,310,56,86,1,1,-1,-1
107,252,765,278,33,86,1,1,-1,-1
107,261,812,261,32,59,1,1,-1,-1
107,262,754,273,32,85,1,1,-1,-1
107,265,491,304,37,45,1,1,-1,-1
107,266,357,326,26,52,1,1,-1,-1
108,128,322,354,27,49,1,1,-1,-1
108,133,683,118,18,30,1,1,-1,-1
108,135,691,134,12,21,1,1,-1,-1
108,137,311,331,39,70,1,1,-1,-1
108,159,748,315,35,59,1,1,-1,-1
108,174,427,250,24,29,1,1,-1,-1
108,187,917,189,47,65,1,1,-1,-1
108,192,712,179,24,45,1,1,-1,-1
108,201,453,235,23,46,1,1,-1,-1
108,215,83,560,65,122,1,1,-1,-1
108,223,697,304,41,72,1,1,-1,-1
108,228,320,343,33,60,1,1,-1,-1
108,231,498,293,17,41,1,1,-1,-1
108,233,739,118,14,30,1,1,-1,-1
108,235,432,252,13,16,1,1,-1,-1
108,246,768,282,33,87,1,1,-1,-1
108,250,685,295,68,107,1,1,-1,-1
108,252,778,266,36,96,1,1,-1,-1
108,261,816,265,32,62,1,1,-1,-1
108,262,811,283,38,62,1,1,-1,-1
108,265,510,300,22,33,1,1,-1,-1
108,266,353,330,25,53,1,1,-1,-1
108,270,722,173,17,32,1,1,-1,-1
108,272,877,593,73,160,1,1,-1,-1
108,273,705,108,17,21,1,1,-1,-1
109,128,319,359,28,50,1,1,-1,-1
109,133,683,120,19,29,1,1,-1,-1
109,135,711,119,19,24,1,1,-1,-1
109,137,308,335,40,71,1,1,-1,-1
109,159,750,318,35,59,1,1,-1,-1
109,174,472,269,25,60,1,1,-1,-1
109,187,919,191,48,66,1,1,-1,-1
109,192,723,191,17,28,1,1,-1,-1
109,201,452,238,23,46,1,1,-1,-1
109,215,74,571,67,123,1,1,-1,-1
109,223,703,302,47,82,1,1,-1,-1
109,228,330,343,21,46,1,1,-1,-1
109,231,487,301,9,21,1,1,-1,-1
109,233,740,119,14,30,1,1,-1,-1
109,235,428,263,33,40,1,1,-1,-1
109,246,770,287,33,87,1,1,-1,-1
109,250,688,317,56,89,1,1,-1,-1
109,252,781,267,36,96,1,1,-1,-1
109,261,820,270,32,63,1,1,-1,-1
109,262,815,287,38,64,1,1,-1,-1
109,265,497,297,17,41,1,1,-1,-1
109,266,349,334,25,54,1,1,-1,-1
109,269,723,175,17,32,1,1,-1,-1
109,270,754,185,13,21,1,1,-1,-1
109,272,886,614,76,141,1,1,-1,-1
109,273,705,109,17,21,1,1,-1,-1
110,128,334,388,17,38,1,1,-1,-1
110,133,683,121,19,29,1,1,-1,-1
110,135,708,126,19,24,1,1,-1,-1
110,137,299,342,40,71,1,1,-1,-1
110,159,692,304,70,112,1,1,-1,-1
110,174,448,240,26,53,1,1,-1,-1
110,187,921,192,48,66,1,1,-1,-1
110,192,724,189,17,32,1,1,-1,-1
110,201,451,240,23,47,1,1,-1,-1
110,215,65,581,68,125,1,1,-1,-1
110,223,703,305,48,83,1,1,-1,-1
110,228,345,339,24,54,1,1,-1,-1
110,231,496,301,17,41,1,1,-1,-1
110,233,744,120,14,30,1,1,-1,-1
110,235,423,263,13,16,1,1,-1,-1
110,246,753,328,35,61,1,1,-1,-1
110,250,689,321,56,90,1,1,-1,-1
110,252,772,291,34,88,1,1,-1,-1
110,261,824,275,33,65,1,1,-1,-1
110,262,798,285,36,92,1,1,-1,-1
110,265,509,305,22,33,1,1,-1,-1
110,266,356,326,16,35,1,1,-1,-1
110,269,723,177,17,32,1,1,-1,-1
110,270,752,193,13,21,1,1,-1,-1
110,272,899,641,76,114,1,1,-1,-1
110,273,702,108,17,21,1,1,-1,-1
110,277,331,311,32,66,1,1,-1,-1
111,128,312,369,29,51,1,1,-1,-1
111,133,684,122,18,29,1,1,-1,-1
111,135,706,109,17,21,1,1,-1,-1
111,137,303,344,41,72,1,1,-1,-1
111,159,698,308,70,112,1,1,-1,-1
111,174,498,250,15,32,1,1,-1,-1
111,187,923,196,50,67,1,1,-1,-1
111,192,746,191,14,24,1,1,-1,-1
111,201,440,235,23,47,1,1,-1,-1
111,215,56,591,70,127,1,1,-1,-1
111,223,703,309,49,84,1,1,-1,-1
111,228,341,343,24,55,1,1,-1,-1
111,231,495,305,17,41,1,1,-1,-1
111,235,412,259,13,16,1,1,-1,-1
111,246,755,334,35,63,1,1,-1,-1
111,250,690,324,56,92,1,1,-1,-1
111,252,753,294,28,73,1,1,-1,-1
111,261,821,295,40,66,1,1,-1,-1
111,262,775,295,34,89,1,1,-1,-1
111,265,509,301,22,33,1,1,-1,-1
111,266,329,318,33,76,1,1,-1,-1
111,269,726,178,17,32,1,1,-1,-1
111,272,913,669,76,86,1,1,-1,-1
111,273,714,91,22,27,1,1,-1,-1
111,277,328,316,32,67,1,1,-1,-1
111,280,451,243,22,47,1,1,-1,-1
112,128,308,373,30,52,1,1,-1,-1
112,133,682,127,18,29,1,1,-1,-1
112,135,706,110,17,21,1,1,-1,-1
112,137,301,349,41,72,1,1,-1,-1
112,159,709,315,46,83,1,1,-1,-1
112,174,476,231,30,66,1,1,-1,-1
112,187,925,198,51,68,1,1,-1,-1
112,192,724,195,18,32,1,1,-1,-1
112,201,459,208,31,68,1,1,-1,-1
112,215,47,602,71,128,1,1,-1,-1
112,223,706,314,48,86,1,1,-1,-1
112,228,337,348,24,56,1,1,-1,-1
112,231,494,309,17,41,1,1,-1,-1
112,235,436,203,28,62,1,1,-1,-1
112,246,758,340,34,64,1,1,-1,-1
112,250,658,303,80,132,1,1,-1,-1
112,252,762,335,31,59,1,1,-1,-1
112,261,825,300,41,67,1,1,-1,-1
112,262,777,299,35,90,1,1,-1,-1
112,266,327,316,33,76,1,1,-1,-1
112,269,725,182,17,32,1,1,-1,-1
112,272,926,696,76,59,1,1,-1,-1
112,273,712,89,22,27,1,1,-1,-1
112,277,327,318,32,67,1,1,-1,-1
112,279,505,312,23,35,1,1,-1,-1
112,280,450,245,22,48,1,1,-1,-1
112,282,422,260,24,29,1,1,-1,-1
113,128,304,378,31,52,1,1,-1,-1
113,133,691,134,10,16,1,1,-1,-1
113,135,706,110,17,21,1,1,-1,-1
113,137,297,354,42,73,1,1,-1,-1
113,159,709,320,47,88,1,1,-1,-1
113,174,495,225,30,66,1,1,-1,-1
113,187,928,201,51,68,1,1,-1,-1
113,192,724,199,19,31,1,1,-1,-1
113,201,473,233,19,55,1,1,-1,-1
113,215,38,612,73,130,1,1,-1,-1
113,223,692,332,56,94,1,1,-1,-1
113,228,332,352,25,58,1,1,-1,-1
113,231,493,312,16,42,1,1,-1,-1
113,235,430,195,28,62,1,1,-1,-1
113,246,821,348,20,52,1,1,-1,-1
113,250,658,308,80,132,1,1,-1,-1
113,252,780,304,35,91,1,1,-1,-1
113,261,841,308,48,78,1,1,-1,-1
113,262,830,307,42,68,1,1,-1,-1
113,266,315,329,43,91,1,1,-1,-1
113,269,726,184,17,32,1,1,-1,-1
113,272,935,708,76,59,1,1,-1,-1
113,273,712,105,17,21,1,1,-1,-1
113,277,322,325,34,71,1,1,-1,-1
113,279,506,312,23,35,1,1,-1,-1
113,280,449,248,23,48,1,1,-1,-1
113,282,420,263,24,29,1,1,-1,-1
114,128,308,398,35,58,1,1,-1,-1
114,133,727,187,17,32,1,1,-1,-1
114,135,706,110,17,21,1,1,-1,-1
114,137,296,393,33,54,1,1,-1,-1
114,159,713,326,45,89,1,1,-1,-1
114,174,501,320,25,36,1,1,-1,-1
114,187,930,203,52,69,1,1,-1,-1
114,192,725,204,19,30,1,1,-1,-1
114,201,472,236,19,55,1,1,-1,-1
114,215,29,623,75,132,1,1,-1,-1
114,223,693,336,56,95,1,1,-1,-1
114,228,334,355,25,58,1,1,-1,-1
114,231,492,316,16,42,1,1,-1,-1
114,246,821,357,20,52,1,1,-1,-1
114,252,775,287,28,74,1,1,-1,-1
114,261,836,315,42,68,1,1,-1,-1
114,262,809,310,23,62,1,1,-1,-1
114,266,309,332,43,91,1,1,-1,-1
114,269,739,195,23,36,1,1,-1,-1
114,273,712,103,17,21,1,1,-1,-1
114,277,320,329,34,71,1,1,-1,-1
114,279,508,332,15,22,1,1,-1,-1
114,280,448,250,23,49,1,1,-1,-1
114,282,432,267,26,32,1,1,-1,-1
114,288,841,294,34,73,1,1,-1,-1
115,128,304,402,35,58,1,1,-1,-1
115,133,728,189,17,32,1,1,-1,-1
115,135,706,111,17,21,1,1,-1,-1
115,137,297,387,33,54,1,1,-1,-1
115,159,716,331,44,92,1,1,-1,-1
115,174,521,343,8,21,1,1,-1,-1
115,187,932,205,53,70,1,1,-1,-1
115,192,726,205,19,32,1,1,-1,-1
115,201,471,239,19,55,1,1,-1,-1
115,215,21,639,70,116,1,1,-1,-1
115,223,693,343,57,95,1,1,-1,-1
115,228,418,268,24,29,1,1,-1,-1
115,231,491,320,16,42,1,1,-1,-1
115,252,718,324,41,86,1,1,-1,-1
115,261,842,323,43,68,1,1,-1,-1
115,262,787,318,35,95,1,1,-1,-1
115,266,316,335,35,73,1,1,-1,-1
115,269,741,197,23,36,1,1,-1,-1
115,273,685,127,19,29,1,1,-1,-1
115,277,410,251,25,30,1,1,-1,-1
115,279,499,323,26,38,1,1,-1,-1
115,280,460,238,19,56,1,1,-1,-1
115,282,458,244,13,38,1,1,-1,-1
115,288,841,295,34,73,1,1,-1,-1
115,289,906,189,42,56,1,1,-1,-1
115,292,304,349,45,93,1,1,-1,-1
115,293,290,365,43,76,1,1,-1,-1
116,133,729,192,17,32,1,1,-1,-1
116,135,683,99,21,26,1,1,-1,-1
116,137,294,392,33,55,1,1,-1,-1
116,159,766,371,17,35,1,1,-1,-1
116,174,531,359,8,21,1,1,-1,-1
116,187,934,208,54,70,1,1,-1,-1
116,192,727,207,19,32,1,1,-1,-1
116,201,471,242,19,55,1,1,-1,-1
116,215,14,655,64,100,1,1,-1,-1
116,223,693,351,59,94,1,1,-1,-1
116,228,448,295,14,31,1,1,-1,-1
116,231,490,324,16,42,1,1,-1,-1
116,252,720,337,42,93,1,1,-1,-1
116,261,848,329,43,72,1,1,-1,-1
116,262,791,325,35,97,1,1,-1,-1
116,266,313,340,36,74,1,1,-1,-1
116,269,740,146,12,27,1,1,-1,-1
116,273,711,139,18,27,1,1,-1,-1
116,277,416,270,24,29,1,1,-1,-1
116,279,509,323,16,23,1,1,-1,-1
116,280,457,239,19,56,1,1,-1,-1
116,282,461,247,13,38,1,1,-1,-1
116,288,849,309,41,72,1,1,-1,-1
116,289,914,180,42,56,1,1,-1,-1
116,291,749,126,13,30,1,1,-1,-1
116,292,287,370,43,77,1,1,-1,-1
116,293,287,391,33,54,1,1,-1,-1
117,133,737,194,13,24,1,1,-1,-1
117,135,706,111,17,21,1,1,-1,-1
117,137,300,391,47,85,1,1,-1,-1
117,159,769,371,34,70,1,1,-1,-1
117,187,965,220,45,58,1,1,-1,-1
117,192,730,194,17,32,1,1,-1,-1
117,201,470,245,19,55,1,1,-1,-1
117,215,5,666,64,100,1,1,-1,-1
117,223,693,359,61,93,1,1,-1,-1
117,228,462,260,29,66,1,1,-1,-1
117,231,489,328,16,42,1,1,-1,-1
117,252,723,343,41,95,1,1,-1,-1
117,261,855,335,42,76,1,1,-1,-1
117,262,796,303,49,139,1,1,-1,-1
117,266,310,345,37,75,1,1,-1,-1
117,269,744,143,12,27,1,1,-1,-1
117,273,704,146,18,27,1,1,-1,-1
117,277,446,258,22,50,1,1,-1,-1
117,279,495,331,28,39,1,1,-1,-1
117,288,853,316,44,72,1,1,-1,-1
117,289,936,210,55,71,1,1,-1,-1
117,291,750,127,13,30,1,1,-1,-1
117,292,313,370,32,64,1,1,-1,-1
117,293,283,375,44,79,1,1,-1,-1
118,133,730,210,19,35,1,1,-1,-1
118,135,707,112,17,21,1,1,-1,-1
118,137,296,402,35,55,1,1,-1,-1
118,159,760,385,27,57,1,1,-1,-1
118,187,952,242,48,63,1,1,-1,-1
118,192,731,197,17,32,1,1,-1,-1
118,201,458,279,20,46,1,1,-1,-1
118,223,680,360,85,126,1,1,-1,-1
118,228,488,332,16,43,1,1,-1,-1
118,231,477,349,44,46,1,1,-1,-1
118,252,727,349,39,97,1,1,-1,-1
118,261,862,342,42,80,1,1,-1,-1
118,262,799,339,35,101,1,1,-1,-1
118,266,308,350,37,77,1,1,-1,-1
118,273,686,131,19,29,1,1,-1,-1
118,277,470,248,19,55,1,1,-1,-1
118,279,494,335,28,40,1,1,-1,-1
118,288,858,324,47,72,1,1,-1,-1
118,289,939,213,55,72,1,1,-1,-1
118,291,752,128,13,30,1,1,-1,-1
118,292,312,375,32,64,1,1,-1,-1
118,293,280,381,44,80,1,1,-1,-1
118,295,446,261,22,50,1,1,-1,-1
118,296,772,378,34,71,1,1,-1,-1
