1,-1,238,648,82,107,1,1,-1,0
1,-1,377,553,49,90,1,1,-1,0
1,-1,569,183,24,27,1,2,-1,0
1,-1,588,190,26,47,1,1,-1,0
1,-1,625,417,91,120,1,10,-1,1
1,-1,631,475,122,181,1,10,-1,0
1,-1,650,235,37,66,1,2,-1,0
1,-1,697,288,43,132,1,1,-1,0
1,-1,722,162,18,40,1,1,-1,1
1,-1,739,148,19,59,1,1,-1,0
1,-1,764,284,43,114,1,1,-1,0
1,-1,805,163,32,75,1,1,-1,0
1,-1,822,300,33,80,1,2,-1,1
1,-1,837,320,28,58,1,1,-1,1
1,-1,1063,228,42,104,1,1,-1,1
1,-1,1093,236,41,97,1,1,-1,1
1,-1,1189,361,85,119,1,2,-1,1
1,-1,1202,373,47,90,1,2,-1,1
1,-1,702,289,33,102,1,1,-1,0
1,-1,619,383,113,149,1,10,-1,1
1,-1,1163,361,116,129,1,10,-1,1
1,-1,1105,274,24,57,1,1,-1,1
1,-1,651,234,32,57,1,2,-1,0
1,-1,566,159,34,38,1,2,-1,0
1,-1,375,529,60,110,1,1,-1,0
1,-1,639,202,55,63,1,10,-1,1
1,-1,366,550,64,118,1,1,-1,0
1,-1,807,287,39,100,1,1,-1,1
1,-1,1065,246,25,61,1,1,-1,1
2,-1,226,668,82,87,1,1,-1,0
2,-1,378,567,49,88,1,1,-1,0
2,-1,569,184,24,27,1,2,-1,0
2,-1,624,428,93,123,1,10,-1,1
2,-1,632,491,124,180,1,10,-1,0
2,-1,650,239,37,65,1,2,-1,0
2,-1,660,236,43,49,1,10,-1,1
2,-1,677,153,17,60,1,1,-1,1
2,-1,698,291,46,135,1,1,-1,0
2,-1,821,305,40,81,1,2,-1,1
2,-1,831,278,42,107,1,1,-1,1
2,-1,841,329,28,59,1,1,-1,1
2,-1,1068,233,43,105,1,1,-1,1
2,-1,1176,390,109,123,1,10,-1,1
2,-1,1189,365,84,117,1,2,-1,1
2,-1,695,289,39,113,1,1,-1,0
2,-1,1172,392,92,104,1,10,-1,1
2,-1,567,185,16,18,1,2,-1,0
2,-1,662,288,33,98,1,1,-1,0
2,-1,1065,209,58,142,1,1,-1,1
2,-1,786,289,45,92,1,2,-1,1
2,-1,833,271,55,140,1,1,-1,1
2,-1,662,430,62,82,1,10,-1,1
2,-1,401,545,45,81,1,1,-1,0
2,-1,251,707,77,82,1,1,-1,0
2,-1,780,288,53,108,1,2,-1,1
3,-1,569,185,24,27,1,2,-1,0
3,-1,623,439,95,127,1,10,-1,1
3,-1,650,243,37,64,1,2,-1,0
3,-1,677,155,18,60,1,1,-1,1
3,-1,698,298,49,138,1,1,-1,0
3,-1,725,164,18,40,1,1,-1,1
3,-1,741,151,19,59,1,1,-1,0
3,-1,808,168,32,77,1,1,-1,0
3,-1,845,339,28,60,1,2,-1,1
3,-1,1074,238,43,106,1,1,-1,1
3,-1,1106,246,42,99,1,1,-1,1
3,-1,1189,369,84,116,1,2,-1,1
3,-1,1200,380,47,90,1,2,-1,1
3,-1,1217,377,46,87,1,2,-1,1
3,-1,807,179,22,52,1,1,-1,0
3,-1,666,255,50,56,1,10,-1,1
3,-1,332,559,68,90,1,2,-1,1
3,-1,606,177,39,68,1,1,-1,0
3,-1,306,618,68,90,1,2,-1,1
3,-1,1120,260,27,64,1,1,-1,1
3,-1,775,163,15,47,1,1,-1,0
3,-1,816,300,40,70,1,2,-1,1
3,-1,728,141,25,55,1,1,-1,1
3,-1,834,339,31,55,1,2,-1,1
4,-1,203,708,82,47,1,1,-1,0
4,-1,362,600,51,84,1,1,-1,0
4,-1,569,186,24,28,1,2,-1,0
4,-1,586,194,27,47,1,1,-1,0
4,-1,634,523,129,180,1,10,-1,0
4,-1,650,247,37,64,1,2,-1,0
4,-1,660,243,43,49,1,10,-1,1
4,-1,699,306,51,140,1,1,-1,0
4,-1,742,152,19,60,1,1,-1,0
4,-1,770,305,40,123,1,1,-1,0
4,-1,810,171,32,77,1,1,-1,0
4,-1,823,319,47,84,1,2,-1,1
4,-1,837,293,44,110,1,1,-1,1
4,-1,849,348,28,62,1,2,-1,1
4,-1,1079,243,45,108,1,1,-1,1
4,-1,1113,251,42,100,1,1,-1,1
4,-1,659,500,67,90,1,10,-1,1
4,-1,608,209,16,28,1,1,-1,0
4,-1,567,218,24,28,1,2,-1,0
4,-1,656,555,90,125,1,10,-1,0
4,-1,651,250,34,58,1,2,-1,0
4,-1,870,361,16,36,1,2,-1,1
4,-1,726,139,16,36,1,1,-1,1
4,-1,348,601,56,93,1,1,-1,0
4,-1,581,165,33,39,1,2,-1,0
4,-1,1162,381,74,102,1,2,-1,1
4,-1,883,379,17,37,1,2,-1,1
5,-1,192,728,82,27,1,1,-1,0
5,-1,345,621,47,59,1,2,-1,1
5,-1,355,617,52,82,1,1,-1,0
5,-1,568,188,24,28,1,2,-1,0
5,-1,621,462,100,133,1,10,-1,1
5,-1,636,540,131,179,1,10,-1,0
5,-1,650,251,37,63,1,2,-1,0
5,-1,661,247,43,48,1,10,-1,1
5,-1,699,313,54,143,1,1,-1,0
5,-1,728,166,18,40,1,1,-1,1
5,-1,743,154,20,60,1,1,-1,0
5,-1,773,309,40,124,1,1,-1,0
5,-1,812,174,32,78,1,1,-1,0
5,-1,827,329,46,85,1,2,-1,1
5,-1,840,302,45,112,1,1,-1,1
5,-1,854,358,27,62,1,2,-1,1
5,-1,1085,248,45,109,1,1,-1,1
5,-1,1119,256,43,101,1,1,-1,1
5,-1,1177,396,108,127,1,10,-1,1
5,-1,866,365,37,84,1,2,-1,1
5,-1,1217,389,66,90,1,2,-1,1
5,-1,178,718,114,38,1,1,-1,0
5,-1,203,718,63,21,1,1,-1,0
5,-1,862,340,35,80,1,2,-1,1
5,-1,1188,382,80,109,1,2,-1,1
5,-1,363,631,34,54,1,1,-1,0
5,-1,686,164,18,60,1,1,-1,1
5,-1,802,192,22,53,1,1,-1,0
5,-1,188,721,75,25,1,1,-1,0
5,-1,789,157,42,101,1,1,-1,0
6,-1,338,637,47,58,1,2,-1,1
6,-1,568,190,23,29,1,2,-1,0
6,-1,620,474,102,136,1,10,-1,1
6,-1,634,555,133,173,1,10,-1,0
6,-1,650,255,38,63,1,2,-1,0
6,-1,678,161,18,62,1,1,-1,1
6,-1,700,321,56,145,1,1,-1,0
6,-1,728,168,18,40,1,1,-1,1
6,-1,743,155,20,61,1,1,-1,0
6,-1,774,315,41,127,1,1,-1,0
6,-1,814,177,32,79,1,1,-1,0
6,-1,831,338,46,87,1,2,-1,1
6,-1,858,367,28,64,1,2,-1,1
6,-1,1090,253,46,110,1,1,-1,1
6,-1,1126,261,43,102,1,1,-1,1
6,-1,1177,402,108,126,1,10,-1,1
6,-1,1189,382,83,112,1,2,-1,1
6,-1,1198,391,47,90,1,2,-1,1
6,-1,710,156,22,48,1,1,-1,1
6,-1,760,157,10,22,1,1,-1,1
6,-1,551,183,24,30,1,2,-1,0
6,-1,676,264,32,35,1,10,-1,1
6,-1,1178,383,68,92,1,2,-1,1
6,-1,807,274,56,174,1,1,-1,0
6,-1,789,178,42,104,1,1,-1,0
6,-1,810,306,55,104,1,2,-1,1
6,-1,614,437,128,170,1,10,-1,1
6,-1,729,367,29,75,1,1,-1,0
7,-1,332,653,46,57,1,2,-1,1
7,-1,586,200,28,47,1,1,-1,0
7,-1,619,485,104,140,1,10,-1,1
7,-1,650,259,38,63,1,2,-1,0
7,-1,661,254,43,48,1,10,-1,1
7,-1,678,163,18,63,1,1,-1,1
7,-1,701,329,58,147,1,1,-1,0
7,-1,729,171,18,40,1,1,-1,1
7,-1,775,322,43,129,1,1,-1,0
7,-1,835,348,45,88,1,2,-1,1
7,-1,1096,259,47,111,1,1,-1,1
7,-1,1133,267,43,103,1,1,-1,1
7,-1,1178,409,107,124,1,10,-1,1
7,-1,1189,386,83,111,1,2,-1,1
7,-1,1194,413,37,71,1,2,-1,1
7,-1,751,160,27,83,1,1,-1,0
7,-1,312,643,46,57,1,2,-1,1
7,-1,761,343,30,91,1,1,-1,0
7,-1,596,479,118,158,1,10,-1,1
7,-1,647,613,80,98,1,10,-1,0
7,-1,1091,295,24,56,1,1,-1,1
7,-1,586,453,153,205,1,10,-1,1
7,-1,1148,255,48,115,1,1,-1,1
7,-1,718,340,48,121,1,1,-1,0
8,-1,325,670,47,55,1,2,-1,1
8,-1,337,679,53,76,1,1,-1,0
8,-1,567,194,23,30,1,2,-1,0
8,-1,618,496,107,143,1,10,-1,1
8,-1,630,586,139,160,1,10,-1,0
8,-1,650,263,38,63,1,2,-1,0
8,-1,661,258,43,47,1,10,-1,1
8,-1,730,173,18,40,1,1,-1,1
8,-1,744,159,20,61,1,1,-1,0
8,-1,818,183,31,80,1,1,-1,0
8,-1,849,329,48,116,1,1,-1,1
8,-1,1103,266,48,113,1,1,-1,1
8,-1,1178,416,108,122,1,10,-1,1
8,-1,1189,390,83,110,1,2,-1,1
8,-1,1197,398,47,90,1,2,-1,1
8,-1,673,254,22,24,1,10,-1,1
8,-1,864,391,22,56,1,2,-1,1
8,-1,860,315,63,153,1,1,-1,1
8,-1,659,527,60,80,1,10,-1,1
8,-1,341,665,35,41,1,2,-1,1
8,-1,320,678,78,112,1,1,-1,0
8,-1,747,192,9,21,1,1,-1,1
8,-1,710,169,25,56,1,1,-1,1
8,-1,325,676,48,56,1,2,-1,1
8,-1,776,365,26,78,1,1,-1,0
9,-1,319,686,46,54,1,2,-1,1
9,-1,331,697,53,58,1,1,-1,0
9,-1,567,196,23,31,1,2,-1,0
9,-1,585,204,27,51,1,1,-1,0
9,-1,629,602,141,153,1,10,-1,0
9,-1,650,268,39,63,1,2,-1,0
9,-1,662,262,43,47,1,10,-1,1
9,-1,731,176,18,40,1,1,-1,1
9,-1,744,161,20,61,1,1,-1,0
9,-1,780,339,45,132,1,1,-1,0
9,-1,819,185,32,81,1,1,-1,0
9,-1,1111,273,48,115,1,1,-1,1
9,-1,1152,282,43,104,1,1,-1,1
9,-1,1189,394,83,109,1,2,-1,1
9,-1,1196,402,47,90,1,2,-1,1
9,-1,1169,383,51,98,1,2,-1,1
9,-1,771,153,12,36,1,1,-1,0
9,-1,684,168,17,58,1,1,-1,1
9,-1,1200,420,46,87,1,2,-1,1
9,-1,649,306,35,56,1,2,-1,0
9,-1,1101,328,28,66,1,1,-1,1
9,-1,665,254,37,41,1,10,-1,1
9,-1,721,170,27,60,1,1,-1,1
9,-1,735,388,35,91,1,1,-1,0
9,-1,672,272,55,60,1,10,-1,1
10,-1,325,715,53,40,1,1,-1,0
10,-1,567,197,23,31,1,2,-1,0
10,-1,586,205,27,51,1,1,-1,0
10,-1,628,626,141,129,1,10,-1,0
10,-1,662,266,43,47,1,10,-1,1
10,-1,704,357,59,155,1,1,-1,0
10,-1,783,349,46,134,1,1,-1,0
10,-1,821,188,32,82,1,1,-1,0
10,-1,847,377,44,92,1,2,-1,1
10,-1,855,347,51,119,1,1,-1,1
10,-1,875,405,27,69,1,2,-1,1
10,-1,1118,281,49,116,1,1,-1,1
10,-1,1162,289,43,105,1,1,-1,1
10,-1,1189,399,83,107,1,2,-1,1
10,-1,852,415,24,62,1,2,-1,1
10,-1,739,198,20,45,1,1,-1,1
10,-1,1123,269,67,158,1,1,-1,1
10,-1,669,653,75,69,1,10,-1,0
10,-1,1208,416,46,87,1,2,-1,1
10,-1,656,259,53,86,1,2,-1,0
10,-1,853,180,26,67,1,1,-1,0
10,-1,712,388,60,159,1,1,-1,0
10,-1,744,147,24,53,1,1,-1,1
10,-1,636,277,27,44,1,2,-1,0
11,-1,587,207,28,51,1,1,-1,0
11,-1,615,531,114,153,1,10,-1,1
11,-1,663,270,43,47,1,10,-1,1
11,-1,678,171,18,63,1,1,-1,1
11,-1,786,359,47,136,1,1,-1,0
11,-1,851,386,43,94,1,2,-1,1
11,-1,859,356,51,121,1,1,-1,1
11,-1,879,415,28,70,1,2,-1,1
11,-1,1126,288,50,119,1,1,-1,1
11,-1,1180,434,106,118,1,10,-1,1
11,-1,1189,400,84,113,1,2,-1,1
11,-1,1196,409,47,90,1,2,-1,1
11,-1,765,170,20,62,1,1,-1,0
11,-1,885,365,38,95,1,2,-1,1
11,-1,1164,371,104,140,1,2,-1,1
11,-1,582,197,26,35,1,2,-1,0
11,-1,594,476,167,224,1,10,-1,1
11,-1,581,514,167,225,1,10,-1,1
11,-1,623,651,146,108,1,10,-1,0
11,-1,1159,294,44,104,1,1,-1,1
11,-1,1118,277,73,175,1,1,-1,1
11,-1,1177,325,33,79,1,1,-1,1
12,-1,587,209,29,52,1,1,-1,0
12,-1,614,549,116,149,1,10,-1,1
12,-1,628,676,141,79,1,10,-1,0
12,-1,650,282,39,65,1,2,-1,0
12,-1,663,274,43,47,1,10,-1,1
12,-1,679,173,18,63,1,1,-1,1
12,-1,706,379,51,158,1,1,-1,0
12,-1,734,183,18,40,1,1,-1,1
12,-1,745,167,21,61,1,1,-1,0
12,-1,789,369,48,138,1,1,-1,0
12,-1,825,194,31,83,1,1,-1,0
12,-1,855,396,43,95,1,2,-1,1
12,-1,1133,295,51,121,1,1,-1,1
12,-1,1181,305,44,105,1,1,-1,1
12,-1,1181,438,105,118,1,10,-1,1
12,-1,1190,402,85,119,1,2,-1,1
12,-1,1196,413,47,90,1,2,-1,1
12,-1,831,183,45,120,1,1,-1,0
12,-1,1189,295,46,109,1,1,-1,1
12,-1,846,433,26,67,1,2,-1,1
12,-1,1149,311,26,61,1,1,-1,1
12,-1,1178,325,39,93,1,1,-1,1
12,-1,801,348,67,192,1,1,-1,0
12,-1,794,418,35,101,1,1,-1,0
12,-1,806,404,25,71,1,1,-1,0
12,-1,668,190,16,58,1,1,-1,1
13,-1,588,211,29,53,1,1,-1,0
13,-1,613,567,119,145,1,10,-1,1
13,-1,650,287,39,66,1,2,-1,0
13,-1,664,278,43,47,1,10,-1,1
13,-1,679,175,18,63,1,1,-1,1
13,-1,705,390,53,160,1,1,-1,0
13,-1,735,186,18,40,1,1,-1,1
13,-1,745,169,21,61,1,1,-1,0
13,-1,793,379,49,140,1,1,-1,0
13,-1,827,197,31,84,1,1,-1,0
13,-1,859,406,42,96,1,2,-1,1
13,-1,865,374,53,124,1,1,-1,1
13,-1,888,434,27,72,1,2,-1,1
13,-1,1141,303,51,122,1,1,-1,1
13,-1,1182,442,103,118,1,10,-1,1
13,-1,1190,411,84,111,1,2,-1,1
13,-1,1191,312,44,106,1,1,-1,1
13,-1,1196,417,47,90,1,2,-1,1
13,-1,742,181,22,49,1,1,-1,1
13,-1,590,207,16,22,1,2,-1,0
13,-1,668,262,46,50,1,10,-1,1
13,-1,798,357,50,142,1,1,-1,0
13,-1,884,421,40,107,1,2,-1,1
13,-1,802,422,36,102,1,1,-1,0
13,-1,753,192,13,30,1,1,-1,1
13,-1,1204,415,37,70,1,2,-1,1
13,-1,604,228,22,40,1,1,-1,0
14,-1,563,206,23,31,1,2,-1,0
14,-1,613,585,121,141,1,10,-1,1
14,-1,627,726,141,29,1,10,-1,0
14,-1,650,292,39,67,1,2,-1,0
14,-1,665,282,43,47,1,10,-1,1
14,-1,679,177,18,64,1,1,-1,1
14,-1,736,189,18,40,1,1,-1,1
14,-1,746,171,21,62,1,1,-1,0
14,-1,829,200,31,84,1,1,-1,0
14,-1,868,383,55,126,1,1,-1,1
14,-1,892,443,27,74,1,2,-1,1
14,-1,1148,310,52,124,1,1,-1,1
14,-1,1190,415,84,110,1,2,-1,1
14,-1,1196,420,47,90,1,2,-1,1
14,-1,1200,320,45,106,1,1,-1,1
14,-1,671,277,23,25,1,10,-1,1
14,-1,731,181,11,33,1,1,-1,0
14,-1,557,194,29,40,1,2,-1,0
14,-1,633,737,134,28,1,10,-1,0
14,-1,1184,412,89,117,1,2,-1,1
14,-1,1183,448,65,85,1,2,-1,1
14,-1,1170,432,70,135,1,2,-1,1
14,-1,898,446,16,43,1,2,-1,1
14,-1,758,384,55,158,1,1,-1,0
15,-1,564,207,23,32,1,2,-1,0
15,-1,588,218,31,55,1,1,-1,0
15,-1,649,296,40,69,1,2,-1,0
15,-1,665,286,43,47,1,10,-1,1
15,-1,679,179,18,64,1,1,-1,1
15,-1,704,412,56,164,1,1,-1,0
15,-1,736,192,17,39,1,1,-1,1
15,-1,746,174,21,62,1,1,-1,0
15,-1,801,399,51,145,1,1,-1,0
15,-1,897,453,27,75,1,2,-1,1
15,-1,1156,318,53,126,1,1,-1,0
15,-1,1183,450,101,118,1,10,-1,1
15,-1,1197,424,47,90,1,2,-1,1
15,-1,1210,327,45,107,1,1,-1,1
15,-1,890,436,38,106,1,2,-1,1
15,-1,716,442,38,110,1,1,-1,0
15,-1,867,414,36,86,1,2,-1,1
15,-1,1192,467,33,63,1,2,-1,1
15,-1,732,197,18,42,1,1,-1,1
15,-1,665,309,23,26,1,10,-1,1
15,-1,710,169,17,39,1,1,-1,1
15,-1,1200,353,35,83,1,1,-1,1
15,-1,1221,432,43,57,1,2,-1,1
16,-1,565,209,23,32,1,2,-1,0
16,-1,649,300,40,71,1,2,-1,0
16,-1,704,424,57,166,1,1,-1,0
16,-1,736,195,17,39,1,1,-1,1
16,-1,833,206,31,86,1,1,-1,0
16,-1,871,435,41,100,1,2,-1,1
16,-1,874,401,57,129,1,1,-1,1
16,-1,900,465,28,77,1,2,-1,1
16,-1,1165,324,54,126,1,1,-1,0
16,-1,1192,423,82,109,1,2,-1,1
16,-1,1197,428,47,90,1,2,-1,1
16,-1,1220,335,45,107,1,1,-1,1
16,-1,660,324,22,39,1,2,-1,0
16,-1,941,470,17,45,1,2,-1,1
16,-1,889,477,23,63,1,2,-1,1
16,-1,821,378,76,215,1,1,-1,0
16,-1,744,224,10,22,1,1,-1,1
16,-1,861,427,57,139,1,2,-1,1
16,-1,845,196,17,47,1,1,-1,0
16,-1,1183,473,84,99,1,10,-1,1
17,-1,563,211,23,33,1,2,-1,0
17,-1,587,226,31,57,1,1,-1,0
17,-1,667,295,43,47,1,10,-1,1
17,-1,746,180,21,63,1,1,-1,0
17,-1,872,446,43,103,1,2,-1,1
17,-1,903,477,30,79,1,2,-1,1
17,-1,1182,459,100,118,1,10,-1,1
17,-1,1197,431,47,90,1,2,-1,1
17,-1,1230,343,45,108,1,1,-1,1
17,-1,593,245,28,52,1,1,-1,0
17,-1,1157,329,54,123,1,1,-1,0
17,-1,910,483,17,46,1,2,-1,1
17,-1,881,464,32,83,1,2,-1,1
17,-1,693,280,26,29,1,10,-1,1
17,-1,673,200,15,51,1,1,-1,1
17,-1,1193,426,70,93,1,2,-1,1
17,-1,858,443,41,98,1,2,-1,1
18,-1,586,229,32,58,1,1,-1,0
18,-1,648,310,40,72,1,2,-1,0
18,-1,664,299,43,48,1,10,-1,1
18,-1,677,186,19,64,1,1,-1,1
18,-1,809,435,55,150,1,1,-1,0
18,-1,837,211,31,91,1,1,-1,0
18,-1,874,458,45,106,1,2,-1,1
18,-1,880,419,59,132,1,1,-1,1
18,-1,907,489,31,82,1,2,-1,1
18,-1,1180,463,100,118,1,10,-1,1
18,-1,1194,431,80,107,1,2,-1,1
18,-1,1235,348,45,112,1,1,-1,1
18,-1,1216,446,50,67,1,2,-1,1
18,-1,691,196,23,77,1,1,-1,1
18,-1,837,451,40,108,1,1,-1,0
18,-1,875,440,39,93,1,2,-1,1
18,-1,1180,318,75,168,1,1,-1,0
18,-1,748,160,19,55,1,1,-1,0
18,-1,640,293,33,60,1,2,-1,0
18,-1,764,186,25,73,1,1,-1,0
19,-1,555,213,23,35,1,2,-1,0
19,-1,580,230,32,59,1,1,-1,0
19,-1,734,201,18,40,1,1,-1,1
19,-1,740,183,22,65,1,1,-1,0
19,-1,832,213,31,90,1,1,-1,0
19,-1,876,469,47,110,1,2,-1,1
19,-1,1179,467,100,119,1,10,-1,1
19,-1,1195,436,79,106,1,2,-1,1
19,-1,1198,439,47,90,1,2,-1,1
19,-1,1241,354,44,116,1,1,-1,1
19,-1,723,237,16,40,1,1,-1,0
19,-1,680,298,29,34,1,10,-1,1
19,-1,1208,487,47,63,1,2,-1,1
19,-1,835,231,26,76,1,1,-1,0
19,-1,835,259,17,48,1,1,-1,0
19,-1,1195,427,54,103,1,2,-1,1
19,-1,678,207,13,43,1,1,-1,1
19,-1,830,224,23,66,1,1,-1,0
19,-1,1286,355,37,96,1,1,-1,1
20,-1,550,214,23,35,1,2,-1,0
20,-1,635,318,41,72,1,2,-1,0
20,-1,654,306,43,50,1,10,-1,1
20,-1,667,190,19,64,1,1,-1,0
20,-1,726,201,18,41,1,1,-1,1
20,-1,734,184,23,65,1,1,-1,0
20,-1,878,481,48,112,1,2,-1,1
20,-1,913,514,35,85,1,2,-1,1
20,-1,1173,464,100,119,1,10,-1,1
20,-1,1190,436,79,107,1,2,-1,1
20,-1,1192,351,57,125,1,1,-1,1
20,-1,1192,439,47,90,1,2,-1,1
20,-1,1246,360,44,119,1,1,-1,1
20,-1,906,479,35,81,1,2,-1,1
20,-1,581,253,24,46,1,1,-1,0
20,-1,675,149,28,80,1,1,-1,0
20,-1,879,445,35,79,1,1,-1,1
20,-1,1224,329,52,141,1,1,-1,1
20,-1,1142,443,132,157,1,10,-1,1
20,-1,693,183,18,62,1,1,-1,0
20,-1,674,200,15,51,1,1,-1,0
20,-1,894,530,43,105,1,2,-1,1
21,-1,565,232,31,58,1,1,-1,0
21,-1,629,322,42,72,1,2,-1,0
21,-1,660,192,19,65,1,1,-1,0
21,-1,687,179,20,69,1,1,-1,0
21,-1,704,484,69,193,1,1,-1,0
21,-1,719,202,18,42,1,1,-1,1
21,-1,802,465,58,164,1,1,-1,0
21,-1,822,219,31,90,1,1,-1,0
21,-1,880,492,50,116,1,2,-1,1
21,-1,894,447,63,138,1,1,-1,1
21,-1,917,526,36,88,1,2,-1,1
21,-1,1185,436,80,108,1,2,-1,1
21,-1,1202,357,58,130,1,1,-1,1
21,-1,1252,366,44,123,1,1,-1,1
21,-1,1140,447,142,169,1,10,-1,1
21,-1,709,181,16,56,1,1,-1,0
21,-1,1174,429,116,156,1,2,-1,1
21,-1,525,205,29,44,1,2,-1,0
21,-1,728,506,47,132,1,1,-1,0
21,-1,812,244,27,77,1,1,-1,0
21,-1,662,226,16,56,1,1,-1,0
21,-1,1212,469,64,77,1,10,-1,1
21,-1,1208,352,70,157,1,1,-1,1
22,-1,565,234,35,62,1,1,-1,0
22,-1,629,325,42,74,1,2,-1,0
22,-1,660,192,19,66,1,1,-1,0
22,-1,719,202,18,43,1,1,-1,1
22,-1,729,185,23,66,1,1,-1,0
22,-1,807,474,59,172,1,1,-1,0
22,-1,920,538,38,90,1,2,-1,1
22,-1,1162,460,100,119,1,10,-1,1
22,-1,1180,440,47,90,1,2,-1,1
22,-1,1181,437,80,108,1,2,-1,1
22,-1,1213,363,59,135,1,1,-1,1
22,-1,703,170,17,56,1,1,-1,0
22,-1,1167,426,119,160,1,2,-1,1
22,-1,740,200,27,76,1,1,-1,0
22,-1,847,490,39,115,1,1,-1,0
22,-1,811,510,54,157,1,1,-1,0
22,-1,820,480,39,113,1,1,-1,0
22,-1,576,246,19,34,1,1,-1,0
22,-1,849,211,21,60,1,1,-1,0
22,-1,659,186,26,91,1,1,-1,0
23,-1,540,217,23,36,1,2,-1,0
23,-1,563,235,35,62,1,1,-1,0
23,-1,629,327,43,76,1,2,-1,0
23,-1,649,316,43,51,1,10,-1,1
23,-1,660,193,19,66,1,1,-1,0
23,-1,688,181,21,69,1,1,-1,0
23,-1,705,509,74,199,1,1,-1,0
23,-1,720,203,18,43,1,1,-1,1
23,-1,827,225,31,92,1,1,-1,0
23,-1,890,515,54,123,1,2,-1,1
23,-1,904,467,67,141,1,1,-1,1
23,-1,1164,459,100,120,1,10,-1,1
23,-1,1182,436,80,109,1,2,-1,1
23,-1,1223,369,61,140,1,1,-1,1
23,-1,1276,377,43,131,1,1,-1,1
23,-1,704,193,20,48,1,1,-1,1
23,-1,819,228,38,113,1,1,-1,0
23,-1,666,183,19,62,1,1,-1,0
23,-1,1158,451,70,96,1,2,-1,1
23,-1,1171,451,69,95,1,2,-1,1
23,-1,894,445,78,164,1,1,-1,1
23,-1,670,347,36,43,1,10,-1,1
23,-1,615,325,39,68,1,2,-1,0
23,-1,646,326,24,28,1,10,-1,1
24,-1,562,236,35,63,1,1,-1,0
24,-1,630,329,44,78,1,2,-1,0
24,-1,688,182,22,70,1,1,-1,0
24,-1,709,522,77,201,1,1,-1,0
24,-1,731,187,23,66,1,1,-1,0
24,-1,898,527,56,126,1,2,-1,1
24,-1,909,477,69,142,1,1,-1,1
24,-1,935,565,41,97,1,2,-1,1
24,-1,1167,459,100,120,1,10,-1,1
24,-1,1183,435,80,110,1,2,-1,1
24,-1,1184,439,47,90,1,2,-1,1
24,-1,1234,375,62,145,1,1,-1,1
24,-1,690,474,105,275,1,1,-1,0
24,-1,813,516,56,170,1,1,-1,0
24,-1,908,467,87,178,1,1,-1,1
24,-1,1168,423,99,136,1,2,-1,1
24,-1,749,227,9,24,1,1,-1,1
24,-1,638,330,49,86,1,2,-1,0
24,-1,1164,420,55,105,1,2,-1,1
24,-1,1202,463,71,85,1,10,-1,1
24,-1,1157,427,120,144,1,10,-1,1
25,-1,539,218,23,37,1,2,-1,0
25,-1,560,237,35,63,1,1,-1,0
25,-1,630,332,45,79,1,2,-1,0
25,-1,661,194,18,67,1,1,-1,0
25,-1,689,183,22,70,1,1,-1,0
25,-1,713,535,81,203,1,1,-1,0
25,-1,722,205,17,44,1,1,-1,1
25,-1,731,188,24,66,1,1,-1,0
25,-1,825,504,62,194,1,1,-1,0
25,-1,833,228,31,94,1,1,-1,0
25,-1,906,539,59,130,1,2,-1,1
25,-1,947,580,43,102,1,2,-1,1
25,-1,1170,459,100,121,1,10,-1,1
25,-1,1184,434,81,111,1,2,-1,1
25,-1,1186,439,47,90,1,2,-1,1
25,-1,1245,381,63,151,1,1,-1,1
25,-1,690,188,27,85,1,1,-1,0
25,-1,739,194,12,32,1,1,-1,1
25,-1,1182,444,58,112,1,2,-1,1
25,-1,656,192,12,43,1,1,-1,0
25,-1,739,213,15,40,1,1,-1,1
25,-1,727,175,27,73,1,1,-1,0
25,-1,897,564,39,86,1,2,-1,1
25,-1,1209,427,55,105,1,2,-1,1
26,-1,539,219,23,36,1,2,-1,0
26,-1,559,238,35,64,1,1,-1,0
26,-1,631,334,46,81,1,2,-1,0
26,-1,652,322,43,51,1,10,-1,1
26,-1,689,184,23,70,1,1,-1,0
26,-1,718,548,84,206,1,1,-1,0
26,-1,722,205,18,45,1,1,-1,1
26,-1,732,189,24,66,1,1,-1,0
26,-1,831,516,63,195,1,1,-1,0
26,-1,914,553,61,133,1,2,-1,1
26,-1,1173,459,100,121,1,10,-1,1
26,-1,1185,433,81,113,1,2,-1,1
26,-1,1188,438,47,90,1,2,-1,1
26,-1,1259,387,65,155,1,1,-1,1
26,-1,855,556,38,119,1,1,-1,0
26,-1,899,560,66,143,1,2,-1,1
26,-1,672,150,33,100,1,1,-1,0
26,-1,793,520,69,214,1,1,-1,0
26,-1,892,504,91,199,1,2,-1,1
26,-1,924,521,56,112,1,1,-1,1
26,-1,1168,420,64,123,1,2,-1,1
26,-1,511,211,20,31,1,2,-1,0
27,-1,558,239,35,65,1,1,-1,0
27,-1,632,337,47,83,1,2,-1,0
27,-1,652,324,44,53,1,10,-1,1
27,-1,661,195,18,68,1,1,-1,0
27,-1,690,185,23,71,1,1,-1,0
27,-1,723,206,17,45,1,1,-1,1
27,-1,733,190,24,66,1,1,-1,0
27,-1,837,529,65,195,1,1,-1,0
27,-1,841,232,31,96,1,1,-1,0
27,-1,933,513,75,148,1,1,-1,1
27,-1,971,616,47,86,1,2,-1,1
27,-1,1176,458,100,122,1,10,-1,1
27,-1,1186,432,82,114,1,2,-1,1
27,-1,1273,394,67,159,1,1,-1,0
27,-1,934,548,93,200,1,2,-1,1
27,-1,693,210,19,51,1,1,-1,1
27,-1,780,159,28,46,1,10,-1,0
27,-1,715,177,28,70,1,1,-1,1
27,-1,1172,473,106,130,1,10,-1,1
27,-1,715,204,13,34,1,1,-1,1
27,-1,546,224,22,35,1,2,-1,0
27,-1,968,657,31,56,1,2,-1,1
27,-1,628,346,36,64,1,2,-1,0
28,-1,538,220,23,37,1,2,-1,0
28,-1,558,240,33,66,1,1,-1,0
28,-1,631,340,48,84,1,2,-1,0
28,-1,661,195,18,69,1,1,-1,0
28,-1,724,207,17,45,1,1,-1,1
28,-1,726,580,94,174,1,1,-1,0
28,-1,741,190,24,55,1,1,-1,1
28,-1,843,542,67,195,1,1,-1,0
28,-1,845,235,31,97,1,1,-1,0
28,-1,943,526,77,150,1,1,-1,1
28,-1,984,634,48,78,1,2,-1,1
28,-1,1286,407,55,159,1,1,-1,0
28,-1,647,352,42,74,1,2,-1,0
28,-1,550,223,14,22,1,2,-1,0
28,-1,706,559,121,224,1,1,-1,0
28,-1,986,615,31,50,1,2,-1,1
28,-1,1295,361,70,204,1,1,-1,0
28,-1,1285,428,29,84,1,1,-1,0
28,-1,738,647,53,97,1,1,-1,0
28,-1,622,339,36,63,1,2,-1,0
28,-1,633,345,44,76,1,2,-1,0
29,-1,558,242,31,66,1,1,-1,0
29,-1,654,330,46,55,1,10,-1,1
29,-1,662,196,18,69,1,1,-1,0
29,-1,725,208,17,46,1,1,-1,1
29,-1,729,598,98,156,1,1,-1,0
29,-1,735,192,24,68,1,1,-1,0
29,-1,739,192,26,55,1,1,-1,1
29,-1,849,555,69,188,1,1,-1,0
29,-1,940,595,68,142,1,2,-1,1
29,-1,1182,458,100,123,1,10,-1,1
29,-1,1194,438,47,90,1,2,-1,1
29,-1,659,303,60,72,1,10,-1,1
29,-1,555,189,18,30,1,2,-1,0
29,-1,948,572,59,123,1,2,-1,1
29,-1,597,376,37,67,1,2,-1,0
29,-1,546,245,16,26,1,2,-1,0
29,-1,828,251,26,80,1,1,-1,0
29,-1,1140,436,139,171,1,10,-1,1
29,-1,529,246,29,63,1,1,-1,0
29,-1,723,194,22,61,1,1,-1,0
30,-1,538,221,23,38,1,2,-1,0
30,-1,557,243,31,67,1,1,-1,0
30,-1,631,347,48,87,1,2,-1,0
30,-1,655,333,46,56,1,10,-1,1
30,-1,662,197,18,69,1,1,-1,0
30,-1,691,188,25,72,1,1,-1,0
30,-1,733,616,102,138,1,1,-1,0
30,-1,853,241,31,98,1,1,-1,0
30,-1,855,568,72,181,1,1,-1,0
30,-1,949,609,70,146,1,2,-1,1
30,-1,1009,670,51,63,1,2,-1,1
30,-1,1185,458,100,123,1,10,-1,1
30,-1,1192,430,84,117,1,2,-1,1
30,-1,1199,437,47,90,1,2,-1,1
30,-1,947,584,96,200,1,2,-1,1
30,-1,752,202,19,40,1,1,-1,1
30,-1,1150,484,111,137,1,10,-1,1
30,-1,1194,470,107,132,1,10,-1,1
30,-1,879,591,83,208,1,1,-1,0
30,-1,754,211,18,51,1,1,-1,1
30,-1,655,184,23,88,1,1,-1,0
30,-1,568,255,37,81,1,1,-1,0
30,-1,669,205,26,75,1,1,-1,0
31,-1,538,221,23,38,1,2,-1,0
31,-1,556,245,31,67,1,1,-1,0
31,-1,632,350,49,89,1,2,-1,0
31,-1,656,336,47,57,1,10,-1,1
31,-1,727,210,17,48,1,1,-1,1
31,-1,737,194,24,69,1,1,-1,0
31,-1,743,193,26,56,1,1,-1,1
31,-1,785,163,25,41,1,10,-1,0
31,-1,856,243,32,100,1,1,-1,0
31,-1,963,628,70,127,1,2,-1,1
31,-1,973,566,82,155,1,1,-1,1
31,-1,1021,688,53,55,1,2,-1,1
31,-1,1188,458,100,124,1,10,-1,1
31,-1,1197,430,84,118,1,2,-1,1
31,-1,1204,437,47,90,1,2,-1,1
31,-1,1009,673,61,64,1,2,-1,1
31,-1,640,321,54,98,1,2,-1,0
31,-1,971,625,44,80,1,2,-1,1
31,-1,726,222,19,53,1,1,-1,1
31,-1,989,671,37,68,1,2,-1,1
31,-1,1244,505,52,64,1,10,-1,1
31,-1,1011,694,78,81,1,2,-1,1
31,-1,1003,692,60,62,1,2,-1,1
31,-1,985,581,86,163,1,1,-1,1
32,-1,538,221,23,38,1,2,-1,0
32,-1,556,247,31,67,1,1,-1,0
32,-1,633,354,50,90,1,2,-1,0
32,-1,657,339,48,58,1,10,-1,1
32,-1,663,200,18,70,1,1,-1,0
32,-1,692,190,26,73,1,1,-1,0
32,-1,728,211,17,49,1,1,-1,1
32,-1,739,195,24,70,1,1,-1,0
32,-1,746,194,26,56,1,1,-1,1
32,-1,786,165,25,41,1,10,-1,0
32,-1,978,647,70,108,1,2,-1,1
32,-1,1191,458,99,124,1,10,-1,1
32,-1,1202,430,85,119,1,2,-1,1
32,-1,1209,437,47,90,1,2,-1,1
32,-1,737,195,21,45,1,1,-1,1
32,-1,857,575,95,204,1,1,-1,0
32,-1,852,272,20,62,1,1,-1,0
32,-1,623,350,52,94,1,2,-1,0
32,-1,912,651,43,92,1,1,-1,0
32,-1,548,236,33,72,1,1,-1,0
32,-1,872,655,57,123,1,1,-1,0
32,-1,854,594,66,141,1,1,-1,0
33,-1,537,222,23,38,1,2,-1,0
33,-1,635,358,50,91,1,2,-1,0
33,-1,658,342,48,59,1,10,-1,1
33,-1,664,201,18,70,1,1,-1,0
33,-1,692,191,27,73,1,1,-1,0
33,-1,729,212,17,50,1,1,-1,1
33,-1,740,196,24,70,1,1,-1,0
33,-1,786,166,25,42,1,10,-1,0
33,-1,864,248,34,103,1,1,-1,0
33,-1,888,615,74,139,1,1,-1,0
33,-1,1204,430,84,119,1,2,-1,1
33,-1,1214,436,47,90,1,2,-1,1
33,-1,1157,385,115,163,1,2,-1,1
33,-1,899,638,54,101,1,1,-1,0
33,-1,632,317,62,112,1,2,-1,0
33,-1,968,644,100,127,1,2,-1,1
33,-1,1242,457,24,45,1,2,-1,1
33,-1,760,161,15,26,1,10,-1,0
33,-1,758,229,15,45,1,1,-1,0
33,-1,717,211,15,45,1,1,-1,1
34,-1,536,223,24,39,1,2,-1,0
34,-1,554,249,32,67,1,1,-1,0
34,-1,635,361,50,91,1,2,-1,0
34,-1,659,345,49,60,1,10,-1,1
34,-1,693,192,27,73,1,1,-1,0
34,-1,730,213,17,51,1,1,-1,1
34,-1,748,195,26,59,1,1,-1,1
34,-1,868,251,34,104,1,1,-1,0
34,-1,902,635,74,119,1,1,-1,0
34,-1,1197,459,97,123,1,10,-1,1
34,-1,1206,431,84,119,1,2,-1,1
34,-1,1219,436,47,90,1,2,-1,1
34,-1,1026,694,40,40,1,2,-1,1
34,-1,1045,637,72,103,1,1,-1,1
34,-1,651,183,23,92,1,1,-1,0
34,-1,712,193,26,70,1,1,-1,0
34,-1,1028,680,58,58,1,2,-1,1
34,-1,864,193,50,152,1,1,-1,0
34,-1,735,207,22,65,1,1,-1,1
34,-1,999,629,82,116,1,1,-1,1
35,-1,536,225,24,39,1,2,-1,0
35,-1,636,365,50,91,1,2,-1,0
35,-1,693,193,28,74,1,1,-1,0
35,-1,732,214,17,52,1,1,-1,1
35,-1,742,198,25,70,1,1,-1,0
35,-1,749,195,27,62,1,1,-1,1
35,-1,788,169,25,43,1,10,-1,0
35,-1,872,254,35,105,1,1,-1,0
35,-1,916,655,74,99,1,1,-1,0
35,-1,1020,634,95,115,1,1,-1,1
35,-1,1200,459,96,123,1,10,-1,1
35,-1,889,253,39,118,1,1,-1,0
35,-1,690,207,39,104,1,1,-1,0
35,-1,703,182,32,89,1,1,-1,0
35,-1,945,644,59,79,1,1,-1,0
35,-1,1207,384,116,165,1,2,-1,1
35,-1,662,202,38,100,1,1,-1,0
35,-1,775,206,23,52,1,1,-1,1
36,-1,553,251,32,68,1,1,-1,0
36,-1,661,351,51,63,1,10,-1,1
36,-1,694,194,28,74,1,1,-1,0
36,-1,743,199,26,70,1,1,-1,0
36,-1,750,196,27,63,1,1,-1,1
36,-1,788,171,26,42,1,10,-1,0
36,-1,875,256,37,107,1,1,-1,0
36,-1,929,675,74,79,1,1,-1,0
36,-1,1211,433,83,119,1,2,-1,1
36,-1,1230,436,47,90,1,2,-1,1
36,-1,764,121,33,54,1,10,-1,0
36,-1,1227,443,60,116,1,2,-1,1
36,-1,1194,429,93,133,1,2,-1,1
36,-1,754,210,22,51,1,1,-1,1
36,-1,1242,450,39,75,1,2,-1,1
36,-1,537,225,26,55,1,1,-1,0
36,-1,884,216,45,131,1,1,-1,0
37,-1,553,253,32,69,1,1,-1,0
37,-1,638,374,50,93,1,2,-1,0
37,-1,661,355,51,64,1,10,-1,1
37,-1,668,205,18,73,1,1,-1,0
37,-1,695,195,28,75,1,1,-1,0
37,-1,731,216,16,54,1,1,-1,1
37,-1,744,200,27,70,1,1,-1,0
37,-1,752,197,27,65,1,1,-1,1
37,-1,789,172,26,43,1,10,-1,0
37,-1,1207,461,94,123,1,10,-1,1
37,-1,1216,433,82,119,1,2,-1,1
37,-1,1230,437,47,90,1,2,-1,1
37,-1,509,206,30,48,1,2,-1,0
37,-1,675,207,13,54,1,1,-1,0
37,-1,1221,475,66,87,1,10,-1,1
37,-1,766,225,16,42,1,1,-1,0
37,-1,644,387,44,81,1,2,-1,0
37,-1,1209,434,110,160,1,2,-1,1
37,-1,1225,419,64,123,1,2,-1,1
38,-1,536,229,24,38,1,2,-1,0
38,-1,552,255,32,69,1,1,-1,0
38,-1,662,359,51,66,1,10,-1,1
38,-1,669,205,18,73,1,1,-1,0
38,-1,694,195,29,75,1,1,-1,0
38,-1,790,174,26,43,1,10,-1,0
38,-1,883,261,38,110,1,1,-1,0
38,-1,1211,462,93,123,1,10,-1,1
38,-1,1231,438,47,90,1,2,-1,1
38,-1,637,404,51,94,1,2,-1,0
38,-1,817,166,37,61,1,10,-1,0
38,-1,546,247,47,102,1,1,-1,0
38,-1,1230,421,67,128,1,2,-1,1
38,-1,742,238,13,42,1,1,-1,1
38,-1,741,182,39,104,1,1,-1,0
38,-1,1204,434,44,84,1,2,-1,1
39,-1,537,231,24,38,1,2,-1,0
39,-1,552,257,32,70,1,1,-1,0
39,-1,662,363,52,67,1,10,-1,1
39,-1,694,195,29,76,1,1,-1,0
39,-1,734,219,17,57,1,1,-1,1
39,-1,887,264,39,111,1,1,-1,0
39,-1,1216,464,91,122,1,10,-1,1
39,-1,1232,440,47,90,1,2,-1,1
39,-1,896,228,53,151,1,1,-1,0
39,-1,729,217,23,77,1,1,-1,1
39,-1,748,224,16,55,1,1,-1,1
39,-1,637,208,21,84,1,1,-1,0
39,-1,891,225,58,164,1,1,-1,0
39,-1,674,218,13,52,1,1,-1,0
39,-1,664,375,54,70,1,10,-1,1
40,-1,535,232,25,38,1,2,-1,0
40,-1,669,207,18,73,1,1,-1,0
40,-1,693,196,30,77,1,1,-1,0
40,-1,747,203,25,73,1,1,-1,0
40,-1,757,201,26,64,1,1,-1,1
40,-1,791,177,26,44,1,10,-1,0
40,-1,1218,465,91,122,1,10,-1,1
40,-1,1229,434,82,118,1,2,-1,1
40,-1,592,373,78,143,1,2,-1,0
40,-1,761,165,17,29,1,10,-1,0
40,-1,909,267,26,74,1,1,-1,0
40,-1,1208,410,65,124,1,2,-1,1
40,-1,1223,400,51,98,1,2,-1,1
40,-1,687,190,19,76,1,1,-1,0
40,-1,642,363,73,134,1,2,-1,0
41,-1,533,233,26,38,1,2,-1,0
41,-1,550,263,32,71,1,1,-1,0
41,-1,668,209,18,73,1,1,-1,0
41,-1,693,198,30,77,1,1,-1,0
41,-1,747,204,25,74,1,1,-1,0
41,-1,758,202,25,65,1,1,-1,1
41,-1,792,178,26,45,1,10,-1,0
41,-1,1221,467,90,122,1,10,-1,1
41,-1,1232,435,82,118,1,2,-1,1
41,-1,1236,442,47,90,1,2,-1,1
41,-1,1242,441,67,129,1,2,-1,1
41,-1,709,229,13,43,1,1,-1,1
41,-1,517,213,36,53,1,2,-1,0
41,-1,772,161,37,65,1,10,-1,0
41,-1,647,209,19,77,1,1,-1,0
41,-1,627,415,64,117,1,2,-1,0
41,-1,508,236,44,99,1,1,-1,0
42,-1,532,235,27,38,1,2,-1,0
42,-1,550,267,31,71,1,1,-1,0
42,-1,640,401,54,101,1,2,-1,0
42,-1,663,376,54,70,1,10,-1,1
42,-1,668,211,18,74,1,1,-1,0
42,-1,747,206,25,74,1,1,-1,0
42,-1,759,203,25,66,1,1,-1,1
42,-1,792,180,27,45,1,10,-1,0
42,-1,893,276,41,115,1,1,-1,0
42,-1,1224,469,90,122,1,10,-1,1
42,-1,1235,436,83,118,1,2,-1,1
42,-1,1239,443,47,90,1,2,-1,1
42,-1,1213,444,111,150,1,10,-1,1
42,-1,684,206,17,68,1,1,-1,0
42,-1,930,288,34,96,1,1,-1,0
42,-1,621,380,72,93,1,10,-1,1
42,-1,716,181,37,93,1,1,-1,0
42,-1,1218,413,53,102,1,2,-1,1
42,-1,1239,483,62,88,1,2,-1,1
43,-1,528,236,27,38,1,2,-1,0
43,-1,545,268,31,72,1,1,-1,0
43,-1,640,407,55,103,1,2,-1,0
43,-1,729,227,19,58,1,1,-1,1
43,-1,745,207,24,74,1,1,-1,0
43,-1,756,204,26,66,1,1,-1,1
43,-1,793,181,27,46,1,10,-1,0
43,-1,1233,436,83,118,1,2,-1,1
43,-1,1238,443,47,90,1,2,-1,1
43,-1,693,360,58,76,1,10,-1,1
43,-1,682,205,17,69,1,1,-1,0
43,-1,1267,488,30,57,1,2,-1,1
43,-1,660,210,20,83,1,1,-1,0
43,-1,636,175,27,112,1,1,-1,0
43,-1,907,303,25,69,1,1,-1,0
43,-1,527,208,24,33,1,2,-1,0
44,-1,540,270,32,73,1,1,-1,0
44,-1,637,413,55,105,1,2,-1,0
44,-1,664,215,18,76,1,1,-1,0
44,-1,693,204,32,79,1,1,-1,0
44,-1,726,229,19,58,1,1,-1,1
44,-1,754,206,26,65,1,1,-1,1
44,-1,794,183,27,46,1,10,-1,0
44,-1,1231,437,83,117,1,2,-1,1
44,-1,1237,443,47,90,1,2,-1,1
44,-1,1236,481,46,64,1,2,-1,1
44,-1,657,195,18,77,1,1,-1,0
44,-1,536,281,44,100,1,1,-1,0
44,-1,702,208,22,94,1,1,-1,0
44,-1,647,204,26,109,1,1,-1,0
44,-1,928,301,23,64,1,1,-1,0
44,-1,1235,460,51,69,1,10,-1,1
45,-1,520,239,27,38,1,2,-1,0
45,-1,635,419,55,107,1,2,-1,0
45,-1,658,394,55,71,1,10,-1,1
45,-1,723,231,19,58,1,1,-1,1
45,-1,741,209,24,76,1,1,-1,0
45,-1,752,208,26,64,1,1,-1,1
45,-1,790,179,27,50,1,10,-1,0
45,-1,896,291,44,120,1,1,-1,0
45,-1,1224,467,88,120,1,10,-1,1
45,-1,1241,424,88,124,1,2,-1,1
45,-1,1248,468,46,87,1,2,-1,1
45,-1,656,367,59,76,1,10,-1,1
45,-1,738,243,19,58,1,1,-1,1
45,-1,693,223,38,98,1,1,-1,0
45,-1,658,387,69,89,1,10,-1,1
45,-1,718,255,16,49,1,1,-1,1
46,-1,516,241,27,38,1,2,-1,0
46,-1,531,273,32,75,1,1,-1,0
46,-1,650,398,58,72,1,10,-1,1
46,-1,720,233,19,58,1,1,-1,1
46,-1,739,210,24,77,1,1,-1,0
46,-1,750,210,27,63,1,1,-1,1
46,-1,786,176,27,53,1,10,-1,0
46,-1,894,294,45,121,1,1,-1,0
46,-1,1228,438,83,116,1,2,-1,1
46,-1,1236,444,47,90,1,2,-1,1
46,-1,607,415,82,159,1,2,-1,0
46,-1,748,228,15,35,1,1,-1,1
46,-1,669,220,12,48,1,1,-1,0
46,-1,687,224,25,75,1,1,-1,1
46,-1,652,459,55,106,1,2,-1,0
46,-1,676,432,31,39,1,10,-1,1
46,-1,645,418,46,57,1,10,-1,1
47,-1,507,242,27,38,1,2,-1,0
47,-1,520,276,32,76,1,1,-1,0
47,-1,643,403,59,74,1,10,-1,1
47,-1,649,221,20,77,1,1,-1,0
47,-1,677,209,29,80,1,1,-1,0
47,-1,713,234,20,58,1,1,-1,1
47,-1,733,212,24,77,1,1,-1,0
47,-1,892,297,46,123,1,1,-1,0
47,-1,670,183,27,74,1,1,-1,0
47,-1,514,279,36,86,1,1,-1,0
47,-1,1215,460,43,82,1,2,-1,1
47,-1,512,257,38,91,1,1,-1,0
47,-1,659,243,18,50,1,1,-1,0
47,-1,493,271,37,51,1,2,-1,0
47,-1,622,452,38,74,1,2,-1,0
48,-1,510,279,32,77,1,1,-1,0
48,-1,616,441,57,112,1,2,-1,0
48,-1,637,409,59,76,1,10,-1,1
48,-1,672,211,28,80,1,1,-1,0
48,-1,740,214,25,62,1,1,-1,1
48,-1,776,178,22,54,1,10,-1,0
48,-1,1211,437,83,115,1,2,-1,1
48,-1,1219,442,47,90,1,2,-1,1
48,-1,628,217,25,99,1,1,-1,0
48,-1,1247,489,72,98,1,10,-1,1
48,-1,631,254,13,50,1,1,-1,0
48,-1,776,202,17,43,1,10,-1,0
48,-1,1196,438,102,142,1,2,-1,1
48,-1,1243,497,26,50,1,2,-1,1
48,-1,501,253,44,106,1,1,-1,0
49,-1,490,245,27,38,1,2,-1,0
49,-1,500,282,31,78,1,1,-1,0
49,-1,609,449,58,115,1,2,-1,0
49,-1,634,224,21,79,1,1,-1,0
49,-1,664,212,29,81,1,1,-1,0
49,-1,699,237,20,58,1,1,-1,1
49,-1,718,216,25,79,1,1,-1,0
49,-1,735,216,24,62,1,1,-1,1
49,-1,767,180,25,48,1,2,-1,1
49,-1,767,195,28,48,1,10,-1,1
49,-1,1200,464,87,119,1,10,-1,1
49,-1,1203,437,83,114,1,2,-1,1
49,-1,1211,441,47,90,1,2,-1,1
49,-1,634,201,19,71,1,1,-1,0
49,-1,496,257,37,52,1,2,-1,0
49,-1,752,215,25,64,1,1,-1,1
49,-1,759,151,32,61,1,2,-1,1
49,-1,616,437,54,69,1,10,-1,1
49,-1,1183,448,90,124,1,2,-1,1
49,-1,603,436,60,119,1,2,-1,0
50,-1,481,247,27,37,1,2,-1,0
50,-1,490,285,31,79,1,1,-1,0
50,-1,603,456,59,117,1,2,-1,0
50,-1,624,420,61,80,1,10,-1,1
50,-1,626,226,21,79,1,1,-1,0
50,-1,691,239,20,58,1,1,-1,1
50,-1,726,218,24,63,1,1,-1,1
50,-1,759,200,26,44,1,10,-1,1
50,-1,882,308,48,127,1,1,-1,0
50,-1,666,177,37,105,1,1,-1,0
50,-1,620,414,67,88,1,10,-1,1
50,-1,881,303,50,131,1,1,-1,0
50,-1,639,211,34,95,1,1,-1,0
50,-1,680,208,27,78,1,1,-1,1
50,-1,751,203,19,51,1,1,-1,1
50,-1,458,280,33,85,1,1,-1,0
51,-1,472,248,27,37,1,2,-1,0
51,-1,480,289,31,79,1,1,-1,0
51,-1,598,463,59,119,1,2,-1,0
51,-1,617,425,62,82,1,10,-1,1
51,-1,618,228,21,80,1,1,-1,0
51,-1,650,216,29,82,1,1,-1,0
51,-1,684,241,20,58,1,1,-1,1
51,-1,700,222,25,80,1,1,-1,0
51,-1,718,220,24,65,1,1,-1,1
51,-1,751,185,24,45,1,2,-1,1
51,-1,879,312,50,129,1,1,-1,0
51,-1,1192,436,83,113,1,2,-1,1
51,-1,1202,440,46,90,1,2,-1,1
51,-1,702,213,33,105,1,1,-1,0
51,-1,1183,440,29,57,1,2,-1,1
51,-1,465,226,31,42,1,2,-1,0
51,-1,772,187,29,55,1,2,-1,1
51,-1,485,290,24,60,1,1,-1,0
51,-1,735,204,19,36,1,2,-1,1
51,-1,1177,398,107,145,1,2,-1,1
52,-1,593,470,59,121,1,2,-1,0
52,-1,611,431,63,84,1,10,-1,1
52,-1,614,230,21,80,1,1,-1,0
52,-1,644,218,29,82,1,1,-1,0
52,-1,681,243,20,57,1,1,-1,1
52,-1,697,224,26,80,1,1,-1,0
52,-1,749,187,24,45,1,2,-1,1
52,-1,749,208,23,39,1,10,-1,1
52,-1,877,317,51,131,1,1,-1,0
52,-1,1190,436,83,111,1,2,-1,1
52,-1,1201,440,46,90,1,2,-1,1
52,-1,468,259,35,48,1,2,-1,0
52,-1,1187,429,120,173,1,10,-1,1
52,-1,865,343,44,113,1,1,-1,0
52,-1,647,238,29,81,1,1,-1,0
52,-1,665,227,30,85,1,1,-1,1
52,-1,735,196,23,43,1,2,-1,1
52,-1,731,218,12,23,1,2,-1,1
53,-1,462,252,27,37,1,2,-1,0
53,-1,467,296,34,78,1,1,-1,0
53,-1,610,233,22,80,1,1,-1,0
53,-1,638,220,29,83,1,1,-1,0
53,-1,678,245,21,57,1,1,-1,1
53,-1,695,226,26,81,1,1,-1,0
53,-1,880,323,52,132,1,1,-1,0
53,-1,1187,435,83,110,1,2,-1,1
53,-1,1193,462,80,117,1,10,-1,1
53,-1,1200,440,46,89,1,2,-1,1
53,-1,749,236,14,23,1,10,-1,1
53,-1,668,182,41,117,1,1,-1,0
53,-1,609,190,28,81,1,1,-1,0
53,-1,608,453,37,49,1,10,-1,1
53,-1,762,200,18,34,1,2,-1,1
53,-1,1217,469,53,77,1,10,-1,1
53,-1,880,315,62,157,1,1,-1,0
54,-1,460,255,27,37,1,2,-1,0
54,-1,465,299,35,78,1,1,-1,0
54,-1,606,235,23,81,1,1,-1,0
54,-1,675,247,21,57,1,1,-1,1
54,-1,693,228,26,81,1,1,-1,0
54,-1,712,225,24,70,1,1,-1,1
54,-1,743,213,24,40,1,10,-1,1
54,-1,745,191,24,47,1,2,-1,1
54,-1,883,329,53,134,1,1,-1,0
54,-1,1185,435,83,108,1,2,-1,1
54,-1,1193,462,78,116,1,10,-1,1
54,-1,1199,440,46,89,1,2,-1,1
54,-1,674,243,29,79,1,1,-1,1
54,-1,595,226,31,108,1,1,-1,0
54,-1,901,306,76,191,1,1,-1,0
54,-1,886,313,58,148,1,1,-1,0
54,-1,1205,451,39,75,1,2,-1,1
54,-1,664,228,37,117,1,1,-1,0
54,-1,506,341,20,46,1,1,-1,0
55,-1,458,257,27,37,1,2,-1,0
55,-1,463,302,37,79,1,1,-1,0
55,-1,584,495,59,119,1,2,-1,0
55,-1,603,238,23,81,1,1,-1,0
55,-1,607,452,67,90,1,10,-1,1
55,-1,635,224,30,84,1,1,-1,0
55,-1,673,249,21,57,1,1,-1,1
55,-1,691,230,26,82,1,1,-1,0
55,-1,741,216,24,40,1,10,-1,1
55,-1,743,194,24,47,1,2,-1,1
55,-1,886,336,54,134,1,1,-1,0
55,-1,1194,462,75,116,1,10,-1,1
55,-1,1198,441,46,88,1,2,-1,1
55,-1,1182,440,110,170,1,10,-1,1
55,-1,750,257,15,24,1,10,-1,1
55,-1,887,347,45,111,1,1,-1,0
55,-1,747,226,15,25,1,10,-1,1
55,-1,620,254,20,70,1,1,-1,0
55,-1,1182,509,40,61,1,10,-1,1
55,-1,1162,431,108,138,1,2,-1,1
56,-1,456,260,27,37,1,2,-1,0
56,-1,461,305,38,79,1,1,-1,0
56,-1,602,241,24,81,1,1,-1,0
56,-1,607,458,66,92,1,10,-1,1
56,-1,635,226,30,85,1,1,-1,0
56,-1,691,232,26,82,1,1,-1,0
56,-1,711,229,23,74,1,1,-1,1
56,-1,741,220,24,39,1,10,-1,1
56,-1,744,197,24,48,1,2,-1,1
56,-1,889,342,55,136,1,1,-1,0
56,-1,1186,435,83,108,1,2,-1,1
56,-1,683,259,17,46,1,1,-1,1
56,-1,581,260,24,82,1,1,-1,0
56,-1,654,223,33,95,1,1,-1,0
56,-1,596,477,64,130,1,2,-1,0
56,-1,720,234,21,66,1,1,-1,0
56,-1,599,229,35,119,1,1,-1,0
56,-1,610,223,20,69,1,1,-1,0
57,-1,454,262,27,37,1,2,-1,0
57,-1,459,308,40,80,1,1,-1,0
57,-1,585,514,63,126,1,2,-1,0
57,-1,601,244,25,81,1,1,-1,0
57,-1,673,255,21,57,1,1,-1,1
57,-1,691,234,27,83,1,1,-1,0
57,-1,712,232,23,75,1,1,-1,1
57,-1,745,201,24,48,1,2,-1,1
57,-1,893,349,55,137,1,1,-1,0
57,-1,1189,435,84,110,1,2,-1,1
57,-1,1193,464,80,117,1,10,-1,1
57,-1,1200,442,46,90,1,2,-1,1
57,-1,1179,449,48,95,1,2,-1,1
57,-1,743,206,34,111,1,1,-1,1
57,-1,666,275,25,69,1,1,-1,1
57,-1,439,286,38,52,1,2,-1,0
57,-1,699,246,26,79,1,1,-1,0
57,-1,735,217,29,95,1,1,-1,1
57,-1,617,481,72,102,1,10,-1,1
58,-1,458,312,41,80,1,1,-1,0
58,-1,610,470,67,95,1,10,-1,1
58,-1,618,204,22,67,1,1,-1,1
58,-1,636,231,31,86,1,1,-1,0
58,-1,673,258,21,57,1,1,-1,1
58,-1,691,236,28,84,1,1,-1,0
58,-1,704,148,21,39,1,2,-1,1
58,-1,742,229,25,36,1,10,-1,1
58,-1,1193,466,82,117,1,10,-1,1
58,-1,1201,443,47,91,1,2,-1,1
58,-1,722,267,23,33,1,10,-1,1
58,-1,661,248,27,75,1,1,-1,0
58,-1,896,357,56,139,1,1,-1,0
58,-1,747,224,20,28,1,10,-1,1
58,-1,690,268,13,35,1,1,-1,1
58,-1,460,309,48,94,1,1,-1,0
58,-1,712,145,26,48,1,2,-1,1
58,-1,581,518,63,127,1,2,-1,0
