1,1,1176,388,110,122,1,10,-1,-1
1,3,829,272,41,105,1,1,-1,-1
1,6,588,190,26,47,1,1,-1,-1
1,10,660,233,43,49,1,10,-1,-1
1,16,1063,228,42,104,1,1,-1,-1
1,18,697,288,43,132,1,1,-1,-1
1,21,631,475,122,181,1,10,-1,-1
1,32,371,565,47,65,1,2,-1,-1
1,33,764,284,43,114,1,1,-1,-1
1,38,677,151,17,60,1,1,-1,-1
1,39,837,320,28,58,1,1,-1,-1
1,40,814,302,36,87,1,2,-1,-1
2,1,1176,390,109,123,1,10,-1,-1
2,3,831,278,42,107,1,1,-1,-1
2,6,587,191,26,47,1,1,-1,-1
2,9,650,239,37,65,1,2,-1,-1
2,10,660,236,43,49,1,10,-1,-1
2,16,1068,233,43,105,1,1,-1,-1
2,18,698,291,46,135,1,1,-1,-1
2,21,632,491,124,180,1,10,-1,-1
2,28,569,184,24,27,1,2,-1,-1
2,32,364,579,47,63,1,2,-1,-1
2,33,766,291,42,117,1,1,-1,-1
2,38,677,153,17,60,1,1,-1,-1
2,39,841,329,28,59,1,1,-1,-1
2,40,821,305,40,81,1,2,-1,-1
2,41,378,567,49,88,1,1,-1,-1
2,59,624,428,93,123,1,10,-1,-1
3,1,1176,392,109,124,1,10,-1,-1
3,3,834,285,43,108,1,1,-1,-1
3,6,586,192,27,47,1,1,-1,-1
3,9,642,245,59,66,1,10,-1,-1
3,10,660,240,43,48,1,10,-1,-1
3,16,1074,238,43,106,1,1,-1,-1
3,18,698,298,49,138,1,1,-1,-1
3,19,725,164,18,40,1,1,-1,-1
3,21,633,507,127,180,1,10,-1,-1
3,28,569,185,24,27,1,2,-1,-1
3,32,358,593,47,62,1,2,-1,-1
3,33,768,298,41,120,1,1,-1,-1
3,38,677,155,18,60,1,1,-1,-1
3,39,845,339,28,60,1,2,-1,-1
3,40,820,310,47,83,1,2,-1,-1
3,41,370,583,50,86,1,1,-1,-1
3,59,623,439,95,127,1,10,-1,-1
4,1,1176,394,109,125,1,10,-1,-1
4,3,837,293,44,110,1,1,-1,-1
4,6,586,194,27,47,1,1,-1,-1
4,9,650,247,37,64,1,2,-1,-1
4,10,660,243,43,49,1,10,-1,-1
4,16,1079,243,45,108,1,1,-1,-1
4,18,699,306,51,140,1,1,-1,-1
4,19,726,165,18,40,1,1,-1,-1
4,21,634,523,129,180,1,10,-1,-1
4,28,569,186,24,28,1,2,-1,-1
4,32,351,607,47,60,1,2,-1,-1
4,33,770,305,40,123,1,1,-1,-1
4,38,678,157,18,60,1,1,-1,-1
4,39,849,348,28,62,1,2,-1,-1
4,40,832,340,35,78,1,2,-1,-1
4,41,362,600,51,84,1,1,-1,-1
4,59,622,451,97,130,1,10,-1,-1
5,1,1177,396,108,127,1,10,-1,-1
5,3,840,302,45,112,1,1,-1,-1
5,6,586,196,27,47,1,1,-1,-1
5,9,650,251,37,63,1,2,-1,-1
5,10,661,247,43,48,1,10,-1,-1
5,13,812,174,32,78,1,1,-1,-1
5,16,1085,248,45,109,1,1,-1,-1
5,18,699,313,54,143,1,1,-1,-1
5,19,728,166,18,40,1,1,-1,-1
5,21,636,540,131,179,1,10,-1,-1
5,28,568,188,24,28,1,2,-1,-1
5,32,345,621,47,59,1,2,-1,-1
5,33,773,309,40,124,1,1,-1,-1
5,34,743,154,20,60,1,1,-1,-1
5,38,675,157,21,70,1,1,-1,-1
5,39,854,358,27,62,1,2,-1,-1
5,40,840,358,29,66,1,2,-1,-1
5,41,355,617,52,82,1,1,-1,-1
5,59,621,462,100,133,1,10,-1,-1
6,1,1177,402,108,126,1,10,-1,-1
6,2,1198,391,47,90,1,2,-1,-1
6,3,843,311,46,113,1,1,-1,-1
6,6,586,198,27,47,1,1,-1,-1
6,9,650,255,38,63,1,2,-1,-1
6,10,661,251,43,47,1,10,-1,-1
6,13,814,177,32,79,1,1,-1,-1
6,16,1090,253,46,110,1,1,-1,-1
6,18,700,321,56,145,1,1,-1,-1
6,19,728,168,18,40,1,1,-1,-1
6,21,634,555,133,173,1,10,-1,-1
6,28,568,190,23,29,1,2,-1,-1
6,32,338,637,47,58,1,2,-1,-1
6,33,774,315,41,127,1,1,-1,-1
6,34,743,155,20,61,1,1,-1,-1
6,38,678,161,18,62,1,1,-1,-1
6,39,858,367,28,64,1,2,-1,-1
6,40,843,366,36,68,1,2,-1,-1
6,41,348,637,52,86,1,1,-1,-1
7,1,1178,409,107,124,1,10,-1,-1
7,2,1189,386,83,111,1,2,-1,-1
7,3,846,320,47,115,1,1,-1,-1
7,6,586,200,28,47,1,1,-1,-1
7,9,650,259,38,63,1,2,-1,-1
7,10,661,254,43,48,1,10,-1,-1
7,13,816,180,31,79,1,1,-1,-1
7,16,1096,259,47,111,1,1,-1,-1
7,18,701,329,58,147,1,1,-1,-1
7,19,729,171,18,40,1,1,-1,-1
7,21,632,571,136,166,1,10,-1,-1
7,28,567,192,24,29,1,2,-1,-1
7,32,332,653,46,57,1,2,-1,-1
7,33,775,322,43,129,1,1,-1,-1
7,34,743,157,20,61,1,1,-1,-1
7,38,678,163,18,63,1,1,-1,-1
7,39,862,377,28,65,1,2,-1,-1
7,40,845,390,29,67,1,2,-1,-1
7,41,342,657,52,91,1,1,-1,-1
7,50,619,485,104,140,1,10,-1,-1
8,1,1178,416,108,122,1,10,-1,-1
8,2,1189,390,83,110,1,2,-1,-1
8,3,838,340,56,111,1,2,-1,-1
8,6,585,202,28,49,1,1,-1,-1
8,9,650,263,38,63,1,2,-1,-1
8,10,661,258,43,47,1,10,-1,-1
8,13,818,183,31,80,1,1,-1,-1
8,16,1103,266,48,113,1,1,-1,-1
8,18,702,338,58,150,1,1,-1,-1
8,19,730,173,18,40,1,1,-1,-1
8,21,630,586,139,160,1,10,-1,-1
8,28,567,194,23,30,1,2,-1,-1
8,32,325,670,47,55,1,2,-1,-1
8,33,777,329,44,131,1,1,-1,-1
8,34,744,159,20,61,1,1,-1,-1
8,38,678,165,18,63,1,1,-1,-1
8,39,867,386,27,67,1,2,-1,-1
8,40,849,367,25,61,1,2,-1,-1
8,41,337,679,53,76,1,1,-1,-1
8,50,618,496,107,143,1,10,-1,-1
9,1,1179,423,107,120,1,10,-1,-1
9,2,1196,402,47,90,1,2,-1,-1
9,3,852,338,50,118,1,1,-1,-1
9,6,585,204,27,51,1,1,-1,-1
9,9,650,268,39,63,1,2,-1,-1
9,10,662,262,43,47,1,10,-1,-1
9,13,819,185,32,81,1,1,-1,-1
9,16,1111,273,48,115,1,1,-1,-1
9,18,703,347,58,153,1,1,-1,-1
9,19,731,176,18,40,1,1,-1,-1
9,21,629,602,141,153,1,10,-1,-1
9,28,567,196,23,31,1,2,-1,-1
9,32,319,686,46,54,1,2,-1,-1
9,33,780,339,45,132,1,1,-1,-1
9,34,744,161,20,61,1,1,-1,-1
9,41,356,682,63,74,1,2,-1,-1
9,50,617,508,109,146,1,10,-1,-1
10,1,1180,430,107,118,1,10,-1,-1
10,2,1189,399,83,107,1,2,-1,-1
10,3,855,347,51,119,1,1,-1,-1
10,6,586,205,27,51,1,1,-1,-1
10,9,650,272,39,64,1,2,-1,-1
10,10,662,266,43,47,1,10,-1,-1
10,13,821,188,32,82,1,1,-1,-1
10,14,1162,289,43,105,1,1,-1,-1
10,16,1118,281,49,116,1,1,-1,-1
10,18,704,357,59,155,1,1,-1,-1
10,19,732,178,18,40,1,1,-1,-1
10,21,628,626,141,129,1,10,-1,-1
10,22,875,405,27,69,1,2,-1,-1
10,28,567,197,23,31,1,2,-1,-1
10,34,744,163,21,61,1,1,-1,-1
10,50,616,519,111,150,1,10,-1,-1
10,51,678,169,18,63,1,1,-1,-1
10,52,1196,406,47,90,1,2,-1,-1
11,1,1180,434,106,118,1,10,-1,-1
11,2,1189,400,84,113,1,2,-1,-1
11,3,859,356,51,121,1,1,-1,-1
11,6,587,207,28,51,1,1,-1,-1
11,9,650,277,39,65,1,2,-1,-1
11,10,663,270,43,47,1,10,-1,-1
11,13,817,203,30,78,1,1,-1,-1
11,14,1171,297,44,105,1,1,-1,-1
11,16,1126,288,50,119,1,1,-1,-1
11,18,705,368,55,156,1,1,-1,-1
11,19,733,181,18,40,1,1,-1,-1
11,21,610,604,174,128,1,10,-1,-1
11,22,879,415,28,70,1,2,-1,-1
11,26,786,359,47,136,1,1,-1,-1
11,28,568,199,23,31,1,2,-1,-1
11,34,745,165,20,61,1,1,-1,-1
11,44,885,407,33,82,1,2,-1,-1
11,50,615,531,114,153,1,10,-1,-1
11,51,678,171,18,63,1,1,-1,-1
11,52,1196,409,47,90,1,2,-1,-1
12,1,1181,438,105,118,1,10,-1,-1
12,2,1190,402,85,119,1,2,-1,-1
12,3,862,365,52,123,1,1,-1,-1
12,6,587,209,29,52,1,1,-1,-1
12,9,650,282,39,65,1,2,-1,-1
12,10,663,274,43,47,1,10,-1,-1
12,13,825,194,31,83,1,1,-1,-1
12,14,1181,305,44,105,1,1,-1,-1
12,16,1133,295,51,121,1,1,-1,-1
12,18,706,379,51,158,1,1,-1,-1
12,19,734,183,18,40,1,1,-1,-1
12,21,614,549,116,149,1,10,-1,-1
12,22,884,424,27,71,1,2,-1,-1
12,26,789,369,48,138,1,1,-1,-1
12,34,745,167,21,61,1,1,-1,-1
12,44,886,383,36,84,1,1,-1,-1
12,51,679,173,18,63,1,1,-1,-1
12,52,1196,413,47,90,1,2,-1,-1
13,1,1182,442,103,118,1,10,-1,-1
13,2,1190,411,84,111,1,2,-1,-1
13,3,865,374,53,124,1,1,-1,-1
13,6,588,211,29,53,1,1,-1,-1
13,9,650,287,39,66,1,2,-1,-1
13,10,664,278,43,47,1,10,-1,-1
13,13,827,197,31,84,1,1,-1,-1
13,14,1191,312,44,106,1,1,-1,-1
13,16,1141,303,51,122,1,1,-1,-1
13,18,705,390,53,160,1,1,-1,-1
13,19,735,186,18,40,1,1,-1,-1
13,21,613,567,119,145,1,10,-1,-1
13,22,888,434,27,72,1,2,-1,-1
13,26,793,379,49,140,1,1,-1,-1
13,34,745,169,21,61,1,1,-1,-1
13,42,564,203,23,31,1,2,-1,-1
13,44,878,398,36,84,1,1,-1,-1
13,51,679,175,18,63,1,1,-1,-1
13,52,1196,417,47,90,1,2,-1,-1
14,1,1182,446,103,118,1,10,-1,-1
14,2,1190,415,84,110,1,2,-1,-1
14,3,868,383,55,126,1,1,-1,-1
14,6,589,214,30,54,1,1,-1,-1
14,9,650,292,39,67,1,2,-1,-1
14,10,665,282,43,47,1,10,-1,-1
14,13,829,200,31,84,1,1,-1,-1
14,14,1200,320,45,106,1,1,-1,-1
14,16,1148,310,52,124,1,1,-1,-1
14,18,705,401,54,162,1,1,-1,-1
14,19,736,189,18,40,1,1,-1,-1
14,22,892,443,27,74,1,2,-1,-1
14,26,797,389,50,143,1,1,-1,-1
14,42,563,206,23,31,1,2,-1,-1
14,44,863,415,42,98,1,2,-1,-1
14,51,679,177,18,64,1,1,-1,-1
14,52,1196,420,47,90,1,2,-1,-1
15,1,1191,419,83,109,1,2,-1,-1
15,2,1197,424,47,90,1,2,-1,-1
15,3,871,392,56,127,1,1,-1,-1
15,4,746,174,21,62,1,1,-1,-1
15,6,588,218,31,55,1,1,-1,-1
15,9,649,296,40,69,1,2,-1,-1
15,10,665,286,43,47,1,10,-1,-1
15,13,831,203,31,85,1,1,-1,-1
15,14,1210,327,45,107,1,1,-1,-1
15,16,1156,318,53,126,1,1,-1,-1
15,18,704,412,56,164,1,1,-1,-1
15,19,736,192,17,39,1,1,-1,-1
15,22,897,453,27,75,1,2,-1,-1
15,26,801,399,51,145,1,1,-1,-1
15,42,564,207,23,32,1,2,-1,-1
15,44,867,425,41,99,1,2,-1,-1
16,1,1184,455,100,118,1,10,-1,-1
16,2,1192,423,82,109,1,2,-1,-1
16,3,874,401,57,129,1,1,-1,-1
16,4,746,177,21,63,1,1,-1,-1
16,6,581,228,32,57,1,1,-1,-1
16,9,649,300,40,71,1,2,-1,-1
16,10,666,290,43,47,1,10,-1,-1
16,13,833,206,31,86,1,1,-1,-1
16,14,1220,335,45,107,1,1,-1,-1
16,16,1165,324,54,126,1,1,-1,-1
16,19,736,195,17,39,1,1,-1,-1
16,22,900,465,28,77,1,2,-1,-1
16,26,805,410,52,147,1,1,-1,-1
16,42,565,209,23,32,1,2,-1,-1
16,44,871,435,41,100,1,2,-1,-1
17,1,1182,459,100,118,1,10,-1,-1
17,2,1197,431,47,90,1,2,-1,-1
17,3,877,410,58,130,1,1,-1,-1
17,4,746,180,21,63,1,1,-1,-1
17,6,587,226,31,57,1,1,-1,-1
17,9,648,305,40,71,1,2,-1,-1
17,10,667,295,43,47,1,10,-1,-1
17,13,835,208,31,89,1,1,-1,-1
17,14,1230,343,45,108,1,1,-1,-1
17,16,1175,331,55,126,1,1,-1,-1
17,19,736,198,16,39,1,1,-1,-1
17,22,903,477,30,79,1,2,-1,-1
17,26,807,422,53,149,1,1,-1,-1
17,42,563,211,23,33,1,2,-1,-1
17,44,872,446,43,103,1,2,-1,-1
18,1,1180,463,100,118,1,10,-1,-1
18,2,1194,431,80,107,1,2,-1,-1
18,3,880,419,59,132,1,1,-1,-1
18,4,746,183,22,64,1,1,-1,-1
18,6,586,229,32,58,1,1,-1,-1
18,9,648,310,40,72,1,2,-1,-1
18,10,664,299,43,48,1,10,-1,-1
18,13,837,211,31,91,1,1,-1,-1
18,14,1235,348,45,112,1,1,-1,-1
18,20,881,460,67,157,1,2,-1,-1
18,22,907,489,31,82,1,2,-1,-1
18,26,809,435,55,150,1,1,-1,-1
18,42,561,213,23,34,1,2,-1,-1
19,1,1179,467,100,119,1,10,-1,-1
19,2,1195,436,79,106,1,2,-1,-1
19,3,876,469,47,110,1,2,-1,-1
19,4,740,183,22,65,1,1,-1,-1
19,6,580,230,32,59,1,1,-1,-1
19,9,641,314,41,72,1,2,-1,-1
19,10,661,303,43,50,1,10,-1,-1
19,13,832,213,31,90,1,1,-1,-1
19,14,1241,354,44,116,1,1,-1,-1
19,20,884,428,60,134,1,1,-1,-1
19,22,910,502,33,83,1,2,-1,-1
19,26,812,448,56,152,1,1,-1,-1
19,29,734,201,18,40,1,1,-1,-1
19,42,555,213,23,35,1,2,-1,-1
19,53,699,178,28,69,1,1,-1,-1
20,1,1173,464,100,119,1,10,-1,-1
20,2,1190,436,79,107,1,2,-1,-1
20,3,878,481,48,112,1,2,-1,-1
20,4,734,184,23,65,1,1,-1,-1
20,6,574,231,32,60,1,1,-1,-1
20,9,635,318,41,72,1,2,-1,-1
20,10,654,306,43,50,1,10,-1,-1
20,13,828,216,31,90,1,1,-1,-1
20,14,1246,360,44,119,1,1,-1,-1
20,15,667,190,19,64,1,1,-1,-1
20,20,889,437,61,136,1,1,-1,-1
20,22,913,514,35,85,1,2,-1,-1
20,26,807,456,57,158,1,1,-1,-1
20,29,726,201,18,41,1,1,-1,-1
20,42,550,214,23,35,1,2,-1,-1
20,53,693,178,24,69,1,1,-1,-1
21,1,1167,462,100,119,1,10,-1,-1
21,2,1185,436,80,108,1,2,-1,-1
21,3,880,492,50,116,1,2,-1,-1
21,4,729,185,23,65,1,1,-1,-1
21,6,565,232,31,58,1,1,-1,-1
21,9,629,322,42,72,1,2,-1,-1
21,10,648,309,43,51,1,10,-1,-1
21,13,822,219,31,90,1,1,-1,-1
21,14,1252,366,44,123,1,1,-1,-1
21,15,660,192,19,65,1,1,-1,-1
21,20,894,447,63,138,1,1,-1,-1
21,22,917,526,36,88,1,2,-1,-1
21,26,802,465,58,164,1,1,-1,-1
21,29,719,202,18,42,1,1,-1,-1
21,53,687,179,20,69,1,1,-1,-1
21,54,1170,422,43,83,1,2,-1,-1
22,1,1162,460,100,119,1,10,-1,-1
22,2,1180,440,47,90,1,2,-1,-1
22,3,882,504,52,119,1,2,-1,-1
22,4,729,185,23,66,1,1,-1,-1
22,6,565,234,35,62,1,1,-1,-1
22,9,629,325,42,74,1,2,-1,-1
22,13,825,222,31,91,1,1,-1,-1
22,14,1264,371,43,127,1,1,-1,-1
22,15,660,192,19,66,1,1,-1,-1
22,20,899,457,65,139,1,1,-1,-1
22,22,920,538,38,90,1,2,-1,-1
22,29,719,202,18,43,1,1,-1,-1
22,53,687,180,21,69,1,1,-1,-1
22,54,1159,434,48,92,1,2,-1,-1
23,1,1164,459,100,120,1,10,-1,-1
23,2,1182,436,80,109,1,2,-1,-1
23,3,890,515,54,123,1,2,-1,-1
23,4,730,186,23,66,1,1,-1,-1
23,6,563,235,35,62,1,1,-1,-1
23,9,629,327,43,76,1,2,-1,-1
23,13,827,225,31,92,1,1,-1,-1
23,14,1276,377,43,131,1,1,-1,-1
23,15,660,193,19,66,1,1,-1,-1
23,20,904,467,67,141,1,1,-1,-1
23,29,720,203,18,43,1,1,-1,-1
23,35,705,509,74,199,1,1,-1,-1
23,43,540,217,23,36,1,2,-1,-1
23,46,899,568,53,124,1,2,-1,-1
23,53,688,181,21,69,1,1,-1,-1
23,54,1182,439,47,90,1,2,-1,-1
23,55,649,316,43,51,1,10,-1,-1
23,56,813,484,60,179,1,1,-1,-1
24,1,1167,459,100,120,1,10,-1,-1
24,2,1184,439,47,90,1,2,-1,-1
24,3,898,527,56,126,1,2,-1,-1
24,4,731,187,23,66,1,1,-1,-1
24,6,562,236,35,63,1,1,-1,-1
24,14,1253,379,61,142,1,1,-1,-1
24,15,660,193,19,67,1,1,-1,-1
24,20,909,477,69,142,1,1,-1,-1
24,29,721,204,17,43,1,1,-1,-1
24,35,709,522,77,201,1,1,-1,-1
24,43,540,218,23,36,1,2,-1,-1
24,46,924,553,53,126,1,2,-1,-1
24,54,1196,451,69,95,1,2,-1,-1
24,55,650,320,43,51,1,10,-1,-1
24,56,819,494,61,186,1,1,-1,-1
25,1,1170,459,100,121,1,10,-1,-1
25,2,1184,434,81,111,1,2,-1,-1
25,3,906,539,59,130,1,2,-1,-1
25,4,731,188,24,66,1,1,-1,-1
25,5,689,183,22,70,1,1,-1,-1
25,6,560,237,35,63,1,1,-1,-1
25,8,833,228,31,94,1,1,-1,-1
25,11,630,332,45,79,1,2,-1,-1
25,14,1245,381,63,151,1,1,-1,-1
25,15,661,194,18,67,1,1,-1,-1
25,20,914,487,71,144,1,1,-1,-1
25,29,722,205,17,44,1,1,-1,-1
25,35,713,535,81,203,1,1,-1,-1
25,43,539,218,23,37,1,2,-1,-1
25,46,947,580,43,102,1,2,-1,-1
25,54,1186,439,47,90,1,2,-1,-1
25,55,653,320,43,49,1,10,-1,-1
25,56,825,504,62,194,1,1,-1,-1
26,1,1173,459,100,121,1,10,-1,-1
26,2,1188,438,47,90,1,2,-1,-1
26,3,914,553,61,133,1,2,-1,-1
26,4,732,189,24,66,1,1,-1,-1
26,5,689,184,23,70,1,1,-1,-1
26,6,559,238,35,64,1,1,-1,-1
26,8,837,230,31,95,1,1,-1,-1
26,11,631,334,46,81,1,2,-1,-1
26,14,1259,387,65,155,1,1,-1,-1
26,15,661,194,18,68,1,1,-1,-1
26,20,923,500,73,146,1,1,-1,-1
26,29,722,205,18,45,1,1,-1,-1
26,35,718,548,84,206,1,1,-1,-1
26,43,539,219,23,36,1,2,-1,-1
26,46,959,598,45,94,1,2,-1,-1
26,55,652,322,43,51,1,10,-1,-1
26,56,831,516,63,195,1,1,-1,-1
27,1,1176,458,100,122,1,10,-1,-1
27,2,1190,438,47,90,1,2,-1,-1
27,3,923,567,63,136,1,2,-1,-1
27,4,743,188,22,55,1,1,-1,-1
27,5,690,185,23,71,1,1,-1,-1
27,6,558,239,35,65,1,1,-1,-1
27,8,841,232,31,96,1,1,-1,-1
27,11,632,337,47,83,1,2,-1,-1
27,14,1273,394,67,159,1,1,-1,-1
27,15,661,195,18,68,1,1,-1,-1
27,20,933,513,75,148,1,1,-1,-1
27,24,783,158,24,39,1,10,-1,-1
27,29,723,206,17,45,1,1,-1,-1
27,35,723,562,90,193,1,1,-1,-1
27,43,539,219,23,37,1,2,-1,-1
27,46,971,616,47,86,1,2,-1,-1
27,55,652,324,44,53,1,10,-1,-1
27,56,837,529,65,195,1,1,-1,-1
28,1,1179,458,100,123,1,10,-1,-1
28,2,1192,438,47,90,1,2,-1,-1
28,3,931,581,66,139,1,2,-1,-1
28,4,734,191,24,67,1,1,-1,-1
28,5,690,186,24,71,1,1,-1,-1
28,6,558,240,33,66,1,1,-1,-1
28,8,845,235,31,97,1,1,-1,-1
28,11,631,340,48,84,1,2,-1,-1
28,14,1286,407,55,159,1,1,-1,-1
28,15,661,195,18,69,1,1,-1,-1
28,20,943,526,77,150,1,1,-1,-1
28,24,783,159,24,39,1,10,-1,-1
28,29,724,207,17,45,1,1,-1,-1
28,35,726,580,94,174,1,1,-1,-1
28,43,538,220,23,37,1,2,-1,-1
28,46,984,634,48,78,1,2,-1,-1
29,1,1182,458,100,123,1,10,-1,-1
29,2,1194,438,47,90,1,2,-1,-1
29,3,940,595,68,142,1,2,-1,-1
29,4,739,192,26,55,1,1,-1,-1
29,5,691,187,24,72,1,1,-1,-1
29,6,558,242,31,66,1,1,-1,-1
29,8,849,238,31,97,1,1,-1,-1
29,11,631,343,48,86,1,2,-1,-1
29,12,654,330,46,55,1,10,-1,-1
29,15,662,196,18,69,1,1,-1,-1
29,20,953,540,78,151,1,1,-1,-1
29,24,784,160,24,40,1,10,-1,-1
29,35,729,598,98,156,1,1,-1,-1
29,43,538,220,23,38,1,2,-1,-1
30,1,1192,430,84,117,1,2,-1,-1
30,2,1199,437,47,90,1,2,-1,-1
30,3,949,609,70,146,1,2,-1,-1
30,4,736,193,24,68,1,1,-1,-1
30,5,691,188,25,72,1,1,-1,-1
30,6,557,243,31,67,1,1,-1,-1
30,8,842,235,35,109,1,1,-1,-1
30,11,631,347,48,87,1,2,-1,-1
30,12,655,333,46,56,1,10,-1,-1
30,15,662,197,18,69,1,1,-1,-1
30,20,963,553,80,153,1,1,-1,-1
30,24,784,162,25,40,1,10,-1,-1
30,35,733,616,102,138,1,1,-1,-1
30,43,538,221,23,38,1,2,-1,-1
30,47,741,213,22,60,1,1,-1,-1
31,1,1188,458,100,124,1,10,-1,-1
31,2,1204,437,47,90,1,2,-1,-1
31,3,963,628,70,127,1,2,-1,-1
31,4,737,194,24,69,1,1,-1,-1
31,5,691,189,26,72,1,1,-1,-1
31,6,556,245,31,67,1,1,-1,-1
31,8,856,243,32,100,1,1,-1,-1
31,11,632,350,49,89,1,2,-1,-1
31,12,656,336,47,57,1,10,-1,-1
31,15,668,192,22,84,1,1,-1,-1
31,20,973,566,82,155,1,1,-1,-1
31,24,785,163,25,41,1,10,-1,-1
31,35,710,623,91,113,1,1,-1,-1
31,47,748,213,25,53,1,1,-1,-1
32,1,1205,490,83,104,1,10,-1,-1
32,2,1209,437,47,90,1,2,-1,-1
32,3,983,580,84,156,1,1,-1,-1
32,4,739,195,24,70,1,1,-1,-1
32,5,692,190,26,73,1,1,-1,-1
32,7,538,221,23,38,1,2,-1,-1
32,8,860,246,33,101,1,1,-1,-1
32,11,633,354,50,90,1,2,-1,-1
32,12,657,339,48,58,1,10,-1,-1
32,15,670,187,19,75,1,1,-1,-1
32,24,786,165,25,41,1,10,-1,-1
32,47,746,194,26,56,1,1,-1,-1
33,1,1194,459,99,123,1,10,-1,-1
33,2,1214,436,47,90,1,2,-1,-1
33,3,995,598,88,142,1,1,-1,-1
33,4,740,196,24,70,1,1,-1,-1
33,5,692,191,27,73,1,1,-1,-1
33,7,537,222,23,38,1,2,-1,-1
33,8,864,248,34,103,1,1,-1,-1
33,11,635,358,50,91,1,2,-1,-1
33,12,658,342,48,59,1,10,-1,-1
33,15,664,201,18,70,1,1,-1,-1
33,24,786,166,25,42,1,10,-1,-1
33,36,729,212,17,50,1,1,-1,-1
33,47,747,194,26,58,1,1,-1,-1
33,57,555,248,31,67,1,1,-1,-1
34,1,1197,459,97,123,1,10,-1,-1
34,2,1219,436,47,90,1,2,-1,-1
34,3,1008,616,91,129,1,1,-1,-1
34,4,741,197,25,70,1,1,-1,-1
34,5,693,192,27,73,1,1,-1,-1
34,7,536,223,24,39,1,2,-1,-1
34,8,868,251,34,104,1,1,-1,-1
34,11,635,361,50,91,1,2,-1,-1
34,12,659,345,49,60,1,10,-1,-1
34,15,665,202,18,71,1,1,-1,-1
34,24,787,168,25,42,1,10,-1,-1
34,36,730,213,17,51,1,1,-1,-1
34,47,748,195,26,59,1,1,-1,-1
34,57,554,249,32,67,1,1,-1,-1
35,1,1200,459,96,123,1,10,-1,-1
35,2,1224,436,47,90,1,2,-1,-1
35,3,1020,634,95,115,1,1,-1,-1
35,4,742,198,25,70,1,1,-1,-1
35,5,693,193,28,74,1,1,-1,-1
35,7,536,225,24,39,1,2,-1,-1
35,8,872,254,35,105,1,1,-1,-1
35,11,636,365,50,91,1,2,-1,-1
35,12,660,348,50,61,1,10,-1,-1
35,15,666,203,18,71,1,1,-1,-1
35,24,788,169,25,43,1,10,-1,-1
35,36,732,214,17,52,1,1,-1,-1
35,47,749,195,27,62,1,1,-1,-1
35,57,554,250,32,67,1,1,-1,-1
36,1,1203,460,95,123,1,10,-1,-1
36,2,1230,436,47,90,1,2,-1,-1
36,4,743,199,26,70,1,1,-1,-1
36,5,694,194,28,74,1,1,-1,-1
36,7,536,226,24,39,1,2,-1,-1
36,8,875,256,37,107,1,1,-1,-1
36,11,637,369,50,91,1,2,-1,-1
36,12,661,351,51,63,1,10,-1,-1
36,15,667,204,18,72,1,1,-1,-1
36,24,788,171,26,42,1,10,-1,-1
36,36,731,215,17,53,1,1,-1,-1
36,57,553,251,32,68,1,1,-1,-1
37,1,1207,461,94,123,1,10,-1,-1
37,2,1230,437,47,90,1,2,-1,-1
37,4,744,200,27,70,1,1,-1,-1
37,5,695,195,28,75,1,1,-1,-1
37,7,536,228,24,38,1,2,-1,-1
37,8,879,259,37,108,1,1,-1,-1
37,11,638,374,50,93,1,2,-1,-1
37,12,661,355,51,64,1,10,-1,-1
37,15,668,205,18,73,1,1,-1,-1
37,24,789,172,26,43,1,10,-1,-1
37,27,752,197,27,65,1,1,-1,-1
37,36,731,216,16,54,1,1,-1,-1
37,57,553,253,32,69,1,1,-1,-1
38,1,1211,462,93,123,1,10,-1,-1
38,2,1231,438,47,90,1,2,-1,-1
38,4,745,201,27,71,1,1,-1,-1
38,5,694,195,29,75,1,1,-1,-1
38,7,536,229,24,38,1,2,-1,-1
38,8,883,261,38,110,1,1,-1,-1
38,11,639,380,51,94,1,2,-1,-1
38,12,662,359,51,66,1,10,-1,-1
38,15,669,205,18,73,1,1,-1,-1
38,24,790,174,26,43,1,10,-1,-1
38,27,754,198,27,65,1,1,-1,-1
38,36,732,217,17,56,1,1,-1,-1
39,1,1226,433,82,119,1,2,-1,-1
39,2,1232,440,47,90,1,2,-1,-1
39,4,747,202,26,72,1,1,-1,-1
39,5,694,195,29,76,1,1,-1,-1
39,7,537,231,24,38,1,2,-1,-1
39,8,887,264,39,111,1,1,-1,-1
39,11,639,385,52,95,1,2,-1,-1
39,12,662,363,52,67,1,10,-1,-1
39,27,757,200,26,64,1,1,-1,-1
39,36,734,219,17,57,1,1,-1,-1
40,1,1218,465,91,122,1,10,-1,-1
40,2,1234,441,47,90,1,2,-1,-1
40,4,747,203,25,73,1,1,-1,-1
40,5,693,196,30,77,1,1,-1,-1
40,7,535,232,25,38,1,2,-1,-1
40,8,891,267,40,112,1,1,-1,-1
40,11,639,390,53,97,1,2,-1,-1
40,12,663,368,52,68,1,10,-1,-1
40,27,757,201,26,64,1,1,-1,-1
40,36,731,221,17,58,1,1,-1,-1
41,1,1221,467,90,122,1,10,-1,-1
41,2,1225,432,58,111,1,2,-1,-1
41,4,747,204,25,74,1,1,-1,-1
41,5,693,198,30,77,1,1,-1,-1
41,7,533,233,26,38,1,2,-1,-1
41,8,892,271,40,114,1,1,-1,-1
41,11,640,395,54,99,1,2,-1,-1
41,12,663,372,53,69,1,10,-1,-1
41,27,758,202,25,65,1,1,-1,-1
41,30,550,263,32,71,1,1,-1,-1
41,36,732,223,17,58,1,1,-1,-1
41,45,668,209,18,73,1,1,-1,-1
42,1,1224,469,90,122,1,10,-1,-1
42,2,1239,443,47,90,1,2,-1,-1
42,4,747,206,25,74,1,1,-1,-1
42,5,693,200,31,78,1,1,-1,-1
42,7,532,235,27,38,1,2,-1,-1
42,8,893,276,41,115,1,1,-1,-1
42,11,640,401,54,101,1,2,-1,-1
42,12,663,376,54,70,1,10,-1,-1
42,27,759,203,25,66,1,1,-1,-1
42,30,550,267,31,71,1,1,-1,-1
42,45,668,211,18,74,1,1,-1,-1
43,1,1233,436,83,118,1,2,-1,-1
43,2,1238,443,47,90,1,2,-1,-1
43,4,745,207,24,74,1,1,-1,-1
43,5,693,202,31,78,1,1,-1,-1
43,7,528,236,27,38,1,2,-1,-1
43,8,894,281,42,117,1,1,-1,-1
43,11,640,407,55,103,1,2,-1,-1
43,12,664,381,54,71,1,10,-1,-1
43,17,793,181,27,46,1,10,-1,-1
43,27,756,204,26,66,1,1,-1,-1
43,30,545,268,31,72,1,1,-1,-1
43,45,666,213,18,75,1,1,-1,-1
44,1,1224,468,89,120,1,10,-1,-1
44,2,1237,443,47,90,1,2,-1,-1
44,4,743,208,24,75,1,1,-1,-1
44,5,693,204,32,79,1,1,-1,-1
44,7,524,238,27,38,1,2,-1,-1
44,8,895,286,43,118,1,1,-1,-1
44,11,637,413,55,105,1,2,-1,-1
44,12,661,387,54,71,1,10,-1,-1
44,17,794,183,27,46,1,10,-1,-1
44,27,754,206,26,65,1,1,-1,-1
44,30,540,270,32,73,1,1,-1,-1
44,45,664,215,18,76,1,1,-1,-1
45,1,1224,467,88,120,1,10,-1,-1
45,2,1236,443,47,90,1,2,-1,-1
45,4,741,209,24,76,1,1,-1,-1
45,5,687,205,31,80,1,1,-1,-1
45,7,520,239,27,38,1,2,-1,-1
45,8,896,291,44,120,1,1,-1,-1
45,11,635,419,55,107,1,2,-1,-1
45,12,658,394,55,71,1,10,-1,-1
45,17,790,179,27,50,1,10,-1,-1
45,27,752,208,26,64,1,1,-1,-1
45,30,535,271,32,74,1,1,-1,-1
45,45,663,218,18,76,1,1,-1,-1
46,1,1224,467,88,119,1,10,-1,-1
46,2,1236,444,47,90,1,2,-1,-1
46,4,739,210,24,77,1,1,-1,-1
46,5,682,207,30,80,1,1,-1,-1
46,7,516,241,27,38,1,2,-1,-1
46,8,894,294,45,121,1,1,-1,-1
46,12,650,398,58,72,1,10,-1,-1
46,17,786,176,27,53,1,10,-1,-1
46,23,720,233,19,58,1,1,-1,-1
46,27,750,210,27,63,1,1,-1,-1
46,30,531,273,32,75,1,1,-1,-1
46,45,656,219,19,77,1,1,-1,-1
47,1,1216,466,87,119,1,10,-1,-1
47,2,1227,443,47,90,1,2,-1,-1
47,4,733,212,24,77,1,1,-1,-1
47,5,677,209,29,80,1,1,-1,-1
47,7,507,242,27,38,1,2,-1,-1
47,8,892,297,46,123,1,1,-1,-1
47,12,643,403,59,74,1,10,-1,-1
47,17,781,177,24,53,1,10,-1,-1
47,23,713,234,20,58,1,1,-1,-1
47,25,623,433,56,110,1,2,-1,-1
47,27,745,212,26,62,1,1,-1,-1
47,30,520,276,32,76,1,1,-1,-1
47,45,649,221,20,77,1,1,-1,-1
48,1,1208,465,87,119,1,10,-1,-1
48,2,1219,442,47,90,1,2,-1,-1
48,4,740,214,25,62,1,1,-1,-1
48,5,672,211,28,80,1,1,-1,-1
48,7,498,244,27,37,1,2,-1,-1
48,12,637,409,59,76,1,10,-1,-1
48,17,776,178,22,54,1,10,-1,-1
48,23,707,235,20,58,1,1,-1,-1
48,25,616,441,57,112,1,2,-1,-1
48,30,510,279,32,77,1,1,-1,-1
49,1,1200,464,87,119,1,10,-1,-1
49,2,1211,441,47,90,1,2,-1,-1
49,5,664,212,29,81,1,1,-1,-1
49,7,490,245,27,38,1,2,-1,-1
49,17,767,180,25,48,1,2,-1,-1
49,23,699,237,20,58,1,1,-1,-1
49,25,609,449,58,115,1,2,-1,-1
49,30,500,282,31,78,1,1,-1,-1
49,31,886,304,47,126,1,1,-1,-1
49,48,718,216,25,79,1,1,-1,-1
49,58,634,224,21,79,1,1,-1,-1
50,1,1193,463,86,119,1,10,-1,-1
50,2,1203,440,47,91,1,2,-1,-1
50,5,657,214,29,81,1,1,-1,-1
50,7,481,247,27,37,1,2,-1,-1
50,17,759,182,24,47,1,2,-1,-1
50,23,691,239,20,58,1,1,-1,-1
50,25,603,456,59,117,1,2,-1,-1
50,30,490,285,31,79,1,1,-1,-1
50,31,882,308,48,127,1,1,-1,-1
50,37,624,420,61,80,1,10,-1,-1
50,48,709,219,25,79,1,1,-1,-1
50,58,626,226,21,79,1,1,-1,-1
51,1,1192,436,83,113,1,2,-1,-1
51,2,1202,440,46,90,1,2,-1,-1
51,5,650,216,29,82,1,1,-1,-1
51,7,472,248,27,37,1,2,-1,-1
51,17,751,185,24,45,1,2,-1,-1
51,23,684,241,20,58,1,1,-1,-1
51,25,598,463,59,119,1,2,-1,-1
51,31,879,312,50,129,1,1,-1,-1
51,37,617,425,62,82,1,10,-1,-1
51,48,718,220,24,65,1,1,-1,-1
51,58,618,228,21,80,1,1,-1,-1
52,1,1190,436,83,111,1,2,-1,-1
52,2,1212,431,39,77,1,2,-1,-1
52,5,644,218,29,82,1,1,-1,-1
52,7,464,250,27,37,1,2,-1,-1
52,17,749,187,24,45,1,2,-1,-1
52,23,681,243,20,57,1,1,-1,-1
52,25,593,470,59,121,1,2,-1,-1
52,31,877,317,51,131,1,1,-1,-1
52,37,611,431,63,84,1,10,-1,-1
52,48,716,221,24,67,1,1,-1,-1
52,58,614,230,21,80,1,1,-1,-1
53,1,1187,435,83,110,1,2,-1,-1
53,2,1200,440,46,89,1,2,-1,-1
53,5,638,220,29,83,1,1,-1,-1
53,7,462,252,27,37,1,2,-1,-1
53,17,744,202,24,46,1,2,-1,-1
53,23,678,245,21,57,1,1,-1,-1
53,25,588,477,59,123,1,2,-1,-1
53,31,880,323,52,132,1,1,-1,-1
53,37,609,438,65,86,1,10,-1,-1
53,48,714,223,24,69,1,1,-1,-1
53,49,467,296,34,78,1,1,-1,-1
53,58,610,233,22,80,1,1,-1,-1
54,1,1193,462,78,116,1,10,-1,-1
54,2,1199,440,46,89,1,2,-1,-1
54,5,636,222,30,83,1,1,-1,-1
54,7,460,255,27,37,1,2,-1,-1
54,17,743,213,24,40,1,10,-1,-1
54,23,675,247,21,57,1,1,-1,-1
54,25,586,486,59,121,1,2,-1,-1
54,31,883,329,53,134,1,1,-1,-1
54,37,608,445,66,88,1,10,-1,-1
54,48,712,225,24,70,1,1,-1,-1
54,49,465,299,35,78,1,1,-1,-1
55,1,1183,435,83,106,1,2,-1,-1
55,2,1198,441,46,88,1,2,-1,-1
55,5,635,224,30,84,1,1,-1,-1
55,7,458,257,27,37,1,2,-1,-1
55,17,741,216,24,40,1,10,-1,-1
55,23,673,249,21,57,1,1,-1,-1
55,25,584,495,59,119,1,2,-1,-1
55,31,886,336,54,134,1,1,-1,-1
55,37,607,452,67,90,1,10,-1,-1
55,49,463,302,37,79,1,1,-1,-1
56,1,1186,435,83,108,1,2,-1,-1
56,2,1199,441,46,89,1,2,-1,-1
56,5,635,226,30,85,1,1,-1,-1
56,7,456,260,27,37,1,2,-1,-1
56,17,741,220,24,39,1,10,-1,-1
56,23,673,252,21,57,1,1,-1,-1
56,25,584,504,61,123,1,2,-1,-1
56,31,889,342,55,136,1,1,-1,-1
56,37,607,458,66,92,1,10,-1,-1
56,49,461,305,38,79,1,1,-1,-1
57,1,1189,435,84,110,1,2,-1,-1
57,2,1200,442,46,90,1,2,-1,-1
57,5,635,228,31,86,1,1,-1,-1
57,7,454,262,27,37,1,2,-1,-1
57,17,745,201,24,48,1,2,-1,-1
57,23,673,255,21,57,1,1,-1,-1
57,25,585,514,63,126,1,2,-1,-1
57,31,893,349,55,137,1,1,-1,-1
57,37,607,464,66,94,1,10,-1,-1
57,49,459,308,40,80,1,1,-1,-1
58,1,1193,466,82,117,1,10,-1,-1
58,2,1201,443,47,91,1,2,-1,-1
58,5,636,231,31,86,1,1,-1,-1
58,7,452,265,27,37,1,2,-1,-1
58,17,746,205,25,48,1,2,-1,-1
58,23,673,258,21,57,1,1,-1,-1
58,25,586,524,65,130,1,2,-1,-1
58,31,898,358,55,137,1,1,-1,-1
58,37,610,470,67,95,1,10,-1,-1
58,49,458,312,41,80,1,1,-1,-1
