1,114,1331.00,697.00,29.00,55.00,1,1,-1,-1
1,113,1118.00,25.00,17.00,40.00,1,1,-1,-1
1,112,97.00,19.00,156.00,62.00,1,4,-1,-1
1,111,124.00,682.00,96.00,105.00,1,10,-1,-1
1,110,1071.00,281.00,30.00,97.00,1,1,-1,-1
1,109,1187.00,871.00,49.00,99.00,1,1,-1,-1
1,108,1143.00,760.00,43.00,67.00,1,2,-1,-1
1,107,815.00,492.00,27.00,56.00,1,1,-1,-1
1,106,1100.00,203.00,14.00,39.00,1,1,-1,-1
1,105,754.00,330.00,171.00,99.00,1,7,-1,-1
1,104,1373.00,701.00,19.00,45.00,1,1,-1,-1
1,103,1074.00,185.00,18.00,31.00,1,1,-1,-1
1,102,1018.00,801.00,30.00,48.00,1,1,-1,-1
1,101,755.00,365.00,113.00,78.00,1,7,-1,-1
1,100,399.00,636.00,36.00,73.00,1,1,-1,-1
1,99,1043.00,844.00,30.00,54.00,1,1,-1,-1
1,98,1059.00,43.00,25.00,42.00,1,1,-1,-1
1,97,1156.00,514.00,211.00,120.00,1,4,-1,-1
1,96,1092.00,61.00,11.00,25.00,1,1,-1,-1
1,95,651.00,-4.00,90.00,47.00,1,4,-1,-1
1,94,994.00,298.00,37.00,74.00,1,1,-1,-1
1,93,972.00,310.00,16.00,52.00,1,1,-1,-1
1,92,1284.00,680.00,22.00,42.00,1,1,-1,-1
1,91,1341.00,56.00,24.00,50.00,1,1,-1,-1
1,90,1039.00,318.00,17.00,33.00,1,1,-1,-1
1,89,1064.00,103.00,25.00,48.00,1,1,-1,-1
1,88,1048.00,556.00,95.00,102.00,1,7,-1,-1
1,87,988.00,763.00,60.00,100.00,1,1,-1,-1
1,86,932.00,294.00,26.00,84.00,1,1,-1,-1
1,85,1094.00,737.00,23.00,54.00,1,1,-1,-1
1,84,722.00,338.00,132.00,92.00,1,7,-1,-1
1,83,870.00,251.00,45.00,42.00,1,7,-1,-1
1,82,1355.00,711.00,45.00,74.00,1,1,-1,-1
1,81,1019.00,719.00,21.00,38.00,1,1,-1,-1
1,80,1398.00,795.00,29.00,65.00,1,1,-1,-1
1,79,1033.00,822.00,51.00,94.00,1,1,-1,-1
1,78,1475.00,756.00,29.00,61.00,1,2,-1,-1
1,77,1026.00,135.00,11.00,14.00,1,1,-1,-1
1,76,1104.00,63.00,12.00,29.00,1,1,-1,-1
1,75,914.00,262.00,14.00,33.00,1,1,-1,-1
1,74,889.00,244.00,19.00,32.00,1,2,-1,-1
1,73,1109.00,792.00,71.00,80.00,1,10,-1,-1
1,72,762.00,321.00,51.00,74.00,1,2,-1,-1
1,71,1513.00,760.00,52.00,124.00,1,2,-1,-1
1,70,1316.00,666.00,41.00,108.00,1,1,-1,-1
1,69,334.00,671.00,41.00,66.00,1,1,-1,-1
1,68,1312.00,188.00,21.00,50.00,1,1,-1,-1
1,67,1211.00,540.00,186.00,106.00,1,4,-1,-1
1,66,1118.00,476.00,25.00,68.00,1,1,-1,-1
1,65,1037.00,177.00,13.00,22.00,1,1,-1,-1
1,64,1520.00,769.00,54.00,123.00,1,2,-1,-1
1,63,637.00,213.00,32.00,45.00,1,10,-1,-1
1,62,1177.00,515.00,185.00,105.00,1,4,-1,-1
1,61,61.00,525.00,37.00,69.00,1,2,-1,-1
1,60,661.00,11.00,63.00,33.00,1,4,-1,-1
1,59,1024.00,181.00,23.00,40.00,1,1,-1,-1
1,58,948.00,312.00,24.00,59.00,1,1,-1,-1
1,57,1507.00,759.00,34.00,71.00,1,2,-1,-1
1,56,1390.00,687.00,27.00,77.00,1,1,-1,-1
1,55,1366.00,625.00,33.00,61.00,1,1,-1,-1
1,54,1345.00,673.00,28.00,73.00,1,1,-1,-1
1,53,1318.00,176.00,19.00,46.00,1,1,-1,-1
1,52,1313.00,735.00,34.00,77.00,1,1,-1,-1
1,51,1308.00,670.00,34.00,65.00,1,1,-1,-1
1,50,1298.00,67.00,21.00,43.00,1,1,-1,-1
1,49,1297.00,140.00,22.00,46.00,1,1,-1,-1
1,48,1290.00,729.00,24.00,83.00,1,1,-1,-1
1,47,1269.00,634.00,33.00,59.00,1,2,-1,-1
1,46,1192.00,882.00,42.00,85.00,1,1,-1,-1
1,45,1173.00,519.00,204.00,116.00,1,4,-1,-1
1,44,1152.00,772.00,41.00,64.00,1,2,-1,-1
1,43,1139.00,309.00,32.00,70.00,1,1,-1,-1
1,42,1126.00,900.00,45.00,82.00,1,1,-1,-1
1,41,1105.00,739.00,32.00,76.00,1,1,-1,-1
1,40,1097.00,544.00,33.00,57.00,1,2,-1,-1
1,39,1097.00,449.00,29.00,79.00,1,1,-1,-1
1,38,1088.00,176.00,57.00,84.00,1,5,-1,-1
1,37,1084.00,305.00,48.00,71.00,1,7,-1,-1
1,36,1084.00,23.00,14.00,34.00,1,1,-1,-1
1,35,1077.00,426.00,30.00,77.00,1,1,-1,-1
1,34,1058.00,725.00,34.00,80.00,1,1,-1,-1
1,33,1056.00,298.00,21.00,67.00,1,1,-1,-1
1,32,1041.00,557.00,95.00,102.00,1,7,-1,-1
1,31,1033.00,142.00,22.00,39.00,1,1,-1,-1
1,30,1019.00,208.00,17.00,39.00,1,1,-1,-1
1,29,1014.00,111.00,18.00,35.00,1,1,-1,-1
1,28,1009.00,697.00,41.00,74.00,1,1,-1,-1
1,27,1003.00,783.00,38.00,61.00,1,1,-1,-1
1,26,1001.00,318.00,27.00,54.00,1,1,-1,-1
1,25,995.00,226.00,17.00,33.00,1,1,-1,-1
1,24,992.00,141.00,15.00,34.00,1,1,-1,-1
1,23,974.00,313.00,23.00,51.00,1,1,-1,-1
1,22,955.00,287.00,20.00,66.00,1,1,-1,-1
1,21,949.00,255.00,24.00,66.00,1,1,-1,-1
1,20,933.00,254.00,25.00,73.00,1,1,-1,-1
1,19,916.00,311.00,27.00,69.00,1,1,-1,-1
1,18,884.00,159.00,77.00,76.00,1,5,-1,-1
1,17,849.00,495.00,22.00,66.00,1,1,-1,-1
1,16,726.00,225.00,39.00,54.00,1,2,-1,-1
1,15,662.00,0.00,67.00,35.00,1,4,-1,-1
1,14,653.00,211.00,24.00,36.00,1,2,-1,-1
1,13,651.00,217.00,31.00,44.00,1,10,-1,-1
1,12,425.00,16.00,58.00,49.00,1,4,-1,-1
1,11,388.00,674.00,24.00,54.00,1,1,-1,-1
1,10,388.00,640.00,40.00,80.00,1,1,-1,-1
1,9,353.00,670.00,53.00,85.00,1,1,-1,-1
1,8,171.00,483.00,41.00,70.00,1,2,-1,-1
1,7,132.00,474.00,36.00,73.00,1,1,-1,-1
1,6,125.00,680.00,67.00,72.00,1,2,-1,-1
1,5,119.00,43.00,133.00,53.00,1,4,-1,-1
1,4,74.00,504.00,39.00,73.00,1,2,-1,-1
1,3,55.00,525.00,34.00,75.00,1,1,-1,-1
1,2,0.00,293.00,169.00,110.00,1,4,-1,-1
2,172,1048.00,322.00,20.00,64.00,1,1,-1,-1
2,171,1150.00,325.00,30.00,66.00,1,1,-1,-1
2,170,1006.00,88.00,15.00,29.00,1,1,-1,-1
2,169,1093.00,83.00,13.00,22.00,1,1,-1,-1
2,168,958.00,409.00,59.00,86.00,1,7,-1,-1
2,167,1137.00,892.00,41.00,75.00,1,1,-1,-1
2,166,982.00,544.00,49.00,86.00,1,1,-1,-1
2,165,994.00,96.00,18.00,23.00,1,1,-1,-1
2,164,981.00,132.00,18.00,50.00,1,1,-1,-1
2,163,1087.00,145.00,75.00,111.00,1,5,-1,-1
2,162,1016.00,184.00,14.00,29.00,1,1,-1,-1
2,161,795.00,343.00,22.00,32.00,1,2,-1,-1
2,160,872.00,498.00,20.00,55.00,1,1,-1,-1
2,159,893.00,297.00,13.00,28.00,1,1,-1,-1
2,158,1146.00,904.00,45.00,88.00,1,1,-1,-1
2,157,945.00,268.00,16.00,49.00,1,1,-1,-1
2,156,973.00,277.00,16.00,45.00,1,1,-1,-1
2,155,1374.00,656.00,39.00,92.00,1,1,-1,-1
2,154,1459.00,676.00,23.00,40.00,1,1,-1,-1
2,153,-21.00,286.00,228.00,165.00,1,4,-1,-1
2,152,1075.00,115.00,13.00,25.00,1,1,-1,-1
2,151,726.00,264.00,34.00,47.00,1,2,-1,-1
2,150,997.00,130.00,16.00,35.00,1,1,-1,-1
2,149,912.00,507.00,29.00,67.00,1,1,-1,-1
2,148,1454.00,682.00,17.00,29.00,1,1,-1,-1
2,147,992.00,345.00,36.00,87.00,1,1,-1,-1
2,146,1059.00,111.00,15.00,40.00,1,1,-1,-1
2,145,1131.00,318.00,30.00,66.00,1,1,-1,-1
2,144,1129.00,289.00,33.00,72.00,1,1,-1,-1
2,143,1422.00,628.00,34.00,75.00,1,1,-1,-1
2,142,1149.00,315.00,22.00,48.00,1,1,-1,-1
2,141,1025.00,449.00,31.00,43.00,1,2,-1,-1
2,140,886.00,205.00,71.00,66.00,1,7,-1,-1
2,139,1003.00,128.00,18.00,23.00,1,1,-1,-1
2,138,49.00,308.00,77.00,56.00,1,4,-1,-1
2,137,1558.00,753.00,25.00,52.00,1,2,-1,-1
2,136,1007.00,222.00,17.00,37.00,1,1,-1,-1
2,135,888.00,319.00,32.00,81.00,1,1,-1,-1
2,134,1590.00,797.00,35.00,90.00,1,2,-1,-1
2,133,1550.00,790.00,41.00,92.00,1,2,-1,-1
2,132,1464.00,847.00,46.00,80.00,1,1,-1,-1
2,131,1460.00,669.00,34.00,58.00,1,1,-1,-1
2,130,1436.00,653.00,25.00,55.00,1,1,-1,-1
2,129,1432.00,766.00,35.00,88.00,1,1,-1,-1
2,128,1410.00,645.00,21.00,56.00,1,1,-1,-1
2,127,1303.00,181.00,19.00,46.00,1,1,-1,-1
2,126,1140.00,218.00,24.00,51.00,1,1,-1,-1
2,125,1116.00,218.00,22.00,62.00,1,1,-1,-1
2,124,1074.00,86.00,18.00,43.00,1,1,-1,-1
2,123,1058.00,137.00,13.00,39.00,1,1,-1,-1
2,122,1007.00,98.00,21.00,27.00,1,1,-1,-1
2,121,987.00,408.00,52.00,76.00,1,7,-1,-1
2,120,979.00,333.00,26.00,57.00,1,1,-1,-1
2,119,964.00,771.00,45.00,76.00,1,1,-1,-1
2,118,902.00,498.00,30.00,70.00,1,1,-1,-1
2,117,891.00,323.00,26.00,56.00,1,1,-1,-1
2,116,871.00,476.00,28.00,70.00,1,1,-1,-1
2,115,0.00,299.00,153.00,111.00,1,4,-1,-1
2,112,90.82,27.08,172.37,68.84,1,4,-1,-1
2,108,1140.98,760.04,46.05,71.92,1,2,-1,-1
2,101,720.95,363.05,140.10,96.90,1,7,-1,-1
2,88,1014.07,555.95,128.86,138.09,1,7,-1,-1
2,86,939.69,284.19,21.62,59.63,1,1,-1,-1
2,84,762.40,345.53,111.20,69.93,1,7,-1,-1
2,82,1360.03,683.22,44.94,87.56,1,1,-1,-1
2,80,1399.00,779.02,41.00,91.95,1,1,-1,-1
2,74,877.69,240.23,26.62,31.54,1,2,-1,-1
2,73,1091.10,804.90,85.80,96.20,1,10,-1,-1
2,71,1511.99,788.98,39.02,93.04,1,2,-1,-1
2,69,335.90,659.19,55.20,89.63,1,1,-1,-1
2,65,1038.92,174.15,20.16,34.71,1,1,-1,-1
2,60,663.83,10.08,54.33,28.83,1,4,-1,-1
2,57,1499.89,749.24,34.23,72.51,1,2,-1,-1
2,56,1392.00,693.00,27.00,77.00,1,1,-1,-1
2,55,1367.00,630.00,33.00,61.00,1,1,-1,-1
2,53,1318.00,178.00,19.00,46.00,1,1,-1,-1
2,52,1314.00,741.00,34.00,77.00,1,1,-1,-1
2,51,1311.00,675.00,34.00,65.00,1,1,-1,-1
2,49,1293.01,154.98,23.98,50.04,1,1,-1,-1
2,48,1291.00,734.00,24.00,83.00,1,1,-1,-1
2,47,1260.23,610.62,35.55,61.77,1,2,-1,-1
2,46,1194.24,890.53,42.52,83.93,1,1,-1,-1
2,45,1173.91,523.05,205.18,116.90,1,4,-1,-1
2,43,1139.00,312.00,32.00,70.00,1,1,-1,-1
2,42,1116.01,893.02,61.99,112.97,1,1,-1,-1
2,41,1116.30,717.34,36.40,83.33,1,1,-1,-1
2,38,1092.06,174.93,70.89,104.13,1,5,-1,-1
2,36,1077.00,-1.99,20.99,50.99,1,1,-1,-1
2,32,1041.01,561.99,95.98,103.02,1,7,-1,-1
2,31,1031.93,142.12,22.13,39.76,1,1,-1,-1
2,30,1018.00,209.00,17.00,39.00,1,1,-1,-1
2,29,1013.00,112.00,18.00,35.00,1,1,-1,-1
2,27,984.64,783.62,43.73,72.75,1,1,-1,-1
2,25,993.94,226.12,17.12,33.76,1,1,-1,-1
2,24,991.00,142.00,15.00,34.00,1,1,-1,-1
2,23,973.00,317.01,32.00,70.97,1,1,-1,-1
2,21,948.00,257.00,24.00,66.00,1,1,-1,-1
2,20,931.92,257.23,24.16,71.54,1,1,-1,-1
2,19,915.00,314.00,27.00,69.00,1,1,-1,-1
2,17,852.66,467.44,35.68,84.13,1,1,-1,-1
2,16,728.94,232.17,58.11,61.65,1,2,-1,-1
2,14,658.00,206.00,24.00,36.00,1,2,-1,-1
2,13,656.08,211.88,30.83,43.24,1,10,-1,-1
2,12,423.00,16.00,58.00,49.00,1,4,-1,-1
2,10,389.00,647.00,40.00,80.00,1,1,-1,-1
2,7,128.00,477.00,36.00,73.00,1,1,-1,-1
2,6,135.89,672.12,67.22,72.76,1,2,-1,-1
2,5,130.06,31.98,135.88,54.05,1,4,-1,-1
2,3,45.12,529.74,34.76,75.51,1,1,-1,-1
2,2,-4.28,294.62,172.56,118.77,1,4,-1,-1
3,218,933.00,283.00,20.00,46.00,1,1,-1,-1
3,217,37.00,543.00,31.00,64.00,1,1,-1,-1
3,216,830.00,516.00,16.00,33.00,1,1,-1,-1
3,215,664.00,217.00,15.00,22.00,1,2,-1,-1
3,214,1072.00,143.00,13.00,30.00,1,1,-1,-1
3,213,1052.00,825.00,56.00,102.00,1,1,-1,-1
3,212,1303.00,46.00,29.00,59.00,1,1,-1,-1
3,211,1039.00,204.00,12.00,28.00,1,1,-1,-1
3,210,120.00,85.00,105.00,50.00,1,4,-1,-1
3,209,1041.00,135.00,14.00,25.00,1,1,-1,-1
3,208,1198.00,952.00,33.00,64.00,1,1,-1,-1
3,207,1042.00,205.00,24.00,43.00,1,1,-1,-1
3,206,1087.00,24.00,20.00,46.00,1,1,-1,-1
3,205,1061.00,173.00,17.00,37.00,1,1,-1,-1
3,204,1458.00,878.00,59.00,103.00,1,1,-1,-1
3,203,1060.00,14.00,15.00,34.00,1,1,-1,-1
3,202,1083.00,53.00,24.00,40.00,1,1,-1,-1
3,201,889.00,295.00,30.00,71.00,1,1,-1,-1
3,200,1330.00,177.00,13.00,33.00,1,1,-1,-1
3,199,1102.00,222.00,17.00,47.00,1,1,-1,-1
3,198,659.00,189.00,16.00,24.00,1,2,-1,-1
3,197,1336.00,188.00,17.00,41.00,1,1,-1,-1
3,196,1091.00,548.00,40.00,69.00,1,2,-1,-1
3,195,375.00,696.00,26.00,60.00,1,1,-1,-1
3,194,824.00,537.00,23.00,60.00,1,1,-1,-1
3,193,927.00,309.00,17.00,41.00,1,1,-1,-1
3,192,929.00,233.00,19.00,57.00,1,1,-1,-1
3,191,806.00,353.00,21.00,31.00,1,2,-1,-1
3,190,1087.00,50.00,21.00,49.00,1,1,-1,-1
3,189,913.00,293.00,21.00,50.00,1,1,-1,-1
3,188,1254.00,637.00,44.00,78.00,1,2,-1,-1
3,187,1131.00,228.00,33.00,69.00,1,1,-1,-1
3,186,1291.00,750.00,26.00,89.00,1,1,-1,-1
3,185,1114.00,175.00,40.00,59.00,1,5,-1,-1
3,184,826.00,482.00,41.00,82.00,1,1,-1,-1
3,183,1242.00,634.00,33.00,56.00,1,2,-1,-1
3,182,1133.00,799.00,38.00,66.00,1,2,-1,-1
3,181,1078.00,70.00,18.00,30.00,1,1,-1,-1
3,180,1067.00,144.00,13.00,35.00,1,1,-1,-1
3,179,914.00,288.00,23.00,55.00,1,1,-1,-1
3,178,910.00,750.00,39.00,70.00,1,1,-1,-1
3,177,906.00,280.00,23.00,53.00,1,1,-1,-1
3,176,846.00,474.00,32.00,63.00,1,1,-1,-1
3,175,844.00,504.00,25.00,65.00,1,1,-1,-1
3,174,779.00,353.00,35.00,51.00,1,2,-1,-1
3,173,389.00,689.00,24.00,55.00,1,1,-1,-1
3,162,1008.39,165.29,22.22,42.42,1,1,-1,-1
3,158,1130.37,915.32,44.27,83.37,1,1,-1,-1
3,155,1372.98,685.01,30.03,70.97,1,1,-1,-1
3,146,1054.57,112.81,15.86,35.37,1,1,-1,-1
3,135,892.49,339.88,26.02,60.23,1,1,-1,-1
3,132,1439.03,825.99,67.95,118.03,1,1,-1,-1
3,129,1441.99,763.00,27.02,68.00,1,1,-1,-1
3,127,1296.01,186.99,23.99,58.01,1,1,-1,-1
3,126,1141.00,219.00,24.00,51.00,1,1,-1,-1
3,125,1117.04,218.88,21.92,61.24,1,1,-1,-1
3,124,1074.00,87.00,18.00,43.00,1,1,-1,-1
3,122,1006.00,99.00,21.00,27.00,1,1,-1,-1
3,119,974.92,783.10,32.15,54.80,1,1,-1,-1
3,117,890.13,285.17,39.73,93.67,1,1,-1,-1
3,111,143.09,662.91,104.82,114.19,1,10,-1,-1
3,101,740.45,359.49,121.28,83.26,1,7,-1,-1
3,93,973.86,313.93,21.27,55.13,1,1,-1,-1
3,80,1398.60,778.93,42.63,95.62,1,1,-1,-1
3,79,1032.06,828.89,44.89,82.22,1,1,-1,-1
3,74,871.60,218.96,51.09,54.79,1,2,-1,-1
3,72,754.90,336.14,46.20,67.71,1,2,-1,-1
3,68,1310.92,169.20,27.16,65.60,1,1,-1,-1
3,65,1038.81,174.42,21.04,36.45,1,1,-1,-1
3,61,61.48,523.08,36.05,71.85,1,2,-1,-1
3,58,936.83,319.44,29.34,74.13,1,1,-1,-1
3,56,1394.94,699.00,27.00,77.00,1,1,-1,-1
3,54,1351.00,681.00,28.00,73.00,1,1,-1,-1
3,53,1318.94,180.00,19.00,46.00,1,1,-1,-1
3,52,1301.62,729.15,39.11,102.35,1,1,-1,-1
3,51,1314.00,680.00,34.00,65.00,1,1,-1,-1
3,50,1298.00,70.00,21.00,43.00,1,1,-1,-1
3,48,1292.00,739.94,24.00,83.00,1,1,-1,-1
3,46,1197.17,899.50,42.59,82.95,1,1,-1,-1
3,45,1174.83,527.10,206.34,117.80,1,4,-1,-1
3,43,1141.65,301.82,30.47,67.18,1,1,-1,-1
3,41,1117.67,721.36,37.12,83.51,1,1,-1,-1
3,40,1100.00,553.00,33.00,57.00,1,2,-1,-1
3,37,1084.00,310.00,48.00,71.00,1,7,-1,-1
3,33,1056.00,302.00,21.00,67.00,1,1,-1,-1
3,32,1046.41,560.65,113.48,122.35,1,7,-1,-1
3,31,1031.88,143.01,22.13,39.93,1,1,-1,-1
3,30,1017.00,210.00,17.00,39.00,1,1,-1,-1
3,29,1012.94,113.00,18.00,35.00,1,1,-1,-1
3,28,1009.82,709.33,40.35,74.35,1,1,-1,-1
3,27,984.28,798.72,33.20,55.56,1,1,-1,-1
3,25,992.89,227.18,17.23,34.53,1,1,-1,-1
3,24,990.94,143.00,15.00,34.00,1,1,-1,-1
3,23,970.81,324.38,34.91,77.65,1,1,-1,-1
3,21,947.98,257.89,23.92,65.39,1,1,-1,-1
3,20,931.02,260.11,23.91,70.78,1,1,-1,-1
3,19,914.00,317.00,27.00,69.00,1,1,-1,-1
3,18,881.78,151.22,72.45,72.55,1,5,-1,-1
3,16,726.58,234.91,62.42,61.23,1,2,-1,-1
3,15,671.33,-7.63,64.33,35.26,1,4,-1,-1
3,14,660.92,199.24,32.87,47.99,1,2,-1,-1
3,13,661.08,206.94,30.84,43.06,1,10,-1,-1
3,11,387.96,671.09,25.08,56.83,1,1,-1,-1
3,10,390.00,654.00,40.00,80.00,1,1,-1,-1
3,9,355.66,682.57,50.68,83.86,1,1,-1,-1
3,7,124.00,480.94,36.00,73.00,1,1,-1,-1
3,6,146.89,665.01,67.21,72.93,1,2,-1,-1
3,4,59.11,512.79,39.77,73.42,1,2,-1,-1
3,3,36.17,534.52,35.54,75.96,1,1,-1,-1
4,101,745.45,362.68,115.01,78.76,1,7,-1,-1
4,80,1398.36,780.67,42.90,96.25,1,1,-1,-1
4,74,869.59,216.97,57.67,58.93,1,2,-1,-1
4,56,1389.42,717.49,26.28,74.90,1,1,-1,-1
4,53,1319.96,182.85,19.00,46.00,1,1,-1,-1
4,46,1200.19,908.48,42.57,82.00,1,1,-1,-1
4,41,1118.23,727.95,36.82,82.83,1,1,-1,-1
4,32,1042.52,569.16,105.07,113.08,1,7,-1,-1
4,31,1031.90,143.98,22.11,39.99,1,1,-1,-1
4,30,1016.85,211.00,17.00,39.00,1,1,-1,-1
4,27,967.62,794.72,41.56,70.64,1,1,-1,-1
4,24,990.27,143.79,15.52,34.43,1,1,-1,-1
4,23,961.50,326.33,33.62,75.16,1,1,-1,-1
4,20,930.12,263.66,23.72,69.53,1,1,-1,-1
4,19,910.34,322.68,28.08,67.02,1,1,-1,-1
4,16,733.47,245.54,74.23,70.00,1,2,-1,-1
4,14,659.17,193.55,35.33,50.87,1,2,-1,-1
4,13,666.82,202.79,30.20,42.21,1,10,-1,-1
4,6,157.91,657.98,67.18,72.99,1,2,-1,-1
4,3,27.28,539.33,36.35,76.34,1,1,-1,-1
5,146,1052.15,115.58,16.43,33.70,1,1,-1,-1
5,124,1071.76,73.12,23.33,56.13,1,1,-1,-1
5,101,746.58,367.02,112.61,76.50,1,7,-1,-1
5,79,1033.23,842.54,43.68,79.77,1,1,-1,-1
5,54,1349.96,697.11,23.83,60.39,1,1,-1,-1
5,46,1203.22,917.45,42.53,81.07,1,1,-1,-1
5,41,1125.80,720.77,48.16,107.39,1,1,-1,-1
5,37,1084.00,314.87,48.00,71.00,1,7,-1,-1
5,30,1016.06,212.78,17.00,39.00,1,1,-1,-1
5,27,963.31,799.73,45.17,77.57,1,1,-1,-1
5,24,990.05,144.74,15.76,34.52,1,1,-1,-1
5,23,952.53,305.12,34.01,75.80,1,1,-1,-1
5,20,929.01,267.00,23.16,68.06,1,1,-1,-1
5,6,166.26,654.65,75.60,81.28,1,2,-1,-1
5,3,18.37,544.18,37.19,76.63,1,1,-1,-1
6,177,900.68,289.93,22.48,53.03,1,1,-1,-1
6,146,1051.90,116.74,16.57,33.42,1,1,-1,-1
6,134,1603.30,824.37,37.47,91.25,1,2,-1,-1
6,133,1567.02,818.70,44.15,95.84,1,2,-1,-1
6,128,1415.80,661.98,21.14,57.79,1,1,-1,-1
6,121,994.69,424.72,46.84,67.06,1,7,-1,-1
6,116,869.14,499.22,27.98,69.68,1,1,-1,-1
6,101,746.23,370.97,112.27,75.95,1,7,-1,-1
6,73,1127.43,822.11,47.27,72.18,1,10,-1,-1
6,46,1206.24,926.42,42.49,80.13,1,1,-1,-1
6,41,1121.91,731.51,51.92,116.08,1,1,-1,-1
6,27,962.78,808.01,46.26,80.51,1,1,-1,-1
6,23,948.34,300.57,28.65,68.12,1,1,-1,-1
6,20,928.06,270.81,22.85,66.98,1,1,-1,-1
6,6,175.77,647.99,78.78,83.84,1,2,-1,-1
6,3,9.45,549.07,38.06,76.86,1,1,-1,-1
7,256,1066.97,488.50,29.04,66.98,1,1,-1,-1
7,250,1111.14,830.11,76.28,85.40,1,10,-1,-1
7,233,1504.95,762.41,31.35,66.80,1,2,-1,-1
7,225,1006.89,341.04,25.00,61.00,1,1,-1,-1
7,223,989.96,115.00,16.00,34.00,1,1,-1,-1
7,220,756.71,363.85,115.48,67.00,1,7,-1,-1
7,193,913.09,325.27,23.16,57.59,1,1,-1,-1
7,180,1065.77,150.34,12.52,34.59,1,1,-1,-1
7,146,1051.11,117.83,16.67,33.25,1,1,-1,-1
7,134,1606.36,834.87,42.19,101.01,1,2,-1,-1
7,133,1571.83,827.70,44.71,94.30,1,2,-1,-1
7,128,1418.52,667.07,21.18,58.37,1,1,-1,-1
7,121,987.54,421.20,59.65,85.72,1,7,-1,-1
7,101,746.08,375.03,112.07,75.32,1,7,-1,-1
7,73,1123.95,819.46,50.16,79.47,1,10,-1,-1
7,51,1329.90,701.05,32.96,63.18,1,1,-1,-1
7,46,1210.93,939.94,43.41,80.80,1,1,-1,-1
7,45,1203.48,550.77,192.82,109.97,1,4,-1,-1
7,29,1011.73,117.11,17.59,34.77,1,1,-1,-1
7,28,1011.77,735.11,40.15,75.47,1,1,-1,-1
7,23,947.47,302.74,25.71,62.85,1,1,-1,-1
7,21,944.80,271.05,24.01,65.92,1,1,-1,-1
7,20,927.12,274.02,22.66,66.03,1,1,-1,-1
7,7,103.88,498.59,37.16,73.80,1,1,-1,-1
7,6,185.90,640.57,79.83,84.07,1,2,-1,-1
8,278,1104.02,475.74,30.00,79.51,1,1,-1,-1
8,276,1057.52,143.05,19.65,41.02,1,1,-1,-1
8,275,993.93,315.49,34.37,72.45,1,1,-1,-1
8,274,996.00,562.00,43.00,76.00,1,1,-1,-1
8,251,141.24,506.79,50.06,78.17,1,2,-1,-1
8,250,1107.22,846.92,87.70,98.16,1,10,-1,-1
8,225,1006.09,343.03,25.00,61.00,1,1,-1,-1
8,223,989.19,116.00,16.00,34.00,1,1,-1,-1
8,193,911.51,332.77,25.99,65.16,1,1,-1,-1
8,180,1065.80,152.19,12.27,34.45,1,1,-1,-1
8,174,766.62,362.24,54.46,61.58,1,2,-1,-1
8,128,1422.23,672.77,21.19,58.71,1,1,-1,-1
8,121,1002.95,433.54,57.35,82.67,1,7,-1,-1
8,112,112.40,49.73,127.07,50.37,1,4,-1,-1
8,51,1329.76,699.77,33.57,69.29,1,1,-1,-1
8,29,1011.20,118.06,17.73,34.88,1,1,-1,-1
8,28,1012.65,742.49,40.28,76.80,1,1,-1,-1
8,21,944.03,273.99,24.01,65.95,1,1,-1,-1
8,20,927.01,294.51,22.27,61.58,1,1,-1,-1
8,13,688.37,184.07,29.50,39.93,1,10,-1,-1
8,7,98.18,523.07,39.46,77.72,1,1,-1,-1
8,6,196.39,633.10,79.86,83.20,1,2,-1,-1
9,355,1526.32,827.64,67.37,124.93,1,1,-1,-1
9,324,1144.68,965.18,43.48,81.64,1,1,-1,-1
9,317,353.76,695.55,59.86,103.79,1,1,-1,-1
9,288,1059.68,832.81,42.74,86.17,1,1,-1,-1
9,276,1057.99,144.80,19.56,40.30,1,1,-1,-1
9,225,1005.87,345.77,25.00,61.00,1,1,-1,-1
9,223,988.96,117.00,16.00,34.00,1,1,-1,-1
9,128,1426.23,678.68,21.18,58.90,1,1,-1,-1
9,121,992.54,431.39,57.25,82.60,1,7,-1,-1
9,112,110.95,50.72,126.46,49.93,1,4,-1,-1
9,51,1325.08,717.74,40.66,82.21,1,1,-1,-1
9,48,1301.00,766.16,23.99,82.83,1,1,-1,-1
9,29,1010.84,119.11,17.46,34.77,1,1,-1,-1
9,28,1014.26,750.66,40.47,78.69,1,1,-1,-1
9,24,988.08,148.67,16.67,34.67,1,1,-1,-1
9,21,943.10,276.97,24.01,65.98,1,1,-1,-1
9,13,693.88,173.30,27.12,37.73,1,10,-1,-1
9,6,222.78,624.29,80.27,84.64,1,2,-1,-1
10,366,1332.23,796.51,35.15,79.42,1,1,-1,-1
10,361,864.92,233.65,58.11,53.54,1,7,-1,-1
10,324,1146.91,973.23,43.23,81.55,1,1,-1,-1
10,282,1459.03,831.18,39.93,93.19,1,1,-1,-1
10,276,1058.30,145.96,19.97,40.21,1,1,-1,-1
10,225,1005.11,348.00,25.00,61.00,1,1,-1,-1
10,128,1428.91,689.79,19.11,53.63,1,1,-1,-1
10,121,988.70,432.68,57.20,82.86,1,7,-1,-1
10,120,976.65,347.21,23.47,55.52,1,1,-1,-1
10,116,858.23,515.66,35.53,83.54,1,1,-1,-1
10,112,109.63,51.17,126.49,50.07,1,4,-1,-1
10,48,1302.81,779.00,23.99,82.88,1,1,-1,-1
10,32,1045.61,602.90,103.60,111.47,1,7,-1,-1
10,29,1010.76,120.14,17.28,34.73,1,1,-1,-1
10,28,1015.95,759.10,40.30,80.77,1,1,-1,-1
10,21,942.79,279.96,24.01,65.99,1,1,-1,-1
10,13,699.65,172.65,27.77,37.62,1,10,-1,-1
10,6,223.69,619.69,79.23,82.32,1,2,-1,-1
11,406,1256.80,675.85,33.00,56.00,1,2,-1,-1
11,398,871.88,262.37,21.78,37.96,1,2,-1,-1
11,366,1334.50,799.98,38.31,86.44,1,1,-1,-1
11,361,864.13,235.91,57.92,53.23,1,7,-1,-1
11,337,1109.74,787.86,42.46,101.71,1,1,-1,-1
11,324,1149.74,981.96,43.10,81.55,1,1,-1,-1
11,282,1447.96,838.31,47.15,107.07,1,1,-1,-1
11,276,1058.50,146.91,20.64,40.35,1,1,-1,-1
11,225,1007.03,356.75,22.78,55.33,1,1,-1,-1
11,220,726.42,383.15,152.37,93.27,1,7,-1,-1
11,134,1617.07,863.97,42.92,95.93,1,2,-1,-1
11,133,1589.10,859.15,47.35,92.10,1,2,-1,-1
11,125,1125.03,226.69,22.82,58.55,1,1,-1,-1
11,121,987.47,434.96,57.46,83.09,1,7,-1,-1
11,120,976.85,347.25,23.59,55.88,1,1,-1,-1
11,112,107.82,51.70,126.49,49.90,1,4,-1,-1
11,101,742.11,389.62,114.96,75.43,1,7,-1,-1
11,48,1306.11,789.58,23.99,82.92,1,1,-1,-1
11,45,1159.20,540.99,251.39,143.48,1,4,-1,-1
11,32,1047.27,610.00,102.95,110.84,1,7,-1,-1
11,28,1017.90,767.48,40.23,83.17,1,1,-1,-1
11,21,941.36,283.64,24.01,66.00,1,1,-1,-1
11,13,705.34,169.86,27.86,37.11,1,10,-1,-1
11,6,236.42,606.21,79.17,86.04,1,2,-1,-1
12,458,1552.15,861.54,43.59,93.34,1,2,-1,-1
12,457,1135.80,870.57,59.08,89.28,1,2,-1,-1
12,449,877.91,170.15,77.93,90.86,1,5,-1,-1
12,448,810.11,531.00,27.00,56.00,1,1,-1,-1
12,445,368.98,767.00,41.88,78.78,1,1,-1,-1
12,428,1522.20,794.28,41.16,88.56,1,2,-1,-1
12,401,1073.19,99.07,18.00,43.00,1,1,-1,-1
12,398,871.48,264.70,21.53,37.12,1,2,-1,-1
12,367,1402.99,736.79,26.33,62.85,1,1,-1,-1
12,322,1010.80,465.09,36.14,50.93,1,2,-1,-1
12,318,716.65,253.18,56.87,59.95,1,2,-1,-1
12,193,908.59,353.81,29.79,71.95,1,1,-1,-1
12,134,1621.96,868.50,42.73,94.07,1,2,-1,-1
12,121,993.72,441.04,67.78,98.08,1,7,-1,-1
12,120,976.93,348.50,23.67,56.12,1,1,-1,-1
12,48,1309.95,798.62,24.00,82.94,1,1,-1,-1
12,32,1057.22,619.62,94.67,102.21,1,7,-1,-1
12,28,1019.29,776.57,40.12,84.87,1,1,-1,-1
12,21,940.20,288.05,23.99,65.68,1,1,-1,-1
12,13,710.56,165.75,27.94,36.79,1,10,-1,-1
13,516,1528.17,933.65,61.58,106.24,1,1,-1,-1
13,500,1363.95,728.95,34.00,65.00,1,1,-1,-1
13,492,864.72,546.55,24.42,60.10,1,1,-1,-1
13,458,1556.99,869.47,43.69,92.87,1,2,-1,-1
13,457,1134.14,880.94,68.14,93.23,1,2,-1,-1
13,450,888.87,315.00,22.00,54.00,1,1,-1,-1
13,449,894.81,182.88,58.35,68.76,1,5,-1,-1
13,407,1310.24,209.14,18.63,46.02,1,1,-1,-1
13,405,1150.98,231.84,24.04,51.94,1,1,-1,-1
13,364,1171.24,851.80,46.89,74.77,1,2,-1,-1
13,322,1011.52,468.83,36.13,50.99,1,2,-1,-1
13,318,712.46,253.27,50.44,57.47,1,2,-1,-1
13,193,907.10,352.20,29.38,72.05,1,1,-1,-1
13,121,1009.04,434.36,69.70,101.05,1,7,-1,-1
13,120,977.39,356.49,26.22,59.15,1,1,-1,-1
13,80,1413.15,841.59,46.32,103.99,1,1,-1,-1
13,48,1313.97,807.74,24.00,82.96,1,1,-1,-1
14,538,1145.47,795.08,39.53,87.48,1,1,-1,-1
14,508,1557.83,843.25,35.31,74.79,1,2,-1,-1
14,500,1368.40,737.09,34.00,65.00,1,1,-1,-1
14,493,922.25,288.76,22.33,66.26,1,1,-1,-1
14,492,854.07,555.85,28.56,67.08,1,1,-1,-1
14,457,1134.96,890.41,73.25,93.85,1,2,-1,-1
14,450,887.08,319.76,22.00,54.00,1,1,-1,-1
14,407,1310.39,207.02,16.46,40.79,1,1,-1,-1
14,405,1151.27,233.77,24.04,51.98,1,1,-1,-1
14,322,1011.79,472.76,36.12,51.03,1,2,-1,-1
14,318,711.17,254.90,46.30,55.86,1,2,-1,-1
14,128,1445.76,709.50,20.57,57.78,1,1,-1,-1
14,37,1086.07,337.17,48.06,71.66,1,7,-1,-1
15,575,1014.69,233.41,12.46,28.37,1,1,-1,-1
15,543,275.31,600.86,91.24,90.93,1,10,-1,-1
15,500,1373.20,746.00,34.00,65.00,1,1,-1,-1
15,457,1137.40,900.42,76.11,93.39,1,2,-1,-1
15,450,885.13,324.00,22.00,54.00,1,1,-1,-1
15,447,578.86,39.76,67.01,42.69,1,4,-1,-1
15,407,1311.86,213.12,17.01,42.53,1,1,-1,-1
15,405,1151.32,235.77,24.03,52.00,1,1,-1,-1
15,400,1032.18,906.42,53.12,110.21,1,1,-1,-1
15,383,79.93,540.63,38.15,74.35,1,1,-1,-1
15,361,861.37,244.00,58.49,53.08,1,7,-1,-1
15,322,1012.58,476.76,36.10,51.05,1,2,-1,-1
15,318,711.01,260.47,53.12,58.07,1,2,-1,-1
15,278,1110.33,505.63,30.04,79.17,1,1,-1,-1
15,276,1063.57,165.17,13.07,32.66,1,1,-1,-1
15,225,1002.26,363.83,24.76,58.24,1,1,-1,-1
15,133,1606.58,885.90,52.20,96.53,1,2,-1,-1
15,128,1449.77,715.24,20.73,58.24,1,1,-1,-1
15,112,103.83,53.86,126.14,50.21,1,4,-1,-1
15,101,750.69,391.40,113.71,69.90,1,7,-1,-1
15,37,1086.74,339.77,48.04,71.46,1,7,-1,-1
16,642,913.23,337.28,24.03,58.54,1,1,-1,-1
16,624,1558.73,850.84,36.01,80.02,1,2,-1,-1
16,619,984.89,161.00,17.00,34.00,1,1,-1,-1
16,543,271.49,582.50,97.46,97.23,1,10,-1,-1
16,523,1305.15,700.87,42.35,75.87,1,2,-1,-1
16,500,1377.57,754.99,34.39,65.22,1,1,-1,-1
16,457,1140.60,910.62,77.76,92.61,1,2,-1,-1
16,407,1312.46,216.95,17.71,43.87,1,1,-1,-1
16,383,76.97,545.96,37.71,73.50,1,1,-1,-1
16,361,860.84,246.03,58.29,53.01,1,7,-1,-1
16,322,1012.87,480.10,36.09,51.06,1,2,-1,-1
16,318,708.63,264.35,57.63,59.03,1,2,-1,-1
16,278,1108.04,502.05,30.75,80.14,1,1,-1,-1
16,145,1137.35,356.60,32.09,68.73,1,1,-1,-1
16,133,1617.54,888.25,57.27,104.86,1,2,-1,-1
16,116,860.83,562.47,29.16,71.57,1,1,-1,-1
16,112,103.42,53.80,125.84,50.53,1,4,-1,-1
16,37,1096.46,333.29,43.59,65.00,1,7,-1,-1
16,33,1055.02,336.31,25.22,71.02,1,1,-1,-1
16,28,1030.42,822.18,36.36,80.23,1,1,-1,-1
17,666,889.21,349.81,18.07,43.15,1,1,-1,-1
17,642,913.62,319.91,23.25,59.78,1,1,-1,-1
17,624,1574.31,865.72,34.96,76.24,1,2,-1,-1
17,622,1087.03,204.12,58.02,85.78,1,5,-1,-1
17,618,965.06,161.00,17.00,46.00,1,1,-1,-1
17,616,417.99,771.94,40.18,81.04,1,1,-1,-1
17,568,98.55,544.77,54.79,89.77,1,1,-1,-1
17,500,1382.12,764.17,34.26,65.12,1,1,-1,-1
17,458,1578.01,906.04,43.87,92.23,1,2,-1,-1
17,457,1143.34,913.63,66.68,88.44,1,2,-1,-1
17,451,941.94,344.93,24.07,56.19,1,1,-1,-1
17,361,860.20,248.02,58.50,53.02,1,7,-1,-1
17,322,1013.65,483.87,36.08,51.07,1,2,-1,-1
17,318,705.84,263.01,51.71,57.32,1,2,-1,-1
17,145,1137.09,360.25,32.06,68.22,1,1,-1,-1
17,112,103.57,53.88,125.16,51.04,1,4,-1,-1
17,37,1092.55,311.66,50.44,75.10,1,7,-1,-1
17,28,1031.06,831.70,37.31,82.84,1,1,-1,-1
18,715,1046.82,675.80,84.05,91.15,1,7,-1,-1
18,714,1029.15,156.00,22.00,41.00,1,1,-1,-1
18,710,903.96,597.00,30.00,70.00,1,1,-1,-1
18,709,771.44,397.46,52.70,50.92,1,2,-1,-1
18,708,374.94,819.98,48.00,85.00,1,1,-1,-1
18,668,986.99,455.95,60.15,87.04,1,7,-1,-1
18,644,1043.58,178.44,16.45,37.22,1,1,-1,-1
18,618,964.81,163.00,17.00,46.00,1,1,-1,-1
18,616,416.83,782.78,41.31,83.11,1,1,-1,-1
18,592,1515.98,771.55,35.52,59.83,1,1,-1,-1
18,500,1384.27,775.76,36.85,69.77,1,1,-1,-1
18,492,838.09,605.72,29.19,64.65,1,1,-1,-1
18,458,1591.48,914.26,43.95,88.59,1,2,-1,-1
18,451,940.94,349.60,24.09,56.22,1,1,-1,-1
18,318,699.37,256.95,67.76,70.21,1,2,-1,-1
18,112,103.58,54.43,124.40,51.41,1,4,-1,-1
18,28,1031.77,841.82,37.93,84.59,1,1,-1,-1
19,761,1195.60,890.32,54.86,87.48,1,2,-1,-1
19,760,1092.00,499.29,30.00,75.52,1,1,-1,-1
19,753,924.26,328.14,29.93,77.61,1,1,-1,-1
19,715,1054.55,665.85,95.74,103.81,1,7,-1,-1
19,714,1028.94,157.00,22.00,41.00,1,1,-1,-1
19,713,1007.13,137.00,17.00,35.00,1,1,-1,-1
19,709,756.38,403.66,86.26,69.40,1,2,-1,-1
19,708,375.13,829.94,48.00,85.00,1,1,-1,-1
19,669,1079.95,29.81,17.14,36.35,1,1,-1,-1
19,668,994.88,445.21,62.68,91.10,1,7,-1,-1
19,644,1043.16,194.61,16.64,35.94,1,1,-1,-1
19,618,964.04,165.00,17.00,46.00,1,1,-1,-1
19,616,415.65,793.24,42.47,85.58,1,1,-1,-1
19,592,1519.12,780.02,33.65,56.69,1,1,-1,-1
19,500,1390.00,782.55,36.30,68.37,1,1,-1,-1
19,451,939.94,353.84,24.10,56.23,1,1,-1,-1
19,318,697.98,266.44,67.78,67.30,1,2,-1,-1
19,112,103.54,54.54,123.61,51.69,1,4,-1,-1
19,28,1033.21,852.27,38.35,85.80,1,1,-1,-1
20,838,1075.19,82.18,17.60,35.67,1,1,-1,-1
20,832,1004.40,972.80,38.26,76.55,1,1,-1,-1
20,802,1499.58,962.96,41.46,78.57,1,1,-1,-1
20,798,1030.15,232.15,18.00,41.00,1,1,-1,-1
20,760,1092.98,504.08,30.03,75.74,1,1,-1,-1
20,756,315.33,568.69,54.00,71.75,1,2,-1,-1
20,718,1495.02,766.25,24.05,54.50,1,1,-1,-1
20,715,1055.37,666.75,101.48,110.57,1,7,-1,-1
20,714,1028.89,158.00,22.00,41.00,1,1,-1,-1
20,708,375.40,839.78,49.75,88.28,1,1,-1,-1
20,669,1078.25,28.37,16.71,35.47,1,1,-1,-1
20,668,989.36,457.51,61.98,90.60,1,7,-1,-1
20,667,971.32,946.61,44.89,82.81,1,1,-1,-1
20,616,414.50,804.23,43.62,88.26,1,1,-1,-1
20,589,871.36,182.82,75.49,98.27,1,5,-1,-1
20,500,1395.36,791.65,35.93,67.41,1,1,-1,-1
20,318,696.19,272.37,67.72,65.24,1,2,-1,-1
20,220,734.29,422.05,123.84,74.92,1,7,-1,-1
20,112,103.74,54.70,122.27,52.15,1,4,-1,-1
20,28,1034.96,862.27,38.64,86.64,1,1,-1,-1
21,850,1486.72,855.95,34.00,64.00,1,1,-1,-1
21,848,1279.63,754.85,27.52,47.46,1,2,-1,-1
21,846,1053.13,174.37,17.50,41.71,1,1,-1,-1
21,844,959.73,362.55,24.53,53.31,1,1,-1,-1
21,843,904.34,347.86,20.40,50.81,1,1,-1,-1
21,832,1005.35,984.20,37.13,74.58,1,1,-1,-1
21,798,1028.42,232.48,14.01,30.64,1,1,-1,-1
21,796,996.26,388.29,26.10,58.44,1,1,-1,-1
21,795,980.81,145.94,16.00,34.00,1,1,-1,-1
21,760,1092.06,516.62,25.00,63.59,1,1,-1,-1
21,756,309.95,541.41,77.36,94.22,1,2,-1,-1
21,715,1055.06,671.92,104.55,114.56,1,7,-1,-1
21,714,1032.22,149.43,21.05,39.44,1,1,-1,-1
21,708,375.72,850.88,49.09,87.07,1,1,-1,-1
21,673,1364.17,892.73,34.00,77.00,1,1,-1,-1
21,667,969.93,965.36,36.82,65.72,1,1,-1,-1
21,516,1588.82,1027.17,51.58,55.11,1,1,-1,-1
21,500,1397.22,800.20,35.67,66.75,1,1,-1,-1
21,457,1151.13,958.06,82.80,89.15,1,2,-1,-1
21,401,1066.98,114.97,17.25,42.76,1,1,-1,-1
21,361,854.26,257.71,59.15,52.87,1,7,-1,-1
21,322,1011.81,498.39,35.57,50.98,1,2,-1,-1
21,318,692.14,271.46,59.32,62.60,1,2,-1,-1
21,220,728.86,428.30,124.13,75.37,1,7,-1,-1
21,145,1135.32,374.98,31.71,65.74,1,1,-1,-1
21,112,103.82,54.82,121.14,52.79,1,4,-1,-1
21,28,1025.74,869.28,45.94,103.43,1,1,-1,-1
22,907,1421.37,820.24,30.03,66.23,1,1,-1,-1
22,899,318.48,574.48,70.64,72.02,1,10,-1,-1
22,885,1052.89,359.15,24.00,67.00,1,1,-1,-1
22,883,885.48,377.27,29.12,74.20,1,1,-1,-1
22,880,371.60,30.66,64.36,54.38,1,4,-1,-1
22,867,1313.45,754.61,32.90,59.00,1,2,-1,-1
22,850,1488.54,865.97,34.00,64.00,1,1,-1,-1
22,796,987.94,399.88,28.89,66.53,1,1,-1,-1
22,756,321.42,545.18,74.58,86.32,1,2,-1,-1
22,715,1047.09,667.11,123.36,136.25,1,7,-1,-1
22,689,1012.22,234.68,16.76,39.05,1,1,-1,-1
22,617,868.76,407.88,27.00,55.00,1,1,-1,-1
22,562,817.00,604.01,31.96,65.34,1,1,-1,-1
22,401,1066.24,116.25,17.47,42.86,1,1,-1,-1
22,361,850.84,266.66,53.68,48.15,1,7,-1,-1
22,318,690.13,273.60,53.26,60.40,1,2,-1,-1
22,220,721.26,432.06,109.20,66.51,1,7,-1,-1
22,145,1134.93,378.46,31.46,65.14,1,1,-1,-1
22,112,103.88,54.73,120.05,53.27,1,4,-1,-1
22,28,1033.31,879.34,44.20,99.56,1,1,-1,-1
23,925,1646.03,970.99,56.07,100.64,1,2,-1,-1
23,922,1193.84,960.58,33.68,53.31,1,2,-1,-1
23,921,1144.89,877.89,36.00,80.00,1,1,-1,-1
23,907,1423.03,829.65,28.98,66.50,1,1,-1,-1
23,899,319.75,571.40,59.67,61.16,1,10,-1,-1
23,885,1052.88,362.94,24.00,67.00,1,1,-1,-1
23,880,367.33,32.64,64.71,54.40,1,4,-1,-1
23,867,1314.01,763.47,32.91,58.97,1,2,-1,-1
23,850,1489.83,875.85,34.42,64.25,1,1,-1,-1
23,808,978.34,180.64,14.50,33.56,1,1,-1,-1
23,715,1048.10,678.45,118.84,132.40,1,7,-1,-1
23,642,905.99,335.27,21.65,61.95,1,1,-1,-1
23,617,867.00,412.88,27.00,55.00,1,1,-1,-1
23,401,1065.78,118.03,17.31,42.83,1,1,-1,-1
23,361,844.79,274.29,45.45,46.89,1,7,-1,-1
23,318,688.69,276.09,49.17,58.64,1,2,-1,-1
23,145,1134.36,382.19,31.57,64.45,1,1,-1,-1
23,112,104.39,55.23,118.70,53.61,1,4,-1,-1
23,28,1037.77,890.73,42.89,96.67,1,1,-1,-1
24,956,1025.46,159.38,22.77,41.58,1,1,-1,-1
24,922,1193.59,965.19,36.79,58.42,1,2,-1,-1
24,921,1136.72,903.48,37.92,84.37,1,1,-1,-1
24,888,1121.73,927.89,36.18,77.81,1,2,-1,-1
24,880,363.19,34.68,64.90,54.37,1,4,-1,-1
24,867,1314.75,772.66,32.92,58.95,1,2,-1,-1
24,808,975.41,181.88,15.46,36.04,1,1,-1,-1
24,715,1048.94,688.05,115.50,130.36,1,7,-1,-1
24,669,1071.43,29.94,16.54,34.81,1,1,-1,-1
24,642,906.52,348.04,22.07,59.50,1,1,-1,-1
24,361,846.20,270.65,50.17,50.07,1,7,-1,-1
24,145,1133.96,386.06,31.35,63.64,1,1,-1,-1
24,134,1700.90,994.82,42.22,81.17,1,2,-1,-1
24,112,104.64,55.34,117.46,53.87,1,4,-1,-1
24,28,1040.96,902.43,41.92,94.51,1,1,-1,-1
25,1042,15.91,85.21,132.70,59.12,1,4,-1,-1
25,1010,1059.68,208.48,76.00,114.19,1,5,-1,-1
25,1004,875.33,371.91,24.07,55.89,1,1,-1,-1
25,989,884.98,331.66,28.35,76.28,1,1,-1,-1
25,956,1023.58,155.07,24.09,43.50,1,1,-1,-1
25,922,1193.92,973.00,38.28,60.92,1,2,-1,-1
25,921,1135.80,893.27,40.53,90.33,1,1,-1,-1
25,919,851.14,299.06,20.69,35.88,1,2,-1,-1
25,844,956.29,378.42,23.41,50.11,1,1,-1,-1
25,808,972.96,184.16,16.05,38.15,1,1,-1,-1
25,759,1033.82,215.81,18.02,34.91,1,1,-1,-1
25,715,1049.26,697.15,113.54,129.34,1,7,-1,-1
25,642,905.48,363.39,23.44,64.57,1,1,-1,-1
25,458,1613.47,981.16,43.68,82.53,1,2,-1,-1
25,361,844.26,270.88,53.77,52.45,1,7,-1,-1
25,145,1133.38,389.50,31.48,63.09,1,1,-1,-1
25,112,104.74,55.49,116.37,54.35,1,4,-1,-1
25,28,1042.29,915.25,41.21,92.63,1,1,-1,-1
26,1063,1106.85,32.00,16.00,30.00,1,1,-1,-1
26,1059,1031.28,193.82,21.80,44.46,1,1,-1,-1
26,1057,979.44,394.70,26.16,54.76,1,1,-1,-1
26,1042,-31.61,75.14,169.37,76.00,1,4,-1,-1
26,1021,1331.14,237.29,20.38,50.02,1,1,-1,-1
26,1004,868.24,372.22,23.13,54.58,1,1,-1,-1
26,1003,846.13,649.13,27.00,69.00,1,1,-1,-1
26,975,724.49,437.11,112.95,66.51,1,7,-1,-1
26,956,1016.88,157.34,24.38,44.21,1,1,-1,-1
26,922,1194.54,982.00,39.08,62.28,1,2,-1,-1
26,883,891.98,376.74,30.67,73.50,1,1,-1,-1
26,881,750.31,433.55,32.30,45.75,1,2,-1,-1
26,844,955.31,382.28,23.38,49.95,1,1,-1,-1
26,808,970.07,186.51,16.36,39.42,1,1,-1,-1
26,715,1049.66,705.45,112.22,129.23,1,7,-1,-1
26,689,1011.59,240.36,16.04,37.83,1,1,-1,-1
26,642,900.44,363.54,26.04,70.83,1,1,-1,-1
26,458,1618.23,993.98,47.36,82.44,1,2,-1,-1
26,361,841.23,272.51,56.57,54.04,1,7,-1,-1
26,145,1132.97,393.24,31.28,62.37,1,1,-1,-1
27,1137,1519.22,817.30,24.46,55.69,1,1,-1,-1
27,1107,917.19,354.72,27.29,66.53,1,1,-1,-1
27,1105,407.78,15.42,78.38,52.31,1,4,-1,-1
27,1104,27.81,631.48,47.45,77.59,1,1,-1,-1
27,1089,1491.83,893.58,41.87,91.89,1,1,-1,-1
27,1059,1036.54,194.61,17.42,39.04,1,1,-1,-1
27,1058,995.09,399.41,23.29,52.99,1,1,-1,-1
27,1057,976.17,397.18,26.46,54.64,1,1,-1,-1
27,1012,1133.13,261.13,21.00,55.00,1,1,-1,-1
27,1004,860.64,372.67,24.25,57.50,1,1,-1,-1
27,1003,844.37,642.66,29.62,71.32,1,1,-1,-1
27,966,975.42,148.82,22.99,33.81,1,1,-1,-1
27,956,1018.10,160.52,23.99,43.30,1,1,-1,-1
27,844,954.31,386.27,23.38,49.88,1,1,-1,-1
27,808,967.06,189.68,16.52,40.21,1,1,-1,-1
27,715,1049.85,713.82,110.95,129.39,1,7,-1,-1
27,642,898.76,356.16,24.68,68.59,1,1,-1,-1
27,458,1621.62,1004.35,46.58,72.72,1,2,-1,-1
27,361,837.69,274.30,58.59,55.40,1,7,-1,-1
27,145,1132.86,397.11,31.13,61.57,1,1,-1,-1
28,1118,1035.91,161.91,15.53,31.19,1,1,-1,-1
28,1107,924.60,368.99,22.13,54.70,1,1,-1,-1
28,1105,412.99,34.23,83.16,55.49,1,4,-1,-1
28,1089,1495.45,912.96,34.28,79.88,1,1,-1,-1
28,1059,1037.21,197.69,14.95,35.86,1,1,-1,-1
28,1058,992.29,410.12,24.16,56.10,1,1,-1,-1
28,1057,973.07,400.76,26.65,54.51,1,1,-1,-1
28,1012,1131.89,263.89,21.00,55.00,1,1,-1,-1
28,1004,861.41,378.23,23.37,55.94,1,1,-1,-1
28,967,1009.50,208.01,19.20,38.81,1,1,-1,-1
28,956,1017.30,163.19,23.73,42.69,1,1,-1,-1
28,934,1110.96,573.21,31.04,79.68,1,1,-1,-1
28,844,959.24,396.03,23.62,51.82,1,1,-1,-1
28,808,960.62,183.94,19.36,48.53,1,1,-1,-1
28,708,371.64,939.28,54.01,93.25,1,1,-1,-1
28,642,897.75,356.30,23.70,66.93,1,1,-1,-1
28,458,1626.12,1016.63,46.08,62.91,1,2,-1,-1
28,361,843.69,266.13,57.22,53.80,1,7,-1,-1
29,1223,930.73,391.50,24.66,58.95,1,1,-1,-1
29,1190,1308.06,168.60,23.77,44.80,1,1,-1,-1
29,1146,1084.87,556.00,30.00,76.00,1,1,-1,-1
29,1118,1034.66,163.88,15.47,31.02,1,1,-1,-1
29,1107,928.84,351.37,22.63,58.68,1,1,-1,-1
29,1105,417.69,35.30,80.05,53.59,1,4,-1,-1
29,1066,678.81,301.06,65.47,62.98,1,2,-1,-1
29,1057,970.02,404.67,26.76,54.41,1,1,-1,-1
29,1055,800.75,646.23,40.74,89.76,1,1,-1,-1
29,1052,405.71,917.68,49.07,99.09,1,1,-1,-1
29,1004,860.59,383.02,22.82,55.01,1,1,-1,-1
29,967,1007.72,210.88,18.37,37.32,1,1,-1,-1
29,934,1110.04,579.25,31.19,79.59,1,1,-1,-1
29,915,1485.31,907.59,31.30,83.13,1,1,-1,-1
29,885,1049.92,385.90,24.00,67.00,1,1,-1,-1
29,844,961.09,401.19,23.75,53.20,1,1,-1,-1
29,708,372.85,955.35,52.18,89.19,1,1,-1,-1
29,642,896.92,359.19,22.99,65.69,1,1,-1,-1
29,458,1628.82,1029.37,46.22,51.61,1,2,-1,-1
29,361,834.04,267.90,65.60,61.65,1,7,-1,-1
29,28,1048.80,970.76,37.79,82.53,1,1,-1,-1
30,1248,1038.86,45.90,16.82,35.99,1,1,-1,-1
30,1235,996.59,256.65,17.00,40.00,1,1,-1,-1
30,1223,929.59,395.02,25.19,60.41,1,1,-1,-1
30,1190,1307.01,169.81,23.86,44.60,1,1,-1,-1
30,1189,1290.00,116.00,21.00,42.00,1,1,-1,-1
30,1146,1083.08,562.00,30.00,76.00,1,1,-1,-1
30,1118,1032.84,165.74,15.53,31.13,1,1,-1,-1
30,1057,967.69,409.38,26.84,54.32,1,1,-1,-1
30,1055,796.52,629.83,45.14,97.27,1,1,-1,-1
30,1052,405.83,931.03,48.87,97.20,1,1,-1,-1
30,1013,1311.29,255.99,20.42,48.58,1,1,-1,-1
30,975,716.28,457.38,107.91,60.20,1,7,-1,-1
30,967,1002.45,199.20,20.59,45.63,1,1,-1,-1
30,964,942.30,222.86,20.15,47.72,1,1,-1,-1
30,934,1109.04,585.29,31.27,79.49,1,1,-1,-1
30,915,1487.16,921.70,27.89,74.26,1,1,-1,-1
30,885,1049.16,389.89,24.00,67.00,1,1,-1,-1
30,880,340.44,47.68,64.44,52.67,1,4,-1,-1
30,708,373.60,971.33,50.89,86.08,1,1,-1,-1
30,668,985.61,516.65,57.33,90.15,1,7,-1,-1
30,642,895.47,363.06,22.47,64.78,1,1,-1,-1
30,361,826.09,274.05,65.67,61.41,1,7,-1,-1
30,318,667.93,296.03,44.33,54.57,1,2,-1,-1
31,1288,398.73,965.64,30.61,62.72,1,1,-1,-1
31,1238,1400.40,886.51,41.40,76.91,1,1,-1,-1
31,1235,993.44,258.53,17.00,40.00,1,1,-1,-1
31,1223,929.90,389.90,30.43,72.93,1,1,-1,-1
31,1196,1496.65,922.05,47.46,100.03,1,1,-1,-1
31,1190,1305.41,170.77,24.34,44.70,1,1,-1,-1
31,1118,1030.83,167.57,15.64,31.33,1,1,-1,-1
31,1065,1443.76,826.90,30.00,59.00,1,1,-1,-1
31,1057,965.61,414.36,26.90,54.26,1,1,-1,-1
31,1055,791.52,658.42,44.34,94.20,1,1,-1,-1
31,1053,756.39,90.54,27.91,38.11,1,10,-1,-1
31,1052,402.43,964.08,43.26,87.81,1,1,-1,-1
31,975,722.76,463.95,101.23,55.96,1,7,-1,-1
31,967,1002.23,208.85,19.48,42.30,1,1,-1,-1
31,966,950.23,163.92,19.62,33.38,1,1,-1,-1
31,934,1108.68,591.33,31.32,79.39,1,1,-1,-1
31,915,1487.39,931.60,30.01,79.54,1,1,-1,-1
31,715,1048.91,745.11,108.92,133.15,1,7,-1,-1
31,642,894.40,367.22,22.10,64.11,1,1,-1,-1
31,361,816.85,245.95,78.25,79.56,1,7,-1,-1
31,318,650.27,292.30,46.89,59.42,1,2,-1,-1
32,1337,1321.17,847.83,32.65,58.05,1,2,-1,-1
32,1312,1018.44,46.41,21.22,35.32,1,1,-1,-1
32,1269,833.10,320.17,20.00,35.67,1,2,-1,-1
32,1238,1399.19,895.23,44.60,83.01,1,1,-1,-1
32,1223,927.05,398.52,28.62,68.76,1,1,-1,-1
32,1218,1013.44,198.37,18.09,46.51,1,1,-1,-1
32,1190,1304.18,172.33,24.56,44.28,1,1,-1,-1
32,1183,851.85,459.04,27.30,55.13,1,1,-1,-1
32,1148,1470.84,915.18,35.95,88.82,1,1,-1,-1
32,1145,1064.34,35.86,17.05,33.02,1,1,-1,-1
32,1065,1450.32,840.17,29.15,57.31,1,1,-1,-1
32,1055,794.79,651.98,45.64,95.04,1,1,-1,-1
32,1053,759.46,91.11,28.20,37.45,1,10,-1,-1
32,1052,405.63,965.90,44.73,87.64,1,1,-1,-1
32,1042,-12.33,91.97,141.17,65.78,1,4,-1,-1
32,1010,1069.38,237.22,63.44,96.97,1,5,-1,-1
32,966,947.75,166.43,18.51,33.57,1,1,-1,-1
32,934,1102.35,605.41,34.47,87.18,1,1,-1,-1
32,915,1489.05,937.86,29.51,78.25,1,1,-1,-1
32,881,725.22,453.62,38.90,55.27,1,2,-1,-1
32,318,656.41,303.61,44.62,57.89,1,2,-1,-1
33,1386,960.61,648.99,56.06,115.60,1,1,-1,-1
33,1337,1325.43,852.51,43.60,77.49,1,2,-1,-1
33,1327,460.65,12.43,50.31,45.22,1,4,-1,-1
33,1312,1016.26,49.08,22.17,35.56,1,1,-1,-1
33,1273,1159.06,983.10,35.02,81.44,1,1,-1,-1
33,1269,830.91,323.91,19.97,35.71,1,2,-1,-1
33,1238,1403.63,908.13,40.89,76.06,1,1,-1,-1
33,1223,925.68,394.29,27.86,67.21,1,1,-1,-1
33,1183,850.21,464.75,27.58,55.24,1,1,-1,-1
33,1148,1460.88,918.29,37.97,94.27,1,1,-1,-1
33,1145,1063.29,37.09,17.05,33.03,1,1,-1,-1
33,1065,1447.62,847.45,29.43,57.86,1,1,-1,-1
33,1055,801.31,675.36,41.13,84.69,1,1,-1,-1
33,1053,763.03,85.02,26.70,36.63,1,10,-1,-1
33,1052,406.65,974.41,45.69,86.78,1,1,-1,-1
33,1042,-5.92,94.55,140.62,66.53,1,4,-1,-1
33,1004,851.81,390.95,23.17,55.04,1,1,-1,-1
33,934,1107.00,605.78,33.60,84.85,1,1,-1,-1
33,881,723.56,463.13,38.07,54.04,1,2,-1,-1
33,318,657.29,310.71,42.99,56.75,1,2,-1,-1
34,1420,943.95,386.59,27.18,57.72,1,1,-1,-1
34,1397,1531.00,892.96,23.91,53.00,1,1,-1,-1
34,1395,1066.96,58.00,17.00,28.00,1,1,-1,-1
34,1393,1026.00,88.95,16.00,35.00,1,1,-1,-1
34,1355,1202.40,693.23,251.59,152.61,1,4,-1,-1
34,1327,457.31,14.21,50.38,45.27,1,4,-1,-1
34,1307,872.69,746.91,36.43,84.47,1,1,-1,-1
34,1269,833.60,325.04,22.17,39.93,1,2,-1,-1
34,1248,1031.65,51.00,21.20,44.60,1,1,-1,-1
34,1182,385.51,544.86,62.28,72.00,1,10,-1,-1
34,1148,1469.17,931.40,35.19,87.01,1,1,-1,-1
34,1145,1062.34,38.84,17.04,33.04,1,1,-1,-1
34,1055,788.82,689.33,40.69,82.82,1,1,-1,-1
34,1042,-7.22,92.56,130.06,62.62,1,4,-1,-1
34,1013,1306.94,272.17,20.79,47.16,1,1,-1,-1
34,1004,852.20,401.75,22.77,54.57,1,1,-1,-1
34,934,1110.88,611.78,34.35,86.92,1,1,-1,-1
34,880,326.45,54.78,62.37,50.76,1,4,-1,-1
34,318,657.35,315.48,41.81,55.89,1,2,-1,-1
35,1442,1013.15,268.15,19.28,41.81,1,1,-1,-1
35,1438,1134.13,444.21,26.56,47.46,1,1,-1,-1
35,1397,1535.00,901.16,23.93,52.98,1,1,-1,-1
35,1395,1065.97,60.00,17.00,28.00,1,1,-1,-1
35,1356,1516.36,870.87,26.08,65.23,1,1,-1,-1
35,1353,1105.86,14.75,73.12,36.84,1,4,-1,-1
35,1327,454.11,15.48,50.33,45.22,1,4,-1,-1
35,1248,1029.26,52.30,20.04,41.55,1,1,-1,-1
35,1235,995.13,267.29,17.05,40.58,1,1,-1,-1
35,1182,379.83,548.88,65.73,74.59,1,10,-1,-1
35,1145,1061.41,40.09,17.04,33.04,1,1,-1,-1
35,1057,960.06,433.83,24.34,52.42,1,1,-1,-1
35,1055,789.13,709.07,39.34,79.39,1,1,-1,-1
35,1042,-17.25,102.07,147.33,72.31,1,4,-1,-1
35,1004,851.83,408.57,22.52,54.58,1,1,-1,-1
35,934,1111.59,616.97,33.51,84.66,1,1,-1,-1
35,880,322.45,56.19,64.26,52.21,1,4,-1,-1
35,318,657.02,319.29,40.95,55.26,1,2,-1,-1
36,1486,1017.93,219.36,11.32,34.60,1,1,-1,-1
36,1478,1282.76,129.04,21.00,42.00,1,1,-1,-1
36,1475,1065.01,639.88,32.09,74.09,1,1,-1,-1
36,1472,832.03,748.72,32.68,82.49,1,1,-1,-1
36,1456,1051.41,92.99,14.77,32.63,1,1,-1,-1
36,1442,1011.33,276.71,19.34,42.54,1,1,-1,-1
36,1434,861.54,420.70,23.94,54.52,1,1,-1,-1
36,1397,1532.32,903.34,29.91,66.15,1,1,-1,-1
36,1353,1112.92,17.63,79.59,40.15,1,4,-1,-1
36,1327,450.99,17.29,50.24,45.13,1,4,-1,-1
36,1248,1028.63,53.83,19.26,39.53,1,1,-1,-1
36,1190,1303.20,177.87,24.91,43.53,1,1,-1,-1
36,1186,1049.03,144.02,17.65,42.57,1,1,-1,-1
36,1182,390.03,543.43,66.26,74.05,1,10,-1,-1
36,1057,959.17,429.69,24.24,53.59,1,1,-1,-1
36,1055,789.76,723.46,38.69,76.99,1,1,-1,-1
36,1004,851.63,413.86,22.04,54.79,1,1,-1,-1
36,934,1113.33,623.70,32.90,83.02,1,1,-1,-1
36,915,1503.58,971.12,28.75,76.31,1,1,-1,-1
36,318,656.76,317.58,39.74,53.94,1,2,-1,-1
37,1469,347.71,158.26,102.69,64.89,1,4,-1,-1
37,1456,1051.51,95.13,14.66,32.56,1,1,-1,-1
37,1442,1010.74,281.62,18.85,42.54,1,1,-1,-1
37,1435,871.54,473.11,30.93,72.05,1,1,-1,-1
37,1434,861.64,426.96,25.58,57.82,1,1,-1,-1
37,1353,1115.69,18.27,83.20,41.99,1,4,-1,-1
37,1351,1041.91,44.78,16.65,35.17,1,1,-1,-1
37,1327,447.93,18.59,50.14,45.04,1,4,-1,-1
37,1312,1011.45,52.62,18.52,33.45,1,1,-1,-1
37,1190,1304.17,179.10,24.99,43.75,1,1,-1,-1
37,1182,397.92,538.92,65.97,73.54,1,10,-1,-1
37,1057,961.24,439.91,24.84,55.31,1,1,-1,-1
37,1053,770.28,79.67,28.22,36.03,1,10,-1,-1
37,1004,854.32,416.66,24.40,58.92,1,1,-1,-1
37,934,1114.75,630.91,32.45,81.82,1,1,-1,-1
37,881,720.48,484.84,36.73,52.07,1,2,-1,-1
37,318,656.66,324.14,39.45,53.83,1,2,-1,-1
38,1442,1010.00,285.48,18.50,42.51,1,1,-1,-1
38,1435,863.72,468.58,40.27,92.86,1,1,-1,-1
38,1434,865.00,440.39,29.59,66.21,1,1,-1,-1
38,1353,1127.16,17.90,87.80,44.45,1,4,-1,-1
38,1351,1036.79,47.57,18.18,35.35,1,1,-1,-1
38,1327,444.90,20.39,50.04,44.94,1,4,-1,-1
38,1312,1012.00,55.62,18.69,33.95,1,1,-1,-1
38,1190,1305.40,180.60,25.33,43.65,1,1,-1,-1
38,1182,405.03,534.95,65.16,73.40,1,10,-1,-1
38,1004,851.71,422.14,23.43,58.57,1,1,-1,-1
38,956,1027.90,184.60,17.10,33.26,1,1,-1,-1
38,934,1116.01,638.23,32.12,80.94,1,1,-1,-1
38,318,656.75,328.51,39.24,53.76,1,2,-1,-1
39,1603,1324.69,895.84,41.59,73.61,1,2,-1,-1
39,1594,922.57,416.00,21.00,54.00,1,1,-1,-1
39,1354,1130.13,796.80,33.00,57.00,1,2,-1,-1
39,1351,1040.70,46.19,17.58,35.99,1,1,-1,-1
39,1327,444.08,22.34,50.28,44.91,1,4,-1,-1
39,1235,998.42,276.92,17.06,40.95,1,1,-1,-1
39,1190,1306.48,181.80,25.57,43.56,1,1,-1,-1
39,1145,1061.08,47.10,17.22,32.03,1,1,-1,-1
40,1636,965.30,451.58,27.79,66.17,1,1,-1,-1
40,1629,1310.85,906.78,32.89,57.00,1,2,-1,-1
40,1628,935.03,256.80,20.63,48.86,1,1,-1,-1
40,1603,1322.91,899.01,41.69,73.20,1,2,-1,-1
40,1513,1064.59,812.67,106.40,137.60,1,7,-1,-1
40,1486,1007.03,228.32,11.22,34.71,1,1,-1,-1
40,1478,1285.87,138.09,21.07,42.59,1,1,-1,-1
40,1351,1039.53,50.10,16.62,32.01,1,1,-1,-1
40,1235,998.80,278.49,17.05,40.99,1,1,-1,-1
40,1190,1307.50,183.05,25.76,43.80,1,1,-1,-1
40,1145,1061.89,48.39,17.17,32.31,1,1,-1,-1
41,1637,840.96,515.34,24.14,48.16,1,1,-1,-1
41,1628,936.09,259.75,21.00,49.05,1,1,-1,-1
41,1513,1065.32,818.93,109.39,141.78,1,7,-1,-1
41,1486,1003.35,239.47,11.28,36.40,1,1,-1,-1
41,1478,1286.81,140.17,21.08,42.76,1,1,-1,-1
41,1456,1052.49,101.98,15.00,33.61,1,1,-1,-1
41,1190,1309.19,184.59,25.87,43.65,1,1,-1,-1
41,1145,1062.91,49.43,17.13,32.51,1,1,-1,-1
41,1057,958.18,442.42,24.21,56.21,1,1,-1,-1
41,1013,1322.86,296.97,21.13,47.00,1,1,-1,-1
42,1708,791.13,789.82,40.62,72.21,1,1,-1,-1
42,1706,368.00,36.89,76.00,52.00,1,4,-1,-1
42,1679,1345.20,294.18,18.60,44.85,1,1,-1,-1
42,1678,967.11,718.81,42.48,88.30,1,1,-1,-1
42,1637,844.72,523.08,24.83,50.13,1,1,-1,-1
42,1513,1066.14,825.20,111.88,144.81,1,7,-1,-1
42,1486,1002.18,236.86,11.16,35.88,1,1,-1,-1
42,1472,838.59,807.78,40.81,99.02,1,1,-1,-1
42,1456,1052.46,103.81,15.10,33.87,1,1,-1,-1
42,1353,1129.14,23.07,88.67,44.75,1,4,-1,-1
42,1190,1310.45,185.99,25.96,43.85,1,1,-1,-1
42,1145,1063.99,51.06,17.10,32.65,1,1,-1,-1
42,1013,1325.21,300.58,21.13,46.79,1,1,-1,-1
42,1004,850.09,440.63,22.57,60.42,1,1,-1,-1
42,318,664.92,336.54,63.24,71.19,1,2,-1,-1
43,1752,1047.80,436.09,24.00,67.00,1,1,-1,-1
43,1749,999.00,101.11,17.00,41.00,1,1,-1,-1
43,1709,790.72,853.57,36.54,70.17,1,1,-1,-1
43,1708,791.04,799.95,41.01,72.94,1,1,-1,-1
43,1706,368.00,38.09,76.00,52.00,1,4,-1,-1
43,1486,993.88,236.65,14.98,43.95,1,1,-1,-1
43,1472,839.25,818.16,39.90,96.59,1,1,-1,-1
43,1469,292.26,202.86,106.08,71.25,1,4,-1,-1
43,1456,1052.43,105.72,15.18,34.07,1,1,-1,-1
43,1354,1127.33,813.80,38.09,65.85,1,2,-1,-1
43,1353,1125.34,23.44,88.89,44.88,1,4,-1,-1
43,1145,1065.08,52.91,17.08,32.75,1,1,-1,-1
43,1053,787.68,63.80,29.46,34.45,1,10,-1,-1
43,1013,1328.03,304.01,21.14,46.95,1,1,-1,-1
43,1004,851.74,445.55,19.94,53.88,1,1,-1,-1
43,318,658.99,334.23,60.30,71.59,1,2,-1,-1
44,1789,1066.00,75.04,17.00,28.00,1,1,-1,-1
44,1769,658.04,536.69,118.41,67.26,1,7,-1,-1
44,1764,978.87,198.31,17.09,35.38,1,1,-1,-1
44,1752,1049.84,438.69,23.94,66.54,1,1,-1,-1
44,1749,999.00,103.91,17.00,41.00,1,1,-1,-1
44,1706,368.00,39.87,76.00,52.00,1,4,-1,-1
44,1472,840.06,829.33,38.97,94.87,1,1,-1,-1
44,1469,281.97,208.78,108.74,72.89,1,4,-1,-1
44,1353,1124.53,24.18,89.03,44.97,1,4,-1,-1
44,1004,851.23,451.08,20.64,56.87,1,1,-1,-1
44,318,655.49,330.62,66.91,74.38,1,2,-1,-1
45,1826,984.75,321.84,22.35,46.27,1,1,-1,-1
45,1824,843.11,249.00,76.00,100.00,1,5,-1,-1
45,1798,896.92,433.33,24.88,54.99,1,1,-1,-1
45,1791,1498.26,949.69,29.52,58.71,1,1,-1,-1
45,1788,1044.71,133.19,17.00,35.00,1,1,-1,-1
45,1769,690.21,528.23,112.66,61.98,1,7,-1,-1
45,1752,1051.14,440.92,23.92,66.29,1,1,-1,-1
45,1706,368.71,41.83,76.00,52.00,1,4,-1,-1
45,1353,1130.47,24.91,88.43,44.68,1,4,-1,-1
45,1182,451.23,509.54,52.05,71.55,1,10,-1,-1
45,318,652.85,340.89,68.13,72.87,1,2,-1,-1
46,1866,1157.22,297.33,28.35,59.33,1,1,-1,-1
46,1824,843.91,251.78,76.00,100.00,1,5,-1,-1
46,1798,894.95,415.77,35.43,77.59,1,1,-1,-1
46,1791,1503.25,960.47,29.27,58.61,1,1,-1,-1
46,1788,1041.75,134.20,17.00,35.00,1,1,-1,-1
46,1752,1052.92,443.01,23.92,66.14,1,1,-1,-1
46,1706,363.38,42.44,76.00,52.00,1,4,-1,-1
46,1677,887.21,873.33,36.32,92.47,1,1,-1,-1
46,1594,910.24,448.71,24.84,62.19,1,1,-1,-1
46,1353,1127.85,26.01,88.68,44.82,1,4,-1,-1
46,1182,454.97,508.59,51.84,71.68,1,10,-1,-1
46,956,1035.89,205.38,16.68,34.25,1,1,-1,-1
47,1912,1141.47,305.64,20.01,51.26,1,1,-1,-1
47,1901,1005.89,628.00,36.00,51.00,1,2,-1,-1
47,1866,1158.24,298.34,29.26,60.09,1,1,-1,-1
47,1824,838.95,254.02,76.00,100.00,1,5,-1,-1
47,1798,900.00,406.55,34.50,78.33,1,1,-1,-1
47,1706,356.67,43.27,76.00,52.00,1,4,-1,-1
47,1677,888.22,884.22,36.26,92.70,1,1,-1,-1
47,1594,906.83,469.20,26.07,62.36,1,1,-1,-1
47,1182,448.02,502.93,51.79,75.33,1,10,-1,-1
48,1957,1009.87,69.22,19.02,34.11,1,1,-1,-1
48,1946,1049.80,58.78,16.58,31.44,1,1,-1,-1
48,1934,937.00,203.00,17.00,35.00,1,1,-1,-1
48,1931,483.80,529.95,51.90,82.61,1,2,-1,-1
48,1901,999.75,645.67,32.98,46.75,1,2,-1,-1
48,1824,832.96,256.24,76.09,100.39,1,5,-1,-1
48,1706,350.17,47.96,72.00,49.22,1,4,-1,-1
48,1594,903.58,462.75,24.59,60.23,1,1,-1,-1
48,1182,452.25,505.78,56.03,80.64,1,10,-1,-1
49,1979,1063.01,868.72,119.90,155.51,1,7,-1,-1
49,1975,873.45,452.39,28.51,61.50,1,1,-1,-1
49,1957,1004.97,70.81,20.58,35.04,1,1,-1,-1
49,1940,1074.75,277.84,59.12,95.00,1,5,-1,-1
49,1901,1001.67,642.96,34.26,48.55,1,2,-1,-1
49,1824,826.01,258.42,76.20,101.00,1,5,-1,-1
49,1708,786.01,855.12,46.89,90.30,1,1,-1,-1
49,1706,342.45,46.99,73.27,50.10,1,4,-1,-1
49,1629,1328.17,967.17,36.69,57.82,1,2,-1,-1
49,1182,457.43,501.56,54.80,77.73,1,10,-1,-1
50,2013,968.74,746.70,42.00,87.60,1,1,-1,-1
50,1979,1059.38,873.94,121.39,157.08,1,7,-1,-1
50,1976,960.99,606.55,61.69,104.11,1,7,-1,-1
50,1971,405.95,45.14,57.25,47.80,1,4,-1,-1
50,1957,995.79,71.33,21.04,35.12,1,1,-1,-1
50,1940,1066.61,280.05,59.10,95.03,1,5,-1,-1
50,1901,1001.61,645.05,34.96,49.54,1,2,-1,-1
50,1824,819.50,260.38,76.24,101.40,1,5,-1,-1
50,1752,1037.19,455.21,25.67,70.46,1,1,-1,-1
50,1708,786.22,865.68,49.72,97.25,1,1,-1,-1
50,1629,1329.02,973.06,37.53,57.88,1,2,-1,-1
50,1469,196.40,269.15,113.02,77.38,1,4,-1,-1
50,1353,1103.27,29.99,89.09,45.04,1,4,-1,-1
51,2067,1088.81,682.70,26.37,66.69,1,1,-1,-1
51,2056,1037.86,75.11,17.25,31.12,1,1,-1,-1
51,2048,908.91,452.86,26.00,55.11,1,1,-1,-1
51,2044,615.85,359.85,39.00,54.00,1,2,-1,-1
51,1974,812.81,563.87,26.63,59.72,1,1,-1,-1
51,1971,397.98,47.09,57.25,47.92,1,4,-1,-1
51,1940,1056.53,282.35,58.76,95.26,1,5,-1,-1
51,1901,1000.90,648.89,35.37,50.11,1,2,-1,-1
51,1824,813.16,262.46,76.30,102.00,1,5,-1,-1
51,1785,904.09,514.38,22.64,51.72,1,1,-1,-1
51,1629,1327.17,978.99,38.11,57.89,1,2,-1,-1
51,1469,149.14,266.91,123.64,84.93,1,4,-1,-1
51,1353,1093.90,30.98,89.13,45.06,1,4,-1,-1
52,2088,1106.77,313.15,21.15,54.51,1,1,-1,-1
52,2080,917.44,485.33,21.54,48.81,1,1,-1,-1
52,2077,423.11,474.92,47.23,77.94,1,2,-1,-1
52,2056,1029.77,65.75,17.70,32.62,1,1,-1,-1
52,2048,908.51,454.73,24.97,52.97,1,1,-1,-1
52,2044,601.33,358.11,46.12,63.80,1,2,-1,-1
52,1971,390.72,49.79,57.23,47.99,1,4,-1,-1
52,1942,1210.97,799.89,273.42,171.15,1,4,-1,-1
52,1940,1046.06,285.18,58.15,95.27,1,5,-1,-1
52,1922,827.03,914.14,37.40,92.36,1,1,-1,-1
52,1785,903.12,520.16,23.00,51.47,1,1,-1,-1
52,1629,1321.71,984.29,38.50,57.87,1,2,-1,-1
52,1353,1083.87,31.98,89.16,45.07,1,4,-1,-1
53,2155,879.27,481.04,23.45,53.70,1,1,-1,-1
53,2115,967.26,209.49,21.98,44.21,1,1,-1,-1
53,2088,1099.70,313.89,21.28,55.69,1,1,-1,-1
53,2085,987.27,72.28,16.07,34.50,1,1,-1,-1
53,2081,-2.12,100.59,98.64,72.22,1,4,-1,-1
53,2080,926.66,500.59,23.57,55.19,1,1,-1,-1
53,2056,1020.24,62.77,17.83,33.34,1,1,-1,-1
53,2047,844.94,497.67,24.06,55.43,1,1,-1,-1
53,2045,787.16,376.13,22.86,41.02,1,2,-1,-1
53,2044,594.27,360.56,43.33,59.95,1,2,-1,-1
53,1942,1207.96,804.19,273.38,171.15,1,4,-1,-1
53,1940,1046.75,291.09,47.53,87.29,1,5,-1,-1
53,1629,1314.94,989.36,38.78,57.84,1,2,-1,-1
53,1353,1074.27,32.97,89.17,45.08,1,4,-1,-1
54,2161,894.00,259.89,17.00,40.00,1,1,-1,-1
54,2155,880.26,480.99,20.60,49.02,1,1,-1,-1
54,2081,-2.74,103.57,95.84,71.84,1,4,-1,-1
54,1976,923.26,630.64,74.81,130.95,1,7,-1,-1
54,1957,970.89,98.11,24.16,45.08,1,1,-1,-1
54,1942,1204.95,808.94,273.34,171.15,1,4,-1,-1
54,1940,1038.78,290.28,51.07,92.15,1,5,-1,-1
54,1353,1067.51,32.02,91.74,46.37,1,4,-1,-1
55,2204,1232.81,162.65,23.51,42.70,1,1,-1,-1
55,2083,862.92,253.85,23.49,54.22,1,1,-1,-1
55,2079,591.99,379.57,72.33,67.43,1,2,-1,-1
55,1976,932.30,623.30,71.72,126.46,1,7,-1,-1
55,1940,1032.82,289.79,53.51,96.13,1,5,-1,-1
56,2239,1035.60,356.36,28.97,53.05,1,1,-1,-1
56,2232,632.41,535.55,191.72,91.36,1,7,-1,-1
56,2231,444.99,472.55,42.72,67.63,1,2,-1,-1
56,2213,944.85,131.54,15.14,33.24,1,1,-1,-1
56,2190,620.57,598.55,147.72,75.57,1,7,-1,-1
56,2083,860.90,254.50,23.46,51.89,1,1,-1,-1
56,2079,586.43,374.84,59.03,60.65,1,2,-1,-1
56,1976,934.48,623.83,70.02,123.87,1,7,-1,-1
56,1785,904.21,517.81,24.77,54.11,1,1,-1,-1
57,2286,814.45,505.18,28.94,75.76,1,1,-1,-1
57,2238,1010.81,68.72,17.56,31.81,1,1,-1,-1
57,2231,448.46,470.61,42.70,67.28,1,2,-1,-1
57,2213,944.17,134.76,15.03,32.35,1,1,-1,-1
57,2203,1068.94,685.83,30.03,76.31,1,1,-1,-1
57,2190,619.46,601.84,148.54,75.15,1,7,-1,-1
57,2079,586.04,376.36,50.23,55.59,1,2,-1,-1
57,1901,980.66,663.17,38.89,58.36,1,2,-1,-1
57,1785,901.95,518.82,24.88,54.17,1,1,-1,-1
57,1629,1318.04,1009.68,39.17,56.11,1,2,-1,-1
58,2316,285.31,58.57,74.42,51.00,1,4,-1,-1
58,2313,1009.39,481.96,24.39,66.55,1,1,-1,-1
58,2311,976.71,262.00,17.00,35.00,1,1,-1,-1
58,2297,859.91,992.32,38.66,80.58,1,1,-1,-1
58,2286,813.96,505.08,29.60,77.07,1,1,-1,-1
58,2273,1116.87,913.13,32.00,57.00,1,2,-1,-1
58,2213,943.04,137.03,15.10,32.08,1,1,-1,-1
58,2183,1363.54,1031.20,40.22,47.75,1,2,-1,-1
58,2079,586.88,379.79,44.34,51.93,1,2,-1,-1
58,1901,978.23,666.99,38.07,56.19,1,2,-1,-1
58,1824,779.84,274.87,76.53,106.41,1,5,-1,-1
58,1785,897.81,517.52,29.42,65.25,1,1,-1,-1
58,1629,1309.87,1020.92,37.86,51.14,1,2,-1,-1
59,2344,891.85,271.00,17.00,40.00,1,1,-1,-1
59,2316,286.35,60.38,71.53,49.00,1,4,-1,-1
59,2313,1008.34,483.64,25.18,67.19,1,1,-1,-1
59,2237,991.72,147.00,17.00,35.00,1,1,-1,-1
59,2213,941.81,139.71,15.24,32.09,1,1,-1,-1
59,1785,896.00,520.52,28.28,62.28,1,1,-1,-1
59,1594,876.47,503.07,25.21,60.16,1,1,-1,-1
60,2381,230.17,3.98,66.66,49.16,1,4,-1,-1
60,2347,966.38,342.47,17.00,41.00,1,1,-1,-1
60,2342,352.49,56.62,64.28,53.98,1,4,-1,-1
60,2316,286.15,61.57,70.50,48.28,1,4,-1,-1
60,2313,1007.39,486.11,26.02,67.66,1,1,-1,-1
60,2268,457.30,467.00,55.24,66.89,1,10,-1,-1
60,2213,941.97,141.13,15.40,32.22,1,1,-1,-1
60,2195,968.59,98.86,16.74,33.32,1,1,-1,-1
60,1785,893.15,520.65,24.93,57.07,1,1,-1,-1
60,1594,876.55,507.86,24.92,59.66,1,1,-1,-1
61,2445,609.93,388.08,75.32,69.27,1,7,-1,-1
61,2427,776.70,398.10,22.97,37.53,1,2,-1,-1
61,2425,1035.28,478.24,67.30,105.39,1,7,-1,-1
61,2381,230.16,4.04,66.68,49.05,1,4,-1,-1
61,2314,1047.89,920.49,135.05,156.38,1,7,-1,-1
61,2313,1007.17,488.15,26.89,68.00,1,1,-1,-1
61,2238,1009.71,72.92,17.51,33.88,1,1,-1,-1
61,2195,968.89,100.00,16.73,33.35,1,1,-1,-1
61,1785,894.35,527.09,24.98,56.58,1,1,-1,-1
61,1594,876.03,512.25,24.71,59.31,1,1,-1,-1
62,2457,1265.85,200.00,25.00,43.00,1,1,-1,-1
62,2455,964.76,321.94,17.00,41.00,1,1,-1,-1
62,2452,889.40,234.21,18.88,29.57,1,1,-1,-1
62,2445,610.04,391.59,85.24,77.94,1,7,-1,-1
62,2427,777.73,400.12,23.29,37.57,1,2,-1,-1
62,2425,1035.95,480.19,68.68,107.62,1,7,-1,-1
62,2385,1007.89,99.04,17.00,28.00,1,1,-1,-1
62,2381,230.14,4.80,66.71,48.99,1,4,-1,-1
62,2380,-8.70,378.51,136.63,100.76,1,4,-1,-1
62,2350,1118.01,751.83,29.48,76.22,1,1,-1,-1
62,2346,946.48,525.45,29.02,71.26,1,1,-1,-1
62,2313,1006.46,490.24,27.84,68.62,1,1,-1,-1
62,2238,1010.06,74.94,17.44,34.07,1,1,-1,-1
62,2195,969.68,101.65,16.73,33.38,1,1,-1,-1
62,1824,791.85,285.53,71.47,100.19,1,5,-1,-1
62,1785,895.45,531.50,25.02,56.22,1,1,-1,-1
62,1594,875.93,517.10,24.56,59.06,1,1,-1,-1
63,2488,1069.69,706.11,30.00,77.00,1,1,-1,-1
63,2472,960.18,779.31,43.58,91.02,1,1,-1,-1
63,2455,966.78,323.91,17.00,41.00,1,1,-1,-1
63,2452,885.00,235.99,17.52,29.56,1,1,-1,-1
63,2447,11.95,674.36,181.77,222.90,1,6,-1,-1
63,2445,602.57,394.94,79.68,72.93,1,7,-1,-1
63,2381,230.13,5.05,66.75,48.96,1,4,-1,-1
63,2380,-7.95,389.18,126.36,97.36,1,4,-1,-1
63,2350,1119.31,756.83,29.64,76.05,1,1,-1,-1
63,2313,1005.59,492.70,28.76,68.63,1,1,-1,-1
63,2302,217.83,90.28,82.07,70.34,1,4,-1,-1
63,2190,621.87,620.10,145.71,70.35,1,7,-1,-1
63,1824,791.35,284.42,72.91,102.33,1,5,-1,-1
63,1594,875.49,521.63,24.75,59.20,1,1,-1,-1
64,2539,981.71,305.66,17.00,35.00,1,1,-1,-1
64,2525,1110.60,476.00,42.52,70.74,1,1,-1,-1
64,2520,906.32,496.03,28.30,64.45,1,1,-1,-1
64,2488,1072.47,709.91,30.00,77.00,1,1,-1,-1
64,2455,968.07,325.18,17.00,41.00,1,1,-1,-1
64,2441,881.77,313.59,26.27,58.43,1,1,-1,-1
64,2416,903.80,504.51,23.22,54.20,1,1,-1,-1
64,2414,872.00,272.00,23.00,46.00,1,1,-1,-1
64,2381,230.11,5.12,66.78,48.95,1,4,-1,-1
64,2350,1121.08,761.85,29.78,76.00,1,1,-1,-1
64,2313,1005.32,495.00,29.73,68.99,1,1,-1,-1
64,2302,226.12,94.61,84.20,73.04,1,4,-1,-1
64,2081,-8.55,118.21,79.21,73.19,1,4,-1,-1
64,1594,875.35,526.46,24.88,59.30,1,1,-1,-1
65,2560,956.11,86.11,18.00,35.00,1,1,-1,-1
65,2520,904.72,494.46,26.60,58.88,1,1,-1,-1
65,2455,969.86,326.94,17.00,41.00,1,1,-1,-1
65,2441,883.89,317.64,25.31,56.56,1,1,-1,-1
65,2416,906.60,502.38,24.63,55.83,1,1,-1,-1
65,2414,873.00,274.00,23.00,46.00,1,1,-1,-1
65,2350,1123.02,766.85,29.90,76.01,1,1,-1,-1
65,2313,1004.60,497.56,30.68,68.86,1,1,-1,-1
65,2302,216.50,94.43,79.90,69.78,1,4,-1,-1
65,2047,811.85,539.12,35.18,79.63,1,1,-1,-1
65,1594,873.71,532.53,22.30,52.55,1,1,-1,-1
66,2597,960.00,215.11,23.00,47.00,1,1,-1,-1
66,2594,826.95,629.72,41.11,88.67,1,1,-1,-1
66,2562,1015.00,89.13,17.00,30.00,1,1,-1,-1
66,2455,971.81,328.88,17.00,41.00,1,1,-1,-1
66,2425,1040.98,490.87,69.78,108.88,1,7,-1,-1
66,2416,907.56,502.12,25.91,57.23,1,1,-1,-1
66,2414,874.00,276.00,23.00,46.00,1,1,-1,-1
66,2413,671.15,594.99,34.08,46.80,1,2,-1,-1
66,2385,1012.99,105.08,17.00,28.00,1,1,-1,-1
66,2350,1125.01,771.83,30.01,76.08,1,1,-1,-1
66,2195,972.72,106.74,16.77,33.50,1,1,-1,-1
66,2047,812.98,544.86,35.49,78.46,1,1,-1,-1
66,1785,895.13,532.35,25.46,57.61,1,1,-1,-1
66,1594,868.40,518.62,24.92,56.02,1,1,-1,-1
67,2635,639.96,581.00,145.00,68.00,1,7,-1,-1
67,2634,585.89,403.00,39.00,54.00,1,2,-1,-1
67,2562,1012.56,87.80,17.31,31.66,1,1,-1,-1
67,2472,958.58,785.54,50.66,105.51,1,1,-1,-1
67,2455,971.89,329.46,15.37,36.95,1,1,-1,-1
67,2445,597.26,404.14,77.56,71.84,1,7,-1,-1
67,2425,1042.14,492.57,69.88,108.87,1,7,-1,-1
67,2416,908.39,503.17,26.73,57.99,1,1,-1,-1
67,2385,1013.94,96.85,19.83,33.16,1,1,-1,-1
67,2350,1127.01,776.80,30.11,76.16,1,1,-1,-1
67,2195,973.72,105.89,16.81,33.86,1,1,-1,-1
67,2047,815.40,549.70,35.70,77.64,1,1,-1,-1
68,2688,904.66,553.86,23.57,51.28,1,1,-1,-1
68,2666,1075.09,47.10,91.21,47.23,1,4,-1,-1
68,2660,933.11,595.95,24.00,51.00,1,1,-1,-1
68,2658,895.00,246.00,21.00,33.00,1,1,-1,-1
68,2634,585.88,405.00,39.00,54.00,1,2,-1,-1
68,2472,962.18,787.46,48.08,100.31,1,1,-1,-1
68,2455,973.32,331.59,15.91,38.29,1,1,-1,-1
68,2425,1042.54,514.84,65.23,101.59,1,7,-1,-1
68,2416,904.51,515.53,32.65,73.85,1,1,-1,-1
68,2385,1015.19,103.49,19.00,31.64,1,1,-1,-1
68,2195,974.75,108.56,16.81,33.81,1,1,-1,-1
68,2047,816.66,547.72,39.11,83.34,1,1,-1,-1
69,2697,1107.71,328.91,28.73,75.48,1,1,-1,-1
69,2688,904.24,551.20,24.77,54.72,1,1,-1,-1
69,2681,920.91,292.94,21.23,52.81,1,1,-1,-1
69,2666,1077.65,36.71,96.73,49.86,1,4,-1,-1
69,2662,931.97,139.08,18.00,40.58,1,1,-1,-1
69,2658,895.00,246.22,21.00,33.00,1,1,-1,-1
69,2560,957.85,90.08,18.00,35.00,1,1,-1,-1
69,2416,906.72,507.43,31.50,69.52,1,1,-1,-1
69,2346,946.48,548.70,33.67,73.20,1,1,-1,-1
69,2313,1006.57,484.85,39.77,79.04,1,1,-1,-1
69,2302,214.39,100.77,63.57,55.97,1,4,-1,-1
69,2195,975.78,110.83,16.82,33.77,1,1,-1,-1
69,2047,817.10,554.89,38.61,81.16,1,1,-1,-1
70,2688,905.01,552.98,25.21,56.26,1,1,-1,-1
70,2666,1072.30,20.38,96.88,49.50,1,4,-1,-1
70,2664,1009.23,204.66,16.64,40.23,1,1,-1,-1
70,2662,931.47,141.03,17.97,40.63,1,1,-1,-1
70,2658,895.00,246.98,21.00,33.00,1,1,-1,-1
70,2560,958.09,91.06,18.00,35.00,1,1,-1,-1
70,2436,501.74,443.23,47.33,63.18,1,10,-1,-1
70,2346,950.55,544.81,38.49,81.96,1,1,-1,-1
70,2302,213.17,101.36,66.06,58.10,1,4,-1,-1
70,2195,976.81,112.29,16.83,33.75,1,1,-1,-1
70,2047,816.56,560.47,37.93,79.56,1,1,-1,-1
71,2753,980.83,259.10,17.28,40.17,1,1,-1,-1
71,2727,983.03,138.13,18.86,40.73,1,1,-1,-1
71,2688,906.82,556.75,25.35,56.99,1,1,-1,-1
71,2664,1012.28,206.03,16.78,40.55,1,1,-1,-1
71,2662,930.54,143.02,17.95,40.68,1,1,-1,-1
71,2560,958.84,92.73,18.00,35.00,1,1,-1,-1
71,2520,904.31,481.39,25.58,54.75,1,1,-1,-1
71,2445,602.33,412.01,73.50,72.80,1,7,-1,-1
71,2436,505.95,438.90,43.79,63.88,1,10,-1,-1
71,2346,953.71,536.01,38.99,81.26,1,1,-1,-1
71,2195,977.83,114.10,16.84,33.74,1,1,-1,-1
71,2047,815.20,565.35,37.42,78.37,1,1,-1,-1
72,2783,959.07,369.80,22.00,53.00,1,1,-1,-1
72,2779,217.11,7.00,67.00,48.00,1,4,-1,-1
72,2770,1130.62,336.18,18.85,42.75,1,1,-1,-1
72,2753,977.94,259.25,17.22,40.47,1,1,-1,-1
72,2752,113.30,593.56,169.58,174.69,1,6,-1,-1
72,2727,983.35,142.06,17.60,38.16,1,1,-1,-1
72,2724,891.74,220.00,23.00,29.00,1,1,-1,-1
72,2688,906.14,559.87,25.39,57.67,1,1,-1,-1
72,2662,929.50,145.02,17.95,40.73,1,1,-1,-1
72,2634,581.49,412.31,39.00,54.00,1,2,-1,-1
72,2594,831.08,659.27,44.84,90.56,1,1,-1,-1
72,2560,957.75,93.30,18.00,35.00,1,1,-1,-1
72,2520,903.62,473.46,24.30,51.94,1,1,-1,-1
72,2445,603.32,414.10,73.00,73.57,1,7,-1,-1
72,2346,950.99,541.46,38.38,78.45,1,1,-1,-1
72,2047,814.15,569.24,37.03,77.47,1,1,-1,-1
73,2752,122.17,579.31,171.27,175.45,1,6,-1,-1
73,2727,981.43,145.05,16.86,36.65,1,1,-1,-1
73,2688,898.59,561.30,28.44,64.48,1,1,-1,-1
73,2594,832.11,664.41,45.44,90.96,1,1,-1,-1
73,2562,1012.90,91.73,17.32,33.97,1,1,-1,-1
73,2560,956.00,94.14,18.00,35.00,1,1,-1,-1
73,2445,601.13,415.99,72.64,74.12,1,7,-1,-1
73,2350,1126.06,791.68,30.44,76.67,1,1,-1,-1
73,2346,950.70,545.90,37.91,76.44,1,1,-1,-1
74,2852,1006.70,213.50,11.93,26.87,1,1,-1,-1
74,2849,1240.94,194.87,29.13,43.99,1,1,-1,-1
74,2752,132.76,566.81,171.31,174.56,1,6,-1,-1
74,2727,978.75,148.29,16.41,35.74,1,1,-1,-1
74,2658,890.13,249.98,21.00,33.00,1,1,-1,-1
74,2562,1012.81,92.15,17.28,34.08,1,1,-1,-1
74,2560,954.00,94.40,18.00,35.00,1,1,-1,-1
74,2455,971.43,337.38,16.83,40.56,1,1,-1,-1
74,2445,597.72,418.50,72.38,74.53,1,7,-1,-1
74,1824,781.24,293.28,76.10,108.81,1,5,-1,-1
75,2849,1245.40,198.78,24.45,37.03,1,1,-1,-1
75,2772,886.97,345.63,21.25,48.36,1,1,-1,-1
75,2752,144.12,555.59,170.38,172.42,1,6,-1,-1
75,2658,887.13,250.91,21.00,33.00,1,1,-1,-1
75,2635,646.39,603.45,147.33,68.70,1,7,-1,-1
75,2562,1012.80,92.26,17.26,34.16,1,1,-1,-1
75,2560,951.94,95.13,18.00,35.00,1,1,-1,-1
75,2455,970.03,337.64,16.88,40.70,1,1,-1,-1
75,2425,1047.64,507.98,68.90,106.55,1,7,-1,-1
75,1824,779.21,294.36,76.15,109.26,1,5,-1,-1
75,1594,835.79,546.40,29.95,64.66,1,1,-1,-1
76,2939,1094.38,320.95,27.78,61.62,1,1,-1,-1
76,2938,866.70,578.24,27.08,61.92,1,1,-1,-1
76,2783,952.95,377.89,22.00,53.00,1,1,-1,-1
76,2658,884.19,251.34,21.37,33.43,1,1,-1,-1
76,2560,949.85,96.03,18.00,35.00,1,1,-1,-1
76,1824,783.38,268.77,76.83,111.06,1,5,-1,-1
76,1594,833.89,549.98,30.37,65.32,1,1,-1,-1
77,2974,1242.05,192.97,36.36,55.39,1,1,-1,-1
77,2950,975.85,313.15,17.00,35.00,1,1,-1,-1
77,2947,890.73,296.89,17.52,48.53,1,1,-1,-1
77,2912,903.86,494.20,24.15,52.47,1,1,-1,-1
77,2861,767.17,426.55,25.00,36.00,1,2,-1,-1
77,2818,1074.22,818.71,35.71,78.57,1,1,-1,-1
77,2781,618.86,634.38,178.77,81.21,1,7,-1,-1
77,2658,881.08,252.09,21.61,33.70,1,1,-1,-1
77,2594,807.99,687.66,44.17,87.99,1,1,-1,-1
77,2560,946.44,96.33,18.00,35.00,1,1,-1,-1
77,1824,773.34,282.46,86.07,125.01,1,5,-1,-1
77,1594,831.87,553.28,30.67,66.06,1,1,-1,-1
78,3005,905.65,517.75,31.11,61.67,1,1,-1,-1
78,2987,964.28,340.59,16.50,39.99,1,1,-1,-1
78,2980,753.80,384.22,73.30,72.61,1,7,-1,-1
78,2953,1243.76,898.10,288.59,165.12,1,4,-1,-1
78,2950,972.72,313.94,17.00,35.00,1,1,-1,-1
78,2878,302.84,77.89,76.30,62.65,1,4,-1,-1
78,2781,611.36,624.78,180.30,81.26,1,7,-1,-1
78,2658,877.94,252.96,21.78,33.87,1,1,-1,-1
78,2560,942.55,96.41,18.00,35.00,1,1,-1,-1
78,2445,586.65,425.63,71.75,74.49,1,7,-1,-1
78,1824,773.08,291.50,79.92,116.75,1,5,-1,-1
78,1594,829.82,556.91,30.88,66.58,1,1,-1,-1
79,3015,951.95,119.27,17.10,34.52,1,1,-1,-1
79,3012,500.00,424.11,34.00,67.00,1,2,-1,-1
79,2993,1095.35,317.41,22.09,50.27,1,1,-1,-1
79,2987,960.87,340.79,16.52,39.99,1,1,-1,-1
79,2980,752.10,385.85,73.89,73.11,1,7,-1,-1
79,2953,1213.81,895.41,323.81,182.68,1,4,-1,-1
79,2950,968.40,312.56,14.92,30.79,1,1,-1,-1
79,2880,928.02,330.10,14.54,39.50,1,1,-1,-1
79,2878,300.70,81.03,73.00,59.93,1,4,-1,-1
79,2847,996.69,526.30,40.41,70.65,1,1,-1,-1
79,2560,938.49,96.41,18.00,35.00,1,1,-1,-1
79,2445,578.11,432.44,81.43,84.12,1,7,-1,-1
79,1824,769.59,297.17,75.99,111.02,1,5,-1,-1
79,1594,824.05,556.22,33.93,73.31,1,1,-1,-1
80,3015,948.94,120.05,17.12,34.76,1,1,-1,-1
80,2987,956.92,341.51,16.56,40.05,1,1,-1,-1
80,2976,852.86,301.97,19.38,42.89,1,1,-1,-1
80,2967,973.15,634.61,25.51,54.33,1,1,-1,-1
80,2953,1230.10,899.70,310.31,172.64,1,4,-1,-1
80,2950,964.86,314.84,15.73,32.45,1,1,-1,-1
80,2938,871.08,591.41,23.53,54.28,1,1,-1,-1
80,2878,308.35,83.87,76.65,63.01,1,4,-1,-1
80,2783,941.80,379.54,22.00,53.00,1,1,-1,-1
80,2727,956.94,158.11,14.16,30.33,1,1,-1,-1
80,2560,931.04,98.93,19.41,37.79,1,1,-1,-1
80,2445,571.74,429.52,79.68,81.58,1,7,-1,-1
80,1824,761.81,306.00,69.22,101.29,1,5,-1,-1
80,1594,823.83,560.83,33.25,72.43,1,1,-1,-1
81,3082,1109.05,322.89,28.00,64.00,1,1,-1,-1
81,3081,1037.14,521.05,67.68,103.90,1,7,-1,-1
81,3074,183.96,9.00,67.00,48.00,1,4,-1,-1
81,3015,943.50,105.21,22.00,44.97,1,1,-1,-1
81,2979,303.54,12.23,87.52,44.82,1,4,-1,-1
81,2976,848.44,302.46,19.41,42.84,1,1,-1,-1
81,2967,975.73,639.30,24.91,53.01,1,1,-1,-1
81,2953,1238.54,904.77,301.58,165.25,1,4,-1,-1
81,2950,960.87,316.15,16.20,33.40,1,1,-1,-1
81,2947,872.46,302.84,20.33,48.92,1,1,-1,-1
81,2878,316.13,87.11,68.33,56.26,1,4,-1,-1
81,2772,867.41,362.48,22.63,52.24,1,1,-1,-1
81,2752,174.89,493.64,174.79,186.33,1,6,-1,-1
81,2662,926.22,166.03,13.40,28.75,1,1,-1,-1
81,2594,807.10,699.79,47.26,90.41,1,1,-1,-1
81,2560,929.40,97.48,19.03,37.03,1,1,-1,-1
81,2445,566.60,429.41,78.69,79.75,1,7,-1,-1
81,1824,766.58,304.61,70.94,104.38,1,5,-1,-1
81,1594,822.64,565.24,32.76,71.78,1,1,-1,-1
82,3124,993.61,727.86,36.03,50.95,1,2,-1,-1
82,3083,1118.97,804.16,30.20,77.95,1,1,-1,-1
82,3081,1035.18,523.00,67.82,104.00,1,7,-1,-1
82,3015,945.34,102.38,19.45,39.14,1,1,-1,-1
82,2979,305.00,21.51,86.15,44.26,1,4,-1,-1
82,2967,977.98,643.10,24.54,52.21,1,1,-1,-1
82,2950,956.75,317.18,16.49,33.99,1,1,-1,-1
82,2947,868.28,305.62,20.67,48.72,1,1,-1,-1
82,2752,186.95,486.41,166.03,174.78,1,6,-1,-1
82,2445,561.81,430.26,78.25,78.44,1,7,-1,-1
82,1824,765.41,312.95,71.84,105.99,1,5,-1,-1
82,1594,821.05,569.08,32.40,71.56,1,1,-1,-1
83,3135,951.89,695.38,81.47,152.40,1,7,-1,-1
83,3132,758.89,436.89,25.00,36.00,1,2,-1,-1
83,3124,991.88,730.72,36.02,50.96,1,2,-1,-1
83,3081,1033.16,524.98,67.89,104.04,1,7,-1,-1
83,3078,932.89,219.02,23.00,47.00,1,1,-1,-1
83,3028,886.98,592.10,30.28,69.69,1,1,-1,-1
83,2967,980.10,647.19,24.31,51.69,1,1,-1,-1
83,2947,864.16,308.66,20.89,48.53,1,1,-1,-1
83,2881,1091.09,791.46,28.00,68.70,1,1,-1,-1
83,2847,994.80,530.84,41.51,74.69,1,1,-1,-1
83,2752,197.11,480.43,159.51,165.19,1,6,-1,-1
83,2635,614.59,624.11,160.70,68.50,1,7,-1,-1
83,1594,819.46,573.07,32.41,71.40,1,1,-1,-1
84,3135,945.54,700.17,75.61,142.04,1,7,-1,-1
84,3124,982.70,732.85,49.08,74.92,1,2,-1,-1
84,3109,961.87,272.26,17.00,35.00,1,1,-1,-1
84,3108,892.87,161.49,17.00,41.00,1,1,-1,-1
84,3081,1031.84,526.97,67.94,104.05,1,7,-1,-1
84,3078,929.90,219.08,23.00,47.00,1,1,-1,-1
84,3028,886.48,595.09,30.50,70.18,1,1,-1,-1
84,2847,994.51,533.14,41.17,74.36,1,1,-1,-1
84,2783,928.45,381.38,22.00,53.00,1,1,-1,-1
84,2752,204.89,475.66,154.53,158.79,1,6,-1,-1
84,1594,817.62,576.65,32.42,71.56,1,1,-1,-1
85,3204,882.85,327.85,22.00,53.00,1,1,-1,-1
85,3201,747.51,60.68,63.96,57.97,1,1,-1,-1
85,3199,743.07,393.81,76.96,77.22,1,7,-1,-1
85,3164,145.22,108.89,74.49,69.30,1,4,-1,-1
85,3135,943.52,704.75,72.82,136.60,1,7,-1,-1
85,3108,889.88,161.58,17.00,41.00,1,1,-1,-1
85,3082,1100.55,324.59,28.00,64.00,1,1,-1,-1
85,3081,1030.06,528.97,67.97,104.05,1,7,-1,-1
85,3078,926.91,219.09,23.00,47.00,1,1,-1,-1
85,3074,161.34,11.07,74.51,53.34,1,4,-1,-1
85,3028,886.99,598.24,30.64,70.77,1,1,-1,-1
85,2953,1258.15,917.34,287.19,146.89,1,4,-1,-1
85,2847,994.45,535.00,40.97,74.75,1,1,-1,-1
85,2783,925.32,382.10,22.00,53.00,1,1,-1,-1
85,2752,221.99,468.84,154.72,158.62,1,6,-1,-1
85,2594,795.60,729.17,51.37,97.52,1,1,-1,-1
86,3241,1105.44,538.92,31.21,62.11,1,1,-1,-1
86,3237,958.47,810.57,48.17,116.35,1,1,-1,-1
86,3201,738.17,53.10,63.85,57.78,1,1,-1,-1
86,3199,741.78,395.12,77.34,77.83,1,7,-1,-1
86,3164,139.31,109.77,75.33,69.56,1,4,-1,-1
86,3153,969.98,659.79,27.49,65.76,1,1,-1,-1
86,3082,1099.34,324.93,28.00,64.00,1,1,-1,-1
86,3081,1028.12,530.97,67.99,104.05,1,7,-1,-1
86,3078,923.93,219.08,23.00,47.00,1,1,-1,-1
86,3028,887.90,601.75,30.67,70.77,1,1,-1,-1
86,3005,878.88,560.75,36.57,64.02,1,1,-1,-1
86,2950,943.30,318.62,16.47,33.95,1,1,-1,-1
86,2783,924.22,383.65,22.00,53.00,1,1,-1,-1
86,2752,221.68,465.17,150.06,154.23,1,6,-1,-1
86,2594,801.13,730.39,50.57,95.95,1,1,-1,-1
86,2445,544.49,434.39,79.28,78.25,1,7,-1,-1
87,3239,969.28,218.77,20.44,45.58,1,1,-1,-1
87,3199,740.04,396.22,78.04,78.67,1,7,-1,-1
87,3153,976.27,663.04,27.07,65.16,1,1,-1,-1
87,3082,1097.66,325.72,28.00,64.00,1,1,-1,-1
87,3005,877.13,561.74,36.75,63.75,1,1,-1,-1
87,2967,993.39,656.50,23.98,50.96,1,1,-1,-1
87,2635,603.43,633.16,169.30,69.07,1,7,-1,-1
87,2594,803.41,735.33,49.99,94.55,1,1,-1,-1
87,2445,545.99,439.73,76.62,77.83,1,7,-1,-1
88,3304,936.53,161.80,16.53,36.16,1,1,-1,-1
88,3301,867.78,276.95,16.60,35.29,1,1,-1,-1
88,3298,823.82,615.33,36.59,93.25,1,1,-1,-1
88,3296,487.50,421.15,34.00,67.00,1,2,-1,-1
88,3283,1073.42,849.84,36.62,84.21,1,1,-1,-1
88,3239,967.95,219.83,20.86,46.27,1,1,-1,-1
88,3199,738.76,397.86,78.37,79.11,1,7,-1,-1
88,3153,970.39,649.37,31.12,74.76,1,1,-1,-1
88,3124,991.62,739.60,39.06,56.71,1,2,-1,-1
88,3083,1122.45,816.65,30.02,78.16,1,1,-1,-1
88,3082,1090.05,314.07,31.41,71.73,1,1,-1,-1
88,3005,876.53,562.15,36.89,63.86,1,1,-1,-1
88,2967,997.41,657.79,23.94,50.89,1,1,-1,-1
88,2445,542.41,454.73,70.38,77.09,1,7,-1,-1
88,1594,808.02,618.87,34.09,77.71,1,1,-1,-1
89,3332,234.55,95.66,89.17,70.88,1,4,-1,-1
89,3304,935.75,163.84,15.99,34.98,1,1,-1,-1
89,3296,489.49,420.94,34.00,67.00,1,2,-1,-1
89,3198,484.16,440.73,50.93,59.04,1,2,-1,-1
89,3170,1246.98,206.58,27.59,40.61,1,1,-1,-1
89,3124,996.84,750.67,34.18,49.52,1,2,-1,-1
89,3005,884.63,570.55,35.02,60.96,1,1,-1,-1
89,2967,1001.46,658.84,23.93,50.85,1,1,-1,-1
89,2772,853.87,381.91,23.16,53.38,1,1,-1,-1
89,2445,547.56,448.82,70.21,77.00,1,7,-1,-1
89,1594,814.03,625.56,30.91,73.51,1,1,-1,-1
90,3401,256.26,99.00,72.50,56.61,1,4,-1,-1
90,3400,148.17,14.54,71.20,50.23,1,4,-1,-1
90,3393,994.41,669.02,31.21,71.39,1,1,-1,-1
90,3365,206.00,77.00,76.00,52.00,1,4,-1,-1
90,3333,763.70,67.06,52.00,47.00,1,1,-1,-1
90,3332,211.19,90.93,76.74,58.28,1,4,-1,-1
90,3300,863.76,648.17,27.47,65.53,1,1,-1,-1
90,3198,470.49,431.15,58.62,67.02,1,2,-1,-1
90,3170,1246.91,206.82,27.72,40.45,1,1,-1,-1
90,3081,1033.29,537.03,64.22,98.84,1,7,-1,-1
90,2967,1005.52,660.48,23.91,50.82,1,1,-1,-1
90,2772,852.59,381.45,24.55,56.52,1,1,-1,-1
90,2445,550.10,447.81,69.81,76.92,1,7,-1,-1
91,3405,832.89,630.00,25.00,67.00,1,1,-1,-1
91,3393,999.23,671.44,30.18,70.54,1,1,-1,-1
91,3368,886.94,511.02,26.07,56.88,1,1,-1,-1
91,3366,838.02,317.33,20.28,44.81,1,1,-1,-1
91,3334,913.62,102.97,17.00,35.00,1,1,-1,-1
91,3305,952.97,147.54,19.04,44.92,1,1,-1,-1
91,3268,1075.63,25.07,34.11,28.93,1,4,-1,-1
91,3253,536.00,455.40,42.45,58.48,1,2,-1,-1
91,3081,1025.07,553.54,56.49,86.90,1,7,-1,-1
91,2967,1010.71,662.37,23.60,50.74,1,1,-1,-1
91,2847,992.04,542.88,42.13,81.35,1,1,-1,-1
91,2772,850.19,372.87,25.75,58.65,1,1,-1,-1
91,2445,551.39,448.02,69.81,76.88,1,7,-1,-1
92,3393,1005.05,674.35,29.56,70.12,1,1,-1,-1
92,3368,885.92,512.03,26.12,57.08,1,1,-1,-1
92,3366,837.19,318.68,20.73,46.26,1,1,-1,-1
92,3336,940.95,100.47,18.65,35.49,1,1,-1,-1
92,3335,931.90,136.83,17.00,34.00,1,1,-1,-1
92,3334,914.66,103.98,17.00,35.00,1,1,-1,-1
92,3283,1085.58,865.90,30.38,69.56,1,1,-1,-1
92,3197,261.82,3.22,93.74,48.61,1,4,-1,-1
92,3135,942.17,727.39,69.32,132.26,1,7,-1,-1
92,3082,1083.13,330.72,23.53,58.68,1,1,-1,-1
92,3028,892.98,619.41,29.35,68.93,1,1,-1,-1
92,2847,991.94,544.29,41.32,80.85,1,1,-1,-1
92,2445,552.59,449.34,69.80,76.85,1,7,-1,-1
93,3458,1219.44,222.98,27.11,45.99,1,1,-1,-1
93,3455,843.59,264.36,23.37,34.42,1,1,-1,-1
93,3430,955.00,375.13,17.00,41.00,1,1,-1,-1
93,3429,950.06,351.00,17.00,41.00,1,1,-1,-1
93,3428,891.00,535.00,30.00,58.00,1,1,-1,-1
93,3393,1011.11,677.56,29.20,70.28,1,1,-1,-1
93,3371,1095.66,791.17,38.31,92.99,1,1,-1,-1
93,3368,884.35,513.61,26.54,57.41,1,1,-1,-1
93,3336,941.09,102.26,18.22,35.45,1,1,-1,-1
93,3335,932.99,138.06,17.00,34.00,1,1,-1,-1
93,3296,497.93,420.73,32.71,64.42,1,2,-1,-1
93,3197,267.37,5.97,89.76,46.54,1,4,-1,-1
93,3135,943.92,729.26,70.47,132.41,1,7,-1,-1
93,3082,1084.45,332.10,22.48,56.81,1,1,-1,-1
93,3028,893.76,624.93,29.69,69.88,1,1,-1,-1
93,2847,992.04,546.16,40.76,80.50,1,1,-1,-1
93,2635,614.61,646.98,151.26,61.59,1,7,-1,-1
93,2445,543.19,445.35,81.11,89.64,1,7,-1,-1
94,3497,732.21,409.97,76.88,78.86,1,7,-1,-1
94,3454,770.74,788.42,46.19,83.00,1,1,-1,-1
94,3430,952.72,377.29,15.95,38.73,1,1,-1,-1
94,3429,951.05,352.00,17.00,41.00,1,1,-1,-1
94,3393,1016.68,679.98,29.36,70.98,1,1,-1,-1
94,3335,934.71,139.12,17.00,34.00,1,1,-1,-1
94,3296,500.73,421.25,33.15,65.31,1,2,-1,-1
94,3135,945.60,731.57,72.18,132.34,1,7,-1,-1
94,3132,749.02,454.82,25.00,36.00,1,2,-1,-1
94,3082,1085.21,332.91,21.75,55.51,1,1,-1,-1
94,2445,548.17,447.21,78.21,86.32,1,7,-1,-1
95,3512,858.09,540.25,26.87,74.50,1,1,-1,-1
95,3497,737.88,412.20,77.86,79.86,1,7,-1,-1
95,3454,761.63,769.19,50.23,88.39,1,1,-1,-1
95,3430,955.96,378.56,16.35,39.62,1,1,-1,-1
95,3429,952.04,353.00,17.00,41.00,1,1,-1,-1
95,3426,864.62,273.59,16.00,42.00,1,1,-1,-1
95,3425,859.83,330.97,21.00,47.00,1,1,-1,-1
95,3393,1022.55,682.71,29.43,71.39,1,1,-1,-1
95,3296,501.30,428.71,38.82,63.22,1,2,-1,-1
95,3135,947.13,733.61,74.30,132.42,1,7,-1,-1
95,2772,855.46,398.34,24.05,55.20,1,1,-1,-1
95,2445,551.12,449.77,75.74,83.84,1,7,-1,-1
96,3546,937.20,172.53,15.74,35.77,1,1,-1,-1
96,3497,740.36,414.04,78.36,80.36,1,7,-1,-1
96,3430,957.72,379.52,16.59,40.15,1,1,-1,-1
96,3429,955.71,363.01,14.47,34.31,1,1,-1,-1
96,3425,860.07,331.56,21.00,47.00,1,1,-1,-1
96,3393,1028.53,685.58,29.45,71.62,1,1,-1,-1
96,3296,503.49,424.65,37.48,64.08,1,2,-1,-1
96,3135,948.54,735.54,76.72,132.57,1,7,-1,-1
97,3592,803.94,628.04,32.45,81.10,1,1,-1,-1
97,3588,1251.03,206.59,26.65,38.14,1,1,-1,-1
97,3497,742.55,416.55,78.64,80.64,1,7,-1,-1
97,3489,1008.02,30.40,125.97,58.75,1,4,-1,-1
97,3430,958.96,381.11,16.74,40.47,1,1,-1,-1
97,3425,860.14,331.68,21.00,47.00,1,1,-1,-1
97,3368,879.90,518.63,27.11,58.38,1,1,-1,-1
97,3135,948.19,729.83,84.60,142.04,1,7,-1,-1
97,2635,608.94,668.92,157.93,63.77,1,7,-1,-1
