3,1,194,637,76,83,1,2,-1,-1
3,2,357,271,28,55,1,1,-1,-1
3,3,403,245,15,34,1,1,-1,-1
3,4,537,183,25,22,1,2,-1,-1
3,5,550,239,23,58,1,1,-1,-1
3,6,556,234,19,48,1,1,-1,-1
3,7,617,254,37,67,1,1,-1,-1
3,8,721,195,31,52,1,10,-1,-1
3,9,736,195,26,43,1,10,-1,-1
3,11,1083,455,68,97,1,2,-1,-1
3,12,1085,456,41,71,1,2,-1,-1
3,13,580,281,34,69,1,1,-1,-1
3,14,785,125,30,38,1,2,-1,-1
3,15,664,167,26,57,1,10,-1,-1
4,1,182,621,86,95,1,2,-1,-1
4,2,363,265,29,58,1,1,-1,-1
4,3,409,250,17,38,1,1,-1,-1
4,4,537,183,25,23,1,2,-1,-1
4,5,551,240,23,59,1,1,-1,-1
4,6,553,189,15,14,1,1,-1,-1
4,7,595,227,58,46,1,1,-1,-1
4,8,722,216,41,56,1,10,-1,-1
4,9,739,196,26,44,1,10,-1,-1
4,10,1122,477,67,86,1,10,-1,-1
4,11,1083,455,68,97,1,2,-1,-1
4,12,1086,452,41,71,1,2,-1,-1
4,13,574,224,34,58,1,1,-1,-1
4,14,792,120,30,38,1,2,-1,-1
4,15,670,162,26,57,1,10,-1,-1
5,1,184,653,76,84,1,2,-1,-1
5,2,362,267,29,57,1,1,-1,-1
5,3,407,253,17,38,1,1,-1,-1
5,4,574,225,34,58,1,2,-1,-1
5,5,556,269,20,52,1,1,-1,-1
5,6,535,190,13,12,1,1,-1,-1
5,7,592,226,23,39,1,1,-1,-1
5,8,749,223,28,39,1,10,-1,-1
5,9,740,196,26,44,1,10,-1,-1
5,10,1087,475,83,119,1,10,-1,-1
5,11,1076,476,82,105,1,2,-1,-1
5,13,559,247,25,64,1,1,-1,-1
5,15,676,173,23,49,1,10,-1,-1
5,23,618,256,37,68,1,2,-1,-1
5,24,685,222,25,49,1,1,-1,-1
5,25,185,668,95,105,1,1,-1,-1
6,1,179,661,76,85,1,2,-1,-1
6,2,340,270,23,44,1,1,-1,-1
6,3,410,246,19,42,1,1,-1,-1
6,4,574,226,34,59,1,2,-1,-1
6,5,552,242,23,60,1,1,-1,-1
6,6,541,167,30,27,1,1,-1,-1
6,7,538,184,25,23,1,1,-1,-1
6,8,754,226,28,39,1,10,-1,-1
6,9,677,173,23,49,1,10,-1,-1
6,10,1096,517,49,63,1,10,-1,-1
6,11,1088,455,41,71,1,2,-1,-1
6,13,548,203,33,86,1,1,-1,-1
6,15,665,180,22,48,1,10,-1,-1
6,21,426,221,19,41,1,2,-1,-1
6,23,619,257,37,69,1,2,-1,-1
6,24,688,209,18,35,1,1,-1,-1
6,25,183,666,95,105,1,1,-1,-1
7,1,174,669,76,86,1,2,-1,-1
7,2,360,269,29,57,1,1,-1,-1
7,3,410,247,19,42,1,1,-1,-1
7,4,573,237,40,72,1,2,-1,-1
7,5,547,293,34,70,1,1,-1,-1
7,6,531,175,24,22,1,1,-1,-1
7,7,575,227,33,59,1,1,-1,-1
7,8,743,214,32,48,1,10,-1,-1
7,9,670,171,23,49,1,10,-1,-1
7,10,1078,475,82,105,1,10,-1,-1
7,11,1089,455,41,71,1,2,-1,-1
7,13,552,243,23,60,1,1,-1,-1
7,15,727,175,30,53,1,10,-1,-1
7,21,410,228,17,37,1,2,-1,-1
7,23,615,297,28,59,1,2,-1,-1
7,24,600,230,58,47,1,1,-1,-1
7,29,582,278,28,70,1,2,-1,-1
7,30,586,305,23,48,1,1,-1,-1
8,1,169,677,77,78,1,2,-1,-1
8,2,364,265,43,84,1,1,-1,-1
8,3,410,248,19,42,1,1,-1,-1
8,4,642,254,24,45,1,2,-1,-1
8,5,582,279,28,72,1,1,-1,-1
8,6,525,156,24,22,1,1,-1,-1
8,7,575,228,34,59,1,1,-1,-1
8,8,688,230,26,48,1,10,-1,-1
8,9,677,238,20,36,1,10,-1,-1
8,10,1074,482,82,105,1,10,-1,-1
8,11,1090,455,41,71,1,2,-1,-1
8,13,553,244,22,60,1,1,-1,-1
8,15,793,126,31,39,1,10,-1,-1
8,21,404,226,25,53,1,2,-1,-1
8,23,651,295,21,39,1,2,-1,-1
8,24,602,231,58,48,1,1,-1,-1
8,29,583,246,28,49,1,2,-1,-1
8,30,620,259,37,70,1,1,-1,-1
9,1,165,686,77,78,1,2,-1,-1
9,2,358,272,29,56,1,1,-1,-1
9,3,410,249,19,42,1,1,-1,-1
9,4,709,213,28,49,1,2,-1,-1
9,5,582,280,28,74,1,1,-1,-1
9,6,538,184,25,24,1,1,-1,-1
9,7,587,270,16,44,1,1,-1,-1
9,8,748,217,33,51,1,10,-1,-1
9,9,680,175,23,50,1,10,-1,-1
9,10,1079,475,82,105,1,10,-1,-1
9,11,1105,465,53,92,1,2,-1,-1
9,13,553,245,23,61,1,1,-1,-1
9,15,795,126,30,39,1,10,-1,-1
9,21,403,222,25,53,1,2,-1,-1
9,23,639,312,21,39,1,2,-1,-1
9,24,598,234,23,40,1,1,-1,-1
9,29,573,283,19,51,1,2,-1,-1
9,30,620,260,37,70,1,1,-1,-1
9,31,407,230,24,52,1,2,-1,-1
9,33,587,307,23,49,1,1,-1,-1
10,2,371,275,21,41,1,1,-1,-1
10,3,422,243,25,56,1,1,-1,-1
10,4,730,226,28,49,1,2,-1,-1
10,5,582,281,28,75,1,1,-1,-1
10,6,534,177,25,24,1,1,-1,-1
10,7,584,273,16,44,1,1,-1,-1
10,8,752,220,33,50,1,10,-1,-1
10,9,687,147,24,53,1,10,-1,-1
10,10,1080,474,82,105,1,10,-1,-1
10,11,1092,454,41,71,1,2,-1,-1
10,13,554,246,22,61,1,1,-1,-1
10,15,828,112,30,39,1,10,-1,-1
10,23,620,262,38,70,1,2,-1,-1
10,24,575,230,34,60,1,1,-1,-1
10,29,573,273,19,51,1,2,-1,-1
10,30,603,232,58,48,1,1,-1,-1
10,31,407,231,24,52,1,2,-1,-1
10,33,588,309,23,49,1,1,-1,-1
11,2,356,274,29,56,1,1,-1,-1
11,3,410,251,19,42,1,1,-1,-1
11,5,590,288,28,75,1,1,-1,-1
11,6,539,185,25,24,1,1,-1,-1
11,8,756,223,33,50,1,10,-1,-1
11,9,668,181,20,44,1,10,-1,-1
11,10,1091,451,68,97,1,10,-1,-1
11,11,1108,459,22,39,1,2,-1,-1
11,13,554,247,23,62,1,1,-1,-1
11,23,621,263,38,71,1,2,-1,-1
11,24,575,231,34,61,1,1,-1,-1
11,30,665,239,27,46,1,1,-1,-1
11,31,389,214,24,52,1,2,-1,-1
11,33,588,308,23,49,1,1,-1,-1
11,36,772,203,35,66,1,1,-1,-1
11,37,1083,412,101,144,1,1,-1,-1
12,2,356,276,29,55,1,1,-1,-1
12,3,411,252,19,43,1,1,-1,-1
12,5,591,314,23,48,1,1,-1,-1
12,6,539,185,25,24,1,1,-1,-1
12,8,761,227,33,49,1,10,-1,-1
12,9,683,177,23,51,1,10,-1,-1
12,10,1102,487,42,60,1,10,-1,-1
12,11,1108,457,22,39,1,2,-1,-1
12,13,555,248,22,62,1,1,-1,-1
12,23,621,264,38,71,1,2,-1,-1
12,24,576,232,33,61,1,1,-1,-1
12,30,660,221,31,51,1,1,-1,-1
12,31,408,233,24,53,1,2,-1,-1
12,33,591,322,15,32,1,1,-1,-1
12,36,762,211,27,53,1,1,-1,-1
12,37,1092,451,68,97,1,1,-1,-1
12,40,1095,454,41,71,1,1,-1,-1
13,2,354,277,29,55,1,1,-1,-1
13,3,410,252,19,43,1,1,-1,-1
13,5,591,316,23,49,1,1,-1,-1
13,6,531,171,13,13,1,1,-1,-1
13,8,765,264,31,47,1,10,-1,-1
13,9,684,177,23,52,1,10,-1,-1
13,10,1052,466,105,135,1,10,-1,-1
13,11,1139,466,24,41,1,2,-1,-1
13,13,555,249,22,62,1,1,-1,-1
13,23,597,305,19,40,1,2,-1,-1
13,24,566,228,28,52,1,1,-1,-1
13,30,675,209,31,51,1,1,-1,-1
13,31,404,229,24,53,1,2,-1,-1
13,33,582,285,28,78,1,1,-1,-1
13,36,763,229,33,50,1,1,-1,-1
13,37,1082,473,82,105,1,1,-1,-1
13,40,1096,453,41,71,1,1,-1,-1
14,2,353,278,29,56,1,1,-1,-1
14,3,409,252,19,43,1,1,-1,-1
14,5,591,319,23,49,1,1,-1,-1
14,6,531,172,13,13,1,1,-1,-1
14,8,776,233,31,63,1,10,-1,-1
14,9,671,172,22,51,1,10,-1,-1
14,10,1052,463,105,135,1,10,-1,-1
14,11,1144,462,24,41,1,2,-1,-1
14,13,556,250,22,63,1,1,-1,-1
14,23,622,266,38,72,1,2,-1,-1
14,24,556,231,28,52,1,1,-1,-1
14,30,685,178,23,52,1,1,-1,-1
14,33,582,287,28,78,1,1,-1,-1
14,36,765,232,33,50,1,1,-1,-1
14,37,1079,474,82,105,1,1,-1,-1
14,40,1094,450,68,97,1,1,-1,-1
14,43,693,245,29,48,1,1,-1,-1
14,46,621,234,33,28,1,1,-1,-1
15,2,374,311,21,41,1,1,-1,-1
15,3,408,252,19,44,1,1,-1,-1
15,5,591,321,23,50,1,1,-1,-1
15,6,417,229,17,40,1,1,-1,-1
15,8,782,244,31,63,1,10,-1,-1
15,9,687,202,21,49,1,10,-1,-1
15,13,556,251,22,63,1,1,-1,-1
15,23,613,272,38,72,1,2,-1,-1
15,24,547,231,23,67,1,1,-1,-1
15,30,686,178,23,53,1,1,-1,-1
15,33,581,285,28,78,1,1,-1,-1
15,36,767,235,34,50,1,1,-1,-1
15,37,1084,472,81,105,1,1,-1,-1
15,40,1090,414,81,116,1,1,-1,-1
15,42,576,235,34,62,1,1,-1,-1
15,43,694,248,28,48,1,1,-1,-1
15,45,584,171,14,15,1,2,-1,-1
15,46,607,237,58,48,1,1,-1,-1
16,2,351,281,29,56,1,1,-1,-1
16,3,395,284,22,43,1,1,-1,-1
16,5,591,324,23,51,1,1,-1,-1
16,6,404,235,24,55,1,1,-1,-1
16,8,769,238,34,50,1,10,-1,-1
16,9,646,172,29,67,1,10,-1,-1
16,13,556,252,22,63,1,1,-1,-1
16,23,612,297,40,75,1,2,-1,-1
16,24,538,232,23,67,1,1,-1,-1
16,30,778,116,46,59,1,1,-1,-1
16,33,582,275,39,74,1,1,-1,-1
16,36,773,221,26,57,1,1,-1,-1
16,37,1085,472,80,105,1,1,-1,-1
16,40,1099,453,41,71,1,1,-1,-1
16,42,576,236,34,63,1,1,-1,-1
16,43,695,251,28,48,1,1,-1,-1
16,45,582,163,14,15,1,2,-1,-1
16,46,611,234,58,48,1,1,-1,-1
16,51,771,221,24,52,1,1,-1,-1
17,2,344,335,15,29,1,1,-1,-1
17,3,350,282,29,57,1,1,-1,-1
17,5,591,326,23,52,1,1,-1,-1
17,6,403,236,24,55,1,1,-1,-1
17,8,774,240,34,50,1,10,-1,-1
17,9,609,249,23,44,1,10,-1,-1
17,13,582,293,28,77,1,1,-1,-1
17,23,575,292,108,82,1,2,-1,-1
17,24,570,311,18,50,1,1,-1,-1
17,30,786,103,46,59,1,1,-1,-1
17,33,606,275,32,89,1,1,-1,-1
17,36,776,224,26,58,1,1,-1,-1
17,37,1086,472,80,104,1,1,-1,-1
17,40,1100,452,41,71,1,1,-1,-1
17,42,577,237,33,63,1,1,-1,-1
17,43,677,226,41,69,1,1,-1,-1
17,45,540,186,25,25,1,2,-1,-1
17,46,605,265,53,44,1,1,-1,-1
17,51,772,218,24,52,1,1,-1,-1
17,53,407,253,19,43,1,1,-1,-1
18,2,343,336,15,29,1,1,-1,-1
18,3,406,253,19,44,1,1,-1,-1
18,5,591,329,23,52,1,1,-1,-1
18,6,389,214,20,46,1,1,-1,-1
18,8,771,236,35,72,1,10,-1,-1
18,9,577,238,33,63,1,10,-1,-1
18,13,586,300,28,77,1,1,-1,-1
18,23,575,299,108,82,1,2,-1,-1
18,24,555,281,39,106,1,1,-1,-1
18,33,624,271,39,74,1,1,-1,-1
18,36,777,226,29,60,1,1,-1,-1
18,37,1085,476,80,104,1,1,-1,-1
18,40,1101,450,41,71,1,1,-1,-1
18,42,540,186,25,26,1,1,-1,-1
18,43,688,180,23,54,1,1,-1,-1
18,45,530,181,29,30,1,2,-1,-1
18,46,591,233,47,90,1,1,-1,-1
18,51,710,153,14,32,1,1,-1,-1
18,53,402,236,24,56,1,1,-1,-1
18,55,805,127,31,41,1,1,-1,-1
19,3,395,228,35,83,1,1,-1,-1
19,5,591,331,23,53,1,1,-1,-1
19,6,368,227,20,46,1,1,-1,-1
19,8,775,247,37,53,1,10,-1,-1
19,9,559,254,33,63,1,10,-1,-1
19,13,595,316,14,39,1,1,-1,-1
19,23,604,337,31,72,1,2,-1,-1
19,24,555,300,39,106,1,1,-1,-1
19,33,607,242,58,48,1,1,-1,-1
19,36,779,229,31,61,1,1,-1,-1
19,37,1088,471,79,105,1,1,-1,-1
19,42,550,166,35,37,1,1,-1,-1
19,43,688,181,23,54,1,1,-1,-1
19,45,540,186,25,26,1,2,-1,-1
19,46,609,233,39,32,1,1,-1,-1
19,51,707,175,24,57,1,1,-1,-1
19,53,401,237,24,56,1,1,-1,-1
19,55,805,127,32,41,1,1,-1,-1
19,56,1099,448,68,97,1,1,-1,-1
19,59,624,272,39,74,1,1,-1,-1
19,60,759,240,22,44,1,1,-1,-1
20,3,395,226,35,83,1,1,-1,-1
20,5,582,299,28,77,1,1,-1,-1
20,6,347,287,28,57,1,1,-1,-1
20,8,778,250,37,54,1,10,-1,-1
20,9,580,278,14,42,1,10,-1,-1
20,13,599,301,74,57,1,1,-1,-1
20,23,592,334,23,54,1,2,-1,-1
20,33,602,235,71,59,1,1,-1,-1
20,36,781,232,33,62,1,1,-1,-1
20,37,1089,471,78,104,1,1,-1,-1
20,42,540,143,35,37,1,1,-1,-1
20,43,719,231,54,79,1,1,-1,-1
20,45,504,186,20,49,1,2,-1,-1
20,46,607,243,58,48,1,1,-1,-1
20,51,691,156,24,57,1,1,-1,-1
20,53,400,236,24,56,1,1,-1,-1
20,55,805,127,32,41,1,1,-1,-1
20,56,1100,448,68,97,1,1,-1,-1
20,59,592,289,83,64,1,1,-1,-1
20,60,766,253,38,72,1,1,-1,-1
20,61,577,211,32,62,1,1,-1,-1
21,3,403,255,19,43,1,1,-1,-1
21,5,577,321,31,73,1,1,-1,-1
21,6,329,297,28,57,1,1,-1,-1
21,8,780,254,38,54,1,10,-1,-1
21,9,581,301,28,81,1,10,-1,-1
21,13,598,303,75,57,1,1,-1,-1
21,23,591,336,23,55,1,2,-1,-1
21,33,607,245,58,48,1,1,-1,-1
21,36,783,235,35,63,1,1,-1,-1
21,37,1090,470,78,105,1,1,-1,-1
21,42,541,187,25,26,1,1,-1,-1
21,43,758,258,38,54,1,1,-1,-1
21,45,496,179,14,34,1,2,-1,-1
21,46,597,272,60,46,1,1,-1,-1
21,51,700,266,28,48,1,1,-1,-1
21,53,398,238,24,58,1,1,-1,-1
21,56,1101,447,68,97,1,1,-1,-1
21,59,628,258,53,101,1,1,-1,-1
21,60,787,226,54,76,1,1,-1,-1
21,61,578,200,32,62,1,1,-1,-1
21,62,398,266,28,63,1,1,-1,-1
22,3,405,251,19,43,1,1,-1,-1
22,5,611,305,91,70,1,1,-1,-1
22,6,333,269,39,79,1,1,-1,-1
22,8,782,256,38,54,1,10,-1,-1
22,9,567,316,28,81,1,10,-1,-1
22,13,631,267,57,110,1,1,-1,-1
22,23,590,339,24,55,1,2,-1,-1
22,33,587,250,28,53,1,1,-1,-1
22,36,786,238,35,63,1,1,-1,-1
22,37,1090,470,78,104,1,1,-1,-1
22,42,541,187,25,27,1,1,-1,-1
22,43,701,269,29,50,1,1,-1,-1
22,45,484,183,14,34,1,2,-1,-1
22,46,626,275,39,76,1,1,-1,-1
22,51,691,275,37,64,1,1,-1,-1
22,53,397,237,24,58,1,1,-1,-1
22,56,1102,447,68,97,1,1,-1,-1
22,59,663,293,26,51,1,1,-1,-1
22,60,812,226,54,76,1,1,-1,-1
22,61,548,197,26,28,1,1,-1,-1
22,62,342,290,28,57,1,1,-1,-1
22,63,1095,495,108,144,1,1,-1,-1
23,3,396,263,16,37,1,1,-1,-1
23,5,596,308,77,58,1,1,-1,-1
23,6,339,292,28,57,1,1,-1,-1
23,8,775,281,53,76,1,10,-1,-1
23,9,580,305,27,90,1,10,-1,-1
23,13,626,276,40,77,1,1,-1,-1
23,23,590,341,23,56,1,2,-1,-1
23,33,556,260,22,66,1,1,-1,-1
23,36,785,260,39,56,1,1,-1,-1
23,37,1083,449,99,133,1,1,-1,-1
23,42,513,182,20,49,1,1,-1,-1
23,43,702,272,30,52,1,1,-1,-1
23,45,395,240,24,58,1,2,-1,-1
23,46,578,243,33,65,1,1,-1,-1
23,51,684,295,37,64,1,1,-1,-1
23,53,389,237,23,55,1,1,-1,-1
23,56,1103,447,68,97,1,1,-1,-1
23,59,594,243,75,62,1,1,-1,-1
23,60,809,127,32,42,1,1,-1,-1
23,61,541,187,25,27,1,1,-1,-1
23,62,386,254,21,47,1,1,-1,-1
23,63,1091,469,78,105,1,1,-1,-1
24,3,398,258,19,43,1,1,-1,-1
24,5,599,272,59,49,1,1,-1,-1
24,6,337,293,28,58,1,1,-1,-1
24,8,788,264,39,57,1,10,-1,-1
24,9,555,261,22,67,1,10,-1,-1
24,13,616,262,37,31,1,1,-1,-1
24,23,595,310,78,58,1,2,-1,-1
24,33,578,244,33,66,1,1,-1,-1
24,36,790,244,25,66,1,1,-1,-1
24,37,1092,469,77,104,1,1,-1,-1
24,42,498,182,14,34,1,1,-1,-1
24,43,627,277,39,77,1,1,-1,-1
24,45,372,249,24,58,1,2,-1,-1
24,46,593,244,74,61,1,1,-1,-1
24,51,608,302,81,60,1,1,-1,-1
24,53,394,240,24,59,1,1,-1,-1
24,56,1096,420,73,104,1,1,-1,-1
24,59,608,249,58,48,1,1,-1,-1
24,60,841,129,37,49,1,1,-1,-1
24,61,537,170,25,27,1,1,-1,-1
24,62,369,271,14,33,1,1,-1,-1
24,63,1092,478,78,105,1,1,-1,-1
25,3,411,260,20,50,1,1,-1,-1
25,5,565,263,29,90,1,1,-1,-1
25,6,346,316,23,48,1,1,-1,-1
25,8,792,246,25,68,1,10,-1,-1
25,9,555,262,22,67,1,10,-1,-1
25,13,608,250,58,48,1,1,-1,-1
25,23,579,309,27,89,1,2,-1,-1
25,33,548,231,26,79,1,1,-1,-1
25,36,787,251,15,41,1,1,-1,-1
25,37,1093,469,77,104,1,1,-1,-1
25,42,517,155,37,42,1,1,-1,-1
25,43,595,313,78,58,1,1,-1,-1
25,45,334,295,28,58,1,2,-1,-1
25,46,578,245,33,66,1,1,-1,-1
25,51,589,346,23,57,1,1,-1,-1
25,53,392,241,24,59,1,1,-1,-1
25,56,1109,450,41,71,1,1,-1,-1
25,59,619,239,36,30,1,1,-1,-1
25,60,857,96,37,49,1,1,-1,-1
25,61,541,187,25,28,1,1,-1,-1
25,62,396,259,19,43,1,1,-1,-1
26,3,411,260,20,50,1,1,-1,-1
26,5,556,317,106,79,1,1,-1,-1
26,6,332,297,28,58,1,1,-1,-1
26,8,795,249,25,68,1,10,-1,-1
26,9,555,264,22,67,1,10,-1,-1
26,13,628,280,40,78,1,1,-1,-1
26,23,586,347,12,29,1,2,-1,-1
26,33,540,231,26,79,1,1,-1,-1
26,36,788,254,15,41,1,1,-1,-1
26,37,1094,468,76,105,1,1,-1,-1
26,42,503,153,37,42,1,1,-1,-1
26,43,594,315,79,59,1,1,-1,-1
26,45,302,316,28,58,1,2,-1,-1
26,46,578,246,33,67,1,1,-1,-1
26,51,588,349,24,57,1,1,-1,-1
26,53,380,218,30,75,1,1,-1,-1
26,56,1110,450,41,71,1,1,-1,-1
26,59,690,186,24,57,1,1,-1,-1
26,61,536,176,25,28,1,1,-1,-1
26,62,390,259,19,43,1,1,-1,-1
26,69,715,177,16,38,1,1,-1,-1
27,5,599,239,37,74,1,1,-1,-1
27,6,330,298,27,59,1,1,-1,-1
27,8,799,274,42,64,1,10,-1,-1
27,9,578,247,34,67,1,10,-1,-1
27,13,601,248,84,69,1,1,-1,-1
27,23,602,352,18,45,1,2,-1,-1
27,33,546,201,32,36,1,1,-1,-1
27,36,799,253,34,68,1,1,-1,-1
27,37,1095,468,76,104,1,1,-1,-1
27,42,536,185,16,18,1,1,-1,-1
27,43,593,318,80,58,1,1,-1,-1
27,45,341,326,20,43,1,2,-1,-1
27,46,562,199,36,40,1,1,-1,-1
27,51,561,373,24,57,1,1,-1,-1
27,53,386,239,24,52,1,1,-1,-1
27,56,1109,447,41,71,1,1,-1,-1
27,59,687,173,24,57,1,1,-1,-1
27,61,542,188,25,28,1,1,-1,-1
27,69,718,191,16,38,1,1,-1,-1
28,5,579,248,33,67,1,1,-1,-1
28,6,373,236,25,66,1,1,-1,-1
28,8,802,257,55,84,1,10,-1,-1
28,9,553,266,22,68,1,10,-1,-1
28,13,608,254,58,48,1,1,-1,-1
28,23,592,320,81,59,1,2,-1,-1
28,33,537,192,32,36,1,1,-1,-1
28,36,802,257,38,70,1,1,-1,-1
28,37,1096,468,75,104,1,1,-1,-1
28,42,501,185,14,35,1,1,-1,-1
28,43,641,313,26,51,1,1,-1,-1
28,45,327,300,28,59,1,2,-1,-1
28,46,555,198,36,40,1,1,-1,-1
28,51,576,316,27,93,1,1,-1,-1
28,53,387,244,23,60,1,1,-1,-1
28,56,1107,433,47,81,1,1,-1,-1
28,59,690,188,24,57,1,1,-1,-1
28,61,542,188,25,28,1,1,-1,-1
28,69,714,263,31,60,1,1,-1,-1
28,70,1112,450,41,71,1,1,-1,-1
29,5,580,236,33,67,1,1,-1,-1
29,6,390,263,19,42,1,1,-1,-1
29,8,806,281,44,69,1,10,-1,-1
29,9,552,268,22,67,1,10,-1,-1
29,13,707,289,24,38,1,1,-1,-1
29,23,587,357,24,59,1,2,-1,-1
29,33,536,197,25,29,1,1,-1,-1
29,36,809,261,37,74,1,1,-1,-1
29,37,1097,467,75,104,1,1,-1,-1
29,42,502,186,14,35,1,1,-1,-1
29,43,592,323,82,59,1,1,-1,-1
29,45,325,302,27,59,1,2,-1,-1
29,51,576,318,27,94,1,1,-1,-1
29,53,394,243,32,86,1,1,-1,-1
29,56,1114,402,77,111,1,1,-1,-1
29,59,703,172,24,57,1,1,-1,-1
29,61,542,188,25,29,1,1,-1,-1
29,69,703,289,32,58,1,1,-1,-1
29,70,1141,422,88,125,1,1,-1,-1
30,5,594,254,64,53,1,1,-1,-1
30,6,398,249,19,42,1,1,-1,-1
30,8,819,319,27,43,1,10,-1,-1
30,9,579,250,33,68,1,10,-1,-1
30,13,608,257,58,48,1,1,-1,-1
30,23,591,325,84,60,1,2,-1,-1
30,33,530,184,25,29,1,1,-1,-1
30,36,812,266,34,74,1,1,-1,-1
30,37,1098,467,74,104,1,1,-1,-1
30,42,496,189,14,35,1,1,-1,-1
30,43,630,288,41,78,1,1,-1,-1
30,45,313,311,27,59,1,2,-1,-1
30,51,563,323,27,94,1,1,-1,-1
30,53,388,264,19,42,1,1,-1,-1
30,56,1144,452,26,45,1,1,-1,-1
30,59,707,218,21,52,1,1,-1,-1
30,61,554,195,13,16,1,1,-1,-1
30,69,635,265,46,88,1,1,-1,-1
30,70,1139,420,88,125,1,1,-1,-1
30,75,715,297,39,62,1,1,-1,-1
30,77,716,269,32,60,1,1,-1,-1
30,78,707,299,33,60,1,2,-1,-1
30,80,1110,444,68,97,1,1,-1,-1
31,5,591,243,37,77,1,1,-1,-1
31,8,813,291,47,72,1,10,-1,-1
31,9,579,251,33,69,1,10,-1,-1
31,13,608,258,58,48,1,1,-1,-1
31,23,590,350,35,84,1,2,-1,-1
31,33,503,187,14,35,1,1,-1,-1
31,36,816,271,34,74,1,1,-1,-1
31,37,1099,467,74,104,1,1,-1,-1
31,42,539,258,28,87,1,1,-1,-1
31,43,583,257,81,67,1,1,-1,-1
31,51,574,323,27,97,1,1,-1,-1
31,53,387,265,19,42,1,1,-1,-1
31,56,1140,447,21,36,1,1,-1,-1
31,59,692,191,24,58,1,1,-1,-1
31,61,543,189,25,29,1,1,-1,-1
31,69,570,278,31,97,1,1,-1,-1
31,70,1139,466,37,52,1,1,-1,-1
31,75,722,296,26,49,1,1,-1,-1
31,76,816,127,33,43,1,1,-1,-1
31,77,718,272,32,60,1,1,-1,-1
31,78,630,290,41,79,1,2,-1,-1
31,80,1111,443,68,97,1,1,-1,-1
31,81,1115,449,41,71,1,1,-1,-1
32,5,579,252,33,69,1,1,-1,-1
32,8,817,298,48,72,1,10,-1,-1
32,9,546,202,19,22,1,10,-1,-1
32,13,617,260,35,29,1,1,-1,-1
32,23,591,329,86,62,1,2,-1,-1
32,33,503,187,14,35,1,1,-1,-1
32,36,827,267,23,48,1,1,-1,-1
32,37,1089,457,89,125,1,1,-1,-1
32,42,540,273,28,87,1,1,-1,-1
32,43,608,259,58,48,1,1,-1,-1
32,51,584,366,26,61,1,1,-1,-1
32,53,380,248,22,61,1,1,-1,-1
32,56,1146,446,21,36,1,1,-1,-1
32,59,693,192,24,59,1,1,-1,-1
32,61,542,189,25,29,1,1,-1,-1
32,69,546,295,31,97,1,1,-1,-1
32,70,1146,465,37,52,1,1,-1,-1
32,75,724,300,27,51,1,1,-1,-1
32,76,816,127,33,43,1,1,-1,-1
32,77,721,298,21,40,1,1,-1,-1
32,78,663,316,29,56,1,2,-1,-1
32,80,1101,467,74,104,1,1,-1,-1
32,81,1117,446,41,71,1,1,-1,-1
33,5,580,253,33,70,1,1,-1,-1
33,8,821,305,49,72,1,10,-1,-1
33,9,552,199,19,22,1,10,-1,-1
33,13,608,261,58,48,1,1,-1,-1
33,23,590,332,88,62,1,2,-1,-1
33,33,490,180,14,35,1,1,-1,-1
33,36,844,273,38,82,1,1,-1,-1
33,37,1090,457,89,125,1,1,-1,-1
33,42,572,328,30,98,1,1,-1,-1
33,43,623,277,38,32,1,1,-1,-1
33,51,583,369,26,61,1,1,-1,-1
33,53,378,250,22,61,1,1,-1,-1
33,59,693,193,25,59,1,1,-1,-1
33,61,542,189,25,29,1,1,-1,-1
33,75,711,295,37,68,1,1,-1,-1
33,76,815,130,37,47,1,1,-1,-1
33,77,701,317,26,49,1,1,-1,-1
33,78,629,284,48,89,1,2,-1,-1
33,80,1114,443,68,97,1,1,-1,-1
33,86,1114,491,53,74,1,1,-1,-1
34,5,579,255,34,71,1,1,-1,-1
34,8,827,303,53,77,1,10,-1,-1
34,13,608,262,58,48,1,1,-1,-1
34,23,590,334,89,63,1,2,-1,-1
34,36,825,281,33,70,1,1,-1,-1
34,42,593,375,18,41,1,1,-1,-1
34,43,596,243,83,69,1,1,-1,-1
34,51,582,372,27,62,1,1,-1,-1
34,53,375,250,22,61,1,1,-1,-1
34,59,738,184,22,53,1,1,-1,-1
34,61,511,201,31,36,1,1,-1,-1
34,75,723,287,34,64,1,1,-1,-1
34,76,817,118,41,53,1,1,-1,-1
34,77,723,315,39,65,1,1,-1,-1
34,78,632,296,42,79,1,2,-1,-1
34,80,1116,443,68,98,1,1,-1,-1
34,86,1107,468,74,104,1,1,-1,-1
34,87,727,310,28,53,1,1,-1,-1
34,88,810,244,42,90,1,1,-1,-1
35,5,568,280,21,63,1,1,-1,-1
35,8,829,319,51,73,1,10,-1,-1
35,13,578,257,35,72,1,1,-1,-1
35,23,630,327,22,42,1,2,-1,-1
35,36,830,290,33,64,1,1,-1,-1
35,42,581,375,28,63,1,1,-1,-1
35,43,608,263,58,48,1,1,-1,-1
35,51,554,395,30,68,1,1,-1,-1
35,59,695,195,25,60,1,1,-1,-1
35,61,511,186,16,42,1,1,-1,-1
35,75,724,293,35,66,1,1,-1,-1
35,76,818,119,41,53,1,1,-1,-1
35,77,724,319,38,66,1,1,-1,-1
35,78,618,291,53,101,1,2,-1,-1
35,80,1118,444,68,98,1,1,-1,-1
35,86,1110,469,74,104,1,1,-1,-1
35,87,729,314,29,55,1,1,-1,-1
35,88,820,291,31,61,1,1,-1,-1
35,89,307,316,29,63,1,2,-1,-1
35,90,698,132,20,32,1,1,-1,-1
36,5,545,281,25,71,1,1,-1,-1
36,8,811,299,46,98,1,10,-1,-1
36,13,578,260,35,72,1,1,-1,-1
36,23,619,309,58,113,1,2,-1,-1
36,36,835,296,34,67,1,1,-1,-1
36,42,596,407,28,63,1,1,-1,-1
36,43,608,254,58,48,1,1,-1,-1
36,51,555,402,30,68,1,1,-1,-1
36,59,695,196,26,60,1,1,-1,-1
36,61,506,199,15,38,1,1,-1,-1
36,75,724,298,37,69,1,1,-1,-1
36,76,820,127,34,44,1,1,-1,-1
36,77,710,360,19,34,1,1,-1,-1
36,78,590,339,92,64,1,2,-1,-1
36,80,1120,444,69,99,1,1,-1,-1
36,86,1112,469,74,104,1,1,-1,-1
36,87,729,313,29,55,1,1,-1,-1
36,88,820,287,43,93,1,1,-1,-1
36,89,367,268,26,57,1,2,-1,-1
36,90,698,132,20,32,1,1,-1,-1
36,93,548,337,24,73,1,1,-1,-1
37,5,539,287,25,71,1,1,-1,-1
37,8,841,335,54,79,1,10,-1,-1
37,13,606,266,61,48,1,1,-1,-1
37,23,633,305,43,83,1,2,-1,-1
37,36,842,294,49,102,1,1,-1,-1
37,42,579,383,30,65,1,1,-1,-1
37,43,549,179,33,38,1,1,-1,-1
37,51,532,377,43,92,1,1,-1,-1
37,59,696,196,26,60,1,1,-1,-1
37,61,505,187,14,37,1,1,-1,-1
37,75,725,304,38,71,1,1,-1,-1
37,76,812,135,25,32,1,1,-1,-1
37,77,725,337,27,50,1,1,-1,-1
37,78,582,345,122,86,1,2,-1,-1
37,80,1114,451,70,100,1,1,-1,-1
37,86,1115,470,74,104,1,1,-1,-1
37,87,650,330,28,54,1,1,-1,-1
37,88,841,302,34,71,1,1,-1,-1
37,89,300,322,30,65,1,2,-1,-1
37,90,699,133,20,33,1,1,-1,-1
37,93,547,326,24,73,1,1,-1,-1
37,95,466,178,17,44,1,1,-1,-1
38,5,540,268,30,85,1,1,-1,-1
38,8,845,300,52,119,1,10,-1,-1
38,13,604,268,64,48,1,1,-1,-1
38,23,634,309,43,84,1,2,-1,-1
38,36,847,308,38,86,1,1,-1,-1
38,42,578,388,31,66,1,1,-1,-1
38,43,539,194,26,30,1,1,-1,-1
38,51,569,345,29,106,1,1,-1,-1
38,59,697,198,26,61,1,1,-1,-1
38,61,497,189,14,37,1,1,-1,-1
38,75,728,309,39,73,1,1,-1,-1
38,76,822,127,34,44,1,1,-1,-1
38,77,727,335,43,72,1,1,-1,-1
38,78,605,351,52,37,1,2,-1,-1
38,80,1124,446,69,99,1,1,-1,-1
38,86,1118,470,74,104,1,1,-1,-1
38,87,646,351,33,65,1,1,-1,-1
38,88,863,302,34,72,1,1,-1,-1
38,89,355,291,16,36,1,2,-1,-1
38,90,699,133,20,33,1,1,-1,-1
38,93,577,265,36,73,1,1,-1,-1
38,95,466,175,17,44,1,1,-1,-1
38,96,1133,449,43,71,1,1,-1,-1
38,99,368,259,23,62,1,1,-1,-1
39,5,542,287,26,74,1,1,-1,-1
39,8,850,308,52,119,1,10,-1,-1
39,13,601,269,67,49,1,1,-1,-1
39,23,620,276,55,40,1,2,-1,-1
39,36,852,314,39,89,1,1,-1,-1
39,42,581,402,31,66,1,1,-1,-1
39,43,538,194,26,31,1,1,-1,-1
39,51,568,349,29,107,1,1,-1,-1
39,59,697,199,27,61,1,1,-1,-1
39,75,736,333,31,60,1,1,-1,-1
39,76,823,128,34,44,1,1,-1,-1
39,77,728,341,45,74,1,1,-1,-1
39,78,589,349,95,69,1,2,-1,-1
39,80,1118,443,83,119,1,1,-1,-1
39,86,1121,469,74,104,1,1,-1,-1
39,87,703,314,43,79,1,1,-1,-1
39,88,853,303,36,82,1,1,-1,-1
39,89,293,328,31,67,1,2,-1,-1
39,90,700,134,20,33,1,1,-1,-1
39,93,576,267,37,74,1,1,-1,-1
39,96,1136,449,43,71,1,1,-1,-1
39,99,366,260,24,63,1,1,-1,-1
39,102,853,352,57,84,1,1,-1,-1
40,5,541,289,27,74,1,1,-1,-1
40,13,558,271,98,69,1,1,-1,-1
40,23,599,271,70,49,1,2,-1,-1
40,36,860,323,44,93,1,1,-1,-1
40,42,582,418,27,57,1,1,-1,-1
40,43,506,187,14,38,1,1,-1,-1
40,51,567,353,30,108,1,1,-1,-1
40,59,696,201,27,61,1,1,-1,-1
40,75,734,319,42,77,1,1,-1,-1
40,76,824,128,34,44,1,1,-1,-1
40,77,731,334,68,108,1,1,-1,-1
40,78,589,353,96,70,1,2,-1,-1
40,80,1128,447,70,100,1,1,-1,-1
40,86,1121,471,82,105,1,1,-1,-1
40,87,606,346,114,83,1,1,-1,-1
40,88,857,320,36,81,1,1,-1,-1
40,89,289,331,32,68,1,2,-1,-1
40,90,701,135,19,33,1,1,-1,-1
40,93,578,296,29,57,1,1,-1,-1
40,96,1139,449,43,71,1,1,-1,-1
40,99,364,262,24,63,1,1,-1,-1
40,102,852,337,77,112,1,1,-1,-1
40,103,730,348,47,75,1,1,-1,-1
40,104,361,295,22,52,1,2,-1,-1
40,105,634,316,44,87,1,1,-1,-1
41,5,540,291,27,75,1,1,-1,-1
41,13,562,272,98,69,1,1,-1,-1
41,23,599,273,71,50,1,2,-1,-1
41,36,869,333,48,97,1,1,-1,-1
41,42,583,428,27,57,1,1,-1,-1
41,43,542,201,18,20,1,1,-1,-1
41,51,566,357,31,109,1,1,-1,-1
41,75,737,325,44,79,1,1,-1,-1
41,76,826,128,34,44,1,1,-1,-1
41,77,740,343,47,84,1,1,-1,-1
41,78,586,359,96,70,1,2,-1,-1
41,80,1131,448,70,100,1,1,-1,-1
41,86,1124,472,80,105,1,1,-1,-1
41,87,740,343,32,62,1,1,-1,-1
41,88,882,337,35,71,1,1,-1,-1
41,89,249,334,45,95,1,2,-1,-1
41,90,701,135,20,34,1,1,-1,-1
41,93,585,285,29,57,1,1,-1,-1
41,96,1119,440,46,77,1,1,-1,-1
41,99,369,251,34,90,1,1,-1,-1
41,102,862,352,65,95,1,1,-1,-1
41,103,733,356,49,77,1,1,-1,-1
41,104,362,264,24,63,1,2,-1,-1
41,105,635,320,44,88,1,1,-1,-1
42,5,574,274,39,76,1,1,-1,-1
42,13,635,323,45,91,1,1,-1,-1
42,23,599,275,72,51,1,2,-1,-1
42,36,872,342,54,100,1,1,-1,-1
42,42,576,410,33,68,1,1,-1,-1
42,43,525,178,28,32,1,1,-1,-1
42,51,566,361,31,110,1,1,-1,-1
42,75,739,333,45,81,1,1,-1,-1
42,76,826,129,35,45,1,1,-1,-1
42,77,747,381,35,54,1,1,-1,-1
42,78,588,360,98,73,1,2,-1,-1
42,80,1134,448,70,101,1,1,-1,-1
42,86,1159,496,46,63,1,1,-1,-1
42,87,743,353,34,64,1,1,-1,-1
42,88,888,345,35,71,1,1,-1,-1
42,89,240,343,45,95,1,2,-1,-1
42,90,702,136,19,34,1,1,-1,-1
42,93,558,338,130,97,1,1,-1,-1
42,96,1126,464,53,76,1,1,-1,-1
42,99,368,252,34,90,1,1,-1,-1
42,102,872,378,62,92,1,1,-1,-1
42,103,736,364,51,79,1,1,-1,-1
42,104,360,265,25,64,1,2,-1,-1
42,105,616,319,61,123,1,1,-1,-1
42,108,535,201,38,44,1,1,-1,-1
42,112,1128,473,77,105,1,1,-1,-1
43,5,538,295,28,77,1,1,-1,-1
43,13,622,348,78,60,1,1,-1,-1
43,23,574,277,39,76,1,2,-1,-1
43,36,882,352,55,103,1,1,-1,-1
43,42,575,415,34,69,1,1,-1,-1
43,43,536,197,27,31,1,1,-1,-1
43,51,564,364,34,112,1,1,-1,-1
43,75,741,341,46,84,1,1,-1,-1
43,76,827,130,35,45,1,1,-1,-1
43,77,753,386,35,54,1,1,-1,-1
43,78,588,363,99,75,1,2,-1,-1
43,80,1153,438,30,51,1,1,-1,-1
43,86,1130,474,78,106,1,1,-1,-1
43,87,863,356,31,66,1,1,-1,-1
43,88,876,347,44,94,1,1,-1,-1
43,90,696,140,17,29,1,1,-1,-1
43,93,626,359,57,44,1,1,-1,-1
43,96,1147,452,43,72,1,1,-1,-1
43,102,880,386,63,95,1,1,-1,-1
43,103,739,371,51,79,1,1,-1,-1
43,104,358,263,25,64,1,2,-1,-1
43,105,635,327,45,92,1,1,-1,-1
43,108,540,210,32,37,1,1,-1,-1
43,112,1137,449,71,101,1,1,-1,-1
44,5,573,279,41,78,1,1,-1,-1
44,13,630,366,78,60,1,1,-1,-1
44,23,599,278,73,52,1,2,-1,-1
44,36,890,362,55,103,1,1,-1,-1
44,42,553,450,26,53,1,1,-1,-1
44,43,536,198,26,31,1,1,-1,-1
44,51,563,368,37,113,1,1,-1,-1
44,75,743,349,48,87,1,1,-1,-1
44,76,828,131,35,45,1,1,-1,-1
44,77,744,380,51,85,1,1,-1,-1
44,78,544,351,123,93,1,2,-1,-1
44,80,1163,466,23,39,1,1,-1,-1
44,86,1132,476,80,107,1,1,-1,-1
44,87,880,361,31,66,1,1,-1,-1
44,88,884,357,44,94,1,1,-1,-1
44,90,703,137,19,34,1,1,-1,-1
44,93,588,367,100,76,1,1,-1,-1
44,96,1111,453,87,122,1,1,-1,-1
44,102,888,395,65,98,1,1,-1,-1
44,103,712,375,68,114,1,1,-1,-1
44,104,359,276,23,59,1,2,-1,-1
44,105,636,331,45,93,1,1,-1,-1
44,108,512,200,32,37,1,1,-1,-1
44,112,1140,450,72,101,1,1,-1,-1
44,115,510,190,13,34,1,1,-1,-1
44,118,733,354,48,88,1,1,-1,-1
45,5,572,281,42,79,1,1,-1,-1
45,13,617,344,98,77,1,1,-1,-1
45,23,599,280,74,53,1,2,-1,-1
45,36,900,373,54,114,1,1,-1,-1
45,42,574,426,35,70,1,1,-1,-1
45,43,511,191,13,34,1,1,-1,-1
45,51,564,374,32,116,1,1,-1,-1
45,75,746,370,26,46,1,1,-1,-1
45,76,829,131,36,46,1,1,-1,-1
45,77,751,378,59,103,1,1,-1,-1
45,78,588,370,101,78,1,2,-1,-1
45,80,1115,431,66,92,1,1,-1,-1
45,86,1135,477,80,107,1,1,-1,-1
45,90,702,138,19,34,1,1,-1,-1
45,93,622,357,80,63,1,1,-1,-1
45,96,1115,454,87,122,1,1,-1,-1
45,102,885,412,81,112,1,1,-1,-1
45,103,752,401,44,77,1,1,-1,-1
45,104,354,271,25,64,1,2,-1,-1
45,105,636,334,46,95,1,1,-1,-1
45,108,450,202,22,38,1,1,-1,-1
45,112,1148,448,72,101,1,1,-1,-1
45,115,454,201,15,26,1,1,-1,-1
45,118,721,350,48,88,1,1,-1,-1
45,120,574,365,130,100,1,2,-1,-1
45,121,628,281,62,45,1,1,-1,-1
45,122,536,299,29,79,1,1,-1,-1
46,5,548,262,40,106,1,1,-1,-1
46,13,622,361,81,65,1,1,-1,-1
46,23,571,305,29,54,1,2,-1,-1
46,36,902,351,75,156,1,1,-1,-1
46,42,573,431,36,71,1,1,-1,-1
46,43,525,187,27,32,1,1,-1,-1
46,51,563,377,37,120,1,1,-1,-1
46,75,749,378,26,46,1,1,-1,-1
46,76,830,132,36,46,1,1,-1,-1
46,77,754,387,59,103,1,1,-1,-1
46,78,608,368,90,70,1,2,-1,-1
46,80,1155,456,43,72,1,1,-1,-1
46,86,1137,480,82,109,1,1,-1,-1
46,93,619,377,85,68,1,1,-1,-1
46,96,1131,473,55,93,1,1,-1,-1
46,102,901,425,80,104,1,1,-1,-1
46,103,753,400,48,89,1,1,-1,-1
46,104,352,272,26,64,1,2,-1,-1
46,105,638,363,36,74,1,1,-1,-1
46,108,421,196,22,38,1,1,-1,-1
46,112,1147,452,72,102,1,1,-1,-1
46,115,455,201,15,26,1,1,-1,-1
46,119,713,206,24,57,1,1,-1,-1
46,120,569,368,130,100,1,2,-1,-1
46,121,592,262,37,70,1,1,-1,-1
46,122,535,301,30,80,1,1,-1,-1
46,124,363,291,19,49,1,1,-1,-1
47,5,560,279,40,74,1,1,-1,-1
47,13,622,366,83,66,1,1,-1,-1
47,23,571,286,43,80,1,2,-1,-1
47,36,916,439,101,137,1,1,-1,-1
47,42,573,437,36,71,1,1,-1,-1
47,43,513,193,13,34,1,1,-1,-1
47,51,562,385,36,119,1,1,-1,-1
47,75,753,374,54,95,1,1,-1,-1
47,76,832,133,35,46,1,1,-1,-1
47,77,760,453,48,95,1,1,-1,-1
47,78,588,380,103,80,1,2,-1,-1
47,80,1158,458,42,72,1,1,-1,-1
47,86,1140,481,81,108,1,1,-1,-1
47,93,629,391,56,44,1,1,-1,-1
47,96,1132,479,55,93,1,1,-1,-1
47,102,909,474,60,81,1,1,-1,-1
47,103,762,407,40,70,1,1,-1,-1
47,104,350,274,26,64,1,2,-1,-1
47,105,603,358,51,107,1,1,-1,-1
47,108,448,204,22,38,1,1,-1,-1
47,112,1153,450,72,102,1,1,-1,-1
47,115,461,215,21,37,1,1,-1,-1
47,119,740,134,15,29,1,1,-1,-1
47,120,757,407,29,57,1,2,-1,-1
47,121,599,283,76,55,1,1,-1,-1
47,122,534,304,30,81,1,1,-1,-1
47,123,265,353,35,75,1,1,-1,-1
47,124,364,293,19,49,1,1,-1,-1
48,5,523,218,23,28,1,1,-1,-1
48,13,622,371,84,67,1,1,-1,-1
48,23,548,325,29,78,1,2,-1,-1
48,36,926,448,101,137,1,1,-1,-1
48,42,572,442,37,72,1,1,-1,-1
48,43,511,184,10,23,1,1,-1,-1
48,51,557,450,29,56,1,1,-1,-1
48,75,755,382,54,95,1,1,-1,-1
48,76,851,147,19,25,1,1,-1,-1
48,77,764,468,48,95,1,1,-1,-1
48,78,588,386,104,81,1,2,-1,-1
48,80,1161,460,42,71,1,1,-1,-1
48,86,1168,491,44,58,1,1,-1,-1
48,93,632,380,65,52,1,1,-1,-1
48,102,918,488,60,81,1,1,-1,-1
48,103,765,418,42,71,1,1,-1,-1
48,104,359,295,19,51,1,2,-1,-1
48,105,562,393,35,118,1,1,-1,-1
48,108,447,205,23,39,1,1,-1,-1
48,112,1153,454,73,102,1,1,-1,-1
48,115,514,194,14,34,1,1,-1,-1
48,119,705,139,19,36,1,1,-1,-1
48,120,781,402,29,57,1,2,-1,-1
48,121,696,219,23,56,1,1,-1,-1
48,122,533,306,31,82,1,1,-1,-1
48,123,261,356,36,76,1,1,-1,-1
49,5,523,217,23,28,1,1,-1,-1
49,13,576,301,106,76,1,1,-1,-1
49,23,532,320,36,96,1,2,-1,-1
49,36,944,471,78,112,1,1,-1,-1
49,42,572,448,38,73,1,1,-1,-1
49,43,506,184,10,23,1,1,-1,-1
49,51,557,456,29,56,1,1,-1,-1
49,75,735,395,57,99,1,1,-1,-1
49,76,852,148,19,25,1,1,-1,-1
49,77,765,434,46,97,1,1,-1,-1
49,78,579,376,150,118,1,2,-1,-1
49,80,1148,436,83,114,1,1,-1,-1
49,86,1147,485,79,104,1,1,-1,-1
49,93,625,354,121,98,1,1,-1,-1
49,102,946,474,63,91,1,1,-1,-1
49,103,769,429,43,72,1,1,-1,-1
49,104,357,297,19,52,1,2,-1,-1
49,105,562,400,36,118,1,1,-1,-1
49,108,428,203,23,39,1,1,-1,-1
49,112,1156,455,74,102,1,1,-1,-1
49,115,515,195,14,34,1,1,-1,-1
49,119,706,140,19,36,1,1,-1,-1
49,120,760,394,57,99,1,2,-1,-1
49,121,694,217,23,56,1,1,-1,-1
49,122,532,308,31,83,1,1,-1,-1
49,123,258,360,36,76,1,1,-1,-1
49,126,533,202,27,32,1,1,-1,-1
50,5,533,203,27,31,1,1,-1,-1
50,13,599,290,78,56,1,1,-1,-1
50,23,531,311,32,84,1,2,-1,-1
50,36,957,495,78,112,1,1,-1,-1
50,42,588,398,106,84,1,1,-1,-1
50,51,607,338,60,131,1,1,-1,-1
50,75,763,405,58,101,1,1,-1,-1
50,76,840,118,45,57,1,1,-1,-1
50,77,769,446,47,102,1,1,-1,-1
50,78,623,361,38,82,1,2,-1,-1
50,80,1166,463,42,71,1,1,-1,-1
50,86,1151,482,79,104,1,1,-1,-1
50,93,638,353,47,102,1,1,-1,-1
50,102,964,440,56,121,1,1,-1,-1
50,103,773,439,44,74,1,1,-1,-1
50,104,357,301,19,52,1,2,-1,-1
50,105,542,418,36,118,1,1,-1,-1
50,108,427,197,31,53,1,1,-1,-1
50,112,1160,456,74,103,1,1,-1,-1
50,115,516,196,14,34,1,1,-1,-1
50,119,707,141,19,36,1,1,-1,-1
50,120,794,394,57,99,1,2,-1,-1
50,121,699,213,27,66,1,1,-1,-1
50,122,546,280,38,100,1,1,-1,-1
50,123,254,363,37,77,1,1,-1,-1
50,126,549,208,31,36,1,1,-1,-1
51,5,518,197,14,35,1,1,-1,-1
51,13,599,293,78,57,1,1,-1,-1
51,23,516,324,32,84,1,2,-1,-1
51,36,966,505,90,122,1,1,-1,-1
51,42,570,464,39,76,1,1,-1,-1
51,51,560,414,38,120,1,1,-1,-1
51,75,762,416,58,101,1,1,-1,-1
51,76,836,135,37,47,1,1,-1,-1
51,77,773,458,49,107,1,1,-1,-1
51,78,631,381,37,81,1,2,-1,-1
51,80,1156,462,39,55,1,1,-1,-1
51,86,1153,485,82,106,1,1,-1,-1
51,93,637,347,57,125,1,1,-1,-1
51,102,978,457,59,128,1,1,-1,-1
51,103,776,450,46,75,1,1,-1,-1
51,104,353,302,18,53,1,2,-1,-1
51,105,555,417,46,144,1,1,-1,-1
51,108,448,257,14,23,1,1,-1,-1
51,112,1160,456,60,102,1,1,-1,-1
51,115,444,209,24,39,1,1,-1,-1
51,119,708,142,19,37,1,1,-1,-1
51,121,715,199,27,66,1,1,-1,-1
51,122,586,282,44,81,1,1,-1,-1
51,123,251,366,37,77,1,1,-1,-1
51,126,532,203,27,32,1,1,-1,-1
51,131,352,271,30,73,1,1,-1,-1
51,133,959,443,57,116,1,1,-1,-1
51,134,588,404,107,86,1,1,-1,-1
51,135,595,323,80,59,1,1,-1,-1
52,5,518,197,15,36,1,1,-1,-1
52,13,593,275,78,57,1,1,-1,-1
52,23,529,319,33,84,1,2,-1,-1
52,36,983,531,95,119,1,1,-1,-1
52,42,570,473,39,77,1,1,-1,-1
52,51,575,404,38,120,1,1,-1,-1
52,75,746,454,51,91,1,1,-1,-1
52,76,838,136,36,47,1,1,-1,-1
52,77,760,466,64,139,1,1,-1,-1
52,78,632,378,37,81,1,2,-1,-1
52,80,1159,464,39,55,1,1,-1,-1
52,86,1157,486,83,107,1,1,-1,-1
52,93,638,347,57,125,1,1,-1,-1
52,102,974,524,102,128,1,1,-1,-1
52,103,780,461,47,76,1,1,-1,-1
52,104,352,306,18,53,1,2,-1,-1
52,105,542,433,46,144,1,1,-1,-1
52,108,439,257,14,23,1,1,-1,-1
52,112,1172,466,42,71,1,1,-1,-1
52,115,421,203,27,47,1,1,-1,-1
52,119,709,143,19,37,1,1,-1,-1
52,121,690,165,14,27,1,1,-1,-1
52,122,590,279,44,81,1,1,-1,-1
52,126,547,188,9,20,1,1,-1,-1
52,131,351,271,30,73,1,1,-1,-1
52,132,967,530,31,61,1,1,-1,-1
52,133,993,475,62,134,1,1,-1,-1
52,134,580,397,107,86,1,1,-1,-1
52,135,597,319,80,59,1,1,-1,-1
52,136,726,221,19,47,1,1,-1,-1
53,5,496,235,16,33,1,1,-1,-1
53,23,528,323,33,85,1,2,-1,-1
53,36,982,543,115,135,1,1,-1,-1
53,42,557,425,39,125,1,1,-1,-1
53,51,588,417,109,88,1,1,-1,-1
53,75,777,484,27,43,1,1,-1,-1
53,76,839,136,37,48,1,1,-1,-1
53,77,781,481,55,119,1,1,-1,-1
53,78,623,394,90,75,1,2,-1,-1
53,86,1160,488,83,107,1,1,-1,-1
53,93,670,355,54,120,1,1,-1,-1
53,102,1006,558,76,89,1,1,-1,-1
53,103,781,442,62,110,1,1,-1,-1
53,104,348,307,19,54,1,2,-1,-1
53,108,443,211,23,40,1,1,-1,-1
53,112,1173,467,42,71,1,1,-1,-1
53,115,430,223,12,21,1,1,-1,-1
53,119,710,144,19,37,1,1,-1,-1
53,121,699,148,14,27,1,1,-1,-1
53,122,568,301,46,83,1,1,-1,-1
53,126,518,198,17,36,1,1,-1,-1
53,132,1013,511,42,91,1,1,-1,-1
53,133,1008,493,65,141,1,1,-1,-1
53,134,623,379,36,79,1,1,-1,-1
53,136,723,222,19,47,1,1,-1,-1
53,137,338,284,28,66,1,1,-1,-1
54,5,531,206,27,32,1,1,-1,-1
54,23,527,327,34,85,1,2,-1,-1
54,36,981,559,136,151,1,1,-1,-1
54,42,556,429,40,129,1,1,-1,-1
54,51,588,423,110,89,1,1,-1,-1
54,75,757,473,58,91,1,1,-1,-1
54,76,839,138,37,48,1,1,-1,-1
54,77,779,454,81,142,1,1,-1,-1
54,78,623,398,91,77,1,2,-1,-1
54,86,1161,489,86,108,1,1,-1,-1
54,93,639,367,49,108,1,1,-1,-1
54,102,1000,556,123,137,1,1,-1,-1
54,103,788,483,50,79,1,1,-1,-1
54,104,322,271,41,98,1,2,-1,-1
54,108,441,216,23,40,1,1,-1,-1
54,112,1177,469,42,71,1,1,-1,-1
54,115,411,226,12,21,1,1,-1,-1
54,119,685,143,23,46,1,1,-1,-1
54,122,566,328,35,62,1,1,-1,-1
54,126,528,192,25,50,1,1,-1,-1
54,132,1006,497,55,104,1,1,-1,-1
54,133,1017,508,65,141,1,1,-1,-1
54,134,565,318,60,108,1,1,-1,-1
54,137,336,286,28,66,1,1,-1,-1
54,139,796,473,60,105,1,1,-1,-1
55,5,530,206,28,33,1,1,-1,-1
55,23,558,384,20,49,1,2,-1,-1
55,36,1029,614,71,75,1,1,-1,-1
55,42,555,437,41,131,1,1,-1,-1
55,51,588,429,111,91,1,1,-1,-1
55,75,760,488,58,91,1,1,-1,-1
55,77,784,466,81,142,1,1,-1,-1
55,78,645,358,64,139,1,2,-1,-1
55,86,1174,463,76,106,1,1,-1,-1
55,93,639,371,50,109,1,1,-1,-1
55,102,1018,570,132,139,1,1,-1,-1
55,103,793,491,50,79,1,1,-1,-1
55,104,344,311,18,56,1,2,-1,-1
55,112,1171,454,63,106,1,1,-1,-1
55,119,712,146,19,38,1,1,-1,-1
55,122,600,306,79,58,1,1,-1,-1
55,126,518,199,20,38,1,1,-1,-1
55,132,1026,516,58,104,1,1,-1,-1
55,133,1032,555,140,148,1,1,-1,-1
55,134,625,339,73,160,1,1,-1,-1
55,137,334,288,28,66,1,1,-1,-1
55,139,794,473,59,117,1,1,-1,-1
56,5,519,187,27,47,1,1,-1,-1
56,23,524,335,36,87,1,2,-1,-1
56,36,1041,636,71,75,1,1,-1,-1
56,42,526,445,45,140,1,1,-1,-1
56,51,588,435,112,92,1,1,-1,-1
56,75,775,503,45,83,1,1,-1,-1
56,77,803,525,53,78,1,1,-1,-1
56,78,650,362,64,139,1,2,-1,-1
56,86,1177,465,76,106,1,1,-1,-1
56,93,640,375,50,111,1,1,-1,-1
56,102,1015,568,165,165,1,1,-1,-1
56,103,809,517,37,68,1,1,-1,-1
56,104,339,310,18,56,1,2,-1,-1
56,112,1183,472,41,71,1,1,-1,-1
56,119,714,147,19,39,1,1,-1,-1
56,122,560,288,69,122,1,1,-1,-1
56,126,518,200,22,38,1,1,-1,-1
56,132,1041,526,58,104,1,1,-1,-1
56,133,1050,578,140,148,1,1,-1,-1
56,134,566,310,49,86,1,1,-1,-1
56,137,365,293,11,32,1,1,-1,-1
56,139,799,489,64,118,1,1,-1,-1
56,142,252,382,23,48,1,1,-1,-1
57,5,529,208,28,33,1,1,-1,-1
57,23,527,341,40,95,1,2,-1,-1
57,36,1054,598,118,113,1,1,-1,-1
57,42,562,413,62,193,1,1,-1,-1
57,51,588,442,113,93,1,1,-1,-1
57,75,811,546,54,78,1,1,-1,-1
57,77,819,564,77,134,1,1,-1,-1
57,78,623,412,95,82,1,2,-1,-1
57,86,1169,494,90,111,1,1,-1,-1
57,93,640,382,51,114,1,1,-1,-1
57,102,1054,598,149,142,1,1,-1,-1
57,103,803,557,79,138,1,1,-1,-1
57,104,330,291,29,67,1,2,-1,-1
57,112,1180,466,76,107,1,1,-1,-1
57,119,715,148,19,39,1,1,-1,-1
57,122,600,312,79,59,1,1,-1,-1
57,126,530,220,12,20,1,1,-1,-1
57,132,1051,548,74,120,1,1,-1,-1
57,133,1088,587,91,168,1,1,-1,-1
57,134,566,314,49,88,1,1,-1,-1
57,137,369,296,19,45,1,1,-1,-1
57,139,804,506,70,119,1,1,-1,-1
57,142,251,383,23,48,1,1,-1,-1
57,143,568,516,38,77,1,1,-1,-1
57,147,714,231,29,74,1,1,-1,-1
58,5,536,196,22,36,1,1,-1,-1
58,23,526,345,40,95,1,2,-1,-1
58,36,1097,585,64,113,1,1,-1,-1
58,42,563,428,44,139,1,1,-1,-1
58,51,593,448,113,93,1,1,-1,-1
58,75,813,529,77,121,1,1,-1,-1
58,77,811,577,85,146,1,1,-1,-1
58,78,623,417,96,83,1,2,-1,-1
58,86,1167,495,74,90,1,1,-1,-1
58,93,641,390,52,116,1,1,-1,-1
58,102,1072,616,149,142,1,1,-1,-1
58,103,786,596,90,155,1,1,-1,-1
58,104,337,318,18,58,1,2,-1,-1
58,112,1189,476,41,71,1,1,-1,-1
58,119,695,120,14,27,1,1,-1,-1
58,122,600,315,80,59,1,1,-1,-1
58,126,529,209,28,33,1,1,-1,-1
58,132,1067,561,74,120,1,1,-1,-1
58,133,1110,613,91,168,1,1,-1,-1
58,134,565,318,51,89,1,1,-1,-1
58,137,328,293,29,67,1,1,-1,-1
58,139,813,531,74,117,1,1,-1,-1
58,142,224,389,42,85,1,1,-1,-1
58,143,561,546,28,58,1,1,-1,-1
58,146,726,210,31,80,1,1,-1,-1
58,147,715,233,30,78,1,1,-1,-1
58,149,834,180,38,49,1,1,-1,-1
58,150,438,217,25,40,1,1,-1,-1
59,5,521,203,24,38,1,1,-1,-1
59,23,519,346,38,91,1,2,-1,-1
59,36,1128,615,63,112,1,1,-1,-1
59,42,550,416,64,199,1,1,-1,-1
59,51,586,457,118,96,1,1,-1,-1
59,75,826,549,77,121,1,1,-1,-1
59,77,819,597,90,149,1,1,-1,-1
59,78,623,422,98,84,1,2,-1,-1
59,86,1186,470,77,107,1,1,-1,-1
59,93,642,398,52,118,1,1,-1,-1
59,103,794,625,90,155,1,1,-1,-1
59,104,335,317,18,58,1,2,-1,-1
59,112,1197,460,75,104,1,1,-1,-1
59,119,692,143,24,29,1,1,-1,-1
59,122,600,318,80,60,1,1,-1,-1
59,126,537,221,19,22,1,1,-1,-1
59,132,1174,498,93,113,1,1,-1,-1
59,134,568,285,75,134,1,1,-1,-1
59,137,326,295,29,67,1,1,-1,-1
59,139,816,544,74,117,1,1,-1,-1
59,142,218,393,43,87,1,1,-1,-1
59,143,566,534,43,87,1,1,-1,-1
59,146,717,236,31,81,1,1,-1,-1
59,147,697,240,23,59,1,1,-1,-1
59,149,846,140,38,49,1,1,-1,-1
59,150,438,218,24,41,1,1,-1,-1
59,151,426,205,24,51,1,1,-1,-1
60,5,523,205,23,36,1,1,-1,-1
60,23,518,350,38,93,1,2,-1,-1
60,36,1147,619,63,112,1,1,-1,-1
60,42,553,415,64,199,1,1,-1,-1
60,51,585,464,121,98,1,1,-1,-1
60,75,840,617,58,78,1,1,-1,-1
60,77,832,649,48,65,1,1,-1,-1
60,78,623,426,99,86,1,2,-1,-1
60,86,1194,479,42,74,1,1,-1,-1
60,93,609,439,70,60,1,1,-1,-1
60,103,809,625,103,149,1,1,-1,-1
60,104,331,324,19,59,1,2,-1,-1
60,112,1188,473,77,107,1,1,-1,-1
60,119,718,151,19,40,1,1,-1,-1
60,122,600,321,80,60,1,1,-1,-1
60,126,524,205,33,52,1,1,-1,-1
60,132,1176,499,95,115,1,1,-1,-1
60,134,559,276,75,134,1,1,-1,-1
60,137,324,297,30,67,1,1,-1,-1
60,139,826,576,86,126,1,1,-1,-1
60,142,195,357,66,130,1,1,-1,-1
60,143,566,545,43,89,1,1,-1,-1
60,146,740,179,11,24,1,1,-1,-1
60,147,718,239,31,80,1,1,-1,-1
60,149,847,141,38,49,1,1,-1,-1
60,150,437,219,25,41,1,1,-1,-1
60,151,425,206,24,52,1,1,-1,-1
60,157,683,84,17,21,1,1,-1,-1
60,158,329,330,18,55,1,1,-1,-1
61,5,524,206,24,36,1,1,-1,-1
61,23,516,355,39,95,1,2,-1,-1
61,42,550,489,47,147,1,1,-1,-1
61,51,584,472,123,99,1,1,-1,-1
61,75,833,600,90,128,1,1,-1,-1
61,77,837,640,58,76,1,1,-1,-1
61,78,644,413,54,124,1,2,-1,-1
61,86,1198,476,42,74,1,1,-1,-1
61,93,609,447,70,60,1,1,-1,-1
61,103,855,651,58,73,1,1,-1,-1
61,104,329,329,19,59,1,2,-1,-1
61,112,1196,474,77,107,1,1,-1,-1
61,119,683,134,18,23,1,1,-1,-1
61,122,607,322,80,60,1,1,-1,-1
61,126,527,208,33,52,1,1,-1,-1
61,132,1178,491,120,145,1,1,-1,-1
61,137,319,300,30,67,1,1,-1,-1
61,139,820,585,79,112,1,1,-1,-1
61,142,190,362,66,130,1,1,-1,-1
61,143,566,556,43,90,1,1,-1,-1
61,146,744,182,11,24,1,1,-1,-1
61,147,719,242,32,80,1,1,-1,-1
61,149,848,141,39,50,1,1,-1,-1
61,150,432,223,25,41,1,1,-1,-1
61,151,432,204,20,34,1,1,-1,-1
61,157,692,105,13,17,1,1,-1,-1
61,158,328,328,19,59,1,1,-1,-1
61,160,417,212,21,48,1,1,-1,-1
62,5,525,217,29,31,1,1,-1,-1
62,23,549,311,70,126,1,2,-1,-1
62,42,549,498,49,151,1,1,-1,-1
62,51,583,479,126,101,1,1,-1,-1
62,75,832,615,113,149,1,1,-1,-1
62,77,841,662,58,76,1,1,-1,-1
62,78,624,436,101,89,1,2,-1,-1
62,86,1163,434,108,148,1,1,-1,-1
62,93,644,421,55,126,1,1,-1,-1
62,103,863,678,58,73,1,1,-1,-1
62,104,323,345,12,36,1,2,-1,-1
62,119,684,134,18,25,1,1,-1,-1
62,122,721,245,31,80,1,1,-1,-1
62,126,435,222,25,41,1,1,-1,-1
62,132,1213,485,120,145,1,1,-1,-1
62,137,325,331,19,59,1,1,-1,-1
62,139,828,606,79,112,1,1,-1,-1
62,142,200,406,48,91,1,1,-1,-1
62,143,567,565,43,90,1,1,-1,-1
62,146,720,153,19,41,1,1,-1,-1
62,147,740,253,19,50,1,1,-1,-1
62,149,849,142,39,50,1,1,-1,-1
62,150,418,232,19,40,1,1,-1,-1
62,151,422,209,24,53,1,1,-1,-1
62,157,686,124,16,30,1,1,-1,-1
62,158,338,343,11,35,1,1,-1,-1
62,160,409,223,28,50,1,1,-1,-1
62,165,578,340,71,53,1,1,-1,-1
62,167,526,208,24,35,1,1,-1,-1
63,5,524,218,29,31,1,1,-1,-1
63,23,563,338,55,97,1,2,-1,-1
63,42,547,512,49,151,1,1,-1,-1
63,51,645,428,56,129,1,1,-1,-1
63,75,854,656,98,98,1,1,-1,-1
63,78,652,419,61,142,1,2,-1,-1
63,86,1152,459,134,159,1,1,-1,-1
63,93,623,444,103,91,1,1,-1,-1
63,104,322,335,19,59,1,2,-1,-1
63,119,687,125,16,30,1,1,-1,-1
63,122,736,238,31,80,1,1,-1,-1
63,126,428,230,37,58,1,1,-1,-1
63,132,1161,481,147,175,1,1,-1,-1
63,137,314,306,31,70,1,1,-1,-1
63,142,194,410,49,93,1,1,-1,-1
63,143,583,487,128,102,1,1,-1,-1
63,146,685,135,18,25,1,1,-1,-1
63,147,743,257,19,50,1,1,-1,-1
63,149,850,143,39,50,1,1,-1,-1
63,150,413,236,19,40,1,1,-1,-1
63,151,434,223,26,41,1,1,-1,-1
63,157,680,114,26,36,1,1,-1,-1
63,158,322,310,39,88,1,1,-1,-1
63,160,407,225,29,50,1,1,-1,-1
63,165,600,334,83,61,1,1,-1,-1
63,167,525,209,24,35,1,1,-1,-1
63,168,1184,505,99,118,1,1,-1,-1
64,5,524,219,29,31,1,1,-1,-1
64,23,593,330,85,62,1,2,-1,-1
64,42,564,594,43,94,1,1,-1,-1
64,51,646,436,56,129,1,1,-1,-1
64,75,865,678,98,98,1,1,-1,-1
64,78,653,425,61,142,1,2,-1,-1
64,86,1196,498,38,71,1,1,-1,-1
64,93,592,411,123,109,1,1,-1,-1
64,104,318,340,19,59,1,2,-1,-1
64,119,687,126,16,30,1,1,-1,-1
64,126,414,236,20,40,1,1,-1,-1
64,132,1186,507,100,119,1,1,-1,-1
64,137,310,315,31,70,1,1,-1,-1
64,142,188,414,51,94,1,1,-1,-1
64,143,591,487,128,102,1,1,-1,-1
64,146,693,125,15,19,1,1,-1,-1
64,147,723,251,33,80,1,1,-1,-1
64,149,851,143,40,51,1,1,-1,-1
64,150,404,247,28,55,1,1,-1,-1
64,151,420,212,24,54,1,1,-1,-1
64,157,723,156,19,41,1,1,-1,-1
64,158,326,311,39,88,1,1,-1,-1
64,160,406,227,28,50,1,1,-1,-1
64,165,613,322,81,59,1,1,-1,-1
64,167,524,211,24,35,1,1,-1,-1
64,168,1143,470,137,163,1,1,-1,-1
65,5,523,221,29,31,1,1,-1,-1
65,23,599,343,87,63,1,2,-1,-1
65,42,563,608,42,95,1,1,-1,-1
65,51,623,462,107,95,1,1,-1,-1
65,78,647,444,57,134,1,2,-1,-1
65,86,1197,501,38,71,1,1,-1,-1
65,93,628,449,114,101,1,1,-1,-1
65,104,316,342,20,59,1,2,-1,-1
65,119,688,127,16,30,1,1,-1,-1
65,126,413,238,19,41,1,1,-1,-1
65,132,1188,510,101,120,1,1,-1,-1
65,137,307,313,33,72,1,1,-1,-1
65,142,183,421,51,94,1,1,-1,-1
65,143,582,510,133,106,1,1,-1,-1
65,146,685,103,13,30,1,1,-1,-1
65,147,725,254,32,80,1,1,-1,-1
65,149,853,144,39,51,1,1,-1,-1
65,150,397,253,28,55,1,1,-1,-1
65,151,429,175,31,74,1,1,-1,-1
65,157,724,157,19,41,1,1,-1,-1
65,160,439,226,16,35,1,1,-1,-1
65,165,721,298,16,40,1,1,-1,-1
65,167,511,205,13,20,1,1,-1,-1
65,168,1146,472,137,163,1,1,-1,-1
65,176,670,138,16,29,1,1,-1,-1
65,177,692,117,12,22,1,1,-1,-1
65,179,699,95,17,21,1,1,-1,-1
65,181,592,383,76,55,1,1,-1,-1
66,5,523,223,29,31,1,1,-1,-1
66,23,599,348,89,64,1,2,-1,-1
66,42,562,621,42,96,1,1,-1,-1
66,51,630,460,107,95,1,1,-1,-1
66,78,602,457,152,135,1,2,-1,-1
66,86,1202,491,80,110,1,1,-1,-1
66,93,626,449,114,101,1,1,-1,-1
66,104,300,322,37,82,1,2,-1,-1
66,119,686,124,16,30,1,1,-1,-1
66,126,411,240,20,41,1,1,-1,-1
66,132,1190,513,102,121,1,1,-1,-1
66,137,304,316,33,73,1,1,-1,-1
66,142,177,423,53,97,1,1,-1,-1
66,143,593,514,111,88,1,1,-1,-1
66,146,677,84,13,30,1,1,-1,-1
66,147,726,257,33,80,1,1,-1,-1
66,149,854,145,39,51,1,1,-1,-1
66,150,319,325,29,63,1,1,-1,-1
66,151,427,177,31,74,1,1,-1,-1
66,157,688,225,46,113,1,1,-1,-1
66,160,418,215,23,55,1,1,-1,-1
66,165,735,252,48,117,1,1,-1,-1
66,167,510,206,13,20,1,1,-1,-1
66,176,670,139,16,29,1,1,-1,-1
66,177,694,116,12,22,1,1,-1,-1
66,179,700,95,17,21,1,1,-1,-1
66,181,562,350,57,102,1,1,-1,-1
66,183,551,195,23,34,1,1,-1,-1
66,185,432,227,26,42,1,1,-1,-1
67,5,429,227,32,52,1,1,-1,-1
67,23,599,353,90,64,1,2,-1,-1
67,42,564,644,42,96,1,1,-1,-1
67,78,623,480,110,98,1,2,-1,-1
67,86,1205,495,80,110,1,1,-1,-1
67,104,298,326,37,82,1,2,-1,-1
67,119,690,129,16,30,1,1,-1,-1
67,126,401,233,29,51,1,1,-1,-1
67,132,1192,516,104,122,1,1,-1,-1
67,137,296,328,21,62,1,1,-1,-1
67,142,172,429,53,97,1,1,-1,-1
67,143,582,534,138,110,1,1,-1,-1
67,146,700,95,17,21,1,1,-1,-1
67,147,725,286,19,45,1,1,-1,-1
67,149,855,145,40,52,1,1,-1,-1
67,150,310,349,20,60,1,1,-1,-1
67,151,397,212,21,37,1,1,-1,-1
67,157,696,205,17,47,1,1,-1,-1
67,160,416,217,24,54,1,1,-1,-1
67,165,728,260,33,80,1,1,-1,-1
67,167,421,206,31,50,1,1,-1,-1
67,176,690,195,22,59,1,1,-1,-1
67,177,726,161,19,40,1,1,-1,-1
67,179,705,112,15,18,1,1,-1,-1
67,181,562,355,58,103,1,1,-1,-1
67,183,522,223,30,31,1,1,-1,-1
67,185,430,229,26,42,1,1,-1,-1
67,187,688,137,18,28,1,1,-1,-1
68,5,429,231,26,42,1,1,-1,-1
68,23,599,358,92,65,1,2,-1,-1
68,42,558,674,27,65,1,1,-1,-1
68,78,623,488,112,101,1,2,-1,-1
68,86,1208,498,81,111,1,1,-1,-1
68,104,326,345,14,41,1,2,-1,-1
68,119,689,104,13,30,1,1,-1,-1
68,126,400,235,29,52,1,1,-1,-1
68,132,1194,519,105,123,1,1,-1,-1
68,137,293,330,21,62,1,1,-1,-1
68,142,164,440,57,99,1,1,-1,-1
68,143,582,546,141,112,1,1,-1,-1
68,146,700,96,17,21,1,1,-1,-1
68,147,726,290,19,45,1,1,-1,-1
68,149,863,154,35,45,1,1,-1,-1
68,150,286,374,20,60,1,1,-1,-1
68,151,394,209,21,37,1,1,-1,-1
68,157,698,241,17,47,1,1,-1,-1
68,160,415,218,24,55,1,1,-1,-1
68,165,762,246,33,80,1,1,-1,-1
68,167,406,206,31,50,1,1,-1,-1
68,177,689,138,18,29,1,1,-1,-1
68,179,700,87,17,39,1,1,-1,-1
68,181,560,360,58,105,1,1,-1,-1
68,183,522,218,23,36,1,1,-1,-1
68,185,505,218,32,50,1,1,-1,-1
68,187,668,134,12,21,1,1,-1,-1
68,189,542,573,51,172,1,2,-1,-1
69,5,430,255,30,49,1,1,-1,-1
69,23,599,357,111,78,1,2,-1,-1
69,42,557,694,27,65,1,1,-1,-1
69,78,623,497,112,101,1,2,-1,-1
69,86,1205,492,69,132,1,1,-1,-1
69,104,299,315,33,71,1,2,-1,-1
69,119,690,105,13,30,1,1,-1,-1
69,126,406,247,21,42,1,1,-1,-1
69,132,1197,522,105,123,1,1,-1,-1
69,142,158,448,58,101,1,1,-1,-1
69,143,581,559,143,113,1,1,-1,-1
69,146,702,86,23,29,1,1,-1,-1
69,147,732,267,34,85,1,1,-1,-1
69,149,857,146,41,52,1,1,-1,-1
69,151,398,236,29,53,1,1,-1,-1
69,157,691,199,22,59,1,1,-1,-1
69,160,427,233,26,43,1,1,-1,-1
69,165,735,141,29,59,1,1,-1,-1
69,167,425,239,27,45,1,1,-1,-1
69,177,691,131,16,30,1,1,-1,-1
69,179,700,96,17,21,1,1,-1,-1
69,181,598,362,94,66,1,1,-1,-1
69,183,525,203,29,48,1,1,-1,-1
69,185,503,216,32,50,1,1,-1,-1
69,187,687,112,19,45,1,1,-1,-1
69,189,542,576,51,172,1,2,-1,-1
69,192,507,402,42,107,1,1,-1,-1
69,194,689,138,19,30,1,1,-1,-1
69,196,674,159,18,28,1,1,-1,-1
69,197,1221,503,46,88,1,1,-1,-1
70,5,409,259,30,49,1,1,-1,-1
70,23,598,367,96,67,1,2,-1,-1
70,78,623,506,115,104,1,2,-1,-1
70,86,1214,505,82,112,1,1,-1,-1
70,104,301,360,21,60,1,2,-1,-1
70,119,692,132,16,30,1,1,-1,-1
70,126,404,249,21,42,1,1,-1,-1
70,132,1200,533,102,119,1,1,-1,-1
70,142,152,457,60,101,1,1,-1,-1
70,143,580,572,146,115,1,1,-1,-1
70,146,703,78,23,29,1,1,-1,-1
70,147,716,278,32,81,1,1,-1,-1
70,149,858,147,41,52,1,1,-1,-1
70,151,413,221,23,56,1,1,-1,-1
70,157,666,209,43,62,1,1,-1,-1
70,160,518,242,16,17,1,1,-1,-1
70,165,751,115,29,59,1,1,-1,-1
70,167,426,235,26,43,1,1,-1,-1
70,177,645,162,57,82,1,1,-1,-1
70,179,700,96,17,21,1,1,-1,-1
70,181,589,391,47,85,1,1,-1,-1
70,183,521,221,23,37,1,1,-1,-1
70,185,521,228,30,31,1,1,-1,-1
70,187,677,129,21,39,1,1,-1,-1
70,189,539,606,52,149,1,2,-1,-1
70,192,505,408,43,108,1,1,-1,-1
70,194,690,139,19,31,1,1,-1,-1
70,196,692,201,22,60,1,1,-1,-1
70,197,1212,474,63,122,1,1,-1,-1
70,198,869,140,41,53,1,1,-1,-1
70,205,625,434,82,194,1,1,-1,-1
71,23,598,372,97,67,1,2,-1,-1
71,78,639,545,93,84,1,2,-1,-1
71,86,1228,511,47,91,1,1,-1,-1
71,104,287,334,37,77,1,2,-1,-1
71,119,693,133,16,30,1,1,-1,-1
71,126,403,251,21,43,1,1,-1,-1
71,132,1203,537,102,119,1,1,-1,-1
71,142,146,465,61,103,1,1,-1,-1
71,143,541,622,65,159,1,1,-1,-1
71,147,736,274,36,90,1,1,-1,-1
71,149,860,148,40,52,1,1,-1,-1
71,151,411,223,24,56,1,1,-1,-1
71,157,656,209,39,56,1,1,-1,-1
71,160,520,229,31,32,1,1,-1,-1
71,167,430,244,26,43,1,1,-1,-1
71,177,643,162,57,82,1,1,-1,-1
71,179,693,105,13,30,1,1,-1,-1
71,181,563,372,63,120,1,1,-1,-1
71,183,521,223,22,37,1,1,-1,-1
71,185,538,218,46,47,1,1,-1,-1
71,187,677,125,21,39,1,1,-1,-1
71,189,538,623,54,132,1,2,-1,-1
71,192,504,414,44,109,1,1,-1,-1
71,194,687,120,16,19,1,1,-1,-1
71,196,667,211,43,62,1,1,-1,-1
71,197,1213,476,63,122,1,1,-1,-1
71,198,866,138,41,53,1,1,-1,-1
71,205,600,528,98,89,1,1,-1,-1
72,23,605,364,106,73,1,2,-1,-1
72,78,659,542,44,106,1,2,-1,-1
72,86,1220,512,83,113,1,1,-1,-1
72,104,293,370,22,60,1,2,-1,-1
72,119,692,140,18,32,1,1,-1,-1
72,126,401,253,21,43,1,1,-1,-1
72,132,1219,555,76,88,1,1,-1,-1
72,142,140,474,63,104,1,1,-1,-1
72,143,578,598,152,119,1,1,-1,-1
72,147,738,278,37,92,1,1,-1,-1
72,149,861,148,41,53,1,1,-1,-1
72,151,410,224,24,57,1,1,-1,-1
72,157,667,213,44,63,1,1,-1,-1
72,160,520,224,22,37,1,1,-1,-1
72,167,420,251,20,41,1,1,-1,-1
72,177,693,205,23,60,1,1,-1,-1
72,179,700,97,17,21,1,1,-1,-1
72,181,598,377,99,68,1,1,-1,-1
72,183,456,254,35,58,1,1,-1,-1
72,185,519,231,32,32,1,1,-1,-1
72,187,693,134,17,30,1,1,-1,-1
72,189,537,633,54,132,1,2,-1,-1
72,192,503,420,44,111,1,1,-1,-1
72,194,670,116,10,24,1,1,-1,-1
72,196,698,218,17,44,1,1,-1,-1
72,197,1232,515,47,92,1,1,-1,-1
72,198,732,170,20,40,1,1,-1,-1
72,205,644,489,69,164,1,1,-1,-1
72,206,554,383,59,112,1,1,-1,-1
72,207,653,498,63,151,1,1,-1,-1
73,23,599,384,116,79,1,2,-1,-1
73,78,624,536,123,113,1,2,-1,-1
73,86,1223,514,83,113,1,1,-1,-1
73,104,290,375,22,60,1,2,-1,-1
73,119,670,148,23,44,1,1,-1,-1
73,126,392,244,29,54,1,1,-1,-1
73,132,1209,535,111,129,1,1,-1,-1
73,142,135,483,63,104,1,1,-1,-1
73,143,559,626,152,119,1,1,-1,-1
73,147,739,283,38,93,1,1,-1,-1
73,149,862,148,41,53,1,1,-1,-1
73,151,412,196,24,58,1,1,-1,-1
73,157,667,216,44,63,1,1,-1,-1
73,160,519,233,32,32,1,1,-1,-1
73,167,398,250,31,60,1,1,-1,-1
73,177,690,220,23,60,1,1,-1,-1
73,179,694,134,16,31,1,1,-1,-1
73,181,597,383,102,69,1,1,-1,-1
73,183,422,242,25,43,1,1,-1,-1
73,185,520,265,19,19,1,1,-1,-1
73,187,693,141,18,33,1,1,-1,-1
73,192,502,426,44,112,1,1,-1,-1
73,194,666,95,10,24,1,1,-1,-1
73,196,694,207,23,61,1,1,-1,-1
73,197,1235,518,47,94,1,1,-1,-1
73,198,735,174,20,40,1,1,-1,-1
73,205,627,475,87,209,1,1,-1,-1
73,206,554,383,59,112,1,1,-1,-1
73,207,664,526,53,127,1,1,-1,-1
74,23,602,386,116,79,1,2,-1,-1
74,78,626,548,127,118,1,2,-1,-1
74,86,1226,520,84,113,1,1,-1,-1
74,104,276,406,19,49,1,2,-1,-1
74,119,671,154,23,44,1,1,-1,-1
74,126,398,258,21,43,1,1,-1,-1
74,132,1196,518,145,172,1,1,-1,-1
74,142,122,493,65,107,1,1,-1,-1
74,143,584,634,156,106,1,1,-1,-1
74,147,743,256,33,83,1,1,-1,-1
74,149,863,150,41,53,1,1,-1,-1
74,151,413,198,24,58,1,1,-1,-1
74,157,668,218,44,63,1,1,-1,-1
74,160,519,228,22,37,1,1,-1,-1
74,167,392,256,31,60,1,1,-1,-1
74,177,724,240,12,32,1,1,-1,-1
74,179,696,106,14,30,1,1,-1,-1
74,181,597,390,104,70,1,1,-1,-1
74,183,408,227,23,58,1,1,-1,-1
74,185,518,235,33,32,1,1,-1,-1
74,187,693,141,19,34,1,1,-1,-1
74,192,506,440,54,137,1,1,-1,-1
74,194,701,98,17,21,1,1,-1,-1
74,196,695,209,23,61,1,1,-1,-1
74,197,1238,522,48,96,1,1,-1,-1
74,198,688,200,21,55,1,1,-1,-1
74,205,630,482,87,209,1,1,-1,-1
74,206,501,432,45,114,1,1,-1,-1
74,207,655,521,66,149,1,1,-1,-1
74,212,420,244,26,43,1,1,-1,-1
74,214,738,178,20,41,1,1,-1,-1
74,216,292,390,20,53,1,1,-1,-1
75,23,739,318,37,92,1,2,-1,-1
75,78,627,560,131,123,1,2,-1,-1
75,86,1230,524,85,113,1,1,-1,-1
75,104,272,415,19,49,1,2,-1,-1
75,119,696,136,16,31,1,1,-1,-1
75,126,395,255,29,54,1,1,-1,-1
75,132,1219,545,107,129,1,1,-1,-1
75,142,126,507,60,98,1,1,-1,-1
75,143,588,653,157,99,1,1,-1,-1
75,147,743,293,38,95,1,1,-1,-1
75,149,864,151,41,53,1,1,-1,-1
75,157,667,222,44,63,1,1,-1,-1
75,160,532,228,22,37,1,1,-1,-1
75,167,425,256,27,45,1,1,-1,-1
75,177,729,256,12,32,1,1,-1,-1
75,179,698,107,13,30,1,1,-1,-1
75,181,597,396,106,72,1,1,-1,-1
75,183,380,237,39,75,1,1,-1,-1
75,185,519,229,21,38,1,1,-1,-1
75,187,715,112,13,24,1,1,-1,-1
75,192,505,446,54,137,1,1,-1,-1
75,194,701,98,17,21,1,1,-1,-1
75,196,696,211,23,61,1,1,-1,-1
75,197,1242,526,48,97,1,1,-1,-1
75,198,694,142,19,34,1,1,-1,-1
75,205,602,522,171,160,1,1,-1,-1
75,206,498,441,46,116,1,1,-1,-1
75,207,656,536,68,144,1,1,-1,-1
75,212,419,246,26,44,1,1,-1,-1
75,214,737,168,22,39,1,1,-1,-1
75,216,306,413,15,38,1,1,-1,-1
75,217,274,351,39,80,1,1,-1,-1
76,23,754,316,37,92,1,2,-1,-1
76,78,653,541,94,187,1,2,-1,-1
76,86,1235,528,85,114,1,1,-1,-1
76,119,696,137,17,31,1,1,-1,-1
76,126,393,258,29,54,1,1,-1,-1
76,132,1201,540,139,171,1,1,-1,-1
76,142,126,501,39,64,1,1,-1,-1
76,143,595,664,157,99,1,1,-1,-1
76,147,744,299,39,95,1,1,-1,-1
76,149,865,151,42,54,1,1,-1,-1
76,157,669,222,45,64,1,1,-1,-1
76,167,421,261,27,45,1,1,-1,-1
76,179,692,124,13,23,1,1,-1,-1
76,181,596,403,109,73,1,1,-1,-1
76,183,355,239,39,75,1,1,-1,-1
76,185,494,241,48,47,1,1,-1,-1
76,187,701,98,17,21,1,1,-1,-1
76,192,511,468,36,89,1,1,-1,-1
76,194,674,86,15,35,1,1,-1,-1
76,196,696,213,24,62,1,1,-1,-1
76,197,1246,532,48,97,1,1,-1,-1
76,198,660,154,19,34,1,1,-1,-1
76,205,646,530,68,136,1,1,-1,-1
76,206,482,478,42,104,1,1,-1,-1
76,207,662,535,90,179,1,1,-1,-1
76,212,418,249,25,43,1,1,-1,-1
76,214,741,174,22,39,1,1,-1,-1
76,216,279,390,24,60,1,1,-1,-1
76,217,274,333,38,75,1,1,-1,-1
77,23,750,289,45,110,1,2,-1,-1
77,78,641,561,92,173,1,2,-1,-1
77,86,1239,532,86,115,1,1,-1,-1
77,119,697,138,17,31,1,1,-1,-1
77,126,393,264,22,45,1,1,-1,-1
77,132,1212,540,134,167,1,1,-1,-1
77,142,96,522,68,111,1,1,-1,-1
77,147,746,305,39,96,1,1,-1,-1
77,149,867,152,42,54,1,1,-1,-1
77,157,669,225,46,64,1,1,-1,-1
77,167,407,279,13,27,1,1,-1,-1
77,179,692,124,13,23,1,1,-1,-1
77,181,613,427,59,40,1,1,-1,-1
77,183,386,252,30,56,1,1,-1,-1
77,185,523,251,22,40,1,1,-1,-1
77,187,701,99,17,21,1,1,-1,-1
77,192,547,422,69,119,1,1,-1,-1
77,194,678,78,15,35,1,1,-1,-1
77,196,693,217,17,44,1,1,-1,-1
77,197,1249,567,57,71,1,1,-1,-1
77,198,517,241,34,33,1,1,-1,-1
77,205,618,591,111,98,1,1,-1,-1
77,206,493,460,47,119,1,1,-1,-1
77,207,663,544,90,179,1,1,-1,-1
77,212,413,259,20,33,1,1,-1,-1
77,216,276,395,24,60,1,1,-1,-1
77,217,268,360,40,82,1,1,-1,-1
77,219,1249,534,49,100,1,1,-1,-1
78,23,773,278,45,110,1,2,-1,-1
78,78,645,573,92,173,1,2,-1,-1
78,86,1257,548,83,107,1,1,-1,-1
78,119,697,144,19,37,1,1,-1,-1
78,126,391,264,16,32,1,1,-1,-1
78,132,1234,560,101,129,1,1,-1,-1
78,142,110,525,60,98,1,1,-1,-1
78,147,748,313,39,96,1,1,-1,-1
78,149,868,153,42,54,1,1,-1,-1
78,157,679,236,32,45,1,1,-1,-1
78,167,405,283,13,27,1,1,-1,-1
78,179,707,165,20,39,1,1,-1,-1
78,181,596,416,113,76,1,1,-1,-1
78,183,369,257,30,56,1,1,-1,-1
78,185,518,263,25,25,1,1,-1,-1
78,187,701,99,17,21,1,1,-1,-1
78,192,547,430,69,119,1,1,-1,-1
78,194,701,108,14,30,1,1,-1,-1
78,196,744,188,21,42,1,1,-1,-1
78,197,1250,543,62,125,1,1,-1,-1
78,198,517,234,21,39,1,1,-1,-1
78,205,620,598,111,98,1,1,-1,-1
78,206,478,479,47,119,1,1,-1,-1
78,212,403,233,23,59,1,1,-1,-1
78,216,272,400,25,60,1,1,-1,-1
78,217,249,381,35,71,1,1,-1,-1
78,219,1252,538,50,101,1,1,-1,-1
79,78,631,639,148,115,1,2,-1,-1
79,86,1282,555,27,55,1,1,-1,-1
79,119,692,159,12,23,1,1,-1,-1
79,126,383,255,30,57,1,1,-1,-1
79,132,1238,566,101,129,1,1,-1,-1
79,142,74,545,71,113,1,1,-1,-1
79,147,628,428,104,69,1,1,-1,-1
79,149,870,154,42,55,1,1,-1,-1
79,157,709,197,28,60,1,1,-1,-1
79,167,389,269,34,67,1,1,-1,-1
79,179,742,176,23,39,1,1,-1,-1
79,181,596,423,116,77,1,1,-1,-1
79,183,367,228,33,84,1,1,-1,-1
79,185,502,237,20,39,1,1,-1,-1
79,187,703,108,13,30,1,1,-1,-1
79,192,549,400,106,174,1,1,-1,-1
79,194,698,145,19,37,1,1,-1,-1
79,196,745,191,22,42,1,1,-1,-1
79,197,1253,538,74,152,1,1,-1,-1
79,198,413,255,26,44,1,1,-1,-1
79,206,487,479,49,122,1,1,-1,-1
79,212,405,253,21,54,1,1,-1,-1
79,216,265,405,25,60,1,1,-1,-1
79,217,261,369,42,83,1,1,-1,-1
79,219,1256,542,50,103,1,1,-1,-1
80,78,627,648,152,106,1,2,-1,-1
80,86,1253,545,87,117,1,1,-1,-1
80,119,699,146,19,38,1,1,-1,-1
80,126,382,257,29,58,1,1,-1,-1
80,142,60,559,74,113,1,1,-1,-1
80,147,596,431,118,78,1,1,-1,-1
80,149,871,155,43,55,1,1,-1,-1
80,157,714,195,22,48,1,1,-1,-1
80,167,388,271,23,45,1,1,-1,-1
80,179,727,186,41,90,1,1,-1,-1
80,181,558,447,54,86,1,1,-1,-1
80,183,357,230,33,84,1,1,-1,-1
80,185,515,246,36,35,1,1,-1,-1
80,187,704,108,13,30,1,1,-1,-1
80,192,543,450,78,123,1,1,-1,-1
80,194,699,141,17,31,1,1,-1,-1
80,196,747,193,21,42,1,1,-1,-1
80,197,1245,569,93,129,1,1,-1,-1
80,198,378,262,28,54,1,1,-1,-1
80,206,475,507,31,77,1,1,-1,-1
80,212,400,236,24,60,1,1,-1,-1
80,216,245,431,18,43,1,1,-1,-1
80,217,258,373,42,84,1,1,-1,-1
80,219,1260,545,49,101,1,1,-1,-1
80,225,513,201,15,30,1,1,-1,-1
81,78,631,667,152,106,1,2,-1,-1
81,86,1259,550,80,119,1,1,-1,-1
81,119,700,142,17,31,1,1,-1,-1
81,126,397,266,28,57,1,1,-1,-1
81,142,46,573,76,113,1,1,-1,-1
81,147,596,439,120,79,1,1,-1,-1
81,149,873,156,43,56,1,1,-1,-1
81,157,748,195,21,42,1,1,-1,-1
81,167,386,273,23,46,1,1,-1,-1
81,179,730,238,23,57,1,1,-1,-1
81,181,560,454,54,86,1,1,-1,-1
81,183,399,238,23,60,1,1,-1,-1
81,185,514,248,37,35,1,1,-1,-1
81,187,705,109,13,30,1,1,-1,-1
81,192,542,459,81,124,1,1,-1,-1
81,194,711,125,24,44,1,1,-1,-1
81,196,748,182,26,52,1,1,-1,-1
81,197,1250,573,89,129,1,1,-1,-1
81,198,380,259,30,58,1,1,-1,-1
81,206,472,517,31,77,1,1,-1,-1
81,212,411,260,25,44,1,1,-1,-1
81,216,237,437,18,43,1,1,-1,-1
81,217,256,379,42,84,1,1,-1,-1
81,219,1264,549,48,99,1,1,-1,-1
81,225,516,239,20,39,1,1,-1,-1
82,86,1262,554,79,119,1,1,-1,-1
82,119,698,143,9,17,1,1,-1,-1
82,126,395,267,28,57,1,1,-1,-1
82,142,47,588,75,108,1,1,-1,-1
82,147,596,447,122,80,1,1,-1,-1
82,149,875,157,42,56,1,1,-1,-1
82,157,749,198,22,42,1,1,-1,-1
82,167,379,261,29,58,1,1,-1,-1
82,179,740,258,23,57,1,1,-1,-1
82,181,479,510,52,128,1,1,-1,-1
82,183,387,189,34,90,1,1,-1,-1
82,185,514,250,37,35,1,1,-1,-1
82,187,706,109,14,30,1,1,-1,-1
82,192,541,469,84,125,1,1,-1,-1
82,194,701,143,16,31,1,1,-1,-1
82,196,756,190,12,22,1,1,-1,-1
82,197,1255,584,89,129,1,1,-1,-1
82,198,326,275,30,58,1,1,-1,-1
82,206,462,529,37,90,1,1,-1,-1
82,212,409,262,26,44,1,1,-1,-1
82,216,249,448,16,38,1,1,-1,-1
82,217,253,424,26,63,1,1,-1,-1
82,219,1267,552,48,99,1,1,-1,-1
82,225,515,241,20,39,1,1,-1,-1
82,233,701,226,25,63,1,1,-1,-1
82,234,702,100,17,21,1,1,-1,-1
82,238,748,206,17,26,1,10,-1,-1
83,86,1266,559,77,118,1,1,-1,-1
83,119,700,152,18,34,1,1,-1,-1
83,126,405,257,34,65,1,1,-1,-1
83,142,22,605,80,113,1,1,-1,-1
83,147,577,470,122,80,1,1,-1,-1
83,149,876,159,43,56,1,1,-1,-1
83,157,750,200,22,42,1,1,-1,-1
83,167,380,268,24,47,1,1,-1,-1
83,181,476,520,54,130,1,1,-1,-1
83,183,397,241,23,61,1,1,-1,-1
83,185,513,252,38,35,1,1,-1,-1
83,187,707,110,14,30,1,1,-1,-1
83,192,526,477,103,153,1,1,-1,-1
83,194,734,135,23,45,1,1,-1,-1
83,196,747,185,25,38,1,1,-1,-1
83,197,1243,563,90,144,1,1,-1,-1
83,198,354,266,28,54,1,1,-1,-1
83,206,455,539,37,90,1,1,-1,-1
83,212,408,264,25,44,1,1,-1,-1
83,216,241,456,16,38,1,1,-1,-1
83,217,248,430,26,64,1,1,-1,-1
83,219,1273,556,46,95,1,1,-1,-1
83,225,514,242,20,39,1,1,-1,-1
83,233,702,228,25,63,1,1,-1,-1
83,234,702,100,17,21,1,1,-1,-1
83,235,756,322,47,110,1,1,-1,-1
83,238,716,205,28,64,1,10,-1,-1
83,240,744,193,20,38,1,1,-1,-1
84,86,1271,561,72,118,1,1,-1,-1
84,119,701,154,17,32,1,1,-1,-1
84,126,413,298,21,36,1,1,-1,-1
84,142,19,615,91,125,1,1,-1,-1
84,147,596,463,126,82,1,1,-1,-1
84,149,878,160,43,56,1,1,-1,-1
84,157,763,195,22,42,1,1,-1,-1
84,167,376,265,29,59,1,1,-1,-1
84,181,473,531,56,132,1,1,-1,-1
84,183,396,243,23,61,1,1,-1,-1
84,185,513,254,39,36,1,1,-1,-1
84,187,734,146,9,17,1,1,-1,-1
84,192,537,492,88,128,1,1,-1,-1
84,194,737,154,12,22,1,1,-1,-1
84,196,749,187,25,38,1,1,-1,-1
84,197,1265,586,77,129,1,1,-1,-1
84,198,323,275,28,54,1,1,-1,-1
84,206,474,490,84,198,1,1,-1,-1
84,212,406,266,26,45,1,1,-1,-1
84,216,245,391,45,87,1,1,-1,-1
84,217,243,437,27,64,1,1,-1,-1
84,219,1278,560,45,93,1,1,-1,-1
84,225,514,244,19,40,1,1,-1,-1
84,233,671,241,50,67,1,1,-1,-1
84,234,711,84,21,25,1,1,-1,-1
84,235,756,323,47,110,1,1,-1,-1
84,238,718,207,28,65,1,10,-1,-1
84,240,744,193,20,38,1,1,-1,-1
85,86,1296,597,28,57,1,1,-1,-1
85,119,701,156,18,31,1,1,-1,-1
85,126,418,299,21,36,1,1,-1,-1
85,142,7,630,91,125,1,1,-1,-1
85,147,564,463,166,111,1,1,-1,-1
85,149,884,170,36,47,1,1,-1,-1
85,167,373,264,29,59,1,1,-1,-1
85,181,470,542,58,134,1,1,-1,-1
85,183,393,245,24,61,1,1,-1,-1
85,185,542,231,24,51,1,1,-1,-1
85,187,702,101,17,21,1,1,-1,-1
85,192,536,505,88,128,1,1,-1,-1
85,194,746,158,12,22,1,1,-1,-1
85,196,753,204,21,42,1,1,-1,-1
85,197,1266,589,75,128,1,1,-1,-1
85,206,451,500,81,188,1,1,-1,-1
85,212,405,269,25,44,1,1,-1,-1
85,216,239,396,45,89,1,1,-1,-1
85,217,238,443,27,65,1,1,-1,-1
85,219,1282,564,44,91,1,1,-1,-1
85,225,513,248,19,40,1,1,-1,-1
85,233,671,241,50,67,1,1,-1,-1
85,234,698,87,25,31,1,1,-1,-1
85,235,768,307,66,154,1,1,-1,-1
85,238,703,232,26,64,1,10,-1,-1
85,248,374,267,30,59,1,1,-1,-1
86,86,1278,567,51,105,1,1,-1,-1
86,119,751,191,26,38,1,1,-1,-1
86,147,560,475,166,111,1,1,-1,-1
86,149,865,168,59,78,1,1,-1,-1
86,167,348,284,32,61,1,1,-1,-1
86,181,467,557,58,135,1,1,-1,-1
86,183,396,236,35,89,1,1,-1,-1
86,185,511,258,37,36,1,1,-1,-1
86,187,702,158,17,30,1,1,-1,-1
86,192,536,507,90,129,1,1,-1,-1
86,194,754,207,22,42,1,1,-1,-1
86,196,761,220,14,26,1,1,-1,-1
86,197,1270,595,75,128,1,1,-1,-1
86,206,456,510,81,188,1,1,-1,-1
86,212,404,271,25,44,1,1,-1,-1
86,216,233,402,46,90,1,1,-1,-1
86,217,233,449,27,66,1,1,-1,-1
86,219,1287,568,43,89,1,1,-1,-1
86,225,513,248,19,40,1,1,-1,-1
86,233,722,211,28,67,1,1,-1,-1
86,234,688,141,11,23,1,1,-1,-1
86,238,708,229,34,56,1,10,-1,-1
86,247,396,267,29,58,1,1,-1,-1
86,248,376,286,24,46,1,1,-1,-1
86,251,881,162,43,57,1,1,-1,-1
86,252,590,451,137,93,1,1,-1,-1
87,86,1281,571,51,105,1,1,-1,-1
87,119,753,193,26,38,1,1,-1,-1
87,147,575,466,157,108,1,1,-1,-1
87,149,867,170,59,78,1,1,-1,-1
87,167,361,281,19,38,1,1,-1,-1
87,181,464,572,59,137,1,1,-1,-1
87,183,378,252,24,44,1,1,-1,-1
87,185,510,260,37,36,1,1,-1,-1
87,187,703,159,17,30,1,1,-1,-1
87,192,536,517,90,129,1,1,-1,-1
87,194,755,209,22,42,1,1,-1,-1
87,196,724,213,28,68,1,1,-1,-1
87,197,1269,596,72,125,1,1,-1,-1
87,206,486,607,33,77,1,1,-1,-1
87,212,389,249,24,61,1,1,-1,-1
87,216,227,408,47,91,1,1,-1,-1
87,217,228,458,27,66,1,1,-1,-1
87,219,1291,571,43,89,1,1,-1,-1
87,225,518,237,27,26,1,1,-1,-1
87,233,709,232,34,56,1,1,-1,-1
87,234,694,138,19,34,1,1,-1,-1
87,238,705,236,26,64,1,10,-1,-1
87,247,370,271,30,61,1,1,-1,-1
87,248,374,289,24,46,1,1,-1,-1
87,251,883,163,43,58,1,1,-1,-1
87,252,616,476,102,70,1,1,-1,-1
88,119,754,195,27,38,1,1,-1,-1
88,147,552,469,197,138,1,1,-1,-1
88,167,353,286,19,38,1,1,-1,-1
88,181,460,585,60,138,1,1,-1,-1
88,183,387,252,24,60,1,1,-1,-1
88,185,509,262,38,37,1,1,-1,-1
88,187,705,148,17,32,1,1,-1,-1
88,192,535,536,94,133,1,1,-1,-1
88,194,764,227,22,42,1,1,-1,-1
88,196,704,160,18,29,1,1,-1,-1
88,197,1272,601,72,125,1,1,-1,-1
88,206,481,623,32,74,1,1,-1,-1
88,212,401,275,25,45,1,1,-1,-1
88,216,221,413,48,93,1,1,-1,-1
88,217,223,461,27,68,1,1,-1,-1
88,225,512,251,19,41,1,1,-1,-1
88,233,711,236,34,56,1,1,-1,-1
88,234,702,109,18,23,1,1,-1,-1
88,238,675,232,54,72,1,10,-1,-1
88,247,372,272,30,61,1,1,-1,-1
88,248,406,297,20,38,1,1,-1,-1
88,251,884,165,44,58,1,1,-1,-1
88,252,620,484,78,54,1,1,-1,-1
89,119,756,198,27,38,1,1,-1,-1
89,147,551,475,197,138,1,1,-1,-1
89,181,456,598,61,139,1,1,-1,-1
89,183,369,254,25,64,1,1,-1,-1
89,185,512,253,18,41,1,1,-1,-1
89,187,703,159,17,32,1,1,-1,-1
89,192,543,570,54,77,1,1,-1,-1
89,194,758,214,22,42,1,1,-1,-1
89,196,698,169,18,29,1,1,-1,-1
89,197,1298,578,38,92,1,1,-1,-1
89,206,450,598,77,176,1,1,-1,-1
89,212,396,273,25,45,1,1,-1,-1
89,216,216,419,47,94,1,1,-1,-1
89,217,218,468,28,68,1,1,-1,-1
89,225,531,237,19,43,1,1,-1,-1
89,233,746,214,21,30,1,1,-1,-1
89,234,697,128,25,40,1,1,-1,-1
89,238,727,217,28,70,1,10,-1,-1
89,247,364,277,31,61,1,1,-1,-1
89,248,405,300,20,38,1,1,-1,-1
89,251,886,166,44,58,1,1,-1,-1
89,252,620,485,78,54,1,1,-1,-1
89,257,752,195,30,57,1,1,-1,-1
89,259,715,111,14,30,1,1,-1,-1
89,261,680,104,18,30,1,1,-1,-1
90,119,762,201,29,52,1,1,-1,-1
90,147,591,510,135,97,1,1,-1,-1
90,181,451,613,61,139,1,1,-1,-1
90,183,374,281,21,54,1,1,-1,-1
90,185,510,256,18,41,1,1,-1,-1
90,187,685,183,21,33,1,1,-1,-1
90,192,557,601,57,81,1,1,-1,-1
90,194,761,217,23,42,1,1,-1,-1
90,197,1302,581,36,94,1,1,-1,-1
90,206,472,618,61,139,1,1,-1,-1
90,212,383,256,24,61,1,1,-1,-1
90,216,213,474,28,69,1,1,-1,-1
90,217,190,483,22,54,1,1,-1,-1
90,225,530,239,19,43,1,1,-1,-1
90,233,729,219,28,71,1,1,-1,-1
90,234,707,150,17,32,1,1,-1,-1
90,238,715,243,34,57,1,10,-1,-1
90,247,361,280,32,61,1,1,-1,-1
90,248,397,280,26,45,1,1,-1,-1
90,251,889,167,44,58,1,1,-1,-1
90,252,612,496,157,113,1,1,-1,-1
90,257,753,192,30,57,1,1,-1,-1
90,258,736,254,24,61,1,1,-1,-1
90,259,729,87,14,17,1,1,-1,-1
90,260,772,345,69,167,1,1,-1,-1
90,261,680,104,18,30,1,1,-1,-1
90,266,527,258,15,30,1,1,-1,-1
91,119,764,220,24,43,1,1,-1,-1
91,147,591,520,137,99,1,1,-1,-1
91,181,450,626,64,127,1,1,-1,-1
91,183,368,284,21,54,1,1,-1,-1
91,187,707,163,18,28,1,1,-1,-1
91,192,521,582,74,107,1,1,-1,-1
91,194,717,247,34,56,1,1,-1,-1
91,197,1292,599,33,61,1,1,-1,-1
91,206,469,638,61,139,1,1,-1,-1
91,212,380,257,24,61,1,1,-1,-1
91,216,210,441,29,58,1,1,-1,-1
91,217,185,490,22,54,1,1,-1,-1
91,233,714,238,37,88,1,1,-1,-1
91,234,708,151,16,32,1,1,-1,-1
91,238,708,245,27,65,1,10,-1,-1
91,247,356,283,32,61,1,1,-1,-1
91,248,394,282,28,46,1,1,-1,-1
91,252,615,502,157,113,1,1,-1,-1
91,257,751,173,26,36,1,1,-1,-1
91,258,712,253,45,74,1,1,-1,-1
91,259,703,93,21,35,1,1,-1,-1
91,260,790,362,55,127,1,1,-1,-1
91,261,680,105,18,30,1,1,-1,-1
91,266,511,256,17,41,1,1,-1,-1
92,119,765,204,27,38,1,1,-1,-1
92,147,590,531,140,102,1,1,-1,-1
92,181,447,640,67,114,1,1,-1,-1
92,183,391,285,30,46,1,1,-1,-1
92,187,708,164,18,28,1,1,-1,-1
92,192,522,598,74,107,1,1,-1,-1
92,194,707,248,28,66,1,1,-1,-1
92,197,1307,589,33,97,1,1,-1,-1
92,212,513,269,19,43,1,1,-1,-1
92,216,198,436,50,98,1,1,-1,-1
92,217,203,486,28,71,1,1,-1,-1
92,233,744,194,16,23,1,1,-1,-1
92,234,701,135,16,25,1,1,-1,-1
92,238,674,259,54,70,1,10,-1,-1
92,247,379,261,25,60,1,1,-1,-1
92,248,406,287,26,63,1,1,-1,-1
92,257,708,152,17,32,1,1,-1,-1
92,258,769,205,33,57,1,1,-1,-1
92,259,718,87,12,15,1,1,-1,-1
92,260,792,364,55,127,1,1,-1,-1
92,261,703,103,17,21,1,1,-1,-1
92,266,525,262,15,31,1,1,-1,-1
92,270,356,285,32,63,1,1,-1,-1
92,272,377,316,19,38,1,1,-1,-1
93,119,734,225,28,74,1,1,-1,-1
93,147,592,541,140,102,1,1,-1,-1
93,181,444,653,67,114,1,1,-1,-1
93,183,384,280,27,51,1,1,-1,-1
93,187,710,166,18,27,1,1,-1,-1
93,192,524,595,103,144,1,1,-1,-1
93,194,712,256,34,44,1,1,-1,-1
93,197,1309,593,32,99,1,1,-1,-1
93,212,509,266,42,41,1,1,-1,-1
93,216,174,483,22,56,1,1,-1,-1
93,217,198,493,29,72,1,1,-1,-1
93,233,744,202,16,23,1,1,-1,-1
93,234,709,153,17,32,1,1,-1,-1
93,238,707,251,29,67,1,10,-1,-1
93,247,377,263,25,61,1,1,-1,-1
93,248,478,280,57,56,1,1,-1,-1
93,257,708,138,17,32,1,1,-1,-1
93,258,771,226,25,44,1,1,-1,-1
93,259,687,93,14,17,1,1,-1,-1
93,261,680,106,18,30,1,1,-1,-1
93,266,506,267,31,30,1,1,-1,-1
93,270,353,288,33,63,1,1,-1,-1
93,272,361,305,24,46,1,1,-1,-1
93,274,724,93,16,35,1,1,-1,-1
93,275,720,113,14,30,1,1,-1,-1
94,119,722,258,34,57,1,1,-1,-1
94,147,588,553,147,108,1,1,-1,-1
94,183,358,286,37,70,1,1,-1,-1
94,187,710,168,18,26,1,1,-1,-1
94,192,522,607,103,144,1,1,-1,-1
94,194,702,310,29,37,1,1,-1,-1
94,197,1310,598,31,100,1,1,-1,-1
94,212,523,267,16,31,1,1,-1,-1
94,216,187,448,50,100,1,1,-1,-1
94,217,185,484,60,120,1,1,-1,-1
94,233,658,256,36,46,1,1,-1,-1
94,234,679,151,25,37,1,1,-1,-1
94,238,659,271,48,62,1,10,-1,-1
94,247,378,260,25,61,1,1,-1,-1
94,248,507,291,12,24,1,1,-1,-1
94,258,771,209,28,38,1,1,-1,-1
94,259,687,88,14,17,1,1,-1,-1
94,261,685,102,18,30,1,1,-1,-1
94,266,509,261,17,42,1,1,-1,-1
94,270,350,291,33,63,1,1,-1,-1
94,272,358,308,24,46,1,1,-1,-1
94,274,727,95,16,35,1,1,-1,-1
94,275,719,113,14,30,1,1,-1,-1
94,277,1279,619,62,118,1,1,-1,-1
94,280,512,273,23,22,1,1,-1,-1
95,119,724,262,34,56,1,1,-1,-1
95,147,587,565,151,110,1,1,-1,-1
95,183,383,292,34,47,1,1,-1,-1
95,187,732,201,42,113,1,1,-1,-1
95,194,715,278,45,74,1,1,-1,-1
95,197,1312,602,30,102,1,1,-1,-1
95,212,554,254,26,24,1,1,-1,-1
95,216,187,482,28,56,1,1,-1,-1
95,217,182,491,60,120,1,1,-1,-1
95,233,689,241,34,75,1,1,-1,-1
95,234,711,155,17,32,1,1,-1,-1
95,238,676,266,55,71,1,10,-1,-1
95,247,372,268,26,60,1,1,-1,-1
95,248,532,291,12,24,1,1,-1,-1
95,258,774,211,28,38,1,1,-1,-1
95,261,680,106,18,30,1,1,-1,-1
95,266,506,263,17,42,1,1,-1,-1
95,270,356,311,24,46,1,1,-1,-1
95,272,380,286,26,59,1,1,-1,-1
95,275,703,104,17,21,1,1,-1,-1
95,276,896,173,44,60,1,1,-1,-1
95,277,1279,619,62,118,1,1,-1,-1
95,280,512,275,23,22,1,1,-1,-1
96,119,726,266,34,56,1,1,-1,-1
96,147,586,577,155,112,1,1,-1,-1
96,183,381,295,35,47,1,1,-1,-1
96,187,712,170,18,27,1,1,-1,-1
96,194,743,279,22,36,1,1,-1,-1
96,197,1315,605,30,102,1,1,-1,-1
96,212,529,264,13,24,1,1,-1,-1
96,216,188,471,32,62,1,1,-1,-1
96,217,175,459,52,103,1,1,-1,-1
96,233,673,249,34,75,1,1,-1,-1
96,234,711,156,17,32,1,1,-1,-1
96,238,722,286,24,39,1,10,-1,-1
96,247,372,267,26,60,1,1,-1,-1
96,248,522,295,21,39,1,1,-1,-1
96,258,777,214,29,38,1,1,-1,-1
96,261,704,105,17,21,1,1,-1,-1
96,266,508,264,17,43,1,1,-1,-1
96,270,344,296,34,64,1,1,-1,-1
96,272,361,298,23,43,1,1,-1,-1
96,275,724,114,14,30,1,1,-1,-1
96,276,897,174,45,61,1,1,-1,-1
96,280,502,279,38,37,1,1,-1,-1
96,281,500,271,53,52,1,1,-1,-1
96,285,808,433,56,126,1,1,-1,-1
97,119,721,278,26,54,1,1,-1,-1
97,147,586,590,159,114,1,1,-1,-1
97,183,389,285,38,54,1,1,-1,-1
97,187,773,204,28,48,1,1,-1,-1
97,194,727,269,35,57,1,1,-1,-1
97,212,520,270,17,30,1,1,-1,-1
97,216,143,457,58,118,1,1,-1,-1
97,217,164,532,33,78,1,1,-1,-1
97,233,666,276,47,62,1,1,-1,-1
97,234,712,157,17,32,1,1,-1,-1
97,238,706,264,34,70,1,10,-1,-1
97,247,508,239,12,32,1,1,-1,-1
97,248,535,309,10,17,1,1,-1,-1
97,258,778,217,29,40,1,1,-1,-1
97,261,680,107,18,30,1,1,-1,-1
97,266,517,268,14,24,1,1,-1,-1
97,270,342,300,34,64,1,1,-1,-1
97,272,366,293,23,43,1,1,-1,-1
97,275,725,114,14,30,1,1,-1,-1
97,276,899,175,45,61,1,1,-1,-1
97,280,501,281,38,38,1,1,-1,-1
97,281,520,274,18,31,1,1,-1,-1
97,285,813,442,58,127,1,1,-1,-1
97,287,779,240,28,48,1,1,-1,-1
97,288,742,236,28,77,1,1,-1,-1
97,290,508,266,16,43,1,10,-1,-1
98,119,706,267,34,72,1,1,-1,-1
98,147,526,579,241,173,1,1,-1,-1
98,183,366,275,27,60,1,1,-1,-1
98,187,780,221,29,42,1,1,-1,-1
98,194,729,273,35,57,1,1,-1,-1
98,212,530,267,17,30,1,1,-1,-1
98,216,164,470,52,106,1,1,-1,-1
98,217,160,529,33,78,1,1,-1,-1
98,233,651,260,79,107,1,1,-1,-1
98,234,693,163,15,25,1,1,-1,-1
98,238,698,243,39,83,1,10,-1,-1
98,247,524,234,12,32,1,1,-1,-1
98,248,553,311,10,17,1,1,-1,-1
98,258,781,243,29,50,1,1,-1,-1
98,261,658,109,21,35,1,1,-1,-1
98,266,499,259,24,24,1,1,-1,-1
98,270,339,302,34,65,1,1,-1,-1
98,272,337,292,33,63,1,1,-1,-1
98,275,726,114,14,30,1,1,-1,-1
98,276,900,177,46,61,1,1,-1,-1
98,280,499,286,38,38,1,1,-1,-1
98,281,519,276,18,32,1,1,-1,-1
98,285,819,452,59,129,1,1,-1,-1
98,287,744,240,29,78,1,1,-1,-1
98,288,734,239,30,80,1,1,-1,-1
98,290,519,264,16,43,1,10,-1,-1
99,119,699,264,52,109,1,1,-1,-1
99,147,586,616,166,118,1,1,-1,-1
99,183,364,277,27,60,1,1,-1,-1
99,187,781,224,30,44,1,1,-1,-1
99,194,765,255,26,72,1,1,-1,-1
99,212,518,279,19,31,1,1,-1,-1
99,216,155,475,52,106,1,1,-1,-1
99,217,147,551,35,81,1,1,-1,-1
99,233,645,271,79,107,1,1,-1,-1
99,234,715,171,18,30,1,1,-1,-1
99,238,731,277,35,56,1,10,-1,-1
99,258,786,243,19,33,1,1,-1,-1
99,261,680,108,18,30,1,1,-1,-1
99,266,507,270,16,43,1,1,-1,-1
99,270,347,322,24,46,1,1,-1,-1
99,272,336,304,35,66,1,1,-1,-1
99,275,734,181,24,39,1,1,-1,-1
99,276,902,178,46,62,1,1,-1,-1
99,280,504,309,35,36,1,1,-1,-1
99,281,499,286,38,39,1,1,-1,-1
99,285,825,462,61,131,1,1,-1,-1
99,287,774,247,29,79,1,1,-1,-1
99,288,747,245,17,45,1,1,-1,-1
99,292,541,600,240,171,1,1,-1,-1
99,293,706,270,35,73,1,1,-1,-1
100,119,705,273,37,74,1,1,-1,-1
100,147,585,631,168,123,1,1,-1,-1
100,183,388,283,19,42,1,1,-1,-1
100,187,798,234,30,44,1,1,-1,-1
100,194,749,248,30,80,1,1,-1,-1
100,212,519,281,19,31,1,1,-1,-1
100,216,139,561,36,82,1,1,-1,-1
100,217,134,569,46,104,1,1,-1,-1
100,234,704,155,25,48,1,1,-1,-1
100,238,733,280,34,57,1,10,-1,-1
100,258,790,250,19,33,1,1,-1,-1
100,261,704,106,17,21,1,1,-1,-1
100,266,505,267,16,43,1,1,-1,-1
100,270,323,323,32,59,1,1,-1,-1
100,272,357,300,23,36,1,1,-1,-1
100,275,715,160,17,32,1,1,-1,-1
100,276,904,179,45,62,1,1,-1,-1
100,280,503,316,35,36,1,1,-1,-1
100,281,498,288,38,40,1,1,-1,-1
100,285,831,473,63,133,1,1,-1,-1
100,287,745,225,40,108,1,1,-1,-1
100,288,718,186,12,20,1,1,-1,-1
100,292,552,600,240,171,1,1,-1,-1
100,293,713,271,29,57,1,1,-1,-1
100,295,371,306,32,50,1,1,-1,-1
101,119,681,288,55,78,1,1,-1,-1
101,147,585,646,172,106,1,1,-1,-1
101,183,360,281,27,61,1,1,-1,-1
101,194,762,264,32,85,1,1,-1,-1
101,212,517,283,18,32,1,1,-1,-1
101,216,147,488,54,109,1,1,-1,-1
101,217,130,571,37,84,1,1,-1,-1
101,234,714,144,23,44,1,1,-1,-1
101,238,735,284,34,57,1,10,-1,-1
101,261,702,107,17,21,1,1,-1,-1
101,266,505,275,16,42,1,1,-1,-1
101,270,343,327,24,46,1,1,-1,-1
101,272,346,324,17,32,1,1,-1,-1
101,275,732,197,12,20,1,1,-1,-1
101,276,905,180,46,63,1,1,-1,-1
101,281,497,290,38,41,1,1,-1,-1
101,285,837,484,61,140,1,1,-1,-1
101,287,747,232,40,108,1,1,-1,-1
101,288,719,163,19,32,1,1,-1,-1
101,292,663,676,96,59,1,1,-1,-1
101,293,717,270,29,57,1,1,-1,-1
101,295,374,304,32,50,1,1,-1,-1
102,119,688,306,62,90,1,1,-1,-1
102,147,587,660,172,106,1,1,-1,-1
102,183,358,284,27,60,1,1,-1,-1
102,194,766,280,17,28,1,1,-1,-1
102,212,510,289,24,40,1,1,-1,-1
102,216,137,498,56,111,1,1,-1,-1
102,217,122,581,38,85,1,1,-1,-1
102,234,716,163,17,32,1,1,-1,-1
102,238,736,288,35,57,1,10,-1,-1
102,261,704,106,17,21,1,1,-1,-1
102,266,504,277,16,42,1,1,-1,-1
102,270,328,313,36,67,1,1,-1,-1
102,272,346,323,17,32,1,1,-1,-1
102,275,715,175,18,30,1,1,-1,-1
102,276,907,181,46,63,1,1,-1,-1
102,281,495,294,38,41,1,1,-1,-1
102,285,843,495,60,148,1,1,-1,-1
102,287,778,241,34,57,1,1,-1,-1
102,288,691,163,21,36,1,1,-1,-1
102,293,752,238,39,106,1,1,-1,-1
102,297,731,116,14,30,1,1,-1,-1
103,119,659,306,40,59,1,1,-1,-1
103,183,354,284,27,60,1,1,-1,-1
103,194,738,291,35,57,1,1,-1,-1
103,212,495,295,37,42,1,1,-1,-1
103,216,114,591,39,86,1,1,-1,-1
103,217,116,600,51,112,1,1,-1,-1
103,234,719,161,17,32,1,1,-1,-1
103,238,683,295,55,81,1,10,-1,-1
103,261,706,100,25,30,1,1,-1,-1
103,266,501,303,14,35,1,1,-1,-1
103,270,327,317,36,67,1,1,-1,-1
103,275,716,190,18,30,1,1,-1,-1
103,276,908,183,47,63,1,1,-1,-1
103,285,846,509,64,153,1,1,-1,-1
103,287,765,263,36,95,1,1,-1,-1
103,288,681,112,19,30,1,1,-1,-1
103,293,705,283,40,76,1,1,-1,-1
103,297,733,116,13,30,1,1,-1,-1
104,119,656,318,40,59,1,1,-1,-1
104,183,346,266,28,63,1,1,-1,-1
104,194,740,295,35,57,1,1,-1,-1
104,212,494,297,37,43,1,1,-1,-1
104,216,111,593,39,86,1,1,-1,-1
104,217,108,611,51,112,1,1,-1,-1
104,234,717,179,18,30,1,1,-1,-1
104,238,704,286,42,77,1,10,-1,-1
104,261,711,99,25,30,1,1,-1,-1
104,266,494,288,22,56,1,1,-1,-1
104,270,322,318,37,68,1,1,-1,-1
104,276,910,184,46,63,1,1,-1,-1
104,285,863,510,74,173,1,1,-1,-1
104,287,798,267,34,57,1,1,-1,-1
104,288,688,125,9,15,1,1,-1,-1
104,293,703,277,43,80,1,1,-1,-1
104,297,734,116,14,30,1,1,-1,-1
104,302,758,265,32,83,1,1,-1,-1
104,303,899,185,52,71,1,1,-1,-1
104,305,799,246,31,54,1,1,-1,-1
105,183,341,265,28,63,1,1,-1,-1
105,194,760,312,27,44,1,1,-1,-1
105,212,493,299,37,44,1,1,-1,-1
105,216,97,610,41,90,1,1,-1,-1
105,234,719,168,17,32,1,1,-1,-1
105,238,697,294,42,77,1,10,-1,-1
105,261,683,115,26,43,1,1,-1,-1
105,266,497,289,23,37,1,1,-1,-1
105,270,288,325,40,74,1,1,-1,-1
105,276,934,201,38,53,1,1,-1,-1
105,285,869,524,74,173,1,1,-1,-1
105,287,768,264,40,108,1,1,-1,-1
105,288,682,115,18,29,1,1,-1,-1
105,293,704,289,42,79,1,1,-1,-1
105,297,735,117,14,30,1,1,-1,-1
105,302,761,270,31,84,1,1,-1,-1
105,303,912,185,46,64,1,1,-1,-1
105,305,804,217,50,83,1,1,-1,-1
106,194,736,294,35,92,1,1,-1,-1
106,212,492,301,37,45,1,1,-1,-1
106,216,105,632,22,49,1,1,-1,-1
106,234,718,183,18,29,1,1,-1,-1
106,238,709,331,37,56,1,10,-1,-1
106,261,720,170,17,32,1,1,-1,-1
106,266,500,287,17,40,1,1,-1,-1
106,270,316,324,38,68,1,1,-1,-1
106,276,936,202,38,53,1,1,-1,-1
106,287,805,275,36,60,1,1,-1,-1
106,288,682,116,19,30,1,1,-1,-1
106,293,685,306,56,85,1,1,-1,-1
106,297,736,117,14,30,1,1,-1,-1
106,302,763,274,32,85,1,1,-1,-1
106,303,846,249,19,34,1,1,-1,-1
106,305,809,257,33,58,1,1,-1,-1
106,307,329,345,26,47,1,1,-1,-1
106,308,512,295,21,33,1,1,-1,-1
106,309,361,352,31,60,1,2,-1,-1
106,311,359,323,26,51,1,1,-1,-1
107,194,705,304,59,90,1,1,-1,-1
107,212,485,328,13,20,1,1,-1,-1
107,216,80,630,43,92,1,1,-1,-1
107,234,721,171,17,32,1,1,-1,-1
107,238,686,310,56,86,1,10,-1,-1
107,261,738,118,14,30,1,1,-1,-1
107,266,500,290,17,40,1,1,-1,-1
107,270,314,327,38,69,1,1,-1,-1
107,276,915,187,47,65,1,1,-1,-1
107,287,816,290,21,39,1,1,-1,-1
107,288,682,117,19,30,1,1,-1,-1
107,293,704,296,44,80,1,1,-1,-1
107,297,705,108,17,21,1,1,-1,-1
107,302,766,272,20,52,1,1,-1,-1
107,303,845,244,19,34,1,1,-1,-1
107,305,812,261,32,59,1,1,-1,-1
107,307,320,313,44,79,1,1,-1,-1
107,308,491,304,37,45,1,1,-1,-1
107,309,327,363,20,36,1,2,-1,-1
107,311,340,297,30,62,1,1,-1,-1
108,194,748,315,35,59,1,1,-1,-1
108,212,483,332,13,20,1,1,-1,-1
108,216,72,640,44,94,1,1,-1,-1
108,234,722,173,17,32,1,1,-1,-1
108,238,718,309,43,76,1,10,-1,-1
108,261,735,172,11,20,1,1,-1,-1
108,266,510,300,22,33,1,1,-1,-1
108,270,294,325,46,83,1,1,-1,-1
108,276,917,189,47,65,1,1,-1,-1
108,287,838,298,23,37,1,1,-1,-1
108,288,704,127,22,27,1,1,-1,-1
108,293,703,299,46,81,1,1,-1,-1
108,297,739,118,14,30,1,1,-1,-1
108,302,768,282,33,87,1,1,-1,-1
108,305,816,263,32,59,1,1,-1,-1
108,307,311,331,39,70,1,1,-1,-1
108,308,491,305,37,45,1,1,-1,-1
108,309,322,354,27,49,1,2,-1,-1
108,311,341,297,30,62,1,1,-1,-1
109,194,770,287,33,87,1,1,-1,-1
109,212,497,297,17,41,1,1,-1,-1
109,216,62,656,44,94,1,1,-1,-1
109,234,716,165,19,35,1,1,-1,-1
109,238,751,321,34,61,1,10,-1,-1
109,261,723,175,17,32,1,1,-1,-1
109,266,509,302,22,33,1,1,-1,-1
109,270,308,335,40,71,1,1,-1,-1
109,276,918,190,47,65,1,1,-1,-1
109,287,818,297,31,53,1,1,-1,-1
109,288,698,112,21,27,1,1,-1,-1
109,293,680,323,78,125,1,1,-1,-1
109,297,740,119,14,30,1,1,-1,-1
109,302,813,284,28,48,1,1,-1,-1
109,305,827,256,31,62,1,1,-1,-1
109,307,349,334,25,54,1,1,-1,-1
109,308,512,308,23,34,1,1,-1,-1
109,309,304,334,49,88,1,2,-1,-1
109,313,820,270,32,63,1,1,-1,-1
109,317,886,614,76,141,1,1,-1,-1
109,320,683,120,19,29,1,2,-1,-1
109,321,426,253,24,29,1,1,-1,-1
110,194,753,334,34,59,1,1,-1,-1
110,212,494,299,17,41,1,1,-1,-1
110,216,47,675,47,69,1,1,-1,-1
110,234,717,165,19,35,1,1,-1,-1
110,238,703,305,48,83,1,10,-1,-1
110,261,723,177,17,32,1,1,-1,-1
110,266,512,304,22,33,1,1,-1,-1
110,270,306,340,40,71,1,1,-1,-1
110,276,905,216,60,81,1,1,-1,-1
110,287,824,275,33,65,1,1,-1,-1
110,288,705,109,17,21,1,1,-1,-1
110,293,689,321,56,90,1,1,-1,-1
110,297,749,150,10,21,1,1,-1,-1
110,302,811,268,41,81,1,1,-1,-1
110,305,824,252,32,63,1,1,-1,-1
110,307,345,339,24,54,1,1,-1,-1
110,308,489,313,37,47,1,1,-1,-1
110,309,315,364,29,50,1,2,-1,-1
110,313,844,271,26,52,1,1,-1,-1
110,316,451,240,23,47,1,1,-1,-1
110,317,899,641,76,114,1,1,-1,-1
110,319,331,311,32,66,1,1,-1,-1
110,320,683,121,19,29,1,2,-1,-1
110,321,423,248,24,29,1,1,-1,-1
110,322,83,619,42,78,1,1,-1,-1
111,194,780,305,45,119,1,1,-1,-1
111,216,37,688,47,69,1,1,-1,-1
111,234,706,109,17,21,1,1,-1,-1
111,238,755,334,35,63,1,10,-1,-1
111,261,724,192,19,33,1,1,-1,-1
111,270,305,343,40,71,1,1,-1,-1
111,276,903,209,58,77,1,1,-1,-1
111,287,828,279,33,68,1,1,-1,-1
111,288,716,87,10,12,1,1,-1,-1
111,293,694,336,32,55,1,1,-1,-1
111,297,752,151,10,21,1,1,-1,-1
111,302,822,267,30,61,1,1,-1,-1
111,305,817,255,37,77,1,1,-1,-1
111,307,341,343,24,55,1,1,-1,-1
111,308,507,308,22,34,1,1,-1,-1
111,309,308,364,29,50,1,2,-1,-1
111,313,862,254,21,42,1,1,-1,-1
111,316,451,241,23,47,1,1,-1,-1
111,317,902,646,76,114,1,1,-1,-1
111,319,328,316,32,67,1,1,-1,-1
111,320,684,122,18,29,1,2,-1,-1
111,322,56,591,70,127,1,1,-1,-1
112,194,758,340,34,64,1,1,-1,-1
112,234,706,110,17,21,1,1,-1,-1
112,238,706,314,48,86,1,10,-1,-1
112,261,724,195,18,32,1,1,-1,-1
112,270,301,349,41,72,1,1,-1,-1
112,276,902,218,58,77,1,1,-1,-1
112,287,833,279,33,68,1,1,-1,-1
112,288,734,109,9,22,1,1,-1,-1
112,293,691,328,56,93,1,1,-1,-1
112,297,766,180,16,29,1,1,-1,-1
112,302,835,266,30,61,1,1,-1,-1
112,305,815,258,46,93,1,1,-1,-1
112,307,345,344,24,55,1,1,-1,-1
112,308,489,311,23,35,1,1,-1,-1
112,313,870,252,21,42,1,1,-1,-1
112,316,450,245,22,48,1,1,-1,-1
112,317,902,698,113,88,1,1,-1,-1
112,319,325,321,33,68,1,1,-1,-1
112,320,725,182,17,32,1,2,-1,-1
112,322,47,602,71,128,1,1,-1,-1
112,328,670,298,78,129,1,1,-1,-1
113,194,760,346,34,65,1,1,-1,-1
113,234,706,110,17,21,1,1,-1,-1
113,238,766,313,22,57,1,10,-1,-1
113,261,741,211,12,20,1,1,-1,-1
113,270,304,378,31,52,1,1,-1,-1
113,276,928,201,51,68,1,1,-1,-1
113,287,780,304,35,91,1,1,-1,-1
113,288,739,99,9,22,1,1,-1,-1
113,293,692,332,56,94,1,1,-1,-1
113,297,772,191,16,29,1,1,-1,-1
113,305,836,289,34,71,1,1,-1,-1
113,307,297,354,42,73,1,1,-1,-1
113,308,480,292,14,38,1,1,-1,-1
113,316,447,275,14,29,1,1,-1,-1
113,317,910,710,113,88,1,1,-1,-1
113,319,322,325,34,71,1,1,-1,-1
113,320,728,182,17,32,1,2,-1,-1
113,322,42,608,71,128,1,1,-1,-1
113,328,694,347,30,51,1,1,-1,-1
113,332,944,210,32,42,1,1,-1,-1
113,334,830,307,42,68,1,2,-1,-1
114,194,762,353,35,66,1,1,-1,-1
114,234,706,110,17,21,1,1,-1,-1
114,238,764,315,22,57,1,10,-1,-1
114,261,737,212,20,32,1,1,-1,-1
114,270,301,375,39,70,1,1,-1,-1
114,276,929,203,51,68,1,1,-1,-1
114,287,822,274,36,76,1,1,-1,-1
114,288,746,124,14,30,1,1,-1,-1
114,293,728,367,34,58,1,1,-1,-1
114,297,744,205,21,39,1,1,-1,-1
114,305,841,294,34,73,1,1,-1,-1
114,307,294,359,42,75,1,1,-1,-1
114,308,502,344,35,51,1,1,-1,-1
114,316,446,277,14,29,1,1,-1,-1
114,319,324,328,34,71,1,1,-1,-1
114,320,725,204,19,30,1,2,-1,-1
114,328,693,336,56,95,1,1,-1,-1
114,332,926,172,72,96,1,1,-1,-1
114,334,836,315,42,68,1,2,-1,-1
114,338,501,320,25,36,1,2,-1,-1
115,194,765,359,34,67,1,1,-1,-1
115,234,706,111,17,21,1,1,-1,-1
115,238,787,318,35,95,1,10,-1,-1
115,261,720,181,21,39,1,1,-1,-1
115,270,297,387,33,54,1,1,-1,-1
115,276,922,203,32,42,1,1,-1,-1
115,287,812,283,36,76,1,1,-1,-1
115,288,779,129,13,29,1,1,-1,-1
115,293,728,372,34,58,1,1,-1,-1
115,297,728,189,17,32,1,1,-1,-1
115,305,845,301,37,73,1,1,-1,-1
115,307,290,365,43,76,1,1,-1,-1
115,308,522,327,12,33,1,1,-1,-1
115,316,442,267,18,41,1,1,-1,-1
115,319,325,355,39,85,1,1,-1,-1
115,320,718,196,9,17,1,2,-1,-1
115,328,690,354,56,95,1,1,-1,-1
115,332,932,205,53,70,1,1,-1,-1
115,334,842,323,43,68,1,2,-1,-1
115,335,448,253,22,49,1,1,-1,-1
115,338,499,323,26,38,1,2,-1,-1
116,194,767,374,45,92,1,1,-1,-1
116,234,677,110,26,40,1,1,-1,-1
116,238,767,365,34,69,1,10,-1,-1
116,261,723,182,24,40,1,1,-1,-1
116,270,296,395,33,54,1,1,-1,-1
116,276,918,171,69,89,1,1,-1,-1
116,287,791,325,35,97,1,1,-1,-1
116,288,749,126,13,30,1,1,-1,-1
116,293,720,337,42,93,1,1,-1,-1
116,297,729,192,17,32,1,1,-1,-1
116,305,849,309,41,72,1,1,-1,-1
116,307,282,372,43,76,1,1,-1,-1
116,308,524,338,12,33,1,1,-1,-1
116,316,440,272,18,41,1,1,-1,-1
116,319,313,340,36,74,1,1,-1,-1
116,320,727,207,19,32,1,2,-1,-1
116,328,693,351,59,94,1,1,-1,-1
116,332,934,208,54,70,1,1,-1,-1
116,334,848,329,43,72,1,2,-1,-1
116,335,478,258,13,38,1,1,-1,-1
116,338,497,327,27,38,1,2,-1,-1
116,340,685,128,19,29,1,1,-1,-1
116,342,706,111,17,21,1,10,-1,-1
117,194,768,381,45,92,1,1,-1,-1
117,234,693,122,14,22,1,1,-1,-1
117,238,812,353,26,73,1,10,-1,-1
117,261,712,187,13,25,1,1,-1,-1
117,270,301,356,46,93,1,1,-1,-1
117,276,917,167,69,89,1,1,-1,-1
117,287,795,332,35,99,1,1,-1,-1
117,288,763,132,13,30,1,1,-1,-1
117,293,725,342,42,93,1,1,-1,-1
117,297,730,194,17,32,1,1,-1,-1
117,305,836,305,27,49,1,1,-1,-1
117,307,283,375,44,79,1,1,-1,-1
117,316,415,273,24,29,1,1,-1,-1
117,319,310,345,37,75,1,1,-1,-1
117,320,728,208,19,34,1,2,-1,-1
117,328,693,359,61,93,1,1,-1,-1
117,332,935,210,54,70,1,1,-1,-1
117,334,853,316,44,72,1,2,-1,-1
117,335,470,245,19,55,1,1,-1,-1
117,338,489,328,16,42,1,2,-1,-1
117,340,685,129,19,29,1,1,-1,-1
117,342,725,120,10,22,1,10,-1,-1
117,344,446,258,22,50,1,1,-1,-1
117,345,33,674,61,89,1,1,-1,-1
118,194,725,365,50,124,1,1,-1,-1
118,234,701,126,18,27,1,1,-1,-1
118,238,818,365,26,73,1,10,-1,-1
118,261,747,133,15,34,1,1,-1,-1
118,270,306,389,42,83,1,1,-1,-1
118,276,939,213,55,72,1,1,-1,-1
118,287,772,378,34,71,1,1,-1,-1
118,288,752,128,13,30,1,1,-1,-1
118,293,727,349,39,97,1,1,-1,-1
118,297,731,197,17,32,1,1,-1,-1
118,305,858,324,47,72,1,1,-1,-1
118,307,287,402,35,56,1,1,-1,-1
118,316,414,276,24,29,1,1,-1,-1
118,319,308,350,37,75,1,1,-1,-1
118,320,732,218,19,34,1,2,-1,-1
118,328,693,367,63,93,1,1,-1,-1
118,332,945,223,42,55,1,1,-1,-1
118,334,862,342,42,80,1,2,-1,-1
118,335,470,248,19,55,1,1,-1,-1
118,338,494,335,28,40,1,2,-1,-1
118,340,686,131,19,29,1,1,-1,-1
118,342,706,68,18,22,1,10,-1,-1
118,344,446,261,22,50,1,1,-1,-1
118,345,31,674,61,89,1,1,-1,-1
118,349,597,233,71,48,1,1,-1,-1
