1,31,204,621,77,82,1,2,-1,-1
1,74,366,262,29,59,1,1,-1,-1
1,97,407,225,22,47,1,1,-1,-1
2,31,199,629,76,82,1,2,-1,-1
2,74,365,263,29,58,1,1,-1,-1
2,97,407,225,22,48,1,1,-1,-1
3,13,550,239,23,58,1,1,-1,-1
3,31,194,637,76,83,1,2,-1,-1
3,74,357,271,28,55,1,1,-1,-1
3,97,410,243,19,42,1,1,-1,-1
4,13,551,240,23,59,1,1,-1,-1
4,31,189,645,76,84,1,2,-1,-1
4,74,363,265,29,58,1,1,-1,-1
4,75,574,224,34,58,1,1,-1,-1
4,97,407,227,22,48,1,1,-1,-1
5,13,559,247,25,64,1,1,-1,-1
5,31,184,653,76,84,1,2,-1,-1
5,57,582,276,28,67,1,1,-1,-1
5,74,362,267,29,57,1,1,-1,-1
5,75,574,225,34,58,1,1,-1,-1
6,8,410,246,19,42,1,1,-1,-1
6,13,552,242,23,60,1,1,-1,-1
6,31,179,661,76,85,1,2,-1,-1
6,57,582,277,28,69,1,1,-1,-1
6,75,574,226,34,59,1,1,-1,-1
7,8,407,229,23,50,1,1,-1,-1
7,13,552,243,23,60,1,1,-1,-1
7,31,174,669,76,86,1,2,-1,-1
7,57,582,278,28,70,1,1,-1,-1
7,75,575,227,33,59,1,1,-1,-1
8,8,407,230,23,50,1,1,-1,-1
8,13,553,244,22,60,1,1,-1,-1
8,31,169,677,77,78,1,2,-1,-1
8,57,582,279,28,72,1,1,-1,-1
8,75,575,228,34,59,1,1,-1,-1
8,76,620,259,37,70,1,1,-1,-1
9,8,407,230,24,52,1,1,-1,-1
9,13,553,245,23,61,1,1,-1,-1
9,14,748,217,33,51,1,10,-1,-1
9,25,1079,475,82,105,1,10,-1,-1
9,57,582,280,28,74,1,1,-1,-1
9,76,620,260,37,70,1,1,-1,-1
10,8,407,231,24,52,1,1,-1,-1
10,13,554,246,22,61,1,1,-1,-1
10,14,752,220,33,50,1,10,-1,-1
10,25,1080,474,82,105,1,10,-1,-1
10,57,582,281,28,75,1,1,-1,-1
10,76,620,262,38,70,1,1,-1,-1
11,8,410,251,19,42,1,1,-1,-1
11,13,554,247,23,62,1,1,-1,-1
11,14,756,223,33,50,1,10,-1,-1
11,25,1091,451,68,97,1,2,-1,-1
11,76,621,263,38,71,1,1,-1,-1
12,8,411,252,19,43,1,1,-1,-1
12,13,555,248,22,62,1,1,-1,-1
12,14,761,227,33,49,1,10,-1,-1
12,15,591,314,23,48,1,1,-1,-1
12,25,1092,451,68,97,1,2,-1,-1
12,76,621,264,38,71,1,1,-1,-1
13,8,410,252,19,43,1,1,-1,-1
13,13,555,249,22,62,1,1,-1,-1
13,14,763,229,33,50,1,10,-1,-1
13,15,591,316,23,49,1,1,-1,-1
13,25,1082,473,82,105,1,10,-1,-1
14,8,409,252,19,43,1,1,-1,-1
14,13,556,250,22,63,1,1,-1,-1
14,14,765,232,33,50,1,10,-1,-1
14,15,591,319,23,49,1,1,-1,-1
14,25,1094,450,68,97,1,2,-1,-1
15,8,408,252,19,44,1,1,-1,-1
15,13,556,251,22,63,1,1,-1,-1
15,14,767,235,34,50,1,10,-1,-1
15,15,591,321,23,50,1,1,-1,-1
15,25,1084,472,81,105,1,10,-1,-1
16,8,408,253,19,43,1,1,-1,-1
16,14,769,238,34,50,1,10,-1,-1
16,15,591,324,23,51,1,1,-1,-1
16,25,1085,472,80,105,1,10,-1,-1
17,8,407,253,19,43,1,1,-1,-1
17,9,624,269,38,74,1,1,-1,-1
17,14,776,224,26,58,1,2,-1,-1
17,15,591,326,23,52,1,1,-1,-1
17,25,1086,472,80,104,1,10,-1,-1
18,8,406,253,19,44,1,1,-1,-1
18,9,624,271,39,74,1,1,-1,-1
18,14,777,226,29,60,1,2,-1,-1
18,15,591,329,23,52,1,1,-1,-1
19,2,1088,471,79,105,1,10,-1,-1
19,8,407,243,19,44,1,1,-1,-1
19,9,624,272,39,74,1,1,-1,-1
19,14,775,247,37,53,1,10,-1,-1
19,15,591,331,23,53,1,1,-1,-1
20,2,1089,471,78,104,1,10,-1,-1
20,9,592,289,83,64,1,10,-1,-1
20,14,778,250,37,54,1,10,-1,-1
20,15,592,334,23,54,1,1,-1,-1
21,2,1090,470,78,105,1,10,-1,-1
21,9,598,303,75,57,1,10,-1,-1
21,14,780,254,38,54,1,10,-1,-1
21,15,591,336,23,55,1,1,-1,-1
22,2,1090,470,78,104,1,10,-1,-1
22,9,611,305,91,70,1,10,-1,-1
22,15,590,339,24,55,1,1,-1,-1
22,32,342,290,28,57,1,1,-1,-1
22,40,587,250,28,53,1,1,-1,-1
23,2,1091,469,78,105,1,10,-1,-1
23,9,596,308,77,58,1,10,-1,-1
23,15,590,341,23,56,1,1,-1,-1
23,32,339,292,28,57,1,1,-1,-1
23,40,578,243,33,65,1,1,-1,-1
24,2,1092,469,77,104,1,10,-1,-1
24,9,595,310,78,58,1,10,-1,-1
24,32,337,293,28,58,1,1,-1,-1
24,40,578,244,33,66,1,1,-1,-1
25,2,1093,469,77,104,1,10,-1,-1
25,9,595,313,78,58,1,10,-1,-1
25,32,334,295,28,58,1,1,-1,-1
25,40,578,245,33,66,1,1,-1,-1
25,41,1109,450,41,71,1,2,-1,-1
26,2,1094,468,76,105,1,10,-1,-1
26,9,594,315,79,59,1,10,-1,-1
26,32,332,297,28,58,1,1,-1,-1
26,40,578,246,33,67,1,1,-1,-1
26,41,1096,468,48,82,1,2,-1,-1
27,2,1095,468,76,104,1,10,-1,-1
27,5,799,253,34,68,1,2,-1,-1
27,9,593,318,80,58,1,10,-1,-1
27,32,330,298,27,59,1,1,-1,-1
27,40,578,247,34,67,1,1,-1,-1
27,41,1107,445,68,97,1,2,-1,-1
28,2,1096,468,75,104,1,10,-1,-1
28,5,802,257,38,70,1,2,-1,-1
28,9,592,320,81,59,1,10,-1,-1
28,32,327,300,28,59,1,1,-1,-1
28,40,579,248,33,67,1,1,-1,-1
28,41,1107,433,47,81,1,2,-1,-1
28,77,714,263,31,60,1,2,-1,-1
29,2,1097,467,75,104,1,10,-1,-1
29,5,806,281,44,69,1,10,-1,-1
29,9,592,323,82,59,1,10,-1,-1
29,32,325,302,27,59,1,1,-1,-1
29,41,1109,444,68,97,1,2,-1,-1
29,77,715,266,31,60,1,2,-1,-1
30,2,1098,467,74,104,1,10,-1,-1
30,5,812,266,34,74,1,2,-1,-1
30,9,591,325,84,60,1,10,-1,-1
30,41,1110,444,68,97,1,2,-1,-1
30,42,579,250,33,68,1,1,-1,-1
30,58,608,257,58,48,1,10,-1,-1
30,77,716,269,32,60,1,2,-1,-1
31,2,1099,467,74,104,1,10,-1,-1
31,5,813,291,47,72,1,10,-1,-1
31,41,1111,443,68,97,1,2,-1,-1
31,42,579,251,33,69,1,1,-1,-1
31,58,608,258,58,48,1,10,-1,-1
31,77,718,272,32,60,1,2,-1,-1
32,2,1101,467,74,104,1,10,-1,-1
32,5,817,298,48,72,1,10,-1,-1
32,6,721,307,40,63,1,10,-1,-1
32,42,579,252,33,69,1,1,-1,-1
32,58,608,259,58,48,1,10,-1,-1
32,77,724,300,27,51,1,2,-1,-1
33,2,1114,443,68,97,1,2,-1,-1
33,5,821,305,49,72,1,10,-1,-1
33,6,722,311,39,64,1,10,-1,-1
33,42,580,253,33,70,1,1,-1,-1
33,58,608,261,58,48,1,10,-1,-1
34,2,1107,468,74,104,1,10,-1,-1
34,5,827,303,53,77,1,10,-1,-1
34,6,723,287,34,64,1,2,-1,-1
34,42,579,255,34,71,1,1,-1,-1
34,58,608,262,58,48,1,10,-1,-1
35,2,1110,469,74,104,1,10,-1,-1
35,5,829,319,51,73,1,10,-1,-1
35,6,724,293,35,66,1,2,-1,-1
35,42,578,257,35,72,1,1,-1,-1
35,58,608,263,58,48,1,10,-1,-1
36,2,1112,469,74,104,1,10,-1,-1
36,5,835,296,34,67,1,2,-1,-1
36,6,724,298,37,69,1,2,-1,-1
36,42,578,260,35,72,1,1,-1,-1
36,43,372,255,23,62,1,1,-1,-1
37,2,1115,470,74,104,1,10,-1,-1
37,5,841,302,34,71,1,2,-1,-1
37,6,725,304,38,71,1,2,-1,-1
37,43,370,257,23,62,1,1,-1,-1
37,59,606,266,61,48,1,10,-1,-1
38,2,1118,470,74,104,1,10,-1,-1
38,5,847,308,38,86,1,2,-1,-1
38,6,727,335,43,72,1,10,-1,-1
38,16,569,345,29,106,1,1,-1,-1
38,43,368,259,23,62,1,1,-1,-1
38,59,604,268,64,48,1,10,-1,-1
38,60,1133,449,43,71,1,2,-1,-1
38,78,728,309,39,73,1,2,-1,-1
39,2,1118,443,83,119,1,2,-1,-1
39,5,852,314,39,89,1,2,-1,-1
39,6,728,341,45,74,1,10,-1,-1
39,16,568,349,29,107,1,1,-1,-1
39,43,366,260,24,63,1,1,-1,-1
39,59,601,269,67,49,1,10,-1,-1
39,60,1136,449,43,71,1,2,-1,-1
39,61,700,134,20,33,1,10,-1,-1
39,78,715,329,46,89,1,2,-1,-1
40,2,1121,471,82,105,1,10,-1,-1
40,5,860,323,44,93,1,2,-1,-1
40,6,730,348,47,75,1,10,-1,-1
40,16,567,353,30,108,1,1,-1,-1
40,26,634,316,44,87,1,1,-1,-1
40,43,364,262,24,63,1,1,-1,-1
40,59,599,271,70,49,1,10,-1,-1
40,60,1139,449,43,71,1,2,-1,-1
40,61,701,135,19,33,1,10,-1,-1
40,78,734,319,42,77,1,2,-1,-1
41,2,1124,472,80,105,1,10,-1,-1
41,5,862,352,65,95,1,10,-1,-1
41,6,733,356,49,77,1,10,-1,-1
41,16,566,357,31,109,1,1,-1,-1
41,26,635,320,44,88,1,1,-1,-1
41,43,362,264,24,63,1,1,-1,-1
41,59,599,273,71,50,1,10,-1,-1
41,60,1119,440,46,77,1,2,-1,-1
41,61,701,135,20,34,1,10,-1,-1
41,78,737,325,44,79,1,2,-1,-1
42,2,1128,473,77,105,1,10,-1,-1
42,5,872,378,62,92,1,10,-1,-1
42,6,736,364,51,79,1,10,-1,-1
42,16,566,361,31,110,1,1,-1,-1
42,26,635,323,45,91,1,1,-1,-1
42,33,576,410,33,68,1,1,-1,-1
42,43,360,265,25,64,1,1,-1,-1
42,59,599,275,72,51,1,10,-1,-1
42,60,1126,464,53,76,1,2,-1,-1
42,61,702,136,19,34,1,10,-1,-1
42,78,739,333,45,81,1,2,-1,-1
43,2,1130,474,78,106,1,10,-1,-1
43,5,880,386,63,95,1,10,-1,-1
43,6,741,341,46,84,1,2,-1,-1
43,16,564,364,34,112,1,1,-1,-1
43,26,635,327,45,92,1,1,-1,-1
43,33,575,415,34,69,1,1,-1,-1
43,34,538,295,28,77,1,1,-1,-1
43,60,1147,452,43,72,1,2,-1,-1
43,61,696,140,17,29,1,10,-1,-1
44,2,1132,476,80,107,1,10,-1,-1
44,5,888,395,65,98,1,10,-1,-1
44,6,744,380,51,85,1,10,-1,-1
44,16,563,368,37,113,1,1,-1,-1
44,26,636,331,45,93,1,1,-1,-1
44,33,575,421,34,69,1,1,-1,-1
44,34,537,297,29,78,1,1,-1,-1
44,61,703,137,19,34,1,10,-1,-1
45,5,885,412,81,112,1,10,-1,-1
45,6,751,378,59,103,1,10,-1,-1
45,16,564,374,32,116,1,1,-1,-1
45,26,617,344,98,77,1,10,-1,-1
45,33,574,426,35,70,1,1,-1,-1
45,34,536,299,29,79,1,1,-1,-1
46,5,901,425,80,104,1,10,-1,-1
46,6,753,400,48,89,1,10,-1,-1
46,16,563,377,37,120,1,1,-1,-1
46,26,622,361,81,65,1,10,-1,-1
46,33,573,431,36,71,1,1,-1,-1
46,34,535,301,30,80,1,1,-1,-1
46,44,1137,480,82,109,1,10,-1,-1
47,6,753,374,54,95,1,2,-1,-1
47,16,562,385,36,119,1,1,-1,-1
47,26,588,380,103,80,1,10,-1,-1
47,33,573,437,36,71,1,1,-1,-1
47,34,534,304,30,81,1,1,-1,-1
47,44,1140,481,81,108,1,10,-1,-1
47,45,513,193,13,34,1,1,-1,-1
47,62,762,407,40,70,1,2,-1,-1
47,79,534,200,27,32,1,2,-1,-1
48,16,562,393,35,118,1,1,-1,-1
48,26,588,386,104,81,1,10,-1,-1
48,33,572,442,37,72,1,1,-1,-1
48,34,533,306,31,82,1,1,-1,-1
48,44,1153,454,73,102,1,2,-1,-1
48,45,514,194,14,34,1,1,-1,-1
48,62,765,418,42,71,1,2,-1,-1
48,63,705,139,19,36,1,10,-1,-1
48,79,534,201,27,32,1,2,-1,-1
49,16,562,400,36,118,1,1,-1,-1
49,33,572,448,38,73,1,1,-1,-1
49,34,532,308,31,83,1,1,-1,-1
49,44,1147,485,79,104,1,10,-1,-1
49,45,515,195,14,34,1,1,-1,-1
49,46,346,278,26,64,1,1,-1,-1
49,62,769,429,43,72,1,2,-1,-1
49,63,706,140,19,36,1,10,-1,-1
49,79,533,202,27,32,1,2,-1,-1
49,80,944,471,78,112,1,10,-1,-1
50,34,531,311,32,84,1,1,-1,-1
50,44,1160,456,74,103,1,2,-1,-1
50,45,516,196,14,34,1,1,-1,-1
50,46,344,279,27,65,1,1,-1,-1
50,62,773,439,44,74,1,2,-1,-1
50,63,707,141,19,36,1,10,-1,-1
50,79,533,203,27,31,1,2,-1,-1
50,80,964,440,56,121,1,2,-1,-1
51,44,1153,485,82,106,1,10,-1,-1
51,45,518,197,14,35,1,1,-1,-1
51,46,353,302,18,53,1,1,-1,-1
51,47,966,505,90,122,1,10,-1,-1
51,62,776,450,46,75,1,2,-1,-1
51,63,708,142,19,37,1,10,-1,-1
51,79,532,203,27,32,1,2,-1,-1
51,80,978,457,59,128,1,2,-1,-1
52,44,1157,486,83,107,1,10,-1,-1
52,45,518,197,15,36,1,1,-1,-1
52,46,340,283,27,65,1,1,-1,-1
52,47,974,524,102,128,1,10,-1,-1
52,48,760,466,64,139,1,10,-1,-1
52,62,780,461,47,76,1,2,-1,-1
52,63,709,143,19,37,1,10,-1,-1
52,80,993,475,62,134,1,2,-1,-1
53,35,588,417,109,88,1,10,-1,-1
53,45,518,198,17,36,1,1,-1,-1
53,46,338,284,28,66,1,1,-1,-1
53,47,982,543,115,135,1,10,-1,-1
53,48,781,481,55,119,1,10,-1,-1
53,63,710,144,19,37,1,10,-1,-1
53,80,1008,493,65,141,1,2,-1,-1
54,35,588,423,110,89,1,10,-1,-1
54,46,336,286,28,66,1,1,-1,-1
54,47,1000,556,123,137,1,10,-1,-1
54,48,779,454,81,142,1,2,-1,-1
54,64,639,367,49,108,1,1,-1,-1
55,35,588,429,111,91,1,10,-1,-1
55,46,334,288,28,66,1,1,-1,-1
55,47,1018,570,132,139,1,10,-1,-1
55,48,794,473,59,117,1,2,-1,-1
55,64,639,371,50,109,1,1,-1,-1
56,35,588,435,112,92,1,10,-1,-1
56,47,1015,568,165,165,1,10,-1,-1
56,48,799,489,64,118,1,2,-1,-1
56,49,713,229,28,73,1,1,-1,-1
56,64,640,375,50,111,1,1,-1,-1
57,7,429,202,24,51,1,1,-1,-1
57,27,529,208,28,33,1,2,-1,-1
57,35,588,442,113,93,1,10,-1,-1
57,47,1054,598,149,142,1,10,-1,-1
57,48,804,506,70,119,1,2,-1,-1
57,49,714,231,29,74,1,1,-1,-1
57,50,330,291,29,67,1,1,-1,-1
57,64,640,382,51,114,1,1,-1,-1
57,65,1169,494,90,111,1,10,-1,-1
57,66,803,557,79,138,1,10,-1,-1
58,7,427,203,24,51,1,1,-1,-1
58,27,529,209,28,33,1,2,-1,-1
58,35,623,417,96,83,1,10,-1,-1
58,48,813,529,77,121,1,2,-1,-1
58,49,715,233,30,78,1,1,-1,-1
58,50,328,293,29,67,1,1,-1,-1
58,64,641,390,52,116,1,1,-1,-1
58,65,1167,495,74,90,1,10,-1,-1
58,66,811,577,85,146,1,10,-1,-1
59,7,426,205,24,51,1,1,-1,-1
59,10,846,140,38,49,1,8,-1,-1
59,27,521,203,24,38,1,1,-1,-1
59,35,623,422,98,84,1,10,-1,-1
59,49,717,236,31,81,1,1,-1,-1
59,50,326,295,29,67,1,1,-1,-1
59,64,642,398,52,118,1,1,-1,-1
59,65,1186,470,77,107,1,2,-1,-1
59,66,819,597,90,149,1,10,-1,-1
59,81,586,457,118,96,1,10,-1,-1
60,7,425,206,24,52,1,1,-1,-1
60,10,847,141,38,49,1,8,-1,-1
60,27,523,205,23,36,1,1,-1,-1
60,35,623,426,99,86,1,10,-1,-1
60,49,718,239,31,80,1,1,-1,-1
60,50,331,324,19,59,1,1,-1,-1
60,65,1161,495,98,118,1,10,-1,-1
60,66,826,576,86,126,1,2,-1,-1
60,81,585,464,121,98,1,10,-1,-1
61,1,683,134,18,23,1,10,-1,-1
61,7,417,212,21,48,1,1,-1,-1
61,10,848,141,39,50,1,8,-1,-1
61,27,524,206,24,36,1,1,-1,-1
61,49,719,242,32,80,1,1,-1,-1
61,50,328,328,19,59,1,1,-1,-1
61,65,1178,491,120,145,1,10,-1,-1
61,66,833,600,90,128,1,2,-1,-1
61,81,584,472,123,99,1,10,-1,-1
61,82,644,413,54,124,1,1,-1,-1
62,1,684,134,18,25,1,10,-1,-1
62,4,578,340,71,53,1,10,-1,-1
62,7,409,223,28,50,1,1,-1,-1
62,10,849,142,39,50,1,8,-1,-1
62,27,525,217,29,31,1,2,-1,-1
62,49,721,245,31,80,1,1,-1,-1
62,50,325,331,19,59,1,1,-1,-1
62,65,1163,434,108,148,1,2,-1,-1
62,66,832,615,113,149,1,2,-1,-1
62,81,583,479,126,101,1,10,-1,-1
62,82,644,421,55,126,1,1,-1,-1
63,1,685,135,18,25,1,10,-1,-1
63,3,1184,505,99,118,1,10,-1,-1
63,4,600,334,83,61,1,10,-1,-1
63,7,407,225,29,50,1,1,-1,-1
63,10,850,143,39,50,1,8,-1,-1
63,11,428,230,37,58,1,1,-1,-1
63,27,524,218,29,31,1,2,-1,-1
63,50,314,306,31,70,1,1,-1,-1
63,81,583,487,128,102,1,10,-1,-1
63,82,645,428,56,129,1,1,-1,-1
64,1,687,126,16,30,1,2,-1,-1
64,3,1186,507,100,119,1,10,-1,-1
64,4,613,322,81,59,1,10,-1,-1
64,7,406,227,28,50,1,1,-1,-1
64,10,851,143,40,51,1,8,-1,-1
64,11,445,233,26,59,1,1,-1,-1
64,27,524,211,24,35,1,1,-1,-1
64,82,592,411,123,109,1,10,-1,-1
65,1,686,136,19,27,1,10,-1,-1
65,3,1188,510,101,120,1,10,-1,-1
65,4,599,343,87,63,1,10,-1,-1
65,7,413,238,19,41,1,1,-1,-1
65,10,853,144,39,51,1,8,-1,-1
65,11,433,229,32,52,1,1,-1,-1
65,27,523,221,29,31,1,2,-1,-1
65,67,699,95,17,21,1,10,-1,-1
65,82,628,449,114,101,1,10,-1,-1
66,1,687,137,18,27,1,10,-1,-1
66,3,1190,513,102,121,1,10,-1,-1
66,4,599,348,89,64,1,10,-1,-1
66,7,411,240,20,41,1,1,-1,-1
66,10,854,145,39,51,1,8,-1,-1
66,11,432,227,26,42,1,1,-1,-1
66,67,700,95,17,21,1,10,-1,-1
67,1,688,137,18,28,1,10,-1,-1
67,3,1192,516,104,122,1,10,-1,-1
67,4,599,353,90,64,1,10,-1,-1
67,7,401,233,29,51,1,1,-1,-1
67,10,855,145,40,52,1,8,-1,-1
67,11,430,229,26,42,1,1,-1,-1
67,67,700,95,17,21,1,10,-1,-1
68,1,689,138,18,29,1,10,-1,-1
68,3,1194,519,105,123,1,10,-1,-1
68,4,599,358,92,65,1,10,-1,-1
68,7,400,235,29,52,1,1,-1,-1
68,10,863,154,35,45,1,8,-1,-1
68,11,429,231,26,42,1,1,-1,-1
68,67,700,96,17,21,1,10,-1,-1
68,83,164,440,57,99,1,1,-1,-1
69,1,689,138,19,30,1,10,-1,-1
69,3,1205,492,69,132,1,2,-1,-1
69,4,598,362,94,66,1,10,-1,-1
69,7,406,247,21,42,1,1,-1,-1
69,10,857,146,41,52,1,8,-1,-1
69,11,427,233,26,43,1,1,-1,-1
69,51,507,402,42,107,1,1,-1,-1
69,67,700,96,17,21,1,10,-1,-1
69,83,158,448,58,101,1,1,-1,-1
70,1,690,139,19,31,1,10,-1,-1
70,3,1214,505,82,112,1,2,-1,-1
70,4,598,367,96,67,1,10,-1,-1
70,7,404,249,21,42,1,1,-1,-1
70,10,858,147,41,52,1,8,-1,-1
70,11,426,235,26,43,1,1,-1,-1
70,36,623,506,115,104,1,10,-1,-1
70,51,505,408,43,108,1,1,-1,-1
70,52,651,482,62,147,1,1,-1,-1
70,67,700,96,17,21,1,10,-1,-1
70,68,521,221,23,37,1,1,-1,-1
70,83,152,457,60,101,1,1,-1,-1
70,84,666,209,43,62,1,7,-1,-1
71,1,693,133,16,30,1,2,-1,-1
71,3,1228,511,47,91,1,2,-1,-1
71,4,598,372,97,67,1,10,-1,-1
71,7,403,251,21,43,1,1,-1,-1
71,10,860,148,40,52,1,8,-1,-1
71,11,430,244,26,43,1,1,-1,-1
71,36,600,528,98,89,1,10,-1,-1
71,51,504,414,44,109,1,1,-1,-1
71,52,652,490,62,149,1,1,-1,-1
71,53,736,274,36,90,1,1,-1,-1
71,68,520,229,31,32,1,2,-1,-1
71,83,146,465,61,103,1,1,-1,-1
71,84,667,211,43,62,1,7,-1,-1
72,1,692,140,18,32,1,10,-1,-1
72,3,1220,512,83,113,1,2,-1,-1
72,4,598,377,99,68,1,10,-1,-1
72,7,401,253,21,43,1,1,-1,-1
72,10,861,148,41,53,1,8,-1,-1
72,11,423,240,26,43,1,1,-1,-1
72,36,623,524,119,108,1,10,-1,-1
72,51,503,420,44,111,1,1,-1,-1
72,52,653,498,63,151,1,1,-1,-1
72,53,738,278,37,92,1,1,-1,-1
72,68,519,231,32,32,1,2,-1,-1
72,83,140,474,63,104,1,1,-1,-1
72,84,667,213,44,63,1,7,-1,-1
72,85,693,205,23,60,1,1,-1,-1
73,1,693,141,18,33,1,10,-1,-1
73,3,1209,535,111,129,1,10,-1,-1
73,4,597,383,102,69,1,10,-1,-1
73,11,422,242,25,43,1,1,-1,-1
73,36,624,536,123,113,1,10,-1,-1
73,51,502,426,44,112,1,1,-1,-1
73,52,664,526,53,127,1,1,-1,-1
73,53,739,283,38,93,1,1,-1,-1
73,68,519,233,32,32,1,2,-1,-1
73,84,667,216,44,63,1,7,-1,-1
73,85,694,207,23,61,1,1,-1,-1
74,1,693,141,19,34,1,10,-1,-1
74,3,1226,520,84,113,1,2,-1,-1
74,4,597,390,104,70,1,10,-1,-1
74,11,420,244,26,43,1,1,-1,-1
74,36,626,548,127,118,1,10,-1,-1
74,51,501,432,45,114,1,1,-1,-1
74,52,655,521,66,149,1,1,-1,-1
74,53,743,256,33,83,1,1,-1,-1
74,68,518,235,33,32,1,2,-1,-1
74,84,668,218,44,63,1,7,-1,-1
74,85,695,209,23,61,1,1,-1,-1
74,86,701,98,17,21,1,10,-1,-1
75,1,694,142,19,34,1,10,-1,-1
75,3,1219,545,107,129,1,10,-1,-1
75,4,597,396,106,72,1,10,-1,-1
75,11,419,246,26,44,1,1,-1,-1
75,36,656,536,68,144,1,1,-1,-1
75,51,498,441,46,116,1,1,-1,-1
75,52,627,560,131,123,1,10,-1,-1
75,53,743,293,38,95,1,1,-1,-1
75,68,519,229,21,38,1,1,-1,-1
75,85,696,211,23,61,1,1,-1,-1
75,86,701,98,17,21,1,10,-1,-1
76,1,696,137,17,31,1,2,-1,-1
76,3,1235,528,85,114,1,2,-1,-1
76,4,596,403,109,73,1,10,-1,-1
76,11,418,249,25,43,1,1,-1,-1
76,12,865,151,42,54,1,8,-1,-1
76,36,662,535,90,179,1,1,-1,-1
76,52,646,530,68,136,1,1,-1,-1
76,53,744,299,39,95,1,1,-1,-1
76,85,696,213,24,62,1,1,-1,-1
76,86,701,98,17,21,1,10,-1,-1
77,1,697,138,17,31,1,2,-1,-1
77,3,1239,532,86,115,1,2,-1,-1
77,4,576,409,102,69,1,10,-1,-1
77,12,867,152,42,54,1,8,-1,-1
77,36,641,561,92,173,1,1,-1,-1
77,37,517,241,34,33,1,2,-1,-1
77,53,746,305,39,96,1,1,-1,-1
77,86,701,99,17,21,1,10,-1,-1
77,87,1249,534,49,100,1,2,-1,-1
78,1,697,144,19,37,1,10,-1,-1
78,3,1234,560,101,129,1,10,-1,-1
78,4,596,416,113,76,1,10,-1,-1
78,12,868,153,42,54,1,8,-1,-1
78,17,744,188,21,42,1,10,-1,-1
78,37,516,242,35,34,1,2,-1,-1
78,38,403,233,23,59,1,1,-1,-1
78,86,701,99,17,21,1,10,-1,-1
78,87,1252,538,50,101,1,2,-1,-1
78,88,701,108,14,30,1,10,-1,-1
79,1,698,145,19,37,1,10,-1,-1
79,3,1253,538,74,152,1,2,-1,-1
79,4,596,423,116,77,1,10,-1,-1
79,12,870,154,42,55,1,8,-1,-1
79,17,745,191,22,42,1,10,-1,-1
79,37,517,236,20,39,1,1,-1,-1
79,38,387,247,37,71,1,1,-1,-1
79,69,74,545,71,113,1,1,-1,-1
79,87,1256,542,50,103,1,2,-1,-1
79,88,703,108,13,30,1,10,-1,-1
80,1,699,141,17,31,1,2,-1,-1
80,3,1245,569,93,129,1,10,-1,-1
80,4,596,431,118,78,1,10,-1,-1
80,12,871,155,43,55,1,8,-1,-1
80,17,747,193,21,42,1,10,-1,-1
80,37,515,246,36,35,1,2,-1,-1
80,38,382,257,29,58,1,1,-1,-1
80,69,60,559,74,113,1,1,-1,-1
80,87,1260,545,49,101,1,2,-1,-1
80,88,704,108,13,30,1,10,-1,-1
80,89,543,450,78,123,1,1,-1,-1
81,1,700,142,17,31,1,2,-1,-1
81,3,1250,573,89,129,1,10,-1,-1
81,4,596,439,120,79,1,10,-1,-1
81,12,873,156,43,56,1,8,-1,-1
81,17,745,180,24,39,1,2,-1,-1
81,37,514,248,37,35,1,2,-1,-1
81,38,380,259,30,58,1,1,-1,-1
81,69,46,573,76,113,1,1,-1,-1
81,70,411,260,25,44,1,1,-1,-1
81,87,1264,549,48,99,1,2,-1,-1
81,88,705,109,13,30,1,10,-1,-1
81,89,542,459,81,124,1,1,-1,-1
82,1,701,143,16,31,1,2,-1,-1
82,3,1262,554,79,119,1,2,-1,-1
82,4,596,447,122,80,1,10,-1,-1
82,12,875,157,42,56,1,8,-1,-1
82,17,746,183,25,38,1,2,-1,-1
82,19,479,510,52,128,1,1,-1,-1
82,37,514,250,37,35,1,2,-1,-1
82,38,379,261,29,58,1,1,-1,-1
82,69,47,588,75,108,1,1,-1,-1
82,70,409,262,26,44,1,1,-1,-1
82,88,706,109,14,30,1,10,-1,-1
82,89,541,469,84,125,1,1,-1,-1
82,90,253,424,26,63,1,1,-1,-1
83,1,700,152,18,34,1,10,-1,-1
83,3,1266,559,77,118,1,2,-1,-1
83,12,876,159,43,56,1,8,-1,-1
83,17,747,185,25,38,1,2,-1,-1
83,19,476,520,54,130,1,1,-1,-1
83,37,513,252,38,35,1,2,-1,-1
83,38,377,263,30,59,1,1,-1,-1
83,69,22,605,80,113,1,1,-1,-1
83,70,408,264,25,44,1,1,-1,-1
83,71,397,241,23,61,1,1,-1,-1
83,89,526,477,103,153,1,1,-1,-1
83,90,248,430,26,64,1,1,-1,-1
84,1,701,154,17,32,1,10,-1,-1
84,3,1265,586,77,129,1,10,-1,-1
84,12,878,160,43,56,1,8,-1,-1
84,17,749,187,25,38,1,2,-1,-1
84,19,473,531,56,132,1,1,-1,-1
84,37,513,254,39,36,1,2,-1,-1
84,38,376,265,29,59,1,1,-1,-1
84,69,19,615,91,125,1,1,-1,-1
84,70,406,266,26,45,1,1,-1,-1
84,71,396,243,23,61,1,1,-1,-1
84,72,245,391,45,87,1,1,-1,-1
84,89,537,492,88,128,1,1,-1,-1
84,90,243,437,27,64,1,1,-1,-1
84,91,596,463,126,82,1,10,-1,-1
85,1,701,156,18,31,1,10,-1,-1
85,3,1266,589,75,128,1,10,-1,-1
85,12,879,161,44,57,1,8,-1,-1
85,17,753,204,21,42,1,10,-1,-1
85,19,470,542,58,134,1,1,-1,-1
85,38,374,267,30,59,1,1,-1,-1
85,70,405,269,25,44,1,1,-1,-1
85,71,393,245,24,61,1,1,-1,-1
85,72,239,396,45,89,1,1,-1,-1
85,90,238,443,27,65,1,1,-1,-1
85,91,594,468,127,85,1,10,-1,-1
86,1,702,158,17,30,1,10,-1,-1
86,3,1278,567,51,105,1,2,-1,-1
86,12,881,162,43,57,1,8,-1,-1
86,17,751,191,26,38,1,2,-1,-1
86,19,467,557,58,135,1,1,-1,-1
86,70,404,271,25,44,1,1,-1,-1
86,71,396,267,29,58,1,1,-1,-1
86,72,233,402,46,90,1,1,-1,-1
86,90,233,449,27,66,1,1,-1,-1
86,91,590,451,137,93,1,10,-1,-1
87,1,703,159,17,30,1,10,-1,-1
87,3,1269,596,72,125,1,10,-1,-1
87,12,883,163,43,58,1,8,-1,-1
87,17,753,193,26,38,1,2,-1,-1
87,19,464,572,59,137,1,1,-1,-1
87,71,389,249,24,61,1,1,-1,-1
87,72,227,408,47,91,1,1,-1,-1
87,91,575,466,157,108,1,10,-1,-1
88,1,704,160,18,29,1,10,-1,-1
88,12,884,165,44,58,1,8,-1,-1
88,17,754,195,27,38,1,2,-1,-1
88,19,460,585,60,138,1,1,-1,-1
88,71,387,252,24,60,1,1,-1,-1
88,72,221,413,48,93,1,1,-1,-1
88,91,591,492,132,92,1,10,-1,-1
89,12,886,166,44,58,1,8,-1,-1
89,17,756,198,27,38,1,2,-1,-1
89,19,456,598,61,139,1,1,-1,-1
89,72,216,419,47,94,1,1,-1,-1
89,92,727,217,28,70,1,1,-1,-1
90,19,472,618,61,139,1,1,-1,-1
90,39,707,150,17,32,1,2,-1,-1
90,92,715,243,34,57,1,10,-1,-1
91,19,450,626,64,127,1,1,-1,-1
91,39,707,163,18,28,1,10,-1,-1
91,92,708,245,27,65,1,1,-1,-1
92,19,447,640,67,114,1,1,-1,-1
92,39,708,152,17,32,1,2,-1,-1
92,92,707,248,28,66,1,1,-1,-1
93,39,709,153,17,32,1,2,-1,-1
93,54,771,226,25,44,1,10,-1,-1
93,92,707,251,29,67,1,1,-1,-1
94,20,722,258,34,57,1,10,-1,-1
94,21,799,415,54,122,1,1,-1,-1
94,39,710,168,18,26,1,10,-1,-1
94,54,771,209,28,38,1,2,-1,-1
95,20,724,262,34,56,1,10,-1,-1
95,21,803,425,55,125,1,1,-1,-1
95,22,896,173,44,60,1,8,-1,-1
95,39,711,155,17,32,1,2,-1,-1
95,54,774,211,28,38,1,2,-1,-1
96,20,726,266,34,56,1,10,-1,-1
96,21,808,433,56,126,1,1,-1,-1
96,22,897,174,45,61,1,8,-1,-1
96,39,711,156,17,32,1,2,-1,-1
96,54,777,214,29,38,1,2,-1,-1
97,18,677,273,55,73,1,7,-1,-1
97,20,727,269,35,57,1,10,-1,-1
97,21,813,442,58,127,1,1,-1,-1
97,22,899,175,45,61,1,8,-1,-1
97,39,712,157,17,32,1,2,-1,-1
97,54,778,217,29,40,1,2,-1,-1
98,18,678,277,55,74,1,7,-1,-1
98,20,729,273,35,57,1,10,-1,-1
98,21,819,452,59,129,1,1,-1,-1
98,22,900,177,46,61,1,8,-1,-1
98,54,780,221,29,42,1,2,-1,-1
99,18,706,270,35,73,1,1,-1,-1
99,20,731,277,35,56,1,10,-1,-1
99,21,825,462,61,131,1,1,-1,-1
99,22,902,178,46,62,1,8,-1,-1
99,28,499,286,38,39,1,2,-1,-1
99,54,781,224,30,44,1,2,-1,-1
99,93,147,551,35,81,1,1,-1,-1
100,18,705,273,37,74,1,1,-1,-1
100,20,733,280,34,57,1,10,-1,-1
100,21,831,473,63,133,1,1,-1,-1
100,22,904,179,45,62,1,8,-1,-1
100,23,729,115,14,30,1,10,-1,-1
100,28,498,288,38,40,1,2,-1,-1
100,93,139,561,36,82,1,1,-1,-1
101,18,681,288,55,78,1,7,-1,-1
101,20,735,284,34,57,1,10,-1,-1
101,21,837,484,61,140,1,1,-1,-1
101,22,905,180,46,63,1,8,-1,-1
101,23,730,115,14,30,1,10,-1,-1
101,28,497,290,38,41,1,2,-1,-1
101,73,762,264,32,85,1,1,-1,-1
101,93,130,571,37,84,1,1,-1,-1
102,18,688,306,62,90,1,7,-1,-1
102,20,736,288,35,57,1,10,-1,-1
102,21,843,495,60,148,1,1,-1,-1
102,22,907,181,46,63,1,8,-1,-1
102,23,731,116,14,30,1,10,-1,-1
102,28,510,289,24,40,1,2,-1,-1
102,73,752,238,39,106,1,1,-1,-1
102,93,122,581,38,85,1,1,-1,-1
103,18,683,295,55,81,1,7,-1,-1
103,20,738,291,35,57,1,10,-1,-1
103,21,846,509,64,153,1,1,-1,-1
103,22,908,183,47,63,1,8,-1,-1
103,23,733,116,13,30,1,10,-1,-1
103,28,495,295,37,42,1,2,-1,-1
103,73,765,263,36,95,1,1,-1,-1
103,93,114,591,39,86,1,1,-1,-1
104,18,704,286,42,77,1,1,-1,-1
104,20,740,295,35,57,1,10,-1,-1
104,21,850,523,68,159,1,1,-1,-1
104,22,910,184,46,63,1,8,-1,-1
104,23,734,116,14,30,1,10,-1,-1
104,28,494,297,37,43,1,2,-1,-1
104,29,717,179,18,30,1,10,-1,-1
104,73,758,265,32,83,1,1,-1,-1
105,18,704,289,42,79,1,1,-1,-1
105,22,912,185,46,64,1,8,-1,-1
105,23,735,117,14,30,1,10,-1,-1
105,28,493,299,37,44,1,2,-1,-1
105,29,719,168,17,32,1,2,-1,-1
105,55,682,115,18,29,1,10,-1,-1
105,73,761,270,31,84,1,1,-1,-1
106,18,685,306,56,85,1,7,-1,-1
106,23,736,117,14,30,1,10,-1,-1
106,28,492,301,37,45,1,2,-1,-1
106,29,718,183,18,29,1,10,-1,-1
106,55,682,116,19,30,1,10,-1,-1
106,73,763,274,32,85,1,1,-1,-1
106,94,316,324,38,68,1,1,-1,-1
107,18,686,310,56,86,1,7,-1,-1
107,23,738,118,14,30,1,10,-1,-1
107,28,491,304,37,45,1,2,-1,-1
107,29,721,171,17,32,1,2,-1,-1
107,55,682,117,19,30,1,10,-1,-1
107,94,314,327,38,69,1,1,-1,-1
108,18,703,299,46,81,1,1,-1,-1
108,23,739,118,14,30,1,10,-1,-1
108,29,722,173,17,32,1,2,-1,-1
108,30,748,315,35,59,1,10,-1,-1
108,55,683,118,18,30,1,10,-1,-1
108,94,311,331,39,70,1,1,-1,-1
109,23,740,119,14,30,1,10,-1,-1
109,24,820,270,32,63,1,2,-1,-1
109,29,723,175,17,32,1,2,-1,-1
109,30,751,321,34,61,1,10,-1,-1
109,55,683,120,19,29,1,10,-1,-1
109,94,308,335,40,71,1,1,-1,-1
110,24,824,275,33,65,1,2,-1,-1
110,29,723,177,17,32,1,2,-1,-1
110,30,753,334,34,59,1,10,-1,-1
110,55,683,121,19,29,1,10,-1,-1
110,56,705,109,17,21,1,10,-1,-1
110,94,306,340,40,71,1,1,-1,-1
111,24,821,295,40,66,1,10,-1,-1
111,29,724,192,19,33,1,10,-1,-1
111,30,755,334,35,63,1,10,-1,-1
111,55,684,122,18,29,1,10,-1,-1
111,56,706,109,17,21,1,10,-1,-1
112,24,825,300,41,67,1,10,-1,-1
112,29,724,195,18,32,1,10,-1,-1
112,30,758,340,34,64,1,10,-1,-1
112,56,706,110,17,21,1,10,-1,-1
113,24,830,307,42,68,1,10,-1,-1
113,30,760,346,34,65,1,10,-1,-1
113,56,706,110,17,21,1,10,-1,-1
114,24,836,315,42,68,1,10,-1,-1
114,30,762,353,35,66,1,10,-1,-1
114,56,706,110,17,21,1,10,-1,-1
114,95,684,126,19,29,1,10,-1,-1
114,96,725,204,19,30,1,10,-1,-1
115,24,842,323,43,68,1,10,-1,-1
115,30,765,359,34,67,1,10,-1,-1
115,56,706,111,17,21,1,10,-1,-1
115,95,685,127,19,29,1,10,-1,-1
115,96,728,189,17,32,1,2,-1,-1
116,24,848,329,43,72,1,10,-1,-1
116,30,767,365,34,69,1,10,-1,-1
116,56,706,111,17,21,1,10,-1,-1
116,95,685,128,19,29,1,10,-1,-1
116,96,729,192,17,32,1,2,-1,-1
117,24,853,316,44,72,1,2,-1,-1
117,95,685,129,19,29,1,10,-1,-1
117,96,730,194,17,32,1,2,-1,-1
118,24,858,324,47,72,1,2,-1,-1
118,95,686,131,19,29,1,10,-1,-1
118,96,731,197,17,32,1,2,-1,-1
