1,3,1656,337,29,77,1,1,-1,-1
1,43,1794,336,38,106,1,1,-1,-1
2,3,1654,338,28,78,1,1,-1,-1
2,43,1792,336,38,106,1,1,-1,-1
3,3,1652,339,28,79,1,1,-1,-1
3,43,1791,336,38,106,1,1,-1,-1
4,3,1651,340,27,80,1,1,-1,-1
4,43,1790,336,38,106,1,1,-1,-1
4,90,530,267,102,329,1,1,-1,-1
4,180,868,255,88,305,1,1,-1,-1
5,3,1649,341,27,81,1,1,-1,-1
5,43,1789,336,38,106,1,1,-1,-1
5,90,524,265,103,333,1,1,-1,-1
5,180,867,256,88,305,1,1,-1,-1
6,3,1648,343,26,82,1,1,-1,-1
6,13,884,147,196,628,1,1,-1,-1
6,43,1788,336,38,106,1,1,-1,-1
6,90,519,263,102,337,1,1,-1,-1
6,180,866,257,88,306,1,1,-1,-1
7,3,1647,343,26,82,1,1,-1,-1
7,13,888,146,187,628,1,1,-1,-1
7,90,514,262,102,341,1,1,-1,-1
7,180,865,258,88,306,1,1,-1,-1
8,3,1646,343,26,82,1,1,-1,-1
8,13,892,145,179,629,1,1,-1,-1
8,14,834,334,50,120,1,1,-1,-1
8,44,1328,351,31,95,1,1,-1,-1
8,90,510,262,103,343,1,1,-1,-1
9,3,1646,343,26,82,1,1,-1,-1
9,13,885,145,183,632,1,1,-1,-1
9,14,832,335,50,120,1,1,-1,-1
9,44,1325,352,31,95,1,1,-1,-1
10,3,1645,343,26,82,1,1,-1,-1
10,13,879,146,186,634,1,1,-1,-1
10,14,830,336,50,120,1,1,-1,-1
10,44,1322,353,31,96,1,1,-1,-1
11,3,1645,343,26,82,1,1,-1,-1
11,13,873,147,190,636,1,1,-1,-1
11,14,829,337,50,120,1,1,-1,-1
11,44,1319,355,31,96,1,1,-1,-1
12,13,867,147,193,639,1,1,-1,-1
12,14,828,336,50,120,1,1,-1,-1
12,18,1001,237,115,422,1,1,-1,-1
12,44,1318,355,31,97,1,1,-1,-1
12,91,494,262,110,354,1,1,-1,-1
13,13,861,148,197,641,1,1,-1,-1
13,14,827,336,50,120,1,1,-1,-1
13,18,1000,238,115,422,1,1,-1,-1
13,44,1318,356,31,97,1,1,-1,-1
13,91,490,262,112,356,1,1,-1,-1
14,14,826,336,50,120,1,1,-1,-1
14,18,1000,238,115,422,1,1,-1,-1
14,91,486,262,114,359,1,1,-1,-1
15,14,826,336,50,120,1,1,-1,-1
15,18,1000,239,115,422,1,1,-1,-1
15,91,482,262,115,362,1,1,-1,-1
16,18,1000,240,115,422,1,1,-1,-1
16,91,478,262,117,364,1,1,-1,-1
17,18,1001,241,115,422,1,1,-1,-1
18,18,1001,242,115,422,1,1,-1,-1
20,15,671,352,46,133,1,1,-1,-1
21,15,676,357,49,132,1,1,-1,-1
21,92,905,274,89,308,1,1,-1,-1
22,15,689,358,48,132,1,1,-1,-1
22,92,914,276,89,308,1,1,-1,-1
23,15,703,359,46,133,1,1,-1,-1
23,92,923,278,89,309,1,1,-1,-1
24,15,717,360,44,133,1,1,-1,-1
24,92,891,328,124,378,1,1,-1,-1
25,15,731,361,42,134,1,1,-1,-1
25,16,841,363,44,119,1,1,-1,-1
25,92,941,283,90,309,1,1,-1,-1
26,15,745,362,40,135,1,1,-1,-1
26,16,855,365,44,119,1,1,-1,-1
27,15,753,367,40,135,1,1,-1,-1
27,16,870,368,43,119,1,1,-1,-1
27,19,545,293,134,407,1,1,-1,-1
28,16,860,374,32,112,1,1,-1,-1
28,19,555,295,134,410,1,1,-1,-1
29,16,868,379,33,112,1,1,-1,-1
29,19,566,297,134,414,1,1,-1,-1
30,16,876,384,34,112,1,1,-1,-1
30,19,569,300,135,417,1,1,-1,-1
31,16,884,389,35,112,1,1,-1,-1
31,19,573,303,136,421,1,1,-1,-1
31,45,827,370,50,147,1,1,-1,-1
32,16,893,401,46,132,1,1,-1,-1
32,19,576,306,137,425,1,1,-1,-1
32,45,834,376,50,147,1,1,-1,-1
33,19,580,309,138,429,1,1,-1,-1
33,45,840,382,50,147,1,1,-1,-1
34,20,1822,395,32,99,1,1,-1,-1
34,45,847,388,50,147,1,1,-1,-1
35,20,1829,402,33,96,1,1,-1,-1
35,45,848,393,51,147,1,1,-1,-1
35,93,1405,400,39,112,1,1,-1,-1
36,20,1809,413,40,87,1,1,-1,-1
36,45,849,399,53,147,1,1,-1,-1
36,93,1406,406,40,112,1,1,-1,-1
37,20,1812,420,40,88,1,1,-1,-1
37,93,1408,412,40,112,1,1,-1,-1
38,20,1815,427,41,90,1,1,-1,-1
38,93,1430,426,31,102,1,1,-1,-1
39,20,1818,434,41,92,1,1,-1,-1
39,93,1432,431,32,103,1,1,-1,-1
40,20,1821,441,42,94,1,1,-1,-1
42,46,579,357,140,478,1,1,-1,-1
43,46,572,358,142,487,1,1,-1,-1
44,46,565,359,143,496,1,1,-1,-1
45,46,558,360,145,505,1,1,-1,-1
46,46,551,362,147,513,1,1,-1,-1
47,46,542,367,150,518,1,1,-1,-1
57,94,1519,476,46,136,1,1,-1,-1
58,94,1518,477,46,136,1,1,-1,-1
59,94,1518,478,46,136,1,1,-1,-1
60,94,1518,479,46,136,1,1,-1,-1
61,94,1518,481,46,136,1,1,-1,-1
63,95,1431,851,26,52,1,1,-1,-1
64,95,1433,849,27,51,1,1,-1,-1
65,95,1436,847,27,51,1,1,-1,-1
66,95,1439,844,26,52,1,1,-1,-1
67,95,1442,842,26,52,1,1,-1,-1
67,96,1341,487,41,114,1,1,-1,-1
68,96,1342,483,42,115,1,1,-1,-1
68,97,1807,479,40,95,1,1,-1,-1
69,96,1344,480,42,115,1,1,-1,-1
69,97,1812,477,39,95,1,1,-1,-1
70,96,1346,477,42,115,1,1,-1,-1
70,97,1817,474,39,95,1,1,-1,-1
71,96,1348,474,42,115,1,1,-1,-1
71,97,1822,472,39,95,1,1,-1,-1
72,97,1821,471,39,95,1,1,-1,-1
78,98,1102,369,172,452,1,1,-1,-1
79,98,1101,370,169,452,1,1,-1,-1
80,98,1100,371,167,452,1,1,-1,-1
81,98,1094,367,167,455,1,1,-1,-1
82,98,1088,363,167,458,1,1,-1,-1
83,47,1807,454,37,95,1,1,-1,-1
84,47,1801,451,37,95,1,1,-1,-1
85,47,1795,447,36,95,1,1,-1,-1
86,47,1807,437,36,106,1,1,-1,-1
87,47,1800,434,36,106,1,1,-1,-1
88,17,1777,436,35,95,1,1,-1,-1
88,47,1794,431,36,106,1,1,-1,-1
89,17,1771,433,35,95,1,1,-1,-1
90,17,1765,429,35,95,1,1,-1,-1
91,17,1759,426,34,95,1,1,-1,-1
92,17,1753,422,34,95,1,1,-1,-1
93,17,1747,419,34,95,1,1,-1,-1
94,17,1746,417,34,95,1,1,-1,-1
95,17,1746,416,34,95,1,1,-1,-1
99,99,702,389,72,194,1,1,-1,-1
100,99,706,386,72,195,1,1,-1,-1
101,99,711,384,71,195,1,1,-1,-1
102,99,715,382,71,196,1,1,-1,-1
103,99,720,379,70,197,1,1,-1,-1
103,100,954,375,83,228,1,1,-1,-1
104,100,965,373,83,228,1,1,-1,-1
105,100,976,372,83,228,1,1,-1,-1
106,100,977,364,69,240,1,1,-1,-1
107,100,985,370,82,228,1,1,-1,-1
121,101,939,384,57,138,1,1,-1,-1
122,101,938,384,57,138,1,1,-1,-1
123,101,937,384,57,138,1,1,-1,-1
124,101,936,384,57,138,1,1,-1,-1
125,101,935,383,57,138,1,1,-1,-1
126,102,1298,400,36,114,1,1,-1,-1
127,102,1294,401,36,114,1,1,-1,-1
128,102,1268,395,46,121,1,1,-1,-1
129,102,1265,395,46,121,1,1,-1,-1
130,102,1262,395,46,122,1,1,-1,-1
131,103,732,368,71,217,1,1,-1,-1
132,48,1431,763,26,55,1,1,-1,-1
132,103,732,368,71,219,1,1,-1,-1
133,48,1431,763,26,56,1,1,-1,-1
133,103,732,368,70,222,1,1,-1,-1
134,48,1431,764,27,56,1,1,-1,-1
134,103,732,368,70,224,1,1,-1,-1
135,48,1434,764,26,56,1,1,-1,-1
135,103,732,368,70,227,1,1,-1,-1
135,104,921,322,105,340,1,1,-1,-1
136,48,1437,764,26,56,1,1,-1,-1
136,104,923,322,102,341,1,1,-1,-1
137,48,1440,764,26,56,1,1,-1,-1
137,104,925,322,100,342,1,1,-1,-1
138,104,928,323,97,342,1,1,-1,-1
139,49,1638,363,53,136,1,1,-1,-1
139,104,930,323,97,343,1,1,-1,-1
140,49,1644,363,51,136,1,1,-1,-1
141,49,1650,363,49,136,1,1,-1,-1
142,49,1657,363,46,136,1,1,-1,-1
143,49,1663,364,49,136,1,1,-1,-1
143,50,1291,399,37,116,1,1,-1,-1
144,49,1669,365,53,136,1,1,-1,-1
144,50,1294,398,37,116,1,1,-1,-1
145,50,1296,398,37,116,1,1,-1,-1
146,50,1299,398,37,116,1,1,-1,-1
147,50,1311,407,31,99,1,1,-1,-1
148,50,1304,402,37,116,1,1,-1,-1
155,21,774,261,205,630,1,1,-1,-1
156,21,771,260,207,629,1,1,-1,-1
157,21,767,260,210,628,1,1,-1,-1
158,21,764,259,212,627,1,1,-1,-1
159,21,761,258,214,627,1,1,-1,-1
160,21,758,258,217,626,1,1,-1,-1
161,21,758,257,215,625,1,1,-1,-1
163,105,85,281,230,697,1,1,-1,-1
164,105,67,278,236,711,1,1,-1,-1
165,105,50,275,241,726,1,1,-1,-1
166,105,33,273,246,740,1,1,-1,-1
167,105,23,268,244,750,1,1,-1,-1
169,106,1677,370,52,163,1,1,-1,-1
170,106,1679,369,49,167,1,1,-1,-1
171,22,575,390,104,255,1,1,-1,-1
171,106,1681,368,47,171,1,1,-1,-1
172,22,571,389,103,260,1,1,-1,-1
172,23,905,332,104,355,1,1,-1,-1
172,106,1683,367,45,175,1,1,-1,-1
173,22,565,387,103,263,1,1,-1,-1
173,23,903,332,104,355,1,1,-1,-1
173,106,1681,366,49,167,1,1,-1,-1
174,22,560,385,102,266,1,1,-1,-1
174,23,901,332,104,355,1,1,-1,-1
175,22,555,384,102,269,1,1,-1,-1
175,23,899,332,104,356,1,1,-1,-1
176,22,553,406,92,248,1,1,-1,-1
176,23,900,330,104,357,1,1,-1,-1
177,22,555,383,101,274,1,1,-1,-1
177,23,902,329,104,357,1,1,-1,-1
178,23,903,328,105,357,1,1,-1,-1
178,51,771,261,198,616,1,1,-1,-1
179,51,772,262,198,616,1,1,-1,-1
180,51,774,264,198,615,1,1,-1,-1
181,51,776,262,198,614,1,1,-1,-1
182,51,779,260,198,614,1,1,-1,-1
183,51,781,258,199,613,1,1,-1,-1
186,107,789,252,200,612,1,1,-1,-1
187,107,791,250,201,611,1,1,-1,-1
188,107,794,248,201,611,1,1,-1,-1
189,24,1030,377,92,224,1,1,-1,-1
189,107,796,246,202,610,1,1,-1,-1
190,24,1031,377,92,224,1,1,-1,-1
190,107,799,245,202,609,1,1,-1,-1
191,24,1032,377,93,224,1,1,-1,-1
192,24,1034,377,93,224,1,1,-1,-1
193,24,1030,379,93,224,1,1,-1,-1
194,24,1027,382,93,224,1,1,-1,-1
194,52,796,260,203,606,1,1,-1,-1
195,24,1024,384,92,224,1,1,-1,-1
195,52,795,264,204,605,1,1,-1,-1
196,52,795,268,203,604,1,1,-1,-1
196,53,635,334,160,376,1,1,-1,-1
196,108,503,392,148,325,1,1,-1,-1
197,52,794,272,204,603,1,1,-1,-1
197,53,626,335,161,380,1,1,-1,-1
197,108,495,385,145,324,1,1,-1,-1
198,52,794,276,204,603,1,1,-1,-1
198,53,617,337,163,384,1,1,-1,-1
198,108,485,387,145,327,1,1,-1,-1
199,52,794,277,202,603,1,1,-1,-1
199,53,609,338,163,388,1,1,-1,-1
199,108,477,389,145,331,1,1,-1,-1
200,53,600,340,165,392,1,1,-1,-1
200,108,470,391,144,335,1,1,-1,-1
201,53,592,342,166,396,1,1,-1,-1
203,9,763,397,89,242,1,1,-1,-1
204,9,758,397,89,244,1,1,-1,-1
204,109,1727,379,63,175,1,1,-1,-1
205,9,753,397,89,246,1,1,-1,-1
205,109,1724,381,63,175,1,1,-1,-1
206,9,748,397,90,248,1,1,-1,-1
206,109,1725,381,63,174,1,1,-1,-1
207,9,746,397,91,250,1,1,-1,-1
207,109,1726,381,64,173,1,1,-1,-1
208,9,745,398,91,251,1,1,-1,-1
208,109,1719,369,71,189,1,1,-1,-1
209,9,744,398,92,253,1,1,-1,-1
210,9,742,399,93,254,1,1,-1,-1
211,1,639,406,90,258,1,1,-1,-1
211,9,741,399,93,256,1,1,-1,-1
212,1,637,406,90,259,1,1,-1,-1
212,110,792,291,188,605,1,1,-1,-1
213,1,635,407,91,259,1,1,-1,-1
213,110,788,292,193,605,1,1,-1,-1
214,1,633,407,91,261,1,1,-1,-1
214,110,784,293,199,604,1,1,-1,-1
215,1,631,408,92,261,1,1,-1,-1
215,110,780,294,204,603,1,1,-1,-1
216,1,629,408,92,262,1,1,-1,-1
216,110,776,295,210,603,1,1,-1,-1
217,1,628,409,92,263,1,1,-1,-1
218,1,630,409,92,263,1,1,-1,-1
219,1,632,409,93,264,1,1,-1,-1
220,1,635,409,93,265,1,1,-1,-1
221,1,637,409,94,266,1,1,-1,-1
222,1,640,409,93,267,1,1,-1,-1
222,54,747,396,104,277,1,1,-1,-1
223,54,748,396,104,279,1,1,-1,-1
224,54,749,395,105,281,1,1,-1,-1
224,111,491,305,207,523,1,1,-1,-1
225,54,750,395,106,283,1,1,-1,-1
225,111,489,303,208,531,1,1,-1,-1
226,54,751,395,107,285,1,1,-1,-1
226,111,488,301,209,539,1,1,-1,-1
227,54,746,395,110,289,1,1,-1,-1
227,111,487,299,210,547,1,1,-1,-1
228,111,479,296,215,556,1,1,-1,-1
229,112,738,396,114,296,1,1,-1,-1
230,55,1044,415,79,224,1,1,-1,-1
230,112,733,397,117,299,1,1,-1,-1
231,55,1044,416,79,224,1,1,-1,-1
231,112,729,397,119,303,1,1,-1,-1
232,55,1044,417,79,224,1,1,-1,-1
232,112,725,398,121,306,1,1,-1,-1
233,55,1044,419,79,224,1,1,-1,-1
233,112,721,399,124,309,1,1,-1,-1
234,55,1040,420,79,224,1,1,-1,-1
235,55,1037,421,78,224,1,1,-1,-1
237,113,1030,423,78,225,1,1,-1,-1
238,113,1026,424,79,225,1,1,-1,-1
239,113,1023,425,78,226,1,1,-1,-1
240,113,1020,426,78,226,1,1,-1,-1
241,113,1016,427,78,226,1,1,-1,-1
242,56,1831,422,69,213,1,1,-1,-1
243,56,1830,424,67,215,1,1,-1,-1
244,56,1826,424,66,206,1,1,-1,-1
244,114,1592,974,27,69,1,1,-1,-1
245,56,1823,424,65,198,1,1,-1,-1
245,114,1589,975,27,69,1,1,-1,-1
246,56,1820,424,64,190,1,1,-1,-1
246,114,1586,976,27,69,1,1,-1,-1
247,56,1817,424,65,197,1,1,-1,-1
247,114,1583,977,27,69,1,1,-1,-1
248,114,1580,978,27,69,1,1,-1,-1
249,25,1812,426,66,209,1,1,-1,-1
250,25,1810,427,67,215,1,1,-1,-1
251,25,1813,427,67,215,1,1,-1,-1
252,25,1816,427,67,215,1,1,-1,-1
253,25,1820,427,67,215,1,1,-1,-1
253,57,914,375,104,391,1,1,-1,-1
254,25,1823,427,67,215,1,1,-1,-1
254,57,956,413,105,334,1,1,-1,-1
255,25,1826,427,67,215,1,1,-1,-1
255,57,916,379,104,392,1,1,-1,-1
256,57,917,378,104,393,1,1,-1,-1
257,57,918,378,105,393,1,1,-1,-1
258,57,920,378,104,394,1,1,-1,-1
263,58,927,378,105,396,1,1,-1,-1
264,58,928,378,105,396,1,1,-1,-1
264,115,1869,420,67,215,1,1,-1,-1
265,58,930,378,105,397,1,1,-1,-1
265,115,1873,419,67,215,1,1,-1,-1
265,116,817,337,179,579,1,1,-1,-1
266,58,927,374,105,398,1,1,-1,-1
266,115,1876,417,67,215,1,1,-1,-1
266,116,821,335,175,579,1,1,-1,-1
267,58,924,371,105,398,1,1,-1,-1
267,115,1880,416,67,215,1,1,-1,-1
267,116,824,332,172,579,1,1,-1,-1
268,58,921,368,105,399,1,1,-1,-1
268,115,1884,414,67,215,1,1,-1,-1
268,116,827,330,169,579,1,1,-1,-1
269,116,831,328,165,578,1,1,-1,-1
276,117,900,335,105,406,1,1,-1,-1
277,59,484,307,205,525,1,1,-1,-1
277,117,897,326,105,407,1,1,-1,-1
278,59,478,297,207,534,1,1,-1,-1
278,117,894,317,105,409,1,1,-1,-1
279,59,518,334,171,443,1,1,-1,-1
279,117,891,307,105,411,1,1,-1,-1
280,59,466,278,211,550,1,1,-1,-1
280,117,888,298,106,413,1,1,-1,-1
281,59,459,263,215,560,1,1,-1,-1
282,59,453,249,218,570,1,1,-1,-1
289,118,902,239,107,422,1,1,-1,-1
290,118,909,236,107,423,1,1,-1,-1
291,118,916,233,107,423,1,1,-1,-1
292,118,923,230,108,423,1,1,-1,-1
293,118,930,227,108,423,1,1,-1,-1
299,60,965,218,109,425,1,1,-1,-1
300,60,970,218,109,425,1,1,-1,-1
301,60,975,217,109,426,1,1,-1,-1
302,60,980,216,110,426,1,1,-1,-1
303,60,985,216,110,426,1,1,-1,-1
304,60,990,215,110,427,1,1,-1,-1
305,7,842,176,183,566,1,1,-1,-1
306,7,839,176,183,566,1,1,-1,-1
307,7,836,177,184,565,1,1,-1,-1
308,7,833,177,185,565,1,1,-1,-1
309,7,830,177,186,565,1,1,-1,-1
310,7,827,178,187,564,1,1,-1,-1
310,61,1082,339,36,125,1,1,-1,-1
311,7,825,176,188,564,1,1,-1,-1
311,61,1082,340,36,125,1,1,-1,-1
312,7,824,175,188,563,1,1,-1,-1
312,61,1080,339,36,125,1,1,-1,-1
313,7,823,174,188,563,1,1,-1,-1
313,61,1078,338,36,125,1,1,-1,-1
314,7,822,172,189,563,1,1,-1,-1
314,61,1077,338,36,125,1,1,-1,-1
315,61,1075,337,36,125,1,1,-1,-1
344,119,655,259,139,369,1,1,-1,-1
345,119,649,256,139,372,1,1,-1,-1
345,120,763,231,158,409,1,1,-1,-1
346,119,643,253,140,375,1,1,-1,-1
346,120,758,229,157,412,1,1,-1,-1
347,119,637,250,141,378,1,1,-1,-1
347,120,752,226,156,416,1,1,-1,-1
348,119,631,248,142,381,1,1,-1,-1
348,120,747,224,155,419,1,1,-1,-1
349,120,742,222,154,422,1,1,-1,-1
373,62,970,327,86,199,1,1,-1,-1
374,62,972,330,85,199,1,1,-1,-1
375,62,974,333,85,200,1,1,-1,-1
376,62,976,336,85,201,1,1,-1,-1
377,62,978,339,84,202,1,1,-1,-1
378,62,980,342,84,203,1,1,-1,-1
381,121,775,216,180,548,1,1,-1,-1
382,121,774,216,180,548,1,1,-1,-1
383,121,773,216,180,548,1,1,-1,-1
383,122,354,205,192,564,1,1,-1,-1
384,121,772,216,181,547,1,1,-1,-1
384,122,348,203,194,571,1,1,-1,-1
385,121,772,216,180,547,1,1,-1,-1
385,122,342,202,195,577,1,1,-1,-1
386,122,336,200,197,584,1,1,-1,-1
386,123,874,239,123,446,1,1,-1,-1
387,122,331,199,198,591,1,1,-1,-1
387,123,874,239,123,446,1,1,-1,-1
388,63,654,330,60,195,1,1,-1,-1
388,123,873,239,124,446,1,1,-1,-1
389,63,652,330,59,196,1,1,-1,-1
389,123,873,239,124,446,1,1,-1,-1
390,63,650,330,59,197,1,1,-1,-1
390,123,872,238,124,446,1,1,-1,-1
391,63,647,330,60,197,1,1,-1,-1
392,63,645,330,60,198,1,1,-1,-1
393,63,642,329,60,200,1,1,-1,-1
410,4,642,329,64,216,1,1,-1,-1
411,4,646,328,64,217,1,1,-1,-1
412,4,648,329,66,217,1,1,-1,-1
413,4,650,331,69,216,1,1,-1,-1
414,4,652,332,72,216,1,1,-1,-1
415,4,654,334,75,215,1,1,-1,-1
416,4,656,336,78,215,1,1,-1,-1
416,64,-36,67,344,921,1,1,-1,-1
417,4,652,335,81,215,1,1,-1,-1
417,64,-60,59,354,952,1,1,-1,-1
418,4,648,334,84,215,1,1,-1,-1
418,64,-83,51,363,983,1,1,-1,-1
419,4,644,333,87,215,1,1,-1,-1
419,64,-106,43,372,1015,1,1,-1,-1
420,4,640,333,90,214,1,1,-1,-1
420,64,-129,35,381,1046,1,1,-1,-1
421,64,-152,27,390,1077,1,1,-1,-1
424,8,1032,333,96,230,1,1,-1,-1
425,8,1032,332,96,231,1,1,-1,-1
426,8,1032,331,95,231,1,1,-1,-1
427,8,1032,329,95,233,1,1,-1,-1
428,8,1032,328,95,234,1,1,-1,-1
429,8,1012,317,78,233,1,1,-1,-1
430,8,1032,325,94,237,1,1,-1,-1
431,8,1009,315,79,235,1,1,-1,-1
432,8,1033,323,92,239,1,1,-1,-1
433,8,1006,313,79,236,1,1,-1,-1
435,26,513,317,61,200,1,1,-1,-1
436,26,512,315,61,200,1,1,-1,-1
437,26,511,314,61,200,1,1,-1,-1
438,26,510,312,61,200,1,1,-1,-1
438,124,675,272,85,288,1,1,-1,-1
439,26,510,311,61,200,1,1,-1,-1
439,124,675,271,85,289,1,1,-1,-1
440,26,509,309,61,200,1,1,-1,-1
440,124,675,270,85,290,1,1,-1,-1
440,125,883,221,135,443,1,1,-1,-1
441,26,508,308,61,200,1,1,-1,-1
441,124,676,269,84,291,1,1,-1,-1
441,125,888,222,134,442,1,1,-1,-1
442,124,676,268,84,292,1,1,-1,-1
442,125,892,222,135,443,1,1,-1,-1
443,125,897,223,134,442,1,1,-1,-1
444,65,1106,116,334,835,1,1,-1,-1
444,125,902,223,134,443,1,1,-1,-1
444,126,1005,304,84,247,1,1,-1,-1
445,65,1113,119,333,827,1,1,-1,-1
445,126,1011,303,84,248,1,1,-1,-1
446,65,1121,125,332,829,1,1,-1,-1
446,126,1016,302,85,249,1,1,-1,-1
447,65,1129,132,331,830,1,1,-1,-1
447,66,1089,315,69,236,1,1,-1,-1
447,126,1022,302,85,249,1,1,-1,-1
448,27,678,262,83,299,1,1,-1,-1
448,65,1137,138,331,832,1,1,-1,-1
448,66,1096,315,67,235,1,1,-1,-1
448,126,1027,301,86,250,1,1,-1,-1
448,127,533,307,63,199,1,1,-1,-1
449,27,679,261,83,301,1,1,-1,-1
449,65,1145,145,330,833,1,1,-1,-1
449,66,1102,314,70,238,1,1,-1,-1
449,127,539,308,63,199,1,1,-1,-1
450,27,683,259,85,304,1,1,-1,-1
450,66,1108,314,73,240,1,1,-1,-1
450,127,544,309,64,199,1,1,-1,-1
451,27,688,258,86,307,1,1,-1,-1
451,66,1114,313,76,243,1,1,-1,-1
451,127,549,310,65,199,1,1,-1,-1
451,128,595,305,113,268,1,1,-1,-1
452,27,693,256,88,311,1,1,-1,-1
452,66,1120,313,79,246,1,1,-1,-1
452,127,555,311,65,199,1,1,-1,-1
452,128,597,305,114,270,1,1,-1,-1
453,27,698,255,89,313,1,1,-1,-1
453,128,600,305,115,273,1,1,-1,-1
454,27,703,253,91,317,1,1,-1,-1
454,128,605,302,114,275,1,1,-1,-1
455,67,740,197,172,529,1,1,-1,-1
455,128,610,300,113,276,1,1,-1,-1
456,67,747,197,172,529,1,1,-1,-1
457,67,754,197,172,528,1,1,-1,-1
458,67,761,197,172,528,1,1,-1,-1
459,67,768,197,172,528,1,1,-1,-1
460,67,730,146,207,635,1,1,-1,-1
460,68,1204,139,340,841,1,1,-1,-1
461,68,1204,135,346,840,1,1,-1,-1
461,69,925,292,97,249,1,1,-1,-1
462,68,1205,132,351,838,1,1,-1,-1
462,69,924,294,94,241,1,1,-1,-1
463,68,1206,129,356,837,1,1,-1,-1
463,69,927,292,94,240,1,1,-1,-1
464,68,1204,125,358,844,1,1,-1,-1
464,69,930,290,94,239,1,1,-1,-1
464,70,719,222,94,302,1,1,-1,-1
464,129,768,190,173,525,1,1,-1,-1
465,68,1202,122,360,850,1,1,-1,-1
465,69,928,288,94,239,1,1,-1,-1
465,70,725,229,109,351,1,1,-1,-1
465,129,767,188,173,525,1,1,-1,-1
466,69,926,286,95,240,1,1,-1,-1
466,70,718,226,111,354,1,1,-1,-1
466,129,765,186,173,524,1,1,-1,-1
466,130,1101,284,94,266,1,1,-1,-1
467,70,711,223,113,357,1,1,-1,-1
467,129,763,184,173,524,1,1,-1,-1
467,130,1099,282,95,267,1,1,-1,-1
468,70,705,220,114,360,1,1,-1,-1
468,129,761,182,174,523,1,1,-1,-1
468,130,1097,280,95,267,1,1,-1,-1
469,70,699,216,116,363,1,1,-1,-1
469,130,1095,277,95,269,1,1,-1,-1
470,130,1093,275,96,269,1,1,-1,-1
470,131,1267,290,112,284,1,1,-1,-1
471,131,1274,288,112,286,1,1,-1,-1
472,131,1280,286,113,287,1,1,-1,-1
473,131,1287,285,113,288,1,1,-1,-1
474,131,1289,284,114,289,1,1,-1,-1
482,132,528,262,142,344,1,1,-1,-1
483,132,523,263,144,347,1,1,-1,-1
484,132,523,264,147,349,1,1,-1,-1
485,132,524,265,149,352,1,1,-1,-1
486,132,525,266,151,354,1,1,-1,-1
486,133,653,203,149,420,1,1,-1,-1
487,10,1216,131,353,896,1,1,-1,-1
487,133,654,204,151,423,1,1,-1,-1
488,10,1216,134,358,899,1,1,-1,-1
488,133,654,204,154,427,1,1,-1,-1
489,10,1216,137,363,903,1,1,-1,-1
489,133,655,205,156,430,1,1,-1,-1
490,10,1216,141,368,906,1,1,-1,-1
490,133,648,203,157,436,1,1,-1,-1
491,10,1214,138,367,904,1,1,-1,-1
492,10,1212,135,366,903,1,1,-1,-1
493,10,1210,132,366,902,1,1,-1,-1
494,10,1208,129,365,901,1,1,-1,-1
495,10,1206,126,365,900,1,1,-1,-1
495,134,512,277,166,381,1,1,-1,-1
496,134,509,277,165,386,1,1,-1,-1
497,134,506,278,164,391,1,1,-1,-1
498,134,503,279,163,396,1,1,-1,-1
499,134,494,276,164,402,1,1,-1,-1
499,135,634,215,169,474,1,1,-1,-1
500,135,626,211,171,481,1,1,-1,-1
500,136,1205,117,361,919,1,1,-1,-1
501,135,618,207,173,489,1,1,-1,-1
501,136,1206,117,361,925,1,1,-1,-1
502,135,610,203,175,496,1,1,-1,-1
502,136,1220,144,313,809,1,1,-1,-1
503,135,603,199,176,504,1,1,-1,-1
503,136,1204,118,359,933,1,1,-1,-1
504,136,1204,119,358,937,1,1,-1,-1
505,137,601,314,78,220,1,1,-1,-1
505,138,1122,302,111,299,1,1,-1,-1
506,137,598,311,78,222,1,1,-1,-1
506,138,1119,299,112,300,1,1,-1,-1
506,139,1206,116,356,934,1,1,-1,-1
507,137,595,309,78,222,1,1,-1,-1
507,138,1116,297,113,301,1,1,-1,-1
507,139,1207,115,356,933,1,1,-1,-1
508,137,592,306,78,224,1,1,-1,-1
508,138,1113,294,113,302,1,1,-1,-1
508,139,1207,111,355,932,1,1,-1,-1
508,140,978,228,139,454,1,1,-1,-1
509,28,542,174,186,545,1,1,-1,-1
509,137,589,304,78,225,1,1,-1,-1
509,138,1110,291,114,303,1,1,-1,-1
509,139,1207,107,354,931,1,1,-1,-1
509,140,976,227,139,455,1,1,-1,-1
510,28,532,170,187,551,1,1,-1,-1
510,139,1207,104,354,929,1,1,-1,-1
510,140,972,224,139,455,1,1,-1,-1
511,28,522,166,189,558,1,1,-1,-1
511,71,582,299,78,227,1,1,-1,-1
511,140,969,221,139,456,1,1,-1,-1
512,28,512,162,190,565,1,1,-1,-1
512,71,579,296,78,228,1,1,-1,-1
512,140,966,218,139,456,1,1,-1,-1
512,141,1185,53,363,941,1,1,-1,-1
513,28,502,158,192,572,1,1,-1,-1
513,71,576,294,78,229,1,1,-1,-1
513,141,1207,79,350,899,1,1,-1,-1
513,142,352,244,191,485,1,1,-1,-1
514,28,495,154,195,580,1,1,-1,-1
514,71,573,291,78,231,1,1,-1,-1
514,141,1208,73,349,907,1,1,-1,-1
514,142,343,242,194,492,1,1,-1,-1
515,28,488,151,199,588,1,1,-1,-1
515,71,570,289,78,231,1,1,-1,-1
515,141,1209,68,349,915,1,1,-1,-1
515,142,333,239,198,499,1,1,-1,-1
515,143,1099,275,116,307,1,1,-1,-1
516,71,567,286,78,233,1,1,-1,-1
516,141,1210,63,348,922,1,1,-1,-1
516,142,324,236,201,506,1,1,-1,-1
516,143,1098,272,117,308,1,1,-1,-1
517,142,309,216,234,588,1,1,-1,-1
517,143,1097,269,117,309,1,1,-1,-1
518,143,1096,266,118,310,1,1,-1,-1
519,143,1096,263,118,311,1,1,-1,-1
523,72,861,195,164,498,1,1,-1,-1
524,72,864,195,163,498,1,1,-1,-1
525,72,866,196,163,497,1,1,-1,-1
526,72,953,201,140,459,1,1,-1,-1
527,72,871,196,162,497,1,1,-1,-1
528,72,867,168,194,600,1,1,-1,-1
532,2,965,200,141,461,1,1,-1,-1
533,2,884,201,160,495,1,1,-1,-1
534,2,885,203,161,495,1,1,-1,-1
535,2,887,204,161,495,1,1,-1,-1
536,2,889,206,161,494,1,1,-1,-1
537,2,891,207,161,494,1,1,-1,-1
538,2,969,181,143,470,1,1,-1,-1
539,2,894,210,162,494,1,1,-1,-1
540,2,896,212,162,493,1,1,-1,-1
541,2,976,200,141,462,1,1,-1,-1
542,2,893,213,162,492,1,1,-1,-1
542,144,46,167,288,755,1,1,-1,-1
543,2,888,213,163,491,1,1,-1,-1
543,144,30,163,291,767,1,1,-1,-1
544,144,-6,150,306,793,1,1,-1,-1
545,144,-42,138,321,819,1,1,-1,-1
546,144,-78,125,336,845,1,1,-1,-1
548,73,866,210,162,488,1,1,-1,-1
549,73,861,210,163,487,1,1,-1,-1
550,73,857,210,163,486,1,1,-1,-1
550,145,1007,274,125,361,1,1,-1,-1
551,73,853,211,162,486,1,1,-1,-1
551,145,1011,273,126,364,1,1,-1,-1
552,73,849,213,162,485,1,1,-1,-1
552,145,1015,273,126,366,1,1,-1,-1
553,73,933,211,141,466,1,1,-1,-1
553,145,1070,270,126,341,1,1,-1,-1
554,145,1022,272,128,371,1,1,-1,-1
559,146,821,223,162,483,1,1,-1,-1
560,11,1056,267,130,344,1,1,-1,-1
560,146,817,225,162,483,1,1,-1,-1
561,11,1074,272,152,384,1,1,-1,-1
561,146,820,225,163,483,1,1,-1,-1
562,11,1053,267,131,344,1,1,-1,-1
562,146,824,226,163,482,1,1,-1,-1
563,11,1095,272,163,388,1,1,-1,-1
563,146,828,227,163,481,1,1,-1,-1
563,147,950,221,141,468,1,1,-1,-1
564,11,1106,272,168,390,1,1,-1,-1
564,147,956,222,142,469,1,1,-1,-1
565,11,1116,272,175,397,1,1,-1,-1
565,147,962,223,142,469,1,1,-1,-1
566,11,1077,271,133,352,1,1,-1,-1
566,147,968,224,142,469,1,1,-1,-1
567,11,1084,273,133,353,1,1,-1,-1
567,147,974,225,142,470,1,1,-1,-1
568,11,1150,295,80,284,1,1,-1,-1
577,29,1189,310,88,291,1,1,-1,-1
578,29,1193,311,89,293,1,1,-1,-1
579,29,1197,312,91,295,1,1,-1,-1
580,29,1196,310,93,297,1,1,-1,-1
581,29,1136,286,136,371,1,1,-1,-1
582,29,1139,287,136,372,1,1,-1,-1
583,29,1139,286,136,375,1,1,-1,-1
590,74,843,253,145,475,1,1,-1,-1
591,74,836,251,148,475,1,1,-1,-1
592,74,829,250,151,474,1,1,-1,-1
593,74,822,249,154,474,1,1,-1,-1
594,74,815,248,157,473,1,1,-1,-1
595,74,808,247,160,473,1,1,-1,-1
598,75,938,370,45,157,1,1,-1,-1
599,75,940,372,45,157,1,1,-1,-1
600,75,942,375,45,157,1,1,-1,-1
600,148,1179,308,113,342,1,1,-1,-1
601,75,960,369,39,161,1,1,-1,-1
601,148,1181,280,140,420,1,1,-1,-1
602,75,946,380,45,157,1,1,-1,-1
602,148,1185,310,115,346,1,1,-1,-1
603,75,964,372,39,161,1,1,-1,-1
603,148,1188,311,116,348,1,1,-1,-1
604,148,1191,312,117,350,1,1,-1,-1
606,5,1205,314,118,354,1,1,-1,-1
607,5,1212,315,119,356,1,1,-1,-1
608,5,1219,316,120,358,1,1,-1,-1
609,5,1264,290,133,438,1,1,-1,-1
610,5,1233,319,122,361,1,1,-1,-1
610,149,864,275,147,474,1,1,-1,-1
611,5,1240,320,123,363,1,1,-1,-1
611,149,866,277,147,474,1,1,-1,-1
612,5,1247,321,124,365,1,1,-1,-1
612,149,868,279,147,474,1,1,-1,-1
613,5,1254,322,125,367,1,1,-1,-1
613,149,870,281,147,474,1,1,-1,-1
614,5,1262,324,125,369,1,1,-1,-1
614,149,872,283,147,474,1,1,-1,-1
615,5,1262,324,126,372,1,1,-1,-1
616,5,1262,324,127,376,1,1,-1,-1
617,30,990,414,45,157,1,1,-1,-1
618,30,1000,406,42,162,1,1,-1,-1
619,30,996,406,42,162,1,1,-1,-1
620,30,982,416,45,157,1,1,-1,-1
621,30,980,417,45,157,1,1,-1,-1
622,30,977,417,45,157,1,1,-1,-1
623,30,975,418,45,157,1,1,-1,-1
623,31,564,337,93,354,1,1,-1,-1
624,31,562,334,92,357,1,1,-1,-1
625,31,556,338,92,357,1,1,-1,-1
626,31,552,339,92,358,1,1,-1,-1
627,31,547,339,92,358,1,1,-1,-1
628,31,542,340,92,358,1,1,-1,-1
629,31,537,340,92,358,1,1,-1,-1
632,150,1631,103,435,1101,1,1,-1,-1
633,150,1645,97,434,1099,1,1,-1,-1
634,150,1659,91,432,1096,1,1,-1,-1
635,150,1673,85,431,1094,1,1,-1,-1
636,150,1685,84,429,1092,1,1,-1,-1
638,32,1255,316,150,457,1,1,-1,-1
638,151,1709,84,427,1086,1,1,-1,-1
639,32,1241,307,167,509,1,1,-1,-1
639,151,1704,84,426,1083,1,1,-1,-1
640,32,1263,313,151,465,1,1,-1,-1
640,151,1699,84,425,1081,1,1,-1,-1
641,32,1240,348,120,381,1,1,-1,-1
641,151,1695,84,423,1078,1,1,-1,-1
642,32,1244,348,120,382,1,1,-1,-1
642,151,1690,84,422,1076,1,1,-1,-1
643,32,1276,309,151,476,1,1,-1,-1
644,32,1280,308,152,480,1,1,-1,-1
644,76,1691,86,420,1070,1,1,-1,-1
644,152,974,449,45,157,1,1,-1,-1
645,76,1697,87,419,1068,1,1,-1,-1
645,152,979,452,45,157,1,1,-1,-1
646,76,1703,88,418,1066,1,1,-1,-1
646,152,976,451,46,158,1,1,-1,-1
647,76,1709,89,416,1063,1,1,-1,-1
647,152,974,450,46,159,1,1,-1,-1
648,76,1715,91,415,1060,1,1,-1,-1
648,152,972,450,47,160,1,1,-1,-1
649,76,1721,92,414,1058,1,1,-1,-1
652,77,1124,324,182,515,1,1,-1,-1
653,77,1121,321,185,523,1,1,-1,-1
653,153,1262,348,119,395,1,1,-1,-1
654,77,1118,318,188,531,1,1,-1,-1
654,153,1264,348,119,395,1,1,-1,-1
655,77,1115,316,191,538,1,1,-1,-1
655,153,1260,344,121,399,1,1,-1,-1
656,77,1112,313,194,546,1,1,-1,-1
656,153,1256,340,124,404,1,1,-1,-1
657,77,1109,310,198,553,1,1,-1,-1
657,153,1253,336,125,408,1,1,-1,-1
658,154,789,402,83,234,1,1,-1,-1
659,154,784,400,83,235,1,1,-1,-1
660,154,779,399,84,237,1,1,-1,-1
661,154,774,399,85,238,1,1,-1,-1
662,154,770,398,85,240,1,1,-1,-1
665,78,1123,288,227,628,1,1,-1,-1
666,78,1083,285,225,622,1,1,-1,-1
667,78,1080,282,228,630,1,1,-1,-1
668,78,1077,279,231,638,1,1,-1,-1
669,78,1074,276,234,646,1,1,-1,-1
670,78,1072,274,237,653,1,1,-1,-1
675,155,422,350,114,448,1,1,-1,-1
676,155,417,349,115,451,1,1,-1,-1
677,155,412,348,116,454,1,1,-1,-1
678,155,408,348,117,456,1,1,-1,-1
679,155,409,347,118,459,1,1,-1,-1
686,33,422,340,126,478,1,1,-1,-1
687,33,426,336,127,480,1,1,-1,-1
687,156,1089,187,336,920,1,1,-1,-1
688,33,430,332,127,481,1,1,-1,-1
688,156,1088,178,348,943,1,1,-1,-1
689,33,434,329,128,482,1,1,-1,-1
689,156,1088,169,359,966,1,1,-1,-1
690,33,432,324,129,484,1,1,-1,-1
690,156,1087,160,371,989,1,1,-1,-1
691,33,431,319,130,487,1,1,-1,-1
691,156,1086,150,382,1014,1,1,-1,-1
692,33,430,314,131,490,1,1,-1,-1
709,157,756,283,124,331,1,1,-1,-1
709,158,1568,-64,487,1265,1,1,-1,-1
710,157,756,276,125,334,1,1,-1,-1
710,158,1582,-82,497,1292,1,1,-1,-1
711,79,370,208,153,553,1,1,-1,-1
711,157,757,270,126,337,1,1,-1,-1
711,158,1631,-119,525,1358,1,1,-1,-1
712,79,366,200,154,558,1,1,-1,-1
712,157,756,266,127,340,1,1,-1,-1
712,158,1681,-156,552,1424,1,1,-1,-1
713,79,362,193,156,562,1,1,-1,-1
713,157,755,263,128,343,1,1,-1,-1
713,158,1730,-193,580,1490,1,1,-1,-1
714,79,357,189,158,566,1,1,-1,-1
715,79,353,186,159,570,1,1,-1,-1
716,79,349,183,160,574,1,1,-1,-1
716,159,874,14,339,1071,1,1,-1,-1
717,159,852,3,345,1098,1,1,-1,-1
718,159,830,-8,352,1126,1,1,-1,-1
719,159,808,-19,359,1154,1,1,-1,-1
720,159,786,-30,366,1182,1,1,-1,-1
720,160,1311,112,247,695,1,1,-1,-1
721,160,1306,108,246,698,1,1,-1,-1
722,160,1285,106,257,701,1,1,-1,-1
723,160,1265,105,268,704,1,1,-1,-1
724,160,1245,103,278,708,1,1,-1,-1
728,161,897,189,178,435,1,1,-1,-1
729,161,896,187,178,435,1,1,-1,-1
730,161,896,185,178,435,1,1,-1,-1
731,161,888,184,176,435,1,1,-1,-1
732,161,881,184,174,435,1,1,-1,-1
735,80,1206,282,80,235,1,1,-1,-1
736,80,1201,280,80,236,1,1,-1,-1
737,80,1196,278,80,238,1,1,-1,-1
738,80,1181,278,81,240,1,1,-1,-1
739,80,1167,278,81,242,1,1,-1,-1
740,80,1153,278,81,244,1,1,-1,-1
749,162,1018,220,118,330,1,1,-1,-1
750,162,970,240,104,320,1,1,-1,-1
751,162,967,242,106,323,1,1,-1,-1
752,162,964,244,108,326,1,1,-1,-1
752,163,517,206,125,361,1,1,-1,-1
753,162,961,246,111,329,1,1,-1,-1
753,163,511,206,123,364,1,1,-1,-1
754,81,547,40,379,860,1,1,-1,-1
754,163,505,206,122,367,1,1,-1,-1
755,81,522,39,378,867,1,1,-1,-1
755,163,499,207,120,370,1,1,-1,-1
756,81,496,38,378,874,1,1,-1,-1
756,163,494,207,118,373,1,1,-1,-1
757,81,470,37,377,881,1,1,-1,-1
758,81,445,36,376,888,1,1,-1,-1
759,34,830,168,156,527,1,1,-1,-1
759,81,419,35,375,895,1,1,-1,-1
760,34,830,170,156,527,1,1,-1,-1
761,34,831,172,156,527,1,1,-1,-1
762,34,831,170,156,527,1,1,-1,-1
763,34,832,168,156,528,1,1,-1,-1
764,34,833,167,156,528,1,1,-1,-1
764,82,362,138,254,628,1,1,-1,-1
765,34,833,165,157,529,1,1,-1,-1
765,82,362,138,258,638,1,1,-1,-1
766,82,362,138,263,648,1,1,-1,-1
766,164,966,240,167,386,1,1,-1,-1
767,82,362,138,268,659,1,1,-1,-1
767,164,967,239,173,390,1,1,-1,-1
768,82,358,127,271,669,1,1,-1,-1
768,164,967,237,179,396,1,1,-1,-1
769,82,355,116,274,680,1,1,-1,-1
769,164,1051,215,157,401,1,1,-1,-1
770,164,967,234,191,406,1,1,-1,-1
772,83,966,229,194,416,1,1,-1,-1
773,83,964,226,191,420,1,1,-1,-1
774,83,1050,194,154,435,1,1,-1,-1
774,84,700,257,103,339,1,1,-1,-1
775,83,960,220,186,428,1,1,-1,-1
775,84,691,257,105,342,1,1,-1,-1
776,83,958,216,183,433,1,1,-1,-1
776,84,683,258,105,344,1,1,-1,-1
776,165,102,-22,376,1016,1,1,-1,-1
777,83,1056,191,153,444,1,1,-1,-1
777,84,674,258,107,347,1,1,-1,-1
777,165,82,-28,362,1023,1,1,-1,-1
778,84,665,258,109,350,1,1,-1,-1
778,165,47,-32,367,1034,1,1,-1,-1
779,84,657,259,109,352,1,1,-1,-1
779,165,13,-36,372,1045,1,1,-1,-1
780,165,-22,-40,378,1056,1,1,-1,-1
784,166,935,278,85,234,1,1,-1,-1
785,166,937,278,85,235,1,1,-1,-1
786,166,939,278,85,236,1,1,-1,-1
787,166,941,278,86,237,1,1,-1,-1
788,166,943,278,86,238,1,1,-1,-1
791,167,481,230,148,424,1,1,-1,-1
792,167,484,231,147,427,1,1,-1,-1
793,167,485,233,148,431,1,1,-1,-1
794,167,486,236,150,434,1,1,-1,-1
795,167,487,238,152,438,1,1,-1,-1
801,168,1000,176,280,642,1,1,-1,-1
802,168,1001,177,289,655,1,1,-1,-1
802,169,1019,304,90,252,1,1,-1,-1
803,168,1002,178,298,668,1,1,-1,-1
803,169,1027,307,90,253,1,1,-1,-1
804,168,1003,179,307,681,1,1,-1,-1
804,169,1030,306,90,254,1,1,-1,-1
805,168,1005,181,316,693,1,1,-1,-1
805,169,1024,289,108,305,1,1,-1,-1
806,169,1036,306,91,256,1,1,-1,-1
808,35,1032,160,310,732,1,1,-1,-1
809,35,1042,154,307,744,1,1,-1,-1
810,35,1052,147,305,764,1,1,-1,-1
811,35,1062,141,304,783,1,1,-1,-1
812,35,1073,134,301,803,1,1,-1,-1
813,35,1083,128,300,822,1,1,-1,-1
814,35,1093,121,298,842,1,1,-1,-1
814,170,782,217,160,454,1,1,-1,-1
815,170,779,218,160,454,1,1,-1,-1
816,170,776,219,160,455,1,1,-1,-1
817,170,773,220,160,455,1,1,-1,-1
818,170,770,220,160,457,1,1,-1,-1
824,171,752,219,168,458,1,1,-1,-1
825,171,749,217,171,458,1,1,-1,-1
826,36,1131,8,463,1148,1,1,-1,-1
826,85,1064,296,97,273,1,1,-1,-1
826,171,747,216,173,458,1,1,-1,-1
827,36,1129,-5,506,1176,1,1,-1,-1
827,85,1067,295,99,275,1,1,-1,-1
827,171,744,215,176,457,1,1,-1,-1
828,36,1127,-18,549,1203,1,1,-1,-1
828,85,1071,294,100,277,1,1,-1,-1
828,171,741,213,179,458,1,1,-1,-1
829,36,1124,-32,592,1232,1,1,-1,-1
829,85,1075,294,101,278,1,1,-1,-1
830,36,1469,-75,379,1173,1,1,-1,-1
830,85,1078,293,103,280,1,1,-1,-1
831,36,1120,-58,678,1287,1,1,-1,-1
831,85,1082,292,104,282,1,1,-1,-1
832,36,1512,-104,409,1224,1,1,-1,-1
833,86,-39,-137,458,1397,1,1,-1,-1
834,86,-56,-150,480,1432,1,1,-1,-1
834,87,765,213,186,459,1,1,-1,-1
835,86,-73,-163,501,1468,1,1,-1,-1
835,87,773,214,186,460,1,1,-1,-1
836,86,-90,-176,522,1504,1,1,-1,-1
836,87,780,215,187,460,1,1,-1,-1
837,86,-106,-189,543,1540,1,1,-1,-1
837,87,787,215,188,461,1,1,-1,-1
837,172,1318,358,26,91,1,1,-1,-1
838,86,-140,-216,578,1566,1,1,-1,-1
838,87,795,216,188,461,1,1,-1,-1
838,172,1314,358,22,80,1,1,-1,-1
839,87,802,217,189,461,1,1,-1,-1
839,172,1320,357,24,80,1,1,-1,-1
839,173,1728,-191,539,1430,1,1,-1,-1
840,37,739,243,92,329,1,1,-1,-1
840,172,1327,356,25,80,1,1,-1,-1
840,173,1444,-195,748,1502,1,1,-1,-1
841,37,741,239,94,335,1,1,-1,-1
841,172,1332,357,23,80,1,1,-1,-1
841,173,1506,-210,727,1522,1,1,-1,-1
842,37,743,235,96,341,1,1,-1,-1
842,173,1568,-225,707,1543,1,1,-1,-1
843,37,745,230,98,347,1,1,-1,-1
843,38,812,206,193,462,1,1,-1,-1
843,173,1630,-240,686,1563,1,1,-1,-1
844,37,747,226,100,353,1,1,-1,-1
844,38,812,202,195,462,1,1,-1,-1
845,37,745,220,96,339,1,1,-1,-1
845,38,813,198,197,463,1,1,-1,-1
846,37,752,218,104,365,1,1,-1,-1
846,38,814,194,198,463,1,1,-1,-1
847,38,814,190,200,463,1,1,-1,-1
847,174,977,162,171,522,1,1,-1,-1
848,38,815,186,201,463,1,1,-1,-1
848,174,979,158,172,522,1,1,-1,-1
849,38,816,182,202,463,1,1,-1,-1
849,174,981,154,173,521,1,1,-1,-1
850,174,983,150,174,521,1,1,-1,-1
851,174,980,147,174,521,1,1,-1,-1
851,175,815,175,201,464,1,1,-1,-1
852,39,1176,248,102,319,1,1,-1,-1
852,175,813,172,199,464,1,1,-1,-1
852,176,1497,152,301,893,1,1,-1,-1
853,39,1174,243,102,321,1,1,-1,-1
853,175,811,169,197,464,1,1,-1,-1
853,176,1511,141,304,910,1,1,-1,-1
854,39,1172,238,102,323,1,1,-1,-1
854,175,809,166,195,464,1,1,-1,-1
854,176,1524,130,307,927,1,1,-1,-1
855,39,1170,234,102,324,1,1,-1,-1
855,175,807,163,193,465,1,1,-1,-1
855,176,1538,119,310,944,1,1,-1,-1
856,39,1168,230,102,326,1,1,-1,-1
856,176,1552,108,313,961,1,1,-1,-1
857,39,1166,226,102,328,1,1,-1,-1
857,177,126,12,389,1132,1,1,-1,-1
858,39,1165,222,101,330,1,1,-1,-1
858,177,100,-4,401,1170,1,1,-1,-1
859,12,465,39,373,1049,1,1,-1,-1
859,177,74,-20,413,1208,1,1,-1,-1
860,12,452,28,384,1071,1,1,-1,-1
860,40,657,149,145,423,1,1,-1,-1
860,177,47,-37,426,1247,1,1,-1,-1
861,12,439,17,395,1093,1,1,-1,-1
861,40,648,144,151,431,1,1,-1,-1
861,177,21,-53,438,1285,1,1,-1,-1
862,6,1772,284,36,116,1,1,-1,-1
862,12,426,6,407,1115,1,1,-1,-1
862,40,641,141,155,439,1,1,-1,-1
863,6,1774,281,36,117,1,1,-1,-1
863,12,412,-14,420,1167,1,1,-1,-1
863,40,634,138,160,447,1,1,-1,-1
864,6,1776,278,36,119,1,1,-1,-1
864,12,398,-33,434,1218,1,1,-1,-1
864,40,628,136,164,454,1,1,-1,-1
865,6,1778,276,36,120,1,1,-1,-1
865,12,384,-52,447,1269,1,1,-1,-1
865,40,624,136,164,459,1,1,-1,-1
866,6,1780,273,36,121,1,1,-1,-1
866,12,370,-71,461,1320,1,1,-1,-1
866,40,621,137,164,464,1,1,-1,-1
866,88,1398,278,36,119,1,1,-1,-1
867,6,1782,270,36,123,1,1,-1,-1
867,12,356,-90,475,1372,1,1,-1,-1
867,88,1399,277,36,119,1,1,-1,-1
868,6,1784,268,37,124,1,1,-1,-1
868,88,1400,275,36,119,1,1,-1,-1
869,6,1787,266,37,124,1,1,-1,-1
869,88,1402,274,36,119,1,1,-1,-1
870,6,1790,265,37,124,1,1,-1,-1
870,88,1402,274,36,119,1,1,-1,-1
871,6,1794,264,37,124,1,1,-1,-1
871,88,1403,274,36,119,1,1,-1,-1
872,6,1808,287,34,100,1,1,-1,-1
873,41,705,207,115,363,1,1,-1,-1
874,41,702,209,118,365,1,1,-1,-1
875,41,699,210,121,368,1,1,-1,-1
875,178,1180,206,101,359,1,1,-1,-1
876,41,696,212,123,370,1,1,-1,-1
876,89,1326,290,33,86,1,1,-1,-1
876,178,1181,205,102,360,1,1,-1,-1
877,41,693,214,126,372,1,1,-1,-1
877,89,1327,291,32,85,1,1,-1,-1
877,178,1181,204,104,362,1,1,-1,-1
878,41,690,216,129,374,1,1,-1,-1
878,89,1327,291,32,86,1,1,-1,-1
878,178,1182,204,105,362,1,1,-1,-1
879,41,683,211,129,379,1,1,-1,-1
879,89,1328,292,31,85,1,1,-1,-1
879,178,1183,203,105,364,1,1,-1,-1
880,89,1329,293,30,85,1,1,-1,-1
881,89,1326,293,30,85,1,1,-1,-1
882,42,1844,278,37,100,1,1,-1,-1
882,179,661,200,130,392,1,1,-1,-1
883,42,1826,266,41,124,1,1,-1,-1
883,179,652,198,132,394,1,1,-1,-1
884,42,1826,268,42,123,1,1,-1,-1
884,179,643,196,134,397,1,1,-1,-1
885,42,1825,269,44,123,1,1,-1,-1
885,179,634,195,136,398,1,1,-1,-1
886,42,1821,286,37,100,1,1,-1,-1
886,179,625,193,138,401,1,1,-1,-1
887,42,1811,296,33,89,1,1,-1,-1
888,42,1807,290,37,100,1,1,-1,-1
