1,-1,310,754,48,128,1,1,-1,1
1,-1,346,752,52,128,1,1,-1,0
1,-1,952,286,135,120,1,4,-1,2
1,-1,1146,408,93,110,1,4,-1,2
1,-1,1736,1128,432,376,1,4,-1,0
1,-1,312,751,53,140,1,1,-1,1
1,-1,1714,1094,509,443,1,4,-1,0
1,-1,335,744,60,148,1,1,-1,0
2,-1,309,753,48,128,1,1,-1,1
2,-1,1143,423,93,110,1,4,-1,2
2,-1,1724,1107,418,369,1,4,-1,0
2,-1,968,307,135,119,1,4,-1,2
2,-1,308,713,74,182,1,1,-1,0
2,-1,1180,446,48,57,1,4,-1,2
3,-1,329,732,36,124,1,1,-1,2
3,-1,952,302,135,119,1,4,-1,0
3,-1,1713,1086,404,362,1,4,-1,0
3,-1,1152,477,72,85,1,4,-1,2
3,-1,344,730,35,121,1,1,-1,2
3,-1,1136,428,58,69,1,4,-1,2
4,-1,345,751,52,128,1,1,-1,0
4,-1,1143,428,92,122,1,4,-1,2
4,-1,1702,1065,390,355,1,4,-1,0
4,-1,1139,424,73,97,1,4,-1,2
4,-1,348,776,24,84,1,1,-1,2
4,-1,1723,1097,389,354,1,4,-1,0
5,-1,345,751,52,128,1,1,-1,0
5,-1,1608,985,519,479,1,4,-1,0
5,-1,315,753,49,120,1,1,-1,0
5,-1,992,324,68,60,1,4,-1,0
6,-1,308,753,48,128,1,1,-1,1
6,-1,1143,462,93,110,1,4,-1,1
6,-1,1679,1023,363,341,1,4,-1,0
6,-1,1136,456,94,111,1,4,-1,1
6,-1,1795,1115,183,172,1,4,-1,0
6,-1,324,736,40,136,1,1,-1,2
7,-1,344,751,52,128,1,1,-1,0
7,-1,1144,474,92,110,1,4,-1,0
7,-1,926,277,195,172,1,4,-1,2
7,-1,912,298,162,142,1,4,-1,2
7,-1,1735,1029,210,201,1,4,-1,0
8,-1,307,752,48,129,1,1,-1,1
8,-1,327,732,37,124,1,1,-1,2
8,-1,952,302,135,119,1,4,-1,2
8,-1,1657,981,338,324,1,4,-1,0
8,-1,299,662,54,183,1,1,-1,2
8,-1,1711,994,263,252,1,4,-1,0
8,-1,1626,969,358,343,1,4,-1,0
9,-1,306,752,49,129,1,1,-1,1
9,-1,344,751,52,128,1,1,-1,0
9,-1,952,315,135,119,1,4,-1,2
9,-1,1139,495,96,111,1,4,-1,0
9,-1,341,782,48,118,1,1,-1,0
9,-1,1586,914,452,434,1,4,-1,0
9,-1,1152,499,121,140,1,4,-1,0
10,-1,327,732,36,125,1,1,-1,2
10,-1,952,315,135,119,1,4,-1,0
10,-1,1156,493,68,76,1,4,-1,0
10,-1,1710,1042,163,156,1,4,-1,0
10,-1,333,720,35,123,1,1,-1,2
11,-1,306,752,48,128,1,1,-1,1
11,-1,1576,832,421,405,1,4,-1,0
11,-1,970,299,137,121,1,4,-1,0
11,-1,1115,519,88,97,1,4,-1,0
12,-1,326,732,36,125,1,1,-1,2
12,-1,343,751,52,128,1,1,-1,0
12,-1,952,315,135,119,1,4,-1,2
12,-1,339,752,25,87,1,1,-1,2
12,-1,1075,503,151,163,1,4,-1,0
12,-1,1155,554,69,74,1,4,-1,0
13,-1,326,732,36,125,1,1,-1,2
13,-1,343,751,52,128,1,1,-1,0
13,-1,952,315,135,119,1,4,-1,2
13,-1,1129,540,106,119,1,4,-1,0
13,-1,1606,882,286,273,1,4,-1,0
13,-1,1566,836,403,385,1,4,-1,0
13,-1,349,769,37,99,1,1,-1,1
13,-1,364,769,38,94,1,1,-1,0
14,-1,952,315,135,119,1,4,-1,0
14,-1,1126,552,110,128,1,4,-1,0
14,-1,290,739,60,157,1,1,-1,1
14,-1,294,737,41,109,1,1,-1,1
14,-1,1120,576,108,126,1,4,-1,0
15,-1,325,733,37,124,1,1,-1,2
15,-1,342,750,53,129,1,1,-1,0
15,-1,1588,851,267,253,1,4,-1,0
15,-1,973,335,117,103,1,4,-1,0
15,-1,980,327,106,94,1,4,-1,0
15,-1,1540,796,354,335,1,4,-1,0
16,-1,325,733,36,124,1,1,-1,2
16,-1,342,750,53,129,1,1,-1,0
16,-1,952,325,135,119,1,4,-1,0
16,-1,1094,277,86,65,1,6,-1,2
16,-1,1120,576,117,145,1,4,-1,0
16,-1,1578,835,258,243,1,4,-1,0
16,-1,289,752,51,136,1,1,-1,1
16,-1,355,769,40,99,1,1,-1,0
16,-1,1092,282,52,39,1,6,-1,2
16,-1,943,344,152,134,1,4,-1,0
17,-1,303,751,49,129,1,1,-1,1
17,-1,324,733,37,124,1,1,-1,2
17,-1,1094,277,86,66,1,6,-1,2
17,-1,1117,588,121,154,1,4,-1,0
17,-1,1569,819,248,233,1,4,-1,0
17,-1,308,791,30,78,1,1,-1,1
17,-1,924,303,201,177,1,4,-1,2
17,-1,924,257,177,156,1,4,-1,2
17,-1,301,759,47,123,1,1,-1,1
18,-1,303,751,48,128,1,1,-1,1
18,-1,1114,600,125,163,1,4,-1,0
18,-1,1560,804,239,223,1,4,-1,0
18,-1,341,700,73,178,1,1,-1,0
18,-1,1127,291,66,53,1,6,-1,2
18,-1,316,731,53,179,1,1,-1,2
18,-1,921,307,178,157,1,4,-1,2
19,-1,302,751,49,128,1,1,-1,1
19,-1,341,750,53,129,1,1,-1,0
19,-1,952,325,135,119,1,4,-1,0
19,-1,1094,277,86,70,1,6,-1,2
19,-1,1109,618,129,169,1,4,-1,0
19,-1,317,740,24,83,1,1,-1,2
19,-1,1096,287,54,44,1,6,-1,2
19,-1,343,785,30,74,1,1,-1,0
19,-1,1448,716,348,325,1,4,-1,0
20,-1,302,750,49,129,1,1,-1,1
20,-1,952,336,135,119,1,4,-1,0
20,-1,1094,277,86,72,1,6,-1,2
20,-1,1066,625,179,236,1,4,-1,0
20,-1,1122,302,65,55,1,6,-1,2
20,-1,952,352,103,91,1,4,-1,0
20,-1,1134,661,92,121,1,4,-1,0
21,-1,323,733,37,125,1,1,-1,2
21,-1,1099,656,137,181,1,4,-1,0
21,-1,1536,760,219,205,1,4,-1,0
21,-1,1077,277,67,58,1,6,-1,2
21,-1,326,778,20,69,1,1,-1,2
21,-1,1537,784,186,174,1,4,-1,0
21,-1,1549,763,220,206,1,4,-1,0
22,-1,301,750,49,129,1,1,-1,1
22,-1,340,750,53,129,1,1,-1,0
22,-1,952,336,135,119,1,4,-1,2
22,-1,1528,745,212,199,1,4,-1,0
22,-1,334,734,62,151,1,1,-1,0
22,-1,1103,265,70,62,1,6,-1,2
22,-1,313,742,49,129,1,1,-1,1
22,-1,1091,659,175,232,1,4,-1,0
23,-1,322,733,37,125,1,1,-1,2
23,-1,1520,730,205,193,1,4,-1,0
23,-1,1077,657,206,274,1,4,-1,0
23,-1,293,720,40,136,1,1,-1,2
23,-1,343,727,33,111,1,1,-1,2
23,-1,1091,233,121,110,1,6,-1,2
24,-1,300,750,49,129,1,1,-1,1
24,-1,952,336,135,119,1,4,-1,2
24,-1,1084,712,149,199,1,4,-1,0
24,-1,1094,277,86,80,1,6,-1,2
24,-1,346,755,38,92,1,1,-1,0
24,-1,320,747,22,73,1,1,-1,2
24,-1,298,740,38,99,1,1,-1,1
24,-1,977,343,90,79,1,4,-1,2
25,-1,340,750,53,129,1,1,-1,0
25,-1,1078,736,155,211,1,4,-1,0
25,-1,1507,706,194,179,1,4,-1,0
25,-1,1524,721,173,160,1,4,-1,0
25,-1,313,706,39,131,1,1,-1,2
25,-1,1080,703,194,264,1,4,-1,0
25,-1,349,808,34,91,1,1,-1,1
26,-1,322,734,37,125,1,1,-1,2
26,-1,952,365,135,119,1,4,-1,2
26,-1,1072,760,162,223,1,4,-1,0
26,-1,1094,277,86,84,1,6,-1,2
26,-1,1502,697,189,170,1,4,-1,0
26,-1,299,759,50,132,1,1,-1,1
26,-1,1485,685,240,216,1,4,-1,0
26,-1,320,770,26,89,1,1,-1,2
26,-1,328,717,49,167,1,1,-1,2
27,-1,340,750,51,129,1,1,-1,0
27,-1,952,365,135,119,1,4,-1,0
27,-1,1066,784,168,235,1,4,-1,0
27,-1,1094,277,86,86,1,6,-1,2
27,-1,956,372,112,98,1,4,-1,0
27,-1,394,752,27,69,1,1,-1,0
27,-1,1033,772,203,285,1,4,-1,0
27,-1,1503,680,187,164,1,4,-1,0
28,-1,301,750,49,129,1,1,-1,1
28,-1,340,750,50,129,1,1,-1,0
28,-1,1492,678,179,153,1,4,-1,0
28,-1,321,739,50,128,1,1,-1,0
28,-1,1034,819,190,268,1,4,-1,0
28,-1,1090,281,101,107,1,6,-1,2
28,-1,1067,323,49,52,1,6,-1,2
29,-1,320,729,37,125,1,1,-1,2
29,-1,340,750,49,129,1,1,-1,0
29,-1,1053,840,182,262,1,4,-1,0
29,-1,1086,277,94,104,1,6,-1,2
29,-1,1486,664,174,153,1,4,-1,0
29,-1,989,353,86,99,1,4,-1,0
29,-1,1034,812,233,335,1,4,-1,0
29,-1,342,740,70,185,1,1,-1,0
29,-1,300,708,63,166,1,1,-1,1
30,-1,302,750,49,129,1,1,-1,1
30,-1,320,728,37,125,1,1,-1,2
30,-1,340,750,47,129,1,1,-1,0
30,-1,1082,277,98,114,1,6,-1,2
30,-1,1085,277,104,121,1,6,-1,2
30,-1,333,780,26,68,1,1,-1,1
30,-1,365,753,51,139,1,1,-1,0
30,-1,1518,668,97,89,1,4,-1,0
31,-1,302,750,49,129,1,1,-1,1
31,-1,1078,277,102,123,1,6,-1,2
31,-1,1476,636,163,153,1,4,-1,0
31,-1,327,781,24,68,1,1,-1,0
31,-1,1009,416,55,59,1,4,-1,2
31,-1,986,433,110,118,1,4,-1,2
31,-1,283,723,67,177,1,1,-1,1
32,-1,303,750,49,129,1,1,-1,1
32,-1,319,725,37,125,1,1,-1,2
32,-1,984,392,111,116,1,4,-1,2
32,-1,1472,625,158,149,1,4,-1,0
32,-1,1447,601,175,165,1,4,-1,0
32,-1,327,744,34,96,1,1,-1,0
32,-1,1056,244,148,186,1,6,-1,2
32,-1,1000,891,255,390,1,4,-1,0
33,-1,303,750,49,129,1,1,-1,1
33,-1,319,724,37,125,1,1,-1,2
33,-1,340,749,45,129,1,1,-1,0
33,-1,1468,615,154,144,1,4,-1,0
33,-1,327,735,49,140,1,1,-1,0
33,-1,1056,1047,154,239,1,4,-1,0
33,-1,994,379,115,131,1,4,-1,0
33,-1,1447,634,175,163,1,4,-1,0
34,-1,340,749,45,129,1,1,-1,0
34,-1,975,406,107,119,1,4,-1,0
34,-1,1464,604,149,140,1,4,-1,0
34,-1,1006,450,78,87,1,4,-1,0
34,-1,1067,312,130,172,1,6,-1,2
34,-1,1452,622,139,130,1,4,-1,0
34,-1,275,727,71,188,1,1,-1,1
35,-1,318,721,37,125,1,1,-1,2
35,-1,969,413,117,119,1,4,-1,0
35,-1,990,1046,263,417,1,4,-1,0
35,-1,287,719,45,151,1,1,-1,2
35,-1,1046,1133,177,281,1,4,-1,0
35,-1,1478,594,130,121,1,4,-1,0
35,-1,957,386,118,120,1,4,-1,0
36,-1,305,750,49,129,1,1,-1,1
36,-1,318,720,37,125,1,1,-1,2
36,-1,340,749,46,129,1,1,-1,0
36,-1,963,422,120,119,1,4,-1,2
36,-1,988,1098,263,381,1,4,-1,0
36,-1,1058,277,122,170,1,6,-1,2
36,-1,968,424,153,152,1,4,-1,2
36,-1,348,778,27,75,1,1,-1,0
36,-1,970,1041,332,480,1,4,-1,0
36,-1,304,739,67,177,1,1,-1,1
37,-1,334,680,51,171,1,1,-1,2
37,-1,1432,585,162,151,1,4,-1,0
37,-1,308,734,58,149,1,1,-1,1
37,-1,1042,307,128,184,1,6,-1,2
38,-1,306,750,49,129,1,1,-1,1
38,-1,952,430,135,120,1,4,-1,1
38,-1,312,755,41,107,1,1,-1,1
38,-1,1440,544,176,163,1,4,-1,0
38,-1,291,746,40,106,1,1,-1,1
38,-1,948,1153,319,375,1,4,-1,0
39,-1,948,436,126,119,1,4,-1,1
39,-1,983,1268,263,243,1,4,-1,0
39,-1,1046,277,134,198,1,6,-1,2
39,-1,1440,559,139,131,1,4,-1,0
39,-1,1040,264,118,175,1,6,-1,2
39,-1,335,726,60,166,1,1,-1,0
39,-1,342,763,26,72,1,1,-1,0
39,-1,331,720,32,107,1,1,-1,2
40,-1,316,714,37,125,1,1,-1,2
40,-1,341,748,46,129,1,1,-1,0
40,-1,940,445,135,120,1,4,-1,1
40,-1,1441,551,133,127,1,4,-1,0
40,-1,1411,547,136,130,1,4,-1,0
40,-1,1446,538,149,142,1,4,-1,0
40,-1,1042,302,151,228,1,6,-1,2
41,-1,316,713,37,125,1,1,-1,2
41,-1,931,448,135,120,1,4,-1,1
41,-1,1038,277,142,217,1,6,-1,2
41,-1,1441,542,127,123,1,4,-1,0
41,-1,320,764,33,85,1,1,-1,1
41,-1,340,745,44,124,1,1,-1,0
41,-1,328,740,56,156,1,1,-1,0
42,-1,308,750,50,129,1,1,-1,1
42,-1,316,712,37,125,1,1,-1,2
42,-1,341,748,47,129,1,1,-1,0
42,-1,1034,277,146,227,1,6,-1,2
42,-1,1442,534,121,119,1,4,-1,0
42,-1,1444,539,123,121,1,4,-1,0
42,-1,335,706,48,161,1,1,-1,2
42,-1,324,703,43,145,1,1,-1,2
43,-1,308,750,50,129,1,1,-1,1
43,-1,315,710,37,125,1,1,-1,2
43,-1,341,748,47,129,1,1,-1,0
43,-1,916,466,135,120,1,4,-1,1
43,-1,1033,277,147,227,1,6,-1,2
43,-1,1453,544,78,76,1,4,-1,0
43,-1,874,457,190,169,1,4,-1,1
43,-1,1413,470,178,175,1,4,-1,0
44,-1,315,709,37,125,1,1,-1,2
44,-1,908,476,134,120,1,4,-1,0
44,-1,288,783,27,69,1,1,-1,1
44,-1,1411,529,138,136,1,4,-1,0
44,-1,326,778,32,83,1,1,-1,1
45,-1,1031,277,149,227,1,6,-1,2
45,-1,1416,512,121,119,1,4,-1,0
45,-1,860,466,200,179,1,4,-1,0
45,-1,364,743,32,88,1,1,-1,0
45,-1,931,486,122,109,1,4,-1,0
46,-1,310,750,50,129,1,1,-1,1
46,-1,314,706,37,125,1,1,-1,2
46,-1,902,482,134,121,1,4,-1,0
46,-1,1030,277,150,227,1,6,-1,2
46,-1,907,495,154,139,1,4,-1,0
46,-1,373,767,35,96,1,1,-1,0
46,-1,287,712,67,173,1,1,-1,1
47,-1,342,747,47,129,1,1,-1,0
47,-1,1414,494,113,111,1,4,-1,0
47,-1,1399,466,159,156,1,4,-1,0
47,-1,1027,274,176,265,1,6,-1,2
47,-1,896,485,144,130,1,4,-1,1
48,-1,342,747,47,129,1,1,-1,0
48,-1,1028,277,152,227,1,6,-1,2
48,-1,1414,486,109,107,1,4,-1,0
48,-1,307,702,60,154,1,1,-1,1
48,-1,332,782,36,98,1,1,-1,0
48,-1,916,541,98,88,1,4,-1,0
49,-1,311,750,51,129,1,1,-1,1
49,-1,342,747,48,129,1,1,-1,0
49,-1,881,502,138,123,1,4,-1,0
49,-1,1027,277,153,227,1,6,-1,2
49,-1,921,550,81,72,1,4,-1,0
49,-1,316,789,39,98,1,1,-1,1
49,-1,322,773,41,103,1,1,-1,1
50,-1,314,705,37,125,1,1,-1,2
50,-1,342,747,48,129,1,1,-1,0
50,-1,1026,277,154,227,1,6,-1,2
50,-1,1410,474,102,102,1,4,-1,0
50,-1,278,717,73,189,1,1,-1,1
50,-1,1374,427,153,153,1,4,-1,0
50,-1,1038,300,130,192,1,6,-1,2
51,-1,314,705,37,125,1,1,-1,2
51,-1,1025,277,155,227,1,6,-1,2
51,-1,1408,468,98,99,1,4,-1,0
51,-1,276,708,51,172,1,1,-1,2
51,-1,1071,315,105,153,1,6,-1,2
51,-1,303,681,47,159,1,1,-1,2
52,-1,313,750,50,129,1,1,-1,1
52,-1,314,706,37,125,1,1,-1,2
52,-1,343,747,48,128,1,1,-1,0
52,-1,1029,256,179,260,1,6,-1,2
52,-1,327,732,63,168,1,1,-1,0
52,-1,1394,454,112,114,1,4,-1,0
53,-1,315,706,37,125,1,1,-1,2
53,-1,1023,277,157,227,1,6,-1,2
53,-1,1055,311,112,162,1,6,-1,2
53,-1,347,723,68,181,1,1,-1,0
53,-1,1000,275,183,264,1,6,-1,2
54,-1,314,750,50,129,1,1,-1,1
54,-1,1022,277,158,227,1,6,-1,2
54,-1,363,710,58,154,1,1,-1,0
54,-1,873,576,110,101,1,4,-1,1
54,-1,1076,337,89,128,1,6,-1,2
55,-1,826,538,157,149,1,4,-1,1
55,-1,1021,277,159,227,1,6,-1,2
55,-1,346,737,24,81,1,1,-1,2
55,-1,342,760,39,103,1,1,-1,0
55,-1,1372,431,101,105,1,4,-1,1
56,-1,315,751,51,128,1,1,-1,1
56,-1,1399,436,82,87,1,4,-1,1
56,-1,300,679,52,177,1,1,-1,2
56,-1,318,727,47,159,1,1,-1,2
56,-1,1404,435,68,72,1,4,-1,1
57,-1,343,746,49,129,1,1,-1,0
57,-1,1019,277,161,227,1,6,-1,2
57,-1,1398,430,79,85,1,4,-1,1
57,-1,1027,264,190,268,1,6,-1,2
57,-1,1048,271,154,216,1,6,-1,2
57,-1,316,734,53,133,1,1,-1,1
58,-1,316,751,51,128,1,1,-1,1
58,-1,344,746,49,129,1,1,-1,0
58,-1,798,559,168,167,1,4,-1,0
58,-1,1391,420,80,88,1,4,-1,1
58,-1,367,701,35,118,1,1,-1,2
58,-1,351,749,45,113,1,1,-1,1
58,-1,329,712,47,159,1,1,-1,2
59,-1,344,746,49,128,1,1,-1,0
59,-1,789,568,173,171,1,4,-1,0
59,-1,1028,331,106,148,1,6,-1,2
59,-1,292,773,63,158,1,1,-1,1
59,-1,344,743,34,114,1,1,-1,2
60,-1,316,710,37,125,1,1,-1,2
60,-1,317,751,51,128,1,1,-1,1
60,-1,344,746,49,128,1,1,-1,0
60,-1,779,577,178,175,1,4,-1,0
60,-1,1379,401,82,95,1,4,-1,1
60,-1,352,777,45,119,1,1,-1,0
60,-1,326,783,32,81,1,1,-1,1
60,-1,1042,288,150,208,1,6,-1,2
61,-1,344,746,49,128,1,1,-1,0
61,-1,733,566,256,251,1,4,-1,0
61,-1,295,730,19,64,1,1,-1,2
61,-1,319,765,59,148,1,1,-1,1
62,-1,318,751,51,128,1,1,-1,1
62,-1,344,745,50,129,1,1,-1,0
62,-1,759,600,183,179,1,4,-1,0
62,-1,350,788,26,68,1,1,-1,0
62,-1,314,747,49,128,1,1,-1,0
62,-1,1389,410,65,72,1,4,-1,2
63,-1,317,711,37,125,1,1,-1,2
63,-1,318,751,52,128,1,1,-1,1
63,-1,1013,277,167,227,1,6,-1,2
63,-1,1376,402,79,82,1,4,-1,2
63,-1,1393,401,74,77,1,4,-1,2
63,-1,755,642,131,128,1,4,-1,0
63,-1,323,724,31,106,1,1,-1,2
64,-1,317,712,37,125,1,1,-1,2
64,-1,319,751,51,128,1,1,-1,1
64,-1,317,710,35,118,1,1,-1,2
64,-1,305,784,40,102,1,1,-1,1
64,-1,308,774,40,99,1,1,-1,1
65,-1,317,712,37,125,1,1,-1,2
65,-1,345,745,50,128,1,1,-1,0
65,-1,724,636,189,187,1,4,-1,0
65,-1,1011,277,169,227,1,6,-1,2
65,-1,327,712,73,179,1,1,-1,1
65,-1,972,242,236,316,1,6,-1,2
65,-1,1399,409,50,47,1,4,-1,2
66,-1,320,751,51,128,1,1,-1,1
66,-1,345,745,50,128,1,1,-1,0
66,-1,329,718,27,91,1,1,-1,2
66,-1,994,250,231,308,1,6,-1,2
66,-1,303,673,44,150,1,1,-1,2
67,-1,318,713,37,125,1,1,-1,2
67,-1,320,751,52,128,1,1,-1,1
67,-1,345,745,50,128,1,1,-1,0
67,-1,1009,277,171,227,1,6,-1,2
67,-1,304,764,48,118,1,1,-1,1
67,-1,317,704,34,114,1,1,-1,2
67,-1,1012,255,186,246,1,6,-1,2
68,-1,321,751,51,128,1,1,-1,1
68,-1,345,745,51,128,1,1,-1,0
68,-1,680,662,207,211,1,4,-1,0
68,-1,1008,277,172,227,1,6,-1,2
68,-1,1352,374,75,71,1,4,-1,2
68,-1,1049,329,105,139,1,6,-1,2
68,-1,1344,355,50,47,1,4,-1,2
68,-1,1311,373,94,89,1,4,-1,2
69,-1,321,751,52,128,1,1,-1,1
69,-1,1007,277,173,227,1,6,-1,2
69,-1,1351,371,72,68,1,4,-1,2
69,-1,1367,383,43,41,1,4,-1,2
69,-1,296,697,72,176,1,1,-1,1
69,-1,311,720,33,113,1,1,-1,2
70,-1,318,715,37,125,1,1,-1,2
70,-1,345,744,51,129,1,1,-1,0
70,-1,1003,277,173,233,1,6,-1,2
70,-1,1350,368,69,65,1,4,-1,2
70,-1,340,739,69,174,1,1,-1,0
70,-1,945,216,255,343,1,6,-1,2
70,-1,350,704,56,141,1,1,-1,0
71,-1,999,277,173,239,1,6,-1,2
71,-1,331,740,21,71,1,1,-1,2
71,-1,585,653,304,305,1,4,-1,0
71,-1,662,741,148,148,1,4,-1,0
72,-1,323,751,52,128,1,1,-1,1
72,-1,1008,253,186,263,1,6,-1,2
72,-1,346,768,45,110,1,1,-1,1
72,-1,986,279,159,226,1,6,-1,2
73,-1,319,716,37,125,1,1,-1,2
73,-1,323,751,52,128,1,1,-1,1
73,-1,346,744,51,128,1,1,-1,0
73,-1,590,716,251,249,1,4,-1,0
73,-1,614,736,191,190,1,4,-1,0
73,-1,1365,340,73,68,1,4,-1,2
73,-1,376,758,30,76,1,1,-1,0
74,-1,319,717,37,125,1,1,-1,2
74,-1,1345,355,61,57,1,4,-1,2
74,-1,525,712,309,312,1,4,-1,0
74,-1,605,747,197,199,1,4,-1,0
74,-1,316,715,69,169,1,1,-1,1
75,-1,320,718,37,125,1,1,-1,2
75,-1,1345,353,61,57,1,4,-1,2
75,-1,980,246,230,350,1,6,-1,2
75,-1,367,761,41,101,1,1,-1,0
75,-1,598,779,176,181,1,4,-1,0
76,-1,321,718,38,125,1,1,-1,2
76,-1,346,744,52,128,1,1,-1,0
76,-1,539,744,269,281,1,4,-1,0
76,-1,980,277,173,269,1,6,-1,2
76,-1,1344,350,61,57,1,4,-1,2
76,-1,1343,342,84,78,1,4,-1,2
76,-1,1348,374,45,42,1,4,-1,2
76,-1,966,236,197,306,1,6,-1,2
77,-1,323,718,38,125,1,1,-1,2
77,-1,325,751,53,128,1,1,-1,1
77,-1,346,743,52,129,1,1,-1,0
77,-1,976,277,173,275,1,6,-1,2
77,-1,1344,348,61,57,1,4,-1,2
77,-1,529,785,252,267,1,4,-1,0
77,-1,561,726,277,293,1,4,-1,0
77,-1,559,783,248,262,1,4,-1,0
78,-1,325,718,38,126,1,1,-1,2
78,-1,347,743,52,128,1,1,-1,0
78,-1,1342,343,61,57,1,4,-1,2
78,-1,1346,317,88,82,1,4,-1,2
78,-1,470,743,338,354,1,4,-1,0
78,-1,460,748,339,355,1,4,-1,0
79,-1,326,751,53,128,1,1,-1,1
79,-1,327,718,38,126,1,1,-1,2
79,-1,478,790,293,304,1,4,-1,0
79,-1,369,757,64,158,1,1,-1,0
79,-1,549,863,174,181,1,4,-1,0
79,-1,1352,357,39,37,1,4,-1,2
80,-1,329,719,38,125,1,1,-1,2
80,-1,456,808,302,310,1,4,-1,0
80,-1,351,700,73,179,1,1,-1,0
80,-1,348,736,46,114,1,1,-1,0
80,-1,494,847,246,252,1,4,-1,0
81,-1,347,743,53,128,1,1,-1,0
81,-1,958,280,180,295,1,6,-1,2
81,-1,1336,330,61,57,1,4,-1,2
81,-1,318,772,31,76,1,1,-1,1
81,-1,1334,346,46,43,1,4,-1,2
81,-1,324,728,25,84,1,1,-1,2
82,-1,333,719,38,126,1,1,-1,2
82,-1,409,845,325,323,1,4,-1,0
82,-1,951,284,187,296,1,6,-1,2
82,-1,1335,327,61,57,1,4,-1,2
82,-1,326,729,64,157,1,1,-1,1
82,-1,1327,347,36,33,1,4,-1,2
82,-1,1318,307,87,81,1,4,-1,2
83,-1,328,751,53,128,1,1,-1,1
83,-1,384,864,340,330,1,4,-1,0
83,-1,1334,325,61,57,1,4,-1,2
83,-1,343,718,76,183,1,1,-1,0
83,-1,885,209,281,431,1,6,-1,2
83,-1,348,759,35,84,1,1,-1,0
84,-1,329,752,53,128,1,1,-1,1
84,-1,337,720,39,126,1,1,-1,2
84,-1,359,883,354,336,1,4,-1,0
84,-1,1333,322,61,57,1,4,-1,2
84,-1,319,734,26,84,1,1,-1,2
84,-1,382,860,344,326,1,4,-1,0
84,-1,349,876,340,323,1,4,-1,0
85,-1,331,752,53,128,1,1,-1,1
85,-1,1332,320,61,57,1,4,-1,2
85,-1,932,344,148,213,1,6,-1,2
85,-1,1293,297,78,73,1,4,-1,2
85,-1,338,758,33,104,1,1,-1,2
86,-1,304,918,382,364,1,4,-1,0
86,-1,344,743,53,128,1,1,-1,0
86,-1,923,299,216,302,1,6,-1,2
86,-1,1330,316,61,57,1,4,-1,2
86,-1,334,795,34,81,1,1,-1,1
86,-1,346,658,60,189,1,1,-1,2
86,-1,1352,313,66,62,1,4,-1,2
87,-1,274,934,395,386,1,4,-1,0
87,-1,336,717,41,126,1,1,-1,2
87,-1,204,894,487,476,1,4,-1,0
87,-1,231,909,483,472,1,4,-1,0
87,-1,353,737,33,101,1,1,-1,2
88,-1,244,950,408,407,1,4,-1,0
88,-1,340,743,53,128,1,1,-1,0
88,-1,916,303,226,298,1,6,-1,2
88,-1,1332,298,83,77,1,4,-1,2
88,-1,1338,306,57,53,1,4,-1,2
89,-1,338,743,53,128,1,1,-1,0
89,-1,341,753,54,128,1,1,-1,1
89,-1,176,958,455,463,1,4,-1,0
89,-1,212,945,470,479,1,4,-1,0
89,-1,867,266,307,396,1,6,-1,2
90,-1,337,744,53,128,1,1,-1,2
90,-1,344,754,54,128,1,1,-1,1
90,-1,895,314,245,308,1,6,-1,2
90,-1,344,727,38,91,1,1,-1,2
90,-1,1334,320,46,43,1,4,-1,2
90,-1,1338,284,85,79,1,4,-1,2
91,-1,153,1012,447,441,1,4,-1,0
91,-1,336,713,43,126,1,1,-1,2
91,-1,337,743,53,129,1,1,-1,2
91,-1,345,753,54,128,1,1,-1,1
91,-1,1321,300,61,57,1,4,-1,2
91,-1,69,886,647,638,1,4,-1,0
91,-1,365,735,28,83,1,1,-1,2
91,-1,364,757,39,94,1,1,-1,1
92,-1,336,712,43,126,1,1,-1,2
92,-1,347,752,53,128,1,1,-1,1
92,-1,1318,298,61,57,1,4,-1,2
92,-1,1328,335,71,66,1,4,-1,2
92,-1,343,720,51,126,1,1,-1,2
92,-1,125,1048,482,469,1,4,-1,0
93,-1,336,711,44,126,1,1,-1,2
93,-1,338,743,53,129,1,1,-1,2
93,-1,348,751,53,128,1,1,-1,1
93,-1,1316,296,61,57,1,4,-1,2
93,-1,1319,303,56,52,1,4,-1,2
93,-1,1304,305,61,57,1,4,-1,2
93,-1,-19,949,671,643,1,4,-1,0
94,-1,336,710,44,126,1,1,-1,2
94,-1,339,743,52,129,1,1,-1,2
94,-1,350,750,52,128,1,1,-1,1
94,-1,375,751,55,137,1,1,-1,2
94,-1,899,368,187,223,1,6,-1,2
94,-1,1334,318,46,43,1,4,-1,2
95,-1,336,709,45,126,1,1,-1,2
95,-1,855,337,272,323,1,6,-1,2
95,-1,1320,284,61,57,1,4,-1,2
95,-1,919,407,169,201,1,6,-1,2
95,-1,338,766,50,123,1,1,-1,1
95,-1,354,733,67,166,1,1,-1,1
96,-1,336,708,45,126,1,1,-1,2
96,-1,846,343,276,326,1,6,-1,2
96,-1,356,756,37,92,1,1,-1,2
96,-1,309,684,59,164,1,1,-1,2
96,-1,321,718,67,167,1,1,-1,2
97,-1,29,1177,454,334,1,4,-1,0
97,-1,341,743,51,129,1,1,-1,2
97,-1,355,748,51,128,1,1,-1,1
97,-1,838,348,279,331,1,6,-1,2
97,-1,331,764,53,135,1,1,-1,2
97,-1,352,723,76,190,1,1,-1,1
97,-1,350,704,32,86,1,1,-1,2
98,-1,24,1213,436,298,1,4,-1,0
98,-1,328,722,59,152,1,1,-1,2
98,-1,357,726,66,165,1,1,-1,1
98,-1,812,302,347,410,1,6,-1,2
99,-1,336,706,46,125,1,1,-1,2
99,-1,342,742,51,130,1,1,-1,2
99,-1,821,359,287,338,1,6,-1,2
99,-1,1338,270,48,45,1,4,-1,2
99,-1,357,722,68,174,1,1,-1,1
99,-1,355,753,28,73,1,1,-1,2
100,-1,14,1284,399,227,1,4,-1,0
100,-1,293,701,39,103,1,1,-1,2
100,-1,396,742,47,119,1,1,-1,1
100,-1,5,1246,399,227,1,4,-1,0
101,-1,359,746,50,128,1,1,-1,1
101,-1,1314,277,60,50,1,4,-1,2
101,-1,38,1329,323,163,1,4,-1,0
101,-1,832,431,223,262,1,6,-1,2
101,-1,-68,1282,489,246,1,4,-1,0
102,-1,344,742,50,130,1,1,-1,2
102,-1,359,746,50,128,1,1,-1,1
102,-1,795,375,299,350,1,6,-1,2
102,-1,316,720,61,158,1,1,-1,2
102,-1,344,715,35,91,1,1,-1,2
102,-1,88,1377,232,99,1,4,-1,0
103,-1,336,702,48,125,1,1,-1,2
103,-1,787,380,303,354,1,6,-1,2
103,-1,1316,272,61,57,1,4,-1,2
103,-1,771,345,361,422,1,6,-1,2
103,-1,377,787,25,64,1,1,-1,1
103,-1,362,679,71,184,1,1,-1,2
104,-1,336,701,49,125,1,1,-1,2
104,-1,359,747,49,128,1,1,-1,1
104,-1,778,385,307,358,1,6,-1,2
104,-1,1305,280,60,44,1,4,-1,2
104,-1,368,693,54,147,1,1,-1,2
104,-1,1315,278,70,51,1,4,-1,2
104,-1,369,784,30,79,1,1,-1,1
105,-1,346,742,49,130,1,1,-1,2
105,-1,358,747,49,128,1,1,-1,1
105,-1,770,391,311,362,1,6,-1,1
105,-1,339,768,52,139,1,1,-1,2
105,-1,344,778,26,69,1,1,-1,2
105,-1,1340,281,44,26,1,4,-1,2
106,-1,347,742,48,130,1,1,-1,2
106,-1,358,747,49,128,1,1,-1,1
106,-1,1305,274,60,41,1,4,-1,2
106,-1,329,731,67,175,1,1,-1,1
106,-1,1309,299,67,46,1,4,-1,2
106,-1,1319,287,67,46,1,4,-1,2
107,-1,348,742,47,130,1,1,-1,2
107,-1,358,747,48,128,1,1,-1,1
107,-1,1302,276,60,38,1,4,-1,2
107,-1,1309,278,37,24,1,4,-1,2
107,-1,837,516,168,192,1,6,-1,1
107,-1,798,515,184,210,1,6,-1,1
108,-1,336,697,51,125,1,1,-1,2
108,-1,1309,301,31,16,1,4,-1,2
108,-1,365,735,41,111,1,1,-1,2
108,-1,332,724,58,154,1,1,-1,1
109,-1,349,741,47,131,1,1,-1,2
109,-1,716,415,346,388,1,6,-1,1
109,-1,1299,278,59,41,1,4,-1,2
109,-1,312,713,68,191,1,1,-1,2
109,-1,808,508,192,216,1,6,-1,1
109,-1,350,801,37,99,1,1,-1,1
110,-1,350,741,46,131,1,1,-1,2
110,-1,1299,278,59,38,1,4,-1,2
110,-1,793,471,209,234,1,6,-1,1
110,-1,1292,304,48,31,1,4,-1,2
110,-1,724,438,336,374,1,6,-1,1
111,-1,336,694,52,125,1,1,-1,2
111,-1,690,427,363,402,1,6,-1,1
111,-1,608,305,543,602,1,6,-1,1
111,-1,341,690,50,120,1,1,-1,2
111,-1,372,764,28,75,1,1,-1,1
112,-1,351,741,46,131,1,1,-1,2
112,-1,357,749,47,128,1,1,-1,1
112,-1,676,433,372,408,1,6,-1,1
112,-1,1293,277,60,29,1,4,-1,2
112,-1,354,756,36,99,1,1,-1,1
112,-1,1279,247,63,30,1,4,-1,2
112,-1,1269,295,65,31,1,4,-1,2
113,-1,352,741,45,131,1,1,-1,2
113,-1,663,439,380,415,1,6,-1,1
113,-1,1302,277,60,29,1,4,-1,2
113,-1,414,764,32,88,1,1,-1,1
113,-1,338,723,69,188,1,1,-1,1
113,-1,348,715,51,140,1,1,-1,1
114,-1,352,741,46,131,1,1,-1,2
114,-1,357,749,48,130,1,1,-1,1
114,-1,1299,274,60,32,1,4,-1,2
114,-1,336,759,48,138,1,1,-1,2
114,-1,552,356,567,615,1,6,-1,0
114,-1,320,697,60,144,1,1,-1,2
115,-1,336,697,51,125,1,1,-1,2
115,-1,357,749,49,131,1,1,-1,1
115,-1,636,461,389,422,1,6,-1,0
115,-1,1299,277,60,29,1,4,-1,2
115,-1,697,552,238,258,1,6,-1,0
115,-1,355,759,42,122,1,1,-1,2
115,-1,633,427,428,464,1,6,-1,0
116,-1,354,741,45,131,1,1,-1,2
116,-1,357,750,50,131,1,1,-1,1
116,-1,623,478,389,422,1,6,-1,0
116,-1,1302,276,50,29,1,4,-1,2
116,-1,583,449,469,509,1,6,-1,0
116,-1,367,713,38,95,1,1,-1,2
116,-1,331,739,52,151,1,1,-1,2
