1,29,1652,348,29,91,1,1,-1,-1
1,202,1320,327,37,109,1,1,-1,-1
1,338,794,330,41,119,1,1,-1,-1
2,29,1654,338,28,78,1,1,-1,-1
2,202,1318,329,37,109,1,1,-1,-1
2,338,792,330,41,119,1,1,-1,-1
3,29,1652,339,28,79,1,1,-1,-1
3,202,1316,331,38,109,1,1,-1,-1
3,338,774,334,51,143,1,1,-1,-1
4,29,1651,340,27,80,1,1,-1,-1
4,130,690,336,41,127,1,1,-1,-1
4,202,1314,333,38,109,1,1,-1,-1
4,338,788,330,42,119,1,1,-1,-1
5,29,1649,341,27,81,1,1,-1,-1
5,130,687,335,41,127,1,1,-1,-1
5,202,1312,335,39,109,1,1,-1,-1
5,203,1612,322,37,101,1,1,-1,-1
6,29,1648,343,26,82,1,1,-1,-1
6,130,684,334,41,127,1,1,-1,-1
6,203,1628,345,31,83,1,1,-1,-1
6,204,785,331,42,119,1,1,-1,-1
7,29,1647,343,26,82,1,1,-1,-1
7,30,916,203,166,557,1,1,-1,-1
7,130,681,334,41,127,1,1,-1,-1
7,203,1625,346,32,85,1,1,-1,-1
7,204,783,331,43,119,1,1,-1,-1
8,29,1646,343,26,82,1,1,-1,-1
8,30,892,145,179,629,1,1,-1,-1
8,130,679,334,41,127,1,1,-1,-1
8,203,1622,347,33,87,1,1,-1,-1
8,204,781,331,43,119,1,1,-1,-1
9,29,1646,343,26,82,1,1,-1,-1
9,30,885,145,183,632,1,1,-1,-1
9,31,1005,236,115,422,1,1,-1,-1
9,130,678,335,41,127,1,1,-1,-1
9,203,1620,348,33,89,1,1,-1,-1
9,204,779,331,44,119,1,1,-1,-1
10,29,1645,343,26,82,1,1,-1,-1
10,30,879,146,186,634,1,1,-1,-1
10,31,1004,236,115,422,1,1,-1,-1
10,204,777,331,44,119,1,1,-1,-1
11,30,873,147,190,636,1,1,-1,-1
11,31,1002,237,115,422,1,1,-1,-1
11,131,861,262,88,307,1,1,-1,-1
12,30,867,147,193,639,1,1,-1,-1
12,31,1001,237,115,422,1,1,-1,-1
12,131,862,262,88,307,1,1,-1,-1
12,205,1783,354,38,106,1,1,-1,-1
13,30,874,163,192,626,1,1,-1,-1
13,31,1000,238,115,422,1,1,-1,-1
13,85,775,333,45,119,1,1,-1,-1
13,131,863,263,89,307,1,1,-1,-1
13,205,1786,351,38,106,1,1,-1,-1
14,8,670,340,41,128,1,1,-1,-1
14,30,855,149,200,643,1,1,-1,-1
14,31,992,203,138,506,1,1,-1,-1
14,85,775,333,45,119,1,1,-1,-1
14,131,865,263,88,308,1,1,-1,-1
14,205,1789,348,38,106,1,1,-1,-1
15,8,668,341,40,130,1,1,-1,-1
15,30,849,150,204,645,1,1,-1,-1
15,31,1000,239,115,422,1,1,-1,-1
15,85,775,334,45,119,1,1,-1,-1
15,131,866,264,89,307,1,1,-1,-1
15,205,1791,349,38,106,1,1,-1,-1
16,8,665,342,41,131,1,1,-1,-1
16,30,844,153,206,651,1,1,-1,-1
16,31,1000,240,115,422,1,1,-1,-1
16,85,775,335,46,119,1,1,-1,-1
16,131,867,264,89,308,1,1,-1,-1
16,205,1794,350,38,106,1,1,-1,-1
17,8,663,343,40,133,1,1,-1,-1
17,31,1001,241,115,422,1,1,-1,-1
17,85,776,338,47,119,1,1,-1,-1
18,8,661,344,40,135,1,1,-1,-1
18,31,1001,242,115,422,1,1,-1,-1
18,85,778,342,47,119,1,1,-1,-1
19,8,666,348,43,134,1,1,-1,-1
19,85,780,346,47,118,1,1,-1,-1
19,132,470,234,137,418,1,1,-1,-1
20,8,681,353,45,130,1,1,-1,-1
20,132,484,271,126,380,1,1,-1,-1
21,8,676,357,49,132,1,1,-1,-1
21,132,491,275,128,385,1,1,-1,-1
22,8,689,358,48,132,1,1,-1,-1
22,132,498,280,131,390,1,1,-1,-1
22,206,323,288,144,390,1,1,-1,-1
23,8,703,359,46,133,1,1,-1,-1
23,132,505,285,134,395,1,1,-1,-1
23,206,334,291,144,395,1,1,-1,-1
24,8,717,360,44,133,1,1,-1,-1
24,63,858,173,219,667,1,1,-1,-1
24,132,515,287,134,398,1,1,-1,-1
24,206,346,293,144,396,1,1,-1,-1
25,8,731,361,42,134,1,1,-1,-1
25,63,862,175,221,668,1,1,-1,-1
25,206,358,295,144,398,1,1,-1,-1
26,63,866,177,222,669,1,1,-1,-1
26,206,370,297,144,400,1,1,-1,-1
27,63,870,179,224,669,1,1,-1,-1
28,63,874,181,225,670,1,1,-1,-1
28,133,762,372,40,135,1,1,-1,-1
29,63,878,183,227,671,1,1,-1,-1
29,133,770,377,40,135,1,1,-1,-1
30,63,882,185,229,672,1,1,-1,-1
30,86,569,300,135,417,1,1,-1,-1
30,133,779,383,40,135,1,1,-1,-1
31,63,886,192,228,673,1,1,-1,-1
31,86,573,303,136,421,1,1,-1,-1
31,133,784,388,40,135,1,1,-1,-1
32,46,1416,392,31,100,1,1,-1,-1
32,86,576,306,137,425,1,1,-1,-1
32,133,790,393,40,135,1,1,-1,-1
33,46,1400,388,39,112,1,1,-1,-1
33,86,580,309,138,429,1,1,-1,-1
33,133,796,398,40,135,1,1,-1,-1
33,134,840,382,50,147,1,1,-1,-1
33,135,1786,393,36,93,1,1,-1,-1
34,46,1404,394,39,112,1,1,-1,-1
34,86,584,312,139,433,1,1,-1,-1
34,134,847,388,50,147,1,1,-1,-1
34,135,1793,400,38,91,1,1,-1,-1
35,46,1423,409,31,101,1,1,-1,-1
35,86,584,318,139,438,1,1,-1,-1
35,134,848,393,51,147,1,1,-1,-1
35,135,1801,406,39,89,1,1,-1,-1
36,46,1406,406,40,112,1,1,-1,-1
36,86,584,324,139,443,1,1,-1,-1
36,134,849,399,53,147,1,1,-1,-1
36,135,1809,413,40,87,1,1,-1,-1
37,46,1408,412,40,112,1,1,-1,-1
37,64,385,340,149,451,1,1,-1,-1
37,134,850,405,54,146,1,1,-1,-1
37,135,1812,420,40,88,1,1,-1,-1
38,46,1409,418,40,113,1,1,-1,-1
38,64,380,345,150,455,1,1,-1,-1
38,134,851,411,56,146,1,1,-1,-1
38,135,1815,427,41,90,1,1,-1,-1
39,46,1411,424,40,113,1,1,-1,-1
39,64,374,349,152,459,1,1,-1,-1
39,207,1843,436,27,87,1,1,-1,-1
40,46,1413,401,43,119,1,1,-1,-1
40,64,368,354,154,463,1,1,-1,-1
40,207,1821,441,42,94,1,1,-1,-1
40,208,586,349,138,464,1,1,-1,-1
40,209,1555,413,46,136,1,1,-1,-1
41,64,363,359,155,467,1,1,-1,-1
41,87,852,426,55,151,1,1,-1,-1
41,207,1824,448,43,96,1,1,-1,-1
41,208,587,356,138,469,1,1,-1,-1
41,209,1558,420,46,136,1,1,-1,-1
42,64,348,362,164,476,1,1,-1,-1
42,87,853,432,55,152,1,1,-1,-1
42,207,1820,453,42,96,1,1,-1,-1
42,208,579,357,140,478,1,1,-1,-1
42,209,1556,426,46,136,1,1,-1,-1
43,64,333,365,173,485,1,1,-1,-1
43,87,850,436,55,152,1,1,-1,-1
43,207,1816,458,42,96,1,1,-1,-1
43,208,572,358,142,487,1,1,-1,-1
43,209,1554,432,46,136,1,1,-1,-1
44,64,319,369,181,494,1,1,-1,-1
44,87,847,440,55,152,1,1,-1,-1
44,208,565,359,143,496,1,1,-1,-1
44,209,1552,438,46,136,1,1,-1,-1
44,210,1399,453,41,113,1,1,-1,-1
45,87,845,445,55,152,1,1,-1,-1
45,210,1395,458,41,114,1,1,-1,-1
46,87,839,451,55,152,1,1,-1,-1
46,210,1390,464,41,113,1,1,-1,-1
47,87,834,458,55,152,1,1,-1,-1
47,210,1406,474,31,105,1,1,-1,-1
48,210,1401,480,31,104,1,1,-1,-1
49,47,1096,395,161,443,1,1,-1,-1
49,211,860,514,41,114,1,1,-1,-1
50,47,1090,399,161,443,1,1,-1,-1
50,211,869,491,40,112,1,1,-1,-1
51,47,1085,404,161,443,1,1,-1,-1
51,211,865,494,41,114,1,1,-1,-1
52,47,1080,409,161,443,1,1,-1,-1
52,211,862,498,41,115,1,1,-1,-1
53,47,1078,410,161,443,1,1,-1,-1
53,211,862,503,46,128,1,1,-1,-1
54,47,1076,411,161,443,1,1,-1,-1
55,47,1075,412,161,443,1,1,-1,-1
56,47,1073,413,161,443,1,1,-1,-1
56,212,155,421,235,586,1,1,-1,-1
57,47,1072,414,161,443,1,1,-1,-1
57,212,144,421,240,593,1,1,-1,-1
58,136,1420,860,27,52,1,1,-1,-1
58,212,133,421,245,600,1,1,-1,-1
59,136,1420,860,27,52,1,1,-1,-1
59,212,124,418,244,617,1,1,-1,-1
60,136,1422,857,27,52,1,1,-1,-1
60,137,1067,415,170,446,1,1,-1,-1
60,212,115,416,243,634,1,1,-1,-1
61,136,1425,855,27,52,1,1,-1,-1
61,137,1066,416,173,447,1,1,-1,-1
62,136,1428,853,27,52,1,1,-1,-1
62,137,1065,417,176,448,1,1,-1,-1
62,213,1359,507,32,107,1,1,-1,-1
63,136,1431,851,26,52,1,1,-1,-1
63,137,1069,416,180,448,1,1,-1,-1
63,213,1361,504,32,107,1,1,-1,-1
63,214,741,514,53,141,1,1,-1,-1
64,137,1074,415,183,448,1,1,-1,-1
64,138,1336,497,41,114,1,1,-1,-1
64,213,1363,501,32,107,1,1,-1,-1
64,214,744,511,52,141,1,1,-1,-1
65,137,1079,414,186,448,1,1,-1,-1
65,138,1337,493,41,114,1,1,-1,-1
65,213,1365,498,32,107,1,1,-1,-1
65,214,770,518,42,115,1,1,-1,-1
66,88,1798,484,40,96,1,1,-1,-1
66,138,1339,490,41,114,1,1,-1,-1
66,213,1367,495,32,108,1,1,-1,-1
66,214,749,505,52,143,1,1,-1,-1
66,215,1826,481,34,106,1,1,-1,-1
67,88,1803,482,39,95,1,1,-1,-1
67,138,1341,487,41,114,1,1,-1,-1
67,214,750,501,52,143,1,1,-1,-1
67,215,1831,478,35,106,1,1,-1,-1
68,88,1807,479,40,95,1,1,-1,-1
68,138,1342,483,42,115,1,1,-1,-1
68,215,1837,476,36,106,1,1,-1,-1
69,32,1373,486,32,108,1,1,-1,-1
69,88,1812,477,39,95,1,1,-1,-1
69,138,1344,480,42,115,1,1,-1,-1
69,215,1840,471,36,107,1,1,-1,-1
70,32,1367,495,36,100,1,1,-1,-1
70,88,1817,474,39,95,1,1,-1,-1
70,215,1844,467,36,107,1,1,-1,-1
70,216,754,491,52,143,1,1,-1,-1
71,32,1348,474,42,115,1,1,-1,-1
71,88,1822,472,39,95,1,1,-1,-1
71,216,756,488,52,143,1,1,-1,-1
72,32,1346,472,42,115,1,1,-1,-1
72,88,1821,471,39,95,1,1,-1,-1
72,216,755,486,52,143,1,1,-1,-1
73,32,1345,470,42,115,1,1,-1,-1
73,216,754,484,52,143,1,1,-1,-1
74,32,1368,475,33,108,1,1,-1,-1
74,216,754,483,52,143,1,1,-1,-1
75,32,1366,473,32,109,1,1,-1,-1
76,32,1363,471,33,109,1,1,-1,-1
76,89,842,297,219,669,1,1,-1,-1
76,217,1011,400,93,321,1,1,-1,-1
77,32,1360,469,33,109,1,1,-1,-1
77,65,1103,368,175,452,1,1,-1,-1
77,89,841,297,216,668,1,1,-1,-1
77,217,1007,397,93,321,1,1,-1,-1
78,32,1358,467,32,110,1,1,-1,-1
78,65,1102,369,172,452,1,1,-1,-1
78,89,841,298,213,667,1,1,-1,-1
78,139,1564,438,46,136,1,1,-1,-1
78,217,1003,394,93,321,1,1,-1,-1
79,65,1101,370,169,452,1,1,-1,-1
79,89,840,298,211,666,1,1,-1,-1
79,139,1562,437,46,136,1,1,-1,-1
79,217,999,391,93,322,1,1,-1,-1
80,65,1100,371,167,452,1,1,-1,-1
80,89,840,299,208,665,1,1,-1,-1
80,90,1820,463,37,95,1,1,-1,-1
80,139,1560,435,46,136,1,1,-1,-1
80,217,995,388,93,322,1,1,-1,-1
81,65,1094,367,167,455,1,1,-1,-1
81,89,830,295,209,665,1,1,-1,-1
81,90,1813,468,40,118,1,1,-1,-1
81,139,1558,434,46,136,1,1,-1,-1
81,218,731,459,59,154,1,1,-1,-1
82,65,1088,363,167,458,1,1,-1,-1
82,89,820,291,211,665,1,1,-1,-1
82,90,1813,458,37,95,1,1,-1,-1
82,91,288,248,282,944,1,1,-1,-1
82,139,1552,430,46,136,1,1,-1,-1
82,218,727,455,60,157,1,1,-1,-1
83,65,1082,360,167,460,1,1,-1,-1
83,90,1807,454,37,95,1,1,-1,-1
83,91,268,237,285,968,1,1,-1,-1
83,139,1546,427,46,136,1,1,-1,-1
83,218,719,452,60,157,1,1,-1,-1
84,65,1076,356,167,463,1,1,-1,-1
84,90,1801,451,37,95,1,1,-1,-1
84,91,241,224,295,981,1,1,-1,-1
84,218,711,450,60,157,1,1,-1,-1
85,48,1295,441,43,116,1,1,-1,-1
85,90,1795,447,36,95,1,1,-1,-1
85,91,215,211,305,994,1,1,-1,-1
85,92,1534,421,46,136,1,1,-1,-1
85,140,484,408,86,306,1,1,-1,-1
85,218,703,448,60,157,1,1,-1,-1
86,48,1287,438,43,116,1,1,-1,-1
86,90,1807,437,36,106,1,1,-1,-1
86,91,188,198,316,1007,1,1,-1,-1
86,92,1528,417,46,136,1,1,-1,-1
86,140,474,405,87,308,1,1,-1,-1
87,48,1279,435,43,116,1,1,-1,-1
87,91,162,186,326,1020,1,1,-1,-1
87,92,1522,414,46,136,1,1,-1,-1
87,140,465,403,88,310,1,1,-1,-1
88,48,1271,431,43,117,1,1,-1,-1
88,91,135,175,337,1056,1,1,-1,-1
88,92,1516,411,46,136,1,1,-1,-1
88,140,457,398,89,312,1,1,-1,-1
88,219,1777,436,35,95,1,1,-1,-1
89,48,1263,428,43,117,1,1,-1,-1
89,66,674,434,60,157,1,1,-1,-1
89,92,1510,408,46,136,1,1,-1,-1
89,140,449,394,90,314,1,1,-1,-1
89,219,1771,433,35,95,1,1,-1,-1
90,48,1255,425,43,117,1,1,-1,-1
90,66,667,430,60,157,1,1,-1,-1
90,92,1505,405,46,136,1,1,-1,-1
90,140,441,390,91,316,1,1,-1,-1
90,141,1035,332,169,464,1,1,-1,-1
90,219,1765,429,35,95,1,1,-1,-1
91,48,1277,428,34,110,1,1,-1,-1
91,66,660,428,60,157,1,1,-1,-1
91,67,946,392,87,229,1,1,-1,-1
91,92,1501,399,46,136,1,1,-1,-1
91,141,1029,326,173,462,1,1,-1,-1
91,219,1780,420,36,99,1,1,-1,-1
92,48,1272,426,34,110,1,1,-1,-1
92,66,654,426,60,157,1,1,-1,-1
92,67,943,389,87,229,1,1,-1,-1
92,141,1023,320,176,460,1,1,-1,-1
92,219,1776,417,35,96,1,1,-1,-1
93,48,1267,424,34,111,1,1,-1,-1
93,66,648,424,60,157,1,1,-1,-1
93,67,941,387,87,229,1,1,-1,-1
93,141,1018,315,179,457,1,1,-1,-1
94,13,410,374,96,323,1,1,-1,-1
94,66,642,422,60,157,1,1,-1,-1
94,67,948,350,105,279,1,1,-1,-1
94,141,1014,315,180,457,1,1,-1,-1
94,142,1233,414,43,118,1,1,-1,-1
95,13,399,324,118,393,1,1,-1,-1
95,66,636,420,60,157,1,1,-1,-1
95,67,911,340,95,327,1,1,-1,-1
95,141,1010,315,181,457,1,1,-1,-1
95,142,1231,413,44,118,1,1,-1,-1
95,143,720,254,221,671,1,1,-1,-1
96,13,400,374,98,326,1,1,-1,-1
96,66,635,419,60,157,1,1,-1,-1
96,67,909,340,94,327,1,1,-1,-1
96,142,1254,420,34,110,1,1,-1,-1
96,143,715,253,221,672,1,1,-1,-1
96,220,1490,387,46,136,1,1,-1,-1
97,13,395,374,99,328,1,1,-1,-1
97,67,907,341,94,327,1,1,-1,-1
97,142,1229,411,44,119,1,1,-1,-1
97,143,711,252,220,672,1,1,-1,-1
97,220,1489,386,46,136,1,1,-1,-1
98,13,390,374,100,330,1,1,-1,-1
98,67,905,341,94,328,1,1,-1,-1
98,93,1351,769,25,51,1,1,-1,-1
98,142,1245,417,34,111,1,1,-1,-1
98,143,706,251,220,673,1,1,-1,-1
98,220,1488,386,46,136,1,1,-1,-1
99,13,390,372,99,332,1,1,-1,-1
99,93,1356,768,25,51,1,1,-1,-1
99,142,1257,417,35,115,1,1,-1,-1
99,143,701,250,220,673,1,1,-1,-1
99,220,1479,378,54,158,1,1,-1,-1
100,13,390,370,99,334,1,1,-1,-1
100,93,1362,767,25,51,1,1,-1,-1
100,143,697,249,220,674,1,1,-1,-1
100,220,1497,384,46,136,1,1,-1,-1
101,13,390,369,99,335,1,1,-1,-1
101,93,1368,766,25,51,1,1,-1,-1
102,13,390,367,99,337,1,1,-1,-1
102,68,715,382,71,196,1,1,-1,-1
102,93,1374,765,25,51,1,1,-1,-1
103,13,390,366,99,338,1,1,-1,-1
103,68,720,379,70,197,1,1,-1,-1
103,93,1380,764,25,51,1,1,-1,-1
104,13,398,364,98,342,1,1,-1,-1
104,14,1533,377,46,136,1,1,-1,-1
104,68,724,377,70,197,1,1,-1,-1
104,93,1386,763,25,51,1,1,-1,-1
104,94,1257,377,52,139,1,1,-1,-1
104,221,1807,395,35,92,1,1,-1,-1
105,14,1543,374,46,136,1,1,-1,-1
105,68,729,375,69,198,1,1,-1,-1
105,94,1278,401,35,112,1,1,-1,-1
105,221,1817,394,35,92,1,1,-1,-1
106,14,1554,372,46,136,1,1,-1,-1
106,68,715,403,63,177,1,1,-1,-1
106,94,1284,400,35,112,1,1,-1,-1
106,221,1828,393,35,92,1,1,-1,-1
107,14,1564,370,46,136,1,1,-1,-1
107,68,736,374,70,196,1,1,-1,-1
107,94,1262,399,44,118,1,1,-1,-1
107,221,1839,392,35,92,1,1,-1,-1
108,14,1575,368,46,136,1,1,-1,-1
108,68,740,373,70,196,1,1,-1,-1
108,94,1267,398,44,118,1,1,-1,-1
108,221,1850,391,35,92,1,1,-1,-1
109,14,1580,367,46,136,1,1,-1,-1
109,68,744,373,71,195,1,1,-1,-1
109,94,1271,397,45,118,1,1,-1,-1
109,222,428,357,99,356,1,1,-1,-1
109,223,953,330,95,332,1,1,-1,-1
110,14,1586,366,46,136,1,1,-1,-1
110,94,1276,395,44,119,1,1,-1,-1
110,222,427,354,100,359,1,1,-1,-1
110,223,957,329,96,332,1,1,-1,-1
111,14,1592,365,46,136,1,1,-1,-1
111,222,426,351,101,362,1,1,-1,-1
111,223,961,327,96,333,1,1,-1,-1
112,14,1597,364,46,136,1,1,-1,-1
112,222,424,348,103,365,1,1,-1,-1
112,223,965,326,96,333,1,1,-1,-1
113,14,1603,363,46,136,1,1,-1,-1
113,49,1095,290,185,474,1,1,-1,-1
113,222,423,345,104,368,1,1,-1,-1
113,223,969,324,96,334,1,1,-1,-1
114,14,1603,393,38,112,1,1,-1,-1
114,49,1099,286,184,475,1,1,-1,-1
115,49,1103,283,184,476,1,1,-1,-1
115,224,401,319,128,449,1,1,-1,-1
115,225,763,366,72,193,1,1,-1,-1
116,49,1104,286,184,476,1,1,-1,-1
116,224,419,336,108,377,1,1,-1,-1
116,225,766,365,72,193,1,1,-1,-1
117,49,1105,289,184,476,1,1,-1,-1
117,224,418,334,109,379,1,1,-1,-1
117,225,764,365,72,195,1,1,-1,-1
117,226,1619,362,50,136,1,1,-1,-1
118,49,1107,292,184,476,1,1,-1,-1
118,224,410,333,111,383,1,1,-1,-1
118,225,762,365,72,197,1,1,-1,-1
118,226,1622,362,51,136,1,1,-1,-1
118,227,1023,357,81,228,1,1,-1,-1
119,49,1106,294,184,476,1,1,-1,-1
119,224,402,333,114,387,1,1,-1,-1
119,225,761,365,71,200,1,1,-1,-1
119,226,1624,362,53,136,1,1,-1,-1
119,227,1014,363,68,193,1,1,-1,-1
120,49,1105,296,184,476,1,1,-1,-1
120,226,1626,362,55,136,1,1,-1,-1
120,227,1020,359,80,228,1,1,-1,-1
121,49,1104,299,184,476,1,1,-1,-1
121,226,1629,363,57,135,1,1,-1,-1
121,227,1006,347,92,265,1,1,-1,-1
122,227,1017,360,80,228,1,1,-1,-1
124,95,1014,362,79,228,1,1,-1,-1
125,95,1013,363,78,228,1,1,-1,-1
125,228,1277,394,46,120,1,1,-1,-1
125,229,354,331,129,412,1,1,-1,-1
126,95,988,372,80,235,1,1,-1,-1
126,228,1274,394,46,121,1,1,-1,-1
126,229,346,331,132,416,1,1,-1,-1
127,95,1010,364,78,228,1,1,-1,-1
127,228,1271,394,46,121,1,1,-1,-1
127,229,338,330,134,421,1,1,-1,-1
128,95,1008,365,78,228,1,1,-1,-1
128,144,1432,783,21,45,1,1,-1,-1
128,228,1268,395,46,121,1,1,-1,-1
128,229,330,330,137,425,1,1,-1,-1
129,95,1007,366,77,228,1,1,-1,-1
129,144,1433,761,25,54,1,1,-1,-1
129,228,1265,395,46,121,1,1,-1,-1
129,229,306,296,170,520,1,1,-1,-1
130,95,1005,367,77,228,1,1,-1,-1
130,144,1432,762,25,54,1,1,-1,-1
131,144,1431,762,26,55,1,1,-1,-1
132,144,1431,763,26,55,1,1,-1,-1
133,144,1431,763,26,56,1,1,-1,-1
135,230,653,393,75,202,1,1,-1,-1
136,230,653,393,78,205,1,1,-1,-1
136,231,1253,397,46,122,1,1,-1,-1
137,230,653,394,81,207,1,1,-1,-1
137,231,1279,400,37,116,1,1,-1,-1
138,230,653,395,84,209,1,1,-1,-1
138,231,1281,400,37,116,1,1,-1,-1
139,15,737,367,77,230,1,1,-1,-1
139,230,653,396,87,211,1,1,-1,-1
139,231,1282,400,37,116,1,1,-1,-1
139,232,909,401,57,158,1,1,-1,-1
140,15,739,367,78,230,1,1,-1,-1
140,231,1284,400,37,116,1,1,-1,-1
140,232,912,401,57,160,1,1,-1,-1
141,15,740,367,80,231,1,1,-1,-1
141,232,933,406,60,169,1,1,-1,-1
142,15,741,367,82,232,1,1,-1,-1
142,232,918,403,57,161,1,1,-1,-1
143,15,743,367,83,232,1,1,-1,-1
143,69,1463,766,26,55,1,1,-1,-1
143,232,924,402,56,161,1,1,-1,-1
144,15,754,342,96,262,1,1,-1,-1
144,69,1469,767,26,55,1,1,-1,-1
145,15,746,367,86,233,1,1,-1,-1
145,69,1472,768,26,55,1,1,-1,-1
146,15,747,367,88,234,1,1,-1,-1
146,69,1475,763,24,51,1,1,-1,-1
147,15,749,367,89,235,1,1,-1,-1
147,69,1480,771,26,56,1,1,-1,-1
148,15,749,368,89,235,1,1,-1,-1
148,69,1484,773,26,56,1,1,-1,-1
148,96,951,331,100,345,1,1,-1,-1
149,15,749,369,89,235,1,1,-1,-1
149,69,1488,775,26,56,1,1,-1,-1
149,96,954,331,100,346,1,1,-1,-1
149,97,1044,383,82,226,1,1,-1,-1
149,145,673,401,82,218,1,1,-1,-1
150,69,1490,777,26,56,1,1,-1,-1
150,96,956,332,101,346,1,1,-1,-1
150,97,1046,384,82,226,1,1,-1,-1
150,145,674,402,83,220,1,1,-1,-1
151,96,959,333,100,346,1,1,-1,-1
151,97,1048,385,83,226,1,1,-1,-1
151,145,675,404,83,221,1,1,-1,-1
152,96,961,333,101,347,1,1,-1,-1
152,97,1051,386,83,226,1,1,-1,-1
152,145,677,406,83,223,1,1,-1,-1
153,96,964,334,100,347,1,1,-1,-1
153,97,1049,386,83,226,1,1,-1,-1
153,145,675,405,85,224,1,1,-1,-1
154,96,966,335,101,347,1,1,-1,-1
154,97,1047,386,83,226,1,1,-1,-1
154,145,674,404,86,226,1,1,-1,-1
155,97,1045,387,83,226,1,1,-1,-1
156,146,670,398,90,229,1,1,-1,-1
157,146,666,401,90,230,1,1,-1,-1
157,147,753,365,88,270,1,1,-1,-1
157,233,1041,388,83,226,1,1,-1,-1
157,234,1714,380,57,136,1,1,-1,-1
158,33,157,295,207,636,1,1,-1,-1
158,146,662,401,89,231,1,1,-1,-1
158,147,749,365,88,271,1,1,-1,-1
158,233,1039,388,83,226,1,1,-1,-1
158,234,1714,380,53,136,1,1,-1,-1
159,33,145,292,211,647,1,1,-1,-1
159,146,657,401,89,231,1,1,-1,-1
159,147,745,365,87,272,1,1,-1,-1
159,233,1037,389,83,226,1,1,-1,-1
159,234,1713,380,50,136,1,1,-1,-1
160,33,132,289,215,658,1,1,-1,-1
160,146,653,401,89,232,1,1,-1,-1
160,147,741,365,87,273,1,1,-1,-1
160,233,1035,389,83,226,1,1,-1,-1
160,234,1713,380,46,136,1,1,-1,-1
161,33,120,287,219,668,1,1,-1,-1
161,146,644,399,93,235,1,1,-1,-1
161,147,733,365,87,273,1,1,-1,-1
161,233,1033,390,83,226,1,1,-1,-1
161,234,1707,379,49,135,1,1,-1,-1
162,33,102,284,225,682,1,1,-1,-1
162,147,726,366,87,273,1,1,-1,-1
162,235,1120,307,189,512,1,1,-1,-1
163,33,85,281,230,697,1,1,-1,-1
163,235,1113,304,192,512,1,1,-1,-1
164,33,67,278,236,711,1,1,-1,-1
164,235,1132,309,198,520,1,1,-1,-1
165,33,50,275,241,726,1,1,-1,-1
165,235,1099,298,198,513,1,1,-1,-1
166,33,33,273,246,740,1,1,-1,-1
166,148,918,333,103,353,1,1,-1,-1
166,235,1092,295,201,514,1,1,-1,-1
167,33,23,268,244,750,1,1,-1,-1
167,148,916,333,103,353,1,1,-1,-1
168,98,762,250,200,622,1,1,-1,-1
168,148,914,333,103,353,1,1,-1,-1
169,98,762,249,198,622,1,1,-1,-1
169,148,912,333,103,353,1,1,-1,-1
169,149,5,225,250,799,1,1,-1,-1
170,50,674,353,109,292,1,1,-1,-1
170,98,763,249,196,621,1,1,-1,-1
170,148,910,333,103,354,1,1,-1,-1
170,149,-10,253,243,782,1,1,-1,-1
171,50,674,350,109,294,1,1,-1,-1
171,98,764,250,196,620,1,1,-1,-1
171,148,907,332,104,355,1,1,-1,-1
171,149,-24,248,246,794,1,1,-1,-1
171,236,1681,368,47,171,1,1,-1,-1
172,50,674,347,109,297,1,1,-1,-1
172,98,765,252,196,619,1,1,-1,-1
172,149,-38,243,249,806,1,1,-1,-1
172,150,981,408,37,127,1,1,-1,-1
172,236,1683,367,45,175,1,1,-1,-1
173,50,668,346,114,299,1,1,-1,-1
173,98,766,253,196,619,1,1,-1,-1
173,149,-52,238,252,818,1,1,-1,-1
173,150,980,408,37,127,1,1,-1,-1
173,236,1681,366,49,167,1,1,-1,-1
174,50,662,346,119,300,1,1,-1,-1
174,98,767,255,197,618,1,1,-1,-1
174,149,-66,233,255,830,1,1,-1,-1
174,150,980,409,37,126,1,1,-1,-1
174,236,1680,365,52,159,1,1,-1,-1
175,50,656,346,124,301,1,1,-1,-1
175,150,980,409,37,126,1,1,-1,-1
175,236,1679,364,55,151,1,1,-1,-1
176,34,1007,375,85,225,1,1,-1,-1
176,50,655,345,131,307,1,1,-1,-1
176,150,980,410,37,126,1,1,-1,-1
177,34,1009,376,85,224,1,1,-1,-1
177,50,655,345,137,312,1,1,-1,-1
177,150,983,410,36,125,1,1,-1,-1
177,151,770,259,198,617,1,1,-1,-1
178,34,1011,376,86,225,1,1,-1,-1
178,50,655,345,144,317,1,1,-1,-1
178,99,1691,360,58,156,1,1,-1,-1
178,151,771,261,198,616,1,1,-1,-1
179,34,1013,376,87,225,1,1,-1,-1
179,99,1695,358,59,159,1,1,-1,-1
179,151,772,262,198,616,1,1,-1,-1
180,34,1016,377,87,224,1,1,-1,-1
180,99,1699,357,60,160,1,1,-1,-1
180,151,774,264,198,615,1,1,-1,-1
181,34,1018,377,87,225,1,1,-1,-1
181,99,1704,356,61,162,1,1,-1,-1
181,100,555,384,103,285,1,1,-1,-1
181,151,776,262,198,614,1,1,-1,-1
181,152,658,344,142,326,1,1,-1,-1
182,34,1020,378,88,224,1,1,-1,-1
182,99,1710,355,62,162,1,1,-1,-1
182,100,555,385,105,288,1,1,-1,-1
182,151,779,260,198,614,1,1,-1,-1
182,152,659,344,142,328,1,1,-1,-1
182,237,910,324,105,359,1,1,-1,-1
183,34,1022,378,89,224,1,1,-1,-1
183,99,1717,354,62,162,1,1,-1,-1
183,100,555,386,108,291,1,1,-1,-1
183,152,660,344,141,331,1,1,-1,-1
183,237,911,323,106,359,1,1,-1,-1
184,34,1025,379,89,224,1,1,-1,-1
184,99,1724,354,62,162,1,1,-1,-1
184,100,555,387,110,294,1,1,-1,-1
184,152,662,344,140,334,1,1,-1,-1
184,237,913,322,106,359,1,1,-1,-1
185,34,1026,378,89,224,1,1,-1,-1
185,100,555,388,113,297,1,1,-1,-1
185,152,662,341,142,337,1,1,-1,-1
185,237,915,321,106,360,1,1,-1,-1
186,100,555,386,114,298,1,1,-1,-1
186,101,1738,352,62,162,1,1,-1,-1
186,152,662,338,145,340,1,1,-1,-1
186,237,915,321,106,360,1,1,-1,-1
187,100,555,384,116,299,1,1,-1,-1
187,101,1745,352,63,162,1,1,-1,-1
188,101,1747,352,63,165,1,1,-1,-1
189,101,1750,353,63,168,1,1,-1,-1
190,101,1753,354,63,171,1,1,-1,-1
191,101,1755,355,64,174,1,1,-1,-1
192,101,1758,356,64,177,1,1,-1,-1
192,153,733,399,81,222,1,1,-1,-1
193,153,728,399,82,225,1,1,-1,-1
194,153,723,400,83,228,1,1,-1,-1
194,154,1144,293,201,530,1,1,-1,-1
195,153,719,400,83,232,1,1,-1,-1
195,154,1139,294,201,533,1,1,-1,-1
195,155,1024,384,92,224,1,1,-1,-1
196,153,714,401,84,235,1,1,-1,-1
196,154,1135,296,200,535,1,1,-1,-1
196,155,1021,387,92,224,1,1,-1,-1
197,153,709,401,85,239,1,1,-1,-1
197,154,1131,298,199,538,1,1,-1,-1
197,155,1018,390,91,224,1,1,-1,-1
198,154,1126,299,199,538,1,1,-1,-1
198,155,1014,392,92,224,1,1,-1,-1
199,154,1122,300,199,538,1,1,-1,-1
199,155,1011,395,91,224,1,1,-1,-1
199,238,477,389,145,331,1,1,-1,-1
199,239,609,338,163,388,1,1,-1,-1
199,240,794,277,202,603,1,1,-1,-1
200,155,1008,397,91,224,1,1,-1,-1
200,238,436,370,167,389,1,1,-1,-1
200,239,600,340,165,392,1,1,-1,-1
200,240,795,278,199,603,1,1,-1,-1
201,238,463,394,144,338,1,1,-1,-1
201,239,592,342,166,396,1,1,-1,-1
201,240,795,279,197,604,1,1,-1,-1
202,238,453,394,144,343,1,1,-1,-1
202,239,592,311,174,416,1,1,-1,-1
202,240,796,280,195,604,1,1,-1,-1
203,238,444,394,143,348,1,1,-1,-1
203,239,573,338,170,406,1,1,-1,-1
203,240,796,281,193,605,1,1,-1,-1
206,156,798,285,186,605,1,1,-1,-1
206,241,408,400,151,388,1,1,-1,-1
207,156,798,286,184,605,1,1,-1,-1
207,241,410,390,141,364,1,1,-1,-1
208,156,818,306,156,522,1,1,-1,-1
208,241,403,388,140,368,1,1,-1,-1
209,156,799,288,179,606,1,1,-1,-1
209,241,396,387,142,372,1,1,-1,-1
209,242,1728,381,65,171,1,1,-1,-1
210,156,800,290,177,606,1,1,-1,-1
210,241,389,386,145,376,1,1,-1,-1
210,242,1729,381,66,170,1,1,-1,-1
210,243,982,436,33,125,1,1,-1,-1
211,156,796,290,182,606,1,1,-1,-1
211,157,741,399,93,256,1,1,-1,-1
211,242,1730,382,67,169,1,1,-1,-1
211,243,982,436,33,125,1,1,-1,-1
212,157,740,400,94,258,1,1,-1,-1
212,242,1733,383,67,170,1,1,-1,-1
212,243,982,437,33,125,1,1,-1,-1
213,157,740,399,95,260,1,1,-1,-1
213,242,1737,384,66,172,1,1,-1,-1
213,243,982,438,33,125,1,1,-1,-1
214,157,741,399,96,262,1,1,-1,-1
214,243,982,438,33,125,1,1,-1,-1
215,157,742,398,97,264,1,1,-1,-1
216,157,743,398,97,266,1,1,-1,-1
219,16,493,320,206,489,1,1,-1,-1
220,16,493,316,206,495,1,1,-1,-1
220,70,1781,392,62,183,1,1,-1,-1
220,244,635,409,93,265,1,1,-1,-1
221,16,493,312,206,501,1,1,-1,-1
221,70,1791,393,61,185,1,1,-1,-1
221,244,637,409,94,266,1,1,-1,-1
222,16,494,309,205,507,1,1,-1,-1
222,70,1800,394,61,187,1,1,-1,-1
222,158,747,396,104,277,1,1,-1,-1
222,244,640,409,93,267,1,1,-1,-1
223,16,492,307,206,515,1,1,-1,-1
223,70,1810,395,60,189,1,1,-1,-1
223,158,748,396,104,279,1,1,-1,-1
223,244,642,409,94,268,1,1,-1,-1
224,16,491,305,207,523,1,1,-1,-1
224,70,1820,397,59,191,1,1,-1,-1
224,158,749,395,105,281,1,1,-1,-1
224,244,629,409,86,247,1,1,-1,-1
225,16,489,303,208,531,1,1,-1,-1
225,70,1824,397,61,193,1,1,-1,-1
225,158,750,395,106,283,1,1,-1,-1
226,16,488,301,209,539,1,1,-1,-1
226,70,1829,397,63,195,1,1,-1,-1
226,158,751,395,107,285,1,1,-1,-1
226,159,650,410,95,270,1,1,-1,-1
227,16,487,299,210,547,1,1,-1,-1
227,70,1833,397,66,197,1,1,-1,-1
227,158,746,395,110,289,1,1,-1,-1
227,159,648,406,98,276,1,1,-1,-1
227,160,1037,413,81,224,1,1,-1,-1
228,16,479,296,215,556,1,1,-1,-1
228,159,646,402,102,282,1,1,-1,-1
228,160,1040,413,81,224,1,1,-1,-1
229,16,472,294,220,564,1,1,-1,-1
229,159,644,398,106,288,1,1,-1,-1
229,160,1044,414,80,224,1,1,-1,-1
230,159,637,397,109,294,1,1,-1,-1
230,160,1044,415,79,224,1,1,-1,-1
231,159,616,382,133,352,1,1,-1,-1
231,160,1044,416,79,224,1,1,-1,-1
232,160,1044,417,79,224,1,1,-1,-1
244,5,1115,328,222,583,1,1,-1,-1
245,5,1110,330,222,584,1,1,-1,-1
246,5,1108,331,221,587,1,1,-1,-1
246,245,178,231,351,776,1,1,-1,-1
247,5,1106,332,221,590,1,1,-1,-1
247,245,153,227,367,799,1,1,-1,-1
247,246,511,398,119,360,1,1,-1,-1
248,5,1104,333,221,593,1,1,-1,-1
248,51,627,350,154,437,1,1,-1,-1
248,245,135,223,367,819,1,1,-1,-1
248,246,504,400,122,366,1,1,-1,-1
249,5,1102,334,221,596,1,1,-1,-1
249,51,630,398,126,359,1,1,-1,-1
249,245,118,220,366,839,1,1,-1,-1
249,246,498,402,124,373,1,1,-1,-1
250,5,1101,335,220,599,1,1,-1,-1
250,51,624,399,126,363,1,1,-1,-1
250,245,101,216,365,859,1,1,-1,-1
250,246,491,405,126,378,1,1,-1,-1
251,5,1102,337,220,599,1,1,-1,-1
251,51,621,398,128,369,1,1,-1,-1
251,246,485,407,128,385,1,1,-1,-1
251,247,1813,427,67,215,1,1,-1,-1
252,5,1104,339,220,599,1,1,-1,-1
252,51,618,398,131,374,1,1,-1,-1
252,247,1816,427,67,215,1,1,-1,-1
253,5,1106,341,219,599,1,1,-1,-1
253,51,616,398,133,379,1,1,-1,-1
253,247,1820,427,67,215,1,1,-1,-1
254,5,1108,344,219,598,1,1,-1,-1
254,51,612,398,136,384,1,1,-1,-1
254,247,1823,427,67,215,1,1,-1,-1
255,5,1114,343,219,594,1,1,-1,-1
255,51,608,398,139,390,1,1,-1,-1
255,247,1826,427,67,215,1,1,-1,-1
255,248,-14,133,420,1041,1,1,-1,-1
256,5,1120,343,219,589,1,1,-1,-1
256,51,605,399,141,394,1,1,-1,-1
256,248,10,183,382,955,1,1,-1,-1
256,249,721,477,42,134,1,1,-1,-1
256,250,1767,1006,37,103,1,1,-1,-1
257,248,5,177,381,954,1,1,-1,-1
257,249,722,478,42,134,1,1,-1,-1
257,250,1770,1007,37,103,1,1,-1,-1
258,248,0,172,380,952,1,1,-1,-1
258,249,724,480,42,134,1,1,-1,-1
258,250,1774,1008,37,103,1,1,-1,-1
258,251,598,400,147,405,1,1,-1,-1
259,248,-5,167,380,951,1,1,-1,-1
259,249,726,481,41,135,1,1,-1,-1
259,250,1775,1009,37,103,1,1,-1,-1
259,251,591,402,153,407,1,1,-1,-1
260,249,728,483,41,135,1,1,-1,-1
260,250,1776,1010,37,103,1,1,-1,-1
260,251,584,404,160,410,1,1,-1,-1
261,251,578,406,166,413,1,1,-1,-1
262,251,572,400,168,420,1,1,-1,-1
264,252,560,388,173,434,1,1,-1,-1
265,252,554,382,176,441,1,1,-1,-1
266,252,549,376,178,448,1,1,-1,-1
267,161,824,332,172,579,1,1,-1,-1
267,252,543,370,180,455,1,1,-1,-1
268,52,779,438,83,227,1,1,-1,-1
268,161,897,295,157,596,1,1,-1,-1
268,252,537,364,183,462,1,1,-1,-1
269,52,806,432,89,243,1,1,-1,-1
269,161,831,328,165,578,1,1,-1,-1
270,52,777,431,83,228,1,1,-1,-1
270,161,834,326,162,578,1,1,-1,-1
271,52,776,428,84,229,1,1,-1,-1
271,161,902,272,147,562,1,1,-1,-1
272,52,771,422,84,230,1,1,-1,-1
272,161,829,316,162,577,1,1,-1,-1
272,162,1002,389,146,388,1,1,-1,-1
272,253,351,354,169,504,1,1,-1,-1
273,52,766,416,84,231,1,1,-1,-1
273,162,998,384,145,392,1,1,-1,-1
273,253,322,333,181,536,1,1,-1,-1
274,52,761,410,84,233,1,1,-1,-1
274,102,692,412,60,172,1,1,-1,-1
274,162,995,380,144,396,1,1,-1,-1
274,253,324,336,175,519,1,1,-1,-1
275,52,756,404,84,234,1,1,-1,-1
275,102,692,436,49,140,1,1,-1,-1
275,162,991,376,144,400,1,1,-1,-1
275,253,310,327,178,526,1,1,-1,-1
276,52,752,398,83,236,1,1,-1,-1
276,102,686,430,49,141,1,1,-1,-1
276,162,988,372,143,404,1,1,-1,-1
276,253,297,318,181,534,1,1,-1,-1
277,102,681,424,48,141,1,1,-1,-1
277,162,985,361,145,408,1,1,-1,-1
278,102,676,418,48,141,1,1,-1,-1
279,17,1114,263,234,606,1,1,-1,-1
279,102,671,412,48,142,1,1,-1,-1
280,17,1114,256,233,608,1,1,-1,-1
280,102,668,404,48,142,1,1,-1,-1
280,254,761,253,187,576,1,1,-1,-1
281,17,1114,249,232,610,1,1,-1,-1
281,254,761,244,187,575,1,1,-1,-1
282,17,1113,240,231,613,1,1,-1,-1
282,254,761,235,187,575,1,1,-1,-1
283,17,1113,231,230,616,1,1,-1,-1
283,254,761,226,187,574,1,1,-1,-1
284,17,1113,222,229,619,1,1,-1,-1
284,254,762,218,187,573,1,1,-1,-1
285,17,1120,215,228,619,1,1,-1,-1
286,17,1146,265,193,525,1,1,-1,-1
286,35,667,358,48,142,1,1,-1,-1
286,255,189,198,218,650,1,1,-1,-1
287,17,1134,202,228,618,1,1,-1,-1
287,35,668,350,48,142,1,1,-1,-1
287,255,179,185,222,662,1,1,-1,-1
288,17,1141,193,227,622,1,1,-1,-1
288,35,669,343,48,142,1,1,-1,-1
288,255,169,172,226,674,1,1,-1,-1
289,17,1148,184,226,627,1,1,-1,-1
289,35,674,339,48,142,1,1,-1,-1
289,255,152,164,237,689,1,1,-1,-1
290,35,680,335,47,142,1,1,-1,-1
290,255,136,157,248,703,1,1,-1,-1
291,35,685,332,48,142,1,1,-1,-1
292,35,691,328,47,142,1,1,-1,-1
293,35,696,324,47,142,1,1,-1,-1
293,256,88,136,279,745,1,1,-1,-1
294,35,702,321,47,142,1,1,-1,-1
294,256,72,129,290,759,1,1,-1,-1
294,257,1208,166,211,629,1,1,-1,-1
295,35,716,332,41,123,1,1,-1,-1
295,256,53,126,300,778,1,1,-1,-1
295,257,1217,167,208,632,1,1,-1,-1
295,258,1053,218,179,531,1,1,-1,-1
296,256,34,124,311,796,1,1,-1,-1
296,257,1227,168,205,635,1,1,-1,-1
296,258,1061,213,181,539,1,1,-1,-1
297,71,757,283,98,267,1,1,-1,-1
297,256,15,122,322,815,1,1,-1,-1
297,257,1237,170,202,637,1,1,-1,-1
297,258,1064,210,184,549,1,1,-1,-1
298,71,761,283,98,269,1,1,-1,-1
298,257,1243,170,203,639,1,1,-1,-1
298,258,1067,208,188,559,1,1,-1,-1
299,71,739,254,121,336,1,1,-1,-1
299,258,1070,206,191,568,1,1,-1,-1
300,71,770,282,98,274,1,1,-1,-1
301,71,774,282,98,276,1,1,-1,-1
302,71,779,282,98,278,1,1,-1,-1
303,53,739,321,47,145,1,1,-1,-1
303,71,778,281,98,278,1,1,-1,-1
304,53,740,321,47,147,1,1,-1,-1
304,71,777,280,98,278,1,1,-1,-1
305,53,741,321,47,149,1,1,-1,-1
306,53,742,322,47,151,1,1,-1,-1
307,53,742,323,47,151,1,1,-1,-1
307,259,1094,183,220,666,1,1,-1,-1
308,18,236,32,367,1060,1,1,-1,-1
308,53,743,324,46,151,1,1,-1,-1
308,259,1095,176,225,681,1,1,-1,-1
309,18,214,26,379,1108,1,1,-1,-1
309,53,744,326,46,151,1,1,-1,-1
309,259,1096,169,230,696,1,1,-1,-1
310,18,193,18,392,1131,1,1,-1,-1
310,53,741,324,46,151,1,1,-1,-1
310,259,1097,161,234,712,1,1,-1,-1
311,18,172,10,405,1155,1,1,-1,-1
311,53,738,323,46,151,1,1,-1,-1
311,259,1098,154,239,727,1,1,-1,-1
312,18,152,3,418,1178,1,1,-1,-1
313,18,117,-18,441,1213,1,1,-1,-1
314,18,83,-38,464,1247,1,1,-1,-1
315,18,48,-58,488,1282,1,1,-1,-1
316,18,14,-79,510,1317,1,1,-1,-1
316,163,819,170,190,562,1,1,-1,-1
317,18,-21,-99,534,1352,1,1,-1,-1
317,163,818,169,190,561,1,1,-1,-1
318,18,-55,-119,557,1386,1,1,-1,-1
318,19,981,209,115,430,1,1,-1,-1
318,163,817,167,191,561,1,1,-1,-1
319,19,980,207,115,429,1,1,-1,-1
319,163,816,166,191,561,1,1,-1,-1
320,19,979,205,116,429,1,1,-1,-1
320,163,815,165,191,560,1,1,-1,-1
321,19,977,203,117,429,1,1,-1,-1
321,163,814,164,192,560,1,1,-1,-1
322,19,976,201,117,428,1,1,-1,-1
323,19,974,199,119,428,1,1,-1,-1
324,19,973,197,119,428,1,1,-1,-1
325,19,972,196,120,427,1,1,-1,-1
326,19,973,198,121,427,1,1,-1,-1
327,19,974,200,122,428,1,1,-1,-1
327,36,1277,152,213,670,1,1,-1,-1
328,19,975,203,123,428,1,1,-1,-1
328,36,1273,153,217,671,1,1,-1,-1
329,36,1269,154,221,673,1,1,-1,-1
329,260,711,252,121,325,1,1,-1,-1
330,36,1266,155,225,675,1,1,-1,-1
330,260,709,252,123,328,1,1,-1,-1
330,261,691,310,52,158,1,1,-1,-1
331,36,1262,156,229,676,1,1,-1,-1
331,260,708,252,124,331,1,1,-1,-1
331,261,690,311,54,159,1,1,-1,-1
332,36,1258,157,234,678,1,1,-1,-1
332,260,706,254,124,333,1,1,-1,-1
332,261,690,312,54,161,1,1,-1,-1
333,36,1255,158,237,680,1,1,-1,-1
333,260,704,256,125,336,1,1,-1,-1
333,261,689,313,56,162,1,1,-1,-1
334,36,1251,159,242,681,1,1,-1,-1
334,261,688,313,57,164,1,1,-1,-1
335,36,1247,160,246,683,1,1,-1,-1
336,36,1244,161,250,685,1,1,-1,-1
336,164,1162,331,60,188,1,1,-1,-1
337,164,1160,334,61,188,1,1,-1,-1
338,164,1158,337,62,188,1,1,-1,-1
339,164,1157,341,62,187,1,1,-1,-1
339,165,1419,-125,523,1424,1,1,-1,-1
340,164,1150,339,63,187,1,1,-1,-1
340,165,1442,-142,541,1452,1,1,-1,-1
341,164,1144,338,64,187,1,1,-1,-1
341,165,1466,-158,559,1480,1,1,-1,-1
342,165,1489,-174,578,1507,1,1,-1,-1
343,165,1472,-333,700,1803,1,1,-1,-1
344,165,1560,-215,627,1562,1,1,-1,-1
352,262,1157,149,281,698,1,1,-1,-1
353,262,1151,149,283,702,1,1,-1,-1
354,262,1146,148,282,706,1,1,-1,-1
354,263,788,184,183,549,1,1,-1,-1
355,103,618,311,65,183,1,1,-1,-1
355,262,1141,147,281,710,1,1,-1,-1
355,263,787,184,181,549,1,1,-1,-1
356,37,1040,320,75,191,1,1,-1,-1
356,103,612,312,65,183,1,1,-1,-1
356,262,1136,147,281,714,1,1,-1,-1
356,263,786,183,179,549,1,1,-1,-1
357,37,1032,319,76,192,1,1,-1,-1
357,103,601,311,65,182,1,1,-1,-1
357,263,780,152,200,622,1,1,-1,-1
358,37,1024,318,76,193,1,1,-1,-1
358,103,590,310,65,182,1,1,-1,-1
358,263,784,181,175,549,1,1,-1,-1
359,37,1017,318,76,193,1,1,-1,-1
359,103,580,309,65,182,1,1,-1,-1
360,37,1008,318,76,194,1,1,-1,-1
360,103,568,309,67,182,1,1,-1,-1
361,37,1000,319,76,194,1,1,-1,-1
361,103,556,309,70,183,1,1,-1,-1
362,37,991,320,77,194,1,1,-1,-1
363,37,983,321,77,195,1,1,-1,-1
364,37,980,320,78,196,1,1,-1,-1
365,37,978,320,78,196,1,1,-1,-1
365,264,620,196,162,489,1,1,-1,-1
366,264,598,219,157,474,1,1,-1,-1
367,264,601,194,165,499,1,1,-1,-1
368,54,972,320,78,197,1,1,-1,-1
368,264,592,193,167,504,1,1,-1,-1
369,54,970,320,79,198,1,1,-1,-1
369,264,587,192,170,510,1,1,-1,-1
370,54,970,321,80,199,1,1,-1,-1
370,166,1098,133,275,729,1,1,-1,-1
371,54,970,323,82,199,1,1,-1,-1
371,166,1097,134,275,734,1,1,-1,-1
372,54,970,325,84,199,1,1,-1,-1
372,166,1097,136,274,739,1,1,-1,-1
373,54,970,327,86,199,1,1,-1,-1
373,166,1096,137,274,744,1,1,-1,-1
373,265,841,106,177,655,1,1,-1,-1
374,54,972,330,85,199,1,1,-1,-1
374,166,1096,139,273,749,1,1,-1,-1
374,167,519,300,71,181,1,1,-1,-1
374,265,764,202,171,547,1,1,-1,-1
375,54,974,333,85,200,1,1,-1,-1
375,166,1102,143,266,752,1,1,-1,-1
375,167,539,320,68,176,1,1,-1,-1
375,265,766,205,173,547,1,1,-1,-1
376,54,976,336,85,201,1,1,-1,-1
376,167,541,323,68,175,1,1,-1,-1
376,265,768,207,174,547,1,1,-1,-1
377,167,540,324,69,178,1,1,-1,-1
377,265,770,209,175,548,1,1,-1,-1
378,104,689,334,57,185,1,1,-1,-1
378,167,539,325,71,181,1,1,-1,-1
379,104,683,333,57,186,1,1,-1,-1
379,167,538,326,72,184,1,1,-1,-1
380,104,677,332,58,187,1,1,-1,-1
381,104,672,332,58,188,1,1,-1,-1
382,104,669,331,58,189,1,1,-1,-1
383,104,667,331,58,190,1,1,-1,-1
383,168,1107,151,246,774,1,1,-1,-1
384,104,664,331,59,191,1,1,-1,-1
384,168,1102,151,248,773,1,1,-1,-1
385,168,1097,151,250,772,1,1,-1,-1
386,168,1092,151,259,770,1,1,-1,-1
386,169,874,239,123,446,1,1,-1,-1
387,168,1087,151,268,769,1,1,-1,-1
387,169,874,239,123,446,1,1,-1,-1
388,168,1082,151,277,768,1,1,-1,-1
388,169,873,239,124,446,1,1,-1,-1
389,169,873,239,124,446,1,1,-1,-1
390,9,527,331,72,188,1,1,-1,-1
390,169,872,238,124,446,1,1,-1,-1
391,9,526,331,71,187,1,1,-1,-1
391,169,871,238,124,446,1,1,-1,-1
391,266,764,215,181,546,1,1,-1,-1
392,9,525,331,71,186,1,1,-1,-1
392,266,761,215,181,546,1,1,-1,-1
393,9,523,330,70,185,1,1,-1,-1
393,266,760,194,194,590,1,1,-1,-1
394,9,521,329,70,184,1,1,-1,-1
394,266,755,215,180,546,1,1,-1,-1
395,9,520,328,69,183,1,1,-1,-1
395,266,750,268,155,471,1,1,-1,-1
395,267,702,314,79,228,1,1,-1,-1
396,9,518,327,68,182,1,1,-1,-1
396,267,690,320,83,241,1,1,-1,-1
397,9,516,326,68,181,1,1,-1,-1
397,267,698,313,80,230,1,1,-1,-1
398,9,515,326,67,180,1,1,-1,-1
398,267,696,312,80,231,1,1,-1,-1
399,9,514,326,67,179,1,1,-1,-1
399,267,694,312,81,232,1,1,-1,-1
400,9,514,327,66,177,1,1,-1,-1
401,9,514,327,65,177,1,1,-1,-1
404,38,381,74,301,835,1,1,-1,-1
404,170,1054,147,299,800,1,1,-1,-1
405,38,370,71,311,852,1,1,-1,-1
405,105,514,329,62,173,1,1,-1,-1
405,170,1058,147,299,799,1,1,-1,-1
405,268,621,329,63,211,1,1,-1,-1
406,38,360,68,321,870,1,1,-1,-1
406,105,514,330,61,171,1,1,-1,-1
406,170,1062,147,299,798,1,1,-1,-1
406,268,627,330,63,212,1,1,-1,-1
407,38,355,63,324,888,1,1,-1,-1
407,105,514,331,61,170,1,1,-1,-1
407,170,1065,146,298,797,1,1,-1,-1
407,268,633,332,63,213,1,1,-1,-1
408,38,351,58,326,906,1,1,-1,-1
408,105,518,331,60,171,1,1,-1,-1
408,170,1068,145,298,796,1,1,-1,-1
408,268,636,331,63,214,1,1,-1,-1
409,38,346,54,330,923,1,1,-1,-1
409,105,523,331,59,172,1,1,-1,-1
409,170,1071,144,298,796,1,1,-1,-1
409,268,639,330,64,215,1,1,-1,-1
410,38,342,49,332,942,1,1,-1,-1
410,105,527,331,59,173,1,1,-1,-1
411,38,338,44,334,960,1,1,-1,-1
411,105,532,331,58,174,1,1,-1,-1
412,38,333,40,338,977,1,1,-1,-1
412,55,1095,149,286,806,1,1,-1,-1
413,38,329,35,340,995,1,1,-1,-1
413,55,1104,151,282,810,1,1,-1,-1
413,171,650,331,69,216,1,1,-1,-1
414,55,1141,213,239,695,1,1,-1,-1
414,171,652,332,72,216,1,1,-1,-1
415,55,1110,152,280,822,1,1,-1,-1
415,171,654,334,75,215,1,1,-1,-1
416,55,1113,153,279,828,1,1,-1,-1
416,171,676,348,67,185,1,1,-1,-1
417,55,1116,152,278,827,1,1,-1,-1
417,171,652,335,81,215,1,1,-1,-1
418,55,1119,151,278,826,1,1,-1,-1
418,171,648,334,84,215,1,1,-1,-1
419,55,1122,151,278,825,1,1,-1,-1
419,172,568,331,54,183,1,1,-1,-1
420,55,1121,144,278,831,1,1,-1,-1
420,56,748,211,174,539,1,1,-1,-1
420,172,550,319,53,171,1,1,-1,-1
421,56,744,210,174,539,1,1,-1,-1
421,106,181,-53,434,1147,1,1,-1,-1
421,172,561,326,59,185,1,1,-1,-1
422,56,741,210,173,539,1,1,-1,-1
422,106,160,-65,448,1166,1,1,-1,-1
422,172,558,324,61,186,1,1,-1,-1
423,56,737,210,173,538,1,1,-1,-1
423,106,140,-77,461,1186,1,1,-1,-1
423,172,554,322,64,189,1,1,-1,-1
424,56,734,210,173,538,1,1,-1,-1
424,106,119,-89,475,1230,1,1,-1,-1
424,172,550,321,67,191,1,1,-1,-1
425,56,730,210,173,538,1,1,-1,-1
425,106,99,-101,488,1274,1,1,-1,-1
425,173,623,329,96,216,1,1,-1,-1
426,56,727,209,172,538,1,1,-1,-1
426,106,78,-113,502,1319,1,1,-1,-1
426,173,621,328,95,217,1,1,-1,-1
427,56,723,209,173,538,1,1,-1,-1
427,106,58,-125,515,1363,1,1,-1,-1
427,173,618,327,94,219,1,1,-1,-1
427,174,889,234,136,443,1,1,-1,-1
428,56,720,209,172,537,1,1,-1,-1
428,173,616,326,93,220,1,1,-1,-1
428,174,889,233,136,443,1,1,-1,-1
429,173,613,325,92,222,1,1,-1,-1
429,174,889,233,136,443,1,1,-1,-1
430,173,611,325,91,223,1,1,-1,-1
430,174,888,231,135,443,1,1,-1,-1
431,174,897,243,134,441,1,1,-1,-1
432,174,904,273,123,402,1,1,-1,-1
434,269,1060,181,303,745,1,1,-1,-1
435,269,1067,127,340,843,1,1,-1,-1
436,269,1069,124,339,846,1,1,-1,-1
437,269,1072,120,338,849,1,1,-1,-1
438,20,675,272,85,288,1,1,-1,-1
438,269,1075,117,338,851,1,1,-1,-1
439,20,675,271,85,289,1,1,-1,-1
440,20,675,270,85,290,1,1,-1,-1
440,175,883,221,135,443,1,1,-1,-1
440,270,831,328,69,180,1,1,-1,-1
441,20,676,269,84,291,1,1,-1,-1
441,175,888,222,134,442,1,1,-1,-1
441,270,830,328,69,180,1,1,-1,-1
442,20,676,268,84,292,1,1,-1,-1
442,175,892,222,135,443,1,1,-1,-1
442,270,827,325,68,180,1,1,-1,-1
443,20,676,267,84,293,1,1,-1,-1
443,175,854,189,155,513,1,1,-1,-1
443,270,824,322,68,181,1,1,-1,-1
444,20,677,266,84,295,1,1,-1,-1
444,175,902,223,134,443,1,1,-1,-1
444,270,821,319,67,182,1,1,-1,-1
445,20,677,265,84,296,1,1,-1,-1
445,175,906,224,134,442,1,1,-1,-1
446,20,677,264,84,297,1,1,-1,-1
447,20,678,263,83,298,1,1,-1,-1
447,271,915,225,134,442,1,1,-1,-1
448,20,678,262,83,299,1,1,-1,-1
448,271,920,225,133,442,1,1,-1,-1
449,271,925,226,133,442,1,1,-1,-1
450,107,592,305,112,266,1,1,-1,-1
450,271,931,224,133,442,1,1,-1,-1
451,107,595,305,113,268,1,1,-1,-1
451,271,938,223,133,442,1,1,-1,-1
452,107,597,305,114,270,1,1,-1,-1
453,107,600,305,115,273,1,1,-1,-1
454,107,605,302,114,275,1,1,-1,-1
454,272,877,300,91,240,1,1,-1,-1
455,107,610,300,113,276,1,1,-1,-1
455,272,884,299,91,241,1,1,-1,-1
455,273,576,308,65,199,1,1,-1,-1
456,107,616,298,111,278,1,1,-1,-1
456,272,891,299,92,241,1,1,-1,-1
456,273,583,307,65,199,1,1,-1,-1
457,272,897,299,93,241,1,1,-1,-1
457,273,590,307,65,199,1,1,-1,-1
458,272,904,298,94,242,1,1,-1,-1
458,273,594,305,65,199,1,1,-1,-1
459,273,598,304,65,199,1,1,-1,-1
463,39,991,209,142,444,1,1,-1,-1
464,39,991,208,145,445,1,1,-1,-1
465,39,991,207,147,445,1,1,-1,-1
465,274,632,279,102,291,1,1,-1,-1
465,275,1235,299,110,278,1,1,-1,-1
466,39,991,207,149,444,1,1,-1,-1
466,274,656,279,109,305,1,1,-1,-1
466,275,1241,297,111,280,1,1,-1,-1
467,39,991,206,151,445,1,1,-1,-1
467,274,618,273,108,298,1,1,-1,-1
467,275,1248,295,111,281,1,1,-1,-1
468,39,991,205,153,445,1,1,-1,-1
468,274,611,271,111,301,1,1,-1,-1
468,275,1254,294,112,282,1,1,-1,-1
469,39,991,205,156,445,1,1,-1,-1
469,274,604,268,114,305,1,1,-1,-1
469,275,1261,292,111,283,1,1,-1,-1
469,276,596,284,68,208,1,1,-1,-1
470,39,988,204,155,445,1,1,-1,-1
470,276,593,282,69,209,1,1,-1,-1
471,39,986,203,153,445,1,1,-1,-1
471,276,590,280,70,211,1,1,-1,-1
472,39,984,202,151,446,1,1,-1,-1
472,276,564,247,85,254,1,1,-1,-1
473,176,1088,270,97,272,1,1,-1,-1
473,276,586,276,72,214,1,1,-1,-1
474,176,1102,234,104,290,1,1,-1,-1
475,176,1086,270,98,273,1,1,-1,-1
475,277,582,273,74,217,1,1,-1,-1
475,278,977,199,146,447,1,1,-1,-1
476,176,1085,269,99,275,1,1,-1,-1
476,277,580,272,75,218,1,1,-1,-1
476,278,974,198,145,447,1,1,-1,-1
477,21,554,260,134,329,1,1,-1,-1
477,176,1084,269,99,275,1,1,-1,-1
477,277,575,276,75,218,1,1,-1,-1
477,278,972,197,143,448,1,1,-1,-1
478,21,549,260,136,333,1,1,-1,-1
478,176,1119,295,92,255,1,1,-1,-1
478,277,571,281,75,218,1,1,-1,-1
478,278,970,196,141,448,1,1,-1,-1
479,21,544,261,137,335,1,1,-1,-1
479,277,566,286,75,217,1,1,-1,-1
479,278,968,196,139,448,1,1,-1,-1
480,21,538,261,139,338,1,1,-1,-1
480,177,650,201,136,398,1,1,-1,-1
481,21,533,262,141,341,1,1,-1,-1
481,177,651,202,138,401,1,1,-1,-1
482,21,528,262,142,344,1,1,-1,-1
482,177,651,202,140,405,1,1,-1,-1
483,21,523,263,144,347,1,1,-1,-1
483,177,652,202,142,409,1,1,-1,-1
484,21,523,264,147,349,1,1,-1,-1
484,177,652,203,145,412,1,1,-1,-1
485,21,524,265,149,352,1,1,-1,-1
485,177,653,203,147,416,1,1,-1,-1
486,21,525,266,151,354,1,1,-1,-1
487,21,526,268,153,356,1,1,-1,-1
488,108,602,297,78,216,1,1,-1,-1
489,108,604,300,78,216,1,1,-1,-1
490,108,607,303,78,216,1,1,-1,-1
491,108,609,306,78,216,1,1,-1,-1
492,108,612,309,78,216,1,1,-1,-1
493,22,834,307,83,250,1,1,-1,-1
493,108,613,310,78,216,1,1,-1,-1
494,22,837,310,84,250,1,1,-1,-1
494,108,614,312,78,216,1,1,-1,-1
495,22,841,312,84,251,1,1,-1,-1
496,22,844,315,85,251,1,1,-1,-1
496,109,509,277,165,386,1,1,-1,-1
497,22,848,318,85,252,1,1,-1,-1
497,109,506,278,164,391,1,1,-1,-1
498,22,847,316,85,254,1,1,-1,-1
498,109,503,279,163,396,1,1,-1,-1
499,22,846,315,86,255,1,1,-1,-1
499,109,480,243,191,468,1,1,-1,-1
499,279,1005,237,139,452,1,1,-1,-1
500,22,845,314,87,256,1,1,-1,-1
500,109,485,274,165,408,1,1,-1,-1
500,279,1002,236,139,452,1,1,-1,-1
500,280,1205,117,361,919,1,1,-1,-1
501,22,834,282,105,308,1,1,-1,-1
501,109,477,272,165,414,1,1,-1,-1
501,279,999,235,139,452,1,1,-1,-1
501,280,1206,117,361,925,1,1,-1,-1
502,22,843,312,89,259,1,1,-1,-1
502,109,468,269,166,420,1,1,-1,-1
502,279,996,234,139,452,1,1,-1,-1
502,280,1205,117,360,929,1,1,-1,-1
503,22,842,310,89,261,1,1,-1,-1
503,279,993,233,139,453,1,1,-1,-1
503,280,1204,118,359,933,1,1,-1,-1
504,280,1204,119,358,937,1,1,-1,-1
505,281,987,231,139,453,1,1,-1,-1
506,281,984,230,139,454,1,1,-1,-1
506,282,839,307,92,265,1,1,-1,-1
507,281,981,229,139,454,1,1,-1,-1
507,282,839,306,92,266,1,1,-1,-1
508,281,978,228,139,454,1,1,-1,-1
508,282,838,304,92,268,1,1,-1,-1
509,281,976,227,139,455,1,1,-1,-1
509,282,837,303,93,270,1,1,-1,-1
510,282,836,302,94,271,1,1,-1,-1
511,57,1393,274,124,334,1,1,-1,-1
512,57,1396,274,124,335,1,1,-1,-1
512,283,834,300,96,273,1,1,-1,-1
513,57,1399,273,124,337,1,1,-1,-1
513,283,828,306,90,260,1,1,-1,-1
513,284,576,294,78,229,1,1,-1,-1
514,57,1402,273,124,338,1,1,-1,-1
514,283,832,297,97,277,1,1,-1,-1
514,284,573,291,78,231,1,1,-1,-1
515,57,1405,273,124,339,1,1,-1,-1
515,283,831,296,98,278,1,1,-1,-1
515,284,570,289,78,231,1,1,-1,-1
515,285,1099,275,116,307,1,1,-1,-1
516,1,857,205,167,500,1,1,-1,-1
516,57,1408,273,124,340,1,1,-1,-1
516,283,830,295,99,279,1,1,-1,-1
516,284,567,286,78,233,1,1,-1,-1
516,285,1098,272,117,308,1,1,-1,-1
517,1,856,202,166,500,1,1,-1,-1
517,57,1410,272,126,342,1,1,-1,-1
517,284,564,284,78,234,1,1,-1,-1
517,285,1097,269,117,309,1,1,-1,-1
518,1,947,202,140,457,1,1,-1,-1
518,57,1413,272,126,343,1,1,-1,-1
518,285,1096,266,118,310,1,1,-1,-1
519,1,944,200,140,457,1,1,-1,-1
519,57,1416,272,126,344,1,1,-1,-1
519,285,1096,263,118,311,1,1,-1,-1
520,1,854,195,165,498,1,1,-1,-1
521,1,856,195,165,498,1,1,-1,-1
522,1,859,195,164,498,1,1,-1,-1
522,72,269,220,220,548,1,1,-1,-1
523,1,949,200,140,459,1,1,-1,-1
523,72,259,218,224,555,1,1,-1,-1
524,1,864,195,163,498,1,1,-1,-1
524,72,250,215,227,562,1,1,-1,-1
525,1,951,201,140,459,1,1,-1,-1
525,72,241,212,230,569,1,1,-1,-1
526,1,869,196,162,497,1,1,-1,-1
526,58,1231,53,340,963,1,1,-1,-1
526,72,232,210,234,576,1,1,-1,-1
527,1,871,196,162,497,1,1,-1,-1
527,58,1234,53,339,962,1,1,-1,-1
527,72,225,209,237,586,1,1,-1,-1
528,1,955,201,140,460,1,1,-1,-1
528,58,1236,53,339,961,1,1,-1,-1
528,72,219,208,240,597,1,1,-1,-1
528,286,913,283,108,307,1,1,-1,-1
529,1,957,202,140,460,1,1,-1,-1
529,58,1239,54,338,959,1,1,-1,-1
529,72,212,208,243,606,1,1,-1,-1
529,286,920,282,109,310,1,1,-1,-1
530,1,959,201,141,460,1,1,-1,-1
530,58,1241,52,343,959,1,1,-1,-1
530,286,927,282,110,312,1,1,-1,-1
531,1,984,239,117,383,1,1,-1,-1
531,58,1244,50,348,960,1,1,-1,-1
531,110,1128,264,127,323,1,1,-1,-1
531,286,934,281,111,315,1,1,-1,-1
532,1,965,200,141,461,1,1,-1,-1
532,58,1247,48,352,961,1,1,-1,-1
532,110,1132,265,128,323,1,1,-1,-1
532,286,942,281,111,317,1,1,-1,-1
533,1,884,201,160,495,1,1,-1,-1
533,58,1250,46,357,962,1,1,-1,-1
533,110,1135,265,129,325,1,1,-1,-1
533,111,575,291,77,252,1,1,-1,-1
534,1,885,203,161,495,1,1,-1,-1
534,23,1102,299,67,229,1,1,-1,-1
534,58,1254,43,360,974,1,1,-1,-1
534,110,1139,266,129,325,1,1,-1,-1
534,111,578,292,77,253,1,1,-1,-1
535,1,887,204,161,495,1,1,-1,-1
535,23,1105,299,67,230,1,1,-1,-1
535,110,1142,266,131,327,1,1,-1,-1
535,111,581,293,77,254,1,1,-1,-1
536,1,889,206,161,494,1,1,-1,-1
536,23,1108,299,68,231,1,1,-1,-1
536,110,1146,267,131,327,1,1,-1,-1
536,111,585,294,77,255,1,1,-1,-1
536,287,1262,39,368,997,1,1,-1,-1
537,1,891,207,161,494,1,1,-1,-1
537,23,1112,299,68,232,1,1,-1,-1
537,110,1150,268,132,328,1,1,-1,-1
537,111,583,293,78,256,1,1,-1,-1
537,287,1263,39,371,1002,1,1,-1,-1
538,1,892,209,162,494,1,1,-1,-1
538,23,1112,297,68,233,1,1,-1,-1
538,111,582,292,78,257,1,1,-1,-1
538,287,1265,39,373,1008,1,1,-1,-1
538,288,108,146,306,792,1,1,-1,-1
539,1,894,210,162,494,1,1,-1,-1
539,23,1113,296,68,234,1,1,-1,-1
539,111,581,291,78,259,1,1,-1,-1
539,287,1267,40,375,1013,1,1,-1,-1
539,288,97,181,276,718,1,1,-1,-1
539,289,305,49,321,866,1,1,-1,-1
540,1,896,212,162,493,1,1,-1,-1
540,23,1113,295,69,235,1,1,-1,-1
540,287,1268,42,376,1012,1,1,-1,-1
540,288,80,177,280,730,1,1,-1,-1
540,289,291,42,325,881,1,1,-1,-1
541,1,898,214,162,493,1,1,-1,-1
541,23,1114,293,69,237,1,1,-1,-1
541,288,63,172,284,742,1,1,-1,-1
541,289,278,34,329,897,1,1,-1,-1
542,1,893,213,162,492,1,1,-1,-1
542,23,1101,259,79,270,1,1,-1,-1
542,288,46,167,288,755,1,1,-1,-1
542,289,264,27,334,912,1,1,-1,-1
543,1,888,213,163,491,1,1,-1,-1
543,23,1117,267,130,333,1,1,-1,-1
543,289,251,20,338,928,1,1,-1,-1
544,23,1112,267,130,334,1,1,-1,-1
545,112,567,282,77,264,1,1,-1,-1
546,112,562,282,77,264,1,1,-1,-1
547,112,557,282,77,265,1,1,-1,-1
548,40,866,210,162,488,1,1,-1,-1
548,59,1104,294,71,247,1,1,-1,-1
548,112,552,282,76,265,1,1,-1,-1
549,40,938,208,141,465,1,1,-1,-1
549,59,1101,295,72,249,1,1,-1,-1
549,112,547,282,76,265,1,1,-1,-1
550,40,857,210,163,486,1,1,-1,-1
550,59,1098,296,72,251,1,1,-1,-1
550,112,542,283,76,265,1,1,-1,-1
551,40,853,211,162,486,1,1,-1,-1
551,59,1068,304,79,278,1,1,-1,-1
551,112,538,284,76,267,1,1,-1,-1
552,40,849,213,162,485,1,1,-1,-1
552,59,1072,271,126,340,1,1,-1,-1
552,290,1555,286,133,387,1,1,-1,-1
553,40,845,214,162,485,1,1,-1,-1
553,59,1070,270,126,341,1,1,-1,-1
553,290,1557,286,133,389,1,1,-1,-1
554,40,841,216,162,484,1,1,-1,-1
554,59,1068,270,127,341,1,1,-1,-1
554,290,1558,286,134,391,1,1,-1,-1
555,40,930,213,141,466,1,1,-1,-1
555,59,1061,253,122,328,1,1,-1,-1
555,290,1560,286,134,393,1,1,-1,-1
556,40,929,214,141,466,1,1,-1,-1
556,59,1064,269,128,342,1,1,-1,-1
556,290,1565,286,134,395,1,1,-1,-1
557,40,928,215,141,466,1,1,-1,-1
560,41,1064,272,146,383,1,1,-1,-1
561,41,1074,272,152,384,1,1,-1,-1
561,291,938,219,141,467,1,1,-1,-1
562,41,1053,267,131,344,1,1,-1,-1
562,291,944,220,141,468,1,1,-1,-1
563,41,1095,272,163,388,1,1,-1,-1
563,291,950,221,141,468,1,1,-1,-1
563,292,1299,50,324,1035,1,1,-1,-1
564,41,1065,269,132,348,1,1,-1,-1
564,291,956,222,142,469,1,1,-1,-1
564,292,1303,47,323,1040,1,1,-1,-1
565,41,1071,270,133,350,1,1,-1,-1
565,291,962,223,142,469,1,1,-1,-1
565,292,1302,47,349,1038,1,1,-1,-1
566,41,1077,271,133,352,1,1,-1,-1
566,292,1314,118,345,953,1,1,-1,-1
567,41,1084,273,133,353,1,1,-1,-1
567,292,1300,48,401,1034,1,1,-1,-1
567,293,974,225,142,470,1,1,-1,-1
568,41,1090,274,134,355,1,1,-1,-1
568,293,980,226,142,470,1,1,-1,-1
569,41,1096,275,134,357,1,1,-1,-1
569,293,987,228,142,470,1,1,-1,-1
570,293,990,229,142,470,1,1,-1,-1
571,293,993,230,142,470,1,1,-1,-1
572,294,861,235,160,478,1,1,-1,-1
573,113,1000,232,142,471,1,1,-1,-1
573,294,895,234,153,461,1,1,-1,-1
574,113,1003,233,142,471,1,1,-1,-1
574,294,867,237,157,478,1,1,-1,-1
575,113,1006,234,142,471,1,1,-1,-1
575,294,870,239,156,478,1,1,-1,-1
576,113,1010,235,142,472,1,1,-1,-1
576,294,873,240,154,478,1,1,-1,-1
576,295,1348,59,466,1040,1,1,-1,-1
577,113,1013,236,142,472,1,1,-1,-1
577,295,1360,61,461,1042,1,1,-1,-1
578,113,1016,237,142,472,1,1,-1,-1
578,295,1372,63,456,1043,1,1,-1,-1
579,113,1020,239,142,472,1,1,-1,-1
579,295,1384,66,450,1044,1,1,-1,-1
580,10,1133,285,136,370,1,1,-1,-1
580,295,1396,68,445,1045,1,1,-1,-1
581,10,1136,286,136,371,1,1,-1,-1
581,114,1196,309,94,299,1,1,-1,-1
582,10,1139,287,136,372,1,1,-1,-1
582,24,1420,72,435,1048,1,1,-1,-1
582,114,1195,307,96,301,1,1,-1,-1
583,10,1139,286,136,375,1,1,-1,-1
583,24,1432,75,430,1049,1,1,-1,-1
583,114,1195,306,97,303,1,1,-1,-1
584,10,1139,285,137,378,1,1,-1,-1
584,24,1439,74,429,1047,1,1,-1,-1
584,114,1191,305,98,306,1,1,-1,-1
585,10,1140,285,137,381,1,1,-1,-1
585,24,1446,73,428,1045,1,1,-1,-1
585,114,1188,305,99,308,1,1,-1,-1
586,10,1185,305,100,310,1,1,-1,-1
586,24,1454,72,427,1043,1,1,-1,-1
586,114,1159,336,89,249,1,1,-1,-1
587,10,1141,284,137,387,1,1,-1,-1
587,24,1455,71,427,1045,1,1,-1,-1
587,114,1170,357,85,239,1,1,-1,-1
588,10,1141,283,138,390,1,1,-1,-1
588,24,1457,70,427,1047,1,1,-1,-1
588,115,853,249,146,474,1,1,-1,-1
589,10,1142,283,138,393,1,1,-1,-1
589,24,1459,69,427,1049,1,1,-1,-1
589,115,848,251,145,474,1,1,-1,-1
590,10,1142,282,139,396,1,1,-1,-1
590,24,1461,68,427,1051,1,1,-1,-1
590,115,843,253,145,475,1,1,-1,-1
591,10,1143,282,139,399,1,1,-1,-1
591,24,1462,67,428,1053,1,1,-1,-1
591,115,836,251,148,475,1,1,-1,-1
592,24,1464,66,428,1055,1,1,-1,-1
592,115,829,250,151,474,1,1,-1,-1
592,296,1086,338,69,232,1,1,-1,-1
593,42,1150,281,139,403,1,1,-1,-1
593,115,822,249,154,474,1,1,-1,-1
593,296,1086,338,69,232,1,1,-1,-1
594,42,1161,304,108,330,1,1,-1,-1
594,115,815,248,157,473,1,1,-1,-1
594,296,1086,338,69,232,1,1,-1,-1
595,42,1158,281,139,407,1,1,-1,-1
595,296,1086,338,69,232,1,1,-1,-1
596,42,1182,282,109,335,1,1,-1,-1
596,296,1089,338,69,232,1,1,-1,-1
597,42,1165,280,140,412,1,1,-1,-1
598,6,938,370,45,157,1,1,-1,-1
598,42,1169,280,140,414,1,1,-1,-1
599,6,956,365,39,161,1,1,-1,-1
599,42,1173,280,140,416,1,1,-1,-1
600,6,942,375,45,157,1,1,-1,-1
600,42,1179,308,113,342,1,1,-1,-1
601,6,944,378,45,157,1,1,-1,-1
601,42,1182,309,114,344,1,1,-1,-1
601,297,537,315,89,323,1,1,-1,-1
601,298,1535,258,265,564,1,1,-1,-1
602,6,946,380,45,157,1,1,-1,-1
602,42,1185,310,115,346,1,1,-1,-1
602,297,538,317,90,324,1,1,-1,-1
602,298,1552,258,270,569,1,1,-1,-1
603,6,964,372,39,161,1,1,-1,-1
603,297,542,318,90,325,1,1,-1,-1
603,298,1569,259,275,573,1,1,-1,-1
604,6,950,386,45,157,1,1,-1,-1
604,178,1191,312,117,350,1,1,-1,-1
604,297,546,319,91,326,1,1,-1,-1
604,298,1585,259,281,579,1,1,-1,-1
605,6,970,373,39,161,1,1,-1,-1
605,178,1222,285,137,429,1,1,-1,-1
605,297,550,320,92,327,1,1,-1,-1
605,298,1602,259,286,584,1,1,-1,-1
606,6,959,390,45,157,1,1,-1,-1
606,178,1205,314,118,354,1,1,-1,-1
607,6,978,372,39,161,1,1,-1,-1
607,25,1538,68,430,1121,1,1,-1,-1
607,178,1212,315,119,356,1,1,-1,-1
608,6,968,394,45,157,1,1,-1,-1
608,25,1547,68,447,1141,1,1,-1,-1
608,178,1219,316,120,358,1,1,-1,-1
609,6,985,400,38,131,1,1,-1,-1
609,25,1557,68,464,1161,1,1,-1,-1
609,178,1226,318,121,359,1,1,-1,-1
610,6,989,378,39,160,1,1,-1,-1
610,25,1569,70,462,1158,1,1,-1,-1
611,25,1581,72,461,1156,1,1,-1,-1
612,25,1593,75,460,1153,1,1,-1,-1
613,25,1603,76,458,1150,1,1,-1,-1
614,25,1613,77,457,1148,1,1,-1,-1
614,73,1262,324,125,369,1,1,-1,-1
615,25,1623,78,456,1145,1,1,-1,-1
615,73,1262,324,126,372,1,1,-1,-1
615,179,995,412,45,157,1,1,-1,-1
616,25,1633,79,455,1143,1,1,-1,-1
616,73,1262,324,127,376,1,1,-1,-1
616,179,983,383,53,184,1,1,-1,-1
617,25,1665,139,420,1055,1,1,-1,-1
617,73,1262,324,128,380,1,1,-1,-1
617,179,990,414,45,157,1,1,-1,-1
618,73,1324,301,126,458,1,1,-1,-1
618,179,987,414,45,157,1,1,-1,-1
619,73,1261,324,130,388,1,1,-1,-1
619,74,1666,94,452,1136,1,1,-1,-1
619,179,985,415,45,157,1,1,-1,-1
620,73,1260,324,131,392,1,1,-1,-1
620,74,1678,100,450,1133,1,1,-1,-1
620,179,982,428,40,160,1,1,-1,-1
621,73,1259,325,132,395,1,1,-1,-1
621,74,1679,102,449,1130,1,1,-1,-1
622,74,1681,104,447,1128,1,1,-1,-1
623,74,1683,107,446,1125,1,1,-1,-1
624,2,972,419,45,157,1,1,-1,-1
624,74,1674,107,445,1122,1,1,-1,-1
625,2,970,420,45,157,1,1,-1,-1
625,74,1665,107,444,1119,1,1,-1,-1
626,2,967,421,45,157,1,1,-1,-1
626,74,1656,107,443,1117,1,1,-1,-1
626,299,552,339,92,358,1,1,-1,-1
627,2,962,407,39,161,1,1,-1,-1
627,299,547,339,92,358,1,1,-1,-1
628,2,957,406,39,161,1,1,-1,-1
628,299,542,340,92,358,1,1,-1,-1
628,300,1327,303,124,482,1,1,-1,-1
629,2,958,424,45,157,1,1,-1,-1
629,299,537,340,92,358,1,1,-1,-1
629,300,1235,293,173,513,1,1,-1,-1
630,2,955,425,45,157,1,1,-1,-1
630,299,532,341,92,358,1,1,-1,-1
630,300,1245,323,144,428,1,1,-1,-1
630,301,968,286,147,483,1,1,-1,-1
631,2,952,426,45,157,1,1,-1,-1
631,300,1243,323,146,431,1,1,-1,-1
631,301,968,287,147,483,1,1,-1,-1
632,2,949,427,45,157,1,1,-1,-1
632,300,1241,322,147,435,1,1,-1,-1
632,301,968,288,147,484,1,1,-1,-1
633,2,946,428,45,157,1,1,-1,-1
633,301,968,289,147,484,1,1,-1,-1
634,2,947,429,45,157,1,1,-1,-1
634,60,1238,322,150,442,1,1,-1,-1
634,301,968,291,147,484,1,1,-1,-1
635,2,948,431,45,157,1,1,-1,-1
635,60,1242,320,150,446,1,1,-1,-1
636,2,949,433,45,157,1,1,-1,-1
636,60,1246,319,150,449,1,1,-1,-1
637,2,950,435,45,157,1,1,-1,-1
637,60,1250,317,151,454,1,1,-1,-1
638,2,951,437,45,157,1,1,-1,-1
638,60,1255,316,150,457,1,1,-1,-1
638,75,1709,84,427,1086,1,1,-1,-1
639,11,1106,327,142,454,1,1,-1,-1
639,60,1232,348,121,379,1,1,-1,-1
639,75,1704,84,426,1083,1,1,-1,-1
640,11,1107,327,143,457,1,1,-1,-1
640,60,1263,313,151,465,1,1,-1,-1
640,75,1699,84,425,1081,1,1,-1,-1
641,11,1109,327,146,461,1,1,-1,-1
641,60,1268,312,150,468,1,1,-1,-1
641,75,1695,84,423,1078,1,1,-1,-1
642,11,1111,327,150,466,1,1,-1,-1
642,60,1272,311,151,472,1,1,-1,-1
642,75,1690,84,422,1076,1,1,-1,-1
642,116,978,300,149,486,1,1,-1,-1
643,11,1113,327,153,470,1,1,-1,-1
643,75,1686,85,421,1073,1,1,-1,-1
643,116,982,302,149,486,1,1,-1,-1
644,11,1116,328,156,474,1,1,-1,-1
644,75,1691,86,420,1070,1,1,-1,-1
644,116,986,303,149,487,1,1,-1,-1
644,302,1280,308,152,480,1,1,-1,-1
645,11,1118,328,160,479,1,1,-1,-1
645,75,1697,87,419,1068,1,1,-1,-1
645,116,990,304,149,487,1,1,-1,-1
645,302,1285,307,151,483,1,1,-1,-1
646,11,1120,328,163,483,1,1,-1,-1
646,116,994,306,149,487,1,1,-1,-1
646,302,1289,305,151,487,1,1,-1,-1
646,303,534,362,101,383,1,1,-1,-1
647,11,1123,329,166,487,1,1,-1,-1
647,116,998,307,149,487,1,1,-1,-1
647,302,1293,304,152,491,1,1,-1,-1
647,303,534,362,100,385,1,1,-1,-1
648,11,1125,329,169,491,1,1,-1,-1
648,116,1002,308,149,488,1,1,-1,-1
648,302,1256,348,119,395,1,1,-1,-1
648,303,534,362,100,387,1,1,-1,-1
649,11,1127,329,173,496,1,1,-1,-1
649,303,534,362,100,389,1,1,-1,-1
650,11,1130,330,176,500,1,1,-1,-1
650,303,534,362,100,391,1,1,-1,-1
651,304,1732,94,412,1053,1,1,-1,-1
652,304,1738,96,411,1050,1,1,-1,-1
652,305,1434,292,144,544,1,1,-1,-1
653,304,1744,97,409,1047,1,1,-1,-1
653,305,1435,291,147,547,1,1,-1,-1
653,306,1313,298,159,517,1,1,-1,-1
654,304,1750,98,408,1045,1,1,-1,-1
654,305,1436,289,149,551,1,1,-1,-1
654,306,1314,298,163,522,1,1,-1,-1
655,61,807,411,80,228,1,1,-1,-1
655,304,1756,99,407,1043,1,1,-1,-1
655,305,1437,288,152,553,1,1,-1,-1
655,306,1315,298,167,527,1,1,-1,-1
656,61,801,408,81,230,1,1,-1,-1
656,305,1439,287,153,556,1,1,-1,-1
656,306,1317,298,170,532,1,1,-1,-1
657,61,795,405,82,232,1,1,-1,-1
657,306,1313,296,171,538,1,1,-1,-1
658,61,789,402,83,234,1,1,-1,-1
658,76,510,357,104,412,1,1,-1,-1
659,61,784,400,83,235,1,1,-1,-1
659,76,506,357,105,414,1,1,-1,-1
659,307,1007,301,149,490,1,1,-1,-1
660,61,779,399,84,237,1,1,-1,-1
660,76,502,357,106,416,1,1,-1,-1
660,307,1002,300,149,491,1,1,-1,-1
661,61,774,399,85,238,1,1,-1,-1
661,76,495,357,106,417,1,1,-1,-1
661,307,998,300,149,491,1,1,-1,-1
662,61,770,398,85,240,1,1,-1,-1
662,76,488,357,106,419,1,1,-1,-1
662,307,994,300,149,491,1,1,-1,-1
663,61,765,398,86,241,1,1,-1,-1
663,76,482,357,105,421,1,1,-1,-1
663,307,990,300,149,491,1,1,-1,-1
664,76,475,357,105,423,1,1,-1,-1
665,76,481,357,113,457,1,1,-1,-1
665,117,981,299,150,492,1,1,-1,-1
666,117,977,299,150,492,1,1,-1,-1
666,308,1796,109,391,1058,1,1,-1,-1
667,117,973,299,150,492,1,1,-1,-1
667,308,1793,111,390,1046,1,1,-1,-1
668,117,969,299,150,492,1,1,-1,-1
668,308,1790,113,389,1035,1,1,-1,-1
669,43,1430,274,195,597,1,1,-1,-1
669,117,965,299,150,493,1,1,-1,-1
669,308,1787,115,389,1024,1,1,-1,-1
670,43,1428,273,199,600,1,1,-1,-1
670,117,963,297,150,494,1,1,-1,-1
670,308,1784,117,388,1013,1,1,-1,-1
671,43,1425,327,176,525,1,1,-1,-1
671,117,962,296,150,494,1,1,-1,-1
672,43,1428,271,205,604,1,1,-1,-1
672,180,1775,105,386,1022,1,1,-1,-1
673,26,832,330,167,443,1,1,-1,-1
673,43,1414,239,227,664,1,1,-1,-1
673,180,1770,92,384,1042,1,1,-1,-1
674,26,833,329,167,443,1,1,-1,-1
674,43,1432,269,209,606,1,1,-1,-1
674,77,426,350,114,447,1,1,-1,-1
674,78,724,388,94,260,1,1,-1,-1
674,180,1764,79,383,1062,1,1,-1,-1
675,26,833,329,167,442,1,1,-1,-1
675,43,1434,268,211,606,1,1,-1,-1
675,77,422,350,114,448,1,1,-1,-1
675,78,723,387,96,262,1,1,-1,-1
675,180,1759,66,381,1082,1,1,-1,-1
676,26,833,329,168,441,1,1,-1,-1
676,43,1436,267,214,607,1,1,-1,-1
676,77,417,349,115,451,1,1,-1,-1
676,78,723,386,96,263,1,1,-1,-1
676,118,1066,247,269,740,1,1,-1,-1
676,180,1754,53,379,1102,1,1,-1,-1
677,26,834,328,167,441,1,1,-1,-1
677,43,1437,265,217,609,1,1,-1,-1
677,77,412,348,116,454,1,1,-1,-1
677,78,722,385,97,265,1,1,-1,-1
677,118,1065,242,275,751,1,1,-1,-1
677,180,1733,24,422,1194,1,1,-1,-1
678,26,834,328,168,440,1,1,-1,-1
678,43,1439,264,219,609,1,1,-1,-1
678,77,408,348,117,456,1,1,-1,-1
678,78,722,384,98,267,1,1,-1,-1
678,118,1064,238,280,760,1,1,-1,-1
678,119,846,428,57,182,1,1,-1,-1
679,26,834,328,168,439,1,1,-1,-1
679,77,409,347,118,459,1,1,-1,-1
679,78,724,384,98,268,1,1,-1,-1
679,118,1063,234,286,770,1,1,-1,-1
679,119,832,396,69,221,1,1,-1,-1
680,26,835,328,168,439,1,1,-1,-1
680,77,411,346,119,462,1,1,-1,-1
680,78,726,384,99,270,1,1,-1,-1
680,118,1062,230,292,780,1,1,-1,-1
680,119,835,395,69,223,1,1,-1,-1
681,26,837,326,171,439,1,1,-1,-1
681,77,412,346,121,465,1,1,-1,-1
681,78,728,384,100,272,1,1,-1,-1
681,118,1066,224,298,799,1,1,-1,-1
681,119,838,395,69,223,1,1,-1,-1
682,26,840,325,173,438,1,1,-1,-1
682,118,1071,219,303,818,1,1,-1,-1
682,119,841,394,70,225,1,1,-1,-1
683,26,842,324,176,437,1,1,-1,-1
683,119,844,394,70,226,1,1,-1,-1
683,309,732,384,102,276,1,1,-1,-1
684,62,986,291,151,497,1,1,-1,-1
684,119,847,393,70,227,1,1,-1,-1
684,309,734,385,103,277,1,1,-1,-1
685,62,992,291,151,497,1,1,-1,-1
685,309,740,385,104,279,1,1,-1,-1
686,62,998,291,151,497,1,1,-1,-1
686,309,746,385,105,281,1,1,-1,-1
687,62,1004,291,151,497,1,1,-1,-1
687,309,753,386,105,282,1,1,-1,-1
688,62,1010,291,151,497,1,1,-1,-1
689,44,1088,169,359,966,1,1,-1,-1
689,62,1017,291,151,498,1,1,-1,-1
690,44,1087,160,371,989,1,1,-1,-1
690,62,1020,286,151,499,1,1,-1,-1
691,44,1086,150,382,1014,1,1,-1,-1
691,62,1004,247,180,595,1,1,-1,-1
691,181,890,313,170,429,1,1,-1,-1
692,44,1086,141,393,1037,1,1,-1,-1
692,62,1046,214,230,676,1,1,-1,-1
692,181,893,310,170,429,1,1,-1,-1
693,44,1085,132,405,1060,1,1,-1,-1
693,181,896,307,170,429,1,1,-1,-1
693,182,398,292,159,592,1,1,-1,-1
693,310,1031,273,151,500,1,1,-1,-1
694,44,1084,123,417,1083,1,1,-1,-1
694,181,898,304,171,429,1,1,-1,-1
694,182,428,304,133,495,1,1,-1,-1
694,310,1034,269,152,500,1,1,-1,-1
695,44,1084,114,428,1107,1,1,-1,-1
695,181,901,302,171,429,1,1,-1,-1
695,182,427,299,134,498,1,1,-1,-1
695,183,859,366,79,238,1,1,-1,-1
695,310,1038,265,151,500,1,1,-1,-1
696,44,1091,98,431,1134,1,1,-1,-1
696,181,904,299,171,429,1,1,-1,-1
696,182,426,294,135,501,1,1,-1,-1
696,183,859,363,80,238,1,1,-1,-1
696,310,1041,260,152,501,1,1,-1,-1
697,44,1098,83,434,1161,1,1,-1,-1
697,182,456,309,126,467,1,1,-1,-1
697,183,859,359,81,239,1,1,-1,-1
697,310,1045,256,151,501,1,1,-1,-1
698,44,1105,67,438,1189,1,1,-1,-1
698,120,1475,220,268,637,1,1,-1,-1
698,182,424,284,137,507,1,1,-1,-1
698,183,860,356,82,240,1,1,-1,-1
699,120,1454,215,271,638,1,1,-1,-1
699,121,1052,248,152,502,1,1,-1,-1
699,183,857,351,83,241,1,1,-1,-1
700,120,1433,210,274,638,1,1,-1,-1
700,121,1066,333,136,436,1,1,-1,-1
700,122,1120,36,443,1244,1,1,-1,-1
700,183,855,346,83,243,1,1,-1,-1
701,4,914,282,173,429,1,1,-1,-1
701,120,1394,145,313,724,1,1,-1,-1
701,121,1050,238,152,503,1,1,-1,-1
701,122,1127,21,447,1270,1,1,-1,-1
702,4,914,276,173,429,1,1,-1,-1
702,120,1407,201,275,641,1,1,-1,-1
702,121,1050,234,152,503,1,1,-1,-1
702,122,1134,5,450,1298,1,1,-1,-1
703,4,914,270,173,429,1,1,-1,-1
703,120,1402,196,273,644,1,1,-1,-1
703,121,1049,229,152,504,1,1,-1,-1
703,122,1142,-10,452,1325,1,1,-1,-1
704,4,914,264,173,430,1,1,-1,-1
704,120,1396,191,272,647,1,1,-1,-1
704,121,1048,225,153,504,1,1,-1,-1
704,122,1149,-26,456,1353,1,1,-1,-1
705,4,914,258,173,430,1,1,-1,-1
705,121,1048,220,152,505,1,1,-1,-1
705,122,1156,-41,459,1380,1,1,-1,-1
706,4,914,252,173,430,1,1,-1,-1
706,122,1164,-56,462,1407,1,1,-1,-1
706,311,1526,-9,459,1183,1,1,-1,-1
707,4,914,246,173,431,1,1,-1,-1
707,311,1540,-27,468,1210,1,1,-1,-1
708,4,914,240,173,431,1,1,-1,-1
708,311,1554,-46,478,1238,1,1,-1,-1
709,4,914,234,173,431,1,1,-1,-1
709,311,1568,-64,487,1265,1,1,-1,-1
710,4,914,228,174,432,1,1,-1,-1
710,311,1582,-82,497,1292,1,1,-1,-1
711,4,913,225,174,433,1,1,-1,-1
712,4,912,223,174,433,1,1,-1,-1
712,79,1354,152,259,671,1,1,-1,-1
712,312,820,297,92,262,1,1,-1,-1
713,4,911,221,174,433,1,1,-1,-1
713,79,1348,147,258,674,1,1,-1,-1
713,312,832,286,93,262,1,1,-1,-1
714,4,910,219,175,433,1,1,-1,-1
714,79,1343,142,256,677,1,1,-1,-1
714,312,830,281,95,265,1,1,-1,-1
715,79,1338,137,255,680,1,1,-1,-1
715,312,829,276,96,267,1,1,-1,-1
716,79,1332,132,254,683,1,1,-1,-1
716,184,908,215,175,433,1,1,-1,-1
716,312,828,272,97,269,1,1,-1,-1
717,79,1327,127,252,686,1,1,-1,-1
717,123,751,251,133,353,1,1,-1,-1
717,184,907,212,176,434,1,1,-1,-1
718,79,1322,122,250,689,1,1,-1,-1
718,123,747,247,134,357,1,1,-1,-1
718,184,906,210,176,434,1,1,-1,-1
718,313,1231,319,77,207,1,1,-1,-1
719,79,1316,117,249,692,1,1,-1,-1
719,123,744,243,135,362,1,1,-1,-1
719,184,905,208,176,434,1,1,-1,-1
719,313,1234,317,76,208,1,1,-1,-1
720,123,741,240,135,366,1,1,-1,-1
720,184,905,206,176,434,1,1,-1,-1
720,313,1236,314,77,210,1,1,-1,-1
721,123,738,236,136,370,1,1,-1,-1
721,184,938,200,187,462,1,1,-1,-1
721,313,1239,311,77,212,1,1,-1,-1
722,123,735,232,136,375,1,1,-1,-1
722,313,1242,309,77,213,1,1,-1,-1
723,123,732,229,137,379,1,1,-1,-1
723,185,1326,-240,900,1591,1,1,-1,-1
724,185,1342,-238,888,1589,1,1,-1,-1
725,185,1358,-236,876,1587,1,1,-1,-1
726,185,1374,-234,864,1585,1,1,-1,-1
727,124,719,214,140,396,1,1,-1,-1
727,185,1391,-231,852,1582,1,1,-1,-1
728,124,716,211,140,400,1,1,-1,-1
728,185,1532,-239,763,1590,1,1,-1,-1
728,314,1051,148,155,514,1,1,-1,-1
729,80,1238,293,78,225,1,1,-1,-1
729,124,713,207,141,405,1,1,-1,-1
729,314,1042,147,155,514,1,1,-1,-1
729,315,778,238,111,298,1,1,-1,-1
730,80,1233,292,78,226,1,1,-1,-1
730,124,710,204,141,408,1,1,-1,-1
730,314,1033,147,155,514,1,1,-1,-1
730,315,774,236,112,300,1,1,-1,-1
731,80,1228,291,78,228,1,1,-1,-1
731,124,707,200,142,413,1,1,-1,-1
731,186,888,184,176,435,1,1,-1,-1
731,314,1024,146,156,515,1,1,-1,-1
731,315,769,234,113,302,1,1,-1,-1
732,80,1223,290,79,230,1,1,-1,-1
732,124,710,210,124,364,1,1,-1,-1
732,186,881,184,174,435,1,1,-1,-1
732,314,1016,146,155,515,1,1,-1,-1
732,315,765,232,114,304,1,1,-1,-1
733,80,1217,287,79,232,1,1,-1,-1
733,124,701,193,143,421,1,1,-1,-1
733,186,873,183,172,436,1,1,-1,-1
733,315,761,230,115,306,1,1,-1,-1
734,80,1212,285,79,233,1,1,-1,-1
734,186,866,183,170,436,1,1,-1,-1
735,80,1206,282,80,235,1,1,-1,-1
735,186,859,182,167,437,1,1,-1,-1
736,80,1201,280,80,236,1,1,-1,-1
736,186,851,182,166,436,1,1,-1,-1
741,316,590,162,177,463,1,1,-1,-1
742,316,573,159,182,468,1,1,-1,-1
743,316,557,157,185,476,1,1,-1,-1
744,316,541,156,189,484,1,1,-1,-1
745,125,903,140,155,521,1,1,-1,-1
745,316,525,154,193,493,1,1,-1,-1
746,125,894,139,156,522,1,1,-1,-1
747,125,885,139,156,522,1,1,-1,-1
748,125,904,174,139,465,1,1,-1,-1
749,125,867,140,156,522,1,1,-1,-1
750,125,857,141,156,523,1,1,-1,-1
751,125,848,143,156,523,1,1,-1,-1
754,187,401,139,239,566,1,1,-1,-1
755,187,391,136,245,574,1,1,-1,-1
756,187,386,135,245,580,1,1,-1,-1
757,3,1033,223,128,356,1,1,-1,-1
757,187,381,134,245,587,1,1,-1,-1
758,3,1034,223,130,359,1,1,-1,-1
758,187,376,134,245,593,1,1,-1,-1
759,3,1036,224,131,362,1,1,-1,-1
759,187,373,134,247,599,1,1,-1,-1
759,317,830,168,156,527,1,1,-1,-1
760,3,1038,224,132,365,1,1,-1,-1
760,317,830,170,156,527,1,1,-1,-1
761,3,1040,225,133,368,1,1,-1,-1
761,188,624,264,114,337,1,1,-1,-1
761,317,831,172,156,527,1,1,-1,-1
762,3,965,247,143,364,1,1,-1,-1
762,188,625,266,116,339,1,1,-1,-1
762,317,831,170,156,527,1,1,-1,-1
762,318,366,136,251,617,1,1,-1,-1
763,3,966,245,149,370,1,1,-1,-1
763,188,627,268,116,341,1,1,-1,-1
763,317,832,168,156,528,1,1,-1,-1
763,318,364,137,252,622,1,1,-1,-1
764,3,966,244,155,374,1,1,-1,-1
764,188,628,270,117,343,1,1,-1,-1
764,318,362,138,254,628,1,1,-1,-1
765,3,1048,227,138,381,1,1,-1,-1
765,188,630,272,118,345,1,1,-1,-1
765,318,362,138,258,638,1,1,-1,-1
766,3,966,240,167,386,1,1,-1,-1
766,188,629,270,117,345,1,1,-1,-1
766,318,369,147,265,652,1,1,-1,-1
767,3,967,239,173,390,1,1,-1,-1
768,3,967,237,179,396,1,1,-1,-1
768,189,358,127,271,669,1,1,-1,-1
769,3,1051,215,157,401,1,1,-1,-1
769,189,355,116,274,680,1,1,-1,-1
770,3,967,234,191,406,1,1,-1,-1
770,189,352,105,276,690,1,1,-1,-1
771,3,1040,197,160,427,1,1,-1,-1
771,189,349,94,279,701,1,1,-1,-1
772,189,346,84,282,711,1,1,-1,-1
773,81,964,226,191,420,1,1,-1,-1
773,189,337,76,286,731,1,1,-1,-1
774,81,962,223,189,424,1,1,-1,-1
775,81,960,220,186,428,1,1,-1,-1
776,81,958,216,183,433,1,1,-1,-1
776,319,691,195,160,444,1,1,-1,-1
777,81,956,213,181,437,1,1,-1,-1
777,319,686,193,159,445,1,1,-1,-1
778,81,954,210,178,441,1,1,-1,-1
778,319,680,192,160,444,1,1,-1,-1
779,81,953,207,175,446,1,1,-1,-1
779,319,674,190,160,444,1,1,-1,-1
780,81,952,206,172,451,1,1,-1,-1
780,319,669,189,160,444,1,1,-1,-1
786,7,939,278,85,236,1,1,-1,-1
787,7,941,278,86,237,1,1,-1,-1
788,7,943,278,86,238,1,1,-1,-1
789,7,945,278,86,239,1,1,-1,-1
790,7,947,278,87,240,1,1,-1,-1
791,7,949,278,87,241,1,1,-1,-1
791,82,686,193,160,448,1,1,-1,-1
792,7,951,278,87,242,1,1,-1,-1
792,82,694,196,160,448,1,1,-1,-1
793,7,954,278,87,243,1,1,-1,-1
793,82,702,199,160,448,1,1,-1,-1
794,7,961,280,87,244,1,1,-1,-1
794,82,710,202,160,448,1,1,-1,-1
795,7,968,283,88,245,1,1,-1,-1
795,82,718,205,160,448,1,1,-1,-1
796,7,975,286,88,246,1,1,-1,-1
796,82,725,208,160,449,1,1,-1,-1
797,7,983,289,88,247,1,1,-1,-1
797,82,733,211,160,449,1,1,-1,-1
798,7,990,292,89,248,1,1,-1,-1
798,82,741,214,160,449,1,1,-1,-1
799,320,491,248,159,453,1,1,-1,-1
800,27,-12,-181,617,1485,1,1,-1,-1
800,320,492,251,161,456,1,1,-1,-1
801,27,-27,-194,627,1502,1,1,-1,-1
801,320,494,254,162,460,1,1,-1,-1
802,27,-43,-206,639,1519,1,1,-1,-1
802,320,495,252,163,466,1,1,-1,-1
803,27,-58,-219,649,1536,1,1,-1,-1
803,320,496,250,165,472,1,1,-1,-1
804,27,-126,-338,743,1749,1,1,-1,-1
805,27,-89,-244,670,1569,1,1,-1,-1
805,190,777,219,160,450,1,1,-1,-1
806,27,-105,-257,681,1586,1,1,-1,-1
806,190,751,166,185,521,1,1,-1,-1
807,27,-120,-269,692,1603,1,1,-1,-1
807,190,759,138,223,626,1,1,-1,-1
808,27,-158,-269,681,1595,1,1,-1,-1
808,190,884,178,161,530,1,1,-1,-1
809,27,-195,-268,669,1587,1,1,-1,-1
809,190,888,173,161,530,1,1,-1,-1
810,27,-232,-267,657,1578,1,1,-1,-1
810,190,889,173,160,531,1,1,-1,-1
810,321,748,268,82,276,1,1,-1,-1
811,321,746,267,82,278,1,1,-1,-1
812,126,892,175,159,532,1,1,-1,-1
812,321,743,266,82,280,1,1,-1,-1
813,126,893,176,159,532,1,1,-1,-1
813,321,741,266,82,281,1,1,-1,-1
814,126,894,177,159,532,1,1,-1,-1
814,321,738,263,82,282,1,1,-1,-1
815,126,896,178,158,533,1,1,-1,-1
816,126,895,178,157,534,1,1,-1,-1
817,126,894,179,156,534,1,1,-1,-1
817,191,773,220,160,455,1,1,-1,-1
818,126,893,180,156,535,1,1,-1,-1
818,191,770,220,160,457,1,1,-1,-1
818,322,1272,70,347,913,1,1,-1,-1
819,191,767,221,160,457,1,1,-1,-1
819,322,1275,63,357,935,1,1,-1,-1
820,191,764,222,160,458,1,1,-1,-1
820,322,1119,96,339,983,1,1,-1,-1
821,191,761,223,160,459,1,1,-1,-1
821,322,1122,81,355,1011,1,1,-1,-1
822,191,758,221,162,459,1,1,-1,-1
822,322,1125,66,371,1038,1,1,-1,-1
824,323,1131,36,403,1093,1,1,-1,-1
825,192,96,-32,346,1111,1,1,-1,-1
825,323,1134,22,420,1120,1,1,-1,-1
826,192,79,-45,356,1146,1,1,-1,-1
826,323,1131,8,463,1148,1,1,-1,-1
827,192,62,-58,366,1182,1,1,-1,-1
827,323,1379,-127,387,1274,1,1,-1,-1
827,324,697,247,89,303,1,1,-1,-1
828,192,45,-71,376,1217,1,1,-1,-1
828,323,1059,-178,707,1548,1,1,-1,-1
828,324,697,246,91,305,1,1,-1,-1
829,12,1448,-60,363,1147,1,1,-1,-1
829,192,28,-84,386,1253,1,1,-1,-1
829,324,696,245,93,307,1,1,-1,-1
830,12,1122,-45,635,1259,1,1,-1,-1
830,192,12,-97,395,1289,1,1,-1,-1
830,324,695,244,96,309,1,1,-1,-1
830,325,736,211,184,457,1,1,-1,-1
831,12,1120,-58,678,1287,1,1,-1,-1
831,324,694,243,98,311,1,1,-1,-1
831,325,743,211,184,458,1,1,-1,-1
832,12,1123,-74,721,1315,1,1,-1,-1
832,325,750,212,185,458,1,1,-1,-1
833,12,1127,-89,764,1343,1,1,-1,-1
833,325,758,213,185,458,1,1,-1,-1
833,326,1093,293,106,284,1,1,-1,-1
834,12,1555,-133,439,1275,1,1,-1,-1
834,193,353,192,228,715,1,1,-1,-1
834,325,765,213,186,459,1,1,-1,-1
834,326,1085,262,120,321,1,1,-1,-1
835,12,1134,-120,850,1399,1,1,-1,-1
835,193,348,192,233,726,1,1,-1,-1
835,326,1107,295,106,284,1,1,-1,-1
836,12,1196,-135,829,1419,1,1,-1,-1
836,193,346,189,237,739,1,1,-1,-1
836,326,1114,296,106,284,1,1,-1,-1
837,12,1258,-150,809,1440,1,1,-1,-1
837,193,345,186,241,752,1,1,-1,-1
837,326,1121,295,106,287,1,1,-1,-1
838,12,1320,-165,788,1460,1,1,-1,-1
838,193,343,183,246,765,1,1,-1,-1
839,12,1382,-180,768,1481,1,1,-1,-1
839,127,578,207,241,693,1,1,-1,-1
839,193,342,181,250,778,1,1,-1,-1
840,12,1444,-195,748,1502,1,1,-1,-1
840,127,579,202,245,700,1,1,-1,-1
840,194,810,218,189,462,1,1,-1,-1
841,127,580,198,249,707,1,1,-1,-1
841,194,810,214,191,462,1,1,-1,-1
842,127,578,191,254,724,1,1,-1,-1
842,194,811,210,192,462,1,1,-1,-1
843,127,577,184,258,742,1,1,-1,-1
843,194,812,206,193,462,1,1,-1,-1
844,127,576,177,262,760,1,1,-1,-1
844,128,747,226,100,353,1,1,-1,-1
844,194,812,202,195,462,1,1,-1,-1
845,127,544,116,299,875,1,1,-1,-1
845,128,749,222,102,359,1,1,-1,-1
845,194,813,198,197,463,1,1,-1,-1
846,128,752,218,104,365,1,1,-1,-1
846,327,1356,352,21,79,1,1,-1,-1
847,128,746,213,109,371,1,1,-1,-1
847,327,1355,347,22,80,1,1,-1,-1
848,128,741,208,113,378,1,1,-1,-1
848,327,1354,309,28,99,1,1,-1,-1
849,128,736,204,118,384,1,1,-1,-1
849,327,1353,339,25,80,1,1,-1,-1
850,128,730,199,118,384,1,1,-1,-1
850,327,1353,335,26,80,1,1,-1,-1
851,83,1748,318,41,122,1,1,-1,-1
852,83,1754,312,35,125,1,1,-1,-1
853,83,1755,309,35,119,1,1,-1,-1
854,83,1757,306,35,113,1,1,-1,-1
855,45,177,37,363,1065,1,1,-1,-1
855,83,1759,303,35,107,1,1,-1,-1
856,45,153,29,377,1094,1,1,-1,-1
856,83,1760,300,36,108,1,1,-1,-1
856,195,693,170,123,392,1,1,-1,-1
857,45,126,12,389,1132,1,1,-1,-1
857,83,1762,297,36,110,1,1,-1,-1
857,195,684,165,129,400,1,1,-1,-1
858,45,100,-4,401,1170,1,1,-1,-1
858,83,1764,294,36,111,1,1,-1,-1
858,195,675,160,134,407,1,1,-1,-1
859,45,74,-20,413,1208,1,1,-1,-1
859,195,666,154,140,416,1,1,-1,-1
860,45,47,-37,426,1247,1,1,-1,-1
860,195,657,149,145,423,1,1,-1,-1
861,45,21,-53,438,1285,1,1,-1,-1
861,195,648,144,151,431,1,1,-1,-1
862,45,-5,-69,450,1323,1,1,-1,-1
862,328,797,149,180,466,1,1,-1,-1
863,45,-41,-85,468,1358,1,1,-1,-1
863,328,797,149,180,467,1,1,-1,-1
864,45,-77,-101,486,1393,1,1,-1,-1
864,328,797,150,179,467,1,1,-1,-1
865,328,797,150,178,468,1,1,-1,-1
865,329,1397,280,36,119,1,1,-1,-1
866,28,1780,273,36,121,1,1,-1,-1
866,328,796,151,179,468,1,1,-1,-1
866,329,1398,278,36,119,1,1,-1,-1
867,28,1782,270,36,123,1,1,-1,-1
867,329,1399,277,36,119,1,1,-1,-1
868,28,1784,268,37,124,1,1,-1,-1
868,196,796,152,177,469,1,1,-1,-1
868,329,1400,275,36,119,1,1,-1,-1
869,28,1787,266,37,124,1,1,-1,-1
869,129,612,140,163,478,1,1,-1,-1
869,196,796,152,177,470,1,1,-1,-1
869,329,1402,274,36,119,1,1,-1,-1
870,28,1790,265,37,124,1,1,-1,-1
870,129,609,141,163,483,1,1,-1,-1
870,196,796,153,176,470,1,1,-1,-1
871,28,1794,264,37,124,1,1,-1,-1
871,129,606,142,163,488,1,1,-1,-1
871,196,795,153,176,470,1,1,-1,-1
872,28,1808,287,34,100,1,1,-1,-1
872,129,601,143,162,491,1,1,-1,-1
872,196,795,154,176,470,1,1,-1,-1
873,28,1808,287,34,99,1,1,-1,-1
873,129,596,145,162,493,1,1,-1,-1
873,196,795,154,175,471,1,1,-1,-1
873,330,705,207,115,363,1,1,-1,-1
874,28,1809,288,34,97,1,1,-1,-1
874,84,1459,296,25,63,1,1,-1,-1
874,129,591,146,162,496,1,1,-1,-1
874,330,702,209,118,365,1,1,-1,-1
874,331,1862,274,37,92,1,1,-1,-1
875,28,1809,289,34,95,1,1,-1,-1
875,84,1459,296,25,63,1,1,-1,-1
875,129,586,148,162,498,1,1,-1,-1
875,330,699,210,121,368,1,1,-1,-1
875,331,1862,274,37,96,1,1,-1,-1
876,28,1810,290,34,93,1,1,-1,-1
876,84,1460,296,25,63,1,1,-1,-1
876,330,696,212,123,370,1,1,-1,-1
876,331,1862,274,37,100,1,1,-1,-1
877,84,1460,296,25,63,1,1,-1,-1
877,330,693,214,126,372,1,1,-1,-1
877,331,1859,274,37,100,1,1,-1,-1
877,332,1181,204,104,362,1,1,-1,-1
878,84,1461,296,25,63,1,1,-1,-1
878,331,1857,275,37,100,1,1,-1,-1
878,332,1182,204,105,362,1,1,-1,-1
878,333,1327,291,32,86,1,1,-1,-1
878,334,1628,275,33,103,1,1,-1,-1
879,84,1462,296,25,63,1,1,-1,-1
879,332,1183,203,105,364,1,1,-1,-1
879,333,1328,292,31,85,1,1,-1,-1
879,334,1628,274,33,103,1,1,-1,-1
880,84,1460,296,25,63,1,1,-1,-1
880,332,1183,202,107,365,1,1,-1,-1
880,333,1329,293,30,85,1,1,-1,-1
880,334,1626,274,33,103,1,1,-1,-1
880,335,529,96,237,627,1,1,-1,-1
880,336,794,158,172,474,1,1,-1,-1
881,84,1458,297,25,63,1,1,-1,-1
881,332,1184,201,108,367,1,1,-1,-1
881,333,1326,293,30,85,1,1,-1,-1
881,334,1625,275,33,102,1,1,-1,-1
881,335,529,144,204,530,1,1,-1,-1
881,336,788,158,173,474,1,1,-1,-1
882,197,1827,265,39,124,1,1,-1,-1
882,333,1323,293,31,85,1,1,-1,-1
882,334,1624,275,33,103,1,1,-1,-1
882,335,517,142,212,539,1,1,-1,-1
882,336,783,158,173,475,1,1,-1,-1
883,197,1838,280,37,100,1,1,-1,-1
883,335,506,140,220,548,1,1,-1,-1
883,336,778,158,173,475,1,1,-1,-1
884,197,1826,268,42,123,1,1,-1,-1
884,335,491,136,229,556,1,1,-1,-1
884,336,773,158,173,476,1,1,-1,-1
884,337,1181,200,111,371,1,1,-1,-1
885,197,1825,269,44,123,1,1,-1,-1
885,337,1176,200,113,373,1,1,-1,-1
886,197,1821,286,37,100,1,1,-1,-1
886,198,933,123,166,523,1,1,-1,-1
886,337,1172,200,114,376,1,1,-1,-1
887,197,1816,288,37,100,1,1,-1,-1
887,198,925,122,168,523,1,1,-1,-1
887,337,1167,202,115,379,1,1,-1,-1
888,198,918,121,169,523,1,1,-1,-1
888,337,1162,205,117,381,1,1,-1,-1
889,198,905,122,172,523,1,1,-1,-1
889,199,1764,293,34,93,1,1,-1,-1
890,198,892,124,175,522,1,1,-1,-1
890,199,1754,294,34,93,1,1,-1,-1
891,198,879,125,178,523,1,1,-1,-1
891,199,1741,300,34,93,1,1,-1,-1
892,199,1728,306,34,93,1,1,-1,-1
893,199,1716,312,34,93,1,1,-1,-1
893,200,313,83,297,653,1,1,-1,-1
894,199,1732,305,37,100,1,1,-1,-1
894,200,290,78,305,663,1,1,-1,-1
895,200,275,74,308,680,1,1,-1,-1
895,201,1700,319,34,93,1,1,-1,-1
896,200,261,70,311,697,1,1,-1,-1
896,201,1692,323,34,93,1,1,-1,-1
897,200,247,67,314,713,1,1,-1,-1
897,201,1685,327,34,93,1,1,-1,-1
898,200,232,63,317,730,1,1,-1,-1
898,201,1684,328,34,93,1,1,-1,-1
899,201,1679,328,29,78,1,1,-1,-1
900,201,1684,330,34,93,1,1,-1,-1
