1,103,1686,387,171,345,1,1,-1,-1
1,160,1292,459,70,202,1,1,-1,-1
1,215,1886,327,156,404,1,1,-1,-1
2,103,1685,386,170,347,1,1,-1,-1
2,160,1293,458,71,203,1,1,-1,-1
2,215,1880,357,151,391,1,1,-1,-1
3,103,1684,386,170,348,1,1,-1,-1
3,160,1295,457,72,204,1,1,-1,-1
3,215,1894,294,175,455,1,1,-1,-1
4,103,1683,385,169,351,1,1,-1,-1
4,160,1297,456,73,205,1,1,-1,-1
4,215,1878,325,158,410,1,1,-1,-1
5,103,1683,385,168,352,1,1,-1,-1
5,160,1298,455,75,206,1,1,-1,-1
6,103,1682,384,168,354,1,1,-1,-1
6,129,270,448,102,264,1,1,-1,-1
7,103,1681,384,167,356,1,1,-1,-1
7,129,272,448,103,264,1,1,-1,-1
8,129,274,448,103,264,1,1,-1,-1
9,129,276,448,104,264,1,1,-1,-1
10,129,278,447,104,265,1,1,-1,-1
11,129,240,441,121,305,1,1,-1,-1
11,161,1309,451,82,210,1,1,-1,-1
12,161,1310,451,81,210,1,1,-1,-1
13,161,1312,452,80,209,1,1,-1,-1
14,161,1314,452,79,209,1,1,-1,-1
15,161,1316,453,78,208,1,1,-1,-1
18,162,1802,440,73,184,1,1,-1,-1
19,162,1804,440,72,184,1,1,-1,-1
20,162,1806,440,71,184,1,1,-1,-1
21,162,1808,440,71,184,1,1,-1,-1
22,162,1810,440,70,184,1,1,-1,-1
23,104,1639,376,183,386,1,1,-1,-1
24,104,1637,375,183,388,1,1,-1,-1
24,163,1813,440,70,183,1,1,-1,-1
25,19,1827,313,167,450,1,1,-1,-1
25,104,1636,374,181,390,1,1,-1,-1
25,163,1815,440,69,183,1,1,-1,-1
26,19,1824,313,168,451,1,1,-1,-1
26,104,1634,373,181,392,1,1,-1,-1
26,130,1329,457,74,206,1,1,-1,-1
26,163,1816,440,69,182,1,1,-1,-1
27,19,1822,312,168,454,1,1,-1,-1
27,104,1633,372,179,394,1,1,-1,-1
27,130,1330,457,74,206,1,1,-1,-1
27,163,1818,440,68,182,1,1,-1,-1
28,19,1819,312,169,455,1,1,-1,-1
28,104,1631,371,179,396,1,1,-1,-1
28,130,1330,457,74,206,1,1,-1,-1
28,163,1820,440,67,182,1,1,-1,-1
29,19,1817,311,169,457,1,1,-1,-1
29,104,1630,371,177,398,1,1,-1,-1
29,130,1331,457,74,206,1,1,-1,-1
30,19,1814,311,170,459,1,1,-1,-1
30,130,1331,457,75,206,1,1,-1,-1
31,19,1812,310,170,461,1,1,-1,-1
31,130,1332,457,74,207,1,1,-1,-1
32,19,1810,309,170,463,1,1,-1,-1
33,19,1807,309,171,465,1,1,-1,-1
33,23,1333,457,75,207,1,1,-1,-1
33,105,324,443,100,259,1,1,-1,-1
34,19,1805,308,171,467,1,1,-1,-1
34,23,1333,457,75,207,1,1,-1,-1
34,105,324,444,99,260,1,1,-1,-1
35,8,1313,534,52,130,1,1,-1,-1
35,19,1802,308,172,468,1,1,-1,-1
35,23,1334,457,75,207,1,1,-1,-1
35,105,325,444,97,261,1,1,-1,-1
36,8,1313,534,51,129,1,1,-1,-1
36,19,1800,307,172,471,1,1,-1,-1
36,23,1334,457,76,208,1,1,-1,-1
36,105,325,445,96,262,1,1,-1,-1
37,8,1313,534,51,129,1,1,-1,-1
37,19,1797,307,173,472,1,1,-1,-1
37,23,1335,457,75,208,1,1,-1,-1
37,105,325,445,95,264,1,1,-1,-1
38,8,1313,534,51,129,1,1,-1,-1
38,19,1795,306,173,474,1,1,-1,-1
38,23,1335,457,76,208,1,1,-1,-1
38,105,326,446,93,265,1,1,-1,-1
39,8,1313,534,51,129,1,1,-1,-1
39,19,1792,306,174,476,1,1,-1,-1
39,23,1336,457,76,208,1,1,-1,-1
39,105,332,444,100,268,1,1,-1,-1
40,8,1313,534,51,129,1,1,-1,-1
40,19,1790,305,174,478,1,1,-1,-1
40,23,1336,457,76,208,1,1,-1,-1
41,8,1313,534,51,129,1,1,-1,-1
41,23,1337,457,76,209,1,1,-1,-1
41,164,344,440,114,276,1,1,-1,-1
42,8,1313,534,51,129,1,1,-1,-1
42,23,1337,457,77,209,1,1,-1,-1
42,164,346,439,114,277,1,1,-1,-1
43,8,1313,534,51,129,1,1,-1,-1
43,23,1338,457,76,209,1,1,-1,-1
43,106,216,452,91,251,1,1,-1,-1
43,164,348,439,115,277,1,1,-1,-1
44,8,1313,534,51,129,1,1,-1,-1
44,23,1338,457,77,209,1,1,-1,-1
44,106,215,453,91,248,1,1,-1,-1
44,164,350,438,115,278,1,1,-1,-1
45,8,1313,534,51,129,1,1,-1,-1
45,23,1339,457,77,209,1,1,-1,-1
45,106,214,454,91,245,1,1,-1,-1
45,164,352,438,116,278,1,1,-1,-1
46,8,1313,534,51,129,1,1,-1,-1
46,23,1324,413,83,227,1,1,-1,-1
46,106,213,455,91,243,1,1,-1,-1
46,165,1781,297,180,494,1,1,-1,-1
47,8,1313,534,51,129,1,1,-1,-1
47,23,1340,457,77,210,1,1,-1,-1
47,106,213,455,91,243,1,1,-1,-1
47,165,1779,295,181,497,1,1,-1,-1
48,8,1313,534,51,129,1,1,-1,-1
48,106,214,455,91,244,1,1,-1,-1
48,131,1588,357,187,435,1,1,-1,-1
48,165,1778,293,182,500,1,1,-1,-1
48,166,323,252,296,619,1,1,-1,-1
49,8,1313,534,51,129,1,1,-1,-1
49,106,214,455,91,245,1,1,-1,-1
49,131,1585,357,189,436,1,1,-1,-1
49,165,1776,292,184,502,1,1,-1,-1
49,166,338,252,303,616,1,1,-1,-1
49,167,350,437,105,279,1,1,-1,-1
50,8,1313,534,51,129,1,1,-1,-1
50,131,1582,356,190,438,1,1,-1,-1
50,165,1775,290,185,505,1,1,-1,-1
50,166,353,252,310,613,1,1,-1,-1
50,167,350,437,102,280,1,1,-1,-1
51,8,1313,534,51,129,1,1,-1,-1
51,131,1580,355,191,441,1,1,-1,-1
51,132,1860,438,56,180,1,1,-1,-1
51,166,369,253,316,609,1,1,-1,-1
51,167,356,436,108,280,1,1,-1,-1
52,8,1313,534,51,129,1,1,-1,-1
52,81,1341,458,79,210,1,1,-1,-1
52,131,1577,355,193,442,1,1,-1,-1
52,132,1862,438,55,180,1,1,-1,-1
52,166,374,257,325,606,1,1,-1,-1
52,167,363,436,113,280,1,1,-1,-1
53,8,1313,534,51,129,1,1,-1,-1
53,81,1341,458,79,210,1,1,-1,-1
53,131,1574,354,195,444,1,1,-1,-1
53,132,1864,438,55,180,1,1,-1,-1
53,167,370,436,118,280,1,1,-1,-1
54,8,1313,534,51,129,1,1,-1,-1
54,81,1341,458,79,210,1,1,-1,-1
54,132,1866,438,54,180,1,1,-1,-1
54,133,385,265,343,600,1,1,-1,-1
55,8,1313,534,51,129,1,1,-1,-1
55,81,1341,458,79,210,1,1,-1,-1
55,132,1868,438,54,180,1,1,-1,-1
55,133,410,264,324,596,1,1,-1,-1
56,8,1313,534,51,129,1,1,-1,-1
56,81,1341,458,79,210,1,1,-1,-1
56,82,371,434,115,280,1,1,-1,-1
56,132,1869,437,57,180,1,1,-1,-1
56,133,435,263,305,592,1,1,-1,-1
57,8,1313,534,51,129,1,1,-1,-1
57,81,1341,458,79,210,1,1,-1,-1
57,82,372,434,114,280,1,1,-1,-1
57,133,460,262,286,588,1,1,-1,-1
58,8,1313,534,50,128,1,1,-1,-1
58,81,1341,458,79,210,1,1,-1,-1
58,82,370,434,116,278,1,1,-1,-1
58,133,485,261,267,584,1,1,-1,-1
59,81,1341,458,79,210,1,1,-1,-1
59,82,369,434,117,276,1,1,-1,-1
59,133,511,260,247,581,1,1,-1,-1
59,168,1537,349,203,456,1,1,-1,-1
60,82,368,435,118,274,1,1,-1,-1
60,168,1530,348,205,458,1,1,-1,-1
60,169,1300,522,54,139,1,1,-1,-1
61,62,1341,458,79,210,1,1,-1,-1
61,82,373,435,115,273,1,1,-1,-1
61,168,1523,347,206,460,1,1,-1,-1
61,169,1313,534,50,128,1,1,-1,-1
62,62,1341,458,79,210,1,1,-1,-1
62,82,379,435,111,272,1,1,-1,-1
62,168,1516,346,208,462,1,1,-1,-1
62,169,1313,534,50,128,1,1,-1,-1
63,62,1341,458,79,210,1,1,-1,-1
63,82,384,435,109,271,1,1,-1,-1
63,168,1509,345,210,464,1,1,-1,-1
63,169,1313,534,50,128,1,1,-1,-1
64,62,1340,458,80,210,1,1,-1,-1
64,169,1313,534,50,128,1,1,-1,-1
65,17,603,277,285,558,1,1,-1,-1
65,50,215,473,94,234,1,1,-1,-1
65,62,1340,458,80,210,1,1,-1,-1
66,17,619,280,291,555,1,1,-1,-1
66,50,221,474,94,235,1,1,-1,-1
66,62,1340,458,80,210,1,1,-1,-1
66,134,1509,345,203,468,1,1,-1,-1
67,17,635,280,283,552,1,1,-1,-1
67,24,1727,276,201,550,1,1,-1,-1
67,50,226,474,94,236,1,1,-1,-1
67,62,1340,458,80,210,1,1,-1,-1
67,134,1509,345,201,469,1,1,-1,-1
67,135,403,435,105,271,1,1,-1,-1
68,17,651,280,275,549,1,1,-1,-1
68,24,1723,274,202,553,1,1,-1,-1
68,50,232,475,93,236,1,1,-1,-1
68,62,1340,458,80,210,1,1,-1,-1
68,134,1509,345,199,471,1,1,-1,-1
68,135,405,434,111,274,1,1,-1,-1
69,17,668,280,266,546,1,1,-1,-1
69,24,1719,273,203,555,1,1,-1,-1
69,50,238,476,92,236,1,1,-1,-1
69,62,1340,458,80,210,1,1,-1,-1
69,134,1509,345,197,472,1,1,-1,-1
69,135,408,434,116,276,1,1,-1,-1
70,17,684,280,258,543,1,1,-1,-1
70,24,1715,272,204,558,1,1,-1,-1
70,50,244,477,92,237,1,1,-1,-1
70,134,1509,345,195,474,1,1,-1,-1
70,135,410,435,116,273,1,1,-1,-1
71,17,701,280,249,540,1,1,-1,-1
71,24,1712,270,204,561,1,1,-1,-1
71,50,245,475,92,238,1,1,-1,-1
71,134,1509,345,193,475,1,1,-1,-1
71,135,412,437,116,270,1,1,-1,-1
72,17,720,279,233,538,1,1,-1,-1
72,24,1709,269,204,564,1,1,-1,-1
72,50,246,474,93,239,1,1,-1,-1
72,135,414,438,116,268,1,1,-1,-1
73,17,740,278,217,537,1,1,-1,-1
73,24,1706,267,205,568,1,1,-1,-1
73,50,248,472,93,241,1,1,-1,-1
74,17,760,277,200,536,1,1,-1,-1
74,24,1703,266,205,571,1,1,-1,-1
74,50,249,471,93,241,1,1,-1,-1
75,17,780,277,184,534,1,1,-1,-1
75,24,1700,264,206,575,1,1,-1,-1
76,17,786,280,199,529,1,1,-1,-1
76,24,1697,263,206,578,1,1,-1,-1
76,170,410,437,125,273,1,1,-1,-1
77,17,792,284,214,524,1,1,-1,-1
77,24,1694,261,206,582,1,1,-1,-1
77,170,409,436,127,276,1,1,-1,-1
78,17,799,288,229,519,1,1,-1,-1
78,24,1692,260,206,584,1,1,-1,-1
78,170,412,432,121,279,1,1,-1,-1
79,17,805,291,244,514,1,1,-1,-1
79,24,1689,258,206,588,1,1,-1,-1
79,170,416,428,115,283,1,1,-1,-1
80,17,811,295,259,509,1,1,-1,-1
80,24,1686,257,207,591,1,1,-1,-1
80,170,420,428,113,282,1,1,-1,-1
81,17,818,299,274,504,1,1,-1,-1
81,24,1683,255,207,595,1,1,-1,-1
81,83,1314,534,49,128,1,1,-1,-1
82,17,840,298,255,501,1,1,-1,-1
82,83,1314,534,49,128,1,1,-1,-1
83,83,1314,534,49,128,1,1,-1,-1
84,83,1314,534,50,128,1,1,-1,-1
85,83,1314,534,50,129,1,1,-1,-1
85,171,1419,325,242,516,1,1,-1,-1
86,83,1314,534,50,129,1,1,-1,-1
86,136,447,429,103,280,1,1,-1,-1
86,171,1412,324,244,520,1,1,-1,-1
87,83,1314,534,50,129,1,1,-1,-1
87,136,446,428,112,284,1,1,-1,-1
87,171,1406,324,246,524,1,1,-1,-1
88,83,1314,534,51,129,1,1,-1,-1
88,136,446,428,121,288,1,1,-1,-1
88,171,1400,323,247,529,1,1,-1,-1
88,172,1673,245,218,620,1,1,-1,-1
89,136,446,428,130,292,1,1,-1,-1
89,171,1394,322,248,534,1,1,-1,-1
89,172,1666,243,222,624,1,1,-1,-1
90,136,459,426,120,286,1,1,-1,-1
90,172,1659,242,226,627,1,1,-1,-1
91,84,1386,320,246,543,1,1,-1,-1
91,136,459,426,115,285,1,1,-1,-1
91,172,1652,241,230,631,1,1,-1,-1
92,84,1384,319,242,547,1,1,-1,-1
92,172,1645,239,234,635,1,1,-1,-1
93,84,1383,318,238,551,1,1,-1,-1
94,63,1632,237,242,642,1,1,-1,-1
94,84,1381,316,234,556,1,1,-1,-1
95,63,1626,235,243,646,1,1,-1,-1
95,84,1379,315,230,560,1,1,-1,-1
96,63,1621,234,243,649,1,1,-1,-1
96,84,1378,314,226,564,1,1,-1,-1
97,63,1615,233,244,652,1,1,-1,-1
97,84,1376,312,222,569,1,1,-1,-1
98,63,1610,231,244,656,1,1,-1,-1
98,84,1374,311,218,573,1,1,-1,-1
99,63,1604,230,245,659,1,1,-1,-1
100,63,1599,229,245,662,1,1,-1,-1
101,63,1594,228,246,666,1,1,-1,-1
102,63,1590,224,243,670,1,1,-1,-1
103,173,1092,320,184,433,1,1,-1,-1
104,173,1098,324,190,427,1,1,-1,-1
105,173,1104,328,196,421,1,1,-1,-1
106,85,1571,216,237,688,1,1,-1,-1
106,173,1110,332,202,415,1,1,-1,-1
107,85,1565,216,237,692,1,1,-1,-1
107,173,1118,331,197,413,1,1,-1,-1
108,85,1560,216,236,696,1,1,-1,-1
109,20,1136,331,185,408,1,1,-1,-1
109,85,1555,216,235,700,1,1,-1,-1
109,174,1304,296,239,614,1,1,-1,-1
110,20,1144,330,180,407,1,1,-1,-1
110,85,1549,216,235,704,1,1,-1,-1
110,174,1297,295,241,617,1,1,-1,-1
111,20,1120,302,197,458,1,1,-1,-1
111,85,1544,216,234,708,1,1,-1,-1
111,174,1291,294,243,620,1,1,-1,-1
112,20,1162,330,169,402,1,1,-1,-1
112,85,1539,216,233,712,1,1,-1,-1
112,174,1284,292,245,624,1,1,-1,-1
113,20,1169,331,169,400,1,1,-1,-1
113,85,1533,216,233,716,1,1,-1,-1
113,174,1277,291,248,628,1,1,-1,-1
114,20,1177,332,168,399,1,1,-1,-1
115,20,1184,333,168,397,1,1,-1,-1
116,20,1192,334,167,396,1,1,-1,-1
116,86,1312,534,57,135,1,1,-1,-1
116,175,335,427,116,354,1,1,-1,-1
117,20,1200,335,166,394,1,1,-1,-1
117,86,1312,534,57,135,1,1,-1,-1
117,175,346,441,94,286,1,1,-1,-1
118,20,1207,336,166,393,1,1,-1,-1
118,86,1312,534,57,135,1,1,-1,-1
118,175,345,441,94,287,1,1,-1,-1
119,20,1215,337,165,391,1,1,-1,-1
119,86,1311,534,58,135,1,1,-1,-1
119,175,344,441,95,289,1,1,-1,-1
120,20,1223,338,164,390,1,1,-1,-1
120,64,1332,449,86,224,1,1,-1,-1
120,86,1311,534,58,135,1,1,-1,-1
120,175,342,441,96,290,1,1,-1,-1
121,20,1230,340,164,387,1,1,-1,-1
121,64,1331,448,87,224,1,1,-1,-1
121,86,1311,534,58,136,1,1,-1,-1
122,20,1238,341,163,386,1,1,-1,-1
122,64,1330,447,87,224,1,1,-1,-1
122,86,1311,534,57,136,1,1,-1,-1
122,176,340,442,97,292,1,1,-1,-1
123,20,1246,342,162,384,1,1,-1,-1
123,44,1463,185,265,772,1,1,-1,-1
123,64,1330,446,87,225,1,1,-1,-1
123,86,1311,534,57,136,1,1,-1,-1
123,176,338,440,99,294,1,1,-1,-1
124,20,1253,343,162,383,1,1,-1,-1
124,44,1455,181,270,778,1,1,-1,-1
124,64,1329,445,87,225,1,1,-1,-1
124,176,336,438,102,296,1,1,-1,-1
125,44,1448,177,273,784,1,1,-1,-1
125,64,1328,444,88,225,1,1,-1,-1
125,176,334,436,105,298,1,1,-1,-1
126,44,1440,173,278,790,1,1,-1,-1
126,64,1328,443,87,225,1,1,-1,-1
126,176,332,435,108,300,1,1,-1,-1
127,44,1439,153,301,850,1,1,-1,-1
127,64,1327,442,88,225,1,1,-1,-1
128,44,1426,166,286,802,1,1,-1,-1
128,64,1326,441,88,225,1,1,-1,-1
129,44,1423,186,260,732,1,1,-1,-1
130,44,1406,161,288,813,1,1,-1,-1
131,44,1400,216,265,752,1,1,-1,-1
132,44,1386,156,291,824,1,1,-1,-1
132,107,312,430,118,302,1,1,-1,-1
133,44,1377,153,291,830,1,1,-1,-1
133,65,451,393,114,342,1,1,-1,-1
133,107,317,429,118,306,1,1,-1,-1
134,65,449,393,118,344,1,1,-1,-1
134,87,1335,347,143,365,1,1,-1,-1
134,107,322,429,119,310,1,1,-1,-1
135,39,1308,534,60,138,1,1,-1,-1
135,65,448,393,121,346,1,1,-1,-1
135,87,1344,347,139,363,1,1,-1,-1
135,107,327,429,120,314,1,1,-1,-1
136,39,1308,534,60,138,1,1,-1,-1
136,65,446,393,121,348,1,1,-1,-1
136,87,1353,347,136,361,1,1,-1,-1
136,107,325,426,120,317,1,1,-1,-1
137,39,1308,535,60,138,1,1,-1,-1
137,65,445,393,120,351,1,1,-1,-1
137,87,1358,348,136,359,1,1,-1,-1
137,107,324,424,120,319,1,1,-1,-1
138,39,1309,534,60,138,1,1,-1,-1
138,45,1354,437,89,227,1,1,-1,-1
138,65,444,394,121,349,1,1,-1,-1
138,87,1363,349,137,357,1,1,-1,-1
138,107,322,421,121,322,1,1,-1,-1
139,39,1311,533,59,139,1,1,-1,-1
139,45,1357,437,90,227,1,1,-1,-1
139,65,444,395,122,348,1,1,-1,-1
139,87,1368,350,138,355,1,1,-1,-1
140,39,1312,532,59,140,1,1,-1,-1
140,45,1360,436,90,228,1,1,-1,-1
140,65,444,396,123,346,1,1,-1,-1
140,87,1373,351,138,353,1,1,-1,-1
141,39,1314,532,59,140,1,1,-1,-1
141,45,1363,436,90,228,1,1,-1,-1
141,65,443,397,125,345,1,1,-1,-1
141,87,1378,352,139,351,1,1,-1,-1
142,39,1316,531,58,140,1,1,-1,-1
142,45,1367,436,90,228,1,1,-1,-1
143,39,1317,530,58,141,1,1,-1,-1
143,45,1367,436,90,228,1,1,-1,-1
143,137,-36,272,258,674,1,1,-1,-1
144,39,1319,529,57,142,1,1,-1,-1
144,45,1367,436,90,229,1,1,-1,-1
144,137,-21,273,248,674,1,1,-1,-1
145,39,1321,529,57,142,1,1,-1,-1
145,45,1367,437,90,228,1,1,-1,-1
145,137,2,276,236,664,1,1,-1,-1
146,39,1319,529,60,142,1,1,-1,-1
146,45,1367,437,90,229,1,1,-1,-1
146,137,25,280,224,654,1,1,-1,-1
147,45,1367,438,90,228,1,1,-1,-1
147,137,-69,388,273,530,1,1,-1,-1
148,45,1367,438,90,229,1,1,-1,-1
148,137,-58,388,286,533,1,1,-1,-1
149,66,1235,118,320,954,1,1,-1,-1
150,66,1227,116,322,964,1,1,-1,-1
150,108,1317,530,65,142,1,1,-1,-1
151,66,1220,115,324,974,1,1,-1,-1
151,108,1318,530,65,143,1,1,-1,-1
151,109,442,384,140,365,1,1,-1,-1
152,66,1209,109,328,982,1,1,-1,-1
152,108,1318,530,65,143,1,1,-1,-1
152,109,442,382,139,366,1,1,-1,-1
153,66,1199,103,332,991,1,1,-1,-1
153,108,1319,530,65,144,1,1,-1,-1
153,109,444,382,141,369,1,1,-1,-1
154,66,1188,97,337,999,1,1,-1,-1
154,108,1319,530,66,144,1,1,-1,-1
154,109,446,383,144,372,1,1,-1,-1
155,66,1178,91,341,1008,1,1,-1,-1
155,108,1320,530,65,144,1,1,-1,-1
155,109,448,384,146,374,1,1,-1,-1
155,138,1265,421,106,237,1,1,-1,-1
156,6,112,379,208,503,1,1,-1,-1
156,66,1167,85,346,1016,1,1,-1,-1
156,108,1320,531,66,144,1,1,-1,-1
156,109,450,385,149,377,1,1,-1,-1
156,138,1268,422,106,236,1,1,-1,-1
157,6,90,351,275,596,1,1,-1,-1
157,66,1157,80,350,1024,1,1,-1,-1
157,109,452,386,152,380,1,1,-1,-1
157,110,197,288,286,611,1,1,-1,-1
157,138,1273,422,105,236,1,1,-1,-1
158,6,127,383,254,499,1,1,-1,-1
158,110,233,288,254,609,1,1,-1,-1
158,138,1279,422,104,236,1,1,-1,-1
159,6,134,385,277,497,1,1,-1,-1
159,110,277,317,186,509,1,1,-1,-1
159,138,1284,422,103,236,1,1,-1,-1
160,6,142,387,300,495,1,1,-1,-1
160,35,1367,444,92,230,1,1,-1,-1
160,110,304,289,190,604,1,1,-1,-1
160,111,788,202,342,936,1,1,-1,-1
160,138,1290,422,102,236,1,1,-1,-1
161,6,174,389,268,493,1,1,-1,-1
161,35,1367,444,92,231,1,1,-1,-1
161,110,317,288,195,601,1,1,-1,-1
161,111,776,199,341,945,1,1,-1,-1
162,6,207,391,235,491,1,1,-1,-1
162,35,1367,445,92,230,1,1,-1,-1
162,110,334,295,185,554,1,1,-1,-1
162,111,765,196,340,954,1,1,-1,-1
163,6,240,394,202,488,1,1,-1,-1
163,35,1367,445,92,231,1,1,-1,-1
163,110,344,288,204,594,1,1,-1,-1
163,111,743,190,347,964,1,1,-1,-1
164,6,268,388,182,485,1,1,-1,-1
164,29,469,384,148,386,1,1,-1,-1
164,35,1367,446,92,230,1,1,-1,-1
164,111,722,184,353,974,1,1,-1,-1
164,112,1498,369,133,307,1,1,-1,-1
165,6,297,382,161,482,1,1,-1,-1
165,29,470,384,158,390,1,1,-1,-1
165,35,1315,422,101,236,1,1,-1,-1
165,111,700,179,360,983,1,1,-1,-1
165,112,1498,372,136,304,1,1,-1,-1
166,6,326,376,141,480,1,1,-1,-1
166,29,473,383,158,391,1,1,-1,-1
166,35,1321,422,100,236,1,1,-1,-1
166,111,679,173,366,993,1,1,-1,-1
166,112,1498,374,139,302,1,1,-1,-1
167,6,333,379,156,478,1,1,-1,-1
167,21,1325,532,68,147,1,1,-1,-1
167,29,476,383,159,392,1,1,-1,-1
167,35,1326,422,99,236,1,1,-1,-1
167,112,1498,377,142,299,1,1,-1,-1
168,6,341,382,170,476,1,1,-1,-1
168,21,1326,532,68,148,1,1,-1,-1
168,29,479,382,159,393,1,1,-1,-1
168,35,1332,422,98,236,1,1,-1,-1
168,112,1498,379,145,297,1,1,-1,-1
169,6,349,385,185,474,1,1,-1,-1
169,21,1326,532,69,148,1,1,-1,-1
169,29,482,382,160,394,1,1,-1,-1
169,35,1337,422,98,236,1,1,-1,-1
169,112,1498,382,148,294,1,1,-1,-1
170,6,357,389,199,471,1,1,-1,-1
170,21,1327,533,69,148,1,1,-1,-1
170,29,482,381,160,395,1,1,-1,-1
170,35,1378,446,93,232,1,1,-1,-1
170,112,1499,385,151,291,1,1,-1,-1
171,6,365,392,214,469,1,1,-1,-1
171,21,1328,533,69,148,1,1,-1,-1
171,29,482,380,161,396,1,1,-1,-1
171,35,1347,422,98,236,1,1,-1,-1
172,6,344,409,145,379,1,1,-1,-1
172,21,1329,533,69,148,1,1,-1,-1
172,29,373,395,228,467,1,1,-1,-1
172,35,1352,422,98,236,1,1,-1,-1
173,6,381,399,243,465,1,1,-1,-1
173,21,1330,534,69,148,1,1,-1,-1
173,29,348,408,145,383,1,1,-1,-1
174,6,409,397,222,463,1,1,-1,-1
174,21,1332,534,68,148,1,1,-1,-1
174,29,351,407,145,387,1,1,-1,-1
174,113,1370,424,108,234,1,1,-1,-1
175,6,438,396,200,460,1,1,-1,-1
175,21,1333,535,68,148,1,1,-1,-1
175,29,317,405,164,441,1,1,-1,-1
175,113,1380,425,112,234,1,1,-1,-1
176,6,467,394,179,458,1,1,-1,-1
176,21,1334,535,68,148,1,1,-1,-1
176,29,358,405,145,394,1,1,-1,-1
176,113,1386,443,94,237,1,1,-1,-1
176,177,1538,381,129,286,1,1,-1,-1
177,6,496,393,157,455,1,1,-1,-1
177,21,1335,535,68,148,1,1,-1,-1
177,29,362,404,145,398,1,1,-1,-1
177,113,1385,423,105,234,1,1,-1,-1
177,177,1542,382,129,284,1,1,-1,-1
178,6,525,392,136,453,1,1,-1,-1
178,21,1337,536,67,148,1,1,-1,-1
178,113,1388,423,101,234,1,1,-1,-1
178,177,1546,383,128,282,1,1,-1,-1
179,6,507,378,164,402,1,1,-1,-1
179,21,1338,536,67,148,1,1,-1,-1
179,113,1389,442,95,239,1,1,-1,-1
179,177,1550,384,128,280,1,1,-1,-1
180,6,513,378,164,403,1,1,-1,-1
180,21,1339,537,67,148,1,1,-1,-1
180,113,1390,441,95,240,1,1,-1,-1
180,177,1555,385,127,279,1,1,-1,-1
181,6,520,378,164,404,1,1,-1,-1
181,21,1340,537,67,148,1,1,-1,-1
181,139,653,306,195,538,1,1,-1,-1
182,21,1342,538,66,148,1,1,-1,-1
182,51,1405,422,92,234,1,1,-1,-1
182,67,1563,387,126,275,1,1,-1,-1
182,139,670,307,195,535,1,1,-1,-1
183,51,1410,422,91,234,1,1,-1,-1
183,67,1567,388,126,273,1,1,-1,-1
183,139,688,308,194,532,1,1,-1,-1
183,140,312,121,517,1143,1,1,-1,-1
184,51,1416,422,90,234,1,1,-1,-1
184,67,1571,389,125,271,1,1,-1,-1
184,139,704,309,193,528,1,1,-1,-1
184,140,258,35,563,1270,1,1,-1,-1
184,141,541,399,249,435,1,1,-1,-1
185,51,1396,439,96,244,1,1,-1,-1
185,67,1580,388,116,251,1,1,-1,-1
185,139,720,310,192,525,1,1,-1,-1
185,140,268,110,506,1161,1,1,-1,-1
185,141,532,376,166,406,1,1,-1,-1
186,51,1397,438,96,246,1,1,-1,-1
186,67,1580,391,124,268,1,1,-1,-1
186,139,736,311,191,521,1,1,-1,-1
186,140,246,105,500,1169,1,1,-1,-1
186,141,532,375,167,407,1,1,-1,-1
186,178,1426,422,90,234,1,1,-1,-1
187,51,1398,438,96,246,1,1,-1,-1
187,67,1582,392,125,266,1,1,-1,-1
187,140,225,100,494,1178,1,1,-1,-1
187,141,533,375,167,408,1,1,-1,-1
187,142,-18,201,387,825,1,1,-1,-1
187,178,1431,422,90,234,1,1,-1,-1
188,51,1399,437,97,247,1,1,-1,-1
188,67,1585,393,125,265,1,1,-1,-1
188,140,158,95,511,1187,1,1,-1,-1
188,141,533,375,168,408,1,1,-1,-1
188,142,7,203,379,819,1,1,-1,-1
188,178,1436,422,90,234,1,1,-1,-1
189,51,1400,437,97,248,1,1,-1,-1
189,67,1588,394,125,264,1,1,-1,-1
189,141,534,375,168,409,1,1,-1,-1
189,142,31,205,372,813,1,1,-1,-1
189,178,1438,422,96,234,1,1,-1,-1
190,51,1401,436,97,249,1,1,-1,-1
190,67,1591,395,125,263,1,1,-1,-1
190,142,56,207,364,807,1,1,-1,-1
190,178,1440,423,103,234,1,1,-1,-1
191,51,1403,436,97,250,1,1,-1,-1
191,88,465,395,132,409,1,1,-1,-1
191,142,80,208,358,802,1,1,-1,-1
192,88,475,394,130,412,1,1,-1,-1
192,114,1370,536,66,154,1,1,-1,-1
192,142,105,210,350,796,1,1,-1,-1
193,25,826,318,188,500,1,1,-1,-1
193,88,486,393,128,416,1,1,-1,-1
193,114,1372,536,67,154,1,1,-1,-1
194,25,838,319,188,497,1,1,-1,-1
194,88,492,393,134,416,1,1,-1,-1
194,114,1375,536,67,154,1,1,-1,-1
194,143,-164,77,588,1235,1,1,-1,-1
195,25,850,320,188,494,1,1,-1,-1
195,88,499,394,139,415,1,1,-1,-1
195,114,1378,536,67,155,1,1,-1,-1
195,143,-205,76,597,1242,1,1,-1,-1
195,179,715,394,186,412,1,1,-1,-1
196,25,870,321,172,491,1,1,-1,-1
196,88,506,394,145,415,1,1,-1,-1
196,114,1381,536,66,155,1,1,-1,-1
196,143,-245,74,605,1249,1,1,-1,-1
196,179,724,396,182,408,1,1,-1,-1
197,25,890,322,157,488,1,1,-1,-1
197,88,513,395,150,414,1,1,-1,-1
197,114,1384,536,66,156,1,1,-1,-1
197,143,-286,73,613,1256,1,1,-1,-1
197,179,733,398,178,404,1,1,-1,-1
198,25,911,323,141,486,1,1,-1,-1
198,88,520,396,156,413,1,1,-1,-1
198,114,1387,536,66,156,1,1,-1,-1
198,143,-327,71,622,1263,1,1,-1,-1
198,179,742,401,174,400,1,1,-1,-1
198,180,1409,435,104,252,1,1,-1,-1
199,25,888,343,133,393,1,1,-1,-1
199,68,241,227,340,746,1,1,-1,-1
199,143,-368,70,631,1270,1,1,-1,-1
199,179,765,400,165,399,1,1,-1,-1
199,180,1410,435,105,252,1,1,-1,-1
200,25,927,327,185,477,1,1,-1,-1
200,36,615,372,161,408,1,1,-1,-1
200,68,254,231,346,737,1,1,-1,-1
200,180,1411,435,106,252,1,1,-1,-1
201,25,935,329,207,473,1,1,-1,-1
201,36,548,395,160,407,1,1,-1,-1
201,68,275,232,339,731,1,1,-1,-1
201,144,812,399,146,397,1,1,-1,-1
201,180,1412,435,107,252,1,1,-1,-1
202,25,944,332,228,468,1,1,-1,-1
202,36,557,394,161,406,1,1,-1,-1
202,68,297,234,331,724,1,1,-1,-1
202,144,836,399,136,396,1,1,-1,-1
202,180,1413,435,108,253,1,1,-1,-1
203,25,951,332,220,466,1,1,-1,-1
203,36,566,394,163,404,1,1,-1,-1
203,68,319,236,323,717,1,1,-1,-1
203,144,841,401,155,392,1,1,-1,-1
204,25,959,332,211,464,1,1,-1,-1
204,36,576,394,164,402,1,1,-1,-1
204,68,341,238,316,710,1,1,-1,-1
204,144,846,403,174,388,1,1,-1,-1
204,145,1403,535,67,159,1,1,-1,-1
205,25,967,333,203,461,1,1,-1,-1
205,36,650,372,158,406,1,1,-1,-1
205,68,363,240,308,704,1,1,-1,-1
205,144,851,405,193,384,1,1,-1,-1
205,145,1406,535,67,160,1,1,-1,-1
206,25,975,333,194,459,1,1,-1,-1
206,36,605,389,151,410,1,1,-1,-1
206,68,384,241,301,698,1,1,-1,-1
206,144,857,408,211,379,1,1,-1,-1
206,145,1409,535,67,160,1,1,-1,-1
207,25,983,334,186,456,1,1,-1,-1
207,36,620,387,144,414,1,1,-1,-1
207,68,406,243,294,691,1,1,-1,-1
207,69,1648,398,116,248,1,1,-1,-1
207,145,1412,535,67,161,1,1,-1,-1
208,36,635,385,137,418,1,1,-1,-1
208,69,1651,398,116,247,1,1,-1,-1
208,145,1415,535,67,161,1,1,-1,-1
209,36,678,372,156,406,1,1,-1,-1
209,40,1402,391,121,312,1,1,-1,-1
209,69,1655,398,115,246,1,1,-1,-1
209,145,1418,535,67,162,1,1,-1,-1
210,11,-83,261,342,776,1,1,-1,-1
210,36,641,385,173,417,1,1,-1,-1
210,40,1437,427,101,266,1,1,-1,-1
210,69,1658,398,115,246,1,1,-1,-1
211,11,-66,261,337,773,1,1,-1,-1
211,36,645,385,190,416,1,1,-1,-1
211,40,1441,426,100,268,1,1,-1,-1
211,69,1661,398,115,245,1,1,-1,-1
212,11,-48,262,332,769,1,1,-1,-1
212,36,648,385,208,416,1,1,-1,-1
212,40,1444,426,101,268,1,1,-1,-1
212,69,1665,414,106,224,1,1,-1,-1
213,11,-105,296,321,653,1,1,-1,-1
213,40,1448,427,101,268,1,1,-1,-1
213,69,1668,398,114,244,1,1,-1,-1
214,9,1095,340,200,442,1,1,-1,-1
214,11,-78,297,310,652,1,1,-1,-1
214,40,1452,428,102,268,1,1,-1,-1
214,69,1671,398,113,243,1,1,-1,-1
214,89,668,385,213,415,1,1,-1,-1
215,9,1102,342,196,440,1,1,-1,-1
215,11,-50,298,299,652,1,1,-1,-1
215,13,400,282,244,603,1,1,-1,-1
215,40,1432,456,90,239,1,1,-1,-1
215,69,1674,398,113,243,1,1,-1,-1
215,89,684,385,201,414,1,1,-1,-1
216,9,1110,344,191,439,1,1,-1,-1
216,11,-23,299,289,652,1,1,-1,-1
216,13,434,284,216,600,1,1,-1,-1
216,40,1457,427,100,268,1,1,-1,-1
216,89,701,385,188,414,1,1,-1,-1
217,9,1118,346,186,438,1,1,-1,-1
217,11,53,268,327,748,1,1,-1,-1
217,13,455,282,206,597,1,1,-1,-1
217,40,1459,426,99,268,1,1,-1,-1
217,89,717,384,176,414,1,1,-1,-1
218,9,1126,349,182,436,1,1,-1,-1
218,11,33,302,266,651,1,1,-1,-1
218,13,477,280,195,594,1,1,-1,-1
218,40,1462,426,98,268,1,1,-1,-1
218,89,741,370,149,403,1,1,-1,-1
219,9,1133,348,177,434,1,1,-1,-1
219,11,60,303,256,651,1,1,-1,-1
219,13,499,278,184,591,1,1,-1,-1
219,40,1463,468,88,243,1,1,-1,-1
219,89,750,384,151,413,1,1,-1,-1
220,4,652,263,232,633,1,1,-1,-1
220,9,1141,347,172,433,1,1,-1,-1
220,11,88,304,245,651,1,1,-1,-1
220,13,506,281,200,587,1,1,-1,-1
220,40,1468,426,99,268,1,1,-1,-1
220,89,755,370,148,402,1,1,-1,-1
221,4,687,262,213,630,1,1,-1,-1
221,9,1149,347,167,431,1,1,-1,-1
221,11,116,306,234,650,1,1,-1,-1
221,13,514,285,216,583,1,1,-1,-1
221,89,762,370,148,402,1,1,-1,-1
222,4,694,269,236,624,1,1,-1,-1
222,9,1156,346,162,429,1,1,-1,-1
222,11,173,283,368,711,1,1,-1,-1
222,13,522,288,231,580,1,1,-1,-1
222,146,1456,537,65,166,1,1,-1,-1
223,4,706,269,240,620,1,1,-1,-1
223,9,1164,345,157,428,1,1,-1,-1
223,11,185,285,369,705,1,1,-1,-1
223,13,530,292,247,576,1,1,-1,-1
223,146,1459,537,66,166,1,1,-1,-1
223,181,776,370,146,401,1,1,-1,-1
224,4,718,270,245,616,1,1,-1,-1
224,9,1172,345,152,426,1,1,-1,-1
224,11,130,317,354,635,1,1,-1,-1
224,13,546,291,235,573,1,1,-1,-1
224,146,1462,536,66,167,1,1,-1,-1
224,181,796,385,213,404,1,1,-1,-1
225,4,730,270,249,613,1,1,-1,-1
225,9,1175,345,151,423,1,1,-1,-1
225,11,210,289,370,693,1,1,-1,-1
225,13,563,291,222,570,1,1,-1,-1
225,70,1059,415,128,341,1,1,-1,-1
225,146,1466,536,66,167,1,1,-1,-1
225,181,790,370,144,400,1,1,-1,-1
226,4,742,271,254,609,1,1,-1,-1
226,9,1178,345,150,421,1,1,-1,-1
226,11,160,309,332,626,1,1,-1,-1
226,13,580,291,209,567,1,1,-1,-1
226,70,1065,416,132,339,1,1,-1,-1
226,71,1642,422,108,226,1,1,-1,-1
226,146,1469,536,67,167,1,1,-1,-1
226,181,808,387,204,400,1,1,-1,-1
227,4,754,272,259,605,1,1,-1,-1
227,9,1182,346,148,418,1,1,-1,-1
227,11,175,306,321,620,1,1,-1,-1
227,13,597,291,197,563,1,1,-1,-1
227,70,1070,418,137,337,1,1,-1,-1
227,71,1652,422,96,226,1,1,-1,-1
227,146,1472,535,67,168,1,1,-1,-1
227,181,804,370,143,399,1,1,-1,-1
228,4,769,272,249,601,1,1,-1,-1
228,9,1189,347,147,416,1,1,-1,-1
228,11,342,283,267,679,1,1,-1,-1
228,13,614,291,184,560,1,1,-1,-1
228,70,1076,419,141,335,1,1,-1,-1
228,71,1662,422,84,226,1,1,-1,-1
229,4,785,272,238,597,1,1,-1,-1
229,9,1197,348,145,414,1,1,-1,-1
229,11,387,282,232,674,1,1,-1,-1
229,13,631,291,171,557,1,1,-1,-1
229,70,1082,421,145,333,1,1,-1,-1
229,71,1670,421,85,226,1,1,-1,-1
229,90,1479,535,68,168,1,1,-1,-1
230,4,801,272,227,593,1,1,-1,-1
230,9,1205,349,143,413,1,1,-1,-1
230,11,402,286,240,668,1,1,-1,-1
230,13,648,291,159,554,1,1,-1,-1
230,70,1092,420,139,331,1,1,-1,-1
230,71,1679,421,85,226,1,1,-1,-1
230,90,1482,534,68,169,1,1,-1,-1
230,182,1720,402,108,235,1,1,-1,-1
231,4,817,273,216,589,1,1,-1,-1
231,9,1213,350,141,411,1,1,-1,-1
231,13,656,294,173,548,1,1,-1,-1
231,70,1113,433,148,367,1,1,-1,-1
231,71,1688,421,85,226,1,1,-1,-1
231,90,1485,534,69,169,1,1,-1,-1
231,182,1723,402,108,234,1,1,-1,-1
232,4,832,273,206,585,1,1,-1,-1
232,9,1221,351,140,410,1,1,-1,-1
232,13,664,297,188,543,1,1,-1,-1
232,70,1112,418,128,329,1,1,-1,-1
232,71,1679,399,106,281,1,1,-1,-1
232,90,1489,534,69,169,1,1,-1,-1
232,147,1509,425,107,273,1,1,-1,-1
232,182,1727,403,107,233,1,1,-1,-1
233,4,848,273,195,581,1,1,-1,-1
233,9,1232,351,139,408,1,1,-1,-1
233,13,672,300,203,537,1,1,-1,-1
233,46,846,368,140,398,1,1,-1,-1
233,70,1122,417,122,327,1,1,-1,-1
233,71,1696,421,85,225,1,1,-1,-1
233,90,1492,533,74,170,1,1,-1,-1
233,147,1512,424,105,274,1,1,-1,-1
233,148,354,308,160,594,1,1,-1,-1
233,182,1730,412,94,207,1,1,-1,-1
234,4,864,273,184,577,1,1,-1,-1
234,9,1244,351,137,406,1,1,-1,-1
234,46,853,368,139,398,1,1,-1,-1
234,71,1700,421,85,225,1,1,-1,-1
234,90,1496,533,79,171,1,1,-1,-1
234,147,1515,424,102,274,1,1,-1,-1
234,148,364,310,189,590,1,1,-1,-1
234,182,1733,403,106,232,1,1,-1,-1
235,4,880,274,174,573,1,1,-1,-1
235,9,1256,352,136,404,1,1,-1,-1
235,46,860,368,138,398,1,1,-1,-1
235,72,1177,430,98,234,1,1,-1,-1
235,90,1499,533,85,171,1,1,-1,-1
235,147,1518,424,100,275,1,1,-1,-1
235,148,374,313,218,586,1,1,-1,-1
236,4,889,276,194,570,1,1,-1,-1
236,46,867,368,137,398,1,1,-1,-1
236,72,1178,430,98,234,1,1,-1,-1
236,90,1503,532,90,173,1,1,-1,-1
236,147,1521,423,98,276,1,1,-1,-1
236,148,384,315,247,582,1,1,-1,-1
237,4,898,279,214,566,1,1,-1,-1
237,46,874,368,136,398,1,1,-1,-1
237,72,1179,430,98,234,1,1,-1,-1
237,147,1524,423,95,276,1,1,-1,-1
237,148,394,318,277,578,1,1,-1,-1
238,4,907,282,234,563,1,1,-1,-1
238,46,880,367,136,403,1,1,-1,-1
238,72,1181,430,98,235,1,1,-1,-1
238,148,416,318,260,575,1,1,-1,-1
239,4,916,285,249,558,1,1,-1,-1
239,46,887,367,136,407,1,1,-1,-1
239,72,1182,430,98,235,1,1,-1,-1
240,4,925,288,242,556,1,1,-1,-1
240,46,894,367,136,411,1,1,-1,-1
240,72,1184,430,98,236,1,1,-1,-1
241,4,935,292,235,553,1,1,-1,-1
241,46,901,367,135,407,1,1,-1,-1
241,72,1185,429,98,237,1,1,-1,-1
242,4,932,365,195,447,1,1,-1,-1
242,46,908,367,134,404,1,1,-1,-1
242,72,1187,429,98,238,1,1,-1,-1
243,4,915,367,134,401,1,1,-1,-1
243,46,952,398,162,368,1,1,-1,-1
243,72,1188,428,98,239,1,1,-1,-1
244,4,961,398,160,366,1,1,-1,-1
244,183,1197,420,106,314,1,1,-1,-1
244,184,1556,531,91,178,1,1,-1,-1
245,4,930,368,132,394,1,1,-1,-1
245,183,1203,419,104,312,1,1,-1,-1
245,184,1562,530,89,179,1,1,-1,-1
246,4,937,368,131,393,1,1,-1,-1
246,183,1209,418,102,311,1,1,-1,-1
246,184,1569,530,86,179,1,1,-1,-1
247,4,944,368,130,393,1,1,-1,-1
247,183,1216,418,100,309,1,1,-1,-1
247,184,1555,539,98,209,1,1,-1,-1
248,149,1768,424,86,218,1,1,-1,-1
248,183,1223,420,104,307,1,1,-1,-1
248,184,1582,530,82,180,1,1,-1,-1
249,149,1771,423,96,217,1,1,-1,-1
250,149,1774,423,107,215,1,1,-1,-1
251,1,884,318,154,487,1,1,-1,-1
251,41,1055,299,221,516,1,1,-1,-1
251,149,1786,408,100,223,1,1,-1,-1
252,1,782,319,214,571,1,1,-1,-1
252,41,1066,300,219,514,1,1,-1,-1
252,149,1788,408,100,222,1,1,-1,-1
253,1,812,320,193,569,1,1,-1,-1
253,30,1045,401,144,351,1,1,-1,-1
253,41,1077,302,218,512,1,1,-1,-1
253,115,984,368,128,388,1,1,-1,-1
253,149,1790,409,100,221,1,1,-1,-1
254,1,824,321,198,565,1,1,-1,-1
254,30,1054,401,142,350,1,1,-1,-1
254,41,1088,304,217,509,1,1,-1,-1
254,115,990,368,128,387,1,1,-1,-1
255,1,836,323,203,560,1,1,-1,-1
255,30,1064,402,140,348,1,1,-1,-1
255,41,1099,306,216,507,1,1,-1,-1
255,115,997,368,127,386,1,1,-1,-1
255,185,1797,421,100,217,1,1,-1,-1
256,1,849,324,207,557,1,1,-1,-1
256,30,1073,402,138,346,1,1,-1,-1
256,41,1110,308,215,505,1,1,-1,-1
256,115,1003,368,127,385,1,1,-1,-1
256,185,1797,410,99,218,1,1,-1,-1
257,1,861,326,212,552,1,1,-1,-1
257,30,1082,402,137,345,1,1,-1,-1
257,41,1115,307,209,503,1,1,-1,-1
257,52,1204,426,100,247,1,1,-1,-1
257,115,1010,368,126,384,1,1,-1,-1
257,185,1807,421,91,218,1,1,-1,-1
258,1,874,328,216,548,1,1,-1,-1
258,30,1091,402,135,343,1,1,-1,-1
258,31,1363,363,125,372,1,1,-1,-1
258,41,1120,307,203,500,1,1,-1,-1
258,52,1204,426,101,248,1,1,-1,-1
258,115,1016,368,126,383,1,1,-1,-1
258,185,1802,411,98,216,1,1,-1,-1
259,1,891,328,214,544,1,1,-1,-1
259,30,1100,402,134,342,1,1,-1,-1
259,31,1368,364,124,370,1,1,-1,-1
259,41,1125,307,198,497,1,1,-1,-1
259,52,1204,426,101,249,1,1,-1,-1
259,115,1023,369,126,381,1,1,-1,-1
259,185,1805,412,97,215,1,1,-1,-1
259,186,1648,527,95,189,1,1,-1,-1
260,1,908,328,212,540,1,1,-1,-1
260,30,1106,402,134,341,1,1,-1,-1
260,31,1373,364,123,369,1,1,-1,-1
260,41,1135,269,233,599,1,1,-1,-1
260,52,1204,426,102,250,1,1,-1,-1
260,186,1655,526,91,190,1,1,-1,-1
261,1,925,328,210,536,1,1,-1,-1
261,30,1112,402,134,340,1,1,-1,-1
261,31,1378,365,122,367,1,1,-1,-1
261,41,1136,307,186,492,1,1,-1,-1
261,52,1209,393,125,309,1,1,-1,-1
261,186,1662,525,87,192,1,1,-1,-1
261,187,1809,413,97,213,1,1,-1,-1
262,1,942,328,208,532,1,1,-1,-1
262,30,1118,402,134,339,1,1,-1,-1
262,31,1383,365,121,366,1,1,-1,-1
262,41,1145,308,186,490,1,1,-1,-1
262,52,1204,425,103,253,1,1,-1,-1
262,186,1669,524,83,193,1,1,-1,-1
262,187,1812,414,96,212,1,1,-1,-1
263,1,1001,326,171,457,1,1,-1,-1
263,30,1124,402,134,338,1,1,-1,-1
263,31,1388,366,120,364,1,1,-1,-1
263,52,1204,424,103,255,1,1,-1,-1
263,186,1699,552,63,156,1,1,-1,-1
263,187,1814,414,96,211,1,1,-1,-1
264,1,974,328,192,525,1,1,-1,-1
264,30,1130,402,134,337,1,1,-1,-1
264,31,1394,368,124,360,1,1,-1,-1
264,52,1204,424,104,256,1,1,-1,-1
264,187,1817,415,95,210,1,1,-1,-1
265,1,1023,328,190,447,1,1,-1,-1
265,30,1137,402,133,337,1,1,-1,-1
265,31,1400,370,128,357,1,1,-1,-1
265,52,1204,423,104,258,1,1,-1,-1
265,187,1819,415,95,209,1,1,-1,-1
266,1,1029,328,176,451,1,1,-1,-1
266,30,1143,402,133,336,1,1,-1,-1
266,31,1406,372,132,353,1,1,-1,-1
266,52,1204,423,105,259,1,1,-1,-1
267,1,1008,331,198,513,1,1,-1,-1
267,14,1824,416,94,207,1,1,-1,-1
267,31,1413,374,136,350,1,1,-1,-1
267,116,1191,315,181,479,1,1,-1,-1
268,1,1042,330,148,458,1,1,-1,-1
268,14,1826,417,94,206,1,1,-1,-1
268,31,1415,373,132,351,1,1,-1,-1
268,116,1198,316,177,477,1,1,-1,-1
269,1,1026,333,212,506,1,1,-1,-1
269,14,1829,418,94,205,1,1,-1,-1
269,31,1418,372,127,352,1,1,-1,-1
269,116,1205,317,173,474,1,1,-1,-1
270,1,1058,331,148,455,1,1,-1,-1
270,14,1831,418,93,203,1,1,-1,-1
270,31,1421,371,122,353,1,1,-1,-1
270,116,1212,318,169,472,1,1,-1,-1
271,1,1066,331,148,454,1,1,-1,-1
271,14,1833,418,93,202,1,1,-1,-1
271,18,1709,526,96,196,1,1,-1,-1
271,31,1432,362,112,337,1,1,-1,-1
271,116,1219,320,166,469,1,1,-1,-1
272,1,1074,332,148,452,1,1,-1,-1
272,3,1202,420,110,268,1,1,-1,-1
272,14,1835,418,93,201,1,1,-1,-1
272,18,1713,526,98,196,1,1,-1,-1
272,116,1226,319,170,466,1,1,-1,-1
273,1,1075,337,203,495,1,1,-1,-1
273,3,1202,419,110,269,1,1,-1,-1
273,14,1837,418,93,200,1,1,-1,-1
273,18,1718,527,100,196,1,1,-1,-1
273,116,1234,319,173,463,1,1,-1,-1
273,188,1436,376,110,342,1,1,-1,-1
274,1,1091,333,147,448,1,1,-1,-1
274,3,1194,402,131,329,1,1,-1,-1
274,14,1839,418,92,199,1,1,-1,-1
274,18,1720,526,99,198,1,1,-1,-1
274,188,1442,379,106,336,1,1,-1,-1
275,1,1099,333,147,446,1,1,-1,-1
275,3,1200,402,132,328,1,1,-1,-1
275,14,1841,419,92,197,1,1,-1,-1
275,18,1722,526,98,200,1,1,-1,-1
275,53,954,357,175,455,1,1,-1,-1
275,188,1449,382,102,330,1,1,-1,-1
276,1,1108,334,146,444,1,1,-1,-1
276,3,1206,402,132,327,1,1,-1,-1
276,14,1843,419,92,196,1,1,-1,-1
276,18,1724,526,97,202,1,1,-1,-1
276,53,963,359,182,453,1,1,-1,-1
276,188,1452,380,105,333,1,1,-1,-1
277,1,1117,336,145,440,1,1,-1,-1
277,3,1202,418,112,273,1,1,-1,-1
277,14,1845,419,92,195,1,1,-1,-1
277,18,1726,526,96,203,1,1,-1,-1
277,53,972,362,190,450,1,1,-1,-1
277,188,1455,378,108,336,1,1,-1,-1
278,1,1126,338,144,437,1,1,-1,-1
278,3,1202,418,113,274,1,1,-1,-1
278,14,1847,419,91,194,1,1,-1,-1
278,18,1728,526,95,205,1,1,-1,-1
278,53,981,361,183,447,1,1,-1,-1
279,1,1135,341,144,433,1,1,-1,-1
279,3,1202,418,113,275,1,1,-1,-1
279,14,1849,419,91,193,1,1,-1,-1
279,18,1730,526,94,207,1,1,-1,-1
279,53,990,360,177,445,1,1,-1,-1
280,1,1159,375,122,352,1,1,-1,-1
280,3,1202,418,114,276,1,1,-1,-1
280,14,1851,419,91,192,1,1,-1,-1
280,18,1707,528,105,224,1,1,-1,-1
280,53,999,360,170,442,1,1,-1,-1
281,1,1145,340,144,432,1,1,-1,-1
281,3,1201,417,115,278,1,1,-1,-1
281,10,1468,383,112,326,1,1,-1,-1
281,14,1865,423,77,204,1,1,-1,-1
281,18,1722,526,100,207,1,1,-1,-1
281,53,1008,359,164,440,1,1,-1,-1
282,1,1151,340,143,431,1,1,-1,-1
282,3,1201,417,116,279,1,1,-1,-1
282,10,1471,387,111,318,1,1,-1,-1
282,14,1855,420,91,189,1,1,-1,-1
282,18,1718,526,103,207,1,1,-1,-1
282,53,1017,358,157,438,1,1,-1,-1
283,1,1156,340,143,430,1,1,-1,-1
283,3,1200,416,117,281,1,1,-1,-1
283,10,1475,392,110,310,1,1,-1,-1
283,14,1870,421,73,205,1,1,-1,-1
283,18,1714,526,106,207,1,1,-1,-1
283,53,1026,358,151,435,1,1,-1,-1
284,1,1162,340,142,430,1,1,-1,-1
284,3,1200,416,118,282,1,1,-1,-1
284,10,1481,388,110,315,1,1,-1,-1
284,14,1872,421,72,204,1,1,-1,-1
284,18,1710,526,109,207,1,1,-1,-1
284,53,1033,359,155,433,1,1,-1,-1
285,1,1167,340,138,427,1,1,-1,-1
285,3,1200,415,118,284,1,1,-1,-1
285,10,1487,385,110,320,1,1,-1,-1
285,14,1863,420,89,189,1,1,-1,-1
285,18,1707,526,112,207,1,1,-1,-1
286,1,1218,348,186,466,1,1,-1,-1
286,3,1198,376,120,343,1,1,-1,-1
286,10,1493,381,110,325,1,1,-1,-1
286,18,1705,525,112,207,1,1,-1,-1
286,189,1416,437,87,256,1,1,-1,-1
287,1,1230,347,185,464,1,1,-1,-1
287,3,1200,414,119,287,1,1,-1,-1
287,10,1500,378,110,330,1,1,-1,-1
287,18,1703,525,112,207,1,1,-1,-1
287,189,1419,438,88,256,1,1,-1,-1
288,1,1242,347,184,461,1,1,-1,-1
288,3,1200,414,120,288,1,1,-1,-1
288,10,1504,379,109,325,1,1,-1,-1
288,189,1424,437,87,255,1,1,-1,-1
289,1,1254,347,183,459,1,1,-1,-1
289,3,1200,413,120,290,1,1,-1,-1
289,10,1509,381,108,319,1,1,-1,-1
289,189,1429,436,86,255,1,1,-1,-1
290,1,1266,347,182,456,1,1,-1,-1
290,3,1200,413,121,291,1,1,-1,-1
290,10,1514,382,107,314,1,1,-1,-1
290,150,1076,365,180,424,1,1,-1,-1
290,189,1437,430,87,264,1,1,-1,-1
291,1,1279,347,180,454,1,1,-1,-1
291,3,1200,412,121,293,1,1,-1,-1
291,10,1519,384,106,308,1,1,-1,-1
291,150,1075,364,171,422,1,1,-1,-1
292,1,1287,350,180,451,1,1,-1,-1
292,3,1237,378,119,335,1,1,-1,-1
292,10,1524,385,112,308,1,1,-1,-1
292,150,1074,363,163,421,1,1,-1,-1
293,1,1295,353,180,448,1,1,-1,-1
293,3,1209,351,138,403,1,1,-1,-1
293,10,1529,387,119,307,1,1,-1,-1
293,47,1448,435,87,252,1,1,-1,-1
293,150,1074,362,154,420,1,1,-1,-1
294,1,1304,356,180,446,1,1,-1,-1
294,3,1215,353,141,401,1,1,-1,-1
294,10,1534,388,125,307,1,1,-1,-1
294,47,1451,435,91,252,1,1,-1,-1
294,150,1081,362,151,418,1,1,-1,-1
295,1,1313,357,180,443,1,1,-1,-1
295,3,1257,379,118,331,1,1,-1,-1
295,10,1539,390,132,306,1,1,-1,-1
295,47,1454,436,95,250,1,1,-1,-1
295,150,1089,363,148,416,1,1,-1,-1
296,1,1323,358,179,441,1,1,-1,-1
296,3,1225,352,139,399,1,1,-1,-1
296,10,1544,391,138,306,1,1,-1,-1
296,47,1457,436,99,250,1,1,-1,-1
297,1,1332,359,179,438,1,1,-1,-1
297,3,1230,352,139,397,1,1,-1,-1
297,10,1550,393,144,306,1,1,-1,-1
297,47,1460,437,103,249,1,1,-1,-1
297,190,1694,524,107,207,1,1,-1,-1
297,191,1881,423,60,197,1,1,-1,-1
298,1,1342,360,178,436,1,1,-1,-1
298,3,1235,351,138,397,1,1,-1,-1
298,10,1555,392,137,302,1,1,-1,-1
298,47,1464,436,101,249,1,1,-1,-1
298,190,1695,524,105,207,1,1,-1,-1
298,191,1881,424,60,197,1,1,-1,-1
299,1,1348,359,177,434,1,1,-1,-1
299,3,1240,351,138,395,1,1,-1,-1
299,10,1560,391,131,299,1,1,-1,-1
299,47,1469,436,98,248,1,1,-1,-1
299,190,1696,524,104,207,1,1,-1,-1
299,191,1881,424,60,198,1,1,-1,-1
300,1,1354,358,176,432,1,1,-1,-1
300,3,1289,381,118,324,1,1,-1,-1
300,10,1566,390,124,296,1,1,-1,-1
300,47,1474,436,95,247,1,1,-1,-1
300,190,1697,524,102,207,1,1,-1,-1
300,191,1880,425,61,198,1,1,-1,-1
301,1,1360,358,175,429,1,1,-1,-1
301,3,1250,351,137,393,1,1,-1,-1
301,10,1571,389,118,293,1,1,-1,-1
301,47,1478,435,93,248,1,1,-1,-1
301,190,1698,524,100,207,1,1,-1,-1
301,191,1880,425,61,199,1,1,-1,-1
302,1,1364,358,174,428,1,1,-1,-1
302,3,1249,353,137,391,1,1,-1,-1
302,10,1577,397,98,256,1,1,-1,-1
302,47,1483,435,90,247,1,1,-1,-1
302,91,1300,382,118,321,1,1,-1,-1
303,1,1368,358,173,427,1,1,-1,-1
303,3,1248,355,137,390,1,1,-1,-1
303,12,1587,506,125,197,1,1,-1,-1
303,47,1488,435,87,246,1,1,-1,-1
303,91,1305,383,117,319,1,1,-1,-1
303,192,1700,524,96,207,1,1,-1,-1
304,1,1373,359,172,425,1,1,-1,-1
304,3,1248,358,136,388,1,1,-1,-1
304,12,1587,503,123,200,1,1,-1,-1
304,91,1309,383,117,318,1,1,-1,-1
304,192,1701,524,94,207,1,1,-1,-1
305,1,1377,359,171,424,1,1,-1,-1
305,3,1258,358,130,386,1,1,-1,-1
305,12,1587,500,122,204,1,1,-1,-1
305,91,1314,384,116,316,1,1,-1,-1
305,192,1702,524,93,207,1,1,-1,-1
306,1,1382,360,170,422,1,1,-1,-1
306,3,1269,358,123,384,1,1,-1,-1
306,12,1586,496,122,208,1,1,-1,-1
306,26,1186,405,129,310,1,1,-1,-1
306,91,1319,385,115,314,1,1,-1,-1
306,192,1700,524,94,207,1,1,-1,-1
307,1,1387,360,169,420,1,1,-1,-1
307,3,1279,358,117,382,1,1,-1,-1
307,12,1586,493,120,211,1,1,-1,-1
307,26,1156,361,128,377,1,1,-1,-1
307,91,1324,386,115,313,1,1,-1,-1
307,192,1704,544,89,195,1,1,-1,-1
308,1,1392,360,169,418,1,1,-1,-1
308,3,1290,359,110,380,1,1,-1,-1
308,12,1586,490,119,215,1,1,-1,-1
308,26,1170,369,128,391,1,1,-1,-1
308,91,1329,387,114,311,1,1,-1,-1
309,1,1398,360,167,416,1,1,-1,-1
309,3,1292,360,110,378,1,1,-1,-1
309,12,1586,487,118,218,1,1,-1,-1
309,26,1175,370,123,388,1,1,-1,-1
309,91,1334,388,114,310,1,1,-1,-1
310,1,1403,360,167,414,1,1,-1,-1
310,3,1339,389,113,308,1,1,-1,-1
310,12,1585,483,117,222,1,1,-1,-1
310,26,1174,371,129,387,1,1,-1,-1
311,1,1409,361,166,412,1,1,-1,-1
311,3,1296,363,111,375,1,1,-1,-1
311,12,1585,480,116,226,1,1,-1,-1
311,26,1173,373,135,386,1,1,-1,-1
312,1,1410,361,166,411,1,1,-1,-1
312,3,1349,391,112,305,1,1,-1,-1
312,12,1585,477,115,229,1,1,-1,-1
312,26,1172,374,141,385,1,1,-1,-1
313,1,1412,361,165,410,1,1,-1,-1
313,3,1354,392,112,304,1,1,-1,-1
313,12,1622,393,98,284,1,1,-1,-1
313,26,1172,376,146,384,1,1,-1,-1
313,193,1887,431,64,190,1,1,-1,-1
314,1,1414,362,164,408,1,1,-1,-1
314,3,1358,392,112,303,1,1,-1,-1
314,12,1584,470,113,236,1,1,-1,-1
314,26,1176,377,146,381,1,1,-1,-1
314,193,1887,431,64,189,1,1,-1,-1
315,1,1415,363,163,406,1,1,-1,-1
315,3,1304,368,116,367,1,1,-1,-1
315,12,1630,394,98,288,1,1,-1,-1
315,26,1181,378,146,379,1,1,-1,-1
315,193,1887,431,65,189,1,1,-1,-1
316,1,1417,364,162,404,1,1,-1,-1
316,3,1306,368,120,366,1,1,-1,-1
316,12,1636,393,115,286,1,1,-1,-1
316,26,1174,400,134,320,1,1,-1,-1
316,193,1887,431,66,189,1,1,-1,-1
317,1,1418,365,161,402,1,1,-1,-1
317,3,1309,369,122,363,1,1,-1,-1
317,12,1669,476,113,240,1,1,-1,-1
317,26,1174,400,130,320,1,1,-1,-1
317,193,1887,431,66,188,1,1,-1,-1
318,1,1420,366,160,400,1,1,-1,-1
318,3,1311,369,126,362,1,1,-1,-1
318,12,1649,391,148,284,1,1,-1,-1
318,26,1175,401,126,320,1,1,-1,-1
319,1,1429,360,144,367,1,1,-1,-1
319,3,1313,369,129,360,1,1,-1,-1
319,12,1675,398,125,257,1,1,-1,-1
319,26,1200,381,145,371,1,1,-1,-1
319,194,1887,431,68,188,1,1,-1,-1
320,1,1387,397,110,295,1,1,-1,-1
320,3,1316,370,132,358,1,1,-1,-1
320,12,1681,526,102,207,1,1,-1,-1
320,26,1177,402,117,321,1,1,-1,-1
320,73,1438,368,160,396,1,1,-1,-1
320,194,1887,431,68,187,1,1,-1,-1
321,1,1392,398,110,294,1,1,-1,-1
321,12,1678,526,104,207,1,1,-1,-1
321,42,1559,437,78,235,1,1,-1,-1
321,73,1433,362,144,363,1,1,-1,-1
321,92,1188,370,176,449,1,1,-1,-1
321,117,1486,405,112,292,1,1,-1,-1
321,194,1887,431,69,187,1,1,-1,-1
322,1,1397,399,109,292,1,1,-1,-1
322,12,1675,527,107,206,1,1,-1,-1
322,42,1584,444,104,264,1,1,-1,-1
322,73,1435,362,143,362,1,1,-1,-1
322,92,1215,383,143,366,1,1,-1,-1
322,117,1492,405,111,291,1,1,-1,-1
322,194,1887,431,70,187,1,1,-1,-1
323,1,1402,400,108,290,1,1,-1,-1
323,42,1566,438,78,234,1,1,-1,-1
323,73,1437,363,143,360,1,1,-1,-1
323,92,1167,397,131,326,1,1,-1,-1
323,117,1498,406,110,290,1,1,-1,-1
323,194,1887,430,69,187,1,1,-1,-1
324,1,1407,401,107,288,1,1,-1,-1
324,42,1570,438,77,233,1,1,-1,-1
324,73,1439,364,143,358,1,1,-1,-1
324,92,1164,396,136,328,1,1,-1,-1
324,117,1503,406,110,289,1,1,-1,-1
325,1,1412,402,106,286,1,1,-1,-1
325,32,1314,369,131,349,1,1,-1,-1
325,42,1574,438,77,233,1,1,-1,-1
325,73,1440,370,170,384,1,1,-1,-1
325,92,1230,386,142,360,1,1,-1,-1
325,117,1509,407,109,288,1,1,-1,-1
326,1,1417,403,105,284,1,1,-1,-1
326,32,1317,371,130,346,1,1,-1,-1
326,42,1590,428,100,278,1,1,-1,-1
326,73,1439,370,172,382,1,1,-1,-1
326,92,1234,386,142,358,1,1,-1,-1
326,117,1509,424,92,241,1,1,-1,-1
327,1,1422,404,105,283,1,1,-1,-1
327,32,1320,372,130,345,1,1,-1,-1
327,42,1582,438,76,232,1,1,-1,-1
327,73,1441,371,168,380,1,1,-1,-1
327,92,1239,387,141,356,1,1,-1,-1
327,93,1683,399,116,271,1,1,-1,-1
327,117,1520,408,108,286,1,1,-1,-1
328,1,1427,405,104,281,1,1,-1,-1
328,32,1323,374,129,342,1,1,-1,-1
328,42,1586,438,76,231,1,1,-1,-1
328,73,1444,373,163,378,1,1,-1,-1
328,92,1243,387,141,354,1,1,-1,-1
328,93,1688,400,110,269,1,1,-1,-1
329,1,1446,367,141,350,1,1,-1,-1
329,32,1326,375,129,340,1,1,-1,-1
329,42,1590,438,76,231,1,1,-1,-1
329,93,1692,400,104,268,1,1,-1,-1
330,1,1447,368,141,348,1,1,-1,-1
330,32,1253,389,139,350,1,1,-1,-1
330,42,1594,438,76,230,1,1,-1,-1
330,93,1697,401,98,266,1,1,-1,-1
331,1,1447,369,141,346,1,1,-1,-1
331,32,1258,390,139,348,1,1,-1,-1
331,42,1598,438,76,230,1,1,-1,-1
331,93,1702,402,92,264,1,1,-1,-1
332,1,1445,407,104,277,1,1,-1,-1
332,32,1263,391,138,346,1,1,-1,-1
332,42,1601,438,76,229,1,1,-1,-1
332,93,1694,382,105,303,1,1,-1,-1
332,195,1147,392,139,335,1,1,-1,-1
333,1,1449,371,140,343,1,1,-1,-1
333,32,1268,392,138,344,1,1,-1,-1
333,74,1602,408,106,295,1,1,-1,-1
333,93,1710,404,91,260,1,1,-1,-1
333,195,1137,385,156,374,1,1,-1,-1
334,1,1454,408,104,275,1,1,-1,-1
334,32,1273,392,137,343,1,1,-1,-1
334,74,1605,408,111,295,1,1,-1,-1
334,93,1715,405,90,258,1,1,-1,-1
334,195,1146,391,140,337,1,1,-1,-1
335,1,1459,408,103,275,1,1,-1,-1
335,32,1278,393,137,341,1,1,-1,-1
335,74,1607,408,118,296,1,1,-1,-1
335,195,1148,390,141,339,1,1,-1,-1
336,1,1451,374,139,337,1,1,-1,-1
336,32,1283,393,136,340,1,1,-1,-1
336,74,1565,414,100,271,1,1,-1,-1
336,195,1150,390,142,340,1,1,-1,-1
337,1,1451,375,139,335,1,1,-1,-1
337,32,1288,394,136,338,1,1,-1,-1
337,74,1572,413,100,273,1,1,-1,-1
338,1,1448,384,146,364,1,1,-1,-1
338,32,1293,395,135,336,1,1,-1,-1
338,74,1580,412,99,275,1,1,-1,-1
339,1,1447,383,145,362,1,1,-1,-1
339,74,1588,412,98,276,1,1,-1,-1
339,196,1732,404,88,256,1,1,-1,-1
340,1,1446,382,145,360,1,1,-1,-1
340,54,1303,397,134,332,1,1,-1,-1
340,74,1588,414,98,273,1,1,-1,-1
340,196,1735,404,98,255,1,1,-1,-1
341,1,1445,382,145,357,1,1,-1,-1
341,54,1362,383,105,325,1,1,-1,-1
341,74,1622,409,153,297,1,1,-1,-1
341,196,1738,405,108,253,1,1,-1,-1
342,1,1468,378,135,328,1,1,-1,-1
342,5,1640,440,74,224,1,1,-1,-1
342,54,1312,398,134,328,1,1,-1,-1
342,196,1742,406,118,252,1,1,-1,-1
343,1,1451,386,142,353,1,1,-1,-1
343,5,1588,422,98,262,1,1,-1,-1
343,54,1367,382,118,324,1,1,-1,-1
343,196,1744,405,112,252,1,1,-1,-1
343,197,1635,406,145,300,1,1,-1,-1
344,1,1454,388,140,351,1,1,-1,-1
344,5,1589,425,98,258,1,1,-1,-1
344,54,1321,399,134,324,1,1,-1,-1
344,197,1642,405,141,302,1,1,-1,-1
345,1,1457,390,139,349,1,1,-1,-1
345,5,1596,421,98,262,1,1,-1,-1
345,54,1326,400,134,322,1,1,-1,-1
345,197,1649,404,137,303,1,1,-1,-1
346,1,1460,392,138,348,1,1,-1,-1
346,5,1604,417,98,266,1,1,-1,-1
346,54,1331,401,133,320,1,1,-1,-1
346,197,1656,403,133,305,1,1,-1,-1
347,1,1460,392,141,344,1,1,-1,-1
347,5,1612,414,98,270,1,1,-1,-1
347,54,1336,402,133,318,1,1,-1,-1
347,118,1756,404,84,252,1,1,-1,-1
347,197,1662,401,130,307,1,1,-1,-1
348,1,1498,382,129,318,1,1,-1,-1
348,5,1636,399,90,273,1,1,-1,-1
348,54,1341,403,132,316,1,1,-1,-1
348,118,1758,404,88,251,1,1,-1,-1
349,1,1460,392,147,336,1,1,-1,-1
349,5,1667,442,72,219,1,1,-1,-1
349,54,1346,404,132,314,1,1,-1,-1
349,118,1761,405,92,249,1,1,-1,-1
349,151,1522,410,98,266,1,1,-1,-1
349,198,1126,386,151,363,1,1,-1,-1
350,1,1460,392,150,332,1,1,-1,-1
350,5,1670,442,72,218,1,1,-1,-1
350,118,1764,406,96,248,1,1,-1,-1
350,151,1527,410,97,265,1,1,-1,-1
350,198,1102,352,174,419,1,1,-1,-1
351,1,1461,393,153,328,1,1,-1,-1
351,5,1675,527,89,204,1,1,-1,-1
351,37,1356,405,131,311,1,1,-1,-1
351,75,1613,413,91,237,1,1,-1,-1
351,118,1767,405,92,248,1,1,-1,-1
351,151,1532,410,97,265,1,1,-1,-1
351,198,1123,382,153,369,1,1,-1,-1
352,1,1467,394,147,330,1,1,-1,-1
352,5,1675,527,89,204,1,1,-1,-1
352,37,1361,405,130,310,1,1,-1,-1
352,75,1615,420,99,256,1,1,-1,-1
352,118,1770,405,89,248,1,1,-1,-1
352,151,1537,410,96,264,1,1,-1,-1
352,198,1122,380,154,372,1,1,-1,-1
353,1,1473,395,141,332,1,1,-1,-1
353,5,1682,442,72,217,1,1,-1,-1
353,37,1366,406,130,308,1,1,-1,-1
353,75,1621,419,100,258,1,1,-1,-1
353,118,1773,404,85,248,1,1,-1,-1
353,151,1521,384,125,311,1,1,-1,-1
353,198,1119,379,156,375,1,1,-1,-1
354,1,1480,396,134,334,1,1,-1,-1
354,5,1673,528,91,203,1,1,-1,-1
354,37,1370,407,130,305,1,1,-1,-1
354,75,1627,417,101,260,1,1,-1,-1
354,151,1525,384,125,311,1,1,-1,-1
355,1,1529,384,125,310,1,1,-1,-1
355,5,1673,529,91,202,1,1,-1,-1
355,37,1375,408,130,303,1,1,-1,-1
355,75,1676,446,79,230,1,1,-1,-1
356,1,1555,410,95,262,1,1,-1,-1
356,5,1675,528,91,204,1,1,-1,-1
356,37,1379,409,130,300,1,1,-1,-1
356,75,1636,421,102,255,1,1,-1,-1
357,1,1537,385,125,308,1,1,-1,-1
357,5,1678,528,90,205,1,1,-1,-1
357,37,1381,395,122,304,1,1,-1,-1
357,75,1638,426,102,248,1,1,-1,-1
358,1,1490,398,132,326,1,1,-1,-1
358,5,1702,442,70,214,1,1,-1,-1
358,37,1384,392,122,306,1,1,-1,-1
358,75,1640,431,102,241,1,1,-1,-1
359,1,1493,398,132,324,1,1,-1,-1
359,5,1683,528,90,207,1,1,-1,-1
359,37,1388,389,121,308,1,1,-1,-1
359,75,1643,430,101,241,1,1,-1,-1
360,1,1550,386,123,305,1,1,-1,-1
360,5,1688,526,94,209,1,1,-1,-1
360,37,1392,386,120,310,1,1,-1,-1
361,1,1554,386,123,305,1,1,-1,-1
361,5,1694,525,97,211,1,1,-1,-1
361,37,1395,385,116,310,1,1,-1,-1
361,76,-269,235,450,812,1,1,-1,-1
362,1,1504,400,130,318,1,1,-1,-1
362,5,1700,524,100,212,1,1,-1,-1
362,37,1399,384,111,310,1,1,-1,-1
362,76,-234,235,415,803,1,1,-1,-1
362,94,1098,366,163,400,1,1,-1,-1
363,1,1510,400,130,317,1,1,-1,-1
363,5,1720,444,70,212,1,1,-1,-1
363,37,1403,383,106,310,1,1,-1,-1
363,76,-198,235,379,795,1,1,-1,-1
363,94,1097,366,163,403,1,1,-1,-1
364,1,1516,401,130,315,1,1,-1,-1
364,5,1712,522,107,215,1,1,-1,-1
364,76,-162,235,343,786,1,1,-1,-1
364,94,1096,366,164,405,1,1,-1,-1
365,1,1522,401,130,314,1,1,-1,-1
365,5,1718,521,110,217,1,1,-1,-1
365,76,-126,236,308,777,1,1,-1,-1
365,94,1096,366,164,408,1,1,-1,-1
365,199,1411,382,96,309,1,1,-1,-1
366,1,1531,431,111,266,1,1,-1,-1
366,5,1724,520,113,218,1,1,-1,-1
366,76,-82,237,268,769,1,1,-1,-1
366,94,1096,363,162,411,1,1,-1,-1
366,199,1408,384,104,310,1,1,-1,-1
367,1,1533,402,129,310,1,1,-1,-1
367,5,1736,444,70,210,1,1,-1,-1
367,76,-38,239,229,760,1,1,-1,-1
367,77,1819,408,88,238,1,1,-1,-1
367,94,1097,360,160,414,1,1,-1,-1
367,199,1415,388,136,310,1,1,-1,-1
368,1,1583,388,121,299,1,1,-1,-1
368,5,1740,444,69,209,1,1,-1,-1
368,76,6,241,190,752,1,1,-1,-1
368,77,1770,427,119,282,1,1,-1,-1
368,94,1097,357,159,417,1,1,-1,-1
368,199,1404,388,118,312,1,1,-1,-1
369,1,1543,403,128,306,1,1,-1,-1
369,5,1744,444,69,209,1,1,-1,-1
369,76,15,245,240,745,1,1,-1,-1
369,77,1766,388,143,333,1,1,-1,-1
369,94,1098,355,157,420,1,1,-1,-1
369,199,1411,390,114,308,1,1,-1,-1
370,1,1548,403,127,305,1,1,-1,-1
370,77,1770,388,149,333,1,1,-1,-1
371,77,1775,388,154,334,1,1,-1,-1
371,119,1628,389,134,329,1,1,-1,-1
371,120,1752,444,68,208,1,1,-1,-1
372,77,1780,386,150,336,1,1,-1,-1
372,119,1599,389,121,296,1,1,-1,-1
372,120,1755,444,68,207,1,1,-1,-1
373,55,1454,414,122,282,1,1,-1,-1
373,77,1786,385,146,337,1,1,-1,-1
373,119,1603,389,121,295,1,1,-1,-1
373,120,1758,445,68,206,1,1,-1,-1
374,55,1443,399,98,289,1,1,-1,-1
374,77,1791,384,143,338,1,1,-1,-1
374,119,1576,408,128,296,1,1,-1,-1
374,120,1761,445,68,205,1,1,-1,-1
375,55,1448,398,96,289,1,1,-1,-1
375,77,1797,382,139,340,1,1,-1,-1
375,119,1581,408,128,295,1,1,-1,-1
375,120,1764,446,68,204,1,1,-1,-1
376,55,1453,398,94,288,1,1,-1,-1
376,119,1586,409,128,293,1,1,-1,-1
376,120,1766,446,68,203,1,1,-1,-1
377,33,1702,428,94,230,1,1,-1,-1
377,55,1456,398,97,287,1,1,-1,-1
377,119,1591,409,128,292,1,1,-1,-1
377,120,1769,447,67,202,1,1,-1,-1
378,33,1705,427,93,230,1,1,-1,-1
378,55,1459,398,100,287,1,1,-1,-1
379,33,1708,426,92,230,1,1,-1,-1
379,55,1462,398,103,286,1,1,-1,-1
379,95,1774,448,66,200,1,1,-1,-1
380,33,1683,412,107,273,1,1,-1,-1
380,55,1465,398,106,286,1,1,-1,-1
380,95,1776,448,66,199,1,1,-1,-1
380,152,1824,376,122,346,1,1,-1,-1
381,33,1654,414,86,246,1,1,-1,-1
381,55,1468,398,109,285,1,1,-1,-1
381,95,1779,448,66,198,1,1,-1,-1
381,152,1830,375,118,348,1,1,-1,-1
382,33,1640,391,119,288,1,1,-1,-1
382,55,1471,399,113,284,1,1,-1,-1
382,95,1781,448,66,197,1,1,-1,-1
382,152,1835,373,118,350,1,1,-1,-1
383,33,1612,409,126,286,1,1,-1,-1
383,95,1784,448,66,196,1,1,-1,-1
383,152,1841,372,118,352,1,1,-1,-1
384,2,1478,400,112,280,1,1,-1,-1
384,33,1648,391,119,287,1,1,-1,-1
384,95,1786,448,66,195,1,1,-1,-1
384,152,1847,371,118,354,1,1,-1,-1
384,200,1148,456,64,195,1,1,-1,-1
385,2,1482,401,111,278,1,1,-1,-1
385,33,1653,392,117,285,1,1,-1,-1
385,95,1789,449,65,194,1,1,-1,-1
385,152,1853,370,118,356,1,1,-1,-1
385,200,1151,456,64,195,1,1,-1,-1
386,2,1486,402,110,276,1,1,-1,-1
386,33,1694,444,95,232,1,1,-1,-1
386,95,1791,449,65,193,1,1,-1,-1
386,200,1154,456,63,195,1,1,-1,-1
387,2,1490,403,109,274,1,1,-1,-1
387,33,1736,434,74,222,1,1,-1,-1
387,43,1001,337,192,480,1,1,-1,-1
387,200,1156,456,63,194,1,1,-1,-1
388,2,1494,404,108,272,1,1,-1,-1
388,27,386,296,285,612,1,1,-1,-1
388,33,1738,433,74,222,1,1,-1,-1
388,43,996,337,195,481,1,1,-1,-1
388,200,1159,456,62,194,1,1,-1,-1
389,2,1498,404,108,272,1,1,-1,-1
389,27,391,302,301,602,1,1,-1,-1
389,33,1741,433,73,222,1,1,-1,-1
389,43,990,337,198,483,1,1,-1,-1
390,2,1502,404,108,272,1,1,-1,-1
390,27,419,302,277,596,1,1,-1,-1
390,28,1712,389,106,321,1,1,-1,-1
390,33,1743,432,73,222,1,1,-1,-1
390,38,1165,455,62,194,1,1,-1,-1
390,43,985,338,201,484,1,1,-1,-1
391,2,1506,404,108,272,1,1,-1,-1
391,27,448,302,253,590,1,1,-1,-1
391,28,1649,409,124,280,1,1,-1,-1
391,38,1169,455,62,194,1,1,-1,-1
391,43,988,318,208,497,1,1,-1,-1
391,121,1806,452,62,188,1,1,-1,-1
392,2,1509,384,116,291,1,1,-1,-1
392,27,477,302,229,584,1,1,-1,-1
392,28,1650,410,124,279,1,1,-1,-1
392,38,1172,454,62,194,1,1,-1,-1
392,43,966,332,206,494,1,1,-1,-1
392,121,1808,452,61,187,1,1,-1,-1
392,153,1755,425,74,226,1,1,-1,-1
393,2,1515,404,103,270,1,1,-1,-1
393,27,506,302,205,578,1,1,-1,-1
393,28,1651,411,124,278,1,1,-1,-1
393,38,1176,454,62,194,1,1,-1,-1
393,43,957,330,208,499,1,1,-1,-1
393,121,1810,452,61,187,1,1,-1,-1
393,153,1755,425,74,226,1,1,-1,-1
394,2,1520,404,99,269,1,1,-1,-1
394,27,535,302,181,572,1,1,-1,-1
394,28,1690,394,115,278,1,1,-1,-1
394,38,1180,454,62,194,1,1,-1,-1
394,43,948,327,210,504,1,1,-1,-1
394,121,1812,452,60,186,1,1,-1,-1
394,153,1754,424,86,226,1,1,-1,-1
395,2,1544,418,112,264,1,1,-1,-1
395,27,564,303,157,565,1,1,-1,-1
395,28,1655,412,124,277,1,1,-1,-1
395,38,1184,454,62,194,1,1,-1,-1
395,43,939,324,212,509,1,1,-1,-1
395,121,1814,452,60,186,1,1,-1,-1
395,153,1751,426,85,221,1,1,-1,-1
396,2,1548,418,112,263,1,1,-1,-1
396,27,571,306,182,558,1,1,-1,-1
396,28,1659,413,123,275,1,1,-1,-1
396,38,1188,454,62,194,1,1,-1,-1
396,43,930,322,214,514,1,1,-1,-1
396,121,1816,452,60,185,1,1,-1,-1
396,153,1753,430,86,218,1,1,-1,-1
397,2,1536,404,85,266,1,1,-1,-1
397,27,579,309,206,551,1,1,-1,-1
397,28,1702,395,115,276,1,1,-1,-1
397,38,1192,454,62,194,1,1,-1,-1
397,43,923,321,216,517,1,1,-1,-1
397,121,1818,452,60,185,1,1,-1,-1
397,153,1752,434,86,216,1,1,-1,-1
398,2,1538,404,92,266,1,1,-1,-1
398,27,587,312,230,544,1,1,-1,-1
398,28,1666,414,122,272,1,1,-1,-1
398,38,1196,454,62,194,1,1,-1,-1
398,43,916,320,218,520,1,1,-1,-1
399,2,1541,405,99,266,1,1,-1,-1
399,27,595,316,255,537,1,1,-1,-1
399,28,1674,411,122,272,1,1,-1,-1
399,38,1200,454,62,194,1,1,-1,-1
400,2,1544,406,106,266,1,1,-1,-1
400,27,605,319,249,532,1,1,-1,-1
400,28,1711,414,78,236,1,1,-1,-1
400,38,1204,454,62,194,1,1,-1,-1
401,2,1548,406,106,265,1,1,-1,-1
401,27,615,322,243,527,1,1,-1,-1
401,28,1691,407,121,271,1,1,-1,-1
401,38,1208,454,62,194,1,1,-1,-1
402,2,1552,406,106,265,1,1,-1,-1
402,27,626,325,236,523,1,1,-1,-1
402,28,1691,408,121,270,1,1,-1,-1
402,38,1212,454,62,194,1,1,-1,-1
403,2,1556,407,106,264,1,1,-1,-1
403,28,1692,409,120,269,1,1,-1,-1
404,2,1581,420,107,256,1,1,-1,-1
404,28,1692,411,121,268,1,1,-1,-1
404,154,1220,454,62,194,1,1,-1,-1
404,201,647,332,223,513,1,1,-1,-1
405,2,1564,406,106,263,1,1,-1,-1
405,48,1712,378,110,340,1,1,-1,-1
405,154,1224,454,62,194,1,1,-1,-1
405,201,670,328,203,511,1,1,-1,-1
406,2,1568,406,106,263,1,1,-1,-1
406,48,1733,418,116,273,1,1,-1,-1
406,154,1228,454,62,194,1,1,-1,-1
406,201,694,325,182,509,1,1,-1,-1
407,2,1572,406,106,262,1,1,-1,-1
407,48,1698,413,120,265,1,1,-1,-1
407,154,1232,454,62,194,1,1,-1,-1
407,201,718,322,161,506,1,1,-1,-1
408,2,1598,420,104,254,1,1,-1,-1
408,48,1735,415,76,231,1,1,-1,-1
408,154,1236,454,62,194,1,1,-1,-1
408,201,742,319,141,504,1,1,-1,-1
409,2,1580,406,106,262,1,1,-1,-1
409,48,1706,412,120,263,1,1,-1,-1
409,154,1240,454,62,194,1,1,-1,-1
409,155,1752,393,113,266,1,1,-1,-1
410,2,1584,406,106,262,1,1,-1,-1
410,48,1710,412,120,262,1,1,-1,-1
410,155,1755,393,116,265,1,1,-1,-1
411,2,1588,406,106,262,1,1,-1,-1
411,48,1714,412,120,261,1,1,-1,-1
411,155,1759,393,118,264,1,1,-1,-1
411,202,1247,454,62,194,1,1,-1,-1
412,2,1614,421,102,250,1,1,-1,-1
412,48,1742,417,75,227,1,1,-1,-1
412,155,1762,394,121,262,1,1,-1,-1
412,202,1250,454,62,194,1,1,-1,-1
413,2,1596,406,105,261,1,1,-1,-1
413,48,1718,414,120,261,1,1,-1,-1
413,155,1766,394,123,261,1,1,-1,-1
413,202,1254,454,62,194,1,1,-1,-1
414,2,1600,407,104,260,1,1,-1,-1
414,48,1720,416,120,260,1,1,-1,-1
414,155,1770,395,125,260,1,1,-1,-1
414,202,1258,454,62,194,1,1,-1,-1
415,2,1604,407,103,259,1,1,-1,-1
415,48,1773,395,124,259,1,1,-1,-1
415,156,760,293,244,603,1,1,-1,-1
415,202,1262,454,62,194,1,1,-1,-1
416,2,1608,408,102,258,1,1,-1,-1
416,122,1856,452,60,180,1,1,-1,-1
416,156,748,292,248,608,1,1,-1,-1
417,2,1611,408,102,257,1,1,-1,-1
417,15,1750,420,74,224,1,1,-1,-1
417,122,1858,452,60,180,1,1,-1,-1
417,123,1779,396,123,257,1,1,-1,-1
417,156,741,287,248,611,1,1,-1,-1
418,2,1615,409,101,256,1,1,-1,-1
418,15,1734,418,118,254,1,1,-1,-1
418,122,1860,452,60,180,1,1,-1,-1
418,123,1783,396,121,257,1,1,-1,-1
418,156,734,282,248,614,1,1,-1,-1
419,2,1618,409,101,255,1,1,-1,-1
419,15,1753,421,73,223,1,1,-1,-1
419,122,1862,452,61,181,1,1,-1,-1
419,123,1786,396,120,256,1,1,-1,-1
419,156,727,277,248,618,1,1,-1,-1
420,2,1622,410,100,254,1,1,-1,-1
420,15,1754,421,73,223,1,1,-1,-1
420,122,1864,452,61,181,1,1,-1,-1
420,123,1789,397,120,255,1,1,-1,-1
420,156,714,276,252,625,1,1,-1,-1
421,2,1625,410,100,253,1,1,-1,-1
421,15,1746,418,116,252,1,1,-1,-1
421,122,1866,452,61,181,1,1,-1,-1
421,123,1792,397,119,254,1,1,-1,-1
422,2,1629,410,100,253,1,1,-1,-1
422,15,1750,418,116,252,1,1,-1,-1
422,122,1868,452,61,181,1,1,-1,-1
422,123,1796,398,118,253,1,1,-1,-1
423,2,1632,410,100,252,1,1,-1,-1
423,15,1753,418,116,251,1,1,-1,-1
423,123,1801,399,114,252,1,1,-1,-1
424,2,1636,410,100,252,1,1,-1,-1
424,15,1806,400,110,251,1,1,-1,-1
424,56,1298,452,62,194,1,1,-1,-1
425,2,1639,410,100,251,1,1,-1,-1
425,15,1812,402,106,249,1,1,-1,-1
425,56,1302,452,62,194,1,1,-1,-1
425,203,1135,477,65,170,1,1,-1,-1
426,2,1655,406,103,259,1,1,-1,-1
426,15,1764,420,116,248,1,1,-1,-1
426,56,1305,451,67,194,1,1,-1,-1
426,203,1136,472,64,172,1,1,-1,-1
427,2,1646,411,99,249,1,1,-1,-1
427,15,1767,425,69,219,1,1,-1,-1
427,56,1309,451,72,193,1,1,-1,-1
427,203,1145,473,63,170,1,1,-1,-1
428,2,1650,412,98,248,1,1,-1,-1
428,15,1768,425,69,219,1,1,-1,-1
428,56,1313,451,76,192,1,1,-1,-1
428,203,1154,474,62,168,1,1,-1,-1
429,2,1653,412,98,247,1,1,-1,-1
429,15,1770,426,68,218,1,1,-1,-1
429,56,1317,451,81,192,1,1,-1,-1
429,157,1824,402,106,247,1,1,-1,-1
429,203,1158,473,62,169,1,1,-1,-1
430,2,1688,422,96,237,1,1,-1,-1
430,15,1771,426,68,217,1,1,-1,-1
430,56,1316,451,86,193,1,1,-1,-1
430,157,1780,420,114,246,1,1,-1,-1
431,2,1659,413,98,244,1,1,-1,-1
431,15,1773,427,68,216,1,1,-1,-1
431,56,1315,451,91,195,1,1,-1,-1
431,157,1830,402,106,246,1,1,-1,-1
432,2,1662,414,98,242,1,1,-1,-1
432,15,1774,427,68,215,1,1,-1,-1
432,56,1314,451,96,197,1,1,-1,-1
432,157,1787,421,114,243,1,1,-1,-1
433,2,1665,414,98,241,1,1,-1,-1
433,15,1790,421,114,242,1,1,-1,-1
433,56,1321,449,85,197,1,1,-1,-1
433,157,1836,402,106,245,1,1,-1,-1
434,2,1669,414,98,241,1,1,-1,-1
434,15,1778,428,67,213,1,1,-1,-1
434,157,1839,402,106,245,1,1,-1,-1
435,2,1672,414,98,240,1,1,-1,-1
435,15,1780,428,67,213,1,1,-1,-1
435,78,1334,454,78,192,1,1,-1,-1
436,2,1715,422,93,234,1,1,-1,-1
436,78,1341,453,70,193,1,1,-1,-1
436,79,1847,402,105,244,1,1,-1,-1
437,2,1679,414,98,239,1,1,-1,-1
437,78,1348,452,62,194,1,1,-1,-1
437,79,1809,419,106,237,1,1,-1,-1
438,2,1724,422,91,233,1,1,-1,-1
438,78,1352,452,62,194,1,1,-1,-1
438,79,1808,420,108,237,1,1,-1,-1
439,2,1728,422,91,233,1,1,-1,-1
439,78,1356,452,62,194,1,1,-1,-1
439,79,1788,428,65,211,1,1,-1,-1
439,204,456,229,287,757,1,1,-1,-1
440,2,1690,416,96,236,1,1,-1,-1
440,78,1360,452,62,194,1,1,-1,-1
440,79,1807,422,111,237,1,1,-1,-1
440,204,421,208,328,869,1,1,-1,-1
440,205,1057,371,154,389,1,1,-1,-1
441,2,1693,416,95,235,1,1,-1,-1
441,78,1364,452,62,194,1,1,-1,-1
441,79,1859,387,92,289,1,1,-1,-1
441,204,426,222,291,771,1,1,-1,-1
441,205,1061,374,158,386,1,1,-1,-1
442,2,1697,417,94,234,1,1,-1,-1
442,78,1365,452,73,193,1,1,-1,-1
442,79,1871,402,105,244,1,1,-1,-1
442,204,411,218,293,778,1,1,-1,-1
442,205,1074,372,151,385,1,1,-1,-1
443,2,1745,422,89,231,1,1,-1,-1
443,78,1366,452,84,193,1,1,-1,-1
443,79,1824,422,102,235,1,1,-1,-1
443,204,343,121,360,959,1,1,-1,-1
443,205,1087,371,145,384,1,1,-1,-1
444,2,1749,422,89,230,1,1,-1,-1
444,79,1841,390,91,289,1,1,-1,-1
444,205,1100,370,138,383,1,1,-1,-1
445,2,1754,422,88,230,1,1,-1,-1
446,2,1756,429,91,231,1,1,-1,-1
446,7,1830,393,90,288,1,1,-1,-1
447,2,1710,418,92,232,1,1,-1,-1
447,7,1831,359,131,337,1,1,-1,-1
447,158,-15,279,297,663,1,1,-1,-1
448,7,1792,395,130,286,1,1,-1,-1
448,57,1862,380,81,297,1,1,-1,-1
448,158,-4,298,278,621,1,1,-1,-1
449,7,1773,396,150,285,1,1,-1,-1
449,57,1863,381,85,294,1,1,-1,-1
449,96,1806,428,64,204,1,1,-1,-1
449,158,-9,276,294,656,1,1,-1,-1
450,7,1769,396,146,285,1,1,-1,-1
450,57,1850,418,108,236,1,1,-1,-1
450,96,1773,422,88,225,1,1,-1,-1
450,158,-6,274,292,653,1,1,-1,-1
451,7,1790,350,122,316,1,1,-1,-1
451,57,1848,418,114,238,1,1,-1,-1
451,96,1777,422,87,225,1,1,-1,-1
451,158,-3,273,291,650,1,1,-1,-1
452,7,1763,396,137,285,1,1,-1,-1
452,57,1841,380,106,289,1,1,-1,-1
452,96,1812,428,62,202,1,1,-1,-1
452,158,26,274,277,648,1,1,-1,-1
453,7,1765,411,94,246,1,1,-1,-1
453,57,1835,381,105,291,1,1,-1,-1
453,96,1814,428,62,202,1,1,-1,-1
454,7,1726,419,90,228,1,1,-1,-1
454,57,1825,380,75,246,1,1,-1,-1
454,96,1786,422,85,224,1,1,-1,-1
455,7,1728,419,90,227,1,1,-1,-1
455,57,1813,385,120,291,1,1,-1,-1
455,96,1788,422,85,224,1,1,-1,-1
456,7,1736,397,114,283,1,1,-1,-1
456,57,1808,385,126,291,1,1,-1,-1
456,96,1790,422,84,224,1,1,-1,-1
457,7,1728,397,108,283,1,1,-1,-1
457,57,1803,385,127,288,1,1,-1,-1
458,7,1720,398,102,282,1,1,-1,-1
458,16,1793,422,84,224,1,1,-1,-1
458,206,154,284,240,632,1,1,-1,-1
459,7,1705,399,114,281,1,1,-1,-1
459,16,1826,430,59,197,1,1,-1,-1
459,206,208,373,199,506,1,1,-1,-1
460,7,1691,401,125,280,1,1,-1,-1
460,16,1828,430,58,196,1,1,-1,-1
460,206,166,288,256,627,1,1,-1,-1
461,7,1676,402,137,279,1,1,-1,-1
461,16,1798,424,82,222,1,1,-1,-1
461,206,172,290,264,624,1,1,-1,-1
462,7,1662,404,148,278,1,1,-1,-1
462,16,1802,425,82,222,1,1,-1,-1
462,206,178,292,272,622,1,1,-1,-1
463,7,1655,405,149,276,1,1,-1,-1
463,16,1807,427,82,221,1,1,-1,-1
463,207,1884,428,89,220,1,1,-1,-1
464,7,1648,407,150,274,1,1,-1,-1
464,16,1806,425,81,221,1,1,-1,-1
464,80,1306,464,68,178,1,1,-1,-1
464,207,1887,431,90,216,1,1,-1,-1
465,7,1642,409,151,272,1,1,-1,-1
465,16,1836,430,58,192,1,1,-1,-1
465,80,1310,464,69,178,1,1,-1,-1
465,207,1889,430,90,217,1,1,-1,-1
466,7,1719,394,117,279,1,1,-1,-1
466,16,1812,427,78,218,1,1,-1,-1
466,80,1315,464,69,178,1,1,-1,-1
466,207,1892,429,89,218,1,1,-1,-1
467,7,1697,394,144,277,1,1,-1,-1
467,16,1840,430,57,191,1,1,-1,-1
467,80,1319,464,70,178,1,1,-1,-1
467,207,1894,429,90,218,1,1,-1,-1
467,208,-215,110,431,1037,1,1,-1,-1
468,7,1686,397,153,274,1,1,-1,-1
468,16,1815,428,77,217,1,1,-1,-1
468,80,1324,464,70,178,1,1,-1,-1
468,208,-242,102,430,1046,1,1,-1,-1
469,7,1679,396,169,276,1,1,-1,-1
469,16,1812,426,78,218,1,1,-1,-1
469,80,1328,464,70,178,1,1,-1,-1
469,97,1474,450,68,194,1,1,-1,-1
469,208,-288,98,453,1064,1,1,-1,-1
470,7,1683,396,153,275,1,1,-1,-1
470,16,1818,428,77,215,1,1,-1,-1
470,80,1333,464,70,179,1,1,-1,-1
470,97,1478,451,77,193,1,1,-1,-1
470,208,-334,94,476,1083,1,1,-1,-1
471,16,1848,430,55,189,1,1,-1,-1
471,80,1337,464,70,179,1,1,-1,-1
471,97,1482,452,86,193,1,1,-1,-1
471,208,-380,90,499,1102,1,1,-1,-1
472,16,1850,430,54,188,1,1,-1,-1
472,80,1342,464,70,180,1,1,-1,-1
472,97,1486,453,95,193,1,1,-1,-1
472,98,1676,398,145,276,1,1,-1,-1
473,16,1837,435,74,207,1,1,-1,-1
473,97,1490,455,105,192,1,1,-1,-1
473,98,1677,401,120,273,1,1,-1,-1
473,209,333,298,232,583,1,1,-1,-1
474,16,1838,434,75,207,1,1,-1,-1
474,49,1351,463,70,181,1,1,-1,-1
474,97,1493,454,105,192,1,1,-1,-1
474,98,1663,400,121,274,1,1,-1,-1
474,209,342,300,244,580,1,1,-1,-1
475,16,1840,434,75,207,1,1,-1,-1
475,49,1355,462,70,182,1,1,-1,-1
475,97,1496,454,105,191,1,1,-1,-1
475,98,1658,402,114,272,1,1,-1,-1
475,209,352,302,255,576,1,1,-1,-1
476,16,1858,430,52,186,1,1,-1,-1
476,49,1360,462,70,182,1,1,-1,-1
476,97,1500,454,105,190,1,1,-1,-1
476,98,1653,404,107,271,1,1,-1,-1
476,209,361,304,267,572,1,1,-1,-1
476,210,1784,422,80,214,1,1,-1,-1
477,49,1364,462,70,182,1,1,-1,-1
477,98,1648,406,100,270,1,1,-1,-1
477,209,371,306,278,569,1,1,-1,-1
477,210,1786,423,79,213,1,1,-1,-1
478,49,1369,462,70,182,1,1,-1,-1
478,98,1635,406,109,269,1,1,-1,-1
478,210,1788,424,78,213,1,1,-1,-1
479,49,1373,462,70,182,1,1,-1,-1
479,98,1623,406,117,269,1,1,-1,-1
479,210,1788,424,79,212,1,1,-1,-1
480,34,1865,431,59,183,1,1,-1,-1
480,49,1378,462,70,182,1,1,-1,-1
480,210,1789,424,80,212,1,1,-1,-1
481,34,1846,429,82,208,1,1,-1,-1
481,49,1382,462,70,182,1,1,-1,-1
481,211,1599,407,133,267,1,1,-1,-1
482,34,1847,430,78,209,1,1,-1,-1
482,49,1387,462,70,182,1,1,-1,-1
482,99,1790,424,82,212,1,1,-1,-1
482,211,1595,408,131,266,1,1,-1,-1
483,34,1848,432,74,210,1,1,-1,-1
483,49,1391,462,70,182,1,1,-1,-1
483,99,1791,424,83,212,1,1,-1,-1
483,211,1592,409,129,266,1,1,-1,-1
484,34,1850,434,70,211,1,1,-1,-1
484,49,1396,462,70,182,1,1,-1,-1
484,99,1792,424,84,212,1,1,-1,-1
484,211,1589,411,127,265,1,1,-1,-1
485,34,1851,435,74,205,1,1,-1,-1
485,58,1520,414,96,260,1,1,-1,-1
485,99,1795,407,83,210,1,1,-1,-1
485,211,1586,414,108,262,1,1,-1,-1
486,34,1852,434,74,204,1,1,-1,-1
486,58,1512,415,98,259,1,1,-1,-1
486,99,1796,424,82,211,1,1,-1,-1
486,100,1212,458,81,189,1,1,-1,-1
487,34,1853,434,75,203,1,1,-1,-1
487,58,1504,416,101,259,1,1,-1,-1
487,99,1798,424,81,210,1,1,-1,-1
487,100,1196,464,84,188,1,1,-1,-1
487,124,-100,230,357,789,1,1,-1,-1
488,34,1854,434,75,202,1,1,-1,-1
488,58,1496,417,103,258,1,1,-1,-1
488,99,1800,424,80,210,1,1,-1,-1
488,100,1220,460,88,188,1,1,-1,-1
488,124,-75,227,337,782,1,1,-1,-1
489,34,1855,434,76,201,1,1,-1,-1
489,58,1488,418,105,257,1,1,-1,-1
489,99,1801,424,80,210,1,1,-1,-1
489,100,1225,460,88,188,1,1,-1,-1
489,124,-50,224,317,774,1,1,-1,-1
490,34,1857,434,76,200,1,1,-1,-1
490,58,1440,396,108,309,1,1,-1,-1
490,100,1230,460,88,189,1,1,-1,-1
490,124,-25,221,297,767,1,1,-1,-1
491,34,1861,433,70,198,1,1,-1,-1
491,58,1446,397,108,309,1,1,-1,-1
491,100,1235,460,88,189,1,1,-1,-1
491,124,22,222,306,762,1,1,-1,-1
492,34,1865,433,65,196,1,1,-1,-1
492,58,1448,385,110,316,1,1,-1,-1
492,100,1240,460,88,190,1,1,-1,-1
492,124,88,224,241,753,1,1,-1,-1
493,34,1871,433,66,201,1,1,-1,-1
493,58,1458,398,108,310,1,1,-1,-1
493,100,1249,458,83,190,1,1,-1,-1
493,124,98,218,256,756,1,1,-1,-1
494,58,1457,424,105,250,1,1,-1,-1
494,59,1530,418,103,255,1,1,-1,-1
494,212,1580,453,76,193,1,1,-1,-1
495,59,1524,419,102,254,1,1,-1,-1
495,125,118,228,332,742,1,1,-1,-1
495,212,1580,451,76,193,1,1,-1,-1
496,59,1473,399,105,306,1,1,-1,-1
496,125,129,234,370,735,1,1,-1,-1
496,212,1580,449,77,193,1,1,-1,-1
497,59,1512,420,100,252,1,1,-1,-1
497,125,140,241,396,729,1,1,-1,-1
497,212,1580,448,78,192,1,1,-1,-1
498,59,1482,400,104,303,1,1,-1,-1
498,125,151,243,393,724,1,1,-1,-1
498,212,1587,448,77,192,1,1,-1,-1
499,59,1499,422,100,250,1,1,-1,-1
499,125,163,246,390,718,1,1,-1,-1
500,59,1491,400,103,301,1,1,-1,-1
500,60,1412,429,93,241,1,1,-1,-1
500,125,151,186,448,825,1,1,-1,-1
501,59,1486,424,100,248,1,1,-1,-1
501,60,1406,430,94,241,1,1,-1,-1
501,125,191,138,434,885,1,1,-1,-1
502,59,1480,424,99,247,1,1,-1,-1
502,60,1400,432,95,239,1,1,-1,-1
502,101,1881,433,65,196,1,1,-1,-1
502,126,270,287,255,584,1,1,-1,-1
503,59,1474,425,98,246,1,1,-1,-1
503,60,1394,433,96,238,1,1,-1,-1
503,101,1883,433,65,195,1,1,-1,-1
503,126,311,243,267,697,1,1,-1,-1
503,127,1295,457,91,192,1,1,-1,-1
503,213,603,327,174,492,1,1,-1,-1
504,60,1388,435,98,237,1,1,-1,-1
504,101,1885,432,64,196,1,1,-1,-1
504,126,357,241,227,692,1,1,-1,-1
504,127,1298,460,92,192,1,1,-1,-1
504,213,609,327,175,492,1,1,-1,-1
505,60,1382,435,96,236,1,1,-1,-1
505,101,1887,432,64,195,1,1,-1,-1
505,126,403,240,187,686,1,1,-1,-1
505,127,1306,458,88,193,1,1,-1,-1
505,213,616,327,176,493,1,1,-1,-1
505,214,1514,400,100,296,1,1,-1,-1
506,60,1377,436,93,234,1,1,-1,-1
506,101,1889,431,63,195,1,1,-1,-1
506,126,409,245,212,680,1,1,-1,-1
506,127,1315,457,84,193,1,1,-1,-1
506,213,622,327,177,494,1,1,-1,-1
506,214,1518,400,100,295,1,1,-1,-1
507,60,1371,436,91,233,1,1,-1,-1
507,101,1910,416,72,228,1,1,-1,-1
507,126,416,251,236,674,1,1,-1,-1
507,127,1324,455,79,194,1,1,-1,-1
507,213,629,327,178,495,1,1,-1,-1
507,214,1522,400,100,294,1,1,-1,-1
508,60,1366,437,89,231,1,1,-1,-1
508,101,1893,430,62,195,1,1,-1,-1
508,126,423,256,260,668,1,1,-1,-1
508,127,1332,454,76,194,1,1,-1,-1
508,214,1526,400,100,293,1,1,-1,-1
509,60,1341,452,71,195,1,1,-1,-1
509,101,1895,429,61,195,1,1,-1,-1
509,127,1361,437,86,230,1,1,-1,-1
509,214,1530,400,100,292,1,1,-1,-1
510,22,1411,431,106,240,1,1,-1,-1
510,102,436,267,309,656,1,1,-1,-1
511,22,1407,430,101,238,1,1,-1,-1
511,102,443,273,334,650,1,1,-1,-1
511,159,1539,400,98,290,1,1,-1,-1
512,22,1404,429,96,237,1,1,-1,-1
512,102,463,272,307,646,1,1,-1,-1
512,159,1543,400,97,289,1,1,-1,-1
513,22,1401,429,91,235,1,1,-1,-1
513,102,483,272,280,642,1,1,-1,-1
513,159,1548,400,96,288,1,1,-1,-1
514,22,1366,455,83,196,1,1,-1,-1
514,102,504,272,252,638,1,1,-1,-1
514,128,686,330,156,488,1,1,-1,-1
514,159,1552,400,96,287,1,1,-1,-1
515,22,1370,456,87,196,1,1,-1,-1
515,102,542,269,235,632,1,1,-1,-1
515,128,700,343,143,448,1,1,-1,-1
515,159,1557,400,95,286,1,1,-1,-1
516,22,1317,440,101,228,1,1,-1,-1
516,61,1384,432,90,234,1,1,-1,-1
516,102,580,267,219,626,1,1,-1,-1
516,128,701,331,153,484,1,1,-1,-1
516,159,1561,400,95,285,1,1,-1,-1
517,22,1310,440,106,229,1,1,-1,-1
517,61,1379,458,94,196,1,1,-1,-1
517,102,618,264,202,621,1,1,-1,-1
517,128,708,331,152,482,1,1,-1,-1
518,22,1303,441,112,230,1,1,-1,-1
518,61,1361,435,90,235,1,1,-1,-1
518,128,716,332,150,480,1,1,-1,-1
519,22,1299,441,106,227,1,1,-1,-1
519,61,1356,435,93,233,1,1,-1,-1
519,128,723,332,148,478,1,1,-1,-1
520,22,1295,442,101,223,1,1,-1,-1
520,61,1352,435,95,231,1,1,-1,-1
520,128,731,332,146,476,1,1,-1,-1
521,22,1291,443,96,219,1,1,-1,-1
521,61,1348,435,97,229,1,1,-1,-1
522,22,1288,444,90,216,1,1,-1,-1
522,61,1345,436,98,228,1,1,-1,-1
523,22,1285,444,82,216,1,1,-1,-1
523,61,1342,437,99,227,1,1,-1,-1
524,22,1282,444,74,217,1,1,-1,-1
524,61,1340,438,99,226,1,1,-1,-1
525,22,1279,445,66,217,1,1,-1,-1
525,61,1330,439,106,226,1,1,-1,-1
