1,5,12.00,76.00,91.00,251.00,1,1,-1,-1
1,4,28.00,206.00,50.00,124.00,1,1,-1,-1
1,3,259.00,204.00,19.00,47.00,1,1,-1,-1
1,2,20.00,136.00,69.00,190.00,1,1,-1,-1
2,7,312.00,213.00,12.00,32.00,1,1,-1,-1
2,6,288.00,196.00,11.00,26.00,1,1,-1,-1
2,5,20.87,145.72,76.26,199.55,1,1,-1,-1
2,3,256.17,205.61,21.67,51.78,1,1,-1,-1
2,2,23.96,134.12,69.09,190.76,1,1,-1,-1
3,12,293.00,242.00,16.00,41.00,1,1,-1,-1
3,11,33.00,92.00,110.00,278.00,1,1,-1,-1
3,10,161.00,189.00,49.00,104.00,1,1,-1,-1
3,9,270.00,204.00,19.00,45.00,1,1,-1,-1
3,8,121.00,151.00,86.00,184.00,1,1,-1,-1
3,2,24.57,144.42,75.85,201.99,1,1,-1,-1
4,2,26.45,145.70,78.40,205.99,1,1,-1,-1
5,2,33.49,134.83,74.24,201.20,1,1,-1,-1
6,2,34.84,139.81,77.92,208.49,1,1,-1,-1
7,14,48.83,167.64,61.11,160.49,1,1,-1,-1
7,2,41.45,131.52,76.45,206.45,1,1,-1,-1
8,19,284.90,201.04,24.16,65.88,1,1,-1,-1
8,14,51.22,138.55,72.39,190.87,1,1,-1,-1
8,2,42.20,137.73,79.38,213.17,1,1,-1,-1
9,19,286.48,192.38,22.51,65.47,1,1,-1,-1
9,14,54.25,127.57,77.94,204.58,1,1,-1,-1
9,2,44.81,138.96,81.56,218.23,1,1,-1,-1
10,19,292.93,190.46,22.08,66.89,1,1,-1,-1
10,14,60.13,123.05,80.75,212.13,1,1,-1,-1
10,2,49.52,138.68,83.31,222.72,1,1,-1,-1
11,19,301.08,188.22,18.04,53.68,1,1,-1,-1
11,14,66.31,121.07,81.85,216.75,1,1,-1,-1
12,27,293.46,200.81,23.45,66.46,1,1,-1,-1
12,14,73.42,119.03,84.17,225.55,1,1,-1,-1
13,39,314.99,194.15,24.67,70.82,1,1,-1,-1
13,37,275.98,204.71,23.83,63.63,1,1,-1,-1
13,36,180.45,140.66,101.94,213.48,1,1,-1,-1
13,27,301.78,201.53,23.08,65.92,1,1,-1,-1
13,14,80.91,117.98,83.41,226.27,1,1,-1,-1
14,39,323.42,192.44,24.19,73.36,1,1,-1,-1
14,37,283.50,203.52,24.41,64.64,1,1,-1,-1
14,36,188.65,139.76,102.76,216.50,1,1,-1,-1
14,27,310.96,205.03,28.52,85.71,1,1,-1,-1
14,14,86.90,116.89,82.80,227.46,1,1,-1,-1
14,2,74.84,135.10,87.57,237.14,1,1,-1,-1
15,39,332.01,189.49,24.28,76.19,1,1,-1,-1
15,36,196.72,138.78,103.66,219.53,1,1,-1,-1
15,27,321.74,209.89,29.20,88.25,1,1,-1,-1
16,48,323.77,194.30,24.02,72.23,1,1,-1,-1
16,27,329.68,196.80,32.21,94.21,1,1,-1,-1
17,48,331.52,191.22,24.53,75.54,1,1,-1,-1
18,56,83.48,124.32,92.61,259.47,1,1,-1,-1
18,48,335.34,190.10,25.09,77.87,1,1,-1,-1
18,14,103.43,109.85,82.42,236.12,1,1,-1,-1
19,48,337.70,188.59,25.37,79.74,1,1,-1,-1
19,36,200.94,89.87,120.54,261.61,1,1,-1,-1
19,14,102.57,106.96,83.36,239.67,1,1,-1,-1
20,48,340.52,188.03,25.83,81.32,1,1,-1,-1
20,14,109.82,97.44,85.27,244.82,1,1,-1,-1
21,48,342.64,187.26,26.09,82.48,1,1,-1,-1
21,37,317.06,190.91,25.52,74.85,1,1,-1,-1
21,14,99.65,104.64,81.87,234.47,1,1,-1,-1
22,69,435.04,204.91,13.00,35.00,1,1,-1,-1
22,68,44.46,189.37,26.79,67.56,1,1,-1,-1
22,56,81.26,108.40,91.42,257.04,1,1,-1,-1
22,53,377.50,193.90,26.25,71.77,1,1,-1,-1
22,48,345.91,186.93,26.20,83.10,1,1,-1,-1
22,37,320.57,190.67,25.15,75.07,1,1,-1,-1
22,14,99.97,103.26,85.06,242.85,1,1,-1,-1
23,69,438.16,204.87,13.52,35.90,1,1,-1,-1
23,68,47.37,191.02,27.47,69.39,1,1,-1,-1
23,61,200.13,187.68,26.62,78.41,1,1,-1,-1
23,56,76.23,109.95,97.43,273.84,1,1,-1,-1
23,53,381.42,193.25,26.26,72.35,1,1,-1,-1
23,48,350.13,186.21,25.90,83.26,1,1,-1,-1
23,14,106.91,95.11,92.04,262.02,1,1,-1,-1
24,69,441.14,204.82,13.79,36.27,1,1,-1,-1
24,56,73.43,109.58,102.24,287.14,1,1,-1,-1
24,53,385.34,192.45,26.28,73.06,1,1,-1,-1
24,14,101.36,95.64,93.08,264.74,1,1,-1,-1
25,75,233.15,95.11,131.84,312.93,1,1,-1,-1
25,69,444.07,204.95,13.98,36.82,1,1,-1,-1
25,56,70.74,106.72,106.01,297.98,1,1,-1,-1
25,53,387.46,176.10,31.92,93.43,1,1,-1,-1
25,14,99.33,96.16,94.38,267.80,1,1,-1,-1
26,75,227.53,104.10,126.09,303.58,1,1,-1,-1
26,69,447.74,205.47,14.04,36.74,1,1,-1,-1
26,56,86.12,95.10,102.69,290.87,1,1,-1,-1
26,53,391.57,181.95,30.36,88.49,1,1,-1,-1
26,14,108.97,85.91,93.47,267.00,1,1,-1,-1
27,75,227.72,106.22,124.10,302.81,1,1,-1,-1
27,69,450.96,205.68,14.08,36.67,1,1,-1,-1
27,56,92.24,90.85,100.05,287.19,1,1,-1,-1
27,53,395.86,184.56,29.21,85.22,1,1,-1,-1
27,14,103.09,124.78,91.05,259.09,1,1,-1,-1
28,75,229.36,106.05,123.49,305.66,1,1,-1,-1
28,69,454.02,205.93,14.13,36.94,1,1,-1,-1
28,56,95.40,88.67,97.87,285.60,1,1,-1,-1
28,53,400.15,185.65,28.39,83.15,1,1,-1,-1
28,37,343.55,186.85,26.65,77.57,1,1,-1,-1
29,87,385.28,173.00,27.35,86.00,1,1,-1,-1
29,75,231.55,104.60,123.95,310.74,1,1,-1,-1
29,69,457.19,205.91,14.49,37.27,1,1,-1,-1
29,56,97.37,87.61,96.02,285.52,1,1,-1,-1
29,53,404.38,186.45,27.79,81.63,1,1,-1,-1
30,92,376.26,187.18,22.14,77.15,1,1,-1,-1
30,75,235.84,101.67,126.51,318.67,1,1,-1,-1
30,56,100.48,85.37,95.06,287.88,1,1,-1,-1
30,53,403.95,186.55,27.36,80.82,1,1,-1,-1
31,75,216.51,90.12,133.74,336.31,1,1,-1,-1
31,56,100.58,87.81,99.38,306.55,1,1,-1,-1
31,53,407.75,187.90,24.24,72.67,1,1,-1,-1
32,53,410.14,189.48,24.82,74.70,1,1,-1,-1
33,87,406.93,173.41,26.30,86.70,1,1,-1,-1
33,53,417.37,187.98,25.24,76.41,1,1,-1,-1
33,14,63.61,62.72,143.22,401.83,1,1,-1,-1
34,92,398.26,189.33,21.32,74.97,1,1,-1,-1
34,87,414.54,173.42,26.29,87.59,1,1,-1,-1
34,53,425.48,186.79,24.89,75.71,1,1,-1,-1
34,37,368.08,185.96,28.54,79.60,1,1,-1,-1
34,14,65.81,64.18,143.15,400.69,1,1,-1,-1
35,92,398.91,196.02,20.78,66.65,1,1,-1,-1
35,89,262.24,82.18,151.84,369.13,1,1,-1,-1
35,87,422.68,172.83,26.66,89.11,1,1,-1,-1
35,53,435.52,187.31,25.60,78.11,1,1,-1,-1
35,37,374.36,188.36,29.11,80.16,1,1,-1,-1
35,14,68.47,64.99,143.97,402.25,1,1,-1,-1
36,107,419.85,189.37,21.33,76.89,1,1,-1,-1
36,89,288.47,89.94,143.24,344.07,1,1,-1,-1
36,87,431.46,171.91,26.91,90.41,1,1,-1,-1
36,53,444.28,187.50,26.12,80.37,1,1,-1,-1
36,37,385.10,186.57,28.64,81.21,1,1,-1,-1
36,14,69.85,64.02,145.42,405.93,1,1,-1,-1
37,107,427.75,189.72,21.70,78.25,1,1,-1,-1
37,87,439.97,171.46,27.41,91.79,1,1,-1,-1
37,53,452.58,187.39,26.49,82.25,1,1,-1,-1
37,37,390.22,185.93,28.02,82.19,1,1,-1,-1
37,14,88.01,42.68,145.24,419.11,1,1,-1,-1
38,110,268.77,62.77,178.89,413.37,1,1,-1,-1
38,107,432.65,188.91,21.99,79.57,1,1,-1,-1
38,87,445.15,171.46,27.10,92.63,1,1,-1,-1
38,53,457.45,187.22,26.75,83.88,1,1,-1,-1
38,37,394.54,187.38,27.26,81.81,1,1,-1,-1
38,14,76.48,48.09,148.56,424.45,1,1,-1,-1
39,110,272.90,58.91,184.69,423.67,1,1,-1,-1
39,96,264.45,182.27,24.68,72.50,1,1,-1,-1
39,87,449.38,171.11,26.59,93.65,1,1,-1,-1
39,56,130.48,69.27,102.98,325.68,1,1,-1,-1
39,53,461.09,167.89,24.86,81.83,1,1,-1,-1
39,37,398.57,189.86,26.41,80.40,1,1,-1,-1
39,14,71.26,48.32,152.67,432.06,1,1,-1,-1
40,96,268.96,185.97,27.00,76.33,1,1,-1,-1
40,87,453.12,170.48,25.60,94.37,1,1,-1,-1
40,56,133.28,67.91,102.99,330.04,1,1,-1,-1
40,37,402.52,192.27,25.51,78.24,1,1,-1,-1
40,14,69.27,44.95,156.75,439.17,1,1,-1,-1
41,87,453.91,172.86,26.03,92.68,1,1,-1,-1
41,56,148.88,80.03,95.28,309.71,1,1,-1,-1
41,14,61.36,44.63,160.78,444.47,1,1,-1,-1
42,56,140.52,72.91,98.44,321.51,1,1,-1,-1
42,14,55.95,40.19,165.10,451.11,1,1,-1,-1
43,56,134.84,66.63,101.82,331.85,1,1,-1,-1
43,14,49.19,35.56,170.25,461.40,1,1,-1,-1
44,118,471.21,183.97,28.24,87.44,1,1,-1,-1
44,14,80.67,4.04,168.77,475.80,1,1,-1,-1
45,118,473.21,185.44,28.05,86.06,1,1,-1,-1
46,118,475.47,186.54,28.36,85.35,1,1,-1,-1
47,128,23.52,-5.88,204.99,530.18,1,1,-1,-1
50,134,82.87,-52.12,200.39,585.08,1,1,-1,-1
50,96,279.55,178.88,35.67,85.19,1,1,-1,-1
51,134,96.46,-18.14,171.29,502.28,1,1,-1,-1
51,96,280.24,179.60,35.35,83.77,1,1,-1,-1
52,134,106.19,-22.31,171.57,506.91,1,1,-1,-1
52,118,483.98,185.49,31.11,87.54,1,1,-1,-1
53,134,93.28,-58.19,183.46,547.22,1,1,-1,-1
53,128,18.69,-42.47,206.59,545.12,1,1,-1,-1
53,118,484.86,185.12,31.50,88.12,1,1,-1,-1
54,128,19.91,10.17,191.30,488.28,1,1,-1,-1
55,128,8.73,2.82,209.49,523.40,1,1,-1,-1
56,131,549.98,205.21,20.67,44.36,1,1,-1,-1
56,128,-22.97,-60.00,270.02,665.38,1,1,-1,-1
57,131,551.28,201.55,21.58,45.95,1,1,-1,-1
57,128,-11.31,-23.36,258.83,628.58,1,1,-1,-1
57,125,299.72,5.64,264.35,535.34,1,1,-1,-1
57,118,487.74,180.45,34.39,94.31,1,1,-1,-1
58,131,553.34,199.56,21.86,47.12,1,1,-1,-1
58,118,489.12,181.30,34.50,94.07,1,1,-1,-1
59,131,555.48,198.59,22.35,48.02,1,1,-1,-1
60,131,557.92,197.50,22.36,48.52,1,1,-1,-1
61,133,109.76,-6.53,158.20,466.70,1,1,-1,-1
62,133,110.69,1.55,153.18,453.11,1,1,-1,-1
63,133,102.73,25.68,140.22,415.66,1,1,-1,-1
64,133,112.62,22.94,139.74,415.31,1,1,-1,-1
65,133,117.61,22.27,139.07,414.37,1,1,-1,-1
66,133,118.45,21.35,138.91,414.66,1,1,-1,-1
67,133,118.30,20.14,139.11,415.81,1,1,-1,-1
67,128,-19.27,-28.28,256.46,641.78,1,1,-1,-1
68,133,117.05,18.50,139.55,417.27,1,1,-1,-1
69,153,553.95,199.98,23.11,40.99,1,1,-1,-1
69,152,311.61,-16.22,289.77,582.55,1,1,-1,-1
69,133,116.01,16.83,140.17,419.24,1,1,-1,-1
70,153,554.69,200.13,23.18,41.48,1,1,-1,-1
70,152,311.66,-16.11,289.46,583.12,1,1,-1,-1
71,153,554.92,200.13,23.20,41.74,1,1,-1,-1
73,165,302.44,175.49,27.19,88.46,1,1,-1,-1
73,154,585.97,193.71,26.47,54.73,1,1,-1,-1
73,133,126.48,14.84,135.16,419.83,1,1,-1,-1
74,165,302.80,175.11,26.75,87.84,1,1,-1,-1
74,154,587.96,193.53,26.49,55.68,1,1,-1,-1
74,148,496.25,178.20,36.10,96.53,1,1,-1,-1
74,133,128.29,14.48,134.02,420.17,1,1,-1,-1
75,165,301.73,174.97,26.85,87.75,1,1,-1,-1
75,148,496.02,177.70,36.05,96.87,1,1,-1,-1
76,165,293.63,175.70,26.71,85.52,1,1,-1,-1
76,148,496.45,177.53,35.68,96.95,1,1,-1,-1
77,165,298.49,174.89,26.73,85.51,1,1,-1,-1
77,148,496.67,177.45,35.42,97.04,1,1,-1,-1
78,175,320.62,1.26,266.77,552.23,1,1,-1,-1
78,165,299.64,175.53,26.74,85.76,1,1,-1,-1
78,148,496.80,177.39,35.25,97.14,1,1,-1,-1
78,133,131.83,11.68,132.23,424.92,1,1,-1,-1
79,175,279.09,-57.57,328.46,681.22,1,1,-1,-1
79,165,300.27,175.84,27.08,86.41,1,1,-1,-1
79,148,496.88,177.35,35.13,97.22,1,1,-1,-1
79,133,134.23,10.47,131.34,425.79,1,1,-1,-1
80,175,293.33,-27.13,320.80,667.37,1,1,-1,-1
80,154,601.63,192.15,27.61,59.41,1,1,-1,-1
80,148,496.93,177.31,35.04,97.29,1,1,-1,-1
81,148,496.97,177.28,34.99,97.36,1,1,-1,-1
82,148,496.99,177.26,34.95,97.42,1,1,-1,-1
83,165,299.56,177.26,27.54,88.45,1,1,-1,-1
83,133,133.59,-10.03,145.57,462.80,1,1,-1,-1
84,187,289.16,-52.29,321.37,677.51,1,1,-1,-1
85,187,299.40,-37.86,301.61,637.81,1,1,-1,-1
86,187,305.34,-28.00,290.02,614.57,1,1,-1,-1
86,148,497.04,177.06,34.87,96.83,1,1,-1,-1
87,187,308.69,-21.55,282.73,600.57,1,1,-1,-1
88,193,302.45,187.73,19.96,61.61,1,1,-1,-1
88,187,310.61,-17.26,278.00,592.41,1,1,-1,-1
89,201,551.59,206.56,15.60,38.51,1,1,-1,-1
89,187,311.74,-14.66,274.76,587.44,1,1,-1,-1
90,202,550.15,191.82,26.45,55.46,1,1,-1,-1
90,187,312.56,-12.48,272.78,584.59,1,1,-1,-1
91,187,290.02,-61.68,308.36,662.79,1,1,-1,-1
92,187,298.19,-43.27,296.52,639.21,1,1,-1,-1
93,213,284.73,175.95,26.50,87.72,1,1,-1,-1
93,187,303.05,-32.21,287.88,622.80,1,1,-1,-1
94,216,309.39,191.85,20.45,66.97,1,1,-1,-1
94,213,286.74,177.94,25.39,85.14,1,1,-1,-1
94,202,534.87,201.94,17.48,40.70,1,1,-1,-1
94,187,306.30,-25.34,281.81,611.26,1,1,-1,-1
95,218,556.96,195.98,23.09,49.99,1,1,-1,-1
95,213,287.50,179.50,24.79,83.86,1,1,-1,-1
95,187,308.34,-20.68,277.27,603.43,1,1,-1,-1
96,213,289.10,180.85,24.02,82.43,1,1,-1,-1
97,221,333.80,174.96,24.55,87.13,1,1,-1,-1
97,213,290.29,182.11,23.16,80.97,1,1,-1,-1
98,221,332.82,175.58,24.54,87.16,1,1,-1,-1
98,213,290.27,181.48,23.02,81.17,1,1,-1,-1
99,221,331.14,174.96,24.99,88.12,1,1,-1,-1
99,213,290.25,181.33,22.95,81.70,1,1,-1,-1
99,187,311.48,-13.57,268.13,591.01,1,1,-1,-1
99,148,497.05,177.13,34.90,96.72,1,1,-1,-1
100,221,329.95,175.16,25.66,89.06,1,1,-1,-1
100,213,289.71,180.02,23.29,83.04,1,1,-1,-1
100,148,497.04,177.12,34.90,96.74,1,1,-1,-1
101,225,138.09,38.23,138.85,364.95,1,1,-1,-1
101,213,289.44,178.81,23.52,84.26,1,1,-1,-1
101,148,497.04,177.12,34.91,96.75,1,1,-1,-1
102,243,-17.70,-9.74,244.00,599.12,1,1,-1,-1
102,242,539.08,194.02,15.67,39.02,1,1,-1,-1
102,225,143.46,33.58,140.66,378.47,1,1,-1,-1
102,213,289.29,178.16,23.68,85.10,1,1,-1,-1
102,148,497.04,177.11,34.91,96.76,1,1,-1,-1
103,242,539.70,198.96,16.28,40.46,1,1,-1,-1
103,237,301.08,177.00,24.80,91.02,1,1,-1,-1
103,225,145.12,29.85,141.65,387.58,1,1,-1,-1
103,213,289.20,177.95,23.80,86.00,1,1,-1,-1
104,242,540.97,207.45,14.42,35.40,1,1,-1,-1
107,254,554.12,192.50,23.15,55.27,1,1,-1,-1
108,242,539.21,200.81,16.55,40.81,1,1,-1,-1
109,266,495.09,171.42,38.30,106.33,1,1,-1,-1
109,265,-23.11,-22.00,255.00,624.00,1,1,-1,-1
109,242,539.05,200.42,16.74,41.29,1,1,-1,-1
109,237,297.72,173.49,30.02,97.09,1,1,-1,-1
110,266,496.14,174.51,36.59,101.54,1,1,-1,-1
110,265,-23.12,-22.00,255.00,624.00,1,1,-1,-1
110,237,297.67,173.73,29.89,95.86,1,1,-1,-1
111,266,507.85,161.31,36.22,100.25,1,1,-1,-1
111,265,-23.72,-22.75,255.48,624.75,1,1,-1,-1
111,237,297.67,174.02,29.81,95.00,1,1,-1,-1
112,266,500.92,171.21,35.56,98.45,1,1,-1,-1
112,237,292.02,174.63,27.85,93.02,1,1,-1,-1
113,242,537.90,200.00,16.99,41.96,1,1,-1,-1
115,265,-24.46,-23.48,257.00,625.88,1,1,-1,-1
116,279,547.69,192.25,23.51,58.35,1,1,-1,-1
117,284,285.54,174.19,31.32,105.52,1,1,-1,-1
117,279,546.91,192.27,23.37,58.55,1,1,-1,-1
117,278,143.00,17.00,145.00,415.00,1,1,-1,-1
118,284,278.28,161.17,30.68,106.88,1,1,-1,-1
119,290,299.25,174.24,27.93,94.58,1,1,-1,-1
119,284,274.81,161.97,29.67,105.73,1,1,-1,-1
120,290,308.41,177.79,29.28,97.43,1,1,-1,-1
121,290,304.37,165.55,30.11,100.24,1,1,-1,-1
121,279,544.05,192.15,23.74,59.76,1,1,-1,-1
122,302,297.68,174.38,29.87,94.17,1,1,-1,-1
122,279,543.15,192.07,23.88,59.99,1,1,-1,-1
123,302,297.62,174.35,29.94,94.25,1,1,-1,-1
123,279,542.63,192.24,23.66,60.33,1,1,-1,-1
123,265,8.34,-22.21,237.16,604.99,1,1,-1,-1
124,305,325.77,170.69,29.89,99.68,1,1,-1,-1
124,302,297.61,174.44,29.92,94.09,1,1,-1,-1
124,299,495.84,173.66,37.59,104.86,1,1,-1,-1
124,279,542.01,192.18,23.83,60.69,1,1,-1,-1
124,265,1.71,-20.52,240.86,610.94,1,1,-1,-1
125,305,327.02,171.68,28.59,95.33,1,1,-1,-1
125,302,297.63,174.56,29.86,93.86,1,1,-1,-1
125,279,541.12,192.10,23.93,60.93,1,1,-1,-1
125,265,-12.69,-9.40,243.05,613.86,1,1,-1,-1
126,305,327.62,172.59,27.81,92.73,1,1,-1,-1
126,279,540.79,192.21,24.02,61.39,1,1,-1,-1
126,265,-6.37,-17.00,245.21,616.93,1,1,-1,-1
128,319,293.00,178.00,23.00,87.00,1,1,-1,-1
128,304,303.27,-28.74,281.34,600.60,1,1,-1,-1
129,319,293.17,177.76,23.43,87.48,1,1,-1,-1
130,319,293.16,177.67,23.68,87.66,1,1,-1,-1
131,331,287.65,169.13,35.89,116.54,1,1,-1,-1
131,319,293.66,177.83,23.45,87.35,1,1,-1,-1
132,331,287.93,165.05,33.18,106.59,1,1,-1,-1
132,319,295.95,177.83,21.22,79.03,1,1,-1,-1
132,265,16.15,-17.41,234.53,599.24,1,1,-1,-1
133,319,295.04,179.14,21.82,81.61,1,1,-1,-1
133,265,8.46,-18.11,238.65,606.99,1,1,-1,-1
134,340,306.30,-61.86,304.81,664.68,1,1,-1,-1
134,337,496.97,177.03,34.06,98.00,1,1,-1,-1
134,325,143.05,20.08,144.87,415.43,1,1,-1,-1
134,319,294.61,179.27,22.21,83.31,1,1,-1,-1
134,265,-8.72,-19.49,249.13,614.10,1,1,-1,-1
135,340,300.58,-50.04,293.25,638.70,1,1,-1,-1
135,337,496.97,177.01,34.06,98.03,1,1,-1,-1
135,333,554.28,195.05,22.55,50.05,1,1,-1,-1
135,319,294.38,179.07,22.46,84.45,1,1,-1,-1
135,265,-17.98,-20.95,256.00,618.66,1,1,-1,-1
136,340,300.15,-43.71,287.93,625.35,1,1,-1,-1
136,337,496.98,176.99,34.05,98.05,1,1,-1,-1
136,333,554.01,194.74,22.85,50.42,1,1,-1,-1
136,319,294.26,178.82,22.63,85.22,1,1,-1,-1
136,265,-23.16,-22.15,260.07,621.62,1,1,-1,-1
137,349,-66.85,-130.06,363.54,856.00,1,1,-1,-1
137,340,300.69,-40.62,285.38,618.27,1,1,-1,-1
137,337,496.98,176.99,34.04,98.05,1,1,-1,-1
137,333,553.88,194.79,23.07,50.96,1,1,-1,-1
137,319,294.18,178.61,22.75,85.76,1,1,-1,-1
138,343,530.73,192.00,24.00,62.00,1,1,-1,-1
138,340,300.80,-38.81,284.64,614.36,1,1,-1,-1
138,337,507.24,184.30,32.94,91.74,1,1,-1,-1
138,325,137.72,17.99,145.11,416.46,1,1,-1,-1
138,319,297.80,177.24,24.76,88.53,1,1,-1,-1
139,343,530.75,192.00,24.00,62.00,1,1,-1,-1
139,340,301.23,-38.26,284.97,612.53,1,1,-1,-1
139,337,500.44,180.58,33.68,93.96,1,1,-1,-1
139,325,141.62,19.20,145.12,416.45,1,1,-1,-1
139,319,298.83,176.43,26.16,90.16,1,1,-1,-1
140,343,530.79,192.00,24.00,62.00,1,1,-1,-1
140,340,326.20,-11.48,269.36,576.34,1,1,-1,-1
140,337,497.80,179.39,34.14,95.05,1,1,-1,-1
140,319,295.28,176.40,25.29,89.56,1,1,-1,-1
141,353,292.26,166.68,23.73,82.75,1,1,-1,-1
141,340,313.40,-22.76,275.30,587.16,1,1,-1,-1
141,319,297.76,176.03,26.51,90.71,1,1,-1,-1
142,353,292.75,175.45,22.80,81.55,1,1,-1,-1
142,319,298.48,175.76,27.36,91.41,1,1,-1,-1
143,353,293.15,178.72,22.26,81.09,1,1,-1,-1
143,325,133.15,-18.42,166.19,476.84,1,1,-1,-1
143,319,296.40,183.35,26.46,86.78,1,1,-1,-1
144,366,301.11,-36.53,290.56,608.08,1,1,-1,-1
144,361,-30.63,-24.19,255.98,624.39,1,1,-1,-1
144,343,530.88,192.00,24.00,62.00,1,1,-1,-1
144,319,297.94,179.22,27.33,88.53,1,1,-1,-1
145,333,548.99,197.94,24.77,49.28,1,1,-1,-1
145,319,292.67,183.45,30.83,103.12,1,1,-1,-1
146,319,288.12,164.80,32.01,105.27,1,1,-1,-1
147,353,291.97,179.72,22.56,82.55,1,1,-1,-1
147,325,138.26,2.65,156.24,448.08,1,1,-1,-1
148,361,-18.74,-7.42,235.10,554.22,1,1,-1,-1
148,353,291.97,179.50,22.69,83.06,1,1,-1,-1
148,343,530.13,193.35,23.26,61.89,1,1,-1,-1
149,361,-14.42,-14.00,236.13,535.75,1,1,-1,-1
149,353,291.99,179.31,22.79,83.46,1,1,-1,-1
149,343,529.92,193.57,23.19,62.46,1,1,-1,-1
150,380,579.85,201.17,18.08,42.52,1,1,-1,-1
150,377,297.08,174.18,29.77,93.10,1,1,-1,-1
150,353,289.44,186.06,22.73,79.19,1,1,-1,-1
150,343,529.20,194.21,23.13,62.87,1,1,-1,-1
150,337,495.95,177.95,35.03,97.11,1,1,-1,-1
151,384,547.82,196.89,22.72,51.42,1,1,-1,-1
151,380,579.79,200.53,18.17,43.22,1,1,-1,-1
151,377,297.19,174.28,29.79,93.26,1,1,-1,-1
151,353,290.59,182.30,23.17,80.96,1,1,-1,-1
151,343,528.46,194.51,23.41,63.55,1,1,-1,-1
151,337,495.94,178.12,35.05,97.43,1,1,-1,-1
151,325,140.15,39.12,133.10,381.99,1,1,-1,-1
152,384,548.25,198.13,21.77,49.02,1,1,-1,-1
152,380,579.06,200.25,18.19,43.60,1,1,-1,-1
152,353,290.99,180.56,23.49,82.24,1,1,-1,-1
152,343,527.49,194.68,23.61,64.33,1,1,-1,-1
153,384,554.97,203.48,22.32,51.62,1,1,-1,-1
153,353,290.45,179.66,23.73,83.19,1,1,-1,-1
155,397,-32.93,-27.79,257.83,630.40,1,1,-1,-1
155,337,496.93,186.54,32.58,92.77,1,1,-1,-1
156,337,496.56,182.06,33.00,94.29,1,1,-1,-1
157,403,297.30,176.54,28.39,91.09,1,1,-1,-1
157,337,496.35,180.11,33.29,95.34,1,1,-1,-1
158,405,577.00,199.93,18.84,44.15,1,1,-1,-1
158,403,297.50,178.36,27.76,88.47,1,1,-1,-1
158,325,143.00,24.46,143.28,411.08,1,1,-1,-1
159,405,576.80,200.10,18.46,43.80,1,1,-1,-1
159,403,297.74,178.85,27.55,87.43,1,1,-1,-1
159,397,-34.01,-28.24,258.64,630.72,1,1,-1,-1
159,325,142.66,23.20,143.77,412.50,1,1,-1,-1
160,402,546.96,196.98,21.05,51.02,1,1,-1,-1
160,397,-34.09,-28.47,258.91,630.94,1,1,-1,-1
160,353,287.23,173.42,28.85,95.66,1,1,-1,-1
160,325,141.80,22.49,144.12,413.49,1,1,-1,-1
161,397,-34.15,-28.56,259.08,631.04,1,1,-1,-1
162,397,-34.18,-28.58,259.18,631.06,1,1,-1,-1
163,397,-34.20,-28.57,259.24,631.04,1,1,-1,-1
164,424,495.19,176.84,35.18,101.08,1,1,-1,-1
164,397,-34.20,-28.54,259.28,631.00,1,1,-1,-1
165,424,494.60,175.53,36.17,104.03,1,1,-1,-1
165,397,-34.20,-28.51,259.29,630.95,1,1,-1,-1
166,430,285.00,177.00,28.00,88.00,1,1,-1,-1
166,424,494.47,175.03,36.47,104.96,1,1,-1,-1
166,397,-34.20,-28.48,259.30,630.90,1,1,-1,-1
167,430,285.00,177.00,28.00,88.00,1,1,-1,-1
167,417,277.07,-84.02,236.51,681.42,1,1,-1,-1
167,397,-34.68,-28.98,259.62,631.24,1,1,-1,-1
168,430,285.58,177.22,27.58,87.57,1,1,-1,-1
168,427,518.23,186.72,26.15,72.90,1,1,-1,-1
168,417,300.48,-18.28,203.46,587.46,1,1,-1,-1
169,430,285.83,177.30,27.33,87.41,1,1,-1,-1
169,427,517.51,187.34,27.10,72.18,1,1,-1,-1
169,405,573.88,200.26,17.94,41.16,1,1,-1,-1
170,435,552.11,193.00,19.23,45.16,1,1,-1,-1
171,435,551.64,183.54,21.94,51.09,1,1,-1,-1
171,397,-35.85,-29.43,260.44,631.78,1,1,-1,-1
172,445,136.54,11.61,150.02,437.83,1,1,-1,-1
172,397,-35.94,-29.45,260.70,631.83,1,1,-1,-1
173,445,136.37,10.70,151.17,438.91,1,1,-1,-1
173,427,516.51,188.51,27.75,70.06,1,1,-1,-1
173,397,-36.02,-29.46,260.89,631.85,1,1,-1,-1
174,449,292.26,-56.16,219.44,623.21,1,1,-1,-1
174,445,136.18,10.48,151.77,439.11,1,1,-1,-1
174,427,516.56,188.73,27.71,69.62,1,1,-1,-1
174,397,-36.07,-29.46,261.02,631.85,1,1,-1,-1
175,449,292.30,-57.02,220.36,624.13,1,1,-1,-1
175,445,136.04,10.50,152.09,439.00,1,1,-1,-1
175,430,286.04,177.23,26.97,87.54,1,1,-1,-1
175,427,516.59,188.89,27.68,69.30,1,1,-1,-1
176,449,292.52,-57.61,221.67,625.09,1,1,-1,-1
176,445,135.95,10.60,152.28,438.77,1,1,-1,-1
176,430,286.05,177.21,26.95,87.59,1,1,-1,-1
176,427,516.45,189.53,27.32,68.66,1,1,-1,-1
177,452,544.95,196.08,23.09,53.95,1,1,-1,-1
177,449,292.88,-57.35,221.48,623.10,1,1,-1,-1
177,445,135.89,10.72,152.38,438.52,1,1,-1,-1
177,430,286.05,177.19,26.94,87.63,1,1,-1,-1
177,427,516.46,189.89,27.06,68.20,1,1,-1,-1
178,459,496.06,178.77,34.94,97.52,1,1,-1,-1
178,452,544.96,196.05,23.08,54.01,1,1,-1,-1
178,449,322.73,-1.45,182.14,511.51,1,1,-1,-1
178,430,286.05,177.17,26.94,87.66,1,1,-1,-1
178,427,516.52,190.10,26.87,67.85,1,1,-1,-1
178,397,-36.83,-29.51,262.23,631.98,1,1,-1,-1
179,459,496.03,178.81,34.98,97.42,1,1,-1,-1
179,452,544.26,196.02,23.07,54.04,1,1,-1,-1
179,449,315.45,-27.59,182.65,512.43,1,1,-1,-1
179,430,286.05,177.16,26.93,87.68,1,1,-1,-1
179,427,515.59,189.75,27.39,69.24,1,1,-1,-1
179,397,-36.88,-29.98,262.56,632.26,1,1,-1,-1
180,452,544.02,196.01,23.07,54.05,1,1,-1,-1
180,430,285.87,177.20,26.63,87.60,1,1,-1,-1
181,452,543.94,196.00,23.06,54.06,1,1,-1,-1
181,430,285.85,177.22,26.42,87.56,1,1,-1,-1
182,452,543.92,195.99,23.05,54.07,1,1,-1,-1
182,430,285.88,177.23,26.26,87.54,1,1,-1,-1
183,464,566.00,200.25,18.19,45.60,1,1,-1,-1
183,459,496.00,178.91,35.02,97.21,1,1,-1,-1
183,452,545.78,196.71,21.32,51.96,1,1,-1,-1
183,449,303.94,-35.61,205.21,574.74,1,1,-1,-1
183,430,285.92,177.23,26.15,87.53,1,1,-1,-1
184,464,565.77,200.17,18.18,45.83,1,1,-1,-1
184,459,495.83,179.01,34.67,96.99,1,1,-1,-1
184,452,544.90,196.74,21.85,52.97,1,1,-1,-1
184,430,285.95,177.23,26.08,87.54,1,1,-1,-1
185,471,140.40,4.11,154.29,442.27,1,1,-1,-1
185,464,565.71,200.10,18.17,45.97,1,1,-1,-1
185,459,495.82,179.07,34.45,96.87,1,1,-1,-1
185,430,286.63,177.22,26.02,87.55,1,1,-1,-1
186,471,133.84,-1.68,162.32,465.40,1,1,-1,-1
186,430,286.90,177.22,25.98,87.56,1,1,-1,-1
186,427,523.72,204.66,22.29,62.07,1,1,-1,-1
187,449,305.12,-38.00,206.71,579.25,1,1,-1,-1
187,430,287.00,177.21,25.96,87.58,1,1,-1,-1
187,427,524.93,195.52,22.88,64.52,1,1,-1,-1
188,449,305.98,-37.35,205.99,577.72,1,1,-1,-1
188,430,294.12,176.97,26.83,88.72,1,1,-1,-1
189,459,493.12,178.27,35.00,100.11,1,1,-1,-1
189,449,304.75,-42.83,200.93,563.67,1,1,-1,-1
190,449,299.88,-38.80,202.55,567.81,1,1,-1,-1
191,449,298.37,-64.03,233.30,653.76,1,1,-1,-1
192,488,519.68,192.42,29.77,77.28,1,1,-1,-1
192,430,297.39,170.39,28.42,92.95,1,1,-1,-1
193,493,288.00,177.00,25.00,88.00,1,1,-1,-1
194,493,288.92,176.87,25.51,89.03,1,1,-1,-1
194,489,562.26,202.14,19.06,44.95,1,1,-1,-1
195,493,291.50,175.97,26.23,90.34,1,1,-1,-1
195,489,561.93,202.05,19.07,45.04,1,1,-1,-1
196,500,527.33,186.59,27.65,77.92,1,1,-1,-1
196,493,293.12,176.13,27.03,91.27,1,1,-1,-1
196,489,561.13,202.17,19.12,45.45,1,1,-1,-1
196,430,295.75,175.49,28.88,91.86,1,1,-1,-1
197,505,541.32,193.23,26.12,59.77,1,1,-1,-1
197,489,560.69,202.24,18.79,45.54,1,1,-1,-1
197,430,295.42,175.68,28.93,91.70,1,1,-1,-1
198,489,560.09,202.16,18.89,45.78,1,1,-1,-1
199,511,124.13,11.15,152.00,437.00,1,1,-1,-1
199,489,559.21,202.09,18.96,45.93,1,1,-1,-1
200,493,295.37,144.88,29.36,96.55,1,1,-1,-1
201,505,541.25,193.77,25.82,58.93,1,1,-1,-1
201,499,-27.67,13.74,224.44,530.08,1,1,-1,-1
201,493,291.54,157.52,28.32,92.65,1,1,-1,-1
202,505,541.34,193.91,25.74,58.73,1,1,-1,-1
202,493,286.92,159.81,26.28,86.31,1,1,-1,-1
202,459,483.11,167.13,39.25,110.56,1,1,-1,-1
203,511,112.51,11.55,150.88,429.38,1,1,-1,-1
205,524,297.65,-48.54,213.73,594.50,1,1,-1,-1
206,526,-7.95,30.59,196.76,471.54,1,1,-1,-1
206,500,536.98,179.42,23.97,71.56,1,1,-1,-1
206,459,488.06,157.82,39.66,113.07,1,1,-1,-1
207,526,-26.10,4.72,226.80,548.21,1,1,-1,-1
207,500,538.18,186.81,24.08,66.95,1,1,-1,-1
207,459,498.70,166.54,38.62,104.24,1,1,-1,-1
211,536,-56.08,-68.72,270.23,696.64,1,1,-1,-1
214,539,286.51,-51.66,229.02,633.85,1,1,-1,-1
214,500,538.53,183.04,28.90,70.60,1,1,-1,-1
215,539,289.56,-36.12,221.42,613.13,1,1,-1,-1
215,500,533.82,187.53,27.71,67.36,1,1,-1,-1
216,539,291.30,-23.24,216.04,597.78,1,1,-1,-1
218,547,483.00,179.89,34.00,97.00,1,1,-1,-1
218,543,-52.85,-121.18,298.33,797.15,1,1,-1,-1
218,542,172.29,54.75,129.77,354.06,1,1,-1,-1
219,547,482.16,180.43,34.46,97.46,1,1,-1,-1
219,543,-55.32,-94.45,284.48,753.04,1,1,-1,-1
219,542,176.61,60.33,127.87,347.31,1,1,-1,-1
220,543,-53.70,-78.11,276.17,723.85,1,1,-1,-1
223,547,481.45,181.70,34.96,97.53,1,1,-1,-1
224,547,481.53,182.59,34.65,97.28,1,1,-1,-1
224,543,-48.60,-75.68,289.71,728.86,1,1,-1,-1
225,543,-47.23,-64.98,282.96,704.70,1,1,-1,-1
225,539,287.28,-25.70,222.79,624.07,1,1,-1,-1
226,558,224.00,102.69,86.65,258.35,1,1,-1,-1
226,554,505.03,187.81,30.27,86.19,1,1,-1,-1
226,543,-43.55,-55.59,277.24,686.84,1,1,-1,-1
226,539,288.69,18.88,202.96,572.47,1,1,-1,-1
227,558,209.64,103.55,86.55,258.51,1,1,-1,-1
227,554,505.35,187.85,29.80,86.89,1,1,-1,-1
227,543,-39.40,-50.11,272.72,669.63,1,1,-1,-1
227,539,309.79,-5.96,210.11,596.89,1,1,-1,-1
228,558,201.19,81.99,103.25,307.51,1,1,-1,-1
229,562,306.12,36.99,172.14,501.21,1,1,-1,-1
229,561,273.20,167.89,37.02,112.11,1,1,-1,-1
229,558,228.43,89.42,94.56,279.65,1,1,-1,-1
230,562,312.64,34.58,168.78,495.18,1,1,-1,-1
230,561,275.23,167.20,35.36,107.42,1,1,-1,-1
231,562,312.78,40.85,162.20,480.10,1,1,-1,-1
231,561,274.92,166.98,34.32,104.50,1,1,-1,-1
231,554,510.60,185.77,28.22,87.84,1,1,-1,-1
231,543,-15.37,-29.35,249.09,605.52,1,1,-1,-1
232,562,315.12,46.73,155.34,464.20,1,1,-1,-1
232,554,510.61,178.83,27.42,87.82,1,1,-1,-1
232,543,-13.32,-21.11,246.29,597.68,1,1,-1,-1
233,565,561.33,199.15,22.12,61.51,1,1,-1,-1
233,554,510.29,191.59,27.75,92.16,1,1,-1,-1
234,568,467.01,155.34,40.03,146.07,1,1,-1,-1
234,554,515.16,186.13,29.78,95.81,1,1,-1,-1
235,561,263.73,161.17,35.81,109.28,1,1,-1,-1
235,554,519.94,183.26,31.20,98.73,1,1,-1,-1
236,562,340.91,30.32,165.93,489.78,1,1,-1,-1
236,561,267.22,145.52,39.63,121.37,1,1,-1,-1
236,554,524.64,180.59,33.13,101.65,1,1,-1,-1
237,565,584.80,193.12,29.52,72.14,1,1,-1,-1
237,561,264.70,153.55,36.87,112.95,1,1,-1,-1
237,554,529.68,178.10,35.10,104.37,1,1,-1,-1
238,582,378.38,66.26,145.60,417.03,1,1,-1,-1
238,565,588.32,191.92,30.75,73.68,1,1,-1,-1
238,561,261.00,157.59,36.17,109.87,1,1,-1,-1
238,554,534.11,177.24,35.91,106.52,1,1,-1,-1
239,583,-6.71,-20.46,265.80,613.21,1,1,-1,-1
239,582,388.67,67.16,146.04,413.56,1,1,-1,-1
239,565,591.58,190.29,30.89,74.61,1,1,-1,-1
239,561,256.66,158.98,37.32,111.04,1,1,-1,-1
239,554,539.15,176.39,35.90,108.38,1,1,-1,-1
240,582,398.93,68.92,146.02,408.88,1,1,-1,-1
240,561,252.28,158.54,39.46,114.79,1,1,-1,-1
241,561,247.06,157.21,42.30,120.55,1,1,-1,-1
242,561,238.33,155.60,44.56,124.96,1,1,-1,-1
243,561,235.37,149.99,41.00,113.00,1,1,-1,-1
244,582,430.04,75.74,143.50,387.83,1,1,-1,-1
245,582,434.56,76.82,141.41,382.18,1,1,-1,-1
246,599,-9.57,162.49,51.59,92.73,1,1,-1,-1
246,595,524.79,130.70,66.57,185.62,1,1,-1,-1
247,605,186.16,151.75,53.31,140.77,1,1,-1,-1
247,604,412.22,169.80,35.51,113.52,1,1,-1,-1
247,595,530.89,127.18,67.63,194.60,1,1,-1,-1
248,604,412.19,168.61,35.82,113.88,1,1,-1,-1
248,603,390.13,173.36,31.78,88.10,1,1,-1,-1
248,595,537.20,123.83,67.46,201.30,1,1,-1,-1
248,583,75.36,10.34,217.26,500.07,1,1,-1,-1
249,603,391.19,172.92,31.13,88.23,1,1,-1,-1
249,583,87.96,10.74,209.53,497.74,1,1,-1,-1
249,582,464.96,82.37,132.98,366.98,1,1,-1,-1
250,615,31.69,195.54,19.00,42.00,1,1,-1,-1
250,583,98.81,12.39,206.53,497.21,1,1,-1,-1
250,582,477.04,83.93,131.60,365.47,1,1,-1,-1
251,583,108.85,11.42,201.66,494.95,1,1,-1,-1
251,582,489.43,84.92,130.69,364.82,1,1,-1,-1
252,583,108.54,4.76,206.28,513.30,1,1,-1,-1
252,582,501.69,85.60,129.77,364.64,1,1,-1,-1
253,629,128.19,148.92,57.84,150.37,1,1,-1,-1
253,583,120.19,12.47,204.44,506.38,1,1,-1,-1
253,582,514.05,86.70,129.14,364.90,1,1,-1,-1
254,629,117.97,147.03,58.53,153.40,1,1,-1,-1
254,582,520.49,87.88,128.73,365.46,1,1,-1,-1
255,634,339.11,133.03,64.18,180.02,1,1,-1,-1
255,633,448.06,139.54,64.24,189.36,1,1,-1,-1
255,629,107.72,144.02,59.03,156.94,1,1,-1,-1
255,582,550.25,61.76,132.95,369.02,1,1,-1,-1
256,638,500.48,138.86,44.05,164.49,1,1,-1,-1
256,637,420.70,169.03,37.62,129.62,1,1,-1,-1
256,633,437.68,133.77,69.44,199.80,1,1,-1,-1
256,629,97.51,141.30,59.39,160.84,1,1,-1,-1
256,582,537.32,80.25,131.26,369.33,1,1,-1,-1
257,638,498.85,138.02,47.30,164.21,1,1,-1,-1
257,637,420.57,168.61,37.13,130.84,1,1,-1,-1
257,633,430.33,128.76,77.46,209.75,1,1,-1,-1
257,629,88.04,137.92,59.66,165.00,1,1,-1,-1
257,582,534.81,88.75,129.76,369.83,1,1,-1,-1
258,638,492.55,138.66,51.03,167.55,1,1,-1,-1
258,637,432.98,160.38,43.15,142.96,1,1,-1,-1
258,633,416.45,129.37,78.03,215.09,1,1,-1,-1
258,582,535.81,93.16,128.69,370.26,1,1,-1,-1
259,649,29.50,134.10,85.79,172.29,1,1,-1,-1
259,633,383.96,103.02,98.58,271.63,1,1,-1,-1
259,582,540.20,107.54,123.72,359.37,1,1,-1,-1
260,655,529.28,109.01,126.18,375.84,1,1,-1,-1
260,653,472.43,141.91,61.26,175.26,1,1,-1,-1
260,649,4.63,128.37,95.13,178.42,1,1,-1,-1
260,633,378.05,109.46,95.72,263.61,1,1,-1,-1
260,583,150.72,25.09,194.91,489.46,1,1,-1,-1
260,582,542.80,104.54,124.09,363.56,1,1,-1,-1
261,653,464.45,141.51,64.43,182.54,1,1,-1,-1
261,649,-12.43,130.80,107.89,200.71,1,1,-1,-1
261,633,365.86,111.39,102.69,262.89,1,1,-1,-1
261,582,546.14,104.09,124.36,366.94,1,1,-1,-1
262,653,457.82,137.24,66.94,188.24,1,1,-1,-1
262,638,458.45,157.90,71.32,179.53,1,1,-1,-1
262,633,355.13,90.52,121.16,294.36,1,1,-1,-1
263,653,455.92,133.24,69.14,193.30,1,1,-1,-1
263,638,451.67,156.51,74.14,180.97,1,1,-1,-1
264,653,451.91,125.31,70.84,197.84,1,1,-1,-1
264,638,449.81,118.34,79.54,201.09,1,1,-1,-1
265,662,316.63,130.82,75.05,205.79,1,1,-1,-1
265,659,376.35,155.74,50.97,166.73,1,1,-1,-1
265,653,445.48,120.45,72.92,202.30,1,1,-1,-1
265,638,440.39,135.96,80.02,197.27,1,1,-1,-1
265,582,549.71,77.31,135.69,399.43,1,1,-1,-1
266,659,370.13,151.25,53.18,169.63,1,1,-1,-1
266,638,438.06,141.36,80.04,196.94,1,1,-1,-1
266,633,264.61,75.32,118.73,317.73,1,1,-1,-1
266,582,551.51,79.65,132.49,388.26,1,1,-1,-1
267,638,445.83,116.22,74.96,188.98,1,1,-1,-1
267,633,225.35,74.62,128.52,317.73,1,1,-1,-1
267,582,555.02,106.77,120.78,352.46,1,1,-1,-1
268,672,78.41,45.77,200.45,489.44,1,1,-1,-1
268,633,192.10,69.63,140.54,320.65,1,1,-1,-1
268,582,566.17,115.10,108.20,314.03,1,1,-1,-1
269,653,428.08,81.58,79.59,218.12,1,1,-1,-1
269,582,565.85,104.71,112.29,323.94,1,1,-1,-1
270,663,415.14,-97.50,242.71,630.06,1,1,-1,-1
270,653,419.00,69.02,81.21,222.00,1,1,-1,-1
270,582,566.92,83.44,115.16,329.73,1,1,-1,-1
271,663,406.84,-107.34,248.18,639.33,1,1,-1,-1
271,653,412.06,44.88,83.25,226.30,1,1,-1,-1
272,681,256.09,76.19,42.95,119.83,1,1,-1,-1
272,678,250.68,111.23,51.19,140.27,1,1,-1,-1
272,676,-7.82,-197.13,312.29,723.17,1,1,-1,-1
272,663,400.03,-115.18,252.08,645.50,1,1,-1,-1
272,653,402.23,16.17,84.93,230.03,1,1,-1,-1
272,633,39.29,-9.73,151.73,373.94,1,1,-1,-1
273,681,245.31,66.26,42.89,119.97,1,1,-1,-1
273,678,255.11,71.61,54.20,144.21,1,1,-1,-1
273,676,-36.79,-146.39,259.27,633.01,1,1,-1,-1
273,663,391.83,-117.77,254.66,648.79,1,1,-1,-1
273,633,1.31,-32.89,156.03,397.35,1,1,-1,-1
274,683,361.09,-39.55,122.83,327.95,1,1,-1,-1
274,678,262.73,78.55,50.11,135.54,1,1,-1,-1
275,689,20.24,-74.95,237.88,581.47,1,1,-1,-1
275,684,297.24,63.60,65.46,198.23,1,1,-1,-1
275,683,365.99,21.75,103.13,277.58,1,1,-1,-1
275,678,260.70,95.14,47.80,131.35,1,1,-1,-1
276,689,27.19,-34.88,230.36,551.87,1,1,-1,-1
276,684,291.00,87.91,69.34,208.54,1,1,-1,-1
277,694,314.90,135.77,49.50,140.22,1,1,-1,-1
277,684,284.08,97.62,66.36,201.88,1,1,-1,-1
277,663,358.64,-110.70,258.16,646.52,1,1,-1,-1
278,696,404.24,168.20,64.59,163.11,1,1,-1,-1
278,684,286.74,104.99,75.13,226.14,1,1,-1,-1
280,699,178.73,152.21,64.54,185.00,1,1,-1,-1
280,698,356.30,88.25,124.47,286.90,1,1,-1,-1
280,689,-3.33,33.79,200.20,481.21,1,1,-1,-1
281,699,137.01,141.44,71.95,199.09,1,1,-1,-1
281,663,326.38,-99.76,258.48,637.50,1,1,-1,-1
282,699,119.34,114.63,79.73,219.80,1,1,-1,-1
282,663,318.98,-96.44,258.45,634.82,1,1,-1,-1
283,710,127.03,62.79,117.16,352.85,1,1,-1,-1
283,685,498.83,95.22,118.90,307.11,1,1,-1,-1
284,710,132.16,82.96,109.01,326.18,1,1,-1,-1
284,708,-72.75,16.43,202.02,503.75,1,1,-1,-1
284,698,305.46,39.95,171.01,411.80,1,1,-1,-1
285,708,-56.08,15.76,195.26,498.31,1,1,-1,-1
286,719,323.73,106.33,81.64,217.53,1,1,-1,-1
286,717,306.42,78.48,108.66,297.87,1,1,-1,-1
286,708,-46.12,24.91,193.16,497.32,1,1,-1,-1
286,704,218.78,158.13,57.04,167.73,1,1,-1,-1
287,719,327.67,101.03,85.77,235.12,1,1,-1,-1
287,717,322.58,75.41,108.88,304.49,1,1,-1,-1
287,708,-44.12,31.86,194.73,498.38,1,1,-1,-1
287,704,223.65,155.24,60.71,179.26,1,1,-1,-1
288,719,340.15,128.82,61.98,176.13,1,1,-1,-1
288,718,388.49,71.79,139.23,383.72,1,1,-1,-1
288,704,234.19,154.60,61.74,184.47,1,1,-1,-1
289,719,348.25,166.02,43.15,125.19,1,1,-1,-1
290,719,358.23,168.34,44.13,129.20,1,1,-1,-1
291,719,372.45,169.65,45.37,131.87,1,1,-1,-1
291,717,386.09,53.37,111.64,346.41,1,1,-1,-1
291,708,-3.06,49.16,184.97,476.25,1,1,-1,-1
292,719,370.38,149.05,51.61,147.97,1,1,-1,-1
292,717,404.24,43.09,118.24,366.11,1,1,-1,-1
294,741,339.23,165.81,64.58,181.57,1,1,-1,-1
295,741,356.27,167.19,53.02,151.91,1,1,-1,-1
296,745,245.43,60.62,123.88,419.78,1,1,-1,-1
296,741,367.38,171.35,46.04,133.91,1,1,-1,-1
296,717,455.42,6.60,149.71,446.13,1,1,-1,-1
297,741,375.62,174.88,42.03,123.29,1,1,-1,-1
297,740,100.12,130.70,104.26,227.77,1,1,-1,-1
297,717,428.66,-48.27,184.03,546.30,1,1,-1,-1
298,744,455.24,163.37,53.73,142.30,1,1,-1,-1
298,741,382.59,176.50,39.75,117.08,1,1,-1,-1
298,740,87.48,130.30,101.78,225.99,1,1,-1,-1
299,741,388.97,176.90,38.51,113.50,1,1,-1,-1
299,740,74.99,124.46,105.50,238.73,1,1,-1,-1
300,759,-28.29,117.55,77.49,221.64,1,1,-1,-1
300,741,394.91,177.21,37.48,110.77,1,1,-1,-1
300,740,71.95,94.97,146.53,337.01,1,1,-1,-1
301,760,361.93,159.86,59.94,149.63,1,1,-1,-1
301,741,400.84,176.72,36.96,109.20,1,1,-1,-1
301,740,75.44,74.37,169.68,389.43,1,1,-1,-1
302,760,365.64,158.70,59.96,150.35,1,1,-1,-1
302,741,403.75,177.92,36.04,107.38,1,1,-1,-1
302,740,64.34,70.18,188.08,438.33,1,1,-1,-1
303,763,240.56,188.57,45.40,116.76,1,1,-1,-1
303,760,369.55,159.38,58.34,150.20,1,1,-1,-1
303,741,406.30,179.78,34.83,105.41,1,1,-1,-1
303,740,79.07,44.80,200.31,455.67,1,1,-1,-1
304,763,247.69,167.50,52.11,134.13,1,1,-1,-1
304,762,457.22,171.11,63.91,155.84,1,1,-1,-1
304,760,373.78,160.40,55.76,149.46,1,1,-1,-1
304,744,472.24,170.74,43.40,125.40,1,1,-1,-1
304,741,408.80,181.72,33.40,102.99,1,1,-1,-1
304,740,84.42,5.49,198.72,485.09,1,1,-1,-1
305,767,5.70,138.36,72.15,180.71,1,1,-1,-1
305,763,246.90,177.34,49.79,128.53,1,1,-1,-1
305,762,464.47,169.35,65.29,159.03,1,1,-1,-1
305,744,471.67,171.15,42.58,123.77,1,1,-1,-1
305,741,411.34,183.95,31.83,100.53,1,1,-1,-1
305,740,86.00,22.38,200.87,483.38,1,1,-1,-1
306,780,510.08,117.93,112.79,262.09,1,1,-1,-1
306,779,342.82,188.94,51.82,128.79,1,1,-1,-1
306,767,10.50,142.08,70.42,176.74,1,1,-1,-1
306,763,248.81,180.64,48.53,126.04,1,1,-1,-1
306,741,409.67,185.55,30.80,98.83,1,1,-1,-1
306,740,91.25,17.50,214.63,509.84,1,1,-1,-1
307,784,-23.71,-87.92,233.42,690.44,1,1,-1,-1
307,782,248.71,147.66,61.21,162.90,1,1,-1,-1
307,767,14.74,143.10,68.67,174.60,1,1,-1,-1
307,763,251.74,181.51,48.21,125.37,1,1,-1,-1
307,740,95.97,23.12,208.95,500.19,1,1,-1,-1
308,767,15.03,140.48,67.56,173.64,1,1,-1,-1
308,740,103.46,27.10,203.75,492.68,1,1,-1,-1
309,790,468.26,172.54,41.17,118.38,1,1,-1,-1
309,785,395.42,181.73,34.61,112.58,1,1,-1,-1
309,778,309.70,149.22,71.06,172.54,1,1,-1,-1
309,762,491.49,161.34,69.93,167.26,1,1,-1,-1
310,794,34.95,145.51,58.41,165.35,1,1,-1,-1
310,790,465.62,177.05,38.29,110.42,1,1,-1,-1
310,785,393.98,182.65,33.30,108.15,1,1,-1,-1
311,794,33.51,139.07,63.70,174.66,1,1,-1,-1
311,790,460.64,180.31,36.94,106.45,1,1,-1,-1
311,785,391.43,183.89,32.57,105.41,1,1,-1,-1
312,794,34.63,139.83,67.83,175.72,1,1,-1,-1
312,785,389.01,185.24,31.83,103.31,1,1,-1,-1
313,794,34.04,167.66,61.08,144.37,1,1,-1,-1
313,785,386.16,185.72,31.39,101.87,1,1,-1,-1
314,805,200.97,131.17,65.84,175.39,1,1,-1,-1
314,794,19.27,152.61,73.78,164.98,1,1,-1,-1
314,785,383.14,186.49,31.16,100.83,1,1,-1,-1
315,807,257.64,167.23,61.12,162.99,1,1,-1,-1
315,794,8.95,149.98,78.73,174.17,1,1,-1,-1
315,779,399.37,159.76,67.65,161.71,1,1,-1,-1
316,812,376.19,184.48,66.07,156.51,1,1,-1,-1
316,811,285.04,204.98,23.92,61.00,1,1,-1,-1
316,808,76.92,-36.14,239.55,614.28,1,1,-1,-1
316,807,258.08,164.24,64.93,169.29,1,1,-1,-1
316,778,310.41,133.59,81.90,214.79,1,1,-1,-1
317,812,391.16,179.02,60.60,138.41,1,1,-1,-1
317,811,279.03,203.21,23.94,60.98,1,1,-1,-1
317,808,122.11,2.57,227.22,575.77,1,1,-1,-1
317,778,319.99,135.84,81.70,212.45,1,1,-1,-1
318,817,494.07,25.81,193.73,496.98,1,1,-1,-1
318,812,380.24,166.77,79.63,167.90,1,1,-1,-1
318,808,118.92,9.63,214.66,542.70,1,1,-1,-1
318,778,327.76,135.85,85.63,212.56,1,1,-1,-1
319,817,500.58,13.50,200.62,521.99,1,1,-1,-1
319,812,396.05,170.80,79.17,166.00,1,1,-1,-1
319,779,429.07,138.35,70.37,173.27,1,1,-1,-1
319,778,333.84,119.48,100.32,249.29,1,1,-1,-1
320,820,455.21,172.74,65.40,172.07,1,1,-1,-1
320,812,413.79,172.79,74.20,164.25,1,1,-1,-1
320,807,299.60,142.87,78.52,192.16,1,1,-1,-1
320,778,337.99,117.05,99.91,243.13,1,1,-1,-1
321,778,360.61,125.66,91.44,216.49,1,1,-1,-1
322,822,52.49,128.03,75.53,185.91,1,1,-1,-1
322,778,359.04,128.10,94.37,221.82,1,1,-1,-1
323,825,468.56,162.63,42.57,117.71,1,1,-1,-1
323,822,60.92,123.38,75.42,184.54,1,1,-1,-1
323,779,484.30,156.30,74.61,179.61,1,1,-1,-1
323,778,372.94,117.85,95.58,227.23,1,1,-1,-1
324,831,493.02,120.39,97.61,204.87,1,1,-1,-1
324,827,193.51,83.70,167.84,370.93,1,1,-1,-1
324,825,468.60,158.40,42.59,116.26,1,1,-1,-1
324,822,69.06,120.75,75.31,183.24,1,1,-1,-1
324,807,342.91,130.70,85.12,201.88,1,1,-1,-1
324,779,496.16,154.93,82.96,181.17,1,1,-1,-1
325,825,470.19,153.85,42.40,116.68,1,1,-1,-1
325,822,61.78,104.96,71.18,172.71,1,1,-1,-1
325,807,352.60,129.64,84.16,200.08,1,1,-1,-1
325,779,512.51,134.20,93.15,188.12,1,1,-1,-1
326,835,95.56,75.51,108.06,286.54,1,1,-1,-1
326,822,70.64,114.40,73.21,175.53,1,1,-1,-1
326,807,361.05,129.10,85.38,199.80,1,1,-1,-1
326,779,521.55,123.91,99.79,193.71,1,1,-1,-1
327,835,95.39,79.40,105.34,282.19,1,1,-1,-1
327,822,69.71,117.68,75.61,178.10,1,1,-1,-1
327,807,367.88,129.28,87.75,200.36,1,1,-1,-1
327,779,529.19,117.62,104.23,198.73,1,1,-1,-1
327,778,420.03,99.38,95.73,245.24,1,1,-1,-1
328,841,565.00,139.33,80.02,203.06,1,1,-1,-1
328,831,519.08,139.87,77.03,181.38,1,1,-1,-1
328,827,223.51,60.93,191.04,433.72,1,1,-1,-1
328,822,65.23,119.25,78.22,180.03,1,1,-1,-1
328,779,536.50,113.38,106.81,203.16,1,1,-1,-1
329,844,511.82,172.96,42.86,117.19,1,1,-1,-1
329,841,567.91,134.15,92.09,216.31,1,1,-1,-1
329,831,518.94,122.21,109.52,245.92,1,1,-1,-1
329,827,226.87,50.04,197.89,459.83,1,1,-1,-1
329,779,544.00,109.51,108.07,207.54,1,1,-1,-1
330,831,499.12,87.60,103.77,244.98,1,1,-1,-1
330,827,227.49,36.72,200.79,467.75,1,1,-1,-1
331,831,492.98,92.58,99.10,245.33,1,1,-1,-1
331,807,396.39,128.64,95.08,208.12,1,1,-1,-1
332,851,430.80,157.19,42.84,113.94,1,1,-1,-1
332,845,-69.63,100.94,92.55,239.20,1,1,-1,-1
332,831,480.68,99.35,88.71,228.45,1,1,-1,-1
332,807,431.38,112.16,96.85,225.99,1,1,-1,-1
333,831,467.41,91.68,100.34,267.93,1,1,-1,-1
333,807,448.76,102.83,96.43,239.00,1,1,-1,-1
334,831,458.35,84.39,101.20,273.75,1,1,-1,-1
334,827,230.83,25.35,201.77,483.12,1,1,-1,-1
334,807,473.52,122.88,85.33,218.45,1,1,-1,-1
335,854,465.42,115.13,62.05,192.21,1,1,-1,-1
335,853,418.66,117.85,90.40,232.43,1,1,-1,-1
335,831,457.56,78.09,103.86,279.77,1,1,-1,-1
335,827,231.68,24.35,204.02,487.89,1,1,-1,-1
336,858,-47.97,109.57,78.42,184.48,1,1,-1,-1
336,853,414.28,86.39,105.80,261.10,1,1,-1,-1
336,831,460.05,71.63,107.48,285.62,1,1,-1,-1
337,853,416.45,98.01,107.00,252.39,1,1,-1,-1
337,831,463.77,65.83,112.10,291.33,1,1,-1,-1
338,853,424.85,105.47,103.16,244.87,1,1,-1,-1
338,831,468.83,62.98,115.91,296.20,1,1,-1,-1
339,868,193.84,191.35,20.23,48.43,1,1,-1,-1
339,860,428.05,77.61,109.09,286.33,1,1,-1,-1
339,854,442.07,109.97,62.20,204.05,1,1,-1,-1
339,853,436.51,110.57,95.92,238.10,1,1,-1,-1
339,831,474.51,61.16,119.13,300.25,1,1,-1,-1
340,866,32.29,111.25,67.85,183.36,1,1,-1,-1
340,854,436.80,108.10,62.85,208.27,1,1,-1,-1
340,831,479.81,60.02,121.97,304.09,1,1,-1,-1
341,870,240.25,0.99,198.34,501.21,1,1,-1,-1
341,854,431.85,106.78,63.60,212.47,1,1,-1,-1
341,831,485.66,58.96,124.52,307.51,1,1,-1,-1
342,870,247.54,3.09,199.36,504.13,1,1,-1,-1
342,854,447.77,107.10,63.88,212.43,1,1,-1,-1
342,831,500.44,58.32,127.18,311.30,1,1,-1,-1
343,870,260.95,3.96,206.55,511.15,1,1,-1,-1
343,854,437.82,104.95,67.39,221.63,1,1,-1,-1
343,853,491.93,122.30,73.20,226.31,1,1,-1,-1
343,831,517.92,57.92,127.88,315.05,1,1,-1,-1
344,870,269.74,2.69,208.34,512.14,1,1,-1,-1
344,853,505.01,121.21,75.85,230.31,1,1,-1,-1
344,831,534.97,57.34,125.40,318.02,1,1,-1,-1
345,831,546.41,44.15,128.63,333.34,1,1,-1,-1
346,881,-9.98,127.31,84.63,179.27,1,1,-1,-1
346,831,579.46,52.57,126.99,333.90,1,1,-1,-1
347,881,4.86,127.35,82.67,175.90,1,1,-1,-1
348,890,79.07,128.26,79.27,174.01,1,1,-1,-1
348,881,6.30,93.93,83.73,192.61,1,1,-1,-1
349,891,201.21,152.10,58.90,131.56,1,1,-1,-1
349,888,206.16,170.92,49.26,107.21,1,1,-1,-1
350,892,196.50,199.97,22.00,49.42,1,1,-1,-1
350,888,203.48,169.60,49.60,108.92,1,1,-1,-1
351,892,196.37,198.96,22.03,49.36,1,1,-1,-1
351,888,199.73,166.39,49.83,110.63,1,1,-1,-1
352,892,196.98,198.12,22.10,49.71,1,1,-1,-1
352,888,195.16,163.66,50.30,112.22,1,1,-1,-1
353,892,199.27,194.28,22.12,49.91,1,1,-1,-1
354,900,526.41,74.44,90.27,306.40,1,1,-1,-1
354,892,199.35,197.80,22.13,50.03,1,1,-1,-1
355,901,63.79,86.64,90.77,200.89,1,1,-1,-1
355,892,198.83,203.81,22.48,50.27,1,1,-1,-1
356,907,515.42,30.63,91.42,343.04,1,1,-1,-1
356,905,155.65,118.59,72.70,178.12,1,1,-1,-1
356,902,-59.35,38.19,152.00,323.70,1,1,-1,-1
356,892,195.84,202.62,22.71,50.38,1,1,-1,-1
356,888,156.47,123.97,61.86,145.10,1,1,-1,-1
357,905,159.59,119.75,75.35,176.93,1,1,-1,-1
357,902,-48.47,41.85,152.44,313.80,1,1,-1,-1
357,888,159.49,134.14,58.70,139.79,1,1,-1,-1
358,909,119.40,134.86,59.02,160.70,1,1,-1,-1
358,906,353.25,-27.37,214.40,543.60,1,1,-1,-1
359,906,350.44,-29.47,212.55,535.52,1,1,-1,-1
360,907,535.60,44.66,109.07,338.03,1,1,-1,-1
360,906,350.92,4.66,213.62,533.79,1,1,-1,-1
361,907,520.43,28.57,135.20,394.13,1,1,-1,-1
361,906,352.82,10.89,213.84,530.23,1,1,-1,-1
362,907,517.74,11.87,146.66,423.87,1,1,-1,-1
362,906,372.67,41.42,184.31,452.43,1,1,-1,-1
363,907,523.27,3.03,152.87,446.04,1,1,-1,-1
364,907,528.34,-6.96,162.10,477.52,1,1,-1,-1
365,915,68.50,179.34,68.31,147.29,1,1,-1,-1
365,907,536.41,-20.82,176.70,512.66,1,1,-1,-1
366,919,-9.80,79.93,104.14,320.93,1,1,-1,-1
366,915,38.35,171.05,71.22,151.71,1,1,-1,-1
366,907,562.05,-38.81,188.16,548.57,1,1,-1,-1
367,926,194.06,148.81,58.81,160.93,1,1,-1,-1
367,919,-8.23,65.71,112.38,333.40,1,1,-1,-1
368,926,207.46,135.11,67.33,179.47,1,1,-1,-1
369,926,219.25,143.84,68.12,174.84,1,1,-1,-1
370,926,239.40,172.20,72.93,181.52,1,1,-1,-1
374,942,37.54,101.51,118.01,275.59,1,1,-1,-1
374,941,258.74,161.90,56.39,149.13,1,1,-1,-1
374,935,425.28,-25.10,235.31,581.34,1,1,-1,-1
375,943,488.65,28.80,198.06,485.40,1,1,-1,-1
375,942,39.05,91.01,124.15,291.84,1,1,-1,-1
375,941,268.12,161.09,57.01,151.03,1,1,-1,-1
375,935,440.57,-27.53,237.05,589.00,1,1,-1,-1
376,942,39.33,86.24,126.53,299.14,1,1,-1,-1
376,941,273.42,161.08,57.34,151.83,1,1,-1,-1
377,941,277.68,161.45,57.98,152.75,1,1,-1,-1
377,940,184.58,215.26,26.91,57.28,1,1,-1,-1
379,950,230.32,156.74,54.47,154.79,1,1,-1,-1
379,948,-52.36,89.46,100.94,298.27,1,1,-1,-1
379,945,413.86,220.87,11.56,35.60,1,1,-1,-1
380,948,-56.81,89.50,98.72,296.62,1,1,-1,-1
381,960,505.89,155.79,76.77,183.31,1,1,-1,-1
381,951,418.00,223.91,10.41,33.75,1,1,-1,-1
381,941,288.62,156.04,57.62,167.68,1,1,-1,-1
382,951,416.04,224.85,10.61,33.92,1,1,-1,-1
382,941,289.28,158.68,55.86,164.23,1,1,-1,-1
383,945,401.49,224.54,11.89,35.98,1,1,-1,-1
383,942,30.42,89.29,111.64,296.37,1,1,-1,-1
383,941,300.28,156.28,66.57,186.30,1,1,-1,-1
384,967,448.95,198.42,30.60,87.72,1,1,-1,-1
384,945,399.77,222.06,11.91,35.66,1,1,-1,-1
384,942,19.80,82.37,115.04,311.58,1,1,-1,-1
385,972,232.61,163.43,51.27,146.53,1,1,-1,-1
385,971,142.32,213.16,27.88,62.20,1,1,-1,-1
385,945,396.55,221.18,11.92,35.44,1,1,-1,-1
385,942,-7.29,57.98,129.55,357.58,1,1,-1,-1
386,972,231.82,164.28,51.25,146.56,1,1,-1,-1
386,971,134.20,211.68,28.19,62.75,1,1,-1,-1
386,952,422.93,195.52,27.20,77.21,1,1,-1,-1
387,972,230.35,166.60,51.59,146.45,1,1,-1,-1
387,971,126.09,211.24,28.33,62.97,1,1,-1,-1
388,971,118.73,211.14,28.39,63.03,1,1,-1,-1
389,971,110.24,216.01,28.41,63.02,1,1,-1,-1
389,942,-27.25,69.75,129.58,348.64,1,1,-1,-1
390,983,515.75,105.93,99.19,298.73,1,1,-1,-1
390,942,-49.23,103.46,117.55,308.42,1,1,-1,-1
391,994,269.23,165.23,55.16,156.09,1,1,-1,-1
391,983,506.23,100.71,106.19,300.16,1,1,-1,-1
391,972,219.62,170.30,53.79,145.99,1,1,-1,-1
391,942,-80.07,82.59,142.67,348.59,1,1,-1,-1
392,994,249.18,182.14,53.65,152.72,1,1,-1,-1
392,983,500.70,95.69,115.67,304.17,1,1,-1,-1
392,972,215.75,168.95,53.62,145.56,1,1,-1,-1
392,952,407.37,197.11,24.59,72.88,1,1,-1,-1
393,994,235.63,159.13,50.10,142.73,1,1,-1,-1
393,972,211.58,167.92,53.17,145.12,1,1,-1,-1
393,952,399.90,199.04,26.69,77.89,1,1,-1,-1
394,972,209.01,168.21,53.18,144.96,1,1,-1,-1
394,952,393.30,199.01,28.69,81.31,1,1,-1,-1
395,1005,335.77,218.70,14.74,35.63,1,1,-1,-1
395,972,206.99,168.32,53.49,144.94,1,1,-1,-1
395,952,388.80,200.82,35.65,97.97,1,1,-1,-1
396,1005,331.02,221.25,13.58,34.60,1,1,-1,-1
396,972,205.78,168.99,54.02,145.00,1,1,-1,-1
396,952,380.52,197.16,35.95,95.25,1,1,-1,-1
397,1014,250.12,163.13,61.03,162.16,1,1,-1,-1
397,1005,326.91,223.32,12.86,33.72,1,1,-1,-1
397,972,204.18,169.22,54.69,145.09,1,1,-1,-1
398,1014,248.88,162.97,60.32,160.76,1,1,-1,-1
398,972,202.51,168.44,54.59,145.56,1,1,-1,-1
399,1019,520.45,50.93,186.48,423.06,1,1,-1,-1
399,1014,247.58,162.89,58.96,159.05,1,1,-1,-1
400,1012,16.76,214.05,26.23,66.24,1,1,-1,-1
400,952,357.14,192.00,37.29,98.13,1,1,-1,-1
401,952,359.07,194.65,33.87,93.45,1,1,-1,-1
402,952,358.75,195.52,31.68,89.98,1,1,-1,-1
403,1014,243.66,161.28,55.63,154.16,1,1,-1,-1
404,1035,194.33,159.36,57.07,159.29,1,1,-1,-1
405,1036,355.17,194.41,28.69,77.54,1,1,-1,-1
405,1035,195.66,162.38,59.39,157.42,1,1,-1,-1
405,1032,299.29,218.73,14.33,35.37,1,1,-1,-1
406,1036,349.83,198.70,29.22,79.48,1,1,-1,-1
406,1035,195.13,162.65,58.96,153.64,1,1,-1,-1
407,1036,352.72,193.33,30.34,81.86,1,1,-1,-1
408,1036,352.93,190.36,30.93,82.68,1,1,-1,-1
409,1036,351.71,188.48,31.61,83.24,1,1,-1,-1
410,1036,348.27,187.21,31.69,83.27,1,1,-1,-1
411,1045,333.35,187.88,27.61,73.73,1,1,-1,-1
411,1036,344.65,195.34,33.05,87.79,1,1,-1,-1
413,1035,181.88,164.18,47.72,135.22,1,1,-1,-1
415,1045,311.83,191.29,24.12,69.76,1,1,-1,-1
415,1036,322.16,188.20,29.54,82.60,1,1,-1,-1
416,1036,312.70,168.84,34.03,94.04,1,1,-1,-1
417,1036,308.11,182.83,32.71,89.41,1,1,-1,-1
417,1014,216.75,164.94,48.69,144.45,1,1,-1,-1
418,1057,519.04,27.17,195.42,440.54,1,1,-1,-1
418,1036,302.31,188.30,32.05,86.08,1,1,-1,-1
418,1014,212.02,164.82,48.38,142.55,1,1,-1,-1
419,1057,506.75,27.47,193.32,432.64,1,1,-1,-1
419,1036,289.49,188.57,30.97,81.86,1,1,-1,-1
419,1035,157.32,167.89,50.12,136.80,1,1,-1,-1
420,1059,531.83,124.76,91.25,239.07,1,1,-1,-1
420,1036,284.16,187.08,29.86,78.19,1,1,-1,-1
421,1059,518.05,122.30,92.68,236.74,1,1,-1,-1
421,1036,277.44,188.79,29.33,74.89,1,1,-1,-1
422,1059,504.03,119.92,93.90,234.18,1,1,-1,-1
422,1036,266.64,169.81,30.24,77.56,1,1,-1,-1
422,1014,197.51,161.38,47.80,136.19,1,1,-1,-1
423,1059,490.12,117.54,95.37,231.64,1,1,-1,-1
423,1036,266.06,180.33,27.86,74.63,1,1,-1,-1
424,1068,274.82,190.20,26.67,71.49,1,1,-1,-1
424,1036,260.81,183.03,27.57,72.30,1,1,-1,-1
425,1068,268.50,186.18,27.18,73.49,1,1,-1,-1
428,1074,398.66,49.10,150.14,362.37,1,1,-1,-1
428,1014,175.47,155.97,44.48,130.39,1,1,-1,-1
429,1074,387.24,53.20,134.53,345.92,1,1,-1,-1
429,1014,175.90,152.64,44.20,130.94,1,1,-1,-1
430,1074,369.32,50.42,115.33,299.62,1,1,-1,-1
430,1014,169.70,152.83,43.97,129.62,1,1,-1,-1
431,1074,359.93,55.57,124.27,314.64,1,1,-1,-1
431,1014,165.25,153.60,44.38,128.45,1,1,-1,-1
432,1074,345.28,54.72,134.58,323.95,1,1,-1,-1
432,1014,161.36,153.43,45.24,127.69,1,1,-1,-1
433,1083,225.89,177.21,28.30,77.09,1,1,-1,-1
433,1074,332.44,54.48,140.55,328.26,1,1,-1,-1
433,1073,105.16,154.74,49.30,127.27,1,1,-1,-1
433,1068,219.39,167.09,27.37,79.42,1,1,-1,-1
433,1014,158.26,153.97,46.43,126.91,1,1,-1,-1
434,1083,220.92,175.48,29.27,78.30,1,1,-1,-1
434,1014,155.50,152.55,47.02,126.65,1,1,-1,-1
435,1014,152.96,150.98,47.17,126.72,1,1,-1,-1
437,1093,376.14,127.72,68.24,191.39,1,1,-1,-1
437,1089,-155.96,-106.25,241.99,728.23,1,1,-1,-1
438,1093,368.97,130.05,66.63,188.03,1,1,-1,-1
438,1089,-181.48,-126.49,266.70,795.30,1,1,-1,-1
438,1083,202.72,174.78,29.29,75.42,1,1,-1,-1
438,1081,201.57,-28.67,271.65,562.38,1,1,-1,-1
439,1083,204.70,171.99,26.99,69.09,1,1,-1,-1
439,1081,142.18,-14.82,280.15,555.93,1,1,-1,-1
439,1014,145.56,146.58,45.79,126.52,1,1,-1,-1
440,1083,196.69,176.51,25.83,67.12,1,1,-1,-1
440,1081,84.34,-10.72,293.93,550.12,1,1,-1,-1
440,1074,275.96,80.11,120.18,288.30,1,1,-1,-1
440,1014,151.42,149.24,44.57,123.99,1,1,-1,-1
441,1083,193.19,179.75,24.70,65.38,1,1,-1,-1
441,1014,145.81,149.21,44.27,123.87,1,1,-1,-1
442,1097,561.13,63.83,125.93,324.65,1,1,-1,-1
442,1096,534.75,28.81,177.79,438.50,1,1,-1,-1
442,1083,190.89,182.23,23.90,63.57,1,1,-1,-1
442,1014,143.81,153.96,40.12,111.72,1,1,-1,-1
443,1097,563.71,68.25,119.93,311.12,1,1,-1,-1
443,1083,189.47,183.98,23.03,61.93,1,1,-1,-1
444,1097,564.18,72.28,115.49,299.51,1,1,-1,-1
444,1083,189.21,184.90,22.43,60.81,1,1,-1,-1
444,1074,244.71,66.43,119.24,305.08,1,1,-1,-1
445,1105,194.36,178.47,29.90,77.15,1,1,-1,-1
445,1097,564.58,76.62,111.92,288.83,1,1,-1,-1
445,1083,189.33,185.41,22.01,60.05,1,1,-1,-1
445,1074,241.81,66.13,117.40,305.92,1,1,-1,-1
446,1106,345.53,136.46,63.92,180.89,1,1,-1,-1
446,1097,567.21,55.35,115.29,300.68,1,1,-1,-1
446,1083,189.55,185.71,21.74,59.55,1,1,-1,-1
446,1074,228.35,53.74,103.48,274.53,1,1,-1,-1
447,1106,361.64,131.73,68.69,195.60,1,1,-1,-1
447,1101,91.15,155.35,45.45,121.95,1,1,-1,-1
447,1097,563.83,72.15,111.43,294.04,1,1,-1,-1
447,1083,189.77,185.88,21.55,59.24,1,1,-1,-1
448,1115,220.95,28.95,129.91,363.05,1,1,-1,-1
448,1114,483.56,93.58,113.07,297.15,1,1,-1,-1
448,1101,95.26,157.36,46.13,120.64,1,1,-1,-1
448,1097,531.30,52.91,119.79,320.58,1,1,-1,-1
449,1115,227.66,46.00,122.93,344.73,1,1,-1,-1
449,1114,484.69,96.76,107.16,290.62,1,1,-1,-1
449,1105,200.63,182.00,28.53,73.25,1,1,-1,-1
449,1097,535.33,87.07,115.64,295.09,1,1,-1,-1
450,1115,225.33,29.82,138.98,391.14,1,1,-1,-1
450,1114,484.76,95.50,108.36,295.30,1,1,-1,-1
450,1105,206.71,182.12,27.90,72.60,1,1,-1,-1
450,1097,502.48,66.78,124.39,323.83,1,1,-1,-1
451,1114,483.30,92.82,113.35,304.22,1,1,-1,-1
451,1105,206.35,182.40,26.01,69.13,1,1,-1,-1
452,1114,482.12,88.74,120.05,314.28,1,1,-1,-1
452,1105,206.78,170.48,28.10,77.10,1,1,-1,-1
452,1074,226.43,45.96,126.43,354.16,1,1,-1,-1
453,1114,480.15,85.62,127.68,323.89,1,1,-1,-1
453,1074,232.36,52.26,123.15,346.27,1,1,-1,-1
454,1123,-56.78,-6.26,221.15,547.40,1,1,-1,-1
454,1074,240.06,56.31,121.13,341.26,1,1,-1,-1
455,1131,227.45,189.41,19.81,58.44,1,1,-1,-1
455,1128,150.05,157.72,46.20,114.01,1,1,-1,-1
455,1074,248.19,59.00,119.99,338.31,1,1,-1,-1
456,1074,255.66,60.82,119.49,336.85,1,1,-1,-1
457,1133,577.48,95.40,98.45,293.44,1,1,-1,-1
457,1114,482.50,85.51,124.64,316.46,1,1,-1,-1
458,1141,220.32,167.77,38.79,107.42,1,1,-1,-1
458,1140,255.92,190.74,18.27,57.88,1,1,-1,-1
458,1133,582.20,95.67,92.96,286.86,1,1,-1,-1
458,1123,-6.58,23.25,202.50,509.06,1,1,-1,-1
459,1140,260.62,190.93,18.59,58.23,1,1,-1,-1
459,1133,586.94,96.13,87.89,282.94,1,1,-1,-1
459,1125,394.57,137.44,66.63,191.06,1,1,-1,-1
459,1123,-6.64,38.32,183.79,464.87,1,1,-1,-1
460,1133,591.54,96.06,82.66,280.57,1,1,-1,-1
460,1125,401.38,138.99,64.98,191.34,1,1,-1,-1
460,1123,3.63,24.18,194.14,494.61,1,1,-1,-1
461,1125,407.64,141.13,63.21,191.65,1,1,-1,-1
462,1125,409.91,141.71,61.64,191.53,1,1,-1,-1
463,1125,409.39,160.21,57.50,183.34,1,1,-1,-1
464,1154,240.18,171.99,36.03,97.65,1,1,-1,-1
464,1125,411.32,149.59,56.65,184.99,1,1,-1,-1
464,1123,21.99,-37.56,239.82,629.99,1,1,-1,-1
464,1074,272.19,49.41,130.08,369.32,1,1,-1,-1
465,1154,249.90,172.48,27.51,74.54,1,1,-1,-1
465,1140,280.74,193.98,20.29,67.02,1,1,-1,-1
465,1074,269.82,52.97,128.50,365.76,1,1,-1,-1
466,1074,266.73,55.89,127.67,363.83,1,1,-1,-1
467,1074,263.72,58.32,127.10,363.03,1,1,-1,-1
468,1125,410.64,141.23,53.51,189.59,1,1,-1,-1
468,1123,32.72,-33.30,219.38,593.82,1,1,-1,-1
468,1074,264.17,55.41,126.97,362.51,1,1,-1,-1
469,1166,443.97,82.92,124.39,333.21,1,1,-1,-1
469,1125,409.90,140.71,52.63,190.60,1,1,-1,-1
469,1123,37.26,-31.76,217.86,590.47,1,1,-1,-1
469,1074,254.75,47.71,127.18,363.03,1,1,-1,-1
470,1166,439.79,79.80,125.09,335.88,1,1,-1,-1
470,1125,410.71,138.88,52.61,191.61,1,1,-1,-1
470,1123,40.87,-30.98,217.69,588.89,1,1,-1,-1
471,1166,438.52,77.58,123.46,335.49,1,1,-1,-1
471,1162,555.04,68.97,103.88,345.23,1,1,-1,-1
472,1169,90.45,80.32,136.19,364.75,1,1,-1,-1
472,1166,438.77,76.51,120.32,333.89,1,1,-1,-1
472,1162,557.92,68.54,102.25,341.30,1,1,-1,-1
473,1166,439.59,75.09,116.35,332.02,1,1,-1,-1
473,1162,562.28,68.83,100.02,336.92,1,1,-1,-1
474,1166,442.35,76.68,112.60,330.67,1,1,-1,-1
474,1162,562.12,68.34,100.80,333.82,1,1,-1,-1
474,1123,56.33,-34.78,224.37,596.32,1,1,-1,-1
475,1162,585.22,74.16,98.54,316.69,1,1,-1,-1
476,1162,568.69,71.79,103.80,318.78,1,1,-1,-1
476,1125,419.00,128.55,58.94,212.55,1,1,-1,-1
477,1162,560.03,69.99,109.27,318.81,1,1,-1,-1
477,1125,424.56,129.70,56.30,208.50,1,1,-1,-1
478,1166,450.20,85.20,101.58,327.13,1,1,-1,-1
478,1162,554.72,74.07,110.80,315.34,1,1,-1,-1
478,1125,424.97,130.82,55.31,205.61,1,1,-1,-1
479,1162,545.30,73.04,113.71,321.23,1,1,-1,-1
479,1125,423.63,131.05,55.18,203.60,1,1,-1,-1
480,1162,550.77,95.58,105.42,298.72,1,1,-1,-1
480,1125,420.37,131.90,55.94,201.98,1,1,-1,-1
481,1176,249.41,14.87,149.26,430.46,1,1,-1,-1
481,1125,417.37,131.80,57.06,200.90,1,1,-1,-1
482,1180,36.93,-73.36,258.08,661.63,1,1,-1,-1
482,1166,425.51,82.62,113.55,326.63,1,1,-1,-1
483,1180,35.05,-72.83,257.23,657.93,1,1,-1,-1
483,1166,417.47,86.76,115.26,326.91,1,1,-1,-1
484,1180,31.60,-73.79,257.92,657.63,1,1,-1,-1
484,1166,401.95,82.83,118.12,332.11,1,1,-1,-1
485,1180,23.92,-49.37,242.49,616.32,1,1,-1,-1
485,1166,399.34,91.98,118.20,331.79,1,1,-1,-1
486,1185,394.02,143.53,63.69,205.32,1,1,-1,-1
488,1187,476.41,86.65,117.02,341.52,1,1,-1,-1
489,1166,378.33,98.19,110.46,329.57,1,1,-1,-1
490,1166,376.09,98.20,108.12,328.38,1,1,-1,-1
491,1188,189.59,37.24,143.90,412.61,1,1,-1,-1
491,1166,375.14,96.87,106.46,327.26,1,1,-1,-1
492,1188,187.21,38.81,144.26,413.96,1,1,-1,-1
492,1166,375.04,96.18,104.97,325.85,1,1,-1,-1
493,1188,184.57,40.15,144.88,415.71,1,1,-1,-1
493,1166,374.57,95.14,103.59,324.21,1,1,-1,-1
494,1192,-78.19,-167.23,380.35,839.99,1,1,-1,-1
495,1197,359.15,141.30,65.95,200.96,1,1,-1,-1
496,1199,-40.43,-112.71,329.86,720.31,1,1,-1,-1
497,1199,-38.47,-113.67,327.94,719.53,1,1,-1,-1
497,1188,178.75,73.57,136.66,389.95,1,1,-1,-1
497,1166,371.40,93.82,104.15,342.05,1,1,-1,-1
498,1199,-31.76,-113.86,325.40,717.54,1,1,-1,-1
498,1166,376.55,93.29,103.03,339.94,1,1,-1,-1
499,1199,-22.97,-113.68,322.73,715.70,1,1,-1,-1
499,1197,352.79,138.08,74.61,207.94,1,1,-1,-1
503,1205,151.54,6.55,168.93,477.08,1,1,-1,-1
504,1209,397.23,93.51,98.15,322.10,1,1,-1,-1
504,1205,95.68,-18.96,202.47,538.91,1,1,-1,-1
505,1209,399.25,93.92,96.55,321.90,1,1,-1,-1
505,1205,128.88,-17.23,185.57,502.22,1,1,-1,-1
505,1199,33.53,-113.44,305.86,707.19,1,1,-1,-1
506,1205,121.44,-32.27,200.22,522.20,1,1,-1,-1
506,1204,474.72,95.55,94.97,283.40,1,1,-1,-1
507,1205,139.71,-20.48,185.61,494.57,1,1,-1,-1
507,1204,503.29,115.76,82.23,243.99,1,1,-1,-1
508,1205,152.54,0.88,166.87,451.28,1,1,-1,-1
508,1204,493.32,103.29,95.62,282.31,1,1,-1,-1
509,1209,374.63,78.40,115.48,339.92,1,1,-1,-1
509,1205,149.72,20.32,168.43,442.14,1,1,-1,-1
509,1204,488.10,93.81,104.06,306.43,1,1,-1,-1
509,1197,358.01,126.03,67.98,214.83,1,1,-1,-1
510,1212,17.86,43.00,169.57,393.70,1,1,-1,-1
510,1209,375.84,79.84,116.11,337.95,1,1,-1,-1
510,1205,157.54,11.93,164.79,441.17,1,1,-1,-1
510,1204,470.12,65.08,126.46,372.56,1,1,-1,-1
511,1205,162.75,10.20,162.93,441.36,1,1,-1,-1
511,1199,90.70,-145.02,318.10,770.85,1,1,-1,-1
514,1216,8.18,124.30,80.03,227.97,1,1,-1,-1
515,1216,4.08,122.20,76.09,229.99,1,1,-1,-1
516,1220,496.20,89.49,125.25,344.05,1,1,-1,-1
516,1216,-20.48,109.59,84.28,260.36,1,1,-1,-1
517,1226,177.12,23.33,164.52,455.15,1,1,-1,-1
517,1222,399.76,95.96,92.04,322.12,1,1,-1,-1
517,1221,374.83,135.13,61.10,225.36,1,1,-1,-1
517,1220,504.28,59.50,140.87,375.35,1,1,-1,-1
518,1226,179.14,27.12,165.49,456.56,1,1,-1,-1
518,1222,398.97,96.72,92.09,322.29,1,1,-1,-1
518,1221,373.95,105.65,68.74,253.55,1,1,-1,-1
519,1221,378.04,120.97,65.97,243.05,1,1,-1,-1
520,1224,122.26,80.96,118.10,320.19,1,1,-1,-1
520,1221,382.60,127.19,64.23,236.41,1,1,-1,-1
521,1224,143.50,83.85,119.40,317.38,1,1,-1,-1
521,1221,387.84,129.70,63.11,232.13,1,1,-1,-1
522,1224,138.08,80.51,119.43,312.89,1,1,-1,-1
522,1222,385.37,83.37,86.40,305.60,1,1,-1,-1
522,1221,392.52,130.55,62.38,229.33,1,1,-1,-1
523,1224,123.53,55.84,141.13,364.93,1,1,-1,-1
523,1222,390.90,96.70,88.96,311.81,1,1,-1,-1
523,1221,396.94,130.61,61.89,227.47,1,1,-1,-1
524,1222,392.02,100.97,90.61,315.61,1,1,-1,-1
524,1221,401.88,130.25,61.57,226.22,1,1,-1,-1
525,1226,213.82,65.06,135.03,377.65,1,1,-1,-1
525,1222,392.23,102.23,91.74,318.36,1,1,-1,-1
525,1221,399.30,121.58,71.37,256.20,1,1,-1,-1
526,1222,391.50,102.95,92.51,320.17,1,1,-1,-1
526,1221,407.79,123.04,72.48,246.70,1,1,-1,-1
527,1242,413.27,-77.64,282.47,679.28,1,1,-1,-1
527,1222,390.66,103.52,93.36,321.53,1,1,-1,-1
527,1221,413.13,126.77,67.02,238.74,1,1,-1,-1
528,1242,427.14,-77.82,282.47,678.52,1,1,-1,-1
529,1242,440.93,-78.41,282.57,678.54,1,1,-1,-1
529,1241,154.46,96.36,105.55,294.26,1,1,-1,-1
530,1241,146.45,100.28,109.71,311.89,1,1,-1,-1
531,1220,462.86,97.36,117.06,323.93,1,1,-1,-1
532,1220,461.57,97.56,115.49,322.48,1,1,-1,-1
533,1253,183.21,36.89,159.61,463.20,1,1,-1,-1
533,1220,459.75,97.73,113.80,321.07,1,1,-1,-1
534,1256,139.40,160.63,40.21,123.81,1,1,-1,-1
534,1255,55.50,144.18,70.37,185.71,1,1,-1,-1
534,1254,363.51,71.25,118.13,380.45,1,1,-1,-1
534,1253,183.74,24.84,157.66,460.07,1,1,-1,-1
534,1220,455.30,97.10,112.34,320.62,1,1,-1,-1
535,1256,127.63,160.47,40.10,126.89,1,1,-1,-1
535,1255,43.44,137.37,72.89,192.35,1,1,-1,-1
535,1220,449.64,96.70,110.73,320.78,1,1,-1,-1
536,1256,126.32,154.21,43.17,134.52,1,1,-1,-1
536,1255,29.42,130.20,75.67,200.29,1,1,-1,-1
536,1252,374.23,138.65,74.93,251.33,1,1,-1,-1
536,1220,444.40,95.59,109.31,321.46,1,1,-1,-1
537,1241,157.77,95.96,119.28,273.41,1,1,-1,-1
538,1254,321.45,44.11,138.88,431.35,1,1,-1,-1
538,1253,172.13,22.59,161.53,412.16,1,1,-1,-1
538,1241,160.03,95.80,121.16,273.35,1,1,-1,-1
539,1264,339.10,90.95,103.39,321.52,1,1,-1,-1
539,1253,162.34,50.14,141.71,358.46,1,1,-1,-1
539,1241,167.10,95.18,117.87,272.48,1,1,-1,-1
540,1264,343.03,88.10,101.85,323.94,1,1,-1,-1
540,1256,122.28,141.26,51.00,149.33,1,1,-1,-1
540,1241,176.96,95.58,111.31,270.92,1,1,-1,-1
541,1264,347.81,84.95,100.62,326.40,1,1,-1,-1
541,1256,94.72,124.70,62.96,181.64,1,1,-1,-1
541,1241,188.87,95.89,102.15,268.70,1,1,-1,-1
542,1241,189.67,95.67,101.99,277.75,1,1,-1,-1
543,1274,116.21,135.58,63.00,165.48,1,1,-1,-1
543,1271,-34.03,101.15,97.98,271.18,1,1,-1,-1
544,1278,237.98,0.50,167.95,502.45,1,1,-1,-1
544,1274,112.55,133.86,67.54,171.05,1,1,-1,-1
544,1271,-39.89,90.48,99.04,286.79,1,1,-1,-1
544,1266,188.09,147.57,47.05,148.47,1,1,-1,-1
545,1280,205.86,62.32,148.44,378.08,1,1,-1,-1
545,1278,240.88,-7.89,176.96,514.09,1,1,-1,-1
545,1266,188.67,145.06,49.34,152.85,1,1,-1,-1
548,1264,374.13,77.05,100.33,315.65,1,1,-1,-1
549,1278,235.58,-17.51,175.47,478.00,1,1,-1,-1
549,1266,200.11,137.47,52.27,165.28,1,1,-1,-1
550,1278,255.35,-11.27,180.83,495.94,1,1,-1,-1
550,1266,199.44,125.43,54.48,171.42,1,1,-1,-1
551,1266,195.18,117.07,60.50,180.08,1,1,-1,-1
552,1287,489.88,116.66,70.85,249.54,1,1,-1,-1
552,1266,186.46,115.23,65.59,187.42,1,1,-1,-1
553,1287,496.56,118.22,72.16,250.16,1,1,-1,-1
553,1266,177.95,115.45,71.90,194.36,1,1,-1,-1
554,1287,516.22,109.55,93.19,317.77,1,1,-1,-1
554,1278,319.50,-0.43,173.37,495.10,1,1,-1,-1
554,1266,171.57,115.86,77.27,200.98,1,1,-1,-1
555,1266,169.25,115.61,78.43,207.59,1,1,-1,-1
556,1266,165.25,114.91,79.85,215.23,1,1,-1,-1
557,1266,160.59,113.85,81.46,223.61,1,1,-1,-1
558,1308,-11.69,58.62,131.03,343.76,1,1,-1,-1
558,1301,327.45,53.57,120.12,381.60,1,1,-1,-1
558,1266,153.88,109.40,83.49,232.88,1,1,-1,-1
559,1308,-31.04,60.75,129.80,320.60,1,1,-1,-1
559,1302,552.58,43.79,121.98,417.16,1,1,-1,-1
559,1301,322.20,50.40,120.11,384.69,1,1,-1,-1
559,1266,148.77,99.63,85.52,242.67,1,1,-1,-1
560,1313,533.47,116.08,77.64,253.32,1,1,-1,-1
560,1308,-42.62,61.66,127.98,313.43,1,1,-1,-1
560,1301,303.88,42.29,117.33,378.94,1,1,-1,-1
560,1278,432.99,63.79,119.39,382.02,1,1,-1,-1
560,1266,140.54,95.58,87.83,252.94,1,1,-1,-1
561,1313,532.35,114.22,76.53,253.88,1,1,-1,-1
561,1301,306.24,44.36,118.29,384.91,1,1,-1,-1
561,1278,448.88,67.04,112.74,369.77,1,1,-1,-1
561,1266,132.41,89.71,90.35,263.52,1,1,-1,-1
562,1313,533.65,128.23,71.71,238.02,1,1,-1,-1
562,1307,412.36,65.03,95.50,312.33,1,1,-1,-1
562,1301,307.04,82.00,103.16,337.99,1,1,-1,-1
562,1278,457.89,64.51,111.30,367.36,1,1,-1,-1
562,1266,122.00,82.52,93.68,276.78,1,1,-1,-1
563,1320,240.50,-37.90,210.95,564.06,1,1,-1,-1
563,1313,546.21,118.74,72.72,238.56,1,1,-1,-1
563,1307,407.71,63.66,94.02,306.40,1,1,-1,-1
563,1301,301.92,68.19,122.40,376.81,1,1,-1,-1
563,1266,108.36,74.29,98.15,292.17,1,1,-1,-1
564,1320,237.51,-40.38,213.17,567.83,1,1,-1,-1
564,1318,565.76,47.02,108.59,394.12,1,1,-1,-1
564,1316,236.90,155.41,43.28,107.49,1,1,-1,-1
564,1313,537.99,115.27,76.41,245.54,1,1,-1,-1
564,1307,406.37,63.86,93.84,306.40,1,1,-1,-1
564,1301,293.19,52.11,121.64,385.00,1,1,-1,-1
564,1266,82.49,46.93,119.24,361.50,1,1,-1,-1
565,1318,567.77,50.60,104.14,395.39,1,1,-1,-1
565,1316,234.85,156.89,42.80,105.75,1,1,-1,-1
565,1313,539.50,115.81,79.43,249.55,1,1,-1,-1
565,1307,405.61,63.29,94.80,310.54,1,1,-1,-1
565,1301,286.29,43.18,121.04,391.84,1,1,-1,-1
566,1318,570.59,48.97,99.14,385.62,1,1,-1,-1
566,1313,540.55,115.91,82.06,251.42,1,1,-1,-1
566,1307,407.87,58.01,97.31,320.98,1,1,-1,-1
566,1301,278.97,38.35,120.78,395.43,1,1,-1,-1
567,1318,573.99,50.86,94.16,377.90,1,1,-1,-1
568,1320,239.21,-29.48,200.44,545.66,1,1,-1,-1
568,1318,576.28,53.93,89.20,371.80,1,1,-1,-1
568,1266,34.02,41.61,127.90,385.30,1,1,-1,-1
569,1318,577.08,54.11,88.50,368.87,1,1,-1,-1
570,1307,429.09,16.34,123.06,389.81,1,1,-1,-1
571,1331,-65.92,-31.32,189.34,542.98,1,1,-1,-1
571,1307,427.10,-25.80,142.40,445.17,1,1,-1,-1
572,1333,276.53,52.34,117.76,372.79,1,1,-1,-1
572,1331,-101.48,-48.16,208.87,600.28,1,1,-1,-1
573,1318,538.60,42.28,116.82,351.51,1,1,-1,-1
574,1318,533.80,54.96,122.04,347.92,1,1,-1,-1
575,1313,548.57,96.72,108.60,277.28,1,1,-1,-1
576,1333,310.27,77.72,109.92,337.06,1,1,-1,-1
576,1313,548.95,103.58,112.27,279.47,1,1,-1,-1
577,1333,312.94,79.53,112.09,340.76,1,1,-1,-1
577,1316,221.88,151.72,50.29,126.80,1,1,-1,-1
578,1318,510.47,65.76,120.32,338.09,1,1,-1,-1
578,1316,220.24,150.81,50.06,128.96,1,1,-1,-1
578,1307,506.21,-120.95,244.07,705.55,1,1,-1,-1
579,1318,505.23,67.18,117.70,335.87,1,1,-1,-1
581,1333,341.11,90.85,114.65,335.17,1,1,-1,-1
582,1333,345.47,93.64,114.89,330.69,1,1,-1,-1
583,1333,351.16,94.67,115.67,326.82,1,1,-1,-1
583,1318,478.81,76.70,113.61,329.05,1,1,-1,-1
584,1333,334.87,69.27,130.66,350.38,1,1,-1,-1
584,1318,468.82,81.78,117.36,327.30,1,1,-1,-1
584,1316,195.16,145.91,62.55,177.99,1,1,-1,-1
585,1318,429.67,56.88,145.35,386.78,1,1,-1,-1
586,1318,429.82,67.58,147.90,369.01,1,1,-1,-1
588,1349,259.27,-78.37,269.98,627.93,1,1,-1,-1
589,1349,241.77,-75.25,268.03,627.47,1,1,-1,-1
589,1347,-155.96,-113.14,250.11,706.69,1,1,-1,-1
590,1352,138.46,141.10,65.39,180.31,1,1,-1,-1
591,1352,121.89,138.29,69.36,189.83,1,1,-1,-1
592,1318,393.11,88.42,116.37,313.33,1,1,-1,-1
593,1357,419.96,129.88,73.83,221.91,1,1,-1,-1
593,1353,201.11,157.25,49.19,135.11,1,1,-1,-1
593,1347,-161.15,-111.77,237.03,701.68,1,1,-1,-1
594,1357,409.52,132.00,70.97,221.39,1,1,-1,-1
594,1353,189.32,153.23,51.97,139.18,1,1,-1,-1
594,1347,-161.38,-111.46,233.01,700.99,1,1,-1,-1
595,1357,398.60,133.11,70.05,223.33,1,1,-1,-1
595,1353,180.61,152.19,54.09,142.78,1,1,-1,-1
595,1347,-161.65,-111.05,228.70,700.16,1,1,-1,-1
596,1361,342.74,159.44,61.14,167.61,1,1,-1,-1
596,1357,388.03,134.63,70.04,225.96,1,1,-1,-1
596,1353,171.70,151.52,55.79,146.23,1,1,-1,-1
596,1347,-161.89,-110.63,224.19,699.29,1,1,-1,-1
597,1364,17.12,103.00,91.24,248.83,1,1,-1,-1
597,1357,376.73,135.67,70.51,228.58,1,1,-1,-1
597,1353,164.08,150.94,57.25,149.65,1,1,-1,-1
597,1347,-162.07,-110.20,219.54,698.44,1,1,-1,-1
598,1364,-0.06,99.89,97.09,262.69,1,1,-1,-1
598,1357,369.68,138.57,70.32,227.79,1,1,-1,-1
598,1353,155.13,150.02,60.16,153.78,1,1,-1,-1
598,1347,-162.20,-109.79,214.77,697.60,1,1,-1,-1
599,1364,-10.18,99.53,96.59,267.26,1,1,-1,-1
599,1353,147.63,150.08,64.35,157.90,1,1,-1,-1
600,1364,-29.18,96.67,101.16,274.87,1,1,-1,-1
600,1353,139.72,150.61,68.23,162.46,1,1,-1,-1
601,1353,133.69,151.55,71.84,166.69,1,1,-1,-1
602,1347,-162.46,-107.89,196.18,693.79,1,1,-1,-1
603,1347,-162.27,-107.80,191.44,693.61,1,1,-1,-1
604,1372,187.81,-60.37,226.38,632.81,1,1,-1,-1
604,1347,-160.63,-107.09,189.29,692.84,1,1,-1,-1
605,1372,182.99,-56.49,227.03,630.08,1,1,-1,-1
605,1353,123.30,144.70,74.16,183.69,1,1,-1,-1
605,1347,-158.87,-105.49,188.95,691.20,1,1,-1,-1
606,1372,178.16,-52.26,227.68,626.60,1,1,-1,-1
606,1353,119.39,141.87,75.82,188.84,1,1,-1,-1
606,1347,-157.37,-103.19,189.89,689.14,1,1,-1,-1
607,1372,174.01,-47.65,228.42,623.08,1,1,-1,-1
607,1353,114.34,133.32,78.76,193.91,1,1,-1,-1
607,1347,-156.19,-100.68,191.75,686.40,1,1,-1,-1
608,1377,195.59,139.38,84.18,241.76,1,1,-1,-1
608,1353,104.72,132.70,82.59,199.13,1,1,-1,-1
608,1347,-155.31,-97.79,194.28,683.42,1,1,-1,-1
609,1377,189.52,130.59,85.51,246.22,1,1,-1,-1
609,1347,-145.64,-102.37,198.20,683.16,1,1,-1,-1
613,1385,228.93,-60.36,235.84,627.42,1,1,-1,-1
613,1382,-177.12,-156.61,254.53,774.95,1,1,-1,-1
613,1377,188.59,110.66,86.39,257.16,1,1,-1,-1
613,1347,-152.07,-80.64,209.41,656.62,1,1,-1,-1
614,1377,187.45,107.79,85.59,259.12,1,1,-1,-1
614,1347,-151.21,-76.79,214.17,653.80,1,1,-1,-1
615,1347,-149.35,-73.39,218.11,650.11,1,1,-1,-1
616,1353,2.10,77.85,113.74,323.87,1,1,-1,-1
616,1347,-147.46,-70.06,221.78,645.87,1,1,-1,-1
617,1389,123.54,139.23,53.60,150.32,1,1,-1,-1
617,1385,271.88,-72.93,238.40,634.52,1,1,-1,-1
617,1353,3.98,74.74,112.49,330.55,1,1,-1,-1
617,1347,-145.07,-66.35,224.99,640.61,1,1,-1,-1
618,1389,116.12,137.10,55.93,155.99,1,1,-1,-1
618,1385,273.44,-75.02,239.15,641.08,1,1,-1,-1
618,1347,-142.42,-62.63,227.87,635.23,1,1,-1,-1
619,1385,273.00,-76.57,239.21,649.95,1,1,-1,-1
619,1347,-140.10,-58.89,230.81,629.77,1,1,-1,-1
620,1395,225.14,125.23,67.13,178.93,1,1,-1,-1
620,1394,255.19,80.61,87.18,300.63,1,1,-1,-1
620,1385,274.44,-78.51,237.31,654.06,1,1,-1,-1
621,1395,227.24,133.19,66.24,179.93,1,1,-1,-1
621,1394,251.42,94.75,80.45,279.46,1,1,-1,-1
621,1385,277.54,-79.37,234.21,655.27,1,1,-1,-1
622,1395,230.17,137.39,64.67,178.68,1,1,-1,-1
622,1385,281.46,-79.47,230.35,654.66,1,1,-1,-1
623,1398,164.79,110.02,83.51,267.72,1,1,-1,-1
623,1395,234.04,144.88,62.81,176.40,1,1,-1,-1
624,1398,163.99,113.85,85.09,267.30,1,1,-1,-1
624,1395,235.38,148.13,60.86,173.96,1,1,-1,-1
625,1402,-111.43,-33.46,242.14,586.95,1,1,-1,-1
625,1398,170.38,147.22,78.94,242.38,1,1,-1,-1
625,1395,240.13,146.18,59.18,171.36,1,1,-1,-1
626,1398,170.92,130.99,82.20,250.47,1,1,-1,-1
626,1395,243.49,144.91,58.00,168.48,1,1,-1,-1
627,1395,245.73,142.77,57.52,165.85,1,1,-1,-1
628,1409,312.48,-88.27,234.91,676.85,1,1,-1,-1
628,1395,250.40,147.19,58.27,165.65,1,1,-1,-1
629,1411,255.66,118.41,83.78,251.57,1,1,-1,-1
629,1409,330.89,-86.67,237.42,672.31,1,1,-1,-1
629,1395,250.87,141.84,57.69,161.50,1,1,-1,-1
630,1413,45.45,135.32,61.35,179.40,1,1,-1,-1
630,1411,265.83,113.97,84.57,256.00,1,1,-1,-1
631,1410,16.65,93.23,90.47,266.92,1,1,-1,-1
632,1410,9.34,90.40,90.78,272.49,1,1,-1,-1
632,1402,-17.65,-18.36,211.44,558.32,1,1,-1,-1
632,1398,209.77,117.03,80.02,250.64,1,1,-1,-1
633,1402,-0.48,-16.92,209.01,555.77,1,1,-1,-1
633,1398,217.30,116.89,79.95,251.92,1,1,-1,-1
634,1402,13.35,-15.61,207.70,553.26,1,1,-1,-1
634,1398,222.78,116.83,78.94,252.39,1,1,-1,-1
635,1402,25.58,-14.23,206.82,550.54,1,1,-1,-1
635,1398,232.40,116.34,77.64,252.83,1,1,-1,-1
635,1395,275.00,133.14,62.03,180.18,1,1,-1,-1
636,1395,272.28,142.56,54.35,166.55,1,1,-1,-1
637,1415,315.88,123.67,64.08,222.65,1,1,-1,-1
637,1395,283.64,139.64,54.68,168.44,1,1,-1,-1
638,1415,312.59,119.38,66.08,234.50,1,1,-1,-1
638,1395,284.86,138.69,54.26,168.14,1,1,-1,-1
639,1395,283.46,139.04,53.06,166.59,1,1,-1,-1
640,1395,280.08,139.87,51.59,163.96,1,1,-1,-1
641,1395,276.48,141.07,49.65,160.51,1,1,-1,-1
642,1415,296.78,116.72,72.90,263.26,1,1,-1,-1
642,1395,270.24,126.35,51.38,171.24,1,1,-1,-1
643,1428,397.02,-109.51,260.62,709.06,1,1,-1,-1
643,1415,293.55,113.34,71.78,257.56,1,1,-1,-1
644,1415,291.07,112.93,70.64,252.20,1,1,-1,-1
644,1402,24.44,10.53,218.63,498.90,1,1,-1,-1
645,1402,27.67,11.47,209.68,494.52,1,1,-1,-1
646,1402,37.09,19.39,192.88,469.23,1,1,-1,-1
647,1402,49.18,11.91,188.85,473.43,1,1,-1,-1
648,1434,244.61,163.50,40.55,123.41,1,1,-1,-1
648,1402,57.15,8.74,184.22,475.72,1,1,-1,-1
649,1434,240.49,144.07,43.44,140.76,1,1,-1,-1
649,1402,59.28,6.74,177.42,475.64,1,1,-1,-1
650,1402,56.14,5.52,173.98,475.94,1,1,-1,-1
651,1433,195.00,131.00,64.75,221.73,1,1,-1,-1
651,1402,50.44,5.04,172.96,476.16,1,1,-1,-1
652,1433,192.33,133.70,66.56,222.21,1,1,-1,-1
652,1415,252.07,103.98,79.94,256.95,1,1,-1,-1
653,1415,246.68,120.78,75.38,242.88,1,1,-1,-1
654,1441,381.15,-102.20,255.82,680.36,1,1,-1,-1
655,1442,266.21,136.59,67.41,216.95,1,1,-1,-1
655,1441,379.12,-102.51,255.89,679.99,1,1,-1,-1
655,1402,29.83,-0.41,180.84,485.06,1,1,-1,-1
656,1443,203.74,122.67,67.60,205.30,1,1,-1,-1
656,1442,266.42,127.92,67.66,217.51,1,1,-1,-1
656,1441,377.25,-102.69,256.35,680.10,1,1,-1,-1
656,1402,29.02,-3.00,182.29,484.97,1,1,-1,-1
657,1443,194.56,119.67,72.86,219.87,1,1,-1,-1
657,1442,269.47,121.32,67.81,217.81,1,1,-1,-1
657,1441,362.08,-165.60,304.33,806.59,1,1,-1,-1
658,1443,193.40,115.69,73.84,224.24,1,1,-1,-1
658,1442,271.09,120.50,67.49,217.28,1,1,-1,-1
658,1441,370.99,-144.65,288.61,764.26,1,1,-1,-1
659,1443,195.06,101.39,86.28,266.87,1,1,-1,-1
659,1442,272.26,122.92,66.87,215.99,1,1,-1,-1
659,1441,380.09,-130.69,278.64,736.90,1,1,-1,-1
660,1445,204.29,134.97,63.26,203.37,1,1,-1,-1
660,1442,273.12,125.46,65.76,214.40,1,1,-1,-1
660,1441,375.67,-135.54,294.49,778.02,1,1,-1,-1
661,1445,208.57,139.40,59.59,199.57,1,1,-1,-1
661,1442,274.79,128.40,64.65,212.58,1,1,-1,-1
662,1446,66.89,-2.11,184.54,512.65,1,1,-1,-1
662,1445,210.69,139.84,58.14,198.40,1,1,-1,-1
663,1457,412.11,-102.32,259.66,682.53,1,1,-1,-1
663,1446,79.28,2.04,173.51,496.40,1,1,-1,-1
663,1445,212.51,138.55,57.97,198.14,1,1,-1,-1
664,1457,417.08,-102.37,259.94,682.84,1,1,-1,-1
664,1446,87.46,8.58,164.90,486.66,1,1,-1,-1
664,1445,214.57,136.99,58.26,198.21,1,1,-1,-1
664,1441,415.90,-168.57,302.46,796.32,1,1,-1,-1
665,1446,90.01,9.81,160.69,481.39,1,1,-1,-1
665,1442,281.92,127.58,60.54,208.50,1,1,-1,-1
666,1446,90.45,9.42,158.94,478.48,1,1,-1,-1
666,1442,282.31,126.53,61.35,207.85,1,1,-1,-1
667,1446,89.31,8.14,159.15,477.05,1,1,-1,-1
667,1442,281.38,126.09,63.75,207.08,1,1,-1,-1
668,1465,59.47,69.07,122.76,328.50,1,1,-1,-1
668,1457,437.18,-102.42,261.49,684.69,1,1,-1,-1
668,1446,87.99,6.44,160.65,476.35,1,1,-1,-1
669,1465,45.81,73.32,115.72,310.49,1,1,-1,-1
669,1446,74.49,-35.63,185.62,532.51,1,1,-1,-1
670,1471,388.27,87.43,97.67,288.10,1,1,-1,-1
670,1465,34.73,73.56,113.98,309.74,1,1,-1,-1
671,1473,218.65,148.70,48.28,149.72,1,1,-1,-1
671,1465,49.97,81.27,99.98,277.70,1,1,-1,-1
671,1442,285.48,129.37,70.64,200.98,1,1,-1,-1
672,1473,225.08,143.59,54.57,169.54,1,1,-1,-1
672,1465,35.34,98.77,90.16,257.11,1,1,-1,-1
672,1457,454.75,-103.36,263.57,685.75,1,1,-1,-1
673,1473,234.20,130.28,70.20,221.93,1,1,-1,-1
673,1465,17.27,80.71,103.15,301.92,1,1,-1,-1
673,1446,59.52,29.74,199.45,484.87,1,1,-1,-1
674,1473,246.71,105.58,75.32,241.07,1,1,-1,-1
677,1481,278.20,138.77,59.46,189.51,1,1,-1,-1
677,1480,222.07,149.50,47.12,152.88,1,1,-1,-1
677,1476,387.25,109.59,93.65,282.27,1,1,-1,-1
677,1446,90.46,51.02,161.33,443.87,1,1,-1,-1
678,1481,277.30,139.64,59.89,188.32,1,1,-1,-1
678,1480,222.77,149.99,48.08,158.36,1,1,-1,-1
679,1481,277.21,142.03,60.09,186.69,1,1,-1,-1
679,1480,224.21,151.76,48.83,164.88,1,1,-1,-1
680,1481,276.74,143.46,60.62,185.61,1,1,-1,-1
680,1480,220.91,151.06,48.00,164.49,1,1,-1,-1
682,1494,226.80,145.55,51.42,195.16,1,1,-1,-1
683,1494,225.07,142.31,53.49,196.84,1,1,-1,-1
683,1490,46.73,134.99,71.63,200.95,1,1,-1,-1
684,1494,223.19,140.07,55.32,196.77,1,1,-1,-1
684,1490,36.00,123.67,70.87,204.23,1,1,-1,-1
684,1481,270.34,125.22,74.68,217.82,1,1,-1,-1
685,1494,220.71,138.20,57.49,196.10,1,1,-1,-1
685,1481,279.64,127.60,69.88,198.15,1,1,-1,-1
685,1476,358.16,112.67,100.26,289.23,1,1,-1,-1
686,1494,217.82,137.18,58.15,195.25,1,1,-1,-1
686,1481,277.13,127.18,62.83,176.16,1,1,-1,-1
687,1506,-1.71,163.38,78.56,219.82,1,1,-1,-1
687,1494,215.84,135.68,58.26,195.22,1,1,-1,-1
688,1510,299.23,149.06,50.89,143.18,1,1,-1,-1
688,1494,213.46,134.47,57.64,195.27,1,1,-1,-1
688,1490,7.12,117.90,73.59,209.77,1,1,-1,-1
689,1512,70.61,32.03,177.27,453.52,1,1,-1,-1
689,1511,16.93,166.74,46.28,118.52,1,1,-1,-1
689,1490,-0.15,140.90,68.88,191.43,1,1,-1,-1
690,1512,78.76,36.31,169.06,445.38,1,1,-1,-1
690,1490,-12.37,121.32,76.11,215.68,1,1,-1,-1
690,1481,279.03,127.97,62.00,192.60,1,1,-1,-1
691,1515,444.56,-185.07,340.83,821.86,1,1,-1,-1
691,1481,272.01,131.91,64.71,211.61,1,1,-1,-1
692,1517,48.39,133.21,61.23,182.83,1,1,-1,-1
692,1515,457.16,-144.83,310.44,746.82,1,1,-1,-1
692,1510,308.26,143.19,54.37,157.72,1,1,-1,-1
692,1494,206.88,133.62,57.35,195.25,1,1,-1,-1
693,1517,40.50,129.72,63.99,188.63,1,1,-1,-1
693,1515,471.29,-101.34,265.63,636.66,1,1,-1,-1
693,1510,315.72,150.32,56.09,163.98,1,1,-1,-1
694,1520,350.14,93.05,100.19,302.68,1,1,-1,-1
694,1517,32.24,125.90,68.27,197.41,1,1,-1,-1
694,1515,467.89,-95.04,269.08,643.00,1,1,-1,-1
694,1510,320.64,142.05,56.16,164.23,1,1,-1,-1
695,1523,16.83,154.13,48.57,137.63,1,1,-1,-1
695,1520,350.68,90.28,100.94,307.51,1,1,-1,-1
695,1518,231.32,156.75,35.08,113.79,1,1,-1,-1
695,1517,22.87,122.67,72.82,206.45,1,1,-1,-1
695,1510,323.82,135.18,56.54,165.14,1,1,-1,-1
696,1525,146.86,20.08,137.30,462.76,1,1,-1,-1
696,1520,339.76,87.69,97.45,301.24,1,1,-1,-1
696,1517,13.95,118.98,77.94,216.14,1,1,-1,-1
697,1520,349.48,91.03,95.38,300.71,1,1,-1,-1
697,1517,0.19,123.85,82.96,225.04,1,1,-1,-1
698,1520,347.37,91.56,97.53,303.27,1,1,-1,-1
698,1517,-7.57,111.90,82.03,233.30,1,1,-1,-1
699,1532,141.14,25.96,133.67,433.08,1,1,-1,-1
699,1520,339.51,107.52,88.56,280.18,1,1,-1,-1
699,1517,-20.33,109.44,83.25,242.44,1,1,-1,-1
699,1510,355.83,163.57,53.89,159.13,1,1,-1,-1
700,1532,133.47,29.56,142.38,437.55,1,1,-1,-1
700,1520,334.56,100.42,99.07,293.50,1,1,-1,-1
700,1517,-37.46,109.11,90.38,261.32,1,1,-1,-1
700,1515,437.43,-102.56,285.08,666.90,1,1,-1,-1
700,1510,356.89,145.35,56.93,174.47,1,1,-1,-1
701,1534,265.05,134.99,49.46,166.82,1,1,-1,-1
701,1532,127.78,29.32,150.37,441.56,1,1,-1,-1
701,1531,77.77,161.95,54.24,179.26,1,1,-1,-1
701,1520,326.14,97.14,108.94,301.66,1,1,-1,-1
701,1515,428.58,-103.82,288.17,670.82,1,1,-1,-1
701,1510,360.03,135.43,58.83,186.88,1,1,-1,-1
702,1534,262.24,136.85,50.25,167.35,1,1,-1,-1
702,1532,115.94,12.79,169.72,478.96,1,1,-1,-1
702,1531,73.55,195.85,47.83,160.18,1,1,-1,-1
702,1520,318.12,95.58,115.23,305.33,1,1,-1,-1
702,1510,364.56,128.92,59.74,197.06,1,1,-1,-1
703,1534,258.63,139.25,51.83,169.97,1,1,-1,-1
703,1532,112.02,25.35,173.09,470.16,1,1,-1,-1
703,1531,70.14,190.96,51.83,174.96,1,1,-1,-1
703,1520,305.50,77.36,122.39,315.31,1,1,-1,-1
703,1510,369.28,123.88,60.30,206.04,1,1,-1,-1
704,1532,111.58,30.92,172.93,464.27,1,1,-1,-1
704,1520,301.37,87.28,123.43,312.72,1,1,-1,-1
704,1510,374.11,119.59,60.66,214.19,1,1,-1,-1
705,1532,113.62,33.89,170.46,460.19,1,1,-1,-1
705,1520,297.00,91.64,123.75,310.51,1,1,-1,-1
705,1510,379.00,115.73,60.87,221.75,1,1,-1,-1
706,1520,292.01,93.81,123.57,308.61,1,1,-1,-1
707,1534,243.17,150.18,55.12,171.21,1,1,-1,-1
707,1520,283.56,81.31,131.63,328.56,1,1,-1,-1
708,1534,252.22,122.60,54.13,167.91,1,1,-1,-1
709,1541,376.75,-119.84,312.27,699.79,1,1,-1,-1
709,1534,241.43,135.62,54.26,168.15,1,1,-1,-1
709,1532,125.26,48.17,139.32,397.05,1,1,-1,-1
710,1544,35.39,111.33,63.99,225.77,1,1,-1,-1
710,1541,371.45,-120.08,313.53,699.83,1,1,-1,-1
710,1534,237.11,140.79,53.70,167.10,1,1,-1,-1
710,1532,121.24,44.85,142.11,407.94,1,1,-1,-1
711,1554,-33.88,68.59,112.87,339.89,1,1,-1,-1
711,1544,30.39,107.89,65.78,228.02,1,1,-1,-1
711,1541,365.78,-120.70,315.03,700.27,1,1,-1,-1
711,1534,242.98,150.07,49.31,155.39,1,1,-1,-1
711,1532,118.01,43.41,145.29,417.77,1,1,-1,-1
712,1554,-56.84,78.09,102.22,303.59,1,1,-1,-1
712,1544,24.73,103.23,68.71,231.71,1,1,-1,-1
712,1534,239.21,148.75,48.58,155.29,1,1,-1,-1
712,1532,115.01,43.50,148.77,426.84,1,1,-1,-1
713,1544,19.15,98.16,72.05,235.89,1,1,-1,-1
713,1534,238.13,148.52,47.13,154.04,1,1,-1,-1
713,1532,110.10,37.99,151.10,431.50,1,1,-1,-1
714,1544,15.98,93.31,76.70,242.16,1,1,-1,-1
715,1544,13.51,88.89,82.20,249.20,1,1,-1,-1
715,1541,343.30,-125.26,324.46,710.22,1,1,-1,-1
716,1544,10.95,83.52,87.96,256.76,1,1,-1,-1
718,1566,287.60,105.33,99.42,274.00,1,1,-1,-1
719,1566,294.18,104.56,101.11,280.71,1,1,-1,-1
720,1566,299.46,104.31,101.21,283.94,1,1,-1,-1
721,1569,103.35,191.81,21.09,55.73,1,1,-1,-1
722,1573,168.41,121.25,76.17,222.84,1,1,-1,-1
722,1569,106.78,191.63,21.33,56.22,1,1,-1,-1
722,1565,-35.43,25.85,148.58,397.84,1,1,-1,-1
726,1578,256.69,157.26,47.98,149.25,1,1,-1,-1
726,1575,120.55,-5.18,168.43,501.35,1,1,-1,-1
727,1589,318.55,149.42,76.83,219.87,1,1,-1,-1
727,1588,138.86,188.12,20.11,53.56,1,1,-1,-1
727,1579,303.41,151.99,48.94,154.10,1,1,-1,-1
727,1578,258.60,154.73,48.54,150.57,1,1,-1,-1
727,1575,133.23,24.50,148.49,458.54,1,1,-1,-1
728,1585,363.57,-126.19,328.35,717.54,1,1,-1,-1
728,1575,143.07,42.37,134.83,428.04,1,1,-1,-1
729,1575,146.12,48.13,126.09,406.78,1,1,-1,-1
730,1597,135.00,197.00,20.00,51.00,1,1,-1,-1
730,1575,146.51,54.32,119.55,383.98,1,1,-1,-1
731,1598,261.35,159.12,46.11,147.04,1,1,-1,-1
731,1597,134.00,198.00,20.00,51.00,1,1,-1,-1
731,1575,146.99,67.47,115.74,373.17,1,1,-1,-1
732,1598,261.30,162.22,45.19,146.67,1,1,-1,-1
732,1585,380.32,-105.55,313.58,688.12,1,1,-1,-1
733,1598,237.80,163.34,47.30,142.92,1,1,-1,-1
733,1585,379.96,-114.22,317.65,698.22,1,1,-1,-1
733,1579,310.37,158.59,52.08,158.85,1,1,-1,-1
734,1585,380.73,-118.66,320.46,704.89,1,1,-1,-1
735,1585,382.39,-121.13,321.85,708.91,1,1,-1,-1
735,1575,145.02,91.65,125.02,361.37,1,1,-1,-1
736,1585,384.08,-122.40,322.66,711.68,1,1,-1,-1
736,1575,143.96,87.38,123.32,357.74,1,1,-1,-1
737,1585,386.36,-123.17,322.77,713.24,1,1,-1,-1
738,1622,231.83,177.25,36.23,108.63,1,1,-1,-1
738,1585,388.48,-123.62,322.72,714.10,1,1,-1,-1
739,1620,97.38,137.39,64.38,191.02,1,1,-1,-1
739,1585,390.55,-123.68,322.59,714.79,1,1,-1,-1
740,1620,87.73,132.73,69.05,205.25,1,1,-1,-1
741,1620,77.52,119.73,81.20,236.69,1,1,-1,-1
742,1626,316.09,108.50,104.91,295.61,1,1,-1,-1
742,1620,67.07,114.63,83.02,239.63,1,1,-1,-1
743,1635,141.53,82.51,108.24,347.95,1,1,-1,-1
743,1620,53.64,107.97,85.78,246.95,1,1,-1,-1
744,1635,142.81,79.37,106.69,340.23,1,1,-1,-1
744,1633,225.15,146.56,50.88,147.08,1,1,-1,-1
744,1625,253.12,138.75,60.19,191.96,1,1,-1,-1
745,1645,269.26,160.52,48.30,155.39,1,1,-1,-1
745,1635,144.67,76.53,104.80,331.34,1,1,-1,-1
745,1625,245.75,146.67,59.34,184.92,1,1,-1,-1
746,1645,272.27,161.53,48.59,154.65,1,1,-1,-1
746,1635,148.91,78.59,104.04,328.92,1,1,-1,-1
746,1625,244.28,138.94,63.84,198.16,1,1,-1,-1
747,1635,164.56,92.44,105.24,334.73,1,1,-1,-1
748,1635,164.06,88.15,104.86,336.45,1,1,-1,-1
748,1626,316.17,109.59,106.64,296.93,1,1,-1,-1
749,1647,100.29,159.11,37.28,113.65,1,1,-1,-1
749,1635,162.23,49.20,122.61,395.59,1,1,-1,-1
749,1626,316.13,109.66,106.84,296.93,1,1,-1,-1
750,1635,165.75,59.23,116.49,376.65,1,1,-1,-1
750,1626,318.05,108.54,106.98,297.23,1,1,-1,-1
751,1656,2.93,167.89,37.20,102.41,1,1,-1,-1
751,1635,171.14,65.38,111.80,361.55,1,1,-1,-1
752,1656,2.77,168.09,34.75,97.54,1,1,-1,-1
752,1653,-93.05,32.75,163.83,412.93,1,1,-1,-1
752,1635,176.32,69.41,108.12,349.20,1,1,-1,-1
753,1656,-2.14,169.51,32.83,98.64,1,1,-1,-1
753,1635,181.91,72.18,105.18,338.83,1,1,-1,-1
754,1662,273.50,150.05,45.78,147.75,1,1,-1,-1
754,1656,-11.63,163.73,36.64,107.51,1,1,-1,-1
754,1635,187.53,74.14,102.75,329.89,1,1,-1,-1
755,1662,276.44,141.96,48.74,157.42,1,1,-1,-1
755,1656,-17.54,159.74,39.18,114.66,1,1,-1,-1
755,1635,193.04,78.11,100.74,324.11,1,1,-1,-1
756,1675,42.71,169.90,53.98,110.41,1,1,-1,-1
756,1662,281.13,142.64,47.53,153.12,1,1,-1,-1
756,1635,198.42,82.31,99.06,320.57,1,1,-1,-1
757,1662,285.36,142.82,46.38,149.75,1,1,-1,-1
757,1635,203.70,86.20,97.60,318.63,1,1,-1,-1
757,1626,339.28,98.94,108.89,298.95,1,1,-1,-1
758,1686,433.20,-130.01,321.13,732.24,1,1,-1,-1
758,1662,288.77,144.88,45.19,145.97,1,1,-1,-1
758,1635,209.07,85.06,96.61,317.93,1,1,-1,-1
758,1626,342.31,97.81,109.02,298.96,1,1,-1,-1
759,1662,292.39,146.58,43.69,142.12,1,1,-1,-1
759,1635,199.17,68.67,100.18,322.09,1,1,-1,-1
759,1626,344.86,96.25,109.42,299.31,1,1,-1,-1
760,1662,294.99,149.23,42.28,138.08,1,1,-1,-1
760,1635,199.90,74.59,103.48,319.79,1,1,-1,-1
760,1626,347.66,94.97,109.69,299.55,1,1,-1,-1
761,1679,103.83,177.63,24.52,69.66,1,1,-1,-1
761,1662,298.36,151.63,40.63,133.80,1,1,-1,-1
761,1635,197.58,75.61,109.11,318.87,1,1,-1,-1
762,1679,99.64,171.88,25.16,71.53,1,1,-1,-1
762,1662,299.26,150.93,41.12,132.79,1,1,-1,-1
762,1635,194.18,75.12,116.10,318.38,1,1,-1,-1
763,1703,158.83,155.54,57.00,133.72,1,1,-1,-1
763,1679,87.46,162.62,29.84,79.87,1,1,-1,-1
763,1675,56.18,164.15,46.12,99.02,1,1,-1,-1
763,1635,190.31,73.77,121.14,316.67,1,1,-1,-1
764,1703,153.69,154.58,57.69,135.23,1,1,-1,-1
764,1679,86.27,161.41,32.53,85.42,1,1,-1,-1
764,1675,71.58,164.17,42.79,97.40,1,1,-1,-1
764,1626,361.97,97.92,107.37,290.29,1,1,-1,-1
765,1679,84.00,168.29,36.75,98.42,1,1,-1,-1
765,1675,62.78,161.29,41.24,97.24,1,1,-1,-1
765,1626,364.29,92.71,108.82,293.45,1,1,-1,-1
766,1712,352.17,160.67,39.16,121.47,1,1,-1,-1
766,1679,82.83,167.77,34.48,94.23,1,1,-1,-1
766,1675,58.43,160.21,40.56,98.53,1,1,-1,-1
766,1626,362.54,91.93,109.24,294.95,1,1,-1,-1
767,1712,352.16,162.26,38.41,120.06,1,1,-1,-1
767,1679,86.99,166.24,34.54,95.98,1,1,-1,-1
767,1675,72.40,166.08,36.76,93.11,1,1,-1,-1
767,1635,219.13,73.63,122.75,335.82,1,1,-1,-1
768,1713,451.07,-158.85,341.67,789.91,1,1,-1,-1
768,1712,351.47,162.64,37.99,119.10,1,1,-1,-1
768,1679,89.33,177.05,36.47,103.63,1,1,-1,-1
768,1675,75.79,169.06,34.34,89.56,1,1,-1,-1
769,1726,167.97,183.86,50.33,135.49,1,1,-1,-1
769,1722,285.06,144.00,61.33,156.30,1,1,-1,-1
769,1713,457.03,-143.03,329.57,762.74,1,1,-1,-1
769,1712,351.85,164.08,37.32,117.53,1,1,-1,-1
769,1675,75.60,170.49,32.94,87.60,1,1,-1,-1
770,1731,203.67,91.40,87.96,272.50,1,1,-1,-1
770,1726,168.07,162.46,48.85,134.27,1,1,-1,-1
770,1722,280.56,144.21,58.89,148.87,1,1,-1,-1
770,1713,462.65,-133.91,322.15,746.12,1,1,-1,-1
770,1712,351.36,164.70,36.93,116.73,1,1,-1,-1
770,1675,72.21,171.59,31.68,86.41,1,1,-1,-1
770,1626,349.77,100.10,106.50,294.93,1,1,-1,-1
771,1731,213.65,94.21,89.73,275.86,1,1,-1,-1
771,1726,164.19,153.21,51.10,141.04,1,1,-1,-1
771,1722,275.78,144.39,57.47,144.53,1,1,-1,-1
771,1713,466.95,-128.18,317.46,735.91,1,1,-1,-1
771,1712,351.22,164.96,36.72,116.33,1,1,-1,-1
771,1675,67.61,171.76,30.50,85.77,1,1,-1,-1
771,1626,346.64,100.53,106.43,297.85,1,1,-1,-1
772,1729,89.56,166.14,30.97,96.87,1,1,-1,-1
772,1726,158.28,146.54,53.08,145.93,1,1,-1,-1
772,1722,274.41,144.26,56.64,141.93,1,1,-1,-1
772,1712,350.53,165.57,36.57,115.81,1,1,-1,-1
772,1626,343.28,96.38,104.87,293.86,1,1,-1,-1
773,1739,91.40,167.19,29.62,96.20,1,1,-1,-1
773,1737,46.95,153.87,39.31,105.10,1,1,-1,-1
773,1729,86.50,165.63,30.59,97.31,1,1,-1,-1
773,1726,151.63,128.21,50.19,137.76,1,1,-1,-1
773,1722,273.00,131.39,66.74,166.65,1,1,-1,-1
773,1712,350.29,165.82,36.50,115.53,1,1,-1,-1
773,1626,340.13,93.83,103.45,290.38,1,1,-1,-1
774,1739,91.35,166.73,30.36,97.49,1,1,-1,-1
774,1737,46.46,148.19,44.47,115.67,1,1,-1,-1
774,1729,83.60,164.97,30.29,97.80,1,1,-1,-1
774,1726,146.98,136.01,52.81,145.99,1,1,-1,-1
774,1722,258.40,131.51,80.30,203.61,1,1,-1,-1
774,1626,339.02,95.00,102.14,288.11,1,1,-1,-1
775,1740,465.09,82.14,129.67,322.24,1,1,-1,-1
775,1739,90.66,167.07,31.16,98.39,1,1,-1,-1
775,1729,82.99,165.20,26.21,85.49,1,1,-1,-1
775,1726,143.51,138.14,55.07,152.10,1,1,-1,-1
775,1722,250.42,125.79,81.88,207.66,1,1,-1,-1
775,1713,428.89,-63.60,248.84,602.39,1,1,-1,-1
775,1626,338.19,97.17,101.18,286.44,1,1,-1,-1
776,1740,445.19,102.29,115.62,266.67,1,1,-1,-1
776,1739,91.03,167.18,31.61,98.68,1,1,-1,-1
776,1729,77.75,156.41,28.29,90.68,1,1,-1,-1
776,1626,351.11,100.60,96.61,275.42,1,1,-1,-1
777,1754,404.83,11.73,209.43,440.92,1,1,-1,-1
777,1751,36.32,170.32,21.95,89.57,1,1,-1,-1
777,1739,97.30,169.04,31.32,95.80,1,1,-1,-1
777,1729,74.46,162.23,28.67,94.07,1,1,-1,-1
777,1712,347.32,167.81,35.88,114.54,1,1,-1,-1
777,1626,343.40,104.40,96.61,277.39,1,1,-1,-1
778,1754,389.44,14.14,212.73,443.84,1,1,-1,-1
778,1751,34.31,170.08,22.40,91.43,1,1,-1,-1
778,1731,194.91,97.14,107.33,269.36,1,1,-1,-1
778,1626,356.73,106.18,90.88,262.47,1,1,-1,-1
779,1754,390.51,26.99,184.71,390.99,1,1,-1,-1
779,1731,196.46,107.74,96.88,260.77,1,1,-1,-1
779,1626,353.65,107.64,91.29,265.05,1,1,-1,-1
780,1759,207.53,126.67,61.66,204.35,1,1,-1,-1
780,1626,355.77,106.88,90.71,265.43,1,1,-1,-1
781,1764,452.00,25.88,171.78,414.32,1,1,-1,-1
781,1759,209.24,130.99,59.09,200.58,1,1,-1,-1
781,1737,77.78,154.88,54.20,144.04,1,1,-1,-1
781,1712,345.10,168.67,35.59,113.82,1,1,-1,-1
781,1626,360.22,106.27,89.72,264.29,1,1,-1,-1
782,1768,437.66,-182.86,359.93,835.96,1,1,-1,-1
782,1759,199.52,158.03,55.27,189.12,1,1,-1,-1
783,1774,63.88,176.11,42.93,117.35,1,1,-1,-1
783,1770,23.16,173.70,35.63,100.03,1,1,-1,-1
784,1773,327.97,186.80,21.52,65.15,1,1,-1,-1
784,1770,25.02,200.54,26.95,76.66,1,1,-1,-1
785,1775,85.60,109.60,89.02,242.87,1,1,-1,-1
785,1765,491.48,-117.86,308.03,718.42,1,1,-1,-1
786,1775,71.55,107.03,93.02,252.06,1,1,-1,-1
786,1765,492.41,-117.47,307.16,717.90,1,1,-1,-1
787,1784,5.28,170.51,35.11,104.29,1,1,-1,-1
787,1774,40.21,174.38,37.71,101.34,1,1,-1,-1
787,1769,242.37,116.85,87.74,248.38,1,1,-1,-1
787,1765,495.38,-105.36,297.43,695.81,1,1,-1,-1
787,1754,332.38,22.95,192.76,447.86,1,1,-1,-1
788,1784,-6.39,172.29,38.09,111.45,1,1,-1,-1
788,1774,33.61,175.33,37.36,103.17,1,1,-1,-1
788,1769,246.76,119.84,83.23,243.83,1,1,-1,-1
788,1765,495.92,-109.33,299.67,702.50,1,1,-1,-1
788,1754,325.46,29.48,193.46,448.90,1,1,-1,-1
789,1792,355.03,105.00,90.00,266.00,1,1,-1,-1
789,1769,235.27,132.35,82.06,246.21,1,1,-1,-1
789,1754,318.16,35.74,191.97,447.51,1,1,-1,-1
790,1792,351.98,105.78,90.00,266.00,1,1,-1,-1
790,1775,5.40,89.71,106.25,297.11,1,1,-1,-1
790,1769,229.64,110.85,93.60,284.63,1,1,-1,-1
791,1792,348.97,106.02,90.00,266.00,1,1,-1,-1
791,1791,89.81,81.80,109.38,331.07,1,1,-1,-1
791,1775,-10.70,104.74,101.31,282.63,1,1,-1,-1
791,1769,234.75,108.26,87.47,268.65,1,1,-1,-1
792,1791,71.79,88.91,110.26,327.22,1,1,-1,-1
792,1769,236.37,110.30,83.12,256.58,1,1,-1,-1
792,1765,497.38,-113.86,301.22,711.81,1,1,-1,-1
793,1804,215.09,195.91,19.26,63.05,1,1,-1,-1
793,1793,425.84,49.34,114.00,401.01,1,1,-1,-1
793,1791,47.13,74.59,123.51,359.92,1,1,-1,-1
793,1769,236.36,112.88,80.05,247.75,1,1,-1,-1
793,1765,478.52,-165.95,338.57,801.46,1,1,-1,-1
793,1754,304.79,43.94,189.93,434.21,1,1,-1,-1
794,1793,431.66,85.33,94.15,332.16,1,1,-1,-1
794,1769,235.52,115.27,77.92,241.62,1,1,-1,-1
794,1765,485.12,-149.54,327.84,777.68,1,1,-1,-1
795,1793,424.36,95.80,93.55,328.52,1,1,-1,-1
795,1769,234.23,117.43,76.44,236.82,1,1,-1,-1
796,1813,114.79,189.16,37.27,83.84,1,1,-1,-1
797,1813,112.33,182.03,37.98,89.30,1,1,-1,-1
799,1822,414.83,33.18,126.54,426.98,1,1,-1,-1
799,1754,276.64,56.75,205.79,413.96,1,1,-1,-1
800,1825,321.73,110.63,89.30,263.84,1,1,-1,-1
800,1822,408.04,75.44,108.46,362.59,1,1,-1,-1
800,1800,157.44,177.50,36.03,104.17,1,1,-1,-1
801,1833,19.37,141.36,49.13,156.86,1,1,-1,-1
801,1831,230.62,122.36,68.77,227.33,1,1,-1,-1
801,1829,177.37,161.11,32.93,104.55,1,1,-1,-1
801,1825,314.85,107.80,85.67,252.73,1,1,-1,-1
801,1765,501.40,-119.08,301.15,723.95,1,1,-1,-1
802,1833,18.91,140.79,49.56,157.83,1,1,-1,-1
802,1829,177.67,172.35,30.64,95.61,1,1,-1,-1
802,1825,314.52,110.78,87.83,259.24,1,1,-1,-1
802,1765,482.59,-137.23,332.56,801.70,1,1,-1,-1
803,1829,177.40,178.95,29.40,91.35,1,1,-1,-1
803,1825,312.21,111.85,88.98,262.73,1,1,-1,-1
804,1829,179.15,178.92,29.07,89.43,1,1,-1,-1
804,1825,319.76,110.41,89.63,264.72,1,1,-1,-1
805,1842,426.59,50.42,115.49,401.19,1,1,-1,-1
805,1829,181.96,179.36,28.88,88.52,1,1,-1,-1
806,1842,463.40,73.42,96.67,340.85,1,1,-1,-1
806,1833,27.64,149.33,49.03,151.76,1,1,-1,-1
806,1829,172.08,180.81,34.18,103.42,1,1,-1,-1
806,1800,152.70,194.42,36.59,108.64,1,1,-1,-1
807,1842,460.45,57.10,107.11,377.66,1,1,-1,-1
807,1833,34.80,144.38,48.03,152.21,1,1,-1,-1
807,1829,171.79,178.88,38.35,113.72,1,1,-1,-1
808,1849,256.27,147.56,85.76,205.29,1,1,-1,-1
808,1842,433.16,-10.58,140.12,490.78,1,1,-1,-1
808,1833,43.36,144.46,47.13,154.60,1,1,-1,-1
808,1829,174.39,172.75,41.99,121.50,1,1,-1,-1
809,1853,84.59,156.96,44.50,142.36,1,1,-1,-1
809,1849,277.56,154.05,71.20,178.44,1,1,-1,-1
810,1859,368.00,103.96,90.00,266.00,1,1,-1,-1
810,1857,259.42,197.69,24.03,76.93,1,1,-1,-1
810,1853,86.74,190.54,38.85,122.94,1,1,-1,-1
811,1860,182.50,168.99,50.90,137.39,1,1,-1,-1
811,1859,380.33,101.16,91.20,269.27,1,1,-1,-1
812,1860,182.71,167.93,52.36,140.29,1,1,-1,-1
812,1859,376.25,102.60,90.71,267.91,1,1,-1,-1
812,1854,244.95,154.03,43.79,126.26,1,1,-1,-1
812,1833,65.83,146.61,48.00,156.98,1,1,-1,-1
813,1868,215.56,172.85,34.24,108.14,1,1,-1,-1
813,1860,183.63,166.28,53.96,143.20,1,1,-1,-1
813,1859,376.13,103.26,90.43,267.15,1,1,-1,-1
813,1858,368.92,39.81,246.46,428.32,1,1,-1,-1
813,1833,69.76,145.84,49.57,159.90,1,1,-1,-1
814,1868,216.15,174.39,32.28,104.27,1,1,-1,-1
814,1860,180.93,168.73,61.89,164.39,1,1,-1,-1
814,1833,68.40,144.48,50.99,163.13,1,1,-1,-1
815,1868,217.43,189.51,26.32,85.66,1,1,-1,-1
815,1833,73.05,142.85,46.82,150.79,1,1,-1,-1
816,1875,1.62,119.43,55.64,185.26,1,1,-1,-1
816,1857,266.88,184.47,31.83,101.82,1,1,-1,-1
816,1833,87.27,146.06,47.02,151.60,1,1,-1,-1
817,1879,371.57,176.86,33.64,100.07,1,1,-1,-1
817,1872,527.96,8.43,147.41,465.65,1,1,-1,-1
817,1871,231.24,170.79,42.25,122.47,1,1,-1,-1
817,1859,404.86,109.82,76.13,224.66,1,1,-1,-1
817,1858,380.73,26.87,226.87,446.92,1,1,-1,-1
817,1857,264.98,183.97,32.66,102.26,1,1,-1,-1
817,1833,91.17,146.51,47.15,152.15,1,1,-1,-1
818,1882,313.02,122.42,77.83,223.89,1,1,-1,-1
818,1871,228.21,171.03,40.20,119.43,1,1,-1,-1
818,1860,168.86,155.84,57.58,164.17,1,1,-1,-1
818,1859,394.70,112.19,81.16,239.11,1,1,-1,-1
818,1857,261.71,183.64,33.92,104.06,1,1,-1,-1
818,1854,288.75,180.12,28.97,92.21,1,1,-1,-1
818,1833,94.27,135.68,46.95,152.73,1,1,-1,-1
819,1882,313.77,127.69,78.91,227.67,1,1,-1,-1
819,1871,235.27,164.65,42.89,130.57,1,1,-1,-1
819,1859,390.12,111.50,84.34,248.46,1,1,-1,-1
819,1857,258.41,183.79,35.10,106.18,1,1,-1,-1
819,1854,286.87,181.72,29.37,90.71,1,1,-1,-1
820,1885,406.12,26.33,193.73,443.90,1,1,-1,-1
820,1881,34.69,131.35,57.97,184.67,1,1,-1,-1
820,1857,254.64,182.84,36.56,108.99,1,1,-1,-1
820,1854,283.57,182.57,30.31,90.31,1,1,-1,-1
821,1888,196.68,167.59,34.90,102.75,1,1,-1,-1
821,1879,362.58,177.23,42.10,122.54,1,1,-1,-1
821,1857,251.16,182.60,37.89,111.78,1,1,-1,-1
821,1854,280.34,182.50,31.63,90.93,1,1,-1,-1
822,1890,311.00,132.00,74.00,214.00,1,1,-1,-1
822,1888,189.73,167.25,36.26,106.47,1,1,-1,-1
822,1887,566.12,4.35,175.19,480.62,1,1,-1,-1
822,1879,359.89,175.04,43.03,124.33,1,1,-1,-1
822,1857,247.17,182.61,39.11,114.58,1,1,-1,-1
823,1888,184.23,170.96,37.98,111.09,1,1,-1,-1
823,1857,242.69,196.76,39.62,116.29,1,1,-1,-1
824,1894,103.40,125.68,81.75,243.39,1,1,-1,-1
824,1888,178.96,166.87,39.50,116.07,1,1,-1,-1
825,1888,173.29,162.60,41.20,121.24,1,1,-1,-1
826,1904,-10.29,115.33,61.13,215.55,1,1,-1,-1
826,1899,41.57,140.09,51.85,176.78,1,1,-1,-1
826,1898,184.76,156.80,35.54,117.16,1,1,-1,-1
826,1890,308.52,131.01,74.46,214.74,1,1,-1,-1
826,1888,170.05,156.23,42.63,125.83,1,1,-1,-1
827,1904,-20.43,113.04,63.17,220.73,1,1,-1,-1
827,1899,35.40,137.04,53.67,181.68,1,1,-1,-1
827,1888,160.39,155.18,44.23,130.34,1,1,-1,-1
828,1904,-28.12,110.83,63.41,223.11,1,1,-1,-1
828,1899,28.54,134.79,55.20,186.43,1,1,-1,-1
829,1912,286.77,172.49,40.73,101.56,1,1,-1,-1
829,1899,22.33,131.99,56.91,191.43,1,1,-1,-1
831,1888,143.73,140.86,52.20,164.13,1,1,-1,-1
832,1920,553.04,-41.45,179.90,578.97,1,1,-1,-1
832,1890,308.79,127.45,76.77,224.17,1,1,-1,-1
832,1888,117.47,123.76,60.32,188.63,1,1,-1,-1
833,1923,225.79,158.75,42.58,132.58,1,1,-1,-1
833,1920,557.20,-52.21,175.67,589.24,1,1,-1,-1
833,1890,308.55,127.97,74.89,219.17,1,1,-1,-1
833,1888,115.39,120.63,59.34,185.31,1,1,-1,-1
834,1923,210.62,157.72,42.10,129.29,1,1,-1,-1
834,1920,570.18,-59.79,174.30,606.68,1,1,-1,-1
834,1890,311.57,127.56,73.92,215.85,1,1,-1,-1
834,1888,107.48,126.86,62.45,197.57,1,1,-1,-1
835,1930,373.16,171.79,37.54,99.98,1,1,-1,-1
835,1890,316.16,127.11,73.24,213.24,1,1,-1,-1
835,1888,98.22,127.26,66.75,210.72,1,1,-1,-1
836,1930,376.52,172.50,35.63,97.67,1,1,-1,-1
836,1927,-45.13,85.15,87.64,294.72,1,1,-1,-1
836,1911,280.49,165.26,39.45,99.71,1,1,-1,-1
836,1888,105.21,120.80,65.52,201.96,1,1,-1,-1
837,1935,68.24,103.68,87.48,264.20,1,1,-1,-1
837,1934,372.33,90.37,122.76,335.26,1,1,-1,-1
837,1930,380.16,173.25,33.36,95.25,1,1,-1,-1
837,1911,280.94,172.93,37.36,94.75,1,1,-1,-1
