1,216,418,459,40,84,1,1,-1,-1
1,356,596,429,18,42,1,1,-1,-1
2,216,418,459,40,84,1,1,-1,-1
2,356,595,428,18,42,1,1,-1,-1
3,216,418,459,40,84,1,1,-1,-1
3,356,595,428,18,42,1,1,-1,-1
4,144,582,455,34,134,1,1,-1,-1
4,216,418,459,40,84,1,1,-1,-1
4,356,595,428,18,42,1,1,-1,-1
5,144,582,455,34,134,1,1,-1,-1
5,216,418,459,40,84,1,1,-1,-1
5,217,442,446,113,282,1,1,-1,-1
6,144,582,455,34,134,1,1,-1,-1
6,217,442,446,115,282,1,1,-1,-1
7,144,582,455,34,134,1,1,-1,-1
7,217,442,446,117,282,1,1,-1,-1
7,218,578,431,20,43,1,1,-1,-1
8,100,638,458,62,187,1,1,-1,-1
8,144,582,455,34,134,1,1,-1,-1
8,217,442,446,119,282,1,1,-1,-1
8,218,578,430,20,43,1,1,-1,-1
8,219,1055,483,36,110,1,1,-1,-1
9,100,639,458,62,187,1,1,-1,-1
9,144,582,455,34,134,1,1,-1,-1
9,217,442,446,121,282,1,1,-1,-1
9,218,578,430,20,43,1,1,-1,-1
9,219,1055,483,36,110,1,1,-1,-1
10,100,639,458,62,187,1,1,-1,-1
10,218,578,430,20,43,1,1,-1,-1
10,219,1055,483,36,110,1,1,-1,-1
11,100,640,459,62,187,1,1,-1,-1
11,218,578,430,20,43,1,1,-1,-1
11,219,1055,483,36,110,1,1,-1,-1
11,220,638,454,39,133,1,1,-1,-1
12,100,640,459,63,187,1,1,-1,-1
12,219,1055,483,36,110,1,1,-1,-1
12,220,638,454,38,132,1,1,-1,-1
13,100,641,459,63,188,1,1,-1,-1
13,220,638,454,38,131,1,1,-1,-1
14,100,641,459,64,189,1,1,-1,-1
14,220,638,454,38,131,1,1,-1,-1
15,220,638,454,38,130,1,1,-1,-1
17,50,1550,428,190,363,1,1,-1,-1
18,50,1453,411,228,404,1,1,-1,-1
18,221,547,463,35,94,1,1,-1,-1
19,50,1553,434,195,363,1,1,-1,-1
19,221,547,463,35,94,1,1,-1,-1
20,50,1458,411,236,408,1,1,-1,-1
20,221,547,463,35,94,1,1,-1,-1
21,50,1568,434,193,365,1,1,-1,-1
21,221,547,463,35,94,1,1,-1,-1
22,50,1464,411,243,413,1,1,-1,-1
22,221,547,463,35,94,1,1,-1,-1
23,50,1596,427,181,371,1,1,-1,-1
24,50,1606,425,181,373,1,1,-1,-1
25,50,1486,411,225,419,1,1,-1,-1
26,222,461,444,119,289,1,1,-1,-1
27,145,1637,420,187,379,1,1,-1,-1
27,222,463,444,118,289,1,1,-1,-1
28,145,1679,409,187,366,1,1,-1,-1
28,222,466,444,117,289,1,1,-1,-1
28,223,651,461,68,195,1,1,-1,-1
29,145,1657,418,202,383,1,1,-1,-1
29,146,596,444,90,269,1,1,-1,-1
29,222,497,460,89,249,1,1,-1,-1
29,223,652,461,68,195,1,1,-1,-1
30,145,1576,398,175,431,1,1,-1,-1
30,146,597,445,90,269,1,1,-1,-1
30,222,470,444,115,289,1,1,-1,-1
30,223,653,461,68,195,1,1,-1,-1
30,224,595,425,18,42,1,1,-1,-1
31,145,1594,396,166,433,1,1,-1,-1
31,146,598,444,90,270,1,1,-1,-1
31,223,654,461,68,196,1,1,-1,-1
31,224,595,425,18,42,1,1,-1,-1
32,145,1600,396,179,439,1,1,-1,-1
32,146,600,444,89,270,1,1,-1,-1
32,223,654,461,69,196,1,1,-1,-1
32,224,595,424,18,42,1,1,-1,-1
33,146,602,443,88,271,1,1,-1,-1
33,224,595,424,18,42,1,1,-1,-1
34,37,1614,396,205,452,1,1,-1,-1
34,146,603,443,88,271,1,1,-1,-1
34,224,595,424,18,42,1,1,-1,-1
34,225,929,435,43,114,1,1,-1,-1
35,37,1690,416,232,399,1,1,-1,-1
35,225,929,435,43,114,1,1,-1,-1
36,37,1693,416,233,402,1,1,-1,-1
36,225,929,435,42,114,1,1,-1,-1
37,37,1634,397,244,471,1,1,-1,-1
37,225,928,435,43,114,1,1,-1,-1
38,37,1699,416,235,408,1,1,-1,-1
38,225,928,435,43,114,1,1,-1,-1
39,37,1640,396,250,477,1,1,-1,-1
40,37,1670,400,253,478,1,1,-1,-1
41,37,1786,416,203,408,1,1,-1,-1
42,37,1815,416,192,408,1,1,-1,-1
43,37,1844,416,181,408,1,1,-1,-1
43,226,1260,447,33,100,1,1,-1,-1
44,226,1260,447,33,100,1,1,-1,-1
45,226,1260,447,33,100,1,1,-1,-1
46,226,1260,447,33,100,1,1,-1,-1
47,74,480,440,113,315,1,1,-1,-1
47,226,1260,447,33,100,1,1,-1,-1
47,227,1478,430,59,129,1,1,-1,-1
48,74,480,439,113,317,1,1,-1,-1
48,227,1482,430,57,129,1,1,-1,-1
49,74,500,454,88,267,1,1,-1,-1
49,227,1486,430,56,129,1,1,-1,-1
50,74,480,438,113,320,1,1,-1,-1
50,227,1490,430,55,129,1,1,-1,-1
51,74,481,438,112,322,1,1,-1,-1
51,227,1495,431,53,128,1,1,-1,-1
52,74,481,438,113,321,1,1,-1,-1
53,74,500,453,88,271,1,1,-1,-1
54,74,481,438,117,321,1,1,-1,-1
56,16,481,438,121,321,1,1,-1,-1
56,228,1261,447,33,100,1,1,-1,-1
57,16,481,438,122,321,1,1,-1,-1
57,228,1261,447,33,100,1,1,-1,-1
58,16,481,438,124,321,1,1,-1,-1
58,228,1261,447,33,100,1,1,-1,-1
59,16,481,438,126,321,1,1,-1,-1
59,51,666,448,68,187,1,1,-1,-1
59,228,1261,447,33,100,1,1,-1,-1
60,16,481,438,128,321,1,1,-1,-1
60,51,687,458,74,213,1,1,-1,-1
60,228,1261,447,33,100,1,1,-1,-1
60,229,1097,439,38,108,1,1,-1,-1
61,16,481,438,130,321,1,1,-1,-1
61,51,674,448,66,188,1,1,-1,-1
61,229,1097,439,38,108,1,1,-1,-1
62,16,483,438,130,321,1,1,-1,-1
62,51,678,449,65,188,1,1,-1,-1
62,229,1097,439,38,108,1,1,-1,-1
63,16,500,452,88,279,1,1,-1,-1
63,51,678,449,68,188,1,1,-1,-1
63,147,420,459,38,84,1,1,-1,-1
63,229,1097,439,38,108,1,1,-1,-1
64,16,500,452,88,280,1,1,-1,-1
64,17,608,461,26,74,1,1,-1,-1
64,51,690,456,73,218,1,1,-1,-1
64,52,595,423,18,42,1,1,-1,-1
64,147,420,459,38,84,1,1,-1,-1
64,229,1097,439,38,108,1,1,-1,-1
64,230,482,468,29,96,1,1,-1,-1
64,231,1054,483,37,110,1,1,-1,-1
65,16,491,440,130,321,1,1,-1,-1
65,17,608,461,26,74,1,1,-1,-1
65,51,691,456,73,219,1,1,-1,-1
65,52,595,423,18,42,1,1,-1,-1
65,147,420,459,38,84,1,1,-1,-1
65,148,571,454,23,72,1,1,-1,-1
65,230,496,456,29,103,1,1,-1,-1
65,231,1054,483,37,110,1,1,-1,-1
66,16,500,452,88,281,1,1,-1,-1
66,17,608,461,26,74,1,1,-1,-1
66,51,678,450,77,190,1,1,-1,-1
66,52,595,423,18,42,1,1,-1,-1
66,147,420,459,38,84,1,1,-1,-1
66,148,571,454,23,72,1,1,-1,-1
66,230,496,456,29,103,1,1,-1,-1
66,231,1054,483,37,110,1,1,-1,-1
67,16,496,442,130,321,1,1,-1,-1
67,17,608,461,26,74,1,1,-1,-1
67,51,693,455,73,220,1,1,-1,-1
67,52,595,423,18,42,1,1,-1,-1
67,147,420,459,38,84,1,1,-1,-1
67,148,570,454,23,72,1,1,-1,-1
67,230,496,456,29,103,1,1,-1,-1
67,231,1054,483,37,110,1,1,-1,-1
68,16,500,452,88,282,1,1,-1,-1
68,17,608,461,26,74,1,1,-1,-1
68,52,595,423,18,42,1,1,-1,-1
68,147,420,459,38,84,1,1,-1,-1
68,148,570,454,23,72,1,1,-1,-1
68,230,496,456,29,103,1,1,-1,-1
68,231,1054,483,37,110,1,1,-1,-1
69,17,608,461,26,74,1,1,-1,-1
69,52,595,423,18,42,1,1,-1,-1
69,53,678,449,80,192,1,1,-1,-1
69,148,570,454,23,72,1,1,-1,-1
70,17,614,456,23,76,1,1,-1,-1
70,52,595,423,18,42,1,1,-1,-1
70,53,678,449,81,193,1,1,-1,-1
70,148,570,454,23,72,1,1,-1,-1
71,17,608,461,25,74,1,1,-1,-1
71,52,595,423,18,42,1,1,-1,-1
71,53,698,455,74,218,1,1,-1,-1
71,149,1042,454,32,77,1,1,-1,-1
72,17,607,461,26,74,1,1,-1,-1
72,52,595,423,18,42,1,1,-1,-1
72,53,679,449,82,194,1,1,-1,-1
72,149,1042,454,32,77,1,1,-1,-1
72,232,496,456,29,103,1,1,-1,-1
73,17,613,456,23,75,1,1,-1,-1
73,53,682,449,79,194,1,1,-1,-1
73,149,1043,454,32,77,1,1,-1,-1
73,232,496,456,29,103,1,1,-1,-1
74,17,607,461,26,74,1,1,-1,-1
74,53,685,449,77,194,1,1,-1,-1
74,149,1044,454,32,77,1,1,-1,-1
74,232,496,456,29,103,1,1,-1,-1
75,17,607,461,26,74,1,1,-1,-1
75,53,688,449,74,194,1,1,-1,-1
75,149,1044,454,32,77,1,1,-1,-1
75,150,569,454,23,72,1,1,-1,-1
75,232,496,456,29,103,1,1,-1,-1
76,17,613,456,23,75,1,1,-1,-1
76,53,691,449,72,195,1,1,-1,-1
76,149,1045,454,32,77,1,1,-1,-1
76,150,569,454,23,73,1,1,-1,-1
76,232,496,456,29,103,1,1,-1,-1
77,53,694,449,70,195,1,1,-1,-1
77,150,568,454,23,73,1,1,-1,-1
78,150,568,454,23,73,1,1,-1,-1
79,150,568,454,23,73,1,1,-1,-1
80,150,568,454,23,73,1,1,-1,-1
81,151,616,441,97,292,1,1,-1,-1
82,151,617,441,97,293,1,1,-1,-1
83,151,618,440,97,294,1,1,-1,-1
84,151,619,440,98,294,1,1,-1,-1
84,233,423,458,36,84,1,1,-1,-1
84,234,587,455,41,135,1,1,-1,-1
84,235,611,456,23,74,1,1,-1,-1
85,151,620,440,98,294,1,1,-1,-1
85,233,423,458,37,83,1,1,-1,-1
85,234,587,455,41,135,1,1,-1,-1
85,235,606,461,26,73,1,1,-1,-1
86,151,622,440,98,295,1,1,-1,-1
86,233,424,458,36,83,1,1,-1,-1
86,234,587,455,41,135,1,1,-1,-1
86,235,611,456,23,74,1,1,-1,-1
87,233,425,457,36,84,1,1,-1,-1
87,234,587,455,41,135,1,1,-1,-1
87,235,606,461,26,73,1,1,-1,-1
88,233,425,457,36,83,1,1,-1,-1
88,234,587,455,41,135,1,1,-1,-1
88,235,606,461,26,72,1,1,-1,-1
90,152,1261,447,33,100,1,1,-1,-1
91,54,928,435,43,114,1,1,-1,-1
91,152,1261,447,33,100,1,1,-1,-1
92,54,929,435,42,114,1,1,-1,-1
92,152,1260,447,34,99,1,1,-1,-1
92,236,1053,483,37,110,1,1,-1,-1
93,54,929,435,43,114,1,1,-1,-1
93,152,1260,447,34,99,1,1,-1,-1
93,236,1053,483,37,110,1,1,-1,-1
94,54,929,435,43,114,1,1,-1,-1
94,152,1259,447,35,99,1,1,-1,-1
94,236,1053,483,37,110,1,1,-1,-1
95,54,929,435,43,114,1,1,-1,-1
95,152,1259,447,35,99,1,1,-1,-1
95,236,1053,483,37,110,1,1,-1,-1
96,54,930,435,42,114,1,1,-1,-1
96,236,1053,483,37,110,1,1,-1,-1
97,54,930,435,43,114,1,1,-1,-1
98,54,930,435,43,114,1,1,-1,-1
98,237,582,423,20,43,1,1,-1,-1
99,54,930,435,43,114,1,1,-1,-1
99,237,582,423,20,43,1,1,-1,-1
100,55,741,447,84,205,1,1,-1,-1
100,237,582,423,20,43,1,1,-1,-1
101,55,752,454,82,237,1,1,-1,-1
101,237,582,423,20,43,1,1,-1,-1
102,55,749,448,84,205,1,1,-1,-1
102,237,582,422,20,43,1,1,-1,-1
103,55,755,454,82,239,1,1,-1,-1
104,55,751,447,84,207,1,1,-1,-1
105,55,757,454,82,241,1,1,-1,-1
106,55,753,446,84,209,1,1,-1,-1
107,55,755,446,84,210,1,1,-1,-1
108,55,760,454,81,243,1,1,-1,-1
110,56,596,423,18,42,1,1,-1,-1
111,56,596,423,18,42,1,1,-1,-1
111,75,1094,438,38,108,1,1,-1,-1
111,153,1089,484,34,114,1,1,-1,-1
112,56,596,423,18,42,1,1,-1,-1
112,75,1094,438,38,108,1,1,-1,-1
112,153,1089,484,34,114,1,1,-1,-1
113,56,596,423,18,42,1,1,-1,-1
113,75,1094,438,38,108,1,1,-1,-1
113,153,1089,484,34,114,1,1,-1,-1
113,238,443,466,40,104,1,1,-1,-1
114,56,596,423,18,42,1,1,-1,-1
114,75,1093,438,39,108,1,1,-1,-1
114,153,1089,484,34,114,1,1,-1,-1
114,238,443,467,40,103,1,1,-1,-1
114,239,502,469,33,99,1,1,-1,-1
115,56,596,423,18,42,1,1,-1,-1
115,75,1093,438,39,108,1,1,-1,-1
115,153,1089,484,34,114,1,1,-1,-1
115,238,439,458,37,83,1,1,-1,-1
115,239,498,456,31,104,1,1,-1,-1
116,38,770,454,83,245,1,1,-1,-1
116,56,596,423,18,42,1,1,-1,-1
116,75,1093,438,39,108,1,1,-1,-1
116,153,1088,484,35,113,1,1,-1,-1
116,238,442,468,40,102,1,1,-1,-1
116,239,500,469,33,101,1,1,-1,-1
117,38,786,442,79,219,1,1,-1,-1
117,56,596,423,18,42,1,1,-1,-1
117,75,1093,438,39,108,1,1,-1,-1
117,101,603,461,26,70,1,1,-1,-1
117,238,440,468,41,102,1,1,-1,-1
117,239,498,456,31,104,1,1,-1,-1
118,38,789,442,79,220,1,1,-1,-1
118,56,596,423,18,42,1,1,-1,-1
118,75,1093,438,39,108,1,1,-1,-1
118,101,603,461,25,70,1,1,-1,-1
118,239,499,468,33,102,1,1,-1,-1
119,38,774,454,90,245,1,1,-1,-1
119,101,604,456,23,71,1,1,-1,-1
119,154,1094,452,31,80,1,1,-1,-1
120,38,797,444,77,219,1,1,-1,-1
120,101,603,461,25,70,1,1,-1,-1
120,154,1096,452,31,80,1,1,-1,-1
121,38,777,454,95,245,1,1,-1,-1
121,101,603,461,25,70,1,1,-1,-1
121,102,763,452,37,121,1,1,-1,-1
121,154,1098,452,31,80,1,1,-1,-1
121,240,532,456,27,70,1,1,-1,-1
122,38,779,454,97,245,1,1,-1,-1
122,101,602,461,26,70,1,1,-1,-1
122,102,766,452,37,121,1,1,-1,-1
122,154,1098,452,31,80,1,1,-1,-1
122,240,531,456,28,69,1,1,-1,-1
123,38,780,454,97,246,1,1,-1,-1
123,101,603,456,23,71,1,1,-1,-1
123,102,769,452,37,122,1,1,-1,-1
123,154,1099,452,31,81,1,1,-1,-1
123,240,531,456,28,69,1,1,-1,-1
124,38,782,454,96,247,1,1,-1,-1
124,102,771,452,37,121,1,1,-1,-1
124,154,1100,452,31,81,1,1,-1,-1
124,240,531,456,28,69,1,1,-1,-1
125,38,784,454,95,248,1,1,-1,-1
125,102,773,452,37,120,1,1,-1,-1
125,240,530,456,29,69,1,1,-1,-1
126,102,776,452,37,120,1,1,-1,-1
127,76,602,461,25,69,1,1,-1,-1
127,102,778,451,37,122,1,1,-1,-1
128,76,602,461,25,69,1,1,-1,-1
129,76,602,456,23,71,1,1,-1,-1
129,241,494,466,33,105,1,1,-1,-1
130,57,596,423,18,42,1,1,-1,-1
130,76,602,456,23,70,1,1,-1,-1
130,241,494,466,33,105,1,1,-1,-1
131,57,585,422,20,43,1,1,-1,-1
131,76,602,456,23,70,1,1,-1,-1
131,241,493,466,34,105,1,1,-1,-1
131,242,1107,452,31,85,1,1,-1,-1
132,57,585,422,20,43,1,1,-1,-1
132,76,601,461,26,69,1,1,-1,-1
132,103,1005,445,36,99,1,1,-1,-1
132,241,493,466,34,105,1,1,-1,-1
132,242,1108,453,31,85,1,1,-1,-1
133,57,596,423,18,42,1,1,-1,-1
133,76,602,456,22,70,1,1,-1,-1
133,103,1005,445,36,99,1,1,-1,-1
133,241,493,467,34,105,1,1,-1,-1
133,242,1108,453,32,85,1,1,-1,-1
134,57,596,423,18,42,1,1,-1,-1
134,76,601,456,23,70,1,1,-1,-1
134,103,1004,445,36,99,1,1,-1,-1
134,242,1109,453,32,85,1,1,-1,-1
134,243,1052,483,38,110,1,1,-1,-1
135,57,585,422,20,43,1,1,-1,-1
135,58,489,467,36,105,1,1,-1,-1
135,59,1220,446,38,99,1,1,-1,-1
135,103,1004,445,36,99,1,1,-1,-1
135,242,1110,453,32,86,1,1,-1,-1
135,243,1052,483,38,110,1,1,-1,-1
136,57,596,423,18,42,1,1,-1,-1
136,58,498,456,34,104,1,1,-1,-1
136,59,1219,446,38,99,1,1,-1,-1
136,103,1004,445,36,99,1,1,-1,-1
136,243,1052,483,38,110,1,1,-1,-1
137,57,596,423,18,42,1,1,-1,-1
137,58,498,456,34,104,1,1,-1,-1
137,59,1218,446,38,99,1,1,-1,-1
137,103,1004,445,36,99,1,1,-1,-1
137,243,1052,483,38,110,1,1,-1,-1
138,57,585,422,20,43,1,1,-1,-1
138,58,485,467,38,106,1,1,-1,-1
138,59,1216,446,38,99,1,1,-1,-1
138,77,593,455,45,137,1,1,-1,-1
138,103,1004,445,36,99,1,1,-1,-1
138,155,409,466,59,104,1,1,-1,-1
138,243,1052,483,38,110,1,1,-1,-1
138,244,1112,453,34,87,1,1,-1,-1
139,58,484,468,39,105,1,1,-1,-1
139,59,1215,446,38,99,1,1,-1,-1
139,77,593,455,45,137,1,1,-1,-1
139,155,408,466,59,103,1,1,-1,-1
139,244,1113,453,34,88,1,1,-1,-1
140,4,1092,438,39,108,1,1,-1,-1
140,58,484,469,39,104,1,1,-1,-1
140,59,1214,446,38,99,1,1,-1,-1
140,77,593,455,45,137,1,1,-1,-1
140,155,407,466,59,103,1,1,-1,-1
140,244,1114,453,34,88,1,1,-1,-1
141,4,1088,484,35,113,1,1,-1,-1
141,58,484,470,39,103,1,1,-1,-1
141,59,1213,446,38,99,1,1,-1,-1
141,77,594,455,45,138,1,1,-1,-1
141,78,600,456,23,70,1,1,-1,-1
141,155,406,466,60,103,1,1,-1,-1
141,244,1115,453,35,89,1,1,-1,-1
142,4,1092,438,39,108,1,1,-1,-1
142,58,482,469,40,104,1,1,-1,-1
142,59,1211,446,38,99,1,1,-1,-1
142,77,593,455,44,138,1,1,-1,-1
142,78,600,456,22,69,1,1,-1,-1
142,155,405,466,60,103,1,1,-1,-1
142,244,1116,453,35,89,1,1,-1,-1
143,4,1088,484,35,113,1,1,-1,-1
143,58,499,455,34,105,1,1,-1,-1
143,59,1210,446,38,99,1,1,-1,-1
143,77,592,455,44,139,1,1,-1,-1
143,78,600,460,26,69,1,1,-1,-1
143,155,404,466,60,103,1,1,-1,-1
143,156,558,454,24,74,1,1,-1,-1
144,4,1088,484,35,113,1,1,-1,-1
144,77,591,455,44,139,1,1,-1,-1
144,78,599,456,23,69,1,1,-1,-1
144,156,558,454,24,74,1,1,-1,-1
145,4,1092,438,38,108,1,1,-1,-1
145,77,583,449,39,123,1,1,-1,-1
145,78,600,460,26,69,1,1,-1,-1
145,104,1207,446,38,99,1,1,-1,-1
145,156,558,454,24,74,1,1,-1,-1
145,245,585,422,20,43,1,1,-1,-1
146,4,1088,484,35,113,1,1,-1,-1
146,78,599,456,23,69,1,1,-1,-1
146,104,1206,446,38,99,1,1,-1,-1
146,156,558,454,24,74,1,1,-1,-1
146,245,585,422,20,43,1,1,-1,-1
147,4,1088,484,35,113,1,1,-1,-1
147,78,600,460,25,69,1,1,-1,-1
147,104,1205,446,38,99,1,1,-1,-1
147,156,557,454,24,74,1,1,-1,-1
147,245,585,411,19,45,1,1,-1,-1
148,4,1088,484,35,113,1,1,-1,-1
148,78,599,456,22,69,1,1,-1,-1
148,104,1203,446,38,99,1,1,-1,-1
148,156,557,454,24,74,1,1,-1,-1
148,245,585,422,20,43,1,1,-1,-1
149,4,1088,484,35,113,1,1,-1,-1
149,104,1202,446,38,99,1,1,-1,-1
149,245,596,423,18,42,1,1,-1,-1
149,246,1124,454,36,90,1,1,-1,-1
150,4,1088,484,35,113,1,1,-1,-1
150,104,1201,446,38,99,1,1,-1,-1
150,246,1124,454,36,90,1,1,-1,-1
150,247,598,456,23,69,1,1,-1,-1
150,248,924,441,29,93,1,1,-1,-1
151,4,1088,484,35,113,1,1,-1,-1
151,104,1200,447,38,99,1,1,-1,-1
151,246,1125,454,35,90,1,1,-1,-1
151,247,598,456,23,69,1,1,-1,-1
151,248,925,441,29,93,1,1,-1,-1
152,4,1088,484,35,113,1,1,-1,-1
152,246,1126,455,35,90,1,1,-1,-1
152,247,598,456,22,69,1,1,-1,-1
152,248,925,441,30,93,1,1,-1,-1
153,4,1088,484,35,113,1,1,-1,-1
153,246,1126,455,35,90,1,1,-1,-1
153,247,598,456,22,68,1,1,-1,-1
153,248,926,441,30,94,1,1,-1,-1
153,249,487,458,30,103,1,1,-1,-1
154,4,1091,438,39,108,1,1,-1,-1
154,105,555,454,25,73,1,1,-1,-1
154,247,597,456,23,68,1,1,-1,-1
154,248,927,441,30,94,1,1,-1,-1
154,249,487,458,30,103,1,1,-1,-1
155,4,1088,484,36,113,1,1,-1,-1
155,105,555,454,25,73,1,1,-1,-1
155,249,473,465,35,108,1,1,-1,-1
155,250,1051,483,39,110,1,1,-1,-1
156,4,1088,484,36,113,1,1,-1,-1
156,105,555,454,24,73,1,1,-1,-1
156,249,472,465,35,108,1,1,-1,-1
156,250,1051,483,39,110,1,1,-1,-1
157,4,1088,484,36,113,1,1,-1,-1
157,105,554,454,25,73,1,1,-1,-1
157,157,599,460,25,68,1,1,-1,-1
157,249,472,465,34,108,1,1,-1,-1
157,250,1051,483,39,110,1,1,-1,-1
158,4,1088,484,36,113,1,1,-1,-1
158,105,554,454,25,73,1,1,-1,-1
158,157,597,456,22,68,1,1,-1,-1
158,250,1051,483,39,110,1,1,-1,-1
159,4,1088,484,36,113,1,1,-1,-1
159,105,554,454,25,73,1,1,-1,-1
159,157,597,456,22,68,1,1,-1,-1
159,250,1054,490,41,115,1,1,-1,-1
160,4,1091,438,39,108,1,1,-1,-1
160,105,553,454,25,73,1,1,-1,-1
160,157,596,456,23,68,1,1,-1,-1
161,4,1088,484,36,113,1,1,-1,-1
161,157,599,460,25,67,1,1,-1,-1
162,4,1088,484,36,113,1,1,-1,-1
162,106,1185,448,38,99,1,1,-1,-1
162,157,596,456,22,68,1,1,-1,-1
162,158,399,469,61,102,1,1,-1,-1
163,106,1184,448,38,99,1,1,-1,-1
163,158,399,469,61,102,1,1,-1,-1
164,106,1182,448,38,99,1,1,-1,-1
164,158,400,469,60,102,1,1,-1,-1
164,251,1088,484,36,113,1,1,-1,-1
165,106,1181,448,38,99,1,1,-1,-1
165,158,401,469,59,102,1,1,-1,-1
165,159,518,456,30,68,1,1,-1,-1
165,251,1091,437,39,109,1,1,-1,-1
166,79,859,446,115,288,1,1,-1,-1
166,106,1179,448,38,99,1,1,-1,-1
166,158,402,469,58,102,1,1,-1,-1
166,159,518,457,30,67,1,1,-1,-1
166,251,1092,437,39,109,1,1,-1,-1
167,79,861,446,118,288,1,1,-1,-1
167,106,1178,448,38,99,1,1,-1,-1
167,158,403,469,57,102,1,1,-1,-1
167,159,518,457,29,67,1,1,-1,-1
167,251,1092,437,39,109,1,1,-1,-1
168,79,863,446,121,289,1,1,-1,-1
168,106,1176,448,38,99,1,1,-1,-1
168,159,518,457,29,67,1,1,-1,-1
168,251,1088,484,36,113,1,1,-1,-1
169,79,866,446,124,290,1,1,-1,-1
169,159,518,457,29,67,1,1,-1,-1
170,22,1173,448,38,99,1,1,-1,-1
170,79,938,433,76,262,1,1,-1,-1
170,159,517,457,30,67,1,1,-1,-1
171,22,1172,448,38,99,1,1,-1,-1
171,79,870,445,122,293,1,1,-1,-1
172,22,1171,448,38,99,1,1,-1,-1
172,79,872,445,121,294,1,1,-1,-1
173,22,1169,448,38,99,1,1,-1,-1
173,79,875,445,120,296,1,1,-1,-1
174,22,1168,448,38,99,1,1,-1,-1
174,252,507,457,35,105,1,1,-1,-1
174,253,966,440,36,113,1,1,-1,-1
175,22,1166,448,38,99,1,1,-1,-1
175,252,507,457,35,105,1,1,-1,-1
175,253,967,440,35,113,1,1,-1,-1
176,22,1165,448,38,99,1,1,-1,-1
176,252,507,457,35,105,1,1,-1,-1
176,253,967,440,36,113,1,1,-1,-1
177,22,1152,454,32,90,1,1,-1,-1
177,160,467,465,33,108,1,1,-1,-1
177,252,490,454,40,119,1,1,-1,-1
177,253,967,440,36,113,1,1,-1,-1
178,22,1153,454,32,90,1,1,-1,-1
178,160,466,465,34,108,1,1,-1,-1
178,252,488,458,30,103,1,1,-1,-1
178,253,968,440,35,113,1,1,-1,-1
179,22,1154,454,32,90,1,1,-1,-1
179,160,465,465,34,108,1,1,-1,-1
180,22,1155,454,32,90,1,1,-1,-1
180,160,465,465,34,108,1,1,-1,-1
181,22,1157,454,31,90,1,1,-1,-1
181,160,464,465,35,108,1,1,-1,-1
181,254,783,436,103,361,1,1,-1,-1
182,160,463,465,36,108,1,1,-1,-1
182,254,784,436,104,361,1,1,-1,-1
183,254,785,435,105,362,1,1,-1,-1
184,254,786,435,106,363,1,1,-1,-1
184,255,508,456,34,106,1,1,-1,-1
185,60,1153,449,38,99,1,1,-1,-1
185,254,787,434,107,364,1,1,-1,-1
185,255,508,456,34,106,1,1,-1,-1
186,60,1162,454,40,90,1,1,-1,-1
186,255,508,456,34,106,1,1,-1,-1
187,60,1151,449,38,99,1,1,-1,-1
187,255,508,456,34,106,1,1,-1,-1
188,60,1163,453,40,91,1,1,-1,-1
188,255,509,456,33,106,1,1,-1,-1
188,256,933,444,90,311,1,1,-1,-1
189,60,1149,449,38,99,1,1,-1,-1
189,161,998,432,86,269,1,1,-1,-1
189,256,935,444,93,312,1,1,-1,-1
190,60,1164,452,40,92,1,1,-1,-1
190,161,1003,432,82,269,1,1,-1,-1
190,162,570,462,21,65,1,1,-1,-1
190,256,937,444,97,313,1,1,-1,-1
191,60,1164,451,41,93,1,1,-1,-1
191,161,1007,432,79,269,1,1,-1,-1
191,162,570,462,20,65,1,1,-1,-1
191,256,939,444,100,314,1,1,-1,-1
192,60,1145,449,38,99,1,1,-1,-1
192,161,1012,432,76,269,1,1,-1,-1
192,162,570,462,20,65,1,1,-1,-1
192,256,940,444,104,315,1,1,-1,-1
193,60,1144,449,38,99,1,1,-1,-1
193,161,1015,432,80,270,1,1,-1,-1
193,162,570,462,20,65,1,1,-1,-1
194,107,597,423,18,42,1,1,-1,-1
194,161,1018,433,84,271,1,1,-1,-1
194,162,570,462,20,65,1,1,-1,-1
195,23,595,460,25,65,1,1,-1,-1
195,107,597,423,18,42,1,1,-1,-1
195,162,570,462,20,65,1,1,-1,-1
196,23,589,456,23,65,1,1,-1,-1
196,107,597,423,18,42,1,1,-1,-1
196,257,1174,450,36,94,1,1,-1,-1
197,23,589,456,22,65,1,1,-1,-1
197,107,597,423,18,42,1,1,-1,-1
197,257,1177,450,35,95,1,1,-1,-1
198,23,595,460,25,64,1,1,-1,-1
198,107,597,423,18,42,1,1,-1,-1
198,163,967,442,35,113,1,1,-1,-1
198,257,1179,450,34,95,1,1,-1,-1
199,23,595,460,25,64,1,1,-1,-1
199,107,597,423,18,42,1,1,-1,-1
199,163,964,443,33,99,1,1,-1,-1
199,257,1182,450,32,95,1,1,-1,-1
200,23,595,460,25,64,1,1,-1,-1
200,107,597,423,18,42,1,1,-1,-1
200,108,517,458,29,64,1,1,-1,-1
200,109,1087,484,37,113,1,1,-1,-1
200,163,965,443,33,99,1,1,-1,-1
200,257,1185,450,30,95,1,1,-1,-1
201,23,588,456,23,64,1,1,-1,-1
201,108,517,458,29,64,1,1,-1,-1
201,109,1087,484,37,113,1,1,-1,-1
201,110,569,462,20,64,1,1,-1,-1
201,163,966,444,33,99,1,1,-1,-1
202,23,594,460,26,64,1,1,-1,-1
202,108,517,458,29,64,1,1,-1,-1
202,109,1087,484,37,113,1,1,-1,-1
202,110,569,462,20,64,1,1,-1,-1
202,163,966,442,35,114,1,1,-1,-1
203,23,588,456,22,64,1,1,-1,-1
203,108,517,458,29,64,1,1,-1,-1
203,109,1087,484,37,113,1,1,-1,-1
203,110,569,462,20,63,1,1,-1,-1
203,163,966,442,35,114,1,1,-1,-1
204,23,594,460,25,64,1,1,-1,-1
204,108,517,458,29,64,1,1,-1,-1
204,109,1087,484,37,113,1,1,-1,-1
204,110,569,462,20,63,1,1,-1,-1
205,23,594,460,25,64,1,1,-1,-1
205,108,518,458,28,64,1,1,-1,-1
205,109,1087,484,37,113,1,1,-1,-1
205,110,569,462,20,63,1,1,-1,-1
206,23,594,460,25,64,1,1,-1,-1
206,108,518,458,28,64,1,1,-1,-1
206,109,1087,484,37,113,1,1,-1,-1
206,110,569,462,20,63,1,1,-1,-1
207,110,569,462,20,63,1,1,-1,-1
207,164,966,442,36,114,1,1,-1,-1
208,164,967,442,35,114,1,1,-1,-1
208,165,1192,449,33,97,1,1,-1,-1
209,80,513,456,31,106,1,1,-1,-1
209,164,967,442,35,114,1,1,-1,-1
209,165,1193,449,33,97,1,1,-1,-1
210,80,513,456,31,106,1,1,-1,-1
210,164,972,445,33,99,1,1,-1,-1
210,165,1194,449,33,97,1,1,-1,-1
211,80,514,457,31,106,1,1,-1,-1
211,164,967,442,35,114,1,1,-1,-1
211,165,1195,449,34,97,1,1,-1,-1
212,80,514,456,31,107,1,1,-1,-1
212,164,967,442,35,114,1,1,-1,-1
212,165,1196,449,35,97,1,1,-1,-1
213,80,514,456,31,107,1,1,-1,-1
213,165,1198,449,36,97,1,1,-1,-1
213,166,1127,450,38,99,1,1,-1,-1
214,80,514,455,32,108,1,1,-1,-1
214,166,1126,450,38,99,1,1,-1,-1
215,80,514,455,32,108,1,1,-1,-1
215,166,1125,450,38,99,1,1,-1,-1
215,258,976,445,33,99,1,1,-1,-1
216,80,514,455,33,108,1,1,-1,-1
216,166,1124,450,38,99,1,1,-1,-1
216,258,968,443,35,114,1,1,-1,-1
217,166,1124,450,38,99,1,1,-1,-1
217,258,977,445,33,98,1,1,-1,-1
218,166,1123,450,38,99,1,1,-1,-1
218,258,968,443,35,114,1,1,-1,-1
219,258,968,443,35,114,1,1,-1,-1
220,167,606,461,23,57,1,1,-1,-1
220,259,1107,431,116,257,1,1,-1,-1
221,24,979,445,32,98,1,1,-1,-1
221,111,1039,445,42,128,1,1,-1,-1
221,167,593,460,25,63,1,1,-1,-1
221,259,1105,431,134,299,1,1,-1,-1
222,24,968,443,36,114,1,1,-1,-1
222,111,1042,445,41,131,1,1,-1,-1
222,167,583,455,22,64,1,1,-1,-1
222,259,1070,444,124,331,1,1,-1,-1
223,24,969,443,35,114,1,1,-1,-1
223,111,1043,445,43,127,1,1,-1,-1
223,167,593,460,24,62,1,1,-1,-1
223,259,1085,404,148,349,1,1,-1,-1
224,24,969,443,35,114,1,1,-1,-1
224,111,1044,445,46,124,1,1,-1,-1
224,167,583,455,22,64,1,1,-1,-1
224,259,1092,365,165,405,1,1,-1,-1
225,24,969,443,35,114,1,1,-1,-1
225,111,1045,445,48,121,1,1,-1,-1
225,167,593,460,23,62,1,1,-1,-1
225,168,469,459,30,83,1,1,-1,-1
225,260,1126,430,118,304,1,1,-1,-1
226,24,969,444,35,113,1,1,-1,-1
226,111,1047,445,50,118,1,1,-1,-1
226,168,469,459,30,83,1,1,-1,-1
226,260,1101,444,105,339,1,1,-1,-1
227,18,411,471,45,100,1,1,-1,-1
227,24,981,446,32,96,1,1,-1,-1
227,111,1049,445,48,120,1,1,-1,-1
227,168,469,459,30,83,1,1,-1,-1
227,260,1138,430,108,306,1,1,-1,-1
228,18,410,471,46,100,1,1,-1,-1
228,24,987,446,34,94,1,1,-1,-1
228,168,469,459,30,83,1,1,-1,-1
228,260,1111,444,105,346,1,1,-1,-1
228,261,514,453,33,109,1,1,-1,-1
228,262,754,450,19,73,1,1,-1,-1
229,18,410,471,46,100,1,1,-1,-1
229,24,969,444,36,113,1,1,-1,-1
229,168,469,459,30,83,1,1,-1,-1
229,260,1113,443,113,347,1,1,-1,-1
229,261,514,453,33,109,1,1,-1,-1
229,262,755,450,19,73,1,1,-1,-1
230,18,424,465,46,109,1,1,-1,-1
230,24,982,446,32,96,1,1,-1,-1
230,168,469,460,30,82,1,1,-1,-1
230,261,514,453,33,109,1,1,-1,-1
230,262,756,450,19,73,1,1,-1,-1
230,263,593,460,21,62,1,1,-1,-1
231,18,409,471,47,100,1,1,-1,-1
231,24,970,444,35,114,1,1,-1,-1
231,261,514,453,33,109,1,1,-1,-1
231,262,757,450,19,73,1,1,-1,-1
231,263,593,460,21,62,1,1,-1,-1
232,18,409,471,47,100,1,1,-1,-1
232,24,983,446,32,96,1,1,-1,-1
232,112,1122,443,136,349,1,1,-1,-1
232,261,514,453,33,109,1,1,-1,-1
232,262,758,450,19,73,1,1,-1,-1
232,263,603,457,18,60,1,1,-1,-1
232,264,467,460,30,82,1,1,-1,-1
233,18,422,465,45,110,1,1,-1,-1
233,112,1175,426,106,316,1,1,-1,-1
233,113,1227,448,46,101,1,1,-1,-1
233,263,604,460,23,57,1,1,-1,-1
233,264,466,460,30,82,1,1,-1,-1
234,18,408,471,48,100,1,1,-1,-1
234,112,1128,442,144,353,1,1,-1,-1
234,113,1229,448,46,101,1,1,-1,-1
234,263,605,457,18,60,1,1,-1,-1
234,264,465,460,30,82,1,1,-1,-1
235,18,422,465,42,110,1,1,-1,-1
235,61,1064,445,40,119,1,1,-1,-1
235,112,1131,442,144,356,1,1,-1,-1
235,113,1231,448,46,101,1,1,-1,-1
235,264,464,460,30,82,1,1,-1,-1
235,265,1117,450,38,99,1,1,-1,-1
236,18,408,471,48,100,1,1,-1,-1
236,61,1066,446,40,115,1,1,-1,-1
236,112,1184,427,122,318,1,1,-1,-1
236,113,1233,448,46,101,1,1,-1,-1
236,264,463,460,30,82,1,1,-1,-1
236,265,1117,450,38,99,1,1,-1,-1
236,266,588,430,20,43,1,1,-1,-1
237,18,422,465,40,110,1,1,-1,-1
237,61,1067,445,41,116,1,1,-1,-1
237,112,1139,441,142,360,1,1,-1,-1
237,113,1235,448,47,101,1,1,-1,-1
237,265,1117,450,38,99,1,1,-1,-1
237,266,588,430,20,43,1,1,-1,-1
238,18,407,471,49,100,1,1,-1,-1
238,61,1069,445,41,116,1,1,-1,-1
238,112,1185,428,132,319,1,1,-1,-1
238,113,1237,448,47,101,1,1,-1,-1
238,265,1117,450,38,99,1,1,-1,-1
238,266,588,430,20,43,1,1,-1,-1
239,18,422,465,37,110,1,1,-1,-1
239,61,1071,445,41,116,1,1,-1,-1
239,81,608,457,18,60,1,1,-1,-1
239,113,1239,448,47,102,1,1,-1,-1
239,265,1117,450,38,99,1,1,-1,-1
239,266,588,431,20,43,1,1,-1,-1
240,14,1186,429,135,322,1,1,-1,-1
240,61,1073,445,41,116,1,1,-1,-1
240,81,602,460,23,57,1,1,-1,-1
240,266,588,431,20,43,1,1,-1,-1
241,14,1169,439,123,361,1,1,-1,-1
241,25,407,470,48,101,1,1,-1,-1
241,61,1075,445,42,116,1,1,-1,-1
241,81,602,460,23,57,1,1,-1,-1
241,169,475,458,31,103,1,1,-1,-1
242,14,1178,438,117,361,1,1,-1,-1
242,25,407,470,48,101,1,1,-1,-1
242,61,1077,445,42,116,1,1,-1,-1
242,81,602,460,23,57,1,1,-1,-1
242,169,475,458,31,103,1,1,-1,-1
243,14,1188,438,110,360,1,1,-1,-1
243,25,407,470,48,101,1,1,-1,-1
243,61,1079,445,42,116,1,1,-1,-1
243,81,602,460,23,57,1,1,-1,-1
243,169,475,458,31,103,1,1,-1,-1
244,14,1193,438,112,360,1,1,-1,-1
244,25,407,470,48,101,1,1,-1,-1
244,81,602,460,23,57,1,1,-1,-1
244,169,474,458,31,103,1,1,-1,-1
244,267,601,428,18,42,1,1,-1,-1
245,14,1199,438,113,361,1,1,-1,-1
245,25,407,470,48,101,1,1,-1,-1
245,81,601,460,23,57,1,1,-1,-1
245,169,474,458,31,103,1,1,-1,-1
245,267,601,428,18,42,1,1,-1,-1
246,14,1204,438,115,362,1,1,-1,-1
246,25,419,464,35,111,1,1,-1,-1
246,81,591,460,21,62,1,1,-1,-1
246,169,473,458,31,103,1,1,-1,-1
246,267,600,421,19,43,1,1,-1,-1
247,14,1210,438,116,363,1,1,-1,-1
247,25,407,470,48,101,1,1,-1,-1
247,267,601,429,18,42,1,1,-1,-1
248,14,1212,438,135,364,1,1,-1,-1
248,25,418,464,35,111,1,1,-1,-1
248,267,601,429,18,42,1,1,-1,-1
248,268,886,407,175,616,1,1,-1,-1
249,14,1253,423,106,331,1,1,-1,-1
249,25,407,470,48,101,1,1,-1,-1
249,268,895,407,169,620,1,1,-1,-1
250,14,1260,422,114,332,1,1,-1,-1
250,25,417,464,35,111,1,1,-1,-1
250,39,601,459,23,57,1,1,-1,-1
250,268,904,407,163,624,1,1,-1,-1
251,14,1219,438,194,368,1,1,-1,-1
251,25,417,464,35,111,1,1,-1,-1
251,39,600,459,23,57,1,1,-1,-1
251,268,914,407,156,629,1,1,-1,-1
251,269,1086,484,39,112,1,1,-1,-1
252,14,1221,438,196,369,1,1,-1,-1
252,25,407,470,48,101,1,1,-1,-1
252,31,764,453,25,69,1,1,-1,-1
252,39,603,458,20,59,1,1,-1,-1
252,268,917,407,157,630,1,1,-1,-1
252,269,1086,484,39,112,1,1,-1,-1
253,14,1223,438,198,370,1,1,-1,-1
253,31,769,450,26,72,1,1,-1,-1
253,39,600,459,23,57,1,1,-1,-1
253,269,1092,445,56,115,1,1,-1,-1
254,31,767,453,24,69,1,1,-1,-1
254,39,600,459,23,57,1,1,-1,-1
254,269,1098,437,38,109,1,1,-1,-1
254,270,407,470,48,101,1,1,-1,-1
255,31,768,453,24,70,1,1,-1,-1
255,39,600,459,23,57,1,1,-1,-1
255,269,1098,437,38,109,1,1,-1,-1
255,270,412,464,38,110,1,1,-1,-1
256,31,769,453,24,70,1,1,-1,-1
256,32,1117,450,38,99,1,1,-1,-1
256,39,605,459,20,59,1,1,-1,-1
256,270,407,470,48,101,1,1,-1,-1
257,19,980,447,31,86,1,1,-1,-1
257,31,772,449,26,73,1,1,-1,-1
257,32,1097,445,61,115,1,1,-1,-1
257,39,599,459,23,57,1,1,-1,-1
257,270,410,464,40,110,1,1,-1,-1
258,19,980,447,31,86,1,1,-1,-1
258,26,1277,448,50,104,1,1,-1,-1
258,31,771,453,24,71,1,1,-1,-1
258,32,1117,450,38,99,1,1,-1,-1
258,39,589,460,21,62,1,1,-1,-1
258,270,407,470,48,101,1,1,-1,-1
258,271,552,455,22,64,1,1,-1,-1
259,19,980,448,30,85,1,1,-1,-1
259,26,1279,448,50,104,1,1,-1,-1
259,31,774,448,26,74,1,1,-1,-1
259,32,1117,450,38,99,1,1,-1,-1
259,39,589,460,21,62,1,1,-1,-1
259,271,552,455,22,64,1,1,-1,-1
260,19,994,450,31,89,1,1,-1,-1
260,26,1281,448,50,104,1,1,-1,-1
260,31,773,453,24,73,1,1,-1,-1
260,32,1117,450,38,99,1,1,-1,-1
260,170,407,470,48,101,1,1,-1,-1
260,271,552,455,22,64,1,1,-1,-1
260,272,576,454,22,64,1,1,-1,-1
260,273,607,459,20,59,1,1,-1,-1
261,19,995,450,31,89,1,1,-1,-1
261,26,1283,448,51,105,1,1,-1,-1
261,31,774,453,24,72,1,1,-1,-1
261,32,1117,450,38,99,1,1,-1,-1
261,170,424,461,30,82,1,1,-1,-1
261,271,552,455,22,64,1,1,-1,-1
261,272,567,440,23,74,1,1,-1,-1
261,273,608,460,20,59,1,1,-1,-1
262,19,995,450,31,88,1,1,-1,-1
262,26,1286,448,49,104,1,1,-1,-1
262,31,776,453,23,72,1,1,-1,-1
262,32,1117,450,38,99,1,1,-1,-1
262,170,407,470,48,101,1,1,-1,-1
262,271,552,455,22,64,1,1,-1,-1
262,272,577,454,22,64,1,1,-1,-1
262,273,598,459,23,57,1,1,-1,-1
263,19,995,450,31,88,1,1,-1,-1
263,26,1290,448,46,104,1,1,-1,-1
263,32,1106,444,54,111,1,1,-1,-1
263,170,403,464,42,110,1,1,-1,-1
263,171,666,450,65,188,1,1,-1,-1
263,272,588,460,21,62,1,1,-1,-1
263,273,598,459,23,57,1,1,-1,-1
263,274,1051,486,39,106,1,1,-1,-1
264,19,996,450,31,88,1,1,-1,-1
264,26,1293,448,44,103,1,1,-1,-1
264,32,1098,437,38,109,1,1,-1,-1
264,114,629,457,20,60,1,1,-1,-1
264,170,407,470,48,101,1,1,-1,-1
264,171,668,450,65,188,1,1,-1,-1
264,272,588,460,21,62,1,1,-1,-1
264,273,609,459,20,59,1,1,-1,-1
264,274,1051,486,39,106,1,1,-1,-1
265,19,996,450,31,88,1,1,-1,-1
265,26,1297,448,41,103,1,1,-1,-1
265,32,1098,437,38,109,1,1,-1,-1
265,114,629,457,22,60,1,1,-1,-1
265,170,407,470,48,101,1,1,-1,-1
265,171,670,449,65,189,1,1,-1,-1
265,274,1051,486,39,106,1,1,-1,-1
266,19,997,451,30,87,1,1,-1,-1
266,26,1300,448,39,102,1,1,-1,-1
266,32,1098,437,38,109,1,1,-1,-1
266,114,630,457,22,61,1,1,-1,-1
266,171,672,449,65,189,1,1,-1,-1
266,274,1051,486,39,106,1,1,-1,-1
267,11,398,464,41,111,1,1,-1,-1
267,19,997,451,31,87,1,1,-1,-1
267,26,1304,448,37,102,1,1,-1,-1
267,114,631,457,23,61,1,1,-1,-1
267,171,674,449,65,190,1,1,-1,-1
267,274,1051,486,39,106,1,1,-1,-1
267,275,1346,431,141,403,1,1,-1,-1
268,11,407,470,48,101,1,1,-1,-1
268,19,997,451,31,87,1,1,-1,-1
268,26,1305,447,40,102,1,1,-1,-1
268,114,631,457,24,61,1,1,-1,-1
268,115,786,453,22,71,1,1,-1,-1
268,171,678,448,63,191,1,1,-1,-1
268,172,1112,444,48,108,1,1,-1,-1
268,275,1352,421,124,356,1,1,-1,-1
268,276,553,455,21,64,1,1,-1,-1
269,11,416,461,30,82,1,1,-1,-1
269,19,998,451,30,87,1,1,-1,-1
269,26,1307,446,42,103,1,1,-1,-1
269,114,632,457,25,61,1,1,-1,-1
269,115,782,447,26,76,1,1,-1,-1
269,172,1098,437,38,109,1,1,-1,-1
269,275,1355,433,167,401,1,1,-1,-1
269,276,563,462,19,62,1,1,-1,-1
270,11,408,470,47,101,1,1,-1,-1
270,114,633,457,25,61,1,1,-1,-1
270,115,783,447,26,76,1,1,-1,-1
270,172,1107,437,49,128,1,1,-1,-1
270,275,1364,420,130,360,1,1,-1,-1
270,276,553,455,21,64,1,1,-1,-1
271,11,415,462,30,82,1,1,-1,-1
271,115,784,447,26,76,1,1,-1,-1
271,172,1098,437,38,109,1,1,-1,-1
271,275,1362,434,189,402,1,1,-1,-1
271,276,554,455,20,64,1,1,-1,-1
272,11,414,462,30,82,1,1,-1,-1
272,115,792,453,26,71,1,1,-1,-1
272,172,1098,437,38,109,1,1,-1,-1
272,276,547,449,22,70,1,1,-1,-1
272,277,692,446,61,195,1,1,-1,-1
273,11,408,470,47,101,1,1,-1,-1
273,40,1375,420,153,363,1,1,-1,-1
273,115,792,452,27,71,1,1,-1,-1
273,172,1098,437,38,109,1,1,-1,-1
273,277,694,446,64,195,1,1,-1,-1
273,278,1313,445,47,104,1,1,-1,-1
274,11,408,470,47,101,1,1,-1,-1
274,40,1379,421,161,364,1,1,-1,-1
274,115,792,452,28,71,1,1,-1,-1
274,277,696,446,68,195,1,1,-1,-1
274,278,1314,445,47,104,1,1,-1,-1
274,279,605,434,18,42,1,1,-1,-1
275,11,408,470,47,101,1,1,-1,-1
275,40,1378,436,202,412,1,1,-1,-1
275,277,699,446,70,194,1,1,-1,-1
275,278,1315,445,48,104,1,1,-1,-1
275,279,595,437,20,43,1,1,-1,-1
276,11,410,462,30,82,1,1,-1,-1
276,40,1383,420,161,366,1,1,-1,-1
276,173,533,457,21,59,1,1,-1,-1
276,277,701,446,74,194,1,1,-1,-1
276,278,1316,445,49,104,1,1,-1,-1
276,279,595,437,20,43,1,1,-1,-1
277,5,584,460,21,62,1,1,-1,-1
277,11,409,462,30,82,1,1,-1,-1
277,40,1385,419,161,368,1,1,-1,-1
277,116,555,455,19,63,1,1,-1,-1
277,173,533,457,21,59,1,1,-1,-1
277,174,794,451,29,71,1,1,-1,-1
277,278,1319,445,47,104,1,1,-1,-1
277,279,595,437,20,43,1,1,-1,-1
278,5,578,454,22,64,1,1,-1,-1
278,11,408,470,47,101,1,1,-1,-1
278,40,1407,435,185,417,1,1,-1,-1
278,116,555,455,19,63,1,1,-1,-1
278,173,533,457,21,59,1,1,-1,-1
278,174,789,447,26,76,1,1,-1,-1
278,279,595,437,20,43,1,1,-1,-1
279,5,578,454,22,64,1,1,-1,-1
279,11,390,465,39,112,1,1,-1,-1
279,40,1419,434,176,418,1,1,-1,-1
279,116,559,461,25,61,1,1,-1,-1
279,173,533,457,21,59,1,1,-1,-1
279,174,790,447,26,76,1,1,-1,-1
280,5,578,454,22,64,1,1,-1,-1
280,11,408,470,47,101,1,1,-1,-1
280,40,1401,418,154,371,1,1,-1,-1
280,116,555,455,20,62,1,1,-1,-1
280,173,533,457,21,59,1,1,-1,-1
280,174,790,447,26,76,1,1,-1,-1
281,5,579,454,22,64,1,1,-1,-1
281,11,406,462,30,83,1,1,-1,-1
281,40,1413,418,147,372,1,1,-1,-1
281,116,555,455,20,62,1,1,-1,-1
281,173,533,457,21,60,1,1,-1,-1
281,174,800,451,28,70,1,1,-1,-1
281,280,828,429,152,493,1,1,-1,-1
282,5,582,460,21,61,1,1,-1,-1
282,11,406,462,30,83,1,1,-1,-1
282,40,1458,431,147,422,1,1,-1,-1
282,116,558,461,27,61,1,1,-1,-1
282,174,792,447,26,76,1,1,-1,-1
282,280,830,429,155,492,1,1,-1,-1
282,281,619,460,20,59,1,1,-1,-1
283,5,582,460,21,61,1,1,-1,-1
283,116,567,483,18,52,1,1,-1,-1
283,280,833,429,158,492,1,1,-1,-1
283,281,620,460,20,59,1,1,-1,-1
283,282,1097,437,38,109,1,1,-1,-1
284,5,582,460,21,61,1,1,-1,-1
284,280,836,429,161,492,1,1,-1,-1
284,281,620,460,20,59,1,1,-1,-1
284,282,1097,437,38,109,1,1,-1,-1
284,283,1447,416,130,377,1,1,-1,-1
285,5,579,454,22,64,1,1,-1,-1
285,280,838,429,164,491,1,1,-1,-1
285,281,621,460,20,59,1,1,-1,-1
285,282,1096,437,38,109,1,1,-1,-1
285,283,1457,416,128,378,1,1,-1,-1
286,5,579,454,22,64,1,1,-1,-1
286,281,621,460,20,59,1,1,-1,-1
286,282,1096,437,38,109,1,1,-1,-1
286,283,1467,416,125,379,1,1,-1,-1
287,5,579,454,22,64,1,1,-1,-1
287,175,385,465,41,111,1,1,-1,-1
287,176,795,447,26,76,1,1,-1,-1
287,282,1096,437,38,109,1,1,-1,-1
287,283,1471,418,127,309,1,1,-1,-1
288,5,579,454,22,64,1,1,-1,-1
288,175,385,465,41,111,1,1,-1,-1
288,176,796,447,26,76,1,1,-1,-1
288,283,1463,418,128,307,1,1,-1,-1
288,284,650,457,23,60,1,1,-1,-1
288,285,1350,442,45,107,1,1,-1,-1
289,5,578,446,26,75,1,1,-1,-1
289,33,556,461,31,60,1,1,-1,-1
289,117,1481,414,154,385,1,1,-1,-1
289,175,384,465,41,111,1,1,-1,-1
289,176,796,447,26,76,1,1,-1,-1
289,284,650,457,23,60,1,1,-1,-1
289,285,1351,442,48,107,1,1,-1,-1
290,5,581,460,21,61,1,1,-1,-1
290,33,556,461,32,60,1,1,-1,-1
290,62,406,462,30,83,1,1,-1,-1
290,117,1483,413,169,387,1,1,-1,-1
290,175,383,465,42,111,1,1,-1,-1
290,176,797,447,26,76,1,1,-1,-1
290,284,651,457,23,60,1,1,-1,-1
290,285,1352,442,50,107,1,1,-1,-1
290,286,1095,437,38,109,1,1,-1,-1
291,5,581,460,21,61,1,1,-1,-1
291,33,556,461,32,59,1,1,-1,-1
291,62,406,461,30,83,1,1,-1,-1
291,117,1485,413,185,389,1,1,-1,-1
291,175,383,465,42,111,1,1,-1,-1
291,176,800,443,24,71,1,1,-1,-1
291,284,652,457,23,60,1,1,-1,-1
291,285,1353,442,53,107,1,1,-1,-1
291,286,1095,437,38,109,1,1,-1,-1
292,5,580,454,21,63,1,1,-1,-1
292,33,557,455,19,61,1,1,-1,-1
292,62,406,461,30,83,1,1,-1,-1
292,117,1488,412,186,390,1,1,-1,-1
292,175,382,464,42,111,1,1,-1,-1
292,176,798,447,26,76,1,1,-1,-1
292,284,653,457,23,60,1,1,-1,-1
292,285,1354,442,54,107,1,1,-1,-1
292,286,1095,437,38,109,1,1,-1,-1
293,5,580,454,21,63,1,1,-1,-1
293,33,556,461,32,59,1,1,-1,-1
293,62,406,461,30,83,1,1,-1,-1
293,117,1506,431,253,443,1,1,-1,-1
293,286,1094,437,38,109,1,1,-1,-1
294,5,580,454,21,63,1,1,-1,-1
294,33,557,461,31,59,1,1,-1,-1
294,62,408,469,47,102,1,1,-1,-1
294,117,1494,412,188,392,1,1,-1,-1
294,177,655,457,23,60,1,1,-1,-1
294,286,1094,437,38,109,1,1,-1,-1
295,33,558,455,19,60,1,1,-1,-1
295,62,432,455,28,99,1,1,-1,-1
295,117,1497,411,189,394,1,1,-1,-1
295,177,656,457,23,60,1,1,-1,-1
296,33,558,455,19,60,1,1,-1,-1
296,62,414,466,56,121,1,1,-1,-1
296,177,658,457,23,60,1,1,-1,-1
297,33,558,455,19,60,1,1,-1,-1
297,62,443,457,30,107,1,1,-1,-1
297,82,1504,411,191,396,1,1,-1,-1
297,177,659,457,23,60,1,1,-1,-1
298,33,558,455,19,60,1,1,-1,-1
298,62,442,457,30,107,1,1,-1,-1
298,82,1515,410,183,397,1,1,-1,-1
298,177,660,457,23,60,1,1,-1,-1
298,287,836,449,22,70,1,1,-1,-1
299,33,558,455,19,60,1,1,-1,-1
299,82,1526,409,175,399,1,1,-1,-1
299,177,661,457,23,60,1,1,-1,-1
299,287,838,449,22,70,1,1,-1,-1
300,82,1588,426,186,467,1,1,-1,-1
300,287,840,449,22,70,1,1,-1,-1
300,288,504,464,23,80,1,1,-1,-1
301,82,1608,426,168,470,1,1,-1,-1
301,287,842,449,22,70,1,1,-1,-1
301,288,505,464,23,80,1,1,-1,-1
302,82,1565,409,157,403,1,1,-1,-1
302,287,843,449,22,70,1,1,-1,-1
302,288,505,463,23,80,1,1,-1,-1
302,289,559,455,19,60,1,1,-1,-1
303,82,1636,425,161,477,1,1,-1,-1
303,288,505,463,23,80,1,1,-1,-1
303,289,559,455,19,60,1,1,-1,-1
304,82,1650,424,157,481,1,1,-1,-1
304,288,505,463,24,80,1,1,-1,-1
304,289,559,455,19,60,1,1,-1,-1
305,289,559,455,19,60,1,1,-1,-1
306,289,559,455,19,60,1,1,-1,-1
308,290,-89,400,208,457,1,1,-1,-1
309,290,-70,400,191,456,1,1,-1,-1
309,291,966,449,27,76,1,1,-1,-1
310,118,1024,422,167,469,1,1,-1,-1
310,290,-51,400,174,456,1,1,-1,-1
310,291,966,449,27,76,1,1,-1,-1
311,12,436,456,30,108,1,1,-1,-1
311,118,1034,442,154,428,1,1,-1,-1
311,290,-32,400,157,455,1,1,-1,-1
311,291,965,449,27,76,1,1,-1,-1
312,12,436,456,30,108,1,1,-1,-1
312,118,1030,423,170,471,1,1,-1,-1
312,290,-13,400,141,455,1,1,-1,-1
312,291,965,449,27,76,1,1,-1,-1
313,12,436,456,30,108,1,1,-1,-1
313,118,1033,423,172,473,1,1,-1,-1
313,291,965,449,27,76,1,1,-1,-1
314,12,435,456,30,108,1,1,-1,-1
314,118,1036,423,174,474,1,1,-1,-1
314,292,580,460,21,58,1,1,-1,-1
315,12,435,456,30,108,1,1,-1,-1
315,118,1039,424,175,475,1,1,-1,-1
315,292,580,454,21,59,1,1,-1,-1
316,12,409,469,46,102,1,1,-1,-1
316,118,1042,424,177,476,1,1,-1,-1
316,292,580,454,21,59,1,1,-1,-1
316,293,434,456,30,108,1,1,-1,-1
317,12,409,469,46,102,1,1,-1,-1
317,119,1088,437,38,109,1,1,-1,-1
317,292,580,460,21,58,1,1,-1,-1
317,293,434,456,30,108,1,1,-1,-1
318,12,407,461,31,83,1,1,-1,-1
318,83,559,460,18,58,1,1,-1,-1
318,119,1085,484,41,112,1,1,-1,-1
318,292,580,454,21,59,1,1,-1,-1
318,293,409,469,46,102,1,1,-1,-1
319,12,408,461,30,83,1,1,-1,-1
319,83,559,455,19,60,1,1,-1,-1
319,119,1085,484,41,112,1,1,-1,-1
319,293,409,469,46,102,1,1,-1,-1
320,12,408,461,30,83,1,1,-1,-1
320,83,559,455,19,60,1,1,-1,-1
320,119,1087,437,38,109,1,1,-1,-1
320,293,409,469,46,102,1,1,-1,-1
321,12,409,469,46,102,1,1,-1,-1
321,83,559,460,18,58,1,1,-1,-1
321,119,1085,484,41,112,1,1,-1,-1
322,12,408,461,30,83,1,1,-1,-1
322,83,559,455,19,59,1,1,-1,-1
322,119,1085,484,41,112,1,1,-1,-1
322,178,32,405,276,444,1,1,-1,-1
323,12,408,461,30,83,1,1,-1,-1
323,83,560,460,18,58,1,1,-1,-1
323,119,1085,484,41,112,1,1,-1,-1
323,178,36,405,276,442,1,1,-1,-1
324,12,408,461,30,83,1,1,-1,-1
324,83,559,455,19,59,1,1,-1,-1
324,178,40,405,275,440,1,1,-1,-1
324,179,990,447,35,111,1,1,-1,-1
325,9,1085,484,41,112,1,1,-1,-1
325,12,408,461,31,83,1,1,-1,-1
325,83,559,455,19,59,1,1,-1,-1
325,120,540,457,21,59,1,1,-1,-1
325,178,44,406,275,438,1,1,-1,-1
325,179,990,447,35,111,1,1,-1,-1
326,9,1085,484,41,112,1,1,-1,-1
326,120,541,457,20,59,1,1,-1,-1
326,178,67,405,255,436,1,1,-1,-1
326,179,990,447,35,111,1,1,-1,-1
327,9,1085,437,38,109,1,1,-1,-1
327,84,678,457,23,60,1,1,-1,-1
327,120,541,457,20,58,1,1,-1,-1
327,178,90,404,235,434,1,1,-1,-1
327,179,990,447,35,111,1,1,-1,-1
327,294,1754,399,183,453,1,1,-1,-1
328,9,1085,437,38,109,1,1,-1,-1
328,84,678,457,23,60,1,1,-1,-1
328,120,541,457,20,58,1,1,-1,-1
328,121,886,450,22,70,1,1,-1,-1
328,179,990,447,35,111,1,1,-1,-1
328,294,1756,399,192,454,1,1,-1,-1
329,9,1085,437,38,109,1,1,-1,-1
329,84,678,457,23,60,1,1,-1,-1
329,120,541,457,20,57,1,1,-1,-1
329,121,887,450,22,70,1,1,-1,-1
329,179,990,447,35,111,1,1,-1,-1
329,294,1759,400,201,453,1,1,-1,-1
330,9,1085,484,41,112,1,1,-1,-1
330,84,678,457,23,60,1,1,-1,-1
330,120,541,457,20,57,1,1,-1,-1
330,121,888,450,22,70,1,1,-1,-1
330,294,1761,400,210,454,1,1,-1,-1
331,9,1084,437,38,109,1,1,-1,-1
331,84,678,458,23,60,1,1,-1,-1
331,120,542,457,20,57,1,1,-1,-1
331,121,889,450,22,70,1,1,-1,-1
331,294,1764,401,219,453,1,1,-1,-1
331,295,504,461,27,79,1,1,-1,-1
332,9,1084,437,38,109,1,1,-1,-1
332,84,679,457,23,61,1,1,-1,-1
332,121,891,450,22,70,1,1,-1,-1
332,295,504,460,27,80,1,1,-1,-1
333,9,1085,484,41,112,1,1,-1,-1
333,84,680,457,23,61,1,1,-1,-1
333,121,892,450,22,70,1,1,-1,-1
333,295,504,460,27,80,1,1,-1,-1
334,9,1097,459,51,139,1,1,-1,-1
334,41,542,457,20,57,1,1,-1,-1
334,84,681,457,23,61,1,1,-1,-1
334,121,893,450,22,70,1,1,-1,-1
334,180,633,458,23,66,1,1,-1,-1
334,295,504,460,27,80,1,1,-1,-1
335,6,410,469,45,102,1,1,-1,-1
335,9,1085,484,41,112,1,1,-1,-1
335,41,542,457,20,57,1,1,-1,-1
335,180,633,458,23,66,1,1,-1,-1
335,295,504,460,27,80,1,1,-1,-1
336,6,409,461,31,83,1,1,-1,-1
336,9,1083,437,38,109,1,1,-1,-1
336,41,542,457,20,57,1,1,-1,-1
336,85,581,459,20,58,1,1,-1,-1
336,180,633,458,23,66,1,1,-1,-1
337,6,410,468,45,103,1,1,-1,-1
337,9,1083,437,38,109,1,1,-1,-1
337,41,542,457,20,57,1,1,-1,-1
337,85,582,454,20,58,1,1,-1,-1
337,180,633,458,23,66,1,1,-1,-1
337,296,685,456,22,63,1,1,-1,-1
337,297,1012,453,29,78,1,1,-1,-1
338,6,430,456,30,108,1,1,-1,-1
338,9,1085,484,41,112,1,1,-1,-1
338,41,542,457,20,57,1,1,-1,-1
338,85,581,459,20,58,1,1,-1,-1
338,180,633,458,23,66,1,1,-1,-1
338,296,686,456,22,63,1,1,-1,-1
338,297,1012,453,29,78,1,1,-1,-1
339,6,410,468,45,103,1,1,-1,-1
339,9,1082,437,38,109,1,1,-1,-1
339,41,542,457,20,57,1,1,-1,-1
339,85,581,459,20,58,1,1,-1,-1
339,122,1479,439,51,111,1,1,-1,-1
339,180,633,458,23,66,1,1,-1,-1
339,296,687,456,22,63,1,1,-1,-1
339,297,1012,453,29,78,1,1,-1,-1
340,6,410,468,45,103,1,1,-1,-1
340,9,1085,484,41,112,1,1,-1,-1
340,41,542,457,20,57,1,1,-1,-1
340,85,581,459,20,58,1,1,-1,-1
340,122,1480,439,54,111,1,1,-1,-1
340,296,688,456,22,63,1,1,-1,-1
340,297,1012,453,29,78,1,1,-1,-1
341,6,409,461,31,83,1,1,-1,-1
341,9,1082,437,38,109,1,1,-1,-1
341,41,543,457,20,58,1,1,-1,-1
341,85,581,459,20,58,1,1,-1,-1
341,122,1482,440,57,111,1,1,-1,-1
341,296,690,456,22,64,1,1,-1,-1
341,297,1012,453,29,78,1,1,-1,-1
342,6,410,468,45,103,1,1,-1,-1
342,41,543,457,20,58,1,1,-1,-1
342,85,581,459,20,58,1,1,-1,-1
342,122,1484,439,56,111,1,1,-1,-1
342,123,989,447,35,110,1,1,-1,-1
343,6,409,461,31,83,1,1,-1,-1
343,41,543,457,20,58,1,1,-1,-1
343,85,581,459,20,58,1,1,-1,-1
343,122,1486,439,55,110,1,1,-1,-1
343,123,989,447,35,110,1,1,-1,-1
343,298,597,458,22,52,1,1,-1,-1
344,6,409,461,31,83,1,1,-1,-1
344,122,1488,439,54,110,1,1,-1,-1
344,123,985,464,36,112,1,1,-1,-1
344,298,597,458,22,52,1,1,-1,-1
345,6,409,461,31,83,1,1,-1,-1
345,122,1491,438,52,110,1,1,-1,-1
345,123,989,447,35,109,1,1,-1,-1
345,298,597,458,22,52,1,1,-1,-1
346,6,409,461,31,83,1,1,-1,-1
346,63,1080,438,38,109,1,1,-1,-1
346,123,989,447,35,109,1,1,-1,-1
346,298,597,458,22,52,1,1,-1,-1
347,6,410,461,30,83,1,1,-1,-1
347,63,1080,438,38,109,1,1,-1,-1
347,123,989,447,35,109,1,1,-1,-1
347,298,597,458,22,52,1,1,-1,-1
348,6,410,468,45,103,1,1,-1,-1
348,7,582,454,21,57,1,1,-1,-1
348,20,1069,405,190,609,1,1,-1,-1
348,63,1084,484,42,111,1,1,-1,-1
348,123,989,447,35,109,1,1,-1,-1
348,299,692,453,22,66,1,1,-1,-1
348,300,864,446,26,76,1,1,-1,-1
349,6,428,456,30,108,1,1,-1,-1
349,7,583,454,20,57,1,1,-1,-1
349,20,1070,405,190,609,1,1,-1,-1
349,63,1080,438,38,109,1,1,-1,-1
349,299,692,453,22,66,1,1,-1,-1
349,300,865,446,26,76,1,1,-1,-1
350,6,428,456,30,108,1,1,-1,-1
350,7,583,454,20,57,1,1,-1,-1
350,20,1113,410,174,505,1,1,-1,-1
350,63,1079,438,38,109,1,1,-1,-1
350,299,692,453,22,66,1,1,-1,-1
350,300,867,446,26,76,1,1,-1,-1
351,6,410,468,45,103,1,1,-1,-1
351,7,582,459,20,58,1,1,-1,-1
351,20,1072,405,190,610,1,1,-1,-1
351,63,1079,438,38,109,1,1,-1,-1
351,299,693,453,22,66,1,1,-1,-1
351,300,868,446,26,76,1,1,-1,-1
351,301,1012,453,29,77,1,1,-1,-1
352,6,428,456,30,108,1,1,-1,-1
352,7,582,459,20,58,1,1,-1,-1
352,20,1072,405,191,609,1,1,-1,-1
352,63,1084,484,42,111,1,1,-1,-1
352,299,693,453,22,65,1,1,-1,-1
352,300,870,446,26,76,1,1,-1,-1
352,301,1012,453,29,77,1,1,-1,-1
353,7,582,459,20,58,1,1,-1,-1
353,20,1114,409,173,506,1,1,-1,-1
353,63,1079,438,38,109,1,1,-1,-1
353,181,395,468,39,95,1,1,-1,-1
353,301,1012,453,29,77,1,1,-1,-1
353,302,562,454,19,59,1,1,-1,-1
354,7,582,459,20,58,1,1,-1,-1
354,20,1072,405,194,609,1,1,-1,-1
354,63,1084,484,42,111,1,1,-1,-1
354,181,410,468,45,103,1,1,-1,-1
354,301,1012,453,29,77,1,1,-1,-1
354,302,562,454,19,59,1,1,-1,-1
354,303,950,448,27,76,1,1,-1,-1
355,7,582,459,20,58,1,1,-1,-1
355,20,1115,406,168,495,1,1,-1,-1
355,181,428,456,30,108,1,1,-1,-1
355,301,1012,453,29,77,1,1,-1,-1
355,302,562,454,19,59,1,1,-1,-1
355,303,950,448,27,76,1,1,-1,-1
356,7,582,459,20,58,1,1,-1,-1
356,20,1072,405,197,609,1,1,-1,-1
356,181,411,468,44,103,1,1,-1,-1
356,302,562,459,18,58,1,1,-1,-1
356,303,949,448,27,76,1,1,-1,-1
357,7,583,454,20,57,1,1,-1,-1
357,20,1072,405,199,608,1,1,-1,-1
357,181,427,456,30,108,1,1,-1,-1
357,302,562,459,18,58,1,1,-1,-1
357,303,949,448,27,76,1,1,-1,-1
357,304,1055,481,40,109,1,1,-1,-1
358,7,582,459,20,58,1,1,-1,-1
358,20,1072,405,200,608,1,1,-1,-1
358,181,427,456,30,108,1,1,-1,-1
358,303,949,448,27,76,1,1,-1,-1
358,304,1055,480,41,110,1,1,-1,-1
358,305,1012,453,29,77,1,1,-1,-1
359,7,583,454,20,57,1,1,-1,-1
359,20,1072,405,202,608,1,1,-1,-1
359,304,1056,480,40,110,1,1,-1,-1
359,305,1013,453,28,77,1,1,-1,-1
360,7,582,459,20,58,1,1,-1,-1
360,20,1114,405,170,511,1,1,-1,-1
360,304,1056,480,41,110,1,1,-1,-1
360,305,1013,453,28,77,1,1,-1,-1
361,7,583,459,20,58,1,1,-1,-1
361,124,411,460,31,83,1,1,-1,-1
361,304,1057,479,40,111,1,1,-1,-1
361,305,1013,453,28,76,1,1,-1,-1
362,7,583,459,20,57,1,1,-1,-1
362,124,411,468,44,103,1,1,-1,-1
362,305,1013,453,28,76,1,1,-1,-1
363,7,583,459,20,57,1,1,-1,-1
363,124,411,468,44,103,1,1,-1,-1
364,7,584,454,20,56,1,1,-1,-1
364,124,411,468,44,103,1,1,-1,-1
365,7,583,459,20,57,1,1,-1,-1
365,86,1109,402,171,515,1,1,-1,-1
365,124,411,468,44,103,1,1,-1,-1
366,42,562,454,18,57,1,1,-1,-1
366,86,1109,402,171,515,1,1,-1,-1
366,124,411,460,31,83,1,1,-1,-1
366,125,700,454,23,65,1,1,-1,-1
367,42,562,454,18,57,1,1,-1,-1
367,43,499,458,24,83,1,1,-1,-1
367,86,1072,405,209,607,1,1,-1,-1
367,124,411,468,44,103,1,1,-1,-1
367,125,701,454,22,65,1,1,-1,-1
367,306,935,452,23,70,1,1,-1,-1
368,42,564,459,18,58,1,1,-1,-1
368,43,498,458,25,83,1,1,-1,-1
368,86,1072,405,209,607,1,1,-1,-1
368,125,701,454,23,65,1,1,-1,-1
368,306,936,452,23,70,1,1,-1,-1
368,307,1013,453,28,76,1,1,-1,-1
369,42,562,454,18,57,1,1,-1,-1
369,43,498,458,24,83,1,1,-1,-1
369,86,1072,405,210,607,1,1,-1,-1
369,87,476,454,35,110,1,1,-1,-1
369,125,702,454,23,65,1,1,-1,-1
369,182,1549,437,46,109,1,1,-1,-1
369,306,938,452,23,70,1,1,-1,-1
369,307,1013,453,28,76,1,1,-1,-1
370,42,564,459,18,58,1,1,-1,-1
370,43,498,458,24,83,1,1,-1,-1
370,86,1107,402,172,518,1,1,-1,-1
370,87,475,454,35,110,1,1,-1,-1
370,125,702,454,23,65,1,1,-1,-1
370,182,1551,437,46,109,1,1,-1,-1
370,306,939,452,23,70,1,1,-1,-1
370,307,1013,453,28,76,1,1,-1,-1
371,42,562,455,18,56,1,1,-1,-1
371,43,498,458,23,83,1,1,-1,-1
371,86,1108,401,170,518,1,1,-1,-1
371,87,475,454,35,110,1,1,-1,-1
371,125,703,454,23,66,1,1,-1,-1
371,182,1553,437,46,109,1,1,-1,-1
371,306,945,448,27,76,1,1,-1,-1
371,307,1014,453,27,76,1,1,-1,-1
372,42,562,455,18,56,1,1,-1,-1
372,43,497,458,24,83,1,1,-1,-1
372,86,1109,401,168,518,1,1,-1,-1
372,87,474,454,36,110,1,1,-1,-1
372,125,704,454,23,66,1,1,-1,-1
372,182,1555,437,46,109,1,1,-1,-1
372,307,1014,453,27,76,1,1,-1,-1
373,42,562,455,18,56,1,1,-1,-1
373,43,497,458,23,83,1,1,-1,-1
373,87,474,454,35,110,1,1,-1,-1
373,182,1557,437,46,109,1,1,-1,-1
373,183,546,457,19,57,1,1,-1,-1
374,42,564,459,18,58,1,1,-1,-1
374,43,497,458,23,83,1,1,-1,-1
374,87,473,454,36,110,1,1,-1,-1
374,126,411,460,32,83,1,1,-1,-1
374,182,1559,437,46,109,1,1,-1,-1
374,183,546,457,19,57,1,1,-1,-1
375,42,565,459,18,58,1,1,-1,-1
375,43,496,458,23,83,1,1,-1,-1
375,87,473,454,36,110,1,1,-1,-1
375,126,411,468,44,103,1,1,-1,-1
375,183,551,480,17,51,1,1,-1,-1
376,43,496,458,23,83,1,1,-1,-1
376,87,472,454,36,110,1,1,-1,-1
376,126,411,468,44,103,1,1,-1,-1
376,183,547,457,19,57,1,1,-1,-1
377,126,412,460,31,83,1,1,-1,-1
377,183,547,457,19,57,1,1,-1,-1
378,126,411,468,44,103,1,1,-1,-1
378,183,547,457,19,57,1,1,-1,-1
378,184,1014,453,27,75,1,1,-1,-1
379,126,411,468,44,103,1,1,-1,-1
379,127,1084,484,42,111,1,1,-1,-1
379,184,1014,453,27,75,1,1,-1,-1
380,126,412,460,31,83,1,1,-1,-1
380,127,1067,471,41,119,1,1,-1,-1
380,184,1014,453,27,75,1,1,-1,-1
380,308,583,459,20,55,1,1,-1,-1
381,127,1071,438,38,109,1,1,-1,-1
381,184,1014,453,27,75,1,1,-1,-1
381,308,583,459,20,55,1,1,-1,-1
381,309,1075,405,212,608,1,1,-1,-1
382,127,1071,438,38,109,1,1,-1,-1
382,184,1014,453,27,75,1,1,-1,-1
382,308,583,459,20,54,1,1,-1,-1
382,309,1116,399,158,520,1,1,-1,-1
383,127,1069,469,41,121,1,1,-1,-1
383,184,1015,453,27,75,1,1,-1,-1
383,185,342,436,99,307,1,1,-1,-1
383,308,583,459,20,54,1,1,-1,-1
383,309,1075,405,215,607,1,1,-1,-1
384,127,1069,469,42,121,1,1,-1,-1
384,185,350,437,107,306,1,1,-1,-1
384,308,583,459,20,54,1,1,-1,-1
384,309,1115,398,159,522,1,1,-1,-1
385,127,1070,468,41,122,1,1,-1,-1
385,185,357,438,116,305,1,1,-1,-1
385,309,1075,405,218,607,1,1,-1,-1
386,185,365,439,124,304,1,1,-1,-1
386,186,424,456,30,108,1,1,-1,-1
387,185,365,439,138,304,1,1,-1,-1
387,186,412,468,43,103,1,1,-1,-1
388,185,365,439,152,304,1,1,-1,-1
388,186,412,468,43,103,1,1,-1,-1
389,186,412,468,43,103,1,1,-1,-1
389,187,1075,405,225,606,1,1,-1,-1
389,188,1069,438,38,109,1,1,-1,-1
389,310,1109,449,35,100,1,1,-1,-1
390,186,412,468,43,103,1,1,-1,-1
390,187,1075,405,227,606,1,1,-1,-1
390,188,1069,438,38,109,1,1,-1,-1
390,310,1109,449,35,100,1,1,-1,-1
390,311,377,464,52,112,1,1,-1,-1
390,312,709,454,25,67,1,1,-1,-1
391,186,412,468,43,103,1,1,-1,-1
391,187,1075,405,229,606,1,1,-1,-1
391,188,1073,466,42,124,1,1,-1,-1
391,310,1109,449,35,100,1,1,-1,-1
391,311,377,464,52,112,1,1,-1,-1
391,312,709,454,26,67,1,1,-1,-1
392,187,1111,395,162,526,1,1,-1,-1
392,188,1084,484,43,111,1,1,-1,-1
392,310,1109,449,35,100,1,1,-1,-1
392,311,377,464,52,112,1,1,-1,-1
392,312,709,453,26,68,1,1,-1,-1
392,313,567,459,18,57,1,1,-1,-1
393,88,586,454,20,54,1,1,-1,-1
393,187,1075,405,226,605,1,1,-1,-1
393,188,1074,465,42,125,1,1,-1,-1
393,310,1109,449,35,100,1,1,-1,-1
393,311,377,464,52,112,1,1,-1,-1
393,312,710,453,26,68,1,1,-1,-1
393,313,567,459,18,57,1,1,-1,-1
394,88,596,456,19,53,1,1,-1,-1
394,187,1075,405,224,605,1,1,-1,-1
394,188,1084,484,43,111,1,1,-1,-1
394,311,377,464,52,112,1,1,-1,-1
394,312,710,453,26,68,1,1,-1,-1
394,313,567,459,18,56,1,1,-1,-1
395,88,586,454,20,54,1,1,-1,-1
395,313,567,459,18,56,1,1,-1,-1
396,88,583,459,20,52,1,1,-1,-1
396,189,412,468,43,103,1,1,-1,-1
396,313,567,459,18,56,1,1,-1,-1
397,88,586,454,20,53,1,1,-1,-1
397,189,413,460,32,83,1,1,-1,-1
397,314,623,456,28,72,1,1,-1,-1
398,88,596,456,18,53,1,1,-1,-1
398,189,412,468,43,103,1,1,-1,-1
398,314,623,456,28,72,1,1,-1,-1
398,315,430,437,121,294,1,1,-1,-1
399,44,1107,395,165,526,1,1,-1,-1
399,88,586,454,20,53,1,1,-1,-1
399,189,412,468,43,103,1,1,-1,-1
399,314,623,456,28,72,1,1,-1,-1
399,315,440,449,102,256,1,1,-1,-1
399,316,937,450,26,76,1,1,-1,-1
400,44,1075,405,216,605,1,1,-1,-1
400,88,586,454,20,53,1,1,-1,-1
400,128,1066,438,38,109,1,1,-1,-1
400,189,412,468,43,103,1,1,-1,-1
400,314,623,456,28,72,1,1,-1,-1
400,315,453,436,112,294,1,1,-1,-1
400,316,937,449,27,72,1,1,-1,-1
401,44,1075,405,215,605,1,1,-1,-1
401,128,1078,461,42,129,1,1,-1,-1
401,189,412,468,43,103,1,1,-1,-1
401,314,623,456,28,72,1,1,-1,-1
401,315,464,435,108,295,1,1,-1,-1
401,316,937,449,26,72,1,1,-1,-1
401,317,551,457,18,56,1,1,-1,-1
402,44,1107,402,166,515,1,1,-1,-1
402,128,1079,461,42,129,1,1,-1,-1
402,315,476,435,104,295,1,1,-1,-1
402,316,942,450,26,76,1,1,-1,-1
402,317,550,456,18,56,1,1,-1,-1
403,27,412,468,43,103,1,1,-1,-1
403,44,1075,405,210,604,1,1,-1,-1
403,128,1079,461,42,129,1,1,-1,-1
403,316,937,449,26,71,1,1,-1,-1
403,317,550,456,18,56,1,1,-1,-1
404,27,414,460,31,83,1,1,-1,-1
404,44,1108,407,166,507,1,1,-1,-1
404,64,587,454,19,53,1,1,-1,-1
404,128,1080,460,42,130,1,1,-1,-1
404,317,550,456,18,56,1,1,-1,-1
405,27,412,468,43,103,1,1,-1,-1
405,44,1075,405,205,604,1,1,-1,-1
405,64,587,454,19,53,1,1,-1,-1
405,65,1241,446,35,96,1,1,-1,-1
405,128,1080,460,43,130,1,1,-1,-1
405,317,549,456,18,56,1,1,-1,-1
406,27,412,468,43,103,1,1,-1,-1
406,44,1075,405,202,604,1,1,-1,-1
406,64,596,456,18,53,1,1,-1,-1
406,65,1241,446,35,96,1,1,-1,-1
406,128,1083,484,44,111,1,1,-1,-1
407,27,418,470,32,98,1,1,-1,-1
407,44,1075,405,200,604,1,1,-1,-1
407,64,587,454,19,52,1,1,-1,-1
407,65,1240,446,35,96,1,1,-1,-1
408,27,412,468,43,103,1,1,-1,-1
408,44,1108,414,166,496,1,1,-1,-1
408,64,587,454,19,52,1,1,-1,-1
408,65,1239,446,35,96,1,1,-1,-1
408,190,539,455,24,70,1,1,-1,-1
409,27,412,468,43,103,1,1,-1,-1
409,64,584,459,19,51,1,1,-1,-1
409,65,1238,446,35,96,1,1,-1,-1
409,190,539,455,24,70,1,1,-1,-1
409,318,221,434,148,347,1,1,-1,-1
409,319,717,452,24,70,1,1,-1,-1
410,27,412,468,43,103,1,1,-1,-1
410,64,587,454,20,52,1,1,-1,-1
410,65,1237,446,35,96,1,1,-1,-1
410,190,539,455,25,71,1,1,-1,-1
410,318,233,433,140,346,1,1,-1,-1
410,319,717,452,25,70,1,1,-1,-1
411,27,412,468,43,103,1,1,-1,-1
411,64,587,454,20,52,1,1,-1,-1
411,65,1236,446,35,96,1,1,-1,-1
411,190,539,455,25,71,1,1,-1,-1
411,318,245,432,131,344,1,1,-1,-1
411,319,717,452,25,71,1,1,-1,-1
412,27,421,456,30,108,1,1,-1,-1
412,64,587,454,20,52,1,1,-1,-1
412,65,1235,446,35,96,1,1,-1,-1
412,190,540,455,24,71,1,1,-1,-1
412,191,569,458,17,55,1,1,-1,-1
412,318,257,431,123,343,1,1,-1,-1
412,319,717,452,25,71,1,1,-1,-1
413,27,421,457,30,108,1,1,-1,-1
413,65,1234,446,35,96,1,1,-1,-1
413,190,540,455,24,71,1,1,-1,-1
413,191,569,458,17,55,1,1,-1,-1
413,318,269,430,114,342,1,1,-1,-1
413,319,718,452,24,71,1,1,-1,-1
414,10,585,459,18,51,1,1,-1,-1
414,27,412,468,43,103,1,1,-1,-1
414,66,379,465,52,112,1,1,-1,-1
414,191,569,458,17,55,1,1,-1,-1
415,10,588,454,19,52,1,1,-1,-1
415,66,379,465,52,112,1,1,-1,-1
415,191,569,458,17,55,1,1,-1,-1
416,10,585,459,19,50,1,1,-1,-1
416,66,379,465,52,112,1,1,-1,-1
416,129,412,468,43,103,1,1,-1,-1
416,191,569,458,17,55,1,1,-1,-1
417,10,588,454,19,52,1,1,-1,-1
417,66,379,465,51,112,1,1,-1,-1
417,129,412,468,43,103,1,1,-1,-1
417,191,569,458,17,55,1,1,-1,-1
418,10,588,454,19,52,1,1,-1,-1
418,66,379,465,51,112,1,1,-1,-1
418,129,412,468,43,103,1,1,-1,-1
419,10,585,459,19,50,1,1,-1,-1
419,66,379,465,51,112,1,1,-1,-1
419,129,412,468,43,103,1,1,-1,-1
419,130,856,436,56,173,1,1,-1,-1
420,10,588,454,19,51,1,1,-1,-1
420,66,379,465,51,112,1,1,-1,-1
420,129,413,468,43,103,1,1,-1,-1
420,130,853,436,56,171,1,1,-1,-1
421,10,586,459,18,50,1,1,-1,-1
421,66,379,465,51,113,1,1,-1,-1
421,129,413,468,43,103,1,1,-1,-1
421,130,851,436,56,170,1,1,-1,-1
421,192,1089,453,43,138,1,1,-1,-1
421,320,1188,436,105,290,1,1,-1,-1
422,10,586,459,18,50,1,1,-1,-1
422,66,378,464,51,113,1,1,-1,-1
422,129,413,468,43,103,1,1,-1,-1
422,130,849,436,56,169,1,1,-1,-1
422,192,1089,452,43,139,1,1,-1,-1
422,193,542,455,25,72,1,1,-1,-1
422,194,985,453,29,79,1,1,-1,-1
422,320,1194,436,106,292,1,1,-1,-1
423,10,586,459,18,50,1,1,-1,-1
423,130,856,424,59,179,1,1,-1,-1
423,192,1090,452,43,139,1,1,-1,-1
423,193,543,455,24,72,1,1,-1,-1
423,194,986,453,29,80,1,1,-1,-1
423,320,1201,436,107,294,1,1,-1,-1
424,10,586,459,18,50,1,1,-1,-1
424,89,413,468,43,103,1,1,-1,-1
424,130,845,436,55,167,1,1,-1,-1
424,192,1090,451,44,140,1,1,-1,-1
424,193,543,455,25,72,1,1,-1,-1
424,194,986,453,30,80,1,1,-1,-1
424,320,1200,434,110,299,1,1,-1,-1
425,10,586,459,18,50,1,1,-1,-1
425,89,415,459,32,83,1,1,-1,-1
425,130,843,436,55,165,1,1,-1,-1
425,192,1091,451,43,140,1,1,-1,-1
425,193,539,456,26,74,1,1,-1,-1
425,194,987,454,30,80,1,1,-1,-1
425,195,1109,449,35,100,1,1,-1,-1
425,320,1200,433,112,303,1,1,-1,-1
426,10,586,459,18,50,1,1,-1,-1
426,89,415,459,32,83,1,1,-1,-1
426,131,1224,447,35,94,1,1,-1,-1
426,192,1091,450,44,141,1,1,-1,-1
426,193,543,455,25,72,1,1,-1,-1
426,194,987,454,31,81,1,1,-1,-1
426,195,1109,449,35,100,1,1,-1,-1
427,10,588,454,20,51,1,1,-1,-1
427,89,408,485,37,88,1,1,-1,-1
427,131,1223,447,35,94,1,1,-1,-1
427,193,544,455,25,72,1,1,-1,-1
427,194,988,454,31,81,1,1,-1,-1
427,195,1109,449,35,100,1,1,-1,-1
428,10,586,459,19,49,1,1,-1,-1
428,89,415,459,33,83,1,1,-1,-1
428,131,1223,447,35,94,1,1,-1,-1
428,195,1109,449,35,100,1,1,-1,-1
429,10,595,455,18,51,1,1,-1,-1
429,89,413,468,43,103,1,1,-1,-1
429,90,835,437,54,160,1,1,-1,-1
429,131,1222,447,35,94,1,1,-1,-1
429,195,1109,449,35,100,1,1,-1,-1
429,196,1093,449,43,142,1,1,-1,-1
430,10,586,459,19,49,1,1,-1,-1
430,89,415,459,33,83,1,1,-1,-1
430,90,833,437,54,160,1,1,-1,-1
430,131,1221,447,35,94,1,1,-1,-1
430,195,1109,449,35,100,1,1,-1,-1
430,196,1093,449,44,142,1,1,-1,-1
431,89,416,459,32,83,1,1,-1,-1
431,90,831,437,54,160,1,1,-1,-1
431,131,1221,447,35,94,1,1,-1,-1
431,196,1094,448,44,143,1,1,-1,-1
432,90,830,438,53,159,1,1,-1,-1
432,131,1220,448,35,93,1,1,-1,-1
432,196,1095,448,43,143,1,1,-1,-1
433,90,828,438,53,159,1,1,-1,-1
433,196,1095,447,44,144,1,1,-1,-1
434,1,416,459,32,83,1,1,-1,-1
434,90,827,439,52,158,1,1,-1,-1
434,196,1096,447,43,144,1,1,-1,-1
435,1,413,468,43,103,1,1,-1,-1
435,34,521,460,24,67,1,1,-1,-1
435,90,825,439,52,158,1,1,-1,-1
436,1,416,459,32,83,1,1,-1,-1
436,34,530,459,20,54,1,1,-1,-1
436,45,587,459,18,49,1,1,-1,-1
436,90,823,439,52,158,1,1,-1,-1
437,1,413,468,43,103,1,1,-1,-1
437,34,521,460,24,67,1,1,-1,-1
437,45,589,454,19,50,1,1,-1,-1
437,197,1018,452,25,77,1,1,-1,-1
438,1,416,459,32,83,1,1,-1,-1
438,34,530,459,20,55,1,1,-1,-1
438,45,587,459,18,49,1,1,-1,-1
438,197,999,453,33,81,1,1,-1,-1
439,1,413,468,43,102,1,1,-1,-1
439,34,522,460,24,67,1,1,-1,-1
439,45,587,459,18,49,1,1,-1,-1
439,197,995,445,35,101,1,1,-1,-1
439,321,1099,401,217,672,1,1,-1,-1
440,1,421,457,30,108,1,1,-1,-1
440,34,522,460,24,67,1,1,-1,-1
440,45,587,459,18,49,1,1,-1,-1
440,197,995,445,35,101,1,1,-1,-1
440,321,1103,401,220,672,1,1,-1,-1
441,1,433,457,34,110,1,1,-1,-1
441,34,522,460,24,67,1,1,-1,-1
441,45,595,454,17,50,1,1,-1,-1
441,197,995,445,35,101,1,1,-1,-1
441,321,1071,467,292,713,1,1,-1,-1
442,1,413,468,43,102,1,1,-1,-1
442,34,530,459,20,56,1,1,-1,-1
442,45,589,455,19,49,1,1,-1,-1
442,197,995,445,35,101,1,1,-1,-1
442,321,1112,401,224,671,1,1,-1,-1
442,322,985,450,25,77,1,1,-1,-1
443,1,413,468,43,102,1,1,-1,-1
443,34,531,459,19,56,1,1,-1,-1
443,45,588,459,18,49,1,1,-1,-1
443,132,926,450,25,65,1,1,-1,-1
443,321,1116,401,227,671,1,1,-1,-1
443,322,987,450,25,77,1,1,-1,-1
444,1,421,457,30,108,1,1,-1,-1
444,34,522,460,25,68,1,1,-1,-1
444,45,588,459,18,49,1,1,-1,-1
444,132,926,450,25,65,1,1,-1,-1
444,322,988,450,25,77,1,1,-1,-1
445,1,413,468,43,102,1,1,-1,-1
445,34,531,459,19,56,1,1,-1,-1
445,45,589,455,19,49,1,1,-1,-1
445,132,925,450,26,65,1,1,-1,-1
445,322,989,450,26,77,1,1,-1,-1
446,1,430,456,35,110,1,1,-1,-1
446,132,925,450,26,64,1,1,-1,-1
446,322,991,450,26,78,1,1,-1,-1
447,1,413,468,43,102,1,1,-1,-1
447,132,925,450,25,64,1,1,-1,-1
448,1,417,459,32,83,1,1,-1,-1
448,132,925,450,25,64,1,1,-1,-1
448,198,798,408,88,303,1,1,-1,-1
449,1,413,468,43,102,1,1,-1,-1
449,132,925,450,25,63,1,1,-1,-1
449,198,738,435,113,267,1,1,-1,-1
450,1,417,459,32,83,1,1,-1,-1
450,198,745,434,110,267,1,1,-1,-1
451,1,413,468,43,102,1,1,-1,-1
451,198,805,408,91,302,1,1,-1,-1
452,1,413,468,43,102,1,1,-1,-1
452,198,760,433,104,267,1,1,-1,-1
453,1,413,468,43,102,1,1,-1,-1
453,67,995,446,35,99,1,1,-1,-1
453,198,817,456,77,251,1,1,-1,-1
454,1,417,459,33,83,1,1,-1,-1
454,67,995,446,35,99,1,1,-1,-1
454,199,588,459,18,49,1,1,-1,-1
455,1,414,468,43,102,1,1,-1,-1
455,67,995,446,35,99,1,1,-1,-1
455,133,515,408,141,337,1,1,-1,-1
455,199,588,459,18,49,1,1,-1,-1
456,1,414,468,43,102,1,1,-1,-1
456,67,995,446,35,99,1,1,-1,-1
456,133,524,435,121,287,1,1,-1,-1
456,199,588,460,18,49,1,1,-1,-1
457,1,421,457,30,108,1,1,-1,-1
457,67,995,446,35,99,1,1,-1,-1
457,133,527,435,124,285,1,1,-1,-1
457,134,622,457,32,82,1,1,-1,-1
457,199,588,460,18,49,1,1,-1,-1
458,1,421,457,30,108,1,1,-1,-1
458,21,800,434,100,262,1,1,-1,-1
458,67,1008,448,26,83,1,1,-1,-1
458,133,530,435,126,284,1,1,-1,-1
458,134,622,456,33,83,1,1,-1,-1
458,199,588,460,18,49,1,1,-1,-1
458,323,655,442,128,294,1,1,-1,-1
459,1,421,457,30,108,1,1,-1,-1
459,8,1027,453,30,81,1,1,-1,-1
459,21,802,434,105,261,1,1,-1,-1
459,67,995,446,35,99,1,1,-1,-1
459,133,534,435,128,283,1,1,-1,-1
459,134,622,456,33,83,1,1,-1,-1
459,199,588,460,18,49,1,1,-1,-1
459,323,654,442,133,293,1,1,-1,-1
460,1,422,457,29,108,1,1,-1,-1
460,8,1019,451,27,78,1,1,-1,-1
460,21,804,434,110,261,1,1,-1,-1
460,67,995,446,35,99,1,1,-1,-1
460,133,537,435,130,282,1,1,-1,-1
460,134,622,456,33,83,1,1,-1,-1
460,323,653,442,138,292,1,1,-1,-1
461,1,414,468,43,102,1,1,-1,-1
461,8,1030,453,30,82,1,1,-1,-1
461,21,829,407,81,302,1,1,-1,-1
461,67,995,446,35,99,1,1,-1,-1
461,133,541,436,132,280,1,1,-1,-1
461,134,622,456,34,84,1,1,-1,-1
461,323,663,441,130,293,1,1,-1,-1
461,324,727,452,28,79,1,1,-1,-1
462,1,418,459,32,83,1,1,-1,-1
462,8,1032,453,30,83,1,1,-1,-1
462,21,830,407,82,302,1,1,-1,-1
462,134,621,456,34,84,1,1,-1,-1
462,323,673,441,122,293,1,1,-1,-1
462,324,727,452,28,79,1,1,-1,-1
463,1,414,468,43,102,1,1,-1,-1
463,8,1019,451,27,78,1,1,-1,-1
463,21,831,407,84,302,1,1,-1,-1
463,134,621,456,34,84,1,1,-1,-1
463,200,559,453,29,75,1,1,-1,-1
463,324,727,452,28,79,1,1,-1,-1
464,1,427,456,35,110,1,1,-1,-1
464,8,1016,449,27,82,1,1,-1,-1
464,21,831,407,86,302,1,1,-1,-1
464,200,560,453,29,75,1,1,-1,-1
464,201,1207,403,262,674,1,1,-1,-1
464,324,727,452,29,79,1,1,-1,-1
465,1,414,468,43,102,1,1,-1,-1
465,8,1018,451,27,78,1,1,-1,-1
465,21,832,407,87,302,1,1,-1,-1
465,200,560,453,30,75,1,1,-1,-1
465,201,1249,419,180,541,1,1,-1,-1
465,324,728,452,28,79,1,1,-1,-1
466,1,422,457,29,108,1,1,-1,-1
466,8,1018,448,27,83,1,1,-1,-1
466,21,828,432,103,258,1,1,-1,-1
466,200,561,453,29,75,1,1,-1,-1
466,201,1251,417,179,544,1,1,-1,-1
467,1,427,457,35,109,1,1,-1,-1
467,8,1018,451,27,78,1,1,-1,-1
467,21,833,408,88,301,1,1,-1,-1
467,200,561,453,30,75,1,1,-1,-1
467,201,1250,401,221,676,1,1,-1,-1
467,325,588,460,18,49,1,1,-1,-1
468,1,427,457,35,109,1,1,-1,-1
468,8,1021,448,27,83,1,1,-1,-1
468,21,834,408,87,301,1,1,-1,-1
468,200,562,453,29,75,1,1,-1,-1
468,201,1264,400,207,677,1,1,-1,-1
468,325,588,460,18,49,1,1,-1,-1
469,1,427,457,35,109,1,1,-1,-1
469,8,1017,451,28,78,1,1,-1,-1
469,21,834,408,87,302,1,1,-1,-1
469,201,1279,399,193,678,1,1,-1,-1
469,325,588,454,18,49,1,1,-1,-1
470,1,414,468,43,102,1,1,-1,-1
470,8,1024,449,29,83,1,1,-1,-1
470,21,845,430,94,257,1,1,-1,-1
470,46,1048,439,38,109,1,1,-1,-1
470,325,588,455,17,48,1,1,-1,-1
471,1,414,468,43,102,1,1,-1,-1
471,8,1016,451,28,78,1,1,-1,-1
471,46,1045,452,30,89,1,1,-1,-1
471,325,588,455,17,48,1,1,-1,-1
472,1,414,468,43,102,1,1,-1,-1
472,8,1027,449,30,84,1,1,-1,-1
472,46,1047,452,30,89,1,1,-1,-1
472,202,744,435,94,298,1,1,-1,-1
472,326,1107,448,35,100,1,1,-1,-1
473,1,414,468,43,102,1,1,-1,-1
473,8,1029,450,31,84,1,1,-1,-1
473,46,1046,440,38,109,1,1,-1,-1
473,202,746,435,95,298,1,1,-1,-1
473,326,1106,448,35,100,1,1,-1,-1
474,1,414,468,43,102,1,1,-1,-1
474,8,1030,450,32,84,1,1,-1,-1
474,46,1050,452,30,90,1,1,-1,-1
474,202,747,435,97,298,1,1,-1,-1
474,326,1105,448,35,100,1,1,-1,-1
475,1,419,459,33,83,1,1,-1,-1
475,8,1031,451,33,84,1,1,-1,-1
475,46,1051,452,30,91,1,1,-1,-1
475,202,748,435,98,298,1,1,-1,-1
475,326,1104,448,35,100,1,1,-1,-1
476,1,414,468,43,102,1,1,-1,-1
476,8,1033,452,34,84,1,1,-1,-1
476,46,1043,441,38,108,1,1,-1,-1
476,202,750,435,99,298,1,1,-1,-1
476,326,1103,447,34,100,1,1,-1,-1
477,1,414,468,43,102,1,1,-1,-1
477,46,1053,452,30,92,1,1,-1,-1
477,202,751,435,101,298,1,1,-1,-1
478,1,422,457,30,108,1,1,-1,-1
478,46,1036,454,36,84,1,1,-1,-1
479,1,414,468,43,102,1,1,-1,-1
479,46,1037,452,36,86,1,1,-1,-1
479,327,631,432,83,273,1,1,-1,-1
480,1,419,458,33,83,1,1,-1,-1
480,203,1354,393,259,734,1,1,-1,-1
480,327,634,432,83,272,1,1,-1,-1
481,1,414,468,43,102,1,1,-1,-1
481,68,1038,442,39,108,1,1,-1,-1
481,135,1529,416,209,404,1,1,-1,-1
481,203,1360,393,269,740,1,1,-1,-1
481,327,637,432,83,271,1,1,-1,-1
482,1,414,468,43,102,1,1,-1,-1
482,68,1042,448,35,90,1,1,-1,-1
482,135,1536,417,207,407,1,1,-1,-1
482,203,1361,392,270,740,1,1,-1,-1
482,327,638,432,88,270,1,1,-1,-1
482,328,1057,450,33,94,1,1,-1,-1
483,1,414,468,43,102,1,1,-1,-1
483,68,1036,442,39,108,1,1,-1,-1
483,69,584,455,18,48,1,1,-1,-1
483,135,1543,418,205,410,1,1,-1,-1
483,203,1362,392,272,740,1,1,-1,-1
483,327,640,432,93,270,1,1,-1,-1
483,328,1059,450,34,93,1,1,-1,-1
483,329,845,409,79,300,1,1,-1,-1
484,1,414,468,43,102,1,1,-1,-1
484,68,1045,447,35,91,1,1,-1,-1
484,69,583,455,18,48,1,1,-1,-1
484,135,1550,419,203,414,1,1,-1,-1
484,203,1363,392,274,740,1,1,-1,-1
484,328,1060,449,35,94,1,1,-1,-1
484,329,846,409,79,300,1,1,-1,-1
484,330,1086,462,38,134,1,1,-1,-1
485,1,424,457,35,109,1,1,-1,-1
485,68,1035,442,39,108,1,1,-1,-1
485,69,583,455,18,48,1,1,-1,-1
485,135,1559,416,194,417,1,1,-1,-1
485,203,1364,392,276,740,1,1,-1,-1
485,328,1061,449,36,93,1,1,-1,-1
485,329,846,409,79,300,1,1,-1,-1
485,330,1086,461,38,135,1,1,-1,-1
486,1,424,457,35,109,1,1,-1,-1
486,28,535,460,17,62,1,1,-1,-1
486,68,1048,447,35,92,1,1,-1,-1
486,69,583,455,18,48,1,1,-1,-1
486,135,1569,413,184,420,1,1,-1,-1
486,328,1063,449,37,93,1,1,-1,-1
486,329,847,409,79,300,1,1,-1,-1
486,330,1086,460,38,137,1,1,-1,-1
486,331,381,463,51,114,1,1,-1,-1
487,28,535,460,18,62,1,1,-1,-1
487,68,1065,448,36,94,1,1,-1,-1
487,69,582,455,18,48,1,1,-1,-1
487,135,1579,411,175,423,1,1,-1,-1
487,204,648,432,113,269,1,1,-1,-1
487,329,801,440,117,289,1,1,-1,-1
487,330,1086,459,38,138,1,1,-1,-1
487,331,381,463,51,114,1,1,-1,-1
488,28,536,460,17,62,1,1,-1,-1
488,68,1052,446,35,93,1,1,-1,-1
488,69,589,461,18,49,1,1,-1,-1
488,204,648,432,114,269,1,1,-1,-1
488,330,1086,457,38,140,1,1,-1,-1
488,331,381,463,51,114,1,1,-1,-1
488,332,414,468,43,102,1,1,-1,-1
489,28,536,460,17,62,1,1,-1,-1
489,68,1033,442,39,108,1,1,-1,-1
489,69,582,455,18,48,1,1,-1,-1
489,91,804,440,132,288,1,1,-1,-1
489,204,649,432,115,269,1,1,-1,-1
489,331,381,463,51,114,1,1,-1,-1
489,332,414,468,43,102,1,1,-1,-1
490,28,536,460,18,62,1,1,-1,-1
490,69,589,461,18,49,1,1,-1,-1
490,91,806,440,132,287,1,1,-1,-1
490,204,650,433,115,268,1,1,-1,-1
490,331,381,463,51,114,1,1,-1,-1
490,332,415,468,43,102,1,1,-1,-1
491,15,1076,448,32,94,1,1,-1,-1
491,28,535,460,27,73,1,1,-1,-1
491,69,589,455,19,49,1,1,-1,-1
491,91,808,440,132,287,1,1,-1,-1
491,204,651,433,116,268,1,1,-1,-1
491,332,415,468,43,101,1,1,-1,-1
492,15,1090,448,35,98,1,1,-1,-1
492,28,535,460,27,73,1,1,-1,-1
492,91,810,440,133,287,1,1,-1,-1
492,204,638,427,101,231,1,1,-1,-1
492,332,415,468,43,101,1,1,-1,-1
492,333,1380,389,281,740,1,1,-1,-1
493,15,1081,448,31,94,1,1,-1,-1
493,28,536,460,27,74,1,1,-1,-1
493,47,582,455,18,48,1,1,-1,-1
493,91,812,440,133,287,1,1,-1,-1
493,205,633,455,32,86,1,1,-1,-1
493,333,1352,379,241,609,1,1,-1,-1
494,15,1063,445,34,96,1,1,-1,-1
494,28,537,461,18,61,1,1,-1,-1
494,47,589,455,19,49,1,1,-1,-1
494,91,814,440,133,287,1,1,-1,-1
494,205,633,455,32,86,1,1,-1,-1
494,333,1354,407,226,562,1,1,-1,-1
495,2,415,468,43,101,1,1,-1,-1
495,15,1065,445,34,96,1,1,-1,-1
495,28,537,461,18,62,1,1,-1,-1
495,47,589,461,18,49,1,1,-1,-1
495,91,854,409,79,300,1,1,-1,-1
495,205,634,455,32,87,1,1,-1,-1
495,333,1355,407,230,562,1,1,-1,-1
496,2,420,458,33,83,1,1,-1,-1
496,15,1067,445,34,97,1,1,-1,-1
496,28,536,460,27,74,1,1,-1,-1
496,47,589,455,19,49,1,1,-1,-1
496,91,823,441,133,286,1,1,-1,-1
496,92,1212,422,219,585,1,1,-1,-1
496,205,635,455,31,88,1,1,-1,-1
496,333,1356,407,235,563,1,1,-1,-1
497,2,415,468,43,101,1,1,-1,-1
497,15,1069,445,34,97,1,1,-1,-1
497,28,536,460,28,74,1,1,-1,-1
497,47,582,454,18,48,1,1,-1,-1
497,92,1215,422,220,586,1,1,-1,-1
497,205,635,455,32,88,1,1,-1,-1
498,2,415,468,43,101,1,1,-1,-1
498,15,1071,445,34,97,1,1,-1,-1
498,47,589,455,19,49,1,1,-1,-1
498,92,1218,422,220,586,1,1,-1,-1
498,205,636,455,31,89,1,1,-1,-1
499,2,415,468,43,101,1,1,-1,-1
499,15,1082,449,34,97,1,1,-1,-1
499,47,582,453,18,48,1,1,-1,-1
499,92,1221,422,221,587,1,1,-1,-1
500,2,415,468,43,101,1,1,-1,-1
500,15,1074,445,34,98,1,1,-1,-1
500,47,582,453,18,48,1,1,-1,-1
500,92,1234,422,213,589,1,1,-1,-1
501,2,425,456,33,108,1,1,-1,-1
501,15,1075,445,34,98,1,1,-1,-1
501,47,582,453,18,48,1,1,-1,-1
501,92,1247,422,206,592,1,1,-1,-1
501,334,726,450,27,88,1,1,-1,-1
501,335,853,442,136,285,1,1,-1,-1
502,2,415,468,43,101,1,1,-1,-1
502,15,1077,445,34,98,1,1,-1,-1
502,35,1113,433,37,156,1,1,-1,-1
502,47,588,461,18,49,1,1,-1,-1
502,92,1260,422,199,594,1,1,-1,-1
502,334,726,450,27,88,1,1,-1,-1
502,335,860,442,136,286,1,1,-1,-1
503,2,421,458,33,83,1,1,-1,-1
503,15,1075,450,34,96,1,1,-1,-1
503,35,1085,452,56,142,1,1,-1,-1
503,92,1274,422,191,597,1,1,-1,-1
503,334,726,450,27,88,1,1,-1,-1
503,335,866,442,136,286,1,1,-1,-1
504,2,415,468,43,101,1,1,-1,-1
504,15,1073,450,34,96,1,1,-1,-1
504,35,1087,452,56,142,1,1,-1,-1
504,334,725,450,28,88,1,1,-1,-1
504,335,866,408,83,300,1,1,-1,-1
504,336,582,452,18,48,1,1,-1,-1
505,2,415,468,43,101,1,1,-1,-1
505,35,1089,453,55,141,1,1,-1,-1
505,334,725,450,28,88,1,1,-1,-1
505,335,878,443,138,285,1,1,-1,-1
505,336,582,452,18,48,1,1,-1,-1
506,2,415,468,43,101,1,1,-1,-1
506,35,1090,453,55,141,1,1,-1,-1
506,336,582,452,18,47,1,1,-1,-1
506,337,458,460,24,74,1,1,-1,-1
507,2,415,468,43,101,1,1,-1,-1
507,35,1113,432,37,156,1,1,-1,-1
507,336,589,455,19,49,1,1,-1,-1
507,337,457,460,25,74,1,1,-1,-1
508,2,415,468,43,101,1,1,-1,-1
508,35,1113,432,37,156,1,1,-1,-1
508,336,589,455,19,49,1,1,-1,-1
508,337,457,460,25,74,1,1,-1,-1
509,2,415,468,43,101,1,1,-1,-1
509,35,1113,432,37,156,1,1,-1,-1
509,136,971,447,35,98,1,1,-1,-1
509,337,457,460,25,74,1,1,-1,-1
510,2,415,468,43,101,1,1,-1,-1
510,35,1113,432,37,156,1,1,-1,-1
510,136,971,447,35,98,1,1,-1,-1
510,337,457,460,25,74,1,1,-1,-1
510,338,575,446,13,32,1,1,-1,-1
511,2,421,458,34,83,1,1,-1,-1
511,35,1096,454,54,140,1,1,-1,-1
511,70,537,461,19,66,1,1,-1,-1
511,136,970,447,35,98,1,1,-1,-1
511,206,589,455,19,49,1,1,-1,-1
511,338,574,445,13,32,1,1,-1,-1
511,339,1012,445,38,108,1,1,-1,-1
512,2,415,468,43,101,1,1,-1,-1
512,35,1096,454,53,140,1,1,-1,-1
512,70,537,461,19,66,1,1,-1,-1
512,136,969,447,35,98,1,1,-1,-1
512,206,582,450,18,48,1,1,-1,-1
512,338,574,445,13,32,1,1,-1,-1
512,339,1011,445,38,108,1,1,-1,-1
513,2,415,468,43,101,1,1,-1,-1
513,29,1093,446,34,98,1,1,-1,-1
513,70,537,461,19,66,1,1,-1,-1
513,136,969,447,35,98,1,1,-1,-1
513,206,582,450,18,47,1,1,-1,-1
513,338,574,445,13,32,1,1,-1,-1
513,339,1011,445,38,108,1,1,-1,-1
514,2,415,468,43,101,1,1,-1,-1
514,29,1103,441,42,120,1,1,-1,-1
514,70,541,461,26,75,1,1,-1,-1
514,136,968,447,35,98,1,1,-1,-1
514,206,589,455,19,49,1,1,-1,-1
514,338,574,445,13,32,1,1,-1,-1
514,339,1011,445,38,108,1,1,-1,-1
515,2,415,468,43,101,1,1,-1,-1
515,29,1095,454,53,138,1,1,-1,-1
515,30,1553,376,305,764,1,1,-1,-1
515,70,541,461,26,75,1,1,-1,-1
515,136,968,447,35,98,1,1,-1,-1
515,206,582,450,18,47,1,1,-1,-1
515,339,1011,445,38,108,1,1,-1,-1
516,2,422,458,33,83,1,1,-1,-1
516,29,1094,454,53,138,1,1,-1,-1
516,30,1556,377,306,764,1,1,-1,-1
516,70,537,460,19,66,1,1,-1,-1
516,206,589,455,19,49,1,1,-1,-1
517,2,415,468,43,101,1,1,-1,-1
517,29,1114,432,36,156,1,1,-1,-1
517,30,1558,378,307,763,1,1,-1,-1
517,70,537,460,19,66,1,1,-1,-1
517,207,561,447,13,32,1,1,-1,-1
517,208,966,447,35,98,1,1,-1,-1
518,2,423,457,29,108,1,1,-1,-1
518,29,1094,453,52,138,1,1,-1,-1
518,30,1560,378,308,764,1,1,-1,-1
518,48,382,463,50,113,1,1,-1,-1
518,70,538,460,19,66,1,1,-1,-1
518,207,561,447,13,32,1,1,-1,-1
518,208,966,447,35,98,1,1,-1,-1
519,2,415,468,43,101,1,1,-1,-1
519,29,1114,432,36,156,1,1,-1,-1
519,30,1563,379,309,763,1,1,-1,-1
519,48,382,463,50,113,1,1,-1,-1
519,70,538,460,19,66,1,1,-1,-1
519,207,561,446,13,32,1,1,-1,-1
519,208,965,447,35,98,1,1,-1,-1
520,2,416,468,43,101,1,1,-1,-1
520,29,1093,453,52,137,1,1,-1,-1
520,30,1565,380,310,763,1,1,-1,-1
520,48,382,463,50,113,1,1,-1,-1
520,207,561,446,13,32,1,1,-1,-1
520,208,953,446,30,81,1,1,-1,-1
521,2,423,457,29,108,1,1,-1,-1
521,29,1093,453,51,136,1,1,-1,-1
521,30,1568,381,311,763,1,1,-1,-1
521,36,543,462,25,74,1,1,-1,-1
521,48,382,463,49,113,1,1,-1,-1
521,207,561,446,13,32,1,1,-1,-1
521,208,954,446,30,81,1,1,-1,-1
522,2,423,457,29,108,1,1,-1,-1
522,29,1092,453,51,136,1,1,-1,-1
522,30,1573,379,311,763,1,1,-1,-1
522,36,538,460,19,66,1,1,-1,-1
522,48,382,463,49,113,1,1,-1,-1
522,207,561,446,13,32,1,1,-1,-1
522,208,954,446,31,81,1,1,-1,-1
523,2,416,468,43,101,1,1,-1,-1
523,29,1092,453,51,136,1,1,-1,-1
523,30,1578,377,311,763,1,1,-1,-1
523,36,539,460,19,66,1,1,-1,-1
523,48,382,463,49,113,1,1,-1,-1
524,2,422,458,34,83,1,1,-1,-1
524,29,1114,431,37,156,1,1,-1,-1
524,30,1584,376,310,763,1,1,-1,-1
524,36,539,460,19,66,1,1,-1,-1
524,48,382,463,49,113,1,1,-1,-1
525,2,416,468,43,101,1,1,-1,-1
525,30,1589,374,311,763,1,1,-1,-1
525,36,539,460,19,66,1,1,-1,-1
525,48,382,463,49,113,1,1,-1,-1
526,2,423,457,29,108,1,1,-1,-1
526,30,1595,373,310,763,1,1,-1,-1
526,36,539,460,19,66,1,1,-1,-1
526,48,382,463,49,113,1,1,-1,-1
526,137,1114,431,37,156,1,1,-1,-1
527,2,416,468,43,101,1,1,-1,-1
527,36,539,460,19,66,1,1,-1,-1
527,48,382,463,49,113,1,1,-1,-1
527,137,1091,452,49,135,1,1,-1,-1
527,340,583,448,18,46,1,1,-1,-1
527,341,1142,453,41,96,1,1,-1,-1
528,2,416,468,43,101,1,1,-1,-1
528,36,544,462,25,75,1,1,-1,-1
528,137,1114,431,37,156,1,1,-1,-1
528,340,583,448,18,46,1,1,-1,-1
528,341,1143,453,41,96,1,1,-1,-1
529,2,431,444,32,95,1,1,-1,-1
529,36,544,462,26,75,1,1,-1,-1
529,137,1090,452,49,134,1,1,-1,-1
529,340,583,447,18,47,1,1,-1,-1
529,341,1145,453,41,96,1,1,-1,-1
529,342,1429,419,199,649,1,1,-1,-1
530,2,423,457,29,108,1,1,-1,-1
530,36,540,460,19,66,1,1,-1,-1
530,137,1090,452,49,133,1,1,-1,-1
530,138,649,454,31,94,1,1,-1,-1
530,340,583,447,18,47,1,1,-1,-1
530,341,1147,453,40,96,1,1,-1,-1
530,342,1441,419,192,649,1,1,-1,-1
531,36,540,460,19,66,1,1,-1,-1
531,93,1087,435,95,241,1,1,-1,-1
531,137,1089,452,49,133,1,1,-1,-1
531,138,650,454,30,94,1,1,-1,-1
531,139,423,458,33,83,1,1,-1,-1
531,340,583,447,18,47,1,1,-1,-1
531,341,1149,453,40,96,1,1,-1,-1
531,342,1453,419,186,649,1,1,-1,-1
532,93,1090,435,92,241,1,1,-1,-1
532,137,1089,451,48,133,1,1,-1,-1
532,138,650,454,30,94,1,1,-1,-1
532,139,416,468,43,101,1,1,-1,-1
532,342,1454,418,197,649,1,1,-1,-1
533,93,1092,435,91,241,1,1,-1,-1
533,138,650,454,31,94,1,1,-1,-1
533,139,423,457,29,108,1,1,-1,-1
533,342,1456,417,207,649,1,1,-1,-1
534,93,1095,435,88,241,1,1,-1,-1
534,138,650,454,31,94,1,1,-1,-1
534,139,416,468,43,101,1,1,-1,-1
534,140,1673,370,280,762,1,1,-1,-1
535,93,1098,435,86,241,1,1,-1,-1
535,138,651,454,30,95,1,1,-1,-1
535,139,425,457,32,107,1,1,-1,-1
535,140,1690,371,270,763,1,1,-1,-1
535,209,382,463,49,113,1,1,-1,-1
535,343,1572,411,212,592,1,1,-1,-1
536,93,1101,435,83,241,1,1,-1,-1
536,138,651,454,30,95,1,1,-1,-1
536,139,425,457,32,107,1,1,-1,-1
536,140,1707,373,260,763,1,1,-1,-1
536,209,382,463,49,113,1,1,-1,-1
536,343,1461,415,221,650,1,1,-1,-1
537,93,1104,435,81,241,1,1,-1,-1
537,139,423,457,29,108,1,1,-1,-1
537,140,1724,375,250,762,1,1,-1,-1
537,209,382,463,49,113,1,1,-1,-1
537,343,1462,414,223,651,1,1,-1,-1
538,71,659,451,39,117,1,1,-1,-1
538,93,1104,435,81,241,1,1,-1,-1
538,140,1741,376,240,763,1,1,-1,-1
538,141,584,446,18,47,1,1,-1,-1
538,209,382,463,49,113,1,1,-1,-1
538,343,1464,414,225,652,1,1,-1,-1
539,71,652,454,30,95,1,1,-1,-1
539,140,1758,378,230,762,1,1,-1,-1
539,141,589,455,19,49,1,1,-1,-1
539,209,382,463,49,113,1,1,-1,-1
539,343,1465,413,228,653,1,1,-1,-1
540,71,652,454,30,95,1,1,-1,-1
540,140,1775,380,220,762,1,1,-1,-1
540,141,589,455,19,49,1,1,-1,-1
540,209,382,463,49,113,1,1,-1,-1
541,71,657,450,38,117,1,1,-1,-1
541,141,584,446,18,46,1,1,-1,-1
542,71,653,454,31,96,1,1,-1,-1
542,141,589,455,19,49,1,1,-1,-1
543,71,653,454,32,96,1,1,-1,-1
543,141,584,446,18,46,1,1,-1,-1
543,142,416,468,43,101,1,1,-1,-1
544,71,654,454,32,96,1,1,-1,-1
544,141,584,446,18,46,1,1,-1,-1
544,142,416,468,43,101,1,1,-1,-1
545,71,654,454,33,96,1,1,-1,-1
545,142,395,456,53,125,1,1,-1,-1
545,344,1085,450,45,128,1,1,-1,-1
546,71,654,450,37,116,1,1,-1,-1
546,142,425,457,31,107,1,1,-1,-1
546,344,1084,449,45,129,1,1,-1,-1
546,345,1047,453,32,86,1,1,-1,-1
547,94,715,448,34,97,1,1,-1,-1
547,142,423,457,30,108,1,1,-1,-1
547,344,1084,449,44,128,1,1,-1,-1
547,345,1047,453,32,86,1,1,-1,-1
548,94,715,448,34,98,1,1,-1,-1
548,142,425,457,31,107,1,1,-1,-1
548,344,1084,449,44,128,1,1,-1,-1
548,345,1047,453,32,86,1,1,-1,-1
549,94,715,448,35,98,1,1,-1,-1
549,142,423,457,30,108,1,1,-1,-1
549,344,1083,449,44,128,1,1,-1,-1
549,345,1047,453,32,86,1,1,-1,-1
550,94,715,448,35,98,1,1,-1,-1
550,345,1047,453,32,86,1,1,-1,-1
550,346,652,450,36,116,1,1,-1,-1
550,347,1004,447,39,108,1,1,-1,-1
550,348,1115,430,37,156,1,1,-1,-1
551,94,715,448,36,99,1,1,-1,-1
551,346,651,451,37,115,1,1,-1,-1
551,347,1003,447,39,108,1,1,-1,-1
551,348,1115,430,37,156,1,1,-1,-1
552,94,715,448,36,99,1,1,-1,-1
552,210,1131,436,76,242,1,1,-1,-1
552,346,651,452,36,114,1,1,-1,-1
552,347,1003,447,39,108,1,1,-1,-1
552,348,1116,430,36,156,1,1,-1,-1
553,94,715,448,36,99,1,1,-1,-1
553,210,1087,443,110,280,1,1,-1,-1
553,346,650,453,37,113,1,1,-1,-1
553,347,1002,447,39,108,1,1,-1,-1
553,348,1116,430,36,156,1,1,-1,-1
554,72,575,440,13,32,1,1,-1,-1
554,94,716,448,36,99,1,1,-1,-1
554,210,1135,436,77,243,1,1,-1,-1
554,346,657,454,40,97,1,1,-1,-1
554,347,1002,447,39,108,1,1,-1,-1
554,348,1116,430,36,156,1,1,-1,-1
554,349,382,463,48,113,1,1,-1,-1
555,72,575,439,13,32,1,1,-1,-1
555,210,1135,405,91,270,1,1,-1,-1
555,349,382,463,48,113,1,1,-1,-1
556,13,425,458,31,105,1,1,-1,-1
556,72,575,439,13,32,1,1,-1,-1
556,210,1133,435,88,242,1,1,-1,-1
556,349,382,463,48,113,1,1,-1,-1
557,13,416,468,43,101,1,1,-1,-1
557,72,575,439,13,32,1,1,-1,-1
557,95,647,455,38,109,1,1,-1,-1
557,210,1091,444,111,280,1,1,-1,-1
557,349,382,463,48,113,1,1,-1,-1
557,350,549,459,27,80,1,1,-1,-1
558,13,425,457,34,83,1,1,-1,-1
558,72,575,439,13,32,1,1,-1,-1
558,95,646,454,38,109,1,1,-1,-1
558,349,382,463,48,113,1,1,-1,-1
558,350,543,460,22,71,1,1,-1,-1
559,13,425,457,34,83,1,1,-1,-1
559,72,575,439,13,32,1,1,-1,-1
559,95,659,454,43,98,1,1,-1,-1
559,350,550,459,26,80,1,1,-1,-1
559,351,1133,435,97,240,1,1,-1,-1
560,13,416,468,43,101,1,1,-1,-1
560,49,585,444,19,45,1,1,-1,-1
560,72,575,439,13,32,1,1,-1,-1
560,95,645,454,37,109,1,1,-1,-1
560,211,978,444,35,95,1,1,-1,-1
560,350,543,460,22,72,1,1,-1,-1
560,351,1094,445,113,280,1,1,-1,-1
561,13,416,468,43,101,1,1,-1,-1
561,49,589,456,19,49,1,1,-1,-1
561,72,575,439,13,32,1,1,-1,-1
561,95,660,454,45,99,1,1,-1,-1
561,211,979,444,35,95,1,1,-1,-1
561,350,543,460,22,73,1,1,-1,-1
561,351,1103,443,110,280,1,1,-1,-1
562,13,416,468,43,101,1,1,-1,-1
562,49,585,443,19,46,1,1,-1,-1
562,72,575,439,13,32,1,1,-1,-1
562,95,660,453,44,100,1,1,-1,-1
562,211,980,444,34,95,1,1,-1,-1
562,351,1112,442,107,279,1,1,-1,-1
563,13,426,458,30,105,1,1,-1,-1
563,49,588,455,19,48,1,1,-1,-1
563,95,646,455,40,122,1,1,-1,-1
563,211,980,444,35,95,1,1,-1,-1
563,351,1122,441,104,278,1,1,-1,-1
564,13,416,468,43,101,1,1,-1,-1
564,49,585,443,19,45,1,1,-1,-1
564,95,642,454,36,108,1,1,-1,-1
564,211,981,444,35,96,1,1,-1,-1
565,13,416,468,43,101,1,1,-1,-1
565,49,585,443,19,45,1,1,-1,-1
565,211,988,442,33,92,1,1,-1,-1
565,352,1132,441,102,277,1,1,-1,-1
566,13,416,468,43,101,1,1,-1,-1
566,49,585,443,19,45,1,1,-1,-1
566,212,1008,412,134,286,1,1,-1,-1
566,352,1137,442,101,276,1,1,-1,-1
567,3,449,462,21,72,1,1,-1,-1
567,13,416,468,43,101,1,1,-1,-1
567,49,585,443,19,45,1,1,-1,-1
567,73,983,444,35,97,1,1,-1,-1
567,212,1009,412,133,286,1,1,-1,-1
567,352,1144,433,89,243,1,1,-1,-1
568,3,448,462,21,72,1,1,-1,-1
568,13,424,457,29,108,1,1,-1,-1
568,49,586,443,18,45,1,1,-1,-1
568,73,983,444,36,97,1,1,-1,-1
568,212,1010,412,132,287,1,1,-1,-1
568,352,1145,433,88,243,1,1,-1,-1
569,3,448,462,21,72,1,1,-1,-1
569,13,426,458,30,105,1,1,-1,-1
569,49,586,442,18,46,1,1,-1,-1
569,73,984,444,36,97,1,1,-1,-1
569,96,1658,404,237,705,1,1,-1,-1
569,212,1011,412,131,287,1,1,-1,-1
569,352,1146,433,87,244,1,1,-1,-1
570,3,447,462,21,72,1,1,-1,-1
570,13,416,469,44,100,1,1,-1,-1
570,73,985,444,35,98,1,1,-1,-1
570,96,1659,404,243,706,1,1,-1,-1
570,212,1012,412,130,287,1,1,-1,-1
570,353,551,459,28,81,1,1,-1,-1
571,3,447,462,21,72,1,1,-1,-1
571,73,985,444,36,98,1,1,-1,-1
571,96,1661,404,248,707,1,1,-1,-1
571,212,1013,412,129,287,1,1,-1,-1
571,353,544,460,24,74,1,1,-1,-1
571,354,1230,441,42,113,1,1,-1,-1
572,3,446,462,21,72,1,1,-1,-1
572,73,986,444,36,98,1,1,-1,-1
572,96,1791,398,191,608,1,1,-1,-1
572,353,552,460,28,80,1,1,-1,-1
572,354,1232,440,41,114,1,1,-1,-1
573,3,426,457,34,83,1,1,-1,-1
573,73,986,444,37,98,1,1,-1,-1
573,96,1664,404,259,710,1,1,-1,-1
573,143,1148,431,85,246,1,1,-1,-1
573,213,587,452,18,44,1,1,-1,-1
573,353,544,460,25,74,1,1,-1,-1
573,354,1234,440,41,115,1,1,-1,-1
574,3,416,469,43,100,1,1,-1,-1
574,73,987,444,36,99,1,1,-1,-1
574,96,1665,404,266,712,1,1,-1,-1
574,143,1149,431,84,247,1,1,-1,-1
574,213,586,442,19,45,1,1,-1,-1
574,353,544,460,25,74,1,1,-1,-1
574,354,1237,440,42,114,1,1,-1,-1
575,3,427,458,30,105,1,1,-1,-1
575,73,988,444,36,99,1,1,-1,-1
575,96,1667,404,271,713,1,1,-1,-1
575,143,1160,441,125,274,1,1,-1,-1
575,213,586,442,19,45,1,1,-1,-1
575,354,1241,440,42,113,1,1,-1,-1
576,3,416,469,43,100,1,1,-1,-1
576,96,1669,404,276,715,1,1,-1,-1
576,143,1150,431,84,247,1,1,-1,-1
576,213,586,442,19,44,1,1,-1,-1
577,3,416,469,43,100,1,1,-1,-1
577,143,1151,431,83,247,1,1,-1,-1
577,213,586,441,19,45,1,1,-1,-1
578,3,416,469,42,100,1,1,-1,-1
578,143,1151,431,84,247,1,1,-1,-1
578,213,586,441,19,45,1,1,-1,-1
578,214,990,444,36,100,1,1,-1,-1
579,3,424,457,29,108,1,1,-1,-1
579,143,1168,440,125,274,1,1,-1,-1
579,214,990,443,37,101,1,1,-1,-1
580,3,424,457,29,108,1,1,-1,-1
580,214,992,448,39,109,1,1,-1,-1
581,3,416,469,42,100,1,1,-1,-1
581,214,992,443,36,102,1,1,-1,-1
582,3,424,457,29,108,1,1,-1,-1
582,214,991,448,39,109,1,1,-1,-1
583,3,427,458,30,104,1,1,-1,-1
583,214,993,443,37,102,1,1,-1,-1
583,355,576,435,13,32,1,1,-1,-1
584,3,416,469,42,100,1,1,-1,-1
584,355,576,435,13,32,1,1,-1,-1
585,3,417,469,41,100,1,1,-1,-1
585,97,545,460,25,74,1,1,-1,-1
585,355,576,435,13,32,1,1,-1,-1
586,3,417,469,40,100,1,1,-1,-1
586,97,557,461,27,82,1,1,-1,-1
586,98,587,440,18,45,1,1,-1,-1
586,355,576,435,13,32,1,1,-1,-1
587,3,424,457,29,108,1,1,-1,-1
587,97,545,460,25,74,1,1,-1,-1
587,98,587,447,18,43,1,1,-1,-1
587,355,576,435,13,32,1,1,-1,-1
588,3,424,457,29,108,1,1,-1,-1
588,97,557,461,27,82,1,1,-1,-1
588,98,587,447,18,43,1,1,-1,-1
588,99,1090,414,105,283,1,1,-1,-1
589,3,424,457,29,108,1,1,-1,-1
589,97,557,461,27,82,1,1,-1,-1
589,98,587,440,19,44,1,1,-1,-1
589,99,1091,414,105,283,1,1,-1,-1
590,3,428,458,29,104,1,1,-1,-1
590,97,545,460,25,74,1,1,-1,-1
590,98,587,446,18,43,1,1,-1,-1
590,99,1093,415,105,283,1,1,-1,-1
591,3,424,457,29,108,1,1,-1,-1
591,97,545,460,25,74,1,1,-1,-1
591,98,587,446,18,43,1,1,-1,-1
591,99,1094,415,105,283,1,1,-1,-1
592,3,417,469,40,100,1,1,-1,-1
592,97,556,460,28,84,1,1,-1,-1
592,98,587,446,18,43,1,1,-1,-1
592,99,1096,416,105,283,1,1,-1,-1
593,3,417,469,39,100,1,1,-1,-1
593,98,587,446,18,43,1,1,-1,-1
593,99,1097,416,104,282,1,1,-1,-1
594,3,427,457,35,83,1,1,-1,-1
594,99,1099,416,102,282,1,1,-1,-1
595,3,417,469,39,100,1,1,-1,-1
595,99,1100,416,101,282,1,1,-1,-1
595,215,587,439,19,44,1,1,-1,-1
596,3,417,469,39,100,1,1,-1,-1
596,215,587,439,19,44,1,1,-1,-1
597,3,424,457,29,108,1,1,-1,-1
597,215,587,446,18,43,1,1,-1,-1
598,3,417,469,39,100,1,1,-1,-1
598,215,587,439,19,44,1,1,-1,-1
599,215,587,439,19,44,1,1,-1,-1
600,215,587,446,18,43,1,1,-1,-1
