1,-1,466.00,139.00,91.00,194.00,1,-1,-1,-1
1,-1,389.00,151.00,108.00,209.00,1,-1,-1,-1
1,-1,485.00,145.00,17.00,55.00,1,-1,-1,-1
1,-1,526.00,138.00,16.00,54.00,1,-1,-1,-1
1,-1,545.00,143.00,15.00,47.00,1,-1,-1,-1
1,-1,569.00,146.00,13.00,46.00,1,-1,-1,-1
1,-1,622.64,243.82,130.25,238.91,1,-1,-1,-1
1,-1,552.77,315.25,67.45,257.18,1,-1,-1,-1
2,-1,483.00,139.00,83.00,196.00,1,-1,-1,-1
2,-1,403.00,149.00,99.00,211.00,1,-1,-1,-1
2,-1,486.00,145.00,18.00,55.00,1,-1,-1,-1
2,-1,526.00,137.00,17.00,54.00,1,-1,-1,-1
2,-1,545.00,143.00,14.00,48.00,1,-1,-1,-1
2,-1,567.00,145.00,13.00,46.00,1,-1,-1,-1
3,-1,500.00,140.00,73.00,198.00,1,-1,-1,-1
3,-1,419.00,148.00,90.00,213.00,1,-1,-1,-1
3,-1,487.00,146.00,20.00,56.00,1,-1,-1,-1
3,-1,526.00,137.00,18.00,54.00,1,-1,-1,-1
3,-1,544.00,143.00,13.00,48.00,1,-1,-1,-1
3,-1,567.00,145.00,13.00,46.00,1,-1,-1,-1
3,-1,949.23,225.65,145.39,189.16,1,-1,-1,-1
4,-1,511.00,140.00,76.00,201.00,1,-1,-1,-1
4,-1,434.00,147.00,89.00,216.00,1,-1,-1,-1
4,-1,488.00,146.00,21.00,56.00,1,-1,-1,-1
4,-1,526.00,137.00,17.00,55.00,1,-1,-1,-1
4,-1,548.00,143.00,11.00,48.00,1,-1,-1,-1
4,-1,567.00,145.00,13.00,46.00,1,-1,-1,-1
4,-1,780.40,85.45,64.38,232.64,1,-1,-1,-1
4,-1,562.31,159.69,78.46,280.17,1,-1,-1,-1
5,-1,522.00,140.00,77.00,203.00,1,-1,-1,-1
5,-1,450.00,147.00,89.00,218.00,1,-1,-1,-1
5,-1,489.00,146.00,21.00,57.00,1,-1,-1,-1
5,-1,526.00,137.00,15.00,55.00,1,-1,-1,-1
5,-1,551.00,143.00,9.00,49.00,1,-1,-1,-1
5,-1,566.00,145.00,14.00,47.00,1,-1,-1,-1
5,-1,160.42,97.64,148.79,230.16,1,-1,-1,-1
5,-1,1025.79,212.46,119.17,256.49,1,-1,-1,-1
5,-1,834.28,55.94,72.88,237.10,1,-1,-1,-1
5,-1,56.66,346.47,90.17,144.43,1,-1,-1,-1
6,-1,530.00,140.00,79.00,206.00,1,-1,-1,-1
6,-1,457.00,150.00,99.00,219.00,1,-1,-1,-1
6,-1,490.00,146.00,20.00,57.00,1,-1,-1,-1
6,-1,523.00,137.00,15.00,56.00,1,-1,-1,-1
6,-1,547.00,142.00,12.00,49.00,1,-1,-1,-1
6,-1,569.00,145.00,14.00,47.00,1,-1,-1,-1
6,-1,218.19,28.92,92.62,245.40,1,-1,-1,-1
6,-1,776.32,43.52,122.56,163.59,1,-1,-1,-1
6,-1,1.91,110.17,93.61,244.79,1,-1,-1,-1
6,-1,164.69,191.25,141.70,219.34,1,-1,-1,-1
7,-1,538.00,141.00,79.00,207.00,1,-1,-1,-1
7,-1,464.00,154.00,110.00,215.00,1,-1,-1,-1
7,-1,492.00,146.00,18.00,58.00,1,-1,-1,-1
7,-1,519.00,137.00,15.00,56.00,1,-1,-1,-1
7,-1,543.00,142.00,15.00,49.00,1,-1,-1,-1
7,-1,571.00,145.00,14.00,47.00,1,-1,-1,-1
7,-1,930.50,214.20,77.37,269.01,1,-1,-1,-1
7,-1,878.72,153.46,95.77,194.53,1,-1,-1,-1
7,-1,1105.15,348.15,159.72,145.99,1,-1,-1,-1
7,-1,463.47,92.06,120.30,280.75,1,-1,-1,-1
8,-1,559.00,142.00,68.00,208.00,1,-1,-1,-1
8,-1,486.00,153.00,92.00,216.00,1,-1,-1,-1
8,-1,494.00,146.00,19.00,58.00,1,-1,-1,-1
8,-1,520.00,137.00,16.00,56.00,1,-1,-1,-1
8,-1,543.00,142.00,17.00,49.00,1,-1,-1,-1
8,-1,570.00,145.00,13.00,47.00,1,-1,-1,-1
8,-1,256.52,229.36,109.76,186.75,1,-1,-1,-1
9,-1,581.00,142.00,56.00,210.00,1,-1,-1,-1
9,-1,509.00,151.00,73.00,218.00,1,-1,-1,-1
9,-1,220.00,143.00,59.00,167.00,1,-1,-1,-1
9,-1,496.00,146.00,20.00,58.00,1,-1,-1,-1
9,-1,522.00,137.00,18.00,57.00,1,-1,-1,-1
9,-1,543.00,143.00,18.00,50.00,1,-1,-1,-1
9,-1,568.00,145.00,12.00,48.00,1,-1,-1,-1
9,-1,316.65,201.84,70.15,213.68,1,-1,-1,-1
9,-1,354.45,95.39,149.17,206.65,1,-1,-1,-1
9,-1,168.02,39.79,132.01,181.43,1,-1,-1,-1
10,-1,589.00,143.00,74.00,211.00,1,-1,-1,-1
10,-1,520.00,149.00,93.00,220.00,1,-1,-1,-1
10,-1,228.00,142.00,67.00,169.00,1,-1,-1,-1
10,-1,497.00,146.00,19.00,59.00,1,-1,-1,-1
10,-1,521.00,137.00,17.00,57.00,1,-1,-1,-1
10,-1,543.00,143.00,18.00,50.00,1,-1,-1,-1
10,-1,569.00,145.00,16.00,48.00,1,-1,-1,-1
10,-1,377.81,155.66,102.40,224.78,1,-1,-1,-1
10,-1,1201.88,268.99,132.31,148.95,1,-1,-1,-1
11,-1,597.00,144.00,92.00,212.00,1,-1,-1,-1
11,-1,530.00,147.00,111.00,222.00,1,-1,-1,-1
11,-1,236.00,142.00,74.00,171.00,1,-1,-1,-1
11,-1,498.00,145.00,18.00,59.00,1,-1,-1,-1
11,-1,520.00,137.00,16.00,57.00,1,-1,-1,-1
11,-1,543.00,143.00,18.00,50.00,1,-1,-1,-1
11,-1,569.00,145.00,20.00,48.00,1,-1,-1,-1
11,-1,167.55,15.45,84.57,255.07,1,-1,-1,-1
11,-1,958.25,57.64,97.70,174.97,1,-1,-1,-1
11,-1,1149.29,139.57,110.73,274.30,1,-1,-1,-1
11,-1,1148.16,250.43,138.06,178.58,1,-1,-1,-1
11,-1,361.87,277.28,122.92,180.54,1,-1,-1,-1
11,-1,66.40,305.14,153.00,203.44,1,-1,-1,-1
12,-1,600.00,143.00,86.00,215.00,1,-1,-1,-1
12,-1,543.00,146.00,110.00,223.00,1,-1,-1,-1
12,-1,247.00,141.00,70.00,172.00,1,-1,-1,-1
12,-1,186.00,130.00,113.00,193.00,1,-1,-1,-1
12,-1,501.00,145.00,19.00,60.00,1,-1,-1,-1
12,-1,519.00,137.00,16.00,58.00,1,-1,-1,-1
12,-1,543.00,143.00,17.00,51.00,1,-1,-1,-1
12,-1,570.00,145.00,18.00,49.00,1,-1,-1,-1
12,-1,529.80,364.13,66.31,184.15,1,-1,-1,-1
12,-1,529.83,292.80,113.42,160.36,1,-1,-1,-1
12,-1,1014.16,37.06,90.82,269.52,1,-1,-1,-1
13,-1,606.00,142.00,78.00,219.00,1,-1,-1,-1
13,-1,556.00,144.00,108.00,225.00,1,-1,-1,-1
13,-1,258.00,140.00,65.00,174.00,1,-1,-1,-1
13,-1,237.00,128.00,79.00,196.00,1,-1,-1,-1
13,-1,503.00,145.00,20.00,60.00,1,-1,-1,-1
13,-1,518.00,137.00,17.00,58.00,1,-1,-1,-1
13,-1,543.00,143.00,16.00,51.00,1,-1,-1,-1
13,-1,571.00,145.00,17.00,49.00,1,-1,-1,-1
13,-1,384.41,128.95,74.60,225.22,1,-1,-1,-1
13,-1,1106.12,11.18,137.53,213.85,1,-1,-1,-1
13,-1,561.92,40.29,158.95,153.84,1,-1,-1,-1
14,-1,629.00,142.00,75.00,223.00,1,-1,-1,-1
14,-1,576.00,143.00,93.00,226.00,1,-1,-1,-1
14,-1,270.00,140.00,68.00,176.00,1,-1,-1,-1
14,-1,252.00,127.00,75.00,199.00,1,-1,-1,-1
14,-1,504.00,145.00,19.00,61.00,1,-1,-1,-1
14,-1,519.00,136.00,17.00,59.00,1,-1,-1,-1
14,-1,544.00,143.00,16.00,52.00,1,-1,-1,-1
14,-1,573.00,145.00,15.00,49.00,1,-1,-1,-1
14,-1,646.02,229.75,94.90,257.64,1,-1,-1,-1
14,-1,54.21,310.18,133.32,192.55,1,-1,-1,-1
14,-1,1021.20,259.99,74.53,275.51,1,-1,-1,-1
14,-1,775.30,325.49,129.95,183.21,1,-1,-1,-1
15,-1,652.00,141.00,71.00,228.00,1,-1,-1,-1
15,-1,596.00,142.00,77.00,227.00,1,-1,-1,-1
15,-1,283.00,141.00,70.00,177.00,1,-1,-1,-1
15,-1,268.00,125.00,70.00,202.00,1,-1,-1,-1
15,-1,506.00,145.00,18.00,62.00,1,-1,-1,-1
15,-1,519.00,136.00,17.00,59.00,1,-1,-1,-1
15,-1,544.00,143.00,15.00,52.00,1,-1,-1,-1
15,-1,574.00,145.00,14.00,50.00,1,-1,-1,-1
15,-1,210.45,58.05,91.71,144.26,1,-1,-1,-1
15,-1,86.35,346.63,86.08,177.21,1,-1,-1,-1
15,-1,944.64,82.09,136.93,206.21,1,-1,-1,-1
15,-1,428.74,282.05,81.07,223.42,1,-1,-1,-1
16,-1,657.00,140.00,78.00,229.00,1,-1,-1,-1
16,-1,595.00,144.00,98.00,225.00,1,-1,-1,-1
16,-1,300.00,142.00,64.00,178.00,1,-1,-1,-1
16,-1,270.00,123.00,68.00,206.00,1,-1,-1,-1
16,-1,508.00,145.00,19.00,62.00,1,-1,-1,-1
16,-1,517.00,135.00,16.00,59.00,1,-1,-1,-1
16,-1,544.00,143.00,15.00,52.00,1,-1,-1,-1
16,-1,574.00,145.00,14.00,50.00,1,-1,-1,-1
16,-1,317.37,301.69,86.71,282.40,1,-1,-1,-1
16,-1,1151.92,6.10,104.14,168.14,1,-1,-1,-1
16,-1,84.91,82.36,114.12,187.22,1,-1,-1,-1
17,-1,661.00,140.00,83.00,229.00,1,-1,-1,-1
17,-1,594.00,146.00,118.00,223.00,1,-1,-1,-1
17,-1,316.00,143.00,58.00,179.00,1,-1,-1,-1
17,-1,271.00,122.00,64.00,209.00,1,-1,-1,-1
17,-1,510.00,145.00,19.00,63.00,1,-1,-1,-1
17,-1,515.00,135.00,15.00,60.00,1,-1,-1,-1
17,-1,544.00,143.00,15.00,53.00,1,-1,-1,-1
17,-1,574.00,145.00,13.00,50.00,1,-1,-1,-1
17,-1,794.05,12.09,161.35,186.97,1,-1,-1,-1
17,-1,910.78,245.75,106.15,236.29,1,-1,-1,-1
17,-1,652.26,253.43,88.11,263.07,1,-1,-1,-1
17,-1,88.32,199.78,87.80,145.13,1,-1,-1,-1
17,-1,535.62,102.65,86.21,253.29,1,-1,-1,-1
18,-1,674.00,139.00,89.00,230.00,1,-1,-1,-1
18,-1,609.00,148.00,110.00,221.00,1,-1,-1,-1
18,-1,320.00,142.00,80.00,180.00,1,-1,-1,-1
18,-1,270.00,123.00,64.00,211.00,1,-1,-1,-1
18,-1,511.00,145.00,21.00,63.00,1,-1,-1,-1
18,-1,517.00,135.00,20.00,60.00,1,-1,-1,-1
18,-1,544.00,143.00,16.00,53.00,1,-1,-1,-1
18,-1,574.00,146.00,15.00,51.00,1,-1,-1,-1
18,-1,953.96,245.29,82.41,252.44,1,-1,-1,-1
18,-1,711.31,8.67,155.28,178.64,1,-1,-1,-1
18,-1,508.64,237.95,132.78,269.70,1,-1,-1,-1
19,-1,686.00,138.00,93.00,231.00,1,-1,-1,-1
19,-1,628.00,147.00,102.00,222.00,1,-1,-1,-1
19,-1,323.00,141.00,102.00,181.00,1,-1,-1,-1
19,-1,269.00,123.00,62.00,212.00,1,-1,-1,-1
19,-1,1073.00,142.00,150.00,227.00,1,-1,-1,-1
19,-1,512.00,145.00,22.00,64.00,1,-1,-1,-1
19,-1,517.00,135.00,21.00,61.00,1,-1,-1,-1
19,-1,544.00,143.00,18.00,53.00,1,-1,-1,-1
19,-1,575.00,146.00,16.00,51.00,1,-1,-1,-1
19,-1,735.85,18.79,160.81,156.89,1,-1,-1,-1
19,-1,1044.03,36.85,139.18,206.82,1,-1,-1,-1
19,-1,944.78,148.22,101.50,241.66,1,-1,-1,-1
20,-1,704.00,137.00,83.00,232.00,1,-1,-1,-1
20,-1,651.00,147.00,95.00,222.00,1,-1,-1,-1
20,-1,333.00,140.00,96.00,183.00,1,-1,-1,-1
20,-1,275.00,124.00,73.00,214.00,1,-1,-1,-1
20,-1,1043.00,143.00,180.00,226.00,1,-1,-1,-1
20,-1,513.00,146.00,23.00,64.00,1,-1,-1,-1
20,-1,517.00,135.00,22.00,61.00,1,-1,-1,-1
20,-1,545.00,143.00,17.00,54.00,1,-1,-1,-1
20,-1,576.00,146.00,16.00,51.00,1,-1,-1,-1
20,-1,200.97,118.54,140.77,256.24,1,-1,-1,-1
20,-1,200.77,59.25,73.58,268.71,1,-1,-1,-1
20,-1,1157.26,172.64,134.20,220.46,1,-1,-1,-1
21,-1,722.00,137.00,71.00,232.00,1,-1,-1,-1
21,-1,673.00,146.00,86.00,223.00,1,-1,-1,-1
21,-1,343.00,139.00,89.00,184.00,1,-1,-1,-1
21,-1,280.00,125.00,82.00,216.00,1,-1,-1,-1
21,-1,1014.00,144.00,208.00,225.00,1,-1,-1,-1
21,-1,515.00,146.00,23.00,64.00,1,-1,-1,-1
21,-1,517.00,136.00,23.00,61.00,1,-1,-1,-1
21,-1,546.00,143.00,17.00,54.00,1,-1,-1,-1
21,-1,577.00,146.00,16.00,51.00,1,-1,-1,-1
21,-1,25.86,98.81,102.64,242.63,1,-1,-1,-1
21,-1,1129.87,58.46,121.75,206.71,1,-1,-1,-1
22,-1,724.00,137.00,91.00,233.00,1,-1,-1,-1
22,-1,681.00,145.00,103.00,224.00,1,-1,-1,-1
22,-1,367.00,138.00,79.00,186.00,1,-1,-1,-1
22,-1,295.00,126.00,74.00,217.00,1,-1,-1,-1
22,-1,988.00,145.00,206.00,224.00,1,-1,-1,-1
22,-1,515.00,146.00,21.00,64.00,1,-1,-1,-1
22,-1,517.00,136.00,24.00,62.00,1,-1,-1,-1
22,-1,547.00,143.00,17.00,54.00,1,-1,-1,-1
22,-1,577.00,146.00,18.00,52.00,1,-1,-1,-1
22,-1,16.68,22.10,97.44,192.99,1,-1,-1,-1
22,-1,601.15,44.93,81.09,259.48,1,-1,-1,-1
22,-1,782.55,328.55,140.97,182.10,1,-1,-1,-1
22,-1,21.20,31.48,146.30,273.10,1,-1,-1,-1
22,-1,269.16,12.58,103.91,157.88,1,-1,-1,-1
22,-1,267.78,337.75,90.34,235.58,1,-1,-1,-1
23,-1,726.00,137.00,110.00,232.00,1,-1,-1,-1
23,-1,687.00,145.00,119.00,224.00,1,-1,-1,-1
23,-1,391.00,139.00,69.00,187.00,1,-1,-1,-1
23,-1,308.00,126.00,64.00,219.00,1,-1,-1,-1
23,-1,970.00,147.00,164.00,222.00,1,-1,-1,-1
23,-1,516.00,146.00,18.00,65.00,1,-1,-1,-1
23,-1,517.00,134.00,24.00,62.00,1,-1,-1,-1
23,-1,546.00,143.00,16.00,55.00,1,-1,-1,-1
23,-1,577.00,146.00,19.00,52.00,1,-1,-1,-1
23,-1,970.31,66.77,128.77,246.52,1,-1,-1,-1
23,-1,831.83,336.71,158.00,259.44,1,-1,-1,-1
24,-1,738.00,137.00,99.00,232.00,1,-1,-1,-1
24,-1,719.00,144.00,113.00,225.00,1,-1,-1,-1
24,-1,397.00,139.00,79.00,189.00,1,-1,-1,-1
24,-1,314.00,125.00,72.00,220.00,1,-1,-1,-1
24,-1,959.00,148.00,133.00,221.00,1,-1,-1,-1
24,-1,519.00,145.00,21.00,66.00,1,-1,-1,-1
24,-1,517.00,133.00,24.00,63.00,1,-1,-1,-1
24,-1,546.00,143.00,17.00,55.00,1,-1,-1,-1
24,-1,578.00,146.00,19.00,53.00,1,-1,-1,-1
24,-1,91.63,357.99,148.36,160.39,1,-1,-1,-1
24,-1,658.96,142.36,136.13,181.04,1,-1,-1,-1
24,-1,719.24,101.11,68.00,190.27,1,-1,-1,-1
24,-1,525.75,161.72,123.59,201.53,1,-1,-1,-1
24,-1,213.49,177.10,110.00,151.37,1,-1,-1,-1
24,-1,1017.52,260.97,79.89,272.47,1,-1,-1,-1
25,-1,750.00,136.00,89.00,233.00,1,-1,-1,-1
25,-1,750.00,143.00,105.00,226.00,1,-1,-1,-1
25,-1,404.00,140.00,89.00,191.00,1,-1,-1,-1
25,-1,321.00,125.00,80.00,222.00,1,-1,-1,-1
25,-1,944.00,146.00,109.00,223.00,1,-1,-1,-1
25,-1,521.00,145.00,23.00,66.00,1,-1,-1,-1
25,-1,519.00,133.00,24.00,63.00,1,-1,-1,-1
25,-1,546.00,143.00,17.00,55.00,1,-1,-1,-1
25,-1,579.00,145.00,19.00,53.00,1,-1,-1,-1
25,-1,599.86,107.11,141.12,172.95,1,-1,-1,-1
25,-1,545.46,251.67,130.02,180.27,1,-1,-1,-1
25,-1,398.50,322.34,106.47,243.54,1,-1,-1,-1
26,-1,767.00,135.00,107.00,234.00,1,-1,-1,-1
26,-1,752.00,143.00,124.00,226.00,1,-1,-1,-1
26,-1,425.00,140.00,75.00,192.00,1,-1,-1,-1
26,-1,328.00,124.00,93.00,223.00,1,-1,-1,-1
26,-1,903.00,144.00,123.00,225.00,1,-1,-1,-1
26,-1,523.00,145.00,24.00,67.00,1,-1,-1,-1
26,-1,520.00,134.00,24.00,63.00,1,-1,-1,-1
26,-1,544.00,143.00,15.00,56.00,1,-1,-1,-1
26,-1,578.00,145.00,19.00,53.00,1,-1,-1,-1
26,-1,393.50,82.65,131.32,253.41,1,-1,-1,-1
26,-1,451.13,18.57,145.81,242.51,1,-1,-1,-1
27,-1,785.00,135.00,124.00,234.00,1,-1,-1,-1
27,-1,750.00,143.00,142.00,226.00,1,-1,-1,-1
27,-1,447.00,141.00,61.00,194.00,1,-1,-1,-1
27,-1,335.00,124.00,105.00,225.00,1,-1,-1,-1
27,-1,870.00,149.00,141.00,220.00,1,-1,-1,-1
27,-1,524.00,145.00,24.00,68.00,1,-1,-1,-1
27,-1,522.00,134.00,24.00,64.00,1,-1,-1,-1
27,-1,544.00,143.00,14.00,56.00,1,-1,-1,-1
27,-1,578.00,145.00,20.00,54.00,1,-1,-1,-1
27,-1,659.68,146.75,152.96,150.65,1,-1,-1,-1
28,-1,814.00,134.00,111.00,235.00,1,-1,-1,-1
28,-1,766.00,143.00,135.00,226.00,1,-1,-1,-1
28,-1,453.00,140.00,80.00,196.00,1,-1,-1,-1
28,-1,353.00,124.00,89.00,228.00,1,-1,-1,-1
28,-1,851.00,153.00,124.00,216.00,1,-1,-1,-1
28,-1,527.00,145.00,23.00,68.00,1,-1,-1,-1
28,-1,522.00,134.00,24.00,64.00,1,-1,-1,-1
28,-1,544.00,143.00,13.00,57.00,1,-1,-1,-1
28,-1,581.00,145.00,18.00,54.00,1,-1,-1,-1
28,-1,1172.24,336.55,78.66,227.10,1,-1,-1,-1
28,-1,438.80,358.92,122.60,229.16,1,-1,-1,-1
28,-1,936.86,216.75,105.49,179.66,1,-1,-1,-1
28,-1,274.41,306.19,144.03,269.07,1,-1,-1,-1
29,-1,843.00,133.00,96.00,236.00,1,-1,-1,-1
29,-1,783.00,143.00,125.00,226.00,1,-1,-1,-1
29,-1,460.00,139.00,99.00,199.00,1,-1,-1,-1
29,-1,370.00,124.00,72.00,231.00,1,-1,-1,-1
29,-1,826.00,151.00,129.00,218.00,1,-1,-1,-1
29,-1,530.00,145.00,22.00,69.00,1,-1,-1,-1
29,-1,524.00,134.00,21.00,65.00,1,-1,-1,-1
29,-1,545.00,143.00,13.00,57.00,1,-1,-1,-1
29,-1,583.00,146.00,17.00,54.00,1,-1,-1,-1
29,-1,63.40,321.71,89.63,234.67,1,-1,-1,-1
29,-1,452.28,207.36,97.22,260.12,1,-1,-1,-1
30,-1,849.00,133.00,119.00,236.00,1,-1,-1,-1
30,-1,797.00,143.00,172.00,226.00,1,-1,-1,-1
30,-1,468.00,138.00,99.00,202.00,1,-1,-1,-1
30,-1,383.00,124.00,76.00,234.00,1,-1,-1,-1
30,-1,802.00,154.00,106.00,215.00,1,-1,-1,-1
30,-1,533.00,145.00,22.00,69.00,1,-1,-1,-1
30,-1,526.00,134.00,18.00,65.00,1,-1,-1,-1
30,-1,545.00,144.00,14.00,58.00,1,-1,-1,-1
30,-1,585.00,146.00,17.00,55.00,1,-1,-1,-1
30,-1,834.82,107.60,158.50,152.60,1,-1,-1,-1
30,-1,757.35,314.86,152.65,243.91,1,-1,-1,-1
31,-1,854.00,132.00,139.00,237.00,1,-1,-1,-1
31,-1,815.00,143.00,174.00,226.00,1,-1,-1,-1
31,-1,476.00,137.00,98.00,205.00,1,-1,-1,-1
31,-1,396.00,123.00,80.00,238.00,1,-1,-1,-1
31,-1,780.00,153.00,90.00,216.00,1,-1,-1,-1
31,-1,536.00,146.00,22.00,70.00,1,-1,-1,-1
31,-1,529.00,134.00,16.00,66.00,1,-1,-1,-1
31,-1,544.00,144.00,16.00,58.00,1,-1,-1,-1
31,-1,586.00,146.00,18.00,55.00,1,-1,-1,-1
31,-1,607.73,162.81,91.43,205.00,1,-1,-1,-1
31,-1,559.05,218.04,150.98,179.78,1,-1,-1,-1
31,-1,232.12,109.12,94.01,233.20,1,-1,-1,-1
31,-1,41.46,23.09,104.31,197.43,1,-1,-1,-1
32,-1,882.00,131.00,129.00,238.00,1,-1,-1,-1
32,-1,835.00,143.00,178.00,226.00,1,-1,-1,-1
32,-1,503.00,136.00,82.00,208.00,1,-1,-1,-1
32,-1,406.00,123.00,77.00,241.00,1,-1,-1,-1
32,-1,764.00,152.00,96.00,217.00,1,-1,-1,-1
32,-1,539.00,146.00,24.00,70.00,1,-1,-1,-1
32,-1,526.00,134.00,17.00,66.00,1,-1,-1,-1
32,-1,545.00,144.00,21.00,59.00,1,-1,-1,-1
32,-1,587.00,147.00,19.00,55.00,1,-1,-1,-1
32,-1,995.01,261.47,87.45,177.78,1,-1,-1,-1
32,-1,1132.70,193.42,70.90,277.41,1,-1,-1,-1
33,-1,909.00,131.00,115.00,238.00,1,-1,-1,-1
33,-1,856.00,143.00,181.00,226.00,1,-1,-1,-1
33,-1,528.00,137.00,64.00,211.00,1,-1,-1,-1
33,-1,416.00,124.00,74.00,244.00,1,-1,-1,-1
33,-1,750.00,150.00,102.00,216.00,1,-1,-1,-1
33,-1,540.00,146.00,26.00,71.00,1,-1,-1,-1
33,-1,525.00,134.00,19.00,67.00,1,-1,-1,-1
33,-1,546.00,144.00,22.00,59.00,1,-1,-1,-1
33,-1,588.00,147.00,20.00,56.00,1,-1,-1,-1
33,-1,158.98,216.48,148.27,227.20,1,-1,-1,-1
33,-1,841.73,255.02,94.80,215.03,1,-1,-1,-1
33,-1,934.26,336.45,77.44,256.47,1,-1,-1,-1
34,-1,929.00,130.00,107.00,239.00,1,-1,-1,-1
34,-1,877.00,143.00,185.00,226.00,1,-1,-1,-1
34,-1,536.00,137.00,79.00,214.00,1,-1,-1,-1
34,-1,432.00,124.00,76.00,245.00,1,-1,-1,-1
34,-1,724.00,149.00,101.00,212.00,1,-1,-1,-1
34,-1,540.00,146.00,25.00,72.00,1,-1,-1,-1
34,-1,525.00,134.00,20.00,68.00,1,-1,-1,-1
34,-1,546.00,144.00,22.00,59.00,1,-1,-1,-1
34,-1,589.00,147.00,19.00,56.00,1,-1,-1,-1
34,-1,234.07,286.11,123.70,252.42,1,-1,-1,-1
34,-1,672.05,220.89,137.91,146.65,1,-1,-1,-1
35,-1,948.00,130.00,96.00,239.00,1,-1,-1,-1
35,-1,899.00,143.00,188.00,226.00,1,-1,-1,-1
35,-1,545.00,138.00,93.00,217.00,1,-1,-1,-1
35,-1,449.00,124.00,78.00,245.00,1,-1,-1,-1
35,-1,701.00,148.00,101.00,208.00,1,-1,-1,-1
35,-1,540.00,145.00,24.00,73.00,1,-1,-1,-1
35,-1,525.00,134.00,21.00,68.00,1,-1,-1,-1
35,-1,547.00,143.00,22.00,60.00,1,-1,-1,-1
35,-1,590.00,146.00,18.00,56.00,1,-1,-1,-1
35,-1,579.97,152.46,143.44,247.49,1,-1,-1,-1
35,-1,467.89,171.10,148.61,276.81,1,-1,-1,-1
36,-1,962.00,128.00,119.00,241.00,1,-1,-1,-1
36,-1,923.00,143.00,192.00,226.00,1,-1,-1,-1
36,-1,557.00,138.00,92.00,220.00,1,-1,-1,-1
36,-1,456.00,124.00,97.00,245.00,1,-1,-1,-1
36,-1,686.00,154.00,103.00,206.00,1,-1,-1,-1
36,-1,542.00,145.00,25.00,74.00,1,-1,-1,-1
36,-1,526.00,134.00,19.00,69.00,1,-1,-1,-1
36,-1,547.00,143.00,23.00,60.00,1,-1,-1,-1
36,-1,591.00,146.00,21.00,57.00,1,-1,-1,-1
36,-1,590.76,323.75,105.39,216.10,1,-1,-1,-1
36,-1,847.46,61.06,93.21,212.01,1,-1,-1,-1
36,-1,615.51,77.52,124.67,246.34,1,-1,-1,-1
36,-1,1160.93,345.61,132.48,234.76,1,-1,-1,-1
36,-1,138.27,7.86,133.72,280.92,1,-1,-1,-1
37,-1,974.00,127.00,138.00,242.00,1,-1,-1,-1
37,-1,947.00,144.00,196.00,225.00,1,-1,-1,-1
37,-1,570.00,139.00,90.00,223.00,1,-1,-1,-1
37,-1,462.00,124.00,116.00,245.00,1,-1,-1,-1
37,-1,666.00,153.00,106.00,201.00,1,-1,-1,-1
37,-1,545.00,145.00,26.00,74.00,1,-1,-1,-1
37,-1,527.00,134.00,18.00,70.00,1,-1,-1,-1
37,-1,547.00,143.00,23.00,61.00,1,-1,-1,-1
37,-1,593.00,146.00,23.00,57.00,1,-1,-1,-1
37,-1,691.36,39.57,116.73,246.99,1,-1,-1,-1
37,-1,6.14,188.74,146.26,219.59,1,-1,-1,-1
37,-1,754.47,212.51,153.30,238.47,1,-1,-1,-1
37,-1,241.85,28.95,115.29,167.75,1,-1,-1,-1
38,-1,1009.00,125.00,210.00,244.00,1,-1,-1,-1
38,-1,973.00,144.00,200.00,225.00,1,-1,-1,-1
38,-1,588.00,138.00,94.00,227.00,1,-1,-1,-1
38,-1,477.00,125.00,111.00,244.00,1,-1,-1,-1
38,-1,643.00,153.00,97.00,194.00,1,-1,-1,-1
38,-1,546.00,145.00,27.00,75.00,1,-1,-1,-1
38,-1,527.00,152.00,19.00,70.00,1,-1,-1,-1
38,-1,548.00,143.00,23.00,61.00,1,-1,-1,-1
38,-1,594.00,146.00,21.00,57.00,1,-1,-1,-1
38,-1,113.44,305.16,84.28,228.03,1,-1,-1,-1
38,-1,975.62,252.39,108.71,269.63,1,-1,-1,-1
38,-1,393.84,145.70,102.01,266.44,1,-1,-1,-1
39,-1,1036.00,124.00,187.00,245.00,1,-1,-1,-1
39,-1,1000.00,144.00,205.00,225.00,1,-1,-1,-1
39,-1,605.00,138.00,97.00,230.00,1,-1,-1,-1
39,-1,491.00,125.00,104.00,244.00,1,-1,-1,-1
39,-1,610.00,156.00,98.00,194.00,1,-1,-1,-1
39,-1,548.00,146.00,28.00,76.00,1,-1,-1,-1
39,-1,527.00,150.00,20.00,71.00,1,-1,-1,-1
39,-1,549.00,143.00,24.00,62.00,1,-1,-1,-1
39,-1,595.00,146.00,19.00,58.00,1,-1,-1,-1
39,-1,505.00,185.11,64.16,144.11,1,-1,-1,-1
39,-1,645.85,131.18,94.32,251.43,1,-1,-1,-1
39,-1,1080.19,330.85,118.51,247.12,1,-1,-1,-1
39,-1,1058.52,30.40,127.79,168.74,1,-1,-1,-1
39,-1,355.32,299.81,89.98,211.16,1,-1,-1,-1
40,-1,1064.00,124.00,159.00,245.00,1,-1,-1,-1
40,-1,1028.00,145.00,195.00,224.00,1,-1,-1,-1
40,-1,613.00,137.00,103.00,232.00,1,-1,-1,-1
40,-1,510.00,126.00,99.00,243.00,1,-1,-1,-1
40,-1,604.00,155.00,92.00,194.00,1,-1,-1,-1
40,-1,551.00,146.00,25.00,77.00,1,-1,-1,-1
40,-1,526.00,151.00,22.00,71.00,1,-1,-1,-1
40,-1,549.00,143.00,25.00,62.00,1,-1,-1,-1
40,-1,596.00,146.00,18.00,58.00,1,-1,-1,-1
40,-1,504.42,338.61,65.91,274.03,1,-1,-1,-1
41,-1,1094.00,125.00,129.00,244.00,1,-1,-1,-1
41,-1,1057.00,146.00,166.00,223.00,1,-1,-1,-1
41,-1,619.00,137.00,108.00,232.00,1,-1,-1,-1
41,-1,529.00,126.00,92.00,243.00,1,-1,-1,-1
41,-1,602.00,153.00,85.00,193.00,1,-1,-1,-1
41,-1,554.00,146.00,22.00,78.00,1,-1,-1,-1
41,-1,525.00,133.00,24.00,72.00,1,-1,-1,-1
41,-1,550.00,143.00,25.00,63.00,1,-1,-1,-1
41,-1,598.00,146.00,17.00,59.00,1,-1,-1,-1
41,-1,672.42,25.31,101.39,175.29,1,-1,-1,-1
42,-1,643.00,136.00,96.00,233.00,1,-1,-1,-1
42,-1,543.00,127.00,107.00,242.00,1,-1,-1,-1
42,-1,570.00,153.00,100.00,192.00,1,-1,-1,-1
42,-1,556.00,147.00,22.00,79.00,1,-1,-1,-1
42,-1,525.00,134.00,24.00,72.00,1,-1,-1,-1
42,-1,551.00,143.00,26.00,63.00,1,-1,-1,-1
42,-1,600.00,145.00,16.00,59.00,1,-1,-1,-1
42,-1,550.10,18.38,79.07,222.91,1,-1,-1,-1
42,-1,685.25,169.84,151.10,250.25,1,-1,-1,-1
42,-1,535.75,70.17,69.36,171.71,1,-1,-1,-1
43,-1,664.00,137.00,81.00,232.00,1,-1,-1,-1
43,-1,553.00,126.00,122.00,243.00,1,-1,-1,-1
43,-1,539.00,154.00,112.00,190.00,1,-1,-1,-1
43,-1,557.00,146.00,21.00,80.00,1,-1,-1,-1
43,-1,525.00,134.00,24.00,73.00,1,-1,-1,-1
43,-1,554.00,143.00,20.00,64.00,1,-1,-1,-1
43,-1,602.00,146.00,15.00,60.00,1,-1,-1,-1
43,-1,0.13,56.89,87.26,197.75,1,-1,-1,-1
43,-1,36.96,139.36,138.12,225.01,1,-1,-1,-1
44,-1,677.00,137.00,94.00,232.00,1,-1,-1,-1
44,-1,568.00,124.00,109.00,245.00,1,-1,-1,-1
44,-1,519.00,154.00,108.00,188.00,1,-1,-1,-1
44,-1,560.00,146.00,26.00,81.00,1,-1,-1,-1
44,-1,526.00,134.00,23.00,74.00,1,-1,-1,-1
44,-1,556.00,143.00,20.00,64.00,1,-1,-1,-1
44,-1,603.00,146.00,18.00,60.00,1,-1,-1,-1
44,-1,103.60,160.28,100.18,236.36,1,-1,-1,-1
44,-1,580.90,45.08,75.87,265.17,1,-1,-1,-1
44,-1,1051.25,125.12,133.08,151.52,1,-1,-1,-1
45,-1,689.00,138.00,105.00,231.00,1,-1,-1,-1
45,-1,584.00,123.00,94.00,246.00,1,-1,-1,-1
45,-1,500.00,154.00,105.00,186.00,1,-1,-1,-1
45,-1,562.00,145.00,31.00,82.00,1,-1,-1,-1
45,-1,527.00,134.00,21.00,74.00,1,-1,-1,-1
45,-1,557.00,142.00,19.00,65.00,1,-1,-1,-1
45,-1,603.00,146.00,20.00,61.00,1,-1,-1,-1
45,-1,140.60,147.77,80.34,172.10,1,-1,-1,-1
45,-1,388.35,96.29,105.69,160.48,1,-1,-1,-1
45,-1,797.49,182.94,123.20,193.08,1,-1,-1,-1
45,-1,666.42,12.49,95.21,149.38,1,-1,-1,-1
46,-1,703.00,138.00,108.00,231.00,1,-1,-1,-1
46,-1,607.00,122.00,99.00,247.00,1,-1,-1,-1
46,-1,491.00,153.00,82.00,185.00,1,-1,-1,-1
46,-1,565.00,145.00,30.00,83.00,1,-1,-1,-1
46,-1,528.00,134.00,20.00,75.00,1,-1,-1,-1
46,-1,561.00,142.00,18.00,65.00,1,-1,-1,-1
46,-1,605.00,146.00,21.00,61.00,1,-1,-1,-1
46,-1,54.92,248.48,113.81,179.75,1,-1,-1,-1
47,-1,716.00,139.00,109.00,230.00,1,-1,-1,-1
47,-1,630.00,120.00,103.00,249.00,1,-1,-1,-1
47,-1,482.00,152.00,58.00,185.00,1,-1,-1,-1
47,-1,568.00,144.00,28.00,84.00,1,-1,-1,-1
47,-1,529.00,133.00,20.00,76.00,1,-1,-1,-1
47,-1,565.00,142.00,17.00,66.00,1,-1,-1,-1
47,-1,606.00,146.00,22.00,62.00,1,-1,-1,-1
47,-1,272.35,38.93,114.80,148.51,1,-1,-1,-1
48,-1,738.00,137.00,102.00,232.00,1,-1,-1,-1
48,-1,638.00,120.00,116.00,249.00,1,-1,-1,-1
48,-1,453.00,151.00,80.00,184.00,1,-1,-1,-1
48,-1,571.00,144.00,28.00,85.00,1,-1,-1,-1
48,-1,530.00,133.00,21.00,76.00,1,-1,-1,-1
48,-1,561.00,143.00,20.00,67.00,1,-1,-1,-1
48,-1,607.00,146.00,23.00,63.00,1,-1,-1,-1
48,-1,377.75,290.20,93.58,261.66,1,-1,-1,-1
48,-1,791.90,149.86,68.44,161.01,1,-1,-1,-1
48,-1,426.42,311.39,72.58,213.23,1,-1,-1,-1
49,-1,759.00,135.00,91.00,234.00,1,-1,-1,-1
49,-1,646.00,119.00,126.00,250.00,1,-1,-1,-1
49,-1,424.00,150.00,100.00,183.00,1,-1,-1,-1
49,-1,574.00,144.00,27.00,86.00,1,-1,-1,-1
49,-1,531.00,133.00,23.00,77.00,1,-1,-1,-1
49,-1,558.00,143.00,23.00,67.00,1,-1,-1,-1
49,-1,608.00,146.00,23.00,63.00,1,-1,-1,-1
49,-1,307.22,225.47,87.30,257.71,1,-1,-1,-1
50,-1,764.00,133.00,110.00,236.00,1,-1,-1,-1
50,-1,674.00,118.00,122.00,251.00,1,-1,-1,-1
50,-1,415.00,149.00,80.00,183.00,1,-1,-1,-1
50,-1,582.00,144.00,23.00,87.00,1,-1,-1,-1
50,-1,530.00,133.00,22.00,78.00,1,-1,-1,-1
50,-1,560.00,143.00,22.00,68.00,1,-1,-1,-1
50,-1,610.00,147.00,24.00,64.00,1,-1,-1,-1
50,-1,755.77,341.21,159.25,166.25,1,-1,-1,-1
50,-1,518.02,80.66,86.63,271.94,1,-1,-1,-1
50,-1,591.69,255.38,103.59,143.08,1,-1,-1,-1
51,-1,769.00,131.00,126.00,238.00,1,-1,-1,-1
51,-1,702.00,117.00,116.00,252.00,1,-1,-1,-1
51,-1,405.00,148.00,60.00,182.00,1,-1,-1,-1
51,-1,591.00,143.00,19.00,88.00,1,-1,-1,-1
51,-1,528.00,133.00,21.00,78.00,1,-1,-1,-1
51,-1,562.00,144.00,21.00,68.00,1,-1,-1,-1
51,-1,613.00,147.00,25.00,64.00,1,-1,-1,-1
51,-1,440.37,206.85,150.02,274.21,1,-1,-1,-1
51,-1,168.51,211.71,124.17,206.98,1,-1,-1,-1
51,-1,992.94,5.68,112.46,156.92,1,-1,-1,-1
51,-1,517.64,1.54,88.02,160.58,1,-1,-1,-1
52,-1,808.00,128.00,112.00,241.00,1,-1,-1,-1
52,-1,714.00,117.00,117.00,252.00,1,-1,-1,-1
52,-1,375.00,149.00,84.00,181.00,1,-1,-1,-1
52,-1,587.00,143.00,27.00,89.00,1,-1,-1,-1
52,-1,530.00,133.00,22.00,79.00,1,-1,-1,-1
52,-1,563.00,144.00,22.00,69.00,1,-1,-1,-1
52,-1,615.00,147.00,25.00,65.00,1,-1,-1,-1
52,-1,269.82,54.43,139.55,160.86,1,-1,-1,-1
52,-1,183.37,116.28,104.04,219.92,1,-1,-1,-1
52,-1,933.88,189.74,153.34,177.72,1,-1,-1,-1
52,-1,22.03,68.57,140.09,223.28,1,-1,-1,-1
53,-1,846.00,130.00,94.00,239.00,1,-1,-1,-1
53,-1,725.00,114.00,115.00,255.00,1,-1,-1,-1
53,-1,345.00,149.00,108.00,179.00,1,-1,-1,-1
53,-1,583.00,143.00,35.00,90.00,1,-1,-1,-1
53,-1,532.00,132.00,23.00,80.00,1,-1,-1,-1
53,-1,562.00,144.00,24.00,69.00,1,-1,-1,-1
53,-1,616.00,147.00,25.00,65.00,1,-1,-1,-1
53,-1,168.94,16.50,144.26,239.87,1,-1,-1,-1
53,-1,421.22,322.18,92.26,210.18,1,-1,-1,-1
53,-1,119.77,50.49,112.09,246.47,1,-1,-1,-1
54,-1,865.00,131.00,113.00,238.00,1,-1,-1,-1
54,-1,741.00,112.00,188.00,257.00,1,-1,-1,-1
54,-1,338.00,149.00,90.00,178.00,1,-1,-1,-1
54,-1,586.00,143.00,34.00,91.00,1,-1,-1,-1
54,-1,531.00,132.00,24.00,80.00,1,-1,-1,-1
54,-1,563.00,143.00,24.00,70.00,1,-1,-1,-1
54,-1,617.00,147.00,23.00,65.00,1,-1,-1,-1
54,-1,832.20,316.57,102.46,201.56,1,-1,-1,-1
55,-1,882.00,133.00,129.00,236.00,1,-1,-1,-1
55,-1,761.00,110.00,193.00,259.00,1,-1,-1,-1
55,-1,330.00,149.00,72.00,177.00,1,-1,-1,-1
55,-1,589.00,143.00,33.00,92.00,1,-1,-1,-1
55,-1,532.00,132.00,25.00,81.00,1,-1,-1,-1
55,-1,564.00,143.00,24.00,71.00,1,-1,-1,-1
55,-1,619.00,147.00,21.00,66.00,1,-1,-1,-1
55,-1,467.18,110.23,100.54,272.15,1,-1,-1,-1
55,-1,297.14,344.46,95.94,173.26,1,-1,-1,-1
55,-1,345.72,133.95,119.30,165.26,1,-1,-1,-1
55,-1,96.44,343.42,79.08,259.67,1,-1,-1,-1
56,-1,873.00,134.00,206.00,235.00,1,-1,-1,-1
56,-1,782.00,107.00,199.00,262.00,1,-1,-1,-1
56,-1,311.00,150.00,73.00,176.00,1,-1,-1,-1
56,-1,594.00,143.00,34.00,94.00,1,-1,-1,-1
56,-1,534.00,132.00,24.00,82.00,1,-1,-1,-1
56,-1,565.00,143.00,24.00,71.00,1,-1,-1,-1
56,-1,622.00,147.00,21.00,66.00,1,-1,-1,-1
56,-1,616.38,199.33,80.64,255.91,1,-1,-1,-1
56,-1,178.25,188.08,125.21,282.07,1,-1,-1,-1
56,-1,783.88,205.02,156.39,262.38,1,-1,-1,-1
56,-1,43.84,84.95,159.51,230.39,1,-1,-1,-1
57,-1,897.00,136.00,213.00,233.00,1,-1,-1,-1
57,-1,804.00,105.00,204.00,264.00,1,-1,-1,-1
57,-1,294.00,149.00,74.00,174.00,1,-1,-1,-1
57,-1,598.00,143.00,34.00,95.00,1,-1,-1,-1
57,-1,536.00,132.00,23.00,83.00,1,-1,-1,-1
57,-1,566.00,143.00,24.00,72.00,1,-1,-1,-1
57,-1,624.00,147.00,21.00,66.00,1,-1,-1,-1
57,-1,1045.16,336.97,152.93,201.11,1,-1,-1,-1
57,-1,675.98,350.16,97.80,207.64,1,-1,-1,-1
58,-1,920.00,134.00,221.00,235.00,1,-1,-1,-1
58,-1,825.00,105.00,213.00,264.00,1,-1,-1,-1
58,-1,280.00,149.00,69.00,173.00,1,-1,-1,-1
58,-1,602.00,144.00,34.00,96.00,1,-1,-1,-1
58,-1,538.00,132.00,24.00,83.00,1,-1,-1,-1
58,-1,568.00,143.00,25.00,73.00,1,-1,-1,-1
58,-1,628.00,147.00,21.00,67.00,1,-1,-1,-1
58,-1,258.66,199.92,79.53,260.89,1,-1,-1,-1
59,-1,945.00,132.00,230.00,237.00,1,-1,-1,-1
59,-1,848.00,105.00,224.00,264.00,1,-1,-1,-1
59,-1,267.00,148.00,65.00,172.00,1,-1,-1,-1
59,-1,606.00,144.00,34.00,97.00,1,-1,-1,-1
59,-1,540.00,132.00,24.00,84.00,1,-1,-1,-1
59,-1,570.00,143.00,25.00,74.00,1,-1,-1,-1
59,-1,631.00,147.00,20.00,67.00,1,-1,-1,-1
59,-1,533.59,12.39,155.59,252.19,1,-1,-1,-1
59,-1,417.75,160.34,83.92,234.31,1,-1,-1,-1
59,-1,614.25,236.55,135.03,181.29,1,-1,-1,-1
59,-1,675.95,351.06,99.74,212.84,1,-1,-1,-1
60,-1,971.00,130.00,240.00,239.00,1,-1,-1,-1
60,-1,873.00,105.00,235.00,264.00,1,-1,-1,-1
60,-1,257.00,152.00,57.00,168.00,1,-1,-1,-1
60,-1,608.00,144.00,36.00,98.00,1,-1,-1,-1
60,-1,541.00,132.00,25.00,85.00,1,-1,-1,-1
60,-1,570.00,143.00,28.00,74.00,1,-1,-1,-1
60,-1,633.00,147.00,20.00,68.00,1,-1,-1,-1
60,-1,939.22,216.01,142.85,273.58,1,-1,-1,-1
60,-1,270.35,16.31,123.21,157.80,1,-1,-1,-1
60,-1,1187.25,165.51,145.32,273.03,1,-1,-1,-1
61,-1,998.00,128.00,225.00,241.00,1,-1,-1,-1
61,-1,897.00,104.00,244.00,265.00,1,-1,-1,-1
61,-1,249.00,155.00,51.00,163.00,1,-1,-1,-1
61,-1,610.00,144.00,37.00,99.00,1,-1,-1,-1
61,-1,542.00,132.00,26.00,86.00,1,-1,-1,-1
61,-1,570.00,143.00,30.00,75.00,1,-1,-1,-1
61,-1,635.00,147.00,20.00,69.00,1,-1,-1,-1
61,-1,152.77,344.78,120.83,261.93,1,-1,-1,-1
61,-1,919.40,277.26,156.42,172.17,1,-1,-1,-1
61,-1,1055.52,102.71,94.40,187.90,1,-1,-1,-1
62,-1,1028.00,127.00,196.00,242.00,1,-1,-1,-1
62,-1,922.00,102.00,253.00,267.00,1,-1,-1,-1
62,-1,241.00,152.00,52.00,162.00,1,-1,-1,-1
62,-1,612.00,144.00,39.00,101.00,1,-1,-1,-1
62,-1,541.00,132.00,28.00,86.00,1,-1,-1,-1
62,-1,572.00,143.00,29.00,76.00,1,-1,-1,-1
62,-1,636.00,147.00,21.00,69.00,1,-1,-1,-1
62,-1,345.20,368.43,86.21,241.95,1,-1,-1,-1
62,-1,1102.65,239.65,102.78,207.78,1,-1,-1,-1
62,-1,861.61,272.36,110.44,163.78,1,-1,-1,-1
63,-1,950.00,100.00,262.00,269.00,1,-1,-1,-1
63,-1,233.00,150.00,53.00,160.00,1,-1,-1,-1
63,-1,616.00,144.00,40.00,102.00,1,-1,-1,-1
63,-1,539.00,131.00,31.00,87.00,1,-1,-1,-1
63,-1,574.00,143.00,28.00,77.00,1,-1,-1,-1
63,-1,635.00,147.00,23.00,70.00,1,-1,-1,-1
63,-1,1046.52,52.84,110.79,156.10,1,-1,-1,-1
63,-1,602.89,252.08,139.07,167.02,1,-1,-1,-1
63,-1,484.61,116.69,118.96,250.92,1,-1,-1,-1
64,-1,978.00,97.00,245.00,272.00,1,-1,-1,-1
64,-1,160.00,148.00,112.00,159.00,1,-1,-1,-1
64,-1,621.00,144.00,40.00,103.00,1,-1,-1,-1
64,-1,541.00,131.00,30.00,88.00,1,-1,-1,-1
64,-1,574.00,143.00,28.00,77.00,1,-1,-1,-1
64,-1,636.00,147.00,23.00,70.00,1,-1,-1,-1
64,-1,369.32,238.25,114.58,191.52,1,-1,-1,-1
65,-1,1009.00,97.00,214.00,272.00,1,-1,-1,-1
65,-1,627.00,144.00,38.00,105.00,1,-1,-1,-1
65,-1,544.00,131.00,29.00,89.00,1,-1,-1,-1
65,-1,575.00,143.00,29.00,78.00,1,-1,-1,-1
65,-1,636.00,147.00,24.00,71.00,1,-1,-1,-1
65,-1,311.12,162.91,94.29,232.22,1,-1,-1,-1
65,-1,868.10,117.70,100.86,142.72,1,-1,-1,-1
66,-1,1042.00,98.00,181.00,271.00,1,-1,-1,-1
66,-1,631.00,143.00,40.00,106.00,1,-1,-1,-1
66,-1,546.00,131.00,27.00,90.00,1,-1,-1,-1
66,-1,577.00,143.00,29.00,78.00,1,-1,-1,-1
66,-1,638.00,148.00,25.00,72.00,1,-1,-1,-1
66,-1,241.45,247.09,85.69,283.32,1,-1,-1,-1
66,-1,614.44,154.08,105.19,155.92,1,-1,-1,-1
66,-1,906.33,24.73,138.88,245.80,1,-1,-1,-1
67,-1,1077.00,99.00,146.00,270.00,1,-1,-1,-1
67,-1,635.00,143.00,41.00,108.00,1,-1,-1,-1
67,-1,548.00,130.00,25.00,91.00,1,-1,-1,-1
67,-1,580.00,142.00,29.00,79.00,1,-1,-1,-1
67,-1,637.00,148.00,24.00,72.00,1,-1,-1,-1
67,-1,734.24,246.59,96.62,228.75,1,-1,-1,-1
68,-1,640.00,144.00,41.00,110.00,1,-1,-1,-1
68,-1,547.00,130.00,25.00,92.00,1,-1,-1,-1
68,-1,582.00,142.00,32.00,80.00,1,-1,-1,-1
68,-1,643.00,148.00,26.00,73.00,1,-1,-1,-1
68,-1,647.98,297.20,146.77,185.55,1,-1,-1,-1
68,-1,528.03,237.86,73.04,236.10,1,-1,-1,-1
68,-1,133.21,124.84,72.10,210.89,1,-1,-1,-1
69,-1,645.00,144.00,40.00,111.00,1,-1,-1,-1
69,-1,546.00,130.00,26.00,93.00,1,-1,-1,-1
69,-1,584.00,142.00,34.00,80.00,1,-1,-1,-1
69,-1,648.00,148.00,27.00,74.00,1,-1,-1,-1
69,-1,968.12,18.98,86.55,258.42,1,-1,-1,-1
69,-1,573.99,238.03,70.56,248.73,1,-1,-1,-1
70,-1,652.00,145.00,40.00,113.00,1,-1,-1,-1
70,-1,546.00,130.00,27.00,94.00,1,-1,-1,-1
70,-1,586.00,142.00,33.00,81.00,1,-1,-1,-1
70,-1,651.00,148.00,26.00,74.00,1,-1,-1,-1
70,-1,956.25,238.77,106.58,147.29,1,-1,-1,-1
70,-1,668.58,92.94,103.94,174.79,1,-1,-1,-1
70,-1,816.09,240.11,105.04,178.05,1,-1,-1,-1
70,-1,799.58,4.26,107.25,261.51,1,-1,-1,-1
71,-1,658.00,145.00,40.00,115.00,1,-1,-1,-1
71,-1,547.00,130.00,27.00,95.00,1,-1,-1,-1
71,-1,589.00,142.00,32.00,82.00,1,-1,-1,-1
71,-1,653.00,147.00,26.00,75.00,1,-1,-1,-1
71,-1,147.72,149.08,85.30,269.53,1,-1,-1,-1
71,-1,1180.19,150.95,122.13,232.57,1,-1,-1,-1
71,-1,561.66,182.95,74.52,173.78,1,-1,-1,-1
72,-1,661.00,146.00,46.00,116.00,1,-1,-1,-1
72,-1,549.00,129.00,29.00,96.00,1,-1,-1,-1
72,-1,592.00,142.00,31.00,83.00,1,-1,-1,-1
72,-1,654.00,147.00,24.00,76.00,1,-1,-1,-1
72,-1,465.25,271.67,68.90,213.66,1,-1,-1,-1
72,-1,421.70,233.92,148.91,158.60,1,-1,-1,-1
73,-1,663.00,145.00,52.00,119.00,1,-1,-1,-1
73,-1,551.00,130.00,30.00,97.00,1,-1,-1,-1
73,-1,595.00,142.00,31.00,83.00,1,-1,-1,-1
73,-1,656.00,147.00,23.00,76.00,1,-1,-1,-1
73,-1,885.89,249.17,92.88,226.65,1,-1,-1,-1
73,-1,847.38,335.12,138.42,244.48,1,-1,-1,-1
73,-1,1096.84,215.81,67.37,262.17,1,-1,-1,-1
74,-1,670.00,145.00,49.00,121.00,1,-1,-1,-1
74,-1,549.00,131.00,32.00,98.00,1,-1,-1,-1
74,-1,597.00,142.00,30.00,84.00,1,-1,-1,-1
74,-1,658.00,148.00,24.00,77.00,1,-1,-1,-1
75,-1,678.00,144.00,43.00,123.00,1,-1,-1,-1
75,-1,548.00,131.00,34.00,99.00,1,-1,-1,-1
75,-1,600.00,142.00,29.00,85.00,1,-1,-1,-1
75,-1,660.00,148.00,26.00,78.00,1,-1,-1,-1
75,-1,43.32,99.89,106.10,189.49,1,-1,-1,-1
75,-1,1172.21,70.09,82.52,186.69,1,-1,-1,-1
75,-1,1207.41,103.55,84.12,165.21,1,-1,-1,-1
75,-1,579.60,98.33,161.52,150.38,1,-1,-1,-1
76,-1,683.00,144.00,50.00,126.00,1,-1,-1,-1
76,-1,552.00,130.00,32.00,100.00,1,-1,-1,-1
76,-1,600.00,142.00,29.00,86.00,1,-1,-1,-1
76,-1,662.00,148.00,28.00,78.00,1,-1,-1,-1
76,-1,168.85,128.35,80.74,157.13,1,-1,-1,-1
76,-1,843.82,253.58,141.43,211.15,1,-1,-1,-1
76,-1,299.88,222.13,109.60,248.35,1,-1,-1,-1
76,-1,35.57,260.44,99.39,173.78,1,-1,-1,-1
76,-1,1030.68,313.97,109.80,228.06,1,-1,-1,-1
77,-1,688.00,143.00,55.00,128.00,1,-1,-1,-1
77,-1,555.00,128.00,30.00,101.00,1,-1,-1,-1
77,-1,604.00,143.00,29.00,87.00,1,-1,-1,-1
77,-1,664.00,148.00,30.00,79.00,1,-1,-1,-1
77,-1,228.75,3.12,144.04,144.20,1,-1,-1,-1
77,-1,955.61,338.53,151.42,172.59,1,-1,-1,-1
77,-1,257.91,105.66,104.02,246.94,1,-1,-1,-1
78,-1,692.00,143.00,49.00,130.00,1,-1,-1,-1
78,-1,557.00,129.00,30.00,102.00,1,-1,-1,-1
78,-1,606.00,143.00,30.00,88.00,1,-1,-1,-1
78,-1,667.00,148.00,31.00,80.00,1,-1,-1,-1
78,-1,699.13,19.49,75.82,201.46,1,-1,-1,-1
78,-1,52.43,180.29,126.45,181.32,1,-1,-1,-1
78,-1,175.28,117.75,116.63,253.28,1,-1,-1,-1
78,-1,633.16,37.46,106.99,143.26,1,-1,-1,-1
79,-1,697.00,142.00,42.00,132.00,1,-1,-1,-1
79,-1,558.00,129.00,30.00,103.00,1,-1,-1,-1
79,-1,607.00,143.00,30.00,89.00,1,-1,-1,-1
79,-1,670.00,148.00,32.00,81.00,1,-1,-1,-1
79,-1,703.28,342.71,145.78,256.02,1,-1,-1,-1
80,-1,706.00,142.00,47.00,134.00,1,-1,-1,-1
80,-1,559.00,129.00,30.00,105.00,1,-1,-1,-1
80,-1,611.00,143.00,34.00,90.00,1,-1,-1,-1
80,-1,672.00,148.00,33.00,81.00,1,-1,-1,-1
80,-1,346.12,271.06,111.06,280.25,1,-1,-1,-1
80,-1,741.06,232.45,129.35,257.43,1,-1,-1,-1
81,-1,716.00,144.00,52.00,137.00,1,-1,-1,-1
81,-1,561.00,129.00,30.00,106.00,1,-1,-1,-1
81,-1,615.00,143.00,38.00,91.00,1,-1,-1,-1
81,-1,673.00,149.00,34.00,82.00,1,-1,-1,-1
81,-1,248.28,163.36,77.10,271.30,1,-1,-1,-1
81,-1,755.94,326.49,149.77,165.35,1,-1,-1,-1
81,-1,1105.46,137.67,92.36,185.35,1,-1,-1,-1
82,-1,721.00,146.00,56.00,139.00,1,-1,-1,-1
82,-1,561.00,129.00,32.00,107.00,1,-1,-1,-1
82,-1,616.00,142.00,40.00,92.00,1,-1,-1,-1
82,-1,677.00,149.00,32.00,83.00,1,-1,-1,-1
82,-1,751.54,130.21,98.57,148.07,1,-1,-1,-1
82,-1,412.41,154.13,78.64,247.36,1,-1,-1,-1
82,-1,924.39,124.92,78.13,200.93,1,-1,-1,-1
82,-1,1148.29,69.15,110.99,177.51,1,-1,-1,-1
82,-1,843.02,12.17,93.27,167.84,1,-1,-1,-1
82,-1,407.95,8.36,127.43,219.85,1,-1,-1,-1
83,-1,727.00,145.00,60.00,142.00,1,-1,-1,-1
83,-1,562.00,128.00,33.00,109.00,1,-1,-1,-1
83,-1,618.00,143.00,41.00,93.00,1,-1,-1,-1
83,-1,681.00,149.00,29.00,84.00,1,-1,-1,-1
83,-1,158.46,342.99,84.94,258.91,1,-1,-1,-1
83,-1,939.57,122.68,159.27,240.14,1,-1,-1,-1
83,-1,46.49,179.70,100.60,210.77,1,-1,-1,-1
83,-1,1089.37,197.71,88.72,281.11,1,-1,-1,-1
84,-1,736.00,143.00,58.00,144.00,1,-1,-1,-1
84,-1,561.00,128.00,36.00,110.00,1,-1,-1,-1
84,-1,621.00,143.00,39.00,95.00,1,-1,-1,-1
84,-1,682.00,148.00,33.00,85.00,1,-1,-1,-1
84,-1,837.46,208.31,89.88,162.00,1,-1,-1,-1
84,-1,1174.34,211.71,130.82,149.07,1,-1,-1,-1
85,-1,745.00,144.00,54.00,147.00,1,-1,-1,-1
85,-1,560.00,128.00,39.00,111.00,1,-1,-1,-1
85,-1,624.00,143.00,37.00,96.00,1,-1,-1,-1
85,-1,682.00,148.00,36.00,85.00,1,-1,-1,-1
85,-1,1213.34,217.29,80.09,184.62,1,-1,-1,-1
85,-1,514.74,148.82,90.00,218.58,1,-1,-1,-1
86,-1,750.00,145.00,61.00,150.00,1,-1,-1,-1
86,-1,562.00,128.00,40.00,112.00,1,-1,-1,-1
86,-1,628.00,143.00,39.00,97.00,1,-1,-1,-1
86,-1,687.00,148.00,34.00,86.00,1,-1,-1,-1
86,-1,809.30,254.20,78.02,237.38,1,-1,-1,-1
86,-1,1059.10,349.53,133.17,205.99,1,-1,-1,-1
87,-1,755.00,147.00,66.00,153.00,1,-1,-1,-1
87,-1,566.00,128.00,40.00,114.00,1,-1,-1,-1
87,-1,632.00,143.00,41.00,98.00,1,-1,-1,-1
87,-1,692.00,148.00,31.00,87.00,1,-1,-1,-1
87,-1,962.98,68.23,109.80,252.21,1,-1,-1,-1
87,-1,509.17,173.74,98.54,163.02,1,-1,-1,-1
88,-1,768.00,147.00,59.00,156.00,1,-1,-1,-1
88,-1,571.00,128.00,39.00,115.00,1,-1,-1,-1
88,-1,631.00,143.00,43.00,99.00,1,-1,-1,-1
88,-1,694.00,148.00,36.00,88.00,1,-1,-1,-1
88,-1,1215.39,165.12,125.77,157.79,1,-1,-1,-1
88,-1,356.65,21.63,113.58,154.81,1,-1,-1,-1
88,-1,1146.05,246.87,100.34,152.73,1,-1,-1,-1
88,-1,1054.89,192.33,153.82,146.85,1,-1,-1,-1
88,-1,676.35,219.05,133.45,200.33,1,-1,-1,-1
89,-1,781.00,147.00,50.00,160.00,1,-1,-1,-1
89,-1,576.00,128.00,38.00,117.00,1,-1,-1,-1
89,-1,630.00,143.00,44.00,101.00,1,-1,-1,-1
89,-1,695.00,148.00,39.00,89.00,1,-1,-1,-1
89,-1,882.68,180.47,133.48,156.41,1,-1,-1,-1
89,-1,1027.20,153.08,160.03,148.66,1,-1,-1,-1
90,-1,786.00,147.00,60.00,163.00,1,-1,-1,-1
90,-1,579.00,128.00,39.00,119.00,1,-1,-1,-1
90,-1,633.00,143.00,42.00,102.00,1,-1,-1,-1
90,-1,700.00,148.00,37.00,90.00,1,-1,-1,-1
90,-1,914.30,323.66,88.15,180.13,1,-1,-1,-1
90,-1,151.34,128.54,155.18,223.77,1,-1,-1,-1
90,-1,1068.55,136.38,146.88,181.89,1,-1,-1,-1
90,-1,17.57,222.66,122.08,205.31,1,-1,-1,-1
91,-1,791.00,148.00,69.00,167.00,1,-1,-1,-1
91,-1,581.00,128.00,40.00,121.00,1,-1,-1,-1
91,-1,637.00,143.00,39.00,103.00,1,-1,-1,-1
91,-1,704.00,148.00,35.00,91.00,1,-1,-1,-1
91,-1,1141.73,215.68,92.50,274.98,1,-1,-1,-1
91,-1,341.82,41.66,95.24,197.98,1,-1,-1,-1
92,-1,798.00,148.00,70.00,171.00,1,-1,-1,-1
92,-1,586.00,128.00,39.00,123.00,1,-1,-1,-1
92,-1,636.00,143.00,41.00,105.00,1,-1,-1,-1
92,-1,707.00,148.00,36.00,92.00,1,-1,-1,-1
92,-1,1110.64,23.15,127.27,176.97,1,-1,-1,-1
93,-1,806.00,148.00,68.00,175.00,1,-1,-1,-1
93,-1,590.00,128.00,37.00,124.00,1,-1,-1,-1
93,-1,636.00,143.00,43.00,106.00,1,-1,-1,-1
93,-1,710.00,148.00,36.00,93.00,1,-1,-1,-1
93,-1,1084.84,329.56,144.68,283.68,1,-1,-1,-1
93,-1,647.42,170.64,96.72,213.07,1,-1,-1,-1
93,-1,591.27,288.72,113.89,253.79,1,-1,-1,-1
94,-1,825.00,147.00,69.00,180.00,1,-1,-1,-1
94,-1,588.00,128.00,40.00,126.00,1,-1,-1,-1
94,-1,639.00,144.00,45.00,108.00,1,-1,-1,-1
94,-1,714.00,148.00,38.00,94.00,1,-1,-1,-1
94,-1,69.94,319.57,161.11,234.87,1,-1,-1,-1
94,-1,1146.39,213.16,66.06,155.76,1,-1,-1,-1
94,-1,265.89,80.85,139.44,268.18,1,-1,-1,-1
95,-1,844.00,147.00,66.00,184.00,1,-1,-1,-1
95,-1,586.00,129.00,43.00,127.00,1,-1,-1,-1
95,-1,641.00,144.00,46.00,109.00,1,-1,-1,-1
95,-1,719.00,149.00,39.00,95.00,1,-1,-1,-1
95,-1,1011.06,235.10,119.15,142.65,1,-1,-1,-1
95,-1,855.19,334.54,99.61,272.62,1,-1,-1,-1
96,-1,852.00,147.00,84.00,189.00,1,-1,-1,-1
96,-1,587.00,129.00,45.00,129.00,1,-1,-1,-1
96,-1,643.00,144.00,47.00,111.00,1,-1,-1,-1
96,-1,723.00,149.00,38.00,96.00,1,-1,-1,-1
96,-1,1145.46,321.32,132.40,245.12,1,-1,-1,-1
96,-1,69.78,271.09,117.70,278.93,1,-1,-1,-1
96,-1,225.78,137.68,67.30,194.15,1,-1,-1,-1
96,-1,39.88,57.71,81.28,185.90,1,-1,-1,-1
96,-1,605.05,345.79,76.85,180.15,1,-1,-1,-1
97,-1,853.00,150.00,98.00,191.00,1,-1,-1,-1
97,-1,588.00,129.00,47.00,130.00,1,-1,-1,-1
97,-1,646.00,144.00,46.00,113.00,1,-1,-1,-1
97,-1,727.00,149.00,36.00,97.00,1,-1,-1,-1
97,-1,159.37,277.04,82.76,223.65,1,-1,-1,-1
97,-1,833.97,193.16,89.25,245.37,1,-1,-1,-1
97,-1,540.61,42.21,79.82,143.70,1,-1,-1,-1
97,-1,1196.52,36.37,155.69,283.06,1,-1,-1,-1
97,-1,390.62,197.99,79.22,169.85,1,-1,-1,-1
98,-1,874.00,149.00,88.00,197.00,1,-1,-1,-1
98,-1,595.00,129.00,44.00,132.00,1,-1,-1,-1
98,-1,648.00,144.00,49.00,115.00,1,-1,-1,-1
98,-1,733.00,150.00,40.00,99.00,1,-1,-1,-1
98,-1,298.16,105.01,145.49,159.21,1,-1,-1,-1
98,-1,873.53,129.95,133.09,282.88,1,-1,-1,-1
98,-1,322.18,94.89,111.18,221.56,1,-1,-1,-1
98,-1,263.91,103.08,116.21,178.30,1,-1,-1,-1
98,-1,392.09,241.39,110.03,273.52,1,-1,-1,-1
98,-1,1088.24,321.85,84.45,203.96,1,-1,-1,-1
99,-1,896.00,147.00,73.00,202.00,1,-1,-1,-1
99,-1,602.00,129.00,41.00,134.00,1,-1,-1,-1
99,-1,650.00,145.00,50.00,116.00,1,-1,-1,-1
99,-1,738.00,150.00,42.00,100.00,1,-1,-1,-1
99,-1,1008.02,57.86,107.96,252.14,1,-1,-1,-1
99,-1,814.98,193.19,91.08,200.42,1,-1,-1,-1
100,-1,907.00,146.00,94.00,209.00,1,-1,-1,-1
100,-1,608.00,129.00,40.00,136.00,1,-1,-1,-1
100,-1,654.00,145.00,49.00,118.00,1,-1,-1,-1
100,-1,742.00,151.00,43.00,101.00,1,-1,-1,-1
100,-1,893.67,307.02,114.30,261.33,1,-1,-1,-1
100,-1,29.24,201.23,148.34,146.86,1,-1,-1,-1
100,-1,279.78,304.03,66.54,159.03,1,-1,-1,-1
101,-1,916.00,148.00,112.00,214.00,1,-1,-1,-1
101,-1,615.00,129.00,38.00,139.00,1,-1,-1,-1
101,-1,657.00,146.00,46.00,120.00,1,-1,-1,-1
101,-1,742.00,150.00,44.00,103.00,1,-1,-1,-1
101,-1,1036.52,238.24,121.42,273.31,1,-1,-1,-1
101,-1,553.94,316.88,129.54,225.69,1,-1,-1,-1
102,-1,937.00,151.00,107.00,218.00,1,-1,-1,-1
102,-1,615.00,129.00,42.00,141.00,1,-1,-1,-1
102,-1,660.00,147.00,47.00,122.00,1,-1,-1,-1
102,-1,746.00,149.00,46.00,104.00,1,-1,-1,-1
102,-1,195.35,345.27,159.81,163.12,1,-1,-1,-1
102,-1,1196.12,333.38,94.09,228.01,1,-1,-1,-1
102,-1,849.15,205.54,161.92,151.52,1,-1,-1,-1
102,-1,220.37,61.69,159.08,144.26,1,-1,-1,-1
103,-1,958.00,148.00,97.00,221.00,1,-1,-1,-1
103,-1,615.00,129.00,46.00,143.00,1,-1,-1,-1
103,-1,663.00,147.00,47.00,124.00,1,-1,-1,-1
103,-1,752.00,149.00,46.00,105.00,1,-1,-1,-1
103,-1,891.22,244.27,116.30,283.22,1,-1,-1,-1
103,-1,684.19,356.18,153.25,279.62,1,-1,-1,-1
103,-1,222.12,14.74,136.50,206.66,1,-1,-1,-1
103,-1,946.71,227.78,158.59,263.39,1,-1,-1,-1
104,-1,981.00,146.00,101.00,223.00,1,-1,-1,-1
104,-1,612.00,130.00,53.00,145.00,1,-1,-1,-1
104,-1,667.00,147.00,48.00,126.00,1,-1,-1,-1
104,-1,758.00,149.00,46.00,106.00,1,-1,-1,-1
104,-1,522.87,362.99,150.79,254.38,1,-1,-1,-1
104,-1,896.90,45.67,82.13,200.63,1,-1,-1,-1
104,-1,886.72,80.87,66.30,208.81,1,-1,-1,-1
105,-1,1004.00,143.00,100.00,226.00,1,-1,-1,-1
105,-1,608.00,130.00,59.00,146.00,1,-1,-1,-1
105,-1,672.00,147.00,49.00,127.00,1,-1,-1,-1
105,-1,763.00,150.00,45.00,108.00,1,-1,-1,-1
105,-1,890.49,87.63,119.99,181.52,1,-1,-1,-1
105,-1,72.67,245.66,124.17,195.08,1,-1,-1,-1
105,-1,180.42,172.33,90.56,146.58,1,-1,-1,-1
106,-1,1026.00,141.00,108.00,228.00,1,-1,-1,-1
106,-1,611.00,131.00,58.00,148.00,1,-1,-1,-1
106,-1,676.00,147.00,52.00,129.00,1,-1,-1,-1
106,-1,769.00,150.00,47.00,109.00,1,-1,-1,-1
106,-1,10.25,193.28,144.89,262.62,1,-1,-1,-1
106,-1,1150.44,351.05,102.18,259.12,1,-1,-1,-1
106,-1,145.98,141.68,118.72,222.20,1,-1,-1,-1
106,-1,527.86,267.45,139.94,268.27,1,-1,-1,-1
106,-1,1143.11,145.31,65.29,284.54,1,-1,-1,-1
107,-1,1034.00,138.00,111.00,231.00,1,-1,-1,-1
107,-1,614.00,131.00,57.00,150.00,1,-1,-1,-1
107,-1,680.00,147.00,55.00,131.00,1,-1,-1,-1
107,-1,775.00,150.00,49.00,110.00,1,-1,-1,-1
108,-1,1069.00,138.00,100.00,231.00,1,-1,-1,-1
108,-1,617.00,131.00,57.00,153.00,1,-1,-1,-1
108,-1,684.00,147.00,54.00,134.00,1,-1,-1,-1
108,-1,781.00,150.00,48.00,112.00,1,-1,-1,-1
108,-1,600.32,199.93,88.90,239.26,1,-1,-1,-1
108,-1,754.90,96.71,153.83,216.29,1,-1,-1,-1
109,-1,1101.00,138.00,83.00,231.00,1,-1,-1,-1
109,-1,619.00,131.00,57.00,157.00,1,-1,-1,-1
109,-1,688.00,147.00,51.00,137.00,1,-1,-1,-1
109,-1,788.00,150.00,47.00,114.00,1,-1,-1,-1
109,-1,140.33,34.34,143.86,232.54,1,-1,-1,-1
109,-1,669.19,37.50,64.70,231.04,1,-1,-1,-1
110,-1,1088.00,139.00,135.00,230.00,1,-1,-1,-1
110,-1,627.00,131.00,52.00,160.00,1,-1,-1,-1
110,-1,689.00,148.00,56.00,139.00,1,-1,-1,-1
110,-1,793.00,150.00,46.00,115.00,1,-1,-1,-1
110,-1,720.26,81.90,154.67,207.95,1,-1,-1,-1
110,-1,385.78,102.80,113.86,243.09,1,-1,-1,-1
111,-1,1115.00,140.00,108.00,229.00,1,-1,-1,-1
111,-1,636.00,130.00,45.00,163.00,1,-1,-1,-1
111,-1,691.00,148.00,59.00,142.00,1,-1,-1,-1
111,-1,799.00,150.00,45.00,117.00,1,-1,-1,-1
112,-1,1144.00,142.00,79.00,227.00,1,-1,-1,-1
112,-1,637.00,130.00,52.00,167.00,1,-1,-1,-1
112,-1,696.00,149.00,55.00,146.00,1,-1,-1,-1
112,-1,803.00,151.00,51.00,119.00,1,-1,-1,-1
112,-1,662.49,86.67,131.50,185.19,1,-1,-1,-1
112,-1,1050.45,18.87,81.06,157.90,1,-1,-1,-1
112,-1,1148.47,120.53,110.68,227.63,1,-1,-1,-1
112,-1,519.52,111.79,156.44,225.01,1,-1,-1,-1
112,-1,590.35,171.97,150.64,234.23,1,-1,-1,-1
112,-1,72.17,349.74,159.09,241.44,1,-1,-1,-1
113,-1,638.00,131.00,58.00,170.00,1,-1,-1,-1
113,-1,703.00,149.00,50.00,148.00,1,-1,-1,-1
113,-1,808.00,151.00,57.00,120.00,1,-1,-1,-1
113,-1,310.18,156.04,72.12,142.30,1,-1,-1,-1
113,-1,780.26,43.24,113.34,175.88,1,-1,-1,-1
114,-1,638.00,131.00,62.00,174.00,1,-1,-1,-1
114,-1,707.00,149.00,56.00,151.00,1,-1,-1,-1
114,-1,814.00,151.00,55.00,122.00,1,-1,-1,-1
114,-1,1144.42,137.38,128.15,224.98,1,-1,-1,-1
114,-1,1025.72,210.18,124.40,227.58,1,-1,-1,-1
114,-1,493.07,357.18,141.17,174.88,1,-1,-1,-1
114,-1,813.06,174.55,97.06,236.52,1,-1,-1,-1
115,-1,638.00,132.00,65.00,178.00,1,-1,-1,-1
115,-1,712.00,149.00,62.00,154.00,1,-1,-1,-1
115,-1,820.00,152.00,52.00,124.00,1,-1,-1,-1
115,-1,1022.07,61.83,96.08,228.63,1,-1,-1,-1
115,-1,658.84,153.35,133.54,152.10,1,-1,-1,-1
116,-1,640.00,132.00,67.00,181.00,1,-1,-1,-1
116,-1,717.00,149.00,67.00,158.00,1,-1,-1,-1
116,-1,827.00,152.00,58.00,126.00,1,-1,-1,-1
116,-1,173.16,78.67,133.32,248.54,1,-1,-1,-1
116,-1,139.14,231.86,101.00,228.49,1,-1,-1,-1
116,-1,698.21,360.29,97.69,180.60,1,-1,-1,-1
117,-1,641.00,133.00,67.00,185.00,1,-1,-1,-1
117,-1,723.00,149.00,70.00,161.00,1,-1,-1,-1
117,-1,834.00,152.00,62.00,127.00,1,-1,-1,-1
117,-1,487.68,240.50,123.47,255.30,1,-1,-1,-1
117,-1,129.09,299.60,108.21,142.98,1,-1,-1,-1
117,-1,156.83,57.95,76.21,248.61,1,-1,-1,-1
118,-1,650.00,132.00,64.00,190.00,1,-1,-1,-1
118,-1,726.00,150.00,70.00,165.00,1,-1,-1,-1
118,-1,842.00,152.00,61.00,129.00,1,-1,-1,-1
118,-1,327.03,156.61,148.59,197.44,1,-1,-1,-1
118,-1,621.55,206.89,143.87,202.85,1,-1,-1,-1
118,-1,198.00,264.54,151.13,201.66,1,-1,-1,-1
118,-1,1146.05,331.57,82.68,273.52,1,-1,-1,-1
118,-1,937.91,59.76,121.69,220.17,1,-1,-1,-1
119,-1,659.00,131.00,60.00,194.00,1,-1,-1,-1
119,-1,730.00,150.00,69.00,168.00,1,-1,-1,-1
119,-1,851.00,152.00,59.00,132.00,1,-1,-1,-1
119,-1,1037.51,283.48,143.17,210.96,1,-1,-1,-1
119,-1,902.95,136.05,85.67,246.00,1,-1,-1,-1
119,-1,227.35,303.40,104.36,214.89,1,-1,-1,-1
119,-1,1155.65,342.51,122.26,152.85,1,-1,-1,-1
119,-1,503.09,177.23,132.99,155.64,1,-1,-1,-1
120,-1,671.00,130.00,56.00,199.00,1,-1,-1,-1
120,-1,736.00,150.00,68.00,172.00,1,-1,-1,-1
120,-1,860.00,153.00,57.00,134.00,1,-1,-1,-1
120,-1,598.35,175.02,102.82,273.44,1,-1,-1,-1
121,-1,683.00,129.00,50.00,204.00,1,-1,-1,-1
121,-1,740.00,151.00,66.00,175.00,1,-1,-1,-1
121,-1,870.00,153.00,54.00,136.00,1,-1,-1,-1
121,-1,975.70,344.51,146.66,258.12,1,-1,-1,-1
121,-1,816.32,213.11,74.21,169.70,1,-1,-1,-1
121,-1,863.72,34.15,146.83,265.77,1,-1,-1,-1
121,-1,488.11,303.49,135.94,210.10,1,-1,-1,-1
121,-1,1214.58,206.70,76.02,230.40,1,-1,-1,-1
122,-1,686.00,128.00,59.00,209.00,1,-1,-1,-1
122,-1,747.00,151.00,64.00,181.00,1,-1,-1,-1
122,-1,880.00,153.00,62.00,138.00,1,-1,-1,-1
122,-1,82.45,191.23,159.89,222.10,1,-1,-1,-1
123,-1,687.00,128.00,68.00,214.00,1,-1,-1,-1
123,-1,753.00,152.00,61.00,185.00,1,-1,-1,-1
123,-1,890.00,154.00,69.00,140.00,1,-1,-1,-1
123,-1,549.92,280.26,101.43,254.59,1,-1,-1,-1
123,-1,963.80,76.27,103.51,210.81,1,-1,-1,-1
123,-1,1076.93,70.85,132.31,268.78,1,-1,-1,-1
123,-1,587.27,177.64,113.68,196.91,1,-1,-1,-1
123,-1,396.31,350.21,154.87,198.82,1,-1,-1,-1
123,-1,113.37,23.18,115.51,208.59,1,-1,-1,-1
124,-1,687.00,127.00,74.00,220.00,1,-1,-1,-1
124,-1,756.00,153.00,70.00,190.00,1,-1,-1,-1
124,-1,899.00,155.00,65.00,142.00,1,-1,-1,-1
124,-1,99.45,50.38,98.39,167.23,1,-1,-1,-1
125,-1,686.00,126.00,79.00,226.00,1,-1,-1,-1
125,-1,759.00,154.00,76.00,195.00,1,-1,-1,-1
125,-1,910.00,155.00,60.00,145.00,1,-1,-1,-1
125,-1,385.30,139.35,114.84,181.52,1,-1,-1,-1
125,-1,757.47,149.48,113.85,257.98,1,-1,-1,-1
126,-1,687.00,125.00,86.00,233.00,1,-1,-1,-1
126,-1,769.00,152.00,81.00,201.00,1,-1,-1,-1
126,-1,923.00,155.00,66.00,148.00,1,-1,-1,-1
126,-1,579.06,268.41,142.95,201.63,1,-1,-1,-1
126,-1,675.85,309.37,128.43,197.91,1,-1,-1,-1
126,-1,1027.09,186.91,64.97,222.77,1,-1,-1,-1
126,-1,436.35,223.84,89.12,205.76,1,-1,-1,-1
126,-1,1083.43,150.11,93.63,202.27,1,-1,-1,-1
126,-1,713.75,345.39,117.15,272.56,1,-1,-1,-1
127,-1,689.00,125.00,92.00,239.00,1,-1,-1,-1
127,-1,778.00,149.00,83.00,207.00,1,-1,-1,-1
127,-1,936.00,155.00,71.00,151.00,1,-1,-1,-1
127,-1,27.10,328.99,104.45,169.83,1,-1,-1,-1
127,-1,959.28,176.16,159.01,198.20,1,-1,-1,-1
127,-1,1161.46,58.05,145.72,143.97,1,-1,-1,-1
128,-1,699.00,124.00,92.00,245.00,1,-1,-1,-1
128,-1,782.00,146.00,83.00,213.00,1,-1,-1,-1
128,-1,947.00,154.00,76.00,158.00,1,-1,-1,-1
128,-1,812.55,139.03,99.73,229.95,1,-1,-1,-1
128,-1,729.55,57.39,124.14,176.50,1,-1,-1,-1
128,-1,274.82,52.64,68.24,270.06,1,-1,-1,-1
128,-1,539.01,101.68,155.02,158.65,1,-1,-1,-1
129,-1,710.00,124.00,88.00,245.00,1,-1,-1,-1
129,-1,786.00,147.00,81.00,219.00,1,-1,-1,-1
129,-1,959.00,154.00,77.00,161.00,1,-1,-1,-1
129,-1,883.43,53.56,117.22,264.90,1,-1,-1,-1
129,-1,80.89,68.55,147.64,169.63,1,-1,-1,-1
129,-1,956.09,134.31,110.53,188.25,1,-1,-1,-1
129,-1,309.96,250.96,159.68,216.10,1,-1,-1,-1
130,-1,725.00,123.00,83.00,246.00,1,-1,-1,-1
130,-1,798.00,148.00,83.00,221.00,1,-1,-1,-1
130,-1,971.00,154.00,76.00,164.00,1,-1,-1,-1
130,-1,947.69,19.00,129.30,252.96,1,-1,-1,-1
130,-1,84.19,55.75,127.82,224.21,1,-1,-1,-1
131,-1,740.00,122.00,74.00,247.00,1,-1,-1,-1
131,-1,811.00,149.00,82.00,220.00,1,-1,-1,-1
131,-1,983.00,155.00,74.00,167.00,1,-1,-1,-1
131,-1,416.28,317.74,143.50,246.27,1,-1,-1,-1
131,-1,829.89,184.54,150.23,177.91,1,-1,-1,-1
131,-1,607.04,8.23,142.78,224.87,1,-1,-1,-1
131,-1,498.41,95.92,161.66,209.02,1,-1,-1,-1
132,-1,746.00,122.00,82.00,247.00,1,-1,-1,-1
132,-1,821.00,150.00,94.00,219.00,1,-1,-1,-1
132,-1,996.00,155.00,83.00,171.00,1,-1,-1,-1
132,-1,192.98,272.37,117.14,180.23,1,-1,-1,-1
132,-1,387.09,289.46,110.11,227.75,1,-1,-1,-1
132,-1,421.62,323.43,101.79,170.68,1,-1,-1,-1
133,-1,751.00,119.00,88.00,250.00,1,-1,-1,-1
133,-1,833.00,149.00,102.00,220.00,1,-1,-1,-1
133,-1,999.00,157.00,91.00,173.00,1,-1,-1,-1
133,-1,1202.80,285.57,117.49,168.13,1,-1,-1,-1
133,-1,645.29,346.62,92.04,205.84,1,-1,-1,-1
134,-1,760.00,115.00,93.00,254.00,1,-1,-1,-1
134,-1,844.00,149.00,113.00,220.00,1,-1,-1,-1
134,-1,1016.00,152.00,90.00,177.00,1,-1,-1,-1
134,-1,776.74,137.90,96.95,159.18,1,-1,-1,-1
134,-1,719.15,31.92,108.60,202.21,1,-1,-1,-1
134,-1,148.59,175.09,95.58,144.66,1,-1,-1,-1
134,-1,290.74,253.28,82.41,203.36,1,-1,-1,-1
134,-1,38.96,283.09,120.91,263.56,1,-1,-1,-1
135,-1,768.00,112.00,95.00,257.00,1,-1,-1,-1
135,-1,854.00,148.00,119.00,221.00,1,-1,-1,-1
135,-1,1031.00,154.00,87.00,181.00,1,-1,-1,-1
135,-1,1188.57,163.86,130.68,204.87,1,-1,-1,-1
135,-1,700.08,112.32,115.34,263.82,1,-1,-1,-1
135,-1,853.54,49.43,138.34,176.76,1,-1,-1,-1
135,-1,1075.26,207.50,117.69,209.76,1,-1,-1,-1
135,-1,1020.44,65.32,128.64,176.78,1,-1,-1,-1
135,-1,599.85,309.44,73.80,185.29,1,-1,-1,-1
136,-1,770.00,108.00,106.00,261.00,1,-1,-1,-1
136,-1,875.00,147.00,123.00,222.00,1,-1,-1,-1
136,-1,1047.00,156.00,95.00,185.00,1,-1,-1,-1
136,-1,575.83,153.46,142.72,284.29,1,-1,-1,-1
136,-1,27.04,306.28,82.89,278.30,1,-1,-1,-1
136,-1,1060.66,169.46,70.76,146.18,1,-1,-1,-1
136,-1,432.31,347.66,104.88,228.02,1,-1,-1,-1
137,-1,771.00,103.00,114.00,266.00,1,-1,-1,-1
137,-1,892.00,147.00,122.00,222.00,1,-1,-1,-1
137,-1,1063.00,159.00,101.00,189.00,1,-1,-1,-1
137,-1,182.06,331.01,68.81,215.14,1,-1,-1,-1
138,-1,783.00,103.00,125.00,266.00,1,-1,-1,-1
138,-1,904.00,147.00,121.00,223.00,1,-1,-1,-1
138,-1,1082.00,158.00,95.00,193.00,1,-1,-1,-1
138,-1,348.90,94.26,117.23,190.14,1,-1,-1,-1
138,-1,1089.05,358.42,86.29,150.53,1,-1,-1,-1
138,-1,992.41,263.12,121.75,208.06,1,-1,-1,-1
139,-1,793.00,103.00,131.00,266.00,1,-1,-1,-1
139,-1,916.00,146.00,115.00,223.00,1,-1,-1,-1
139,-1,1101.00,157.00,87.00,198.00,1,-1,-1,-1
139,-1,436.58,238.35,148.24,248.21,1,-1,-1,-1
139,-1,630.62,85.86,114.12,177.19,1,-1,-1,-1
140,-1,801.00,102.00,173.00,267.00,1,-1,-1,-1
140,-1,937.00,146.00,158.00,223.00,1,-1,-1,-1
140,-1,1113.00,156.00,90.00,203.00,1,-1,-1,-1
140,-1,744.39,167.51,83.18,171.96,1,-1,-1,-1
140,-1,1127.44,111.36,119.81,224.83,1,-1,-1,-1
140,-1,766.47,170.35,155.14,179.42,1,-1,-1,-1
140,-1,441.76,315.21,132.20,276.42,1,-1,-1,-1
140,-1,652.08,290.64,90.32,159.52,1,-1,-1,-1
141,-1,811.00,101.00,182.00,268.00,1,-1,-1,-1
141,-1,956.00,146.00,167.00,223.00,1,-1,-1,-1
141,-1,1131.00,156.00,76.00,205.00,1,-1,-1,-1
141,-1,383.77,367.84,65.38,283.41,1,-1,-1,-1
141,-1,456.85,272.37,100.86,240.11,1,-1,-1,-1
142,-1,823.00,101.00,191.00,268.00,1,-1,-1,-1
142,-1,977.00,146.00,176.00,223.00,1,-1,-1,-1
142,-1,1150.00,155.00,73.00,206.00,1,-1,-1,-1
142,-1,115.54,56.78,95.77,241.64,1,-1,-1,-1
142,-1,60.88,86.77,77.36,187.72,1,-1,-1,-1
142,-1,1061.05,356.27,69.62,213.27,1,-1,-1,-1
142,-1,850.54,249.72,93.66,207.27,1,-1,-1,-1
142,-1,781.51,157.71,123.71,201.85,1,-1,-1,-1
143,-1,836.00,101.00,201.00,268.00,1,-1,-1,-1
143,-1,996.00,147.00,185.00,222.00,1,-1,-1,-1
143,-1,560.43,88.29,79.73,265.86,1,-1,-1,-1
143,-1,1176.21,110.12,113.78,145.61,1,-1,-1,-1
143,-1,302.91,345.07,71.47,146.96,1,-1,-1,-1
143,-1,67.40,181.37,159.81,244.28,1,-1,-1,-1
144,-1,850.00,102.00,212.00,267.00,1,-1,-1,-1
144,-1,1017.00,148.00,194.00,221.00,1,-1,-1,-1
144,-1,360.41,263.29,111.82,170.43,1,-1,-1,-1
144,-1,861.31,144.31,138.12,262.05,1,-1,-1,-1
144,-1,108.81,358.78,71.04,172.79,1,-1,-1,-1
144,-1,629.29,280.12,124.37,269.48,1,-1,-1,-1
144,-1,55.80,202.16,141.20,201.52,1,-1,-1,-1
145,-1,866.00,102.00,225.00,267.00,1,-1,-1,-1
145,-1,1039.00,150.00,184.00,219.00,1,-1,-1,-1
145,-1,611.65,149.21,112.30,169.22,1,-1,-1,-1
145,-1,1210.63,369.95,102.83,213.28,1,-1,-1,-1
