1,-1,399.00,182.00,121.00,229.00,1,-1,-1,-1
1,-1,282.00,201.00,92.00,184.00,1,-1,-1,-1
1,-1,63.00,153.00,82.00,288.00,1,-1,-1,-1
1,-1,192.00,206.00,62.00,137.00,1,-1,-1,-1
1,-1,125.00,209.00,74.00,157.00,1,-1,-1,-1
1,-1,162.00,208.00,55.00,145.00,1,-1,-1,-1
1,-1,254.81,223.79,114.47,214.25,1,-1,-1,-1
1,-1,629.61,284.46,96.89,224.82,1,-1,-1,-1
1,-1,270.97,219.17,104.14,212.68,1,-1,-1,-1
1,-1,447.82,43.44,99.15,290.34,1,-1,-1,-1
2,-1,399.00,181.00,139.00,235.00,1,-1,-1,-1
2,-1,269.00,202.00,87.00,182.00,1,-1,-1,-1
2,-1,71.00,151.00,100.00,284.00,1,-1,-1,-1
2,-1,200.00,206.00,55.00,137.00,1,-1,-1,-1
2,-1,127.00,210.00,77.00,157.00,1,-1,-1,-1
2,-1,157.00,206.00,71.00,143.00,1,-1,-1,-1
2,-1,576.21,319.63,86.99,231.05,1,-1,-1,-1
2,-1,352.22,210.22,116.92,267.53,1,-1,-1,-1
2,-1,221.78,210.88,86.25,228.69,1,-1,-1,-1
3,-1,419.00,182.00,106.00,227.00,1,-1,-1,-1
3,-1,271.00,196.00,76.00,190.00,1,-1,-1,-1
3,-1,70.00,155.00,111.00,286.00,1,-1,-1,-1
3,-1,209.00,204.00,47.00,139.00,1,-1,-1,-1
3,-1,136.00,206.00,64.00,160.00,1,-1,-1,-1
3,-1,162.00,204.00,71.00,142.00,1,-1,-1,-1
3,-1,30.47,239.06,81.19,201.00,1,-1,-1,-1
4,-1,428.00,181.00,111.00,237.00,1,-1,-1,-1
4,-1,262.00,196.00,76.00,185.00,1,-1,-1,-1
4,-1,80.00,160.00,106.00,280.00,1,-1,-1,-1
4,-1,218.00,206.00,41.00,138.00,1,-1,-1,-1
4,-1,131.00,208.00,75.00,154.00,1,-1,-1,-1
4,-1,164.00,212.00,73.00,131.00,1,-1,-1,-1
4,-1,451.52,90.71,82.36,245.97,1,-1,-1,-1
5,-1,439.00,179.00,95.00,238.00,1,-1,-1,-1
5,-1,264.00,197.00,66.00,187.00,1,-1,-1,-1
5,-1,84.00,165.00,104.00,267.00,1,-1,-1,-1
5,-1,227.00,208.00,39.00,139.00,1,-1,-1,-1
5,-1,136.00,208.00,74.00,154.00,1,-1,-1,-1
5,-1,180.00,211.00,53.00,139.00,1,-1,-1,-1
5,-1,502.77,241.55,105.28,301.28,1,-1,-1,-1
5,-1,573.19,257.59,101.76,252.78,1,-1,-1,-1
5,-1,539.18,457.66,93.02,268.26,1,-1,-1,-1
5,-1,477.42,316.52,83.64,256.34,1,-1,-1,-1
6,-1,454.00,179.00,87.00,238.00,1,-1,-1,-1
6,-1,251.00,194.00,68.00,187.00,1,-1,-1,-1
6,-1,89.00,164.00,115.00,270.00,1,-1,-1,-1
6,-1,228.00,208.00,47.00,136.00,1,-1,-1,-1
6,-1,141.00,209.00,74.00,154.00,1,-1,-1,-1
6,-1,183.00,214.00,53.00,136.00,1,-1,-1,-1
6,-1,297.48,258.08,87.80,272.22,1,-1,-1,-1
6,-1,615.35,224.62,111.33,298.62,1,-1,-1,-1
6,-1,155.16,180.73,114.67,231.47,1,-1,-1,-1
6,-1,6.86,422.61,96.22,284.82,1,-1,-1,-1
6,-1,421.42,281.15,84.99,268.28,1,-1,-1,-1
7,-1,453.00,177.00,81.00,239.00,1,-1,-1,-1
7,-1,245.00,190.00,69.00,196.00,1,-1,-1,-1
7,-1,103.00,165.00,110.00,272.00,1,-1,-1,-1
7,-1,234.00,208.00,48.00,136.00,1,-1,-1,-1
7,-1,146.00,209.00,73.00,154.00,1,-1,-1,-1
7,-1,184.00,211.00,56.00,145.00,1,-1,-1,-1
7,-1,417.31,128.56,82.28,245.08,1,-1,-1,-1
7,-1,200.77,341.99,111.41,207.94,1,-1,-1,-1
7,-1,590.32,316.21,103.46,242.55,1,-1,-1,-1
7,-1,360.34,5.83,100.33,214.27,1,-1,-1,-1
7,-1,364.94,209.75,100.29,283.83,1,-1,-1,-1
8,-1,471.00,178.00,76.00,241.00,1,-1,-1,-1
8,-1,236.00,188.00,70.00,197.00,1,-1,-1,-1
8,-1,117.00,165.00,101.00,276.00,1,-1,-1,-1
8,-1,239.00,208.00,49.00,135.00,1,-1,-1,-1
8,-1,151.00,209.00,72.00,154.00,1,-1,-1,-1
8,-1,190.00,211.00,55.00,144.00,1,-1,-1,-1
8,-1,296.25,41.82,86.95,213.88,1,-1,-1,-1
8,-1,460.46,104.55,99.13,229.80,1,-1,-1,-1
9,-1,464.00,173.00,101.00,244.00,1,-1,-1,-1
9,-1,232.00,190.00,74.00,195.00,1,-1,-1,-1
9,-1,125.00,158.00,113.00,283.00,1,-1,-1,-1
9,-1,245.00,209.00,50.00,135.00,1,-1,-1,-1
9,-1,156.00,209.00,72.00,154.00,1,-1,-1,-1
9,-1,193.00,214.00,56.00,138.00,1,-1,-1,-1
9,-1,499.30,439.13,96.35,241.74,1,-1,-1,-1
9,-1,258.53,38.34,82.31,203.95,1,-1,-1,-1
9,-1,125.31,91.17,107.28,250.40,1,-1,-1,-1
9,-1,509.53,309.10,88.35,275.73,1,-1,-1,-1
9,-1,356.42,358.30,113.89,232.60,1,-1,-1,-1
9,-1,487.54,205.77,101.80,237.22,1,-1,-1,-1
9,-1,520.86,129.28,117.35,209.25,1,-1,-1,-1
10,-1,479.00,168.00,81.00,251.00,1,-1,-1,-1
10,-1,224.00,190.00,78.00,194.00,1,-1,-1,-1
10,-1,134.00,159.00,97.00,283.00,1,-1,-1,-1
10,-1,251.00,209.00,51.00,134.00,1,-1,-1,-1
10,-1,161.00,210.00,71.00,154.00,1,-1,-1,-1
10,-1,629.67,345.70,97.17,301.03,1,-1,-1,-1
10,-1,39.33,64.72,114.22,279.01,1,-1,-1,-1
11,-1,483.00,169.00,88.00,250.00,1,-1,-1,-1
11,-1,220.00,194.00,77.00,191.00,1,-1,-1,-1
11,-1,139.00,154.00,92.00,286.00,1,-1,-1,-1
11,-1,256.00,209.00,52.00,134.00,1,-1,-1,-1
11,-1,166.00,210.00,71.00,154.00,1,-1,-1,-1
11,-1,368.53,82.59,113.91,296.01,1,-1,-1,-1
11,-1,304.91,324.38,114.52,225.58,1,-1,-1,-1
11,-1,176.86,314.75,103.77,215.44,1,-1,-1,-1
11,-1,503.92,61.65,87.85,220.23,1,-1,-1,-1
11,-1,270.68,183.81,104.68,200.56,1,-1,-1,-1
11,-1,419.44,338.86,84.54,221.38,1,-1,-1,-1
11,-1,596.59,301.05,79.51,253.64,1,-1,-1,-1
12,-1,497.00,167.00,99.00,249.00,1,-1,-1,-1
12,-1,210.00,195.00,70.00,185.00,1,-1,-1,-1
12,-1,139.00,155.00,100.00,285.00,1,-1,-1,-1
12,-1,262.00,209.00,53.00,133.00,1,-1,-1,-1
12,-1,171.00,210.00,70.00,154.00,1,-1,-1,-1
12,-1,393.25,132.63,103.40,254.84,1,-1,-1,-1
12,-1,576.36,216.68,83.01,271.23,1,-1,-1,-1
12,-1,554.00,73.79,83.64,309.08,1,-1,-1,-1
12,-1,171.62,38.47,90.98,311.75,1,-1,-1,-1
12,-1,274.15,303.34,77.96,263.94,1,-1,-1,-1
13,-1,502.00,172.00,100.00,246.00,1,-1,-1,-1
13,-1,210.00,195.00,73.00,185.00,1,-1,-1,-1
13,-1,160.00,151.00,90.00,289.00,1,-1,-1,-1
13,-1,264.00,209.00,55.00,129.00,1,-1,-1,-1
13,-1,176.00,210.00,69.00,154.00,1,-1,-1,-1
13,-1,67.46,291.54,92.41,271.98,1,-1,-1,-1
13,-1,93.35,282.59,98.02,225.15,1,-1,-1,-1
14,-1,499.00,172.00,108.00,241.00,1,-1,-1,-1
14,-1,203.00,194.00,72.00,188.00,1,-1,-1,-1
14,-1,163.00,149.00,88.00,293.00,1,-1,-1,-1
14,-1,261.00,208.00,58.00,132.00,1,-1,-1,-1
14,-1,181.00,211.00,69.00,154.00,1,-1,-1,-1
14,-1,509.36,51.54,111.66,266.10,1,-1,-1,-1
14,-1,231.77,437.74,94.29,214.70,1,-1,-1,-1
15,-1,506.00,178.00,109.00,239.00,1,-1,-1,-1
15,-1,196.00,194.00,71.00,191.00,1,-1,-1,-1
15,-1,179.00,149.00,91.00,291.00,1,-1,-1,-1
15,-1,268.00,206.00,65.00,149.00,1,-1,-1,-1
15,-1,186.00,211.00,68.00,154.00,1,-1,-1,-1
15,-1,508.63,191.34,85.44,241.90,1,-1,-1,-1
15,-1,10.13,321.57,101.06,278.60,1,-1,-1,-1
16,-1,514.00,177.00,117.00,239.00,1,-1,-1,-1
16,-1,190.00,193.00,71.00,193.00,1,-1,-1,-1
16,-1,182.00,150.00,92.00,292.00,1,-1,-1,-1
16,-1,279.00,205.00,50.00,139.00,1,-1,-1,-1
16,-1,191.00,211.00,67.00,153.00,1,-1,-1,-1
16,-1,23.69,275.41,115.18,211.96,1,-1,-1,-1
16,-1,544.69,274.57,101.45,281.01,1,-1,-1,-1
16,-1,175.47,269.34,82.01,220.69,1,-1,-1,-1
16,-1,112.15,310.41,110.34,272.00,1,-1,-1,-1
16,-1,358.01,308.19,105.80,202.79,1,-1,-1,-1
17,-1,520.00,176.00,114.00,247.00,1,-1,-1,-1
17,-1,183.00,193.00,70.00,196.00,1,-1,-1,-1
17,-1,200.00,148.00,93.00,296.00,1,-1,-1,-1
17,-1,287.00,201.00,44.00,148.00,1,-1,-1,-1
17,-1,196.00,212.00,67.00,153.00,1,-1,-1,-1
17,-1,96.80,395.95,83.81,293.40,1,-1,-1,-1
17,-1,323.48,100.37,97.93,289.75,1,-1,-1,-1
17,-1,308.96,330.61,91.20,265.77,1,-1,-1,-1
17,-1,329.86,479.71,98.49,289.14,1,-1,-1,-1
18,-1,522.00,165.00,111.00,263.00,1,-1,-1,-1
18,-1,176.00,192.00,69.00,199.00,1,-1,-1,-1
18,-1,196.00,149.00,111.00,299.00,1,-1,-1,-1
18,-1,293.00,208.00,49.00,139.00,1,-1,-1,-1
18,-1,201.00,212.00,66.00,153.00,1,-1,-1,-1
18,-1,1.99,150.16,89.20,213.76,1,-1,-1,-1
18,-1,491.82,235.59,90.63,244.49,1,-1,-1,-1
18,-1,347.63,93.90,95.71,298.13,1,-1,-1,-1
18,-1,69.13,205.72,101.07,290.34,1,-1,-1,-1
18,-1,182.37,436.30,115.13,257.68,1,-1,-1,-1
18,-1,276.71,23.01,77.27,270.19,1,-1,-1,-1
19,-1,534.00,168.00,103.00,253.00,1,-1,-1,-1
19,-1,174.00,185.00,68.00,199.00,1,-1,-1,-1
19,-1,206.00,157.00,104.00,287.00,1,-1,-1,-1
19,-1,296.00,213.00,57.00,132.00,1,-1,-1,-1
19,-1,206.00,212.00,65.00,153.00,1,-1,-1,-1
20,-1,547.00,182.00,88.00,240.00,1,-1,-1,-1
20,-1,165.00,187.00,62.00,199.00,1,-1,-1,-1
20,-1,204.00,159.00,118.00,285.00,1,-1,-1,-1
20,-1,296.00,205.00,60.00,137.00,1,-1,-1,-1
20,-1,211.00,212.00,65.00,153.00,1,-1,-1,-1
20,-1,238.80,5.11,104.06,202.76,1,-1,-1,-1
20,-1,89.84,407.08,83.74,254.16,1,-1,-1,-1
21,-1,565.00,176.00,74.00,247.00,1,-1,-1,-1
21,-1,159.00,194.00,60.00,191.00,1,-1,-1,-1
21,-1,215.00,162.00,122.00,282.00,1,-1,-1,-1
21,-1,301.00,209.00,57.00,135.00,1,-1,-1,-1
21,-1,216.00,213.00,64.00,153.00,1,-1,-1,-1
21,-1,26.35,139.72,79.58,293.42,1,-1,-1,-1
22,-1,575.00,170.00,87.00,255.00,1,-1,-1,-1
22,-1,150.00,188.00,68.00,200.00,1,-1,-1,-1
22,-1,222.00,163.00,108.00,286.00,1,-1,-1,-1
22,-1,307.00,208.00,61.00,140.00,1,-1,-1,-1
22,-1,221.00,213.00,64.00,153.00,1,-1,-1,-1
22,-1,129.53,301.97,109.01,277.29,1,-1,-1,-1
22,-1,220.11,162.00,107.54,287.66,1,-1,-1,-1
22,-1,445.92,17.94,103.18,283.63,1,-1,-1,-1
23,-1,582.00,168.00,81.00,262.00,1,-1,-1,-1
23,-1,139.00,186.00,69.00,199.00,1,-1,-1,-1
23,-1,219.00,164.00,119.00,282.00,1,-1,-1,-1
23,-1,307.00,205.00,68.00,144.00,1,-1,-1,-1
23,-1,226.00,213.00,63.00,153.00,1,-1,-1,-1
23,-1,447.27,445.57,103.52,204.37,1,-1,-1,-1
23,-1,507.59,17.82,105.23,201.27,1,-1,-1,-1
24,-1,585.00,165.00,94.00,269.00,1,-1,-1,-1
24,-1,131.00,188.00,75.00,200.00,1,-1,-1,-1
24,-1,243.00,162.00,120.00,289.00,1,-1,-1,-1
24,-1,310.00,205.00,71.00,142.00,1,-1,-1,-1
24,-1,231.00,213.00,62.00,153.00,1,-1,-1,-1
24,-1,-28.00,183.00,76.00,235.00,1,-1,-1,-1
24,-1,162.94,316.71,112.46,275.47,1,-1,-1,-1
24,-1,133.62,283.59,102.07,207.62,1,-1,-1,-1
24,-1,537.63,275.52,79.84,236.17,1,-1,-1,-1
25,-1,121.00,191.00,87.00,189.00,1,-1,-1,-1
25,-1,254.00,165.00,97.00,281.00,1,-1,-1,-1
25,-1,321.00,211.00,55.00,133.00,1,-1,-1,-1
25,-1,236.00,214.00,62.00,153.00,1,-1,-1,-1
25,-1,-15.00,179.00,63.00,240.00,1,-1,-1,-1
25,-1,343.94,232.13,89.91,308.25,1,-1,-1,-1
26,-1,113.00,190.00,79.00,195.00,1,-1,-1,-1
26,-1,259.00,155.00,97.00,294.00,1,-1,-1,-1
26,-1,322.00,208.00,58.00,136.00,1,-1,-1,-1
26,-1,241.00,214.00,61.00,153.00,1,-1,-1,-1
26,-1,-20.00,180.00,83.00,235.00,1,-1,-1,-1
26,-1,230.78,249.76,82.29,247.14,1,-1,-1,-1
26,-1,349.25,263.83,107.71,284.40,1,-1,-1,-1
26,-1,244.48,456.89,111.73,200.29,1,-1,-1,-1
26,-1,252.09,282.45,115.65,211.79,1,-1,-1,-1
26,-1,297.92,459.11,95.99,284.29,1,-1,-1,-1
27,-1,109.00,194.00,88.00,192.00,1,-1,-1,-1
27,-1,274.00,158.00,88.00,296.00,1,-1,-1,-1
27,-1,328.00,208.00,58.00,136.00,1,-1,-1,-1
27,-1,242.00,222.00,74.00,150.00,1,-1,-1,-1
27,-1,-30.00,182.00,91.00,233.00,1,-1,-1,-1
27,-1,129.98,173.40,85.33,285.85,1,-1,-1,-1
28,-1,99.00,196.00,96.00,193.00,1,-1,-1,-1
28,-1,285.00,153.00,90.00,295.00,1,-1,-1,-1
28,-1,333.00,208.00,57.00,137.00,1,-1,-1,-1
28,-1,257.00,224.00,55.00,147.00,1,-1,-1,-1
28,-1,-21.00,177.00,82.00,236.00,1,-1,-1,-1
28,-1,72.63,476.81,90.69,245.68,1,-1,-1,-1
28,-1,317.68,18.42,87.42,306.23,1,-1,-1,-1
29,-1,88.00,194.00,93.00,188.00,1,-1,-1,-1
29,-1,287.00,162.00,106.00,283.00,1,-1,-1,-1
29,-1,339.00,208.00,57.00,137.00,1,-1,-1,-1
29,-1,261.00,218.00,60.00,154.00,1,-1,-1,-1
29,-1,-10.00,173.00,74.00,240.00,1,-1,-1,-1
29,-1,139.22,89.92,89.36,248.94,1,-1,-1,-1
29,-1,432.21,237.03,84.89,221.38,1,-1,-1,-1
29,-1,191.94,403.80,114.52,201.92,1,-1,-1,-1
30,-1,88.00,188.00,84.00,193.00,1,-1,-1,-1
30,-1,307.00,157.00,93.00,292.00,1,-1,-1,-1
30,-1,344.00,209.00,57.00,137.00,1,-1,-1,-1
30,-1,259.00,215.00,65.00,153.00,1,-1,-1,-1
30,-1,2.00,168.00,66.00,243.00,1,-1,-1,-1
30,-1,15.02,426.16,109.05,258.57,1,-1,-1,-1
30,-1,350.19,241.91,111.13,260.43,1,-1,-1,-1
31,-1,90.00,201.00,84.00,184.00,1,-1,-1,-1
31,-1,319.00,162.00,95.00,286.00,1,-1,-1,-1
31,-1,350.00,209.00,57.00,137.00,1,-1,-1,-1
31,-1,264.00,208.00,55.00,162.00,1,-1,-1,-1
31,-1,3.00,176.00,82.00,235.00,1,-1,-1,-1
31,-1,17.57,385.76,85.85,306.11,1,-1,-1,-1
31,-1,424.45,419.51,106.94,199.82,1,-1,-1,-1
31,-1,148.94,433.93,108.68,199.58,1,-1,-1,-1
32,-1,84.00,181.00,81.00,205.00,1,-1,-1,-1
32,-1,319.00,157.00,112.00,287.00,1,-1,-1,-1
32,-1,355.00,209.00,56.00,138.00,1,-1,-1,-1
32,-1,270.00,215.00,61.00,159.00,1,-1,-1,-1
32,-1,1.00,174.00,93.00,240.00,1,-1,-1,-1
32,-1,582.98,95.76,103.45,274.11,1,-1,-1,-1
32,-1,306.47,313.35,86.16,281.36,1,-1,-1,-1
32,-1,241.19,77.89,95.24,260.09,1,-1,-1,-1
32,-1,551.71,253.70,101.90,259.40,1,-1,-1,-1
33,-1,72.00,188.00,85.00,200.00,1,-1,-1,-1
33,-1,322.00,162.00,115.00,283.00,1,-1,-1,-1
33,-1,361.00,209.00,56.00,138.00,1,-1,-1,-1
33,-1,277.00,214.00,52.00,158.00,1,-1,-1,-1
33,-1,8.00,187.00,100.00,224.00,1,-1,-1,-1
33,-1,524.34,258.75,109.45,251.46,1,-1,-1,-1
33,-1,44.43,293.38,104.51,291.41,1,-1,-1,-1
33,-1,559.45,311.34,115.39,253.96,1,-1,-1,-1
33,-1,491.46,256.29,89.16,240.22,1,-1,-1,-1
33,-1,305.70,441.63,94.36,224.39,1,-1,-1,-1
34,-1,70.00,181.00,74.00,196.00,1,-1,-1,-1
34,-1,324.00,162.00,122.00,289.00,1,-1,-1,-1
34,-1,367.00,209.00,56.00,138.00,1,-1,-1,-1
34,-1,278.00,215.00,57.00,155.00,1,-1,-1,-1
34,-1,22.00,181.00,96.00,227.00,1,-1,-1,-1
34,-1,308.82,118.12,115.51,295.99,1,-1,-1,-1
34,-1,100.01,235.20,115.63,247.40,1,-1,-1,-1
34,-1,14.55,98.47,113.94,307.90,1,-1,-1,-1
35,-1,62.00,182.00,75.00,197.00,1,-1,-1,-1
35,-1,338.00,154.00,121.00,295.00,1,-1,-1,-1
35,-1,372.00,209.00,56.00,138.00,1,-1,-1,-1
35,-1,288.00,219.00,54.00,151.00,1,-1,-1,-1
35,-1,33.00,182.00,90.00,235.00,1,-1,-1,-1
35,-1,110.44,181.47,116.86,258.73,1,-1,-1,-1
35,-1,66.77,124.45,77.35,231.50,1,-1,-1,-1
35,-1,341.56,162.52,117.18,279.85,1,-1,-1,-1
36,-1,54.00,184.00,76.00,198.00,1,-1,-1,-1
36,-1,352.00,160.00,111.00,291.00,1,-1,-1,-1
36,-1,378.00,209.00,55.00,139.00,1,-1,-1,-1
36,-1,299.00,218.00,49.00,153.00,1,-1,-1,-1
36,-1,31.00,188.00,103.00,221.00,1,-1,-1,-1
36,-1,79.20,2.26,82.13,252.90,1,-1,-1,-1
36,-1,183.05,138.51,90.23,218.34,1,-1,-1,-1
36,-1,542.69,469.47,112.91,203.40,1,-1,-1,-1
36,-1,143.70,293.52,103.12,208.42,1,-1,-1,-1
37,-1,47.00,185.00,78.00,199.00,1,-1,-1,-1
37,-1,361.00,167.00,106.00,282.00,1,-1,-1,-1
37,-1,383.00,209.00,55.00,139.00,1,-1,-1,-1
37,-1,301.00,222.00,55.00,153.00,1,-1,-1,-1
37,-1,43.00,178.00,93.00,238.00,1,-1,-1,-1
37,-1,343.57,388.17,106.78,245.88,1,-1,-1,-1
37,-1,286.77,159.64,91.50,223.48,1,-1,-1,-1
37,-1,632.52,55.99,102.89,210.88,1,-1,-1,-1
38,-1,39.00,187.00,79.00,200.00,1,-1,-1,-1
38,-1,371.00,167.00,107.00,286.00,1,-1,-1,-1
38,-1,389.00,210.00,55.00,139.00,1,-1,-1,-1
38,-1,303.00,217.00,60.00,157.00,1,-1,-1,-1
38,-1,49.00,182.00,99.00,230.00,1,-1,-1,-1
38,-1,600.33,83.50,111.20,217.20,1,-1,-1,-1
38,-1,115.08,227.79,113.06,285.05,1,-1,-1,-1
38,-1,304.85,170.01,96.13,281.14,1,-1,-1,-1
39,-1,31.00,188.00,80.00,201.00,1,-1,-1,-1
39,-1,385.00,169.00,91.00,281.00,1,-1,-1,-1
39,-1,394.00,210.00,55.00,139.00,1,-1,-1,-1
39,-1,305.00,213.00,61.00,155.00,1,-1,-1,-1
39,-1,59.00,178.00,81.00,234.00,1,-1,-1,-1
39,-1,574.35,237.22,88.19,285.57,1,-1,-1,-1
39,-1,311.10,37.18,111.74,255.52,1,-1,-1,-1
39,-1,479.92,177.50,112.83,267.64,1,-1,-1,-1
39,-1,247.47,458.95,114.26,284.62,1,-1,-1,-1
39,-1,181.83,437.00,90.77,296.36,1,-1,-1,-1
40,-1,21.00,179.00,86.00,212.00,1,-1,-1,-1
40,-1,386.00,155.00,108.00,300.00,1,-1,-1,-1
40,-1,400.00,210.00,54.00,140.00,1,-1,-1,-1
40,-1,307.00,217.00,64.00,153.00,1,-1,-1,-1
40,-1,59.00,174.00,92.00,237.00,1,-1,-1,-1
40,-1,610.16,276.49,96.39,276.13,1,-1,-1,-1
40,-1,631.60,454.58,110.57,306.66,1,-1,-1,-1
41,-1,12.00,183.00,83.00,208.00,1,-1,-1,-1
41,-1,400.00,158.00,96.00,296.00,1,-1,-1,-1
41,-1,405.00,210.00,54.00,140.00,1,-1,-1,-1
41,-1,314.00,219.00,63.00,155.00,1,-1,-1,-1
41,-1,71.00,176.00,79.00,235.00,1,-1,-1,-1
41,-1,337.92,324.01,81.32,294.37,1,-1,-1,-1
41,-1,625.14,320.33,81.36,215.58,1,-1,-1,-1
41,-1,46.35,328.77,78.11,251.17,1,-1,-1,-1
41,-1,85.92,65.38,95.92,264.76,1,-1,-1,-1
41,-1,580.68,11.02,83.99,202.54,1,-1,-1,-1
42,-1,10.00,181.00,85.00,207.00,1,-1,-1,-1
42,-1,404.00,157.00,107.00,300.00,1,-1,-1,-1
42,-1,411.00,210.00,54.00,140.00,1,-1,-1,-1
42,-1,319.00,220.00,62.00,156.00,1,-1,-1,-1
42,-1,77.00,177.00,91.00,239.00,1,-1,-1,-1
42,-1,472.07,258.60,100.27,229.56,1,-1,-1,-1
42,-1,213.28,126.95,78.78,303.11,1,-1,-1,-1
43,-1,2.00,186.00,84.00,202.00,1,-1,-1,-1
43,-1,426.00,159.00,97.00,296.00,1,-1,-1,-1
43,-1,417.00,210.00,54.00,140.00,1,-1,-1,-1
43,-1,321.00,214.00,65.00,157.00,1,-1,-1,-1
43,-1,97.00,172.00,80.00,249.00,1,-1,-1,-1
43,-1,234.09,219.27,106.65,242.26,1,-1,-1,-1
43,-1,173.93,372.64,90.89,212.52,1,-1,-1,-1
43,-1,485.61,29.10,102.37,225.46,1,-1,-1,-1
44,-1,-3.00,186.00,79.00,209.00,1,-1,-1,-1
44,-1,430.00,154.00,98.00,303.00,1,-1,-1,-1
44,-1,422.00,210.00,53.00,141.00,1,-1,-1,-1
44,-1,325.00,214.00,66.00,158.00,1,-1,-1,-1
44,-1,102.00,171.00,86.00,246.00,1,-1,-1,-1
44,-1,536.42,347.86,103.19,201.90,1,-1,-1,-1
44,-1,498.40,192.30,99.58,236.75,1,-1,-1,-1
45,-1,-8.00,186.00,74.00,216.00,1,-1,-1,-1
45,-1,436.00,153.00,110.00,307.00,1,-1,-1,-1
45,-1,428.00,210.00,53.00,141.00,1,-1,-1,-1
45,-1,329.00,217.00,66.00,153.00,1,-1,-1,-1
45,-1,97.00,174.00,103.00,240.00,1,-1,-1,-1
45,-1,592.58,236.78,105.32,236.51,1,-1,-1,-1
45,-1,359.47,236.33,85.38,219.15,1,-1,-1,-1
45,-1,350.69,57.00,107.78,239.12,1,-1,-1,-1
46,-1,-14.00,186.00,65.00,220.00,1,-1,-1,-1
46,-1,439.00,158.00,126.00,304.00,1,-1,-1,-1
46,-1,433.00,211.00,53.00,141.00,1,-1,-1,-1
46,-1,340.00,219.00,54.00,148.00,1,-1,-1,-1
46,-1,108.00,178.00,114.00,238.00,1,-1,-1,-1
46,-1,637.94,370.74,85.74,207.71,1,-1,-1,-1
47,-1,-24.00,182.00,69.00,221.00,1,-1,-1,-1
47,-1,449.00,164.00,119.00,294.00,1,-1,-1,-1
47,-1,439.00,211.00,53.00,141.00,1,-1,-1,-1
47,-1,334.00,211.00,64.00,159.00,1,-1,-1,-1
47,-1,121.00,177.00,101.00,231.00,1,-1,-1,-1
47,-1,312.00,204.00,63.00,155.00,1,-1,-1,-1
47,-1,334.57,393.02,93.08,264.38,1,-1,-1,-1
47,-1,514.57,345.00,97.59,254.09,1,-1,-1,-1
48,-1,-28.00,176.00,76.00,227.00,1,-1,-1,-1
48,-1,460.00,162.00,125.00,295.00,1,-1,-1,-1
48,-1,444.00,211.00,52.00,142.00,1,-1,-1,-1
48,-1,342.00,215.00,58.00,150.00,1,-1,-1,-1
48,-1,127.00,185.00,100.00,231.00,1,-1,-1,-1
48,-1,318.00,198.00,57.00,161.00,1,-1,-1,-1
48,-1,599.84,386.18,95.29,211.21,1,-1,-1,-1
49,-1,478.00,164.00,102.00,291.00,1,-1,-1,-1
49,-1,450.00,211.00,52.00,142.00,1,-1,-1,-1
49,-1,345.00,215.00,60.00,157.00,1,-1,-1,-1
49,-1,132.00,182.00,88.00,236.00,1,-1,-1,-1
49,-1,312.00,193.00,82.00,171.00,1,-1,-1,-1
49,-1,555.12,50.32,84.70,310.98,1,-1,-1,-1
49,-1,322.95,110.17,115.76,276.43,1,-1,-1,-1
49,-1,208.44,244.29,94.75,235.61,1,-1,-1,-1
49,-1,527.39,124.21,92.60,258.19,1,-1,-1,-1
50,-1,481.00,157.00,108.00,300.00,1,-1,-1,-1
50,-1,450.00,209.00,56.00,142.00,1,-1,-1,-1
50,-1,356.00,214.00,52.00,154.00,1,-1,-1,-1
50,-1,140.00,183.00,94.00,235.00,1,-1,-1,-1
50,-1,328.00,199.00,65.00,162.00,1,-1,-1,-1
50,-1,493.66,170.10,114.33,227.39,1,-1,-1,-1
50,-1,541.88,19.28,111.64,223.45,1,-1,-1,-1
50,-1,617.12,105.35,112.69,277.30,1,-1,-1,-1
50,-1,582.37,9.12,105.60,212.96,1,-1,-1,-1
50,-1,584.28,194.43,110.45,215.98,1,-1,-1,-1
50,-1,122.65,126.96,100.25,236.17,1,-1,-1,-1
51,-1,494.00,159.00,100.00,303.00,1,-1,-1,-1
51,-1,455.00,206.00,56.00,143.00,1,-1,-1,-1
51,-1,352.00,209.00,64.00,165.00,1,-1,-1,-1
51,-1,154.00,181.00,89.00,238.00,1,-1,-1,-1
51,-1,328.00,199.00,69.00,165.00,1,-1,-1,-1
51,-1,604.14,475.57,97.46,229.24,1,-1,-1,-1
51,-1,96.91,393.07,107.83,245.81,1,-1,-1,-1
51,-1,42.83,260.56,96.83,270.98,1,-1,-1,-1
52,-1,497.00,158.00,104.00,301.00,1,-1,-1,-1
52,-1,460.00,209.00,53.00,139.00,1,-1,-1,-1
52,-1,358.00,215.00,65.00,150.00,1,-1,-1,-1
52,-1,165.00,181.00,81.00,238.00,1,-1,-1,-1
52,-1,330.00,199.00,67.00,166.00,1,-1,-1,-1
52,-1,563.42,328.57,94.06,303.75,1,-1,-1,-1
53,-1,505.00,150.00,103.00,307.00,1,-1,-1,-1
53,-1,467.00,213.00,60.00,140.00,1,-1,-1,-1
53,-1,365.00,214.00,65.00,158.00,1,-1,-1,-1
53,-1,173.00,178.00,79.00,241.00,1,-1,-1,-1
53,-1,333.00,195.00,73.00,169.00,1,-1,-1,-1
53,-1,565.29,137.42,91.46,232.71,1,-1,-1,-1
53,-1,71.72,78.27,99.27,299.79,1,-1,-1,-1
53,-1,101.75,155.03,103.00,243.75,1,-1,-1,-1
54,-1,508.00,148.00,100.00,310.00,1,-1,-1,-1
54,-1,473.00,217.00,61.00,131.00,1,-1,-1,-1
54,-1,365.00,214.00,70.00,158.00,1,-1,-1,-1
54,-1,185.00,176.00,81.00,249.00,1,-1,-1,-1
54,-1,342.00,199.00,67.00,166.00,1,-1,-1,-1
54,-1,50.98,7.59,99.57,227.77,1,-1,-1,-1
54,-1,48.17,213.58,81.45,305.59,1,-1,-1,-1
55,-1,514.00,151.00,105.00,306.00,1,-1,-1,-1
55,-1,482.00,215.00,63.00,130.00,1,-1,-1,-1
55,-1,367.00,217.00,75.00,151.00,1,-1,-1,-1
55,-1,196.00,177.00,75.00,242.00,1,-1,-1,-1
55,-1,349.00,196.00,63.00,162.00,1,-1,-1,-1
55,-1,564.19,274.70,90.25,262.23,1,-1,-1,-1
55,-1,621.91,452.48,93.31,234.07,1,-1,-1,-1
56,-1,529.00,151.00,99.00,308.00,1,-1,-1,-1
56,-1,482.00,209.00,64.00,144.00,1,-1,-1,-1
56,-1,379.00,219.00,62.00,151.00,1,-1,-1,-1
56,-1,201.00,174.00,88.00,240.00,1,-1,-1,-1
56,-1,352.00,193.00,63.00,173.00,1,-1,-1,-1
57,-1,538.00,150.00,102.00,310.00,1,-1,-1,-1
57,-1,486.00,214.00,61.00,131.00,1,-1,-1,-1
57,-1,382.00,223.00,59.00,151.00,1,-1,-1,-1
57,-1,208.00,173.00,94.00,249.00,1,-1,-1,-1
57,-1,366.00,193.00,53.00,172.00,1,-1,-1,-1
57,-1,546.71,434.14,112.35,236.24,1,-1,-1,-1
57,-1,225.74,3.61,112.96,285.03,1,-1,-1,-1
57,-1,359.22,420.16,83.11,258.05,1,-1,-1,-1
57,-1,6.39,396.15,95.61,202.36,1,-1,-1,-1
57,-1,204.40,465.02,113.82,263.36,1,-1,-1,-1
57,-1,593.89,4.13,116.21,309.06,1,-1,-1,-1
58,-1,539.00,157.00,101.00,305.00,1,-1,-1,-1
58,-1,491.00,211.00,65.00,140.00,1,-1,-1,-1
58,-1,386.00,218.00,56.00,152.00,1,-1,-1,-1
58,-1,213.00,182.00,102.00,239.00,1,-1,-1,-1
58,-1,366.00,196.00,50.00,175.00,1,-1,-1,-1
58,-1,183.05,296.86,81.68,214.18,1,-1,-1,-1
58,-1,486.64,129.13,80.68,241.77,1,-1,-1,-1
58,-1,58.93,458.62,104.23,229.76,1,-1,-1,-1
58,-1,199.19,395.19,78.44,306.36,1,-1,-1,-1
58,-1,252.25,229.09,92.78,235.74,1,-1,-1,-1
59,-1,553.00,152.00,113.00,304.00,1,-1,-1,-1
59,-1,499.00,210.00,61.00,142.00,1,-1,-1,-1
59,-1,393.00,218.00,53.00,152.00,1,-1,-1,-1
59,-1,223.00,182.00,103.00,237.00,1,-1,-1,-1
59,-1,371.00,198.00,53.00,166.00,1,-1,-1,-1
59,-1,270.23,464.18,101.17,276.43,1,-1,-1,-1
59,-1,149.26,195.49,102.59,209.61,1,-1,-1,-1
60,-1,553.00,157.00,123.00,300.00,1,-1,-1,-1
60,-1,506.00,215.00,59.00,134.00,1,-1,-1,-1
60,-1,397.00,215.00,57.00,152.00,1,-1,-1,-1
60,-1,231.00,187.00,107.00,236.00,1,-1,-1,-1
60,-1,372.00,199.00,58.00,163.00,1,-1,-1,-1
60,-1,513.23,25.84,110.37,271.88,1,-1,-1,-1
60,-1,344.66,38.81,84.55,265.97,1,-1,-1,-1
60,-1,547.16,138.37,96.87,204.62,1,-1,-1,-1
60,-1,408.55,42.27,89.79,235.78,1,-1,-1,-1
61,-1,565.00,160.00,113.00,308.00,1,-1,-1,-1
61,-1,517.00,217.00,51.00,131.00,1,-1,-1,-1
61,-1,402.00,213.00,57.00,154.00,1,-1,-1,-1
61,-1,236.00,187.00,106.00,235.00,1,-1,-1,-1
61,-1,372.00,199.00,59.00,169.00,1,-1,-1,-1
61,-1,542.19,253.85,83.33,266.95,1,-1,-1,-1
62,-1,572.00,167.00,110.00,295.00,1,-1,-1,-1
62,-1,514.00,213.00,59.00,138.00,1,-1,-1,-1
62,-1,411.00,211.00,57.00,160.00,1,-1,-1,-1
62,-1,251.00,185.00,101.00,242.00,1,-1,-1,-1
62,-1,375.00,201.00,77.00,161.00,1,-1,-1,-1
62,-1,229.52,152.66,97.99,249.24,1,-1,-1,-1
62,-1,226.97,398.86,99.27,271.37,1,-1,-1,-1
63,-1,575.00,173.00,97.00,290.00,1,-1,-1,-1
63,-1,518.00,205.00,60.00,144.00,1,-1,-1,-1
63,-1,409.00,214.00,67.00,160.00,1,-1,-1,-1
63,-1,260.00,183.00,103.00,244.00,1,-1,-1,-1
63,-1,377.00,199.00,69.00,169.00,1,-1,-1,-1
63,-1,489.32,7.48,109.15,242.97,1,-1,-1,-1
63,-1,137.77,398.51,85.21,309.26,1,-1,-1,-1
63,-1,574.79,124.55,91.53,264.26,1,-1,-1,-1
63,-1,322.15,91.79,111.72,303.22,1,-1,-1,-1
63,-1,335.50,257.67,116.47,228.65,1,-1,-1,-1
64,-1,528.00,210.00,56.00,142.00,1,-1,-1,-1
64,-1,418.00,215.00,56.00,152.00,1,-1,-1,-1
64,-1,273.00,183.00,85.00,240.00,1,-1,-1,-1
64,-1,378.00,204.00,69.00,165.00,1,-1,-1,-1
64,-1,594.18,262.45,114.83,274.79,1,-1,-1,-1
64,-1,334.44,378.80,97.75,248.23,1,-1,-1,-1
65,-1,534.00,214.00,58.00,139.00,1,-1,-1,-1
65,-1,423.00,214.00,68.00,158.00,1,-1,-1,-1
65,-1,280.00,179.00,90.00,242.00,1,-1,-1,-1
65,-1,383.00,204.00,73.00,161.00,1,-1,-1,-1
65,-1,352.67,352.54,101.07,233.50,1,-1,-1,-1
65,-1,249.76,423.37,86.31,248.93,1,-1,-1,-1
65,-1,147.06,348.11,81.68,311.57,1,-1,-1,-1
66,-1,537.00,206.00,62.00,143.00,1,-1,-1,-1
66,-1,421.00,217.00,73.00,154.00,1,-1,-1,-1
66,-1,297.00,179.00,84.00,246.00,1,-1,-1,-1
66,-1,383.00,204.00,73.00,162.00,1,-1,-1,-1
66,-1,274.49,364.93,115.18,266.84,1,-1,-1,-1
66,-1,187.36,322.90,79.78,291.05,1,-1,-1,-1
66,-1,333.12,93.29,117.54,285.12,1,-1,-1,-1
66,-1,262.07,177.24,104.94,238.67,1,-1,-1,-1
66,-1,307.08,81.96,81.21,202.33,1,-1,-1,-1
67,-1,542.00,209.00,74.00,147.00,1,-1,-1,-1
67,-1,434.00,214.00,58.00,158.00,1,-1,-1,-1
67,-1,306.00,179.00,80.00,239.00,1,-1,-1,-1
67,-1,391.00,196.00,66.00,175.00,1,-1,-1,-1
67,-1,137.58,140.61,85.49,288.51,1,-1,-1,-1
67,-1,147.16,295.41,109.30,207.15,1,-1,-1,-1
67,-1,2.13,465.83,89.54,228.40,1,-1,-1,-1
68,-1,547.00,211.00,61.00,140.00,1,-1,-1,-1
68,-1,434.00,220.00,67.00,151.00,1,-1,-1,-1
68,-1,315.00,173.00,90.00,253.00,1,-1,-1,-1
68,-1,403.00,201.00,63.00,167.00,1,-1,-1,-1
68,-1,330.25,194.25,100.13,291.16,1,-1,-1,-1
68,-1,328.32,313.40,110.49,306.03,1,-1,-1,-1
68,-1,137.42,153.01,101.69,207.05,1,-1,-1,-1
68,-1,261.97,302.25,103.35,225.07,1,-1,-1,-1
69,-1,557.00,215.00,62.00,138.00,1,-1,-1,-1
69,-1,441.00,217.00,61.00,155.00,1,-1,-1,-1
69,-1,325.00,178.00,91.00,250.00,1,-1,-1,-1
69,-1,399.00,201.00,70.00,177.00,1,-1,-1,-1
69,-1,557.03,128.17,117.42,206.15,1,-1,-1,-1
69,-1,480.51,228.94,83.34,260.81,1,-1,-1,-1
70,-1,561.00,210.00,59.00,142.00,1,-1,-1,-1
70,-1,446.00,217.00,64.00,155.00,1,-1,-1,-1
70,-1,326.00,182.00,100.00,235.00,1,-1,-1,-1
70,-1,403.00,199.00,65.00,169.00,1,-1,-1,-1
70,-1,420.73,272.54,83.77,298.18,1,-1,-1,-1
70,-1,332.74,98.57,102.77,246.92,1,-1,-1,-1
71,-1,561.00,220.00,63.00,133.00,1,-1,-1,-1
71,-1,449.00,219.00,61.00,153.00,1,-1,-1,-1
71,-1,335.00,183.00,107.00,243.00,1,-1,-1,-1
71,-1,416.00,204.00,58.00,164.00,1,-1,-1,-1
71,-1,185.98,28.17,77.95,304.86,1,-1,-1,-1
71,-1,140.81,74.74,92.23,205.50,1,-1,-1,-1
71,-1,376.91,433.34,85.09,249.57,1,-1,-1,-1
71,-1,317.42,358.75,87.53,203.15,1,-1,-1,-1
