1,89,240,199,25,66,1,1,-1,-1
1,122,17,150,77,191,1,1,-1,-1
2,89,244,198,25,66,1,1,-1,-1
2,122,20,148,78,195,1,1,-1,-1
3,89,243,220,17,60,1,1,-1,-1
3,122,23,147,79,199,1,1,-1,-1
3,354,121,151,86,184,1,1,-1,-1
4,89,232,192,28,71,1,1,-1,-1
4,122,26,146,79,202,1,1,-1,-1
4,354,126,150,87,186,1,1,-1,-1
5,40,270,183,29,68,1,1,-1,-1
5,89,240,196,29,70,1,1,-1,-1
5,122,37,130,68,199,1,1,-1,-1
5,354,131,149,89,189,1,1,-1,-1
6,40,265,187,20,73,1,1,-1,-1
6,89,247,196,28,70,1,1,-1,-1
6,122,33,142,81,210,1,1,-1,-1
6,354,136,148,91,192,1,1,-1,-1
7,40,272,187,20,72,1,1,-1,-1
7,89,254,197,27,70,1,1,-1,-1
7,122,36,142,82,213,1,1,-1,-1
8,27,146,146,95,198,1,1,-1,-1
8,40,279,188,20,70,1,1,-1,-1
8,89,241,185,29,82,1,1,-1,-1
8,122,40,140,82,217,1,1,-1,-1
9,27,151,145,97,201,1,1,-1,-1
9,40,286,188,20,69,1,1,-1,-1
9,89,242,201,24,66,1,1,-1,-1
10,27,140,139,113,233,1,1,-1,-1
10,28,50,138,84,224,1,1,-1,-1
10,40,294,189,21,71,1,1,-1,-1
11,27,164,142,100,208,1,1,-1,-1
11,28,58,138,85,227,1,1,-1,-1
11,40,285,200,24,68,1,1,-1,-1
12,27,181,134,100,209,1,1,-1,-1
12,28,65,136,85,231,1,1,-1,-1
12,40,282,200,26,77,1,1,-1,-1
13,27,171,124,111,236,1,1,-1,-1
13,28,72,136,86,234,1,1,-1,-1
13,40,276,205,24,63,1,1,-1,-1
14,27,189,139,102,218,1,1,-1,-1
14,28,89,122,77,219,1,1,-1,-1
14,40,283,203,25,65,1,1,-1,-1
15,27,197,138,103,221,1,1,-1,-1
15,28,78,132,88,243,1,1,-1,-1
15,40,291,200,25,67,1,1,-1,-1
15,75,413,217,12,33,1,1,-1,-1
15,123,334,188,23,79,1,1,-1,-1
16,27,206,137,104,225,1,1,-1,-1
16,28,87,127,89,247,1,1,-1,-1
16,40,297,198,26,69,1,1,-1,-1
16,75,416,214,12,34,1,1,-1,-1
16,123,342,186,23,81,1,1,-1,-1
16,263,325,194,23,73,1,1,-1,-1
17,27,209,134,104,228,1,1,-1,-1
17,28,88,125,90,251,1,1,-1,-1
17,40,305,195,26,71,1,1,-1,-1
17,75,419,212,12,34,1,1,-1,-1
17,123,350,183,23,83,1,1,-1,-1
17,263,333,192,23,75,1,1,-1,-1
18,27,212,132,105,230,1,1,-1,-1
18,28,102,112,80,233,1,1,-1,-1
18,75,422,209,13,35,1,1,-1,-1
18,123,353,182,23,84,1,1,-1,-1
18,263,335,192,24,76,1,1,-1,-1
19,27,215,130,106,233,1,1,-1,-1
19,28,81,122,95,264,1,1,-1,-1
19,75,425,207,13,35,1,1,-1,-1
19,123,356,182,22,84,1,1,-1,-1
19,263,337,190,24,78,1,1,-1,-1
19,264,311,193,25,73,1,1,-1,-1
20,27,209,125,119,240,1,1,-1,-1
20,28,79,111,97,271,1,1,-1,-1
20,75,429,205,13,35,1,1,-1,-1
20,123,359,180,22,85,1,1,-1,-1
20,263,340,190,25,79,1,1,-1,-1
20,264,313,192,25,74,1,1,-1,-1
21,27,211,123,117,247,1,1,-1,-1
21,28,99,80,81,230,1,1,-1,-1
21,75,432,205,13,35,1,1,-1,-1
21,123,363,180,21,85,1,1,-1,-1
21,264,316,191,24,75,1,1,-1,-1
22,27,213,121,116,255,1,1,-1,-1
22,28,71,105,102,285,1,1,-1,-1
22,75,435,205,13,35,1,1,-1,-1
22,123,365,179,22,85,1,1,-1,-1
22,153,346,189,25,80,1,1,-1,-1
22,207,377,194,26,72,1,1,-1,-1
22,264,320,191,24,75,1,1,-1,-1
23,27,222,123,111,265,1,1,-1,-1
23,28,72,105,104,292,1,1,-1,-1
23,75,438,205,14,36,1,1,-1,-1
23,153,351,188,24,80,1,1,-1,-1
23,207,381,193,26,73,1,1,-1,-1
23,264,324,190,25,76,1,1,-1,-1
24,28,71,105,107,300,1,1,-1,-1
24,75,441,205,14,36,1,1,-1,-1
24,153,355,189,24,79,1,1,-1,-1
24,207,371,177,24,85,1,1,-1,-1
25,28,69,102,109,307,1,1,-1,-1
25,153,359,188,24,79,1,1,-1,-1
25,207,374,177,25,85,1,1,-1,-1
26,153,365,188,23,79,1,1,-1,-1
26,207,373,203,27,93,1,1,-1,-1
26,208,448,206,14,36,1,1,-1,-1
26,265,56,34,145,409,1,1,-1,-1
27,153,369,187,23,79,1,1,-1,-1
27,207,378,169,34,111,1,1,-1,-1
27,208,451,206,14,36,1,1,-1,-1
27,265,55,81,130,365,1,1,-1,-1
28,36,401,189,26,77,1,1,-1,-1
28,153,373,188,23,78,1,1,-1,-1
28,208,454,206,14,37,1,1,-1,-1
28,209,230,126,121,311,1,1,-1,-1
28,265,64,92,119,333,1,1,-1,-1
29,36,405,189,26,77,1,1,-1,-1
29,208,457,206,15,37,1,1,-1,-1
29,209,233,103,121,314,1,1,-1,-1
29,265,62,88,122,342,1,1,-1,-1
30,36,402,188,26,78,1,1,-1,-1
30,208,460,206,15,38,1,1,-1,-1
30,209,237,99,127,324,1,1,-1,-1
30,210,391,174,27,85,1,1,-1,-1
30,265,103,84,91,290,1,1,-1,-1
31,36,407,188,26,79,1,1,-1,-1
31,208,463,206,15,38,1,1,-1,-1
31,209,241,95,133,334,1,1,-1,-1
31,210,384,177,29,89,1,1,-1,-1
32,36,409,189,26,79,1,1,-1,-1
32,90,56,76,132,367,1,1,-1,-1
32,209,253,95,116,286,1,1,-1,-1
32,210,386,187,21,77,1,1,-1,-1
33,36,419,186,26,80,1,1,-1,-1
33,90,61,72,133,374,1,1,-1,-1
33,209,249,87,146,355,1,1,-1,-1
33,210,396,186,21,77,1,1,-1,-1
34,36,430,186,26,82,1,1,-1,-1
34,90,69,72,138,384,1,1,-1,-1
34,210,403,186,22,79,1,1,-1,-1
35,36,424,172,27,91,1,1,-1,-1
35,90,71,70,141,392,1,1,-1,-1
35,210,411,187,22,80,1,1,-1,-1
36,36,426,186,22,78,1,1,-1,-1
36,90,123,69,100,321,1,1,-1,-1
37,36,427,187,23,83,1,1,-1,-1
37,90,127,69,102,324,1,1,-1,-1
37,124,454,186,27,86,1,1,-1,-1
38,36,431,186,23,84,1,1,-1,-1
38,41,265,188,26,79,1,1,-1,-1
38,90,129,68,102,328,1,1,-1,-1
38,124,457,186,27,87,1,1,-1,-1
38,211,515,206,18,41,1,1,-1,-1
39,6,273,64,184,415,1,1,-1,-1
39,36,434,185,24,85,1,1,-1,-1
39,41,268,183,28,83,1,1,-1,-1
39,90,132,66,101,332,1,1,-1,-1
39,124,459,185,28,88,1,1,-1,-1
39,211,521,206,18,41,1,1,-1,-1
40,6,277,60,190,425,1,1,-1,-1
40,36,438,185,24,85,1,1,-1,-1
40,41,268,187,31,80,1,1,-1,-1
40,90,134,66,101,335,1,1,-1,-1
40,124,462,185,28,89,1,1,-1,-1
40,211,523,206,18,41,1,1,-1,-1
41,6,297,16,205,456,1,1,-1,-1
41,36,442,184,24,86,1,1,-1,-1
41,41,269,186,30,81,1,1,-1,-1
41,124,466,184,28,90,1,1,-1,-1
41,211,525,206,18,42,1,1,-1,-1
42,6,282,53,201,441,1,1,-1,-1
42,41,266,183,30,85,1,1,-1,-1
42,124,468,184,29,90,1,1,-1,-1
42,211,522,206,19,42,1,1,-1,-1
43,6,283,50,205,447,1,1,-1,-1
43,41,264,182,31,86,1,1,-1,-1
43,124,470,184,29,90,1,1,-1,-1
43,211,520,203,19,42,1,1,-1,-1
44,6,283,47,210,453,1,1,-1,-1
44,41,269,181,37,86,1,1,-1,-1
44,124,471,184,30,90,1,1,-1,-1
45,6,284,44,215,459,1,1,-1,-1
45,41,269,180,38,86,1,1,-1,-1
46,6,284,41,220,465,1,1,-1,-1
46,41,270,181,38,84,1,1,-1,-1
46,42,33,16,193,491,1,1,-1,-1
47,6,285,38,224,471,1,1,-1,-1
47,41,272,183,34,83,1,1,-1,-1
47,42,-14,-29,236,604,1,1,-1,-1
47,91,524,203,20,44,1,1,-1,-1
48,6,286,34,228,478,1,1,-1,-1
48,41,273,181,34,80,1,1,-1,-1
48,42,23,7,204,513,1,1,-1,-1
48,91,526,203,21,45,1,1,-1,-1
49,6,286,31,234,484,1,1,-1,-1
49,41,281,183,32,77,1,1,-1,-1
49,42,12,5,209,515,1,1,-1,-1
49,91,529,204,21,45,1,1,-1,-1
50,6,287,28,238,490,1,1,-1,-1
50,41,280,182,34,79,1,1,-1,-1
50,42,15,5,214,524,1,1,-1,-1
50,91,533,204,22,46,1,1,-1,-1
51,6,287,25,243,496,1,1,-1,-1
51,42,19,2,203,521,1,1,-1,-1
51,91,535,203,22,46,1,1,-1,-1
52,6,302,62,233,474,1,1,-1,-1
52,42,6,0,223,531,1,1,-1,-1
52,91,538,202,22,47,1,1,-1,-1
53,6,289,19,252,508,1,1,-1,-1
53,42,93,-63,183,562,1,1,-1,-1
53,91,540,202,22,47,1,1,-1,-1
54,6,291,16,256,514,1,1,-1,-1
54,42,-3,-7,233,548,1,1,-1,-1
54,91,543,201,22,47,1,1,-1,-1
55,6,294,13,259,520,1,1,-1,-1
55,42,-6,-10,237,561,1,1,-1,-1
55,91,545,200,22,48,1,1,-1,-1
55,266,486,183,34,92,1,1,-1,-1
56,6,297,10,262,526,1,1,-1,-1
56,42,-9,-14,241,573,1,1,-1,-1
56,266,487,182,34,93,1,1,-1,-1
57,6,300,7,265,533,1,1,-1,-1
57,42,-18,-24,245,572,1,1,-1,-1
57,266,488,182,35,94,1,1,-1,-1
58,6,303,4,268,539,1,1,-1,-1
58,42,-13,-18,246,620,1,1,-1,-1
58,266,489,182,35,94,1,1,-1,-1
59,6,305,1,272,545,1,1,-1,-1
59,266,491,181,35,95,1,1,-1,-1
60,76,-13,-18,246,620,1,1,-1,-1
61,76,-13,-18,246,620,1,1,-1,-1
61,125,560,196,23,50,1,1,-1,-1
62,76,-27,-101,304,767,1,1,-1,-1
62,125,563,196,23,50,1,1,-1,-1
63,76,-14,-18,247,620,1,1,-1,-1
63,125,563,196,24,51,1,1,-1,-1
64,76,-14,-18,247,620,1,1,-1,-1
64,125,565,195,24,52,1,1,-1,-1
65,76,-14,-18,247,620,1,1,-1,-1
65,125,567,195,25,52,1,1,-1,-1
66,76,2,26,209,525,1,1,-1,-1
66,125,569,195,25,52,1,1,-1,-1
67,76,-15,-18,248,620,1,1,-1,-1
67,125,572,195,25,53,1,1,-1,-1
67,212,499,170,38,102,1,1,-1,-1
68,76,-15,-18,248,620,1,1,-1,-1
68,125,563,203,21,45,1,1,-1,-1
68,212,497,178,37,97,1,1,-1,-1
69,76,-15,-18,248,620,1,1,-1,-1
69,212,497,178,37,97,1,1,-1,-1
70,212,497,178,37,97,1,1,-1,-1
71,92,-15,-18,248,620,1,1,-1,-1
71,212,497,178,37,97,1,1,-1,-1
72,92,-15,-19,248,621,1,1,-1,-1
72,212,503,186,30,80,1,1,-1,-1
73,92,-15,-19,248,621,1,1,-1,-1
73,126,290,179,27,80,1,1,-1,-1
74,92,-16,-19,248,621,1,1,-1,-1
74,126,304,177,25,84,1,1,-1,-1
75,92,-16,-19,249,621,1,1,-1,-1
75,126,291,178,26,80,1,1,-1,-1
76,7,556,200,23,43,1,1,-1,-1
76,92,-16,-19,249,621,1,1,-1,-1
76,126,302,177,26,83,1,1,-1,-1
77,7,556,199,23,44,1,1,-1,-1
77,16,131,11,132,427,1,1,-1,-1
77,92,-16,-19,249,621,1,1,-1,-1
77,126,292,178,25,79,1,1,-1,-1
78,7,557,199,23,45,1,1,-1,-1
78,16,133,10,130,428,1,1,-1,-1
78,92,-33,-67,276,689,1,1,-1,-1
78,126,292,178,24,75,1,1,-1,-1
79,7,557,199,23,45,1,1,-1,-1
79,16,136,9,129,428,1,1,-1,-1
79,92,-17,-19,250,621,1,1,-1,-1
79,126,291,178,24,71,1,1,-1,-1
79,127,599,192,28,59,1,1,-1,-1
80,7,557,199,23,45,1,1,-1,-1
80,16,138,8,127,429,1,1,-1,-1
80,126,292,178,23,67,1,1,-1,-1
80,127,602,192,27,60,1,1,-1,-1
81,7,557,199,23,45,1,1,-1,-1
81,16,141,7,125,429,1,1,-1,-1
81,93,497,177,35,98,1,1,-1,-1
81,127,604,192,28,60,1,1,-1,-1
82,7,558,199,23,46,1,1,-1,-1
82,16,130,-86,168,535,1,1,-1,-1
82,93,497,177,35,98,1,1,-1,-1
82,127,606,191,28,61,1,1,-1,-1
83,7,558,199,23,46,1,1,-1,-1
83,16,96,-53,197,587,1,1,-1,-1
83,29,300,178,27,87,1,1,-1,-1
83,93,497,177,35,98,1,1,-1,-1
83,127,609,191,28,62,1,1,-1,-1
84,7,558,199,23,46,1,1,-1,-1
84,16,84,-96,222,617,1,1,-1,-1
84,29,300,177,27,88,1,1,-1,-1
84,93,497,177,35,97,1,1,-1,-1
84,127,611,191,28,62,1,1,-1,-1
85,7,558,199,23,46,1,1,-1,-1
85,16,-18,-20,251,622,1,1,-1,-1
85,29,299,177,27,88,1,1,-1,-1
85,93,497,177,35,97,1,1,-1,-1
85,127,613,191,29,62,1,1,-1,-1
86,7,559,199,23,47,1,1,-1,-1
86,16,-18,-20,251,622,1,1,-1,-1
86,29,299,177,27,88,1,1,-1,-1
86,93,497,177,35,97,1,1,-1,-1
86,127,616,191,29,63,1,1,-1,-1
87,7,558,198,23,48,1,1,-1,-1
87,16,-19,-20,252,622,1,1,-1,-1
87,29,289,191,24,78,1,1,-1,-1
87,93,503,186,34,94,1,1,-1,-1
88,7,558,198,23,48,1,1,-1,-1
88,16,82,-7,195,510,1,1,-1,-1
88,29,289,178,24,75,1,1,-1,-1
88,93,497,177,35,97,1,1,-1,-1
88,267,-19,-20,252,622,1,1,-1,-1
89,7,558,198,23,48,1,1,-1,-1
89,16,106,12,170,446,1,1,-1,-1
89,29,288,178,24,77,1,1,-1,-1
89,93,497,177,35,97,1,1,-1,-1
89,267,-19,-20,252,622,1,1,-1,-1
90,7,558,197,23,49,1,1,-1,-1
90,16,101,24,161,406,1,1,-1,-1
90,29,299,175,27,89,1,1,-1,-1
90,267,-20,-21,252,623,1,1,-1,-1
91,7,558,197,23,49,1,1,-1,-1
91,16,100,24,168,406,1,1,-1,-1
91,29,288,178,25,81,1,1,-1,-1
91,267,-20,-20,253,622,1,1,-1,-1
92,7,557,197,23,49,1,1,-1,-1
92,16,100,24,174,405,1,1,-1,-1
92,29,298,175,27,89,1,1,-1,-1
92,267,-20,-21,253,623,1,1,-1,-1
93,7,557,196,23,50,1,1,-1,-1
93,16,101,24,180,405,1,1,-1,-1
93,29,287,178,25,84,1,1,-1,-1
93,268,329,174,28,92,1,1,-1,-1
94,7,557,196,23,50,1,1,-1,-1
94,16,103,24,178,407,1,1,-1,-1
94,29,298,176,27,89,1,1,-1,-1
94,268,330,174,27,91,1,1,-1,-1
95,7,557,196,23,50,1,1,-1,-1
95,29,288,180,24,83,1,1,-1,-1
95,268,331,174,26,91,1,1,-1,-1
96,7,557,196,23,51,1,1,-1,-1
96,29,290,181,23,82,1,1,-1,-1
96,54,-20,-21,253,623,1,1,-1,-1
96,154,543,201,17,42,1,1,-1,-1
96,268,333,174,25,90,1,1,-1,-1
97,29,299,176,26,90,1,1,-1,-1
97,54,-20,-21,253,623,1,1,-1,-1
97,154,542,201,17,42,1,1,-1,-1
97,268,334,174,24,89,1,1,-1,-1
98,29,300,176,25,90,1,1,-1,-1
98,54,-20,-22,253,624,1,1,-1,-1
98,154,542,201,17,42,1,1,-1,-1
99,54,-21,-21,254,623,1,1,-1,-1
99,154,542,201,17,42,1,1,-1,-1
100,2,289,178,24,86,1,1,-1,-1
100,54,-21,-22,254,624,1,1,-1,-1
100,154,541,201,17,42,1,1,-1,-1
100,269,556,194,23,53,1,1,-1,-1
101,2,289,177,24,87,1,1,-1,-1
101,54,-21,-22,254,624,1,1,-1,-1
101,154,541,201,17,42,1,1,-1,-1
101,155,119,-37,179,513,1,1,-1,-1
101,269,556,194,23,53,1,1,-1,-1
102,2,289,177,24,87,1,1,-1,-1
102,54,-22,-22,254,624,1,1,-1,-1
102,154,541,201,17,42,1,1,-1,-1
102,155,143,17,145,415,1,1,-1,-1
102,269,555,194,23,53,1,1,-1,-1
103,2,289,177,24,88,1,1,-1,-1
103,54,-22,-22,255,624,1,1,-1,-1
103,155,143,17,145,415,1,1,-1,-1
103,269,555,193,23,54,1,1,-1,-1
104,2,290,177,23,88,1,1,-1,-1
104,54,-22,-22,255,624,1,1,-1,-1
104,155,143,17,145,415,1,1,-1,-1
104,269,555,193,23,54,1,1,-1,-1
105,2,290,177,23,88,1,1,-1,-1
105,54,-22,-22,255,624,1,1,-1,-1
105,155,143,17,145,415,1,1,-1,-1
106,2,290,177,23,88,1,1,-1,-1
106,54,-22,-22,255,624,1,1,-1,-1
106,155,143,17,145,415,1,1,-1,-1
107,2,289,177,24,88,1,1,-1,-1
107,54,-22,-22,255,624,1,1,-1,-1
107,155,143,17,145,415,1,1,-1,-1
107,270,298,176,29,91,1,1,-1,-1
108,2,289,177,24,88,1,1,-1,-1
108,213,497,177,35,97,1,1,-1,-1
108,270,298,176,29,91,1,1,-1,-1
109,2,290,177,24,88,1,1,-1,-1
109,156,-23,-22,255,624,1,1,-1,-1
109,213,497,177,35,97,1,1,-1,-1
109,270,298,176,29,91,1,1,-1,-1
110,2,290,177,24,88,1,1,-1,-1
110,156,-23,-22,255,624,1,1,-1,-1
110,213,497,177,35,97,1,1,-1,-1
110,270,298,176,29,91,1,1,-1,-1
111,2,290,177,24,88,1,1,-1,-1
111,156,-24,-23,256,625,1,1,-1,-1
111,213,497,177,35,97,1,1,-1,-1
111,270,298,176,29,91,1,1,-1,-1
112,2,291,177,23,88,1,1,-1,-1
112,156,-24,-23,256,625,1,1,-1,-1
112,213,497,177,35,97,1,1,-1,-1
113,2,291,177,23,88,1,1,-1,-1
113,156,-24,-23,256,625,1,1,-1,-1
113,213,497,177,35,97,1,1,-1,-1
113,214,298,176,29,91,1,1,-1,-1
114,2,291,177,23,88,1,1,-1,-1
114,156,-24,-23,257,625,1,1,-1,-1
114,214,298,176,29,91,1,1,-1,-1
114,271,538,200,17,42,1,1,-1,-1
115,2,291,177,23,88,1,1,-1,-1
115,156,-25,-23,258,625,1,1,-1,-1
115,214,298,176,29,91,1,1,-1,-1
115,271,537,200,17,42,1,1,-1,-1
116,2,292,177,23,88,1,1,-1,-1
116,214,298,176,29,91,1,1,-1,-1
116,271,537,200,17,42,1,1,-1,-1
117,2,292,177,23,88,1,1,-1,-1
117,214,298,176,29,91,1,1,-1,-1
117,271,537,200,17,42,1,1,-1,-1
118,2,292,177,23,88,1,1,-1,-1
118,214,298,176,29,91,1,1,-1,-1
118,271,536,179,20,49,1,1,-1,-1
118,272,-24,-23,261,625,1,1,-1,-1
119,2,298,176,29,91,1,1,-1,-1
119,55,497,177,35,97,1,1,-1,-1
119,63,145,18,145,416,1,1,-1,-1
119,272,-25,-23,263,625,1,1,-1,-1
119,273,328,174,27,90,1,1,-1,-1
120,2,292,178,23,87,1,1,-1,-1
120,55,497,177,35,97,1,1,-1,-1
120,63,145,18,145,416,1,1,-1,-1
120,272,-25,-24,264,626,1,1,-1,-1
120,273,325,200,31,104,1,1,-1,-1
121,2,292,178,23,87,1,1,-1,-1
121,55,497,177,35,97,1,1,-1,-1
121,63,146,19,145,416,1,1,-1,-1
121,272,-16,-25,257,626,1,1,-1,-1
121,273,328,174,27,90,1,1,-1,-1
122,2,298,176,29,91,1,1,-1,-1
122,55,497,177,35,97,1,1,-1,-1
122,63,145,18,145,416,1,1,-1,-1
122,272,0,-25,241,626,1,1,-1,-1
122,273,328,174,27,90,1,1,-1,-1
123,2,293,178,23,87,1,1,-1,-1
123,55,496,179,31,87,1,1,-1,-1
123,63,144,18,145,416,1,1,-1,-1
123,273,328,174,27,90,1,1,-1,-1
124,2,284,148,32,101,1,1,-1,-1
124,55,497,177,34,97,1,1,-1,-1
124,63,150,46,127,362,1,1,-1,-1
125,2,293,178,23,87,1,1,-1,-1
125,55,497,177,34,97,1,1,-1,-1
125,63,141,17,145,415,1,1,-1,-1
125,215,328,174,27,90,1,1,-1,-1
126,2,293,178,23,87,1,1,-1,-1
126,55,497,177,34,97,1,1,-1,-1
126,63,142,18,145,415,1,1,-1,-1
126,215,330,158,31,104,1,1,-1,-1
127,2,298,176,29,91,1,1,-1,-1
127,55,497,177,34,97,1,1,-1,-1
127,63,142,18,145,416,1,1,-1,-1
127,215,328,174,27,90,1,1,-1,-1
128,2,298,176,29,91,1,1,-1,-1
128,55,497,177,34,97,1,1,-1,-1
128,63,143,18,145,416,1,1,-1,-1
128,215,313,165,31,103,1,1,-1,-1
128,274,-9,-26,258,626,1,1,-1,-1
129,2,293,178,24,87,1,1,-1,-1
129,11,538,192,24,62,1,1,-1,-1
129,55,497,177,34,97,1,1,-1,-1
129,63,143,19,145,416,1,1,-1,-1
129,215,309,143,27,98,1,1,-1,-1
129,274,-1,-26,251,626,1,1,-1,-1
130,2,293,178,24,87,1,1,-1,-1
130,11,537,192,24,62,1,1,-1,-1
130,55,497,177,34,97,1,1,-1,-1
130,215,303,179,31,113,1,1,-1,-1
130,274,1,-26,249,626,1,1,-1,-1
131,2,298,176,29,91,1,1,-1,-1
131,11,536,192,24,62,1,1,-1,-1
131,274,2,-26,248,626,1,1,-1,-1
132,2,294,178,23,87,1,1,-1,-1
132,11,535,192,24,62,1,1,-1,-1
132,274,-2,-26,251,626,1,1,-1,-1
133,2,294,178,23,87,1,1,-1,-1
133,11,534,192,24,62,1,1,-1,-1
133,43,143,19,145,416,1,1,-1,-1
134,11,535,185,26,68,1,1,-1,-1
134,43,143,20,145,416,1,1,-1,-1
135,11,532,192,24,62,1,1,-1,-1
135,43,144,20,145,416,1,1,-1,-1
135,157,294,178,23,87,1,1,-1,-1
136,11,531,192,24,62,1,1,-1,-1
136,43,144,21,145,416,1,1,-1,-1
136,64,554,195,23,50,1,1,-1,-1
136,157,294,178,23,87,1,1,-1,-1
137,11,531,192,24,62,1,1,-1,-1
137,43,144,21,145,416,1,1,-1,-1
137,64,554,195,23,51,1,1,-1,-1
137,157,294,178,23,87,1,1,-1,-1
138,11,531,192,24,62,1,1,-1,-1
138,43,144,21,145,416,1,1,-1,-1
138,64,552,196,25,50,1,1,-1,-1
138,157,294,178,23,87,1,1,-1,-1
139,11,531,192,24,62,1,1,-1,-1
139,43,144,20,145,416,1,1,-1,-1
139,64,551,197,26,49,1,1,-1,-1
139,157,294,177,23,88,1,1,-1,-1
140,11,531,192,24,62,1,1,-1,-1
140,43,143,20,145,416,1,1,-1,-1
140,64,550,198,27,49,1,1,-1,-1
140,157,298,176,29,91,1,1,-1,-1
140,275,584,201,17,42,1,1,-1,-1
141,11,529,197,30,55,1,1,-1,-1
141,43,143,19,145,416,1,1,-1,-1
141,64,549,198,27,49,1,1,-1,-1
141,157,294,177,23,88,1,1,-1,-1
141,275,583,201,18,42,1,1,-1,-1
141,276,496,178,35,97,1,1,-1,-1
142,11,531,192,24,62,1,1,-1,-1
142,43,143,19,145,416,1,1,-1,-1
142,64,549,198,26,49,1,1,-1,-1
142,275,583,201,17,42,1,1,-1,-1
142,276,496,178,35,97,1,1,-1,-1
143,11,531,192,24,62,1,1,-1,-1
143,43,144,19,145,416,1,1,-1,-1
143,64,549,198,26,49,1,1,-1,-1
143,275,583,201,17,42,1,1,-1,-1
143,276,496,178,35,97,1,1,-1,-1
143,277,294,177,23,88,1,1,-1,-1
144,11,531,192,24,62,1,1,-1,-1
144,43,144,19,145,416,1,1,-1,-1
144,64,549,198,25,49,1,1,-1,-1
144,275,582,201,18,42,1,1,-1,-1
144,276,496,178,35,97,1,1,-1,-1
144,277,293,177,23,88,1,1,-1,-1
145,11,532,193,22,60,1,1,-1,-1
145,43,136,20,152,435,1,1,-1,-1
145,64,549,198,25,49,1,1,-1,-1
145,276,496,178,35,97,1,1,-1,-1
145,277,298,176,29,91,1,1,-1,-1
146,11,518,181,30,61,1,1,-1,-1
146,64,549,198,24,49,1,1,-1,-1
146,277,292,177,24,88,1,1,-1,-1
147,11,531,193,23,62,1,1,-1,-1
147,56,144,20,145,416,1,1,-1,-1
147,277,298,176,29,91,1,1,-1,-1
148,11,530,193,23,63,1,1,-1,-1
148,19,581,201,18,42,1,1,-1,-1
148,56,144,20,145,416,1,1,-1,-1
149,19,580,201,18,42,1,1,-1,-1
149,56,144,20,145,416,1,1,-1,-1
149,65,292,177,24,88,1,1,-1,-1
150,19,580,201,18,43,1,1,-1,-1
150,56,144,20,145,416,1,1,-1,-1
150,65,291,177,24,88,1,1,-1,-1
151,19,580,200,18,44,1,1,-1,-1
151,56,158,10,155,446,1,1,-1,-1
151,65,291,177,25,88,1,1,-1,-1
152,19,579,200,18,44,1,1,-1,-1
152,56,144,19,145,416,1,1,-1,-1
152,65,291,177,25,88,1,1,-1,-1
153,19,579,200,18,44,1,1,-1,-1
153,56,144,19,145,416,1,1,-1,-1
153,65,298,176,29,91,1,1,-1,-1
153,278,548,198,21,49,1,1,-1,-1
153,279,-32,-27,257,629,1,1,-1,-1
154,19,579,200,18,44,1,1,-1,-1
154,56,150,41,117,335,1,1,-1,-1
154,65,298,176,29,91,1,1,-1,-1
154,278,548,198,21,50,1,1,-1,-1
154,279,-32,-27,257,629,1,1,-1,-1
155,19,578,200,19,44,1,1,-1,-1
155,56,143,21,145,416,1,1,-1,-1
155,65,289,177,26,88,1,1,-1,-1
155,158,527,194,25,64,1,1,-1,-1
155,278,547,197,21,51,1,1,-1,-1
155,279,-33,-27,258,629,1,1,-1,-1
156,19,578,200,18,44,1,1,-1,-1
156,56,143,21,145,416,1,1,-1,-1
156,65,288,177,26,88,1,1,-1,-1
156,158,527,195,25,62,1,1,-1,-1
156,278,547,197,21,51,1,1,-1,-1
156,279,-32,-2,225,548,1,1,-1,-1
157,19,577,200,19,44,1,1,-1,-1
157,56,142,22,145,416,1,1,-1,-1
157,65,288,177,26,88,1,1,-1,-1
157,158,527,195,25,60,1,1,-1,-1
157,278,547,197,21,51,1,1,-1,-1
157,279,-38,-22,255,623,1,1,-1,-1
158,19,577,200,19,44,1,1,-1,-1
158,56,142,22,145,416,1,1,-1,-1
158,65,288,177,26,88,1,1,-1,-1
158,158,527,194,23,60,1,1,-1,-1
159,19,577,200,18,44,1,1,-1,-1
159,65,288,177,27,88,1,1,-1,-1
159,158,526,194,21,60,1,1,-1,-1
160,19,576,200,19,44,1,1,-1,-1
160,158,525,193,20,61,1,1,-1,-1
161,19,576,200,19,44,1,1,-1,-1
161,37,547,197,21,51,1,1,-1,-1
161,158,524,192,19,62,1,1,-1,-1
162,19,576,200,19,45,1,1,-1,-1
162,37,547,197,21,51,1,1,-1,-1
163,19,575,200,19,44,1,1,-1,-1
163,37,546,197,22,51,1,1,-1,-1
163,44,529,199,21,67,1,1,-1,-1
164,19,575,200,19,43,1,1,-1,-1
164,37,546,197,22,52,1,1,-1,-1
164,44,520,189,22,68,1,1,-1,-1
165,37,546,197,22,52,1,1,-1,-1
165,44,519,187,24,71,1,1,-1,-1
166,37,546,197,22,52,1,1,-1,-1
166,44,519,188,25,70,1,1,-1,-1
167,37,546,197,22,52,1,1,-1,-1
167,44,518,189,26,69,1,1,-1,-1
167,216,-35,-29,260,631,1,1,-1,-1
168,37,546,197,22,52,1,1,-1,-1
168,44,518,189,27,68,1,1,-1,-1
168,159,286,177,27,88,1,1,-1,-1
168,216,-35,-29,260,631,1,1,-1,-1
169,37,546,197,22,52,1,1,-1,-1
169,44,512,199,27,64,1,1,-1,-1
169,159,286,177,27,88,1,1,-1,-1
169,216,-35,-29,260,631,1,1,-1,-1
170,37,546,197,22,52,1,1,-1,-1
170,44,516,190,28,67,1,1,-1,-1
170,159,286,177,27,88,1,1,-1,-1
170,216,-36,-29,260,631,1,1,-1,-1
171,37,545,196,23,53,1,1,-1,-1
171,44,516,190,28,67,1,1,-1,-1
171,159,286,177,27,88,1,1,-1,-1
171,216,-36,-29,261,631,1,1,-1,-1
172,37,545,196,23,53,1,1,-1,-1
172,38,496,178,34,98,1,1,-1,-1
172,44,517,190,27,67,1,1,-1,-1
172,159,286,177,27,88,1,1,-1,-1
172,216,-36,-29,261,631,1,1,-1,-1
173,37,545,196,23,53,1,1,-1,-1
173,38,496,178,34,98,1,1,-1,-1
173,44,517,190,27,67,1,1,-1,-1
173,159,286,177,27,88,1,1,-1,-1
174,32,-36,-29,261,631,1,1,-1,-1
174,37,545,196,23,54,1,1,-1,-1
174,38,496,178,34,98,1,1,-1,-1
174,44,517,190,27,67,1,1,-1,-1
174,159,286,177,27,88,1,1,-1,-1
175,32,-37,-29,262,631,1,1,-1,-1
175,38,496,178,35,98,1,1,-1,-1
175,44,518,202,25,70,1,1,-1,-1
176,32,-37,-29,262,631,1,1,-1,-1
176,38,496,179,35,97,1,1,-1,-1
176,160,545,196,23,54,1,1,-1,-1
177,32,-85,-82,299,721,1,1,-1,-1
177,38,496,179,35,97,1,1,-1,-1
177,160,534,181,26,60,1,1,-1,-1
177,217,286,177,27,88,1,1,-1,-1
178,32,-37,-29,263,631,1,1,-1,-1
178,38,496,179,35,97,1,1,-1,-1
178,160,545,196,23,54,1,1,-1,-1
178,217,286,177,27,88,1,1,-1,-1
179,32,-37,-30,263,632,1,1,-1,-1
179,38,496,179,35,97,1,1,-1,-1
179,160,544,196,23,54,1,1,-1,-1
179,217,286,177,27,88,1,1,-1,-1
180,32,-38,-30,264,632,1,1,-1,-1
180,38,496,179,35,97,1,1,-1,-1
180,160,544,196,23,54,1,1,-1,-1
180,217,286,177,26,88,1,1,-1,-1
181,32,-38,-30,264,632,1,1,-1,-1
181,38,496,179,35,97,1,1,-1,-1
181,160,544,196,23,54,1,1,-1,-1
181,217,286,177,26,88,1,1,-1,-1
182,32,-38,-30,264,632,1,1,-1,-1
182,38,496,179,35,97,1,1,-1,-1
182,160,544,196,23,54,1,1,-1,-1
182,217,286,177,26,88,1,1,-1,-1
183,32,-33,-94,325,779,1,1,-1,-1
183,38,496,179,35,97,1,1,-1,-1
184,8,286,177,26,88,1,1,-1,-1
184,32,-38,-30,264,632,1,1,-1,-1
184,38,496,179,34,97,1,1,-1,-1
184,128,566,200,18,46,1,1,-1,-1
185,8,287,177,26,88,1,1,-1,-1
185,32,-38,-30,264,632,1,1,-1,-1
185,38,496,179,34,97,1,1,-1,-1
185,128,566,200,18,46,1,1,-1,-1
185,218,297,176,29,91,1,1,-1,-1
186,8,287,177,26,88,1,1,-1,-1
186,32,-39,-30,264,632,1,1,-1,-1
186,128,565,201,19,45,1,1,-1,-1
186,218,297,176,29,91,1,1,-1,-1
186,219,136,12,152,436,1,1,-1,-1
187,8,287,177,26,88,1,1,-1,-1
187,32,-39,-31,265,633,1,1,-1,-1
187,94,543,195,24,56,1,1,-1,-1
187,128,565,201,19,45,1,1,-1,-1
187,218,297,176,29,91,1,1,-1,-1
187,219,119,-33,189,542,1,1,-1,-1
187,280,305,-40,207,583,1,1,-1,-1
188,8,288,177,25,88,1,1,-1,-1
188,32,-39,-31,265,633,1,1,-1,-1
188,94,543,195,24,56,1,1,-1,-1
188,128,565,201,18,45,1,1,-1,-1
188,218,297,176,29,91,1,1,-1,-1
188,219,136,12,152,436,1,1,-1,-1
188,280,306,-38,206,579,1,1,-1,-1
189,8,297,176,29,91,1,1,-1,-1
189,57,527,188,23,70,1,1,-1,-1
189,94,543,195,24,56,1,1,-1,-1
189,128,564,202,19,44,1,1,-1,-1
189,218,290,183,24,85,1,1,-1,-1
189,219,136,12,152,436,1,1,-1,-1
189,280,307,-37,205,576,1,1,-1,-1
190,8,288,177,25,88,1,1,-1,-1
190,57,527,188,24,71,1,1,-1,-1
190,94,543,195,24,56,1,1,-1,-1
190,128,564,202,19,44,1,1,-1,-1
190,218,297,176,29,91,1,1,-1,-1
190,219,136,12,152,436,1,1,-1,-1
190,280,308,-35,204,572,1,1,-1,-1
191,8,297,176,29,91,1,1,-1,-1
191,57,527,186,25,73,1,1,-1,-1
191,94,543,195,24,56,1,1,-1,-1
191,128,564,202,19,44,1,1,-1,-1
191,219,136,12,152,436,1,1,-1,-1
191,280,309,-34,203,569,1,1,-1,-1
192,8,288,177,25,88,1,1,-1,-1
192,57,508,176,35,81,1,1,-1,-1
192,94,543,195,24,56,1,1,-1,-1
193,8,297,176,29,91,1,1,-1,-1
193,57,494,180,34,97,1,1,-1,-1
193,94,543,195,24,56,1,1,-1,-1
193,220,528,185,26,75,1,1,-1,-1
194,8,289,177,26,89,1,1,-1,-1
194,57,493,180,34,97,1,1,-1,-1
194,94,542,198,22,53,1,1,-1,-1
194,220,528,185,27,76,1,1,-1,-1
195,8,292,176,27,90,1,1,-1,-1
195,57,493,180,34,98,1,1,-1,-1
195,94,542,195,25,57,1,1,-1,-1
195,220,528,187,27,76,1,1,-1,-1
196,8,293,177,28,90,1,1,-1,-1
196,57,493,180,34,98,1,1,-1,-1
196,220,527,187,28,77,1,1,-1,-1
197,8,287,175,27,90,1,1,-1,-1
197,57,493,180,34,98,1,1,-1,-1
197,220,528,188,28,77,1,1,-1,-1
198,8,293,176,28,90,1,1,-1,-1
198,57,492,180,34,98,1,1,-1,-1
198,220,528,187,28,78,1,1,-1,-1
199,8,294,176,28,91,1,1,-1,-1
199,57,492,180,35,98,1,1,-1,-1
200,8,307,191,25,82,1,1,-1,-1
200,57,492,181,35,97,1,1,-1,-1
200,281,528,184,28,81,1,1,-1,-1
201,8,293,176,28,91,1,1,-1,-1
201,281,529,183,28,82,1,1,-1,-1
202,8,288,178,26,86,1,1,-1,-1
202,281,529,183,27,83,1,1,-1,-1
202,282,558,201,18,48,1,1,-1,-1
203,8,288,179,25,86,1,1,-1,-1
203,221,542,195,25,58,1,1,-1,-1
203,281,530,184,25,83,1,1,-1,-1
203,282,557,201,18,48,1,1,-1,-1
204,8,287,178,25,87,1,1,-1,-1
204,221,541,194,25,59,1,1,-1,-1
204,281,529,183,24,84,1,1,-1,-1
204,282,556,201,19,49,1,1,-1,-1
204,283,-42,-32,266,634,1,1,-1,-1
205,221,540,194,25,59,1,1,-1,-1
205,282,556,201,18,49,1,1,-1,-1
205,283,-42,-32,265,634,1,1,-1,-1
206,221,539,194,25,59,1,1,-1,-1
206,282,555,201,18,49,1,1,-1,-1
206,283,-42,-32,261,634,1,1,-1,-1
207,221,542,193,15,48,1,1,-1,-1
207,283,-42,-32,257,634,1,1,-1,-1
208,221,537,194,25,59,1,1,-1,-1
208,283,-42,-32,252,634,1,1,-1,-1
210,161,536,193,25,60,1,1,-1,-1
210,284,-43,-32,244,634,1,1,-1,-1
211,9,140,44,137,373,1,1,-1,-1
211,12,490,182,34,97,1,1,-1,-1
211,161,535,193,25,60,1,1,-1,-1
211,284,-43,-32,240,634,1,1,-1,-1
212,9,133,51,140,374,1,1,-1,-1
212,12,489,182,34,97,1,1,-1,-1
212,161,534,193,25,60,1,1,-1,-1
212,284,-42,-32,235,634,1,1,-1,-1
213,9,139,57,140,368,1,1,-1,-1
213,12,489,182,34,97,1,1,-1,-1
213,161,533,193,25,60,1,1,-1,-1
213,284,-42,-32,231,634,1,1,-1,-1
214,9,147,57,136,362,1,1,-1,-1
214,12,487,182,34,97,1,1,-1,-1
214,161,532,193,25,60,1,1,-1,-1
214,284,-42,-32,233,634,1,1,-1,-1
215,9,155,58,132,356,1,1,-1,-1
215,12,486,181,34,97,1,1,-1,-1
215,77,290,-33,220,610,1,1,-1,-1
215,161,532,193,25,60,1,1,-1,-1
216,9,163,58,128,350,1,1,-1,-1
216,12,498,175,29,83,1,1,-1,-1
216,77,290,-24,218,602,1,1,-1,-1
216,161,532,193,25,60,1,1,-1,-1
217,9,172,58,124,344,1,1,-1,-1
217,12,484,180,34,97,1,1,-1,-1
217,45,-42,-32,237,634,1,1,-1,-1
217,77,291,-15,215,594,1,1,-1,-1
218,9,175,66,122,334,1,1,-1,-1
218,12,484,138,36,104,1,1,-1,-1
218,45,-42,-32,241,634,1,1,-1,-1
218,77,292,-7,212,587,1,1,-1,-1
218,285,534,194,25,60,1,1,-1,-1
219,9,179,73,121,325,1,1,-1,-1
219,12,482,181,35,97,1,1,-1,-1
219,39,511,181,31,88,1,1,-1,-1
219,45,-42,-32,245,634,1,1,-1,-1
219,77,292,2,210,579,1,1,-1,-1
219,285,534,194,26,61,1,1,-1,-1
220,9,182,80,119,315,1,1,-1,-1
220,12,482,181,35,97,1,1,-1,-1
220,39,508,182,32,87,1,1,-1,-1
220,45,-42,-32,248,634,1,1,-1,-1
220,77,293,11,207,571,1,1,-1,-1
220,285,535,194,26,61,1,1,-1,-1
221,9,186,88,117,305,1,1,-1,-1
221,12,481,181,35,97,1,1,-1,-1
221,39,506,183,34,86,1,1,-1,-1
221,45,-42,-32,252,634,1,1,-1,-1
221,77,294,20,204,563,1,1,-1,-1
221,285,533,171,32,75,1,1,-1,-1
222,9,193,90,110,297,1,1,-1,-1
222,12,481,182,35,97,1,1,-1,-1
222,39,506,184,33,86,1,1,-1,-1
222,45,-41,-31,254,633,1,1,-1,-1
222,77,295,29,201,556,1,1,-1,-1
222,285,520,177,31,71,1,1,-1,-1
223,9,202,92,103,289,1,1,-1,-1
223,12,482,182,35,97,1,1,-1,-1
223,39,505,185,32,87,1,1,-1,-1
223,45,-40,-31,256,633,1,1,-1,-1
223,77,297,32,195,544,1,1,-1,-1
224,9,210,95,95,280,1,1,-1,-1
224,12,482,183,34,97,1,1,-1,-1
224,39,505,186,31,87,1,1,-1,-1
224,45,-39,-29,258,631,1,1,-1,-1
224,77,300,35,189,532,1,1,-1,-1
225,9,218,97,88,272,1,1,-1,-1
225,12,483,183,34,97,1,1,-1,-1
225,39,505,187,30,87,1,1,-1,-1
225,45,-38,-29,260,631,1,1,-1,-1
226,9,224,100,87,264,1,1,-1,-1
226,12,483,183,34,97,1,1,-1,-1
226,39,506,186,29,89,1,1,-1,-1
226,45,-34,-26,257,628,1,1,-1,-1
227,9,215,106,76,227,1,1,-1,-1
227,12,484,183,35,97,1,1,-1,-1
227,39,506,186,29,90,1,1,-1,-1
227,45,-31,-24,256,614,1,1,-1,-1
228,9,237,104,84,249,1,1,-1,-1
228,12,484,183,35,97,1,1,-1,-1
228,39,507,184,28,92,1,1,-1,-1
228,45,-27,-20,246,585,1,1,-1,-1
229,9,244,106,83,241,1,1,-1,-1
229,12,485,183,35,97,1,1,-1,-1
229,39,508,184,27,93,1,1,-1,-1
229,45,-12,-18,235,571,1,1,-1,-1
229,58,543,197,25,62,1,1,-1,-1
230,9,247,109,83,237,1,1,-1,-1
230,12,487,183,33,101,1,1,-1,-1
230,39,509,184,29,94,1,1,-1,-1
230,58,547,197,24,63,1,1,-1,-1
231,9,251,114,82,232,1,1,-1,-1
231,39,509,183,31,96,1,1,-1,-1
231,58,553,198,23,63,1,1,-1,-1
232,39,510,183,32,97,1,1,-1,-1
232,58,557,197,22,64,1,1,-1,-1
233,58,562,198,21,64,1,1,-1,-1
233,286,258,121,81,223,1,1,-1,-1
234,58,567,197,24,66,1,1,-1,-1
234,222,-1,-1,236,560,1,1,-1,-1
234,286,265,121,78,220,1,1,-1,-1
234,287,516,181,34,101,1,1,-1,-1
235,58,573,196,27,68,1,1,-1,-1
235,222,-2,-5,236,563,1,1,-1,-1
235,286,273,120,76,217,1,1,-1,-1
235,287,521,180,34,103,1,1,-1,-1
236,58,578,194,30,70,1,1,-1,-1
236,222,-31,-23,256,595,1,1,-1,-1
236,286,281,120,73,214,1,1,-1,-1
236,287,525,178,37,105,1,1,-1,-1
237,58,584,193,33,72,1,1,-1,-1
237,222,-19,-87,288,687,1,1,-1,-1
237,286,289,119,70,211,1,1,-1,-1
237,287,530,176,39,107,1,1,-1,-1
238,58,587,192,32,73,1,1,-1,-1
238,222,-22,-113,319,745,1,1,-1,-1
238,287,515,164,38,112,1,1,-1,-1
239,58,591,190,30,74,1,1,-1,-1
239,222,-3,-37,291,648,1,1,-1,-1
239,288,390,74,145,400,1,1,-1,-1
240,58,595,189,28,74,1,1,-1,-1
240,288,400,76,145,395,1,1,-1,-1
240,289,236,141,52,142,1,1,-1,-1
241,288,410,78,145,390,1,1,-1,-1
241,289,244,155,47,127,1,1,-1,-1
241,290,394,176,31,87,1,1,-1,-1
242,288,436,98,125,329,1,1,-1,-1
242,289,234,154,48,129,1,1,-1,-1
242,290,392,176,32,87,1,1,-1,-1
243,288,424,80,144,381,1,1,-1,-1
243,289,225,154,49,131,1,1,-1,-1
243,290,391,176,32,87,1,1,-1,-1
244,289,214,153,50,133,1,1,-1,-1
244,290,389,175,33,87,1,1,-1,-1
244,291,410,173,34,111,1,1,-1,-1
245,290,394,174,33,87,1,1,-1,-1
245,291,412,172,34,113,1,1,-1,-1
246,66,512,-106,286,705,1,1,-1,-1
246,291,412,171,35,113,1,1,-1,-1
247,66,506,-104,282,702,1,1,-1,-1
247,162,389,173,32,89,1,1,-1,-1
247,291,397,177,46,129,1,1,-1,-1
248,66,500,-101,279,698,1,1,-1,-1
248,162,391,173,31,89,1,1,-1,-1
248,291,412,140,49,154,1,1,-1,-1
249,66,494,-98,276,695,1,1,-1,-1
249,78,83,172,35,87,1,1,-1,-1
249,162,392,172,30,90,1,1,-1,-1
250,66,501,-95,273,692,1,1,-1,-1
250,78,92,173,56,100,1,1,-1,-1
250,162,393,172,32,93,1,1,-1,-1
250,163,409,180,47,149,1,1,-1,-1
251,66,508,-91,270,688,1,1,-1,-1
251,78,77,176,47,95,1,1,-1,-1
251,95,112,3,197,510,1,1,-1,-1
251,162,396,172,33,96,1,1,-1,-1
251,163,414,130,49,143,1,1,-1,-1
252,66,515,-87,267,684,1,1,-1,-1
252,78,60,175,43,95,1,1,-1,-1
252,95,119,9,196,507,1,1,-1,-1
252,162,397,172,35,99,1,1,-1,-1
252,163,418,170,38,122,1,1,-1,-1
253,66,517,-90,264,680,1,1,-1,-1
253,78,67,182,56,97,1,1,-1,-1
253,95,122,16,206,504,1,1,-1,-1
253,162,399,173,36,101,1,1,-1,-1
253,163,421,170,38,125,1,1,-1,-1
254,14,503,143,39,158,1,1,-1,-1
254,66,520,-92,260,675,1,1,-1,-1
254,78,56,182,50,93,1,1,-1,-1
254,95,135,25,201,504,1,1,-1,-1
254,163,420,170,38,127,1,1,-1,-1
255,14,501,144,43,156,1,1,-1,-1
255,66,523,-94,257,670,1,1,-1,-1
255,78,50,180,47,92,1,1,-1,-1
255,95,151,34,199,504,1,1,-1,-1
255,163,421,168,37,130,1,1,-1,-1
256,14,499,144,47,154,1,1,-1,-1
256,66,507,-88,265,666,1,1,-1,-1
256,78,31,176,56,106,1,1,-1,-1
256,95,156,24,196,499,1,1,-1,-1
256,163,421,149,37,132,1,1,-1,-1
257,14,496,165,49,150,1,1,-1,-1
257,78,22,178,57,109,1,1,-1,-1
257,95,165,27,196,495,1,1,-1,-1
257,292,60,150,81,148,1,1,-1,-1
257,293,356,148,65,184,1,1,-1,-1
258,14,487,165,55,154,1,1,-1,-1
258,78,-8,175,58,113,1,1,-1,-1
258,95,156,23,201,499,1,1,-1,-1
258,292,31,146,83,155,1,1,-1,-1
258,293,337,138,61,175,1,1,-1,-1
259,14,478,165,62,158,1,1,-1,-1
259,95,153,22,197,500,1,1,-1,-1
259,292,30,131,82,181,1,1,-1,-1
259,293,333,140,61,174,1,1,-1,-1
260,14,470,164,69,162,1,1,-1,-1
260,223,540,96,126,378,1,1,-1,-1
260,292,-5,137,101,164,1,1,-1,-1
260,293,329,144,60,172,1,1,-1,-1
261,14,464,145,65,180,1,1,-1,-1
261,20,398,162,44,149,1,1,-1,-1
261,223,544,98,126,379,1,1,-1,-1
261,292,-27,126,105,192,1,1,-1,-1
261,293,326,146,59,171,1,1,-1,-1
262,14,458,139,67,185,1,1,-1,-1
262,20,392,161,46,153,1,1,-1,-1
262,223,545,96,126,376,1,1,-1,-1
263,14,450,159,76,172,1,1,-1,-1
263,20,387,159,48,157,1,1,-1,-1
263,223,547,95,126,372,1,1,-1,-1
264,14,444,157,77,175,1,1,-1,-1
264,20,381,159,50,160,1,1,-1,-1
264,223,549,94,125,369,1,1,-1,-1
265,14,439,154,77,178,1,1,-1,-1
265,20,376,157,52,164,1,1,-1,-1
265,223,551,93,125,365,1,1,-1,-1
266,14,441,149,76,186,1,1,-1,-1
266,20,379,141,68,203,1,1,-1,-1
266,96,126,57,151,375,1,1,-1,-1
267,14,437,136,75,192,1,1,-1,-1
267,20,361,147,58,166,1,1,-1,-1
267,96,71,66,184,440,1,1,-1,-1
268,14,431,91,78,212,1,1,-1,-1
268,20,367,140,57,154,1,1,-1,-1
268,96,62,-6,227,549,1,1,-1,-1
269,14,429,81,79,216,1,1,-1,-1
269,20,341,140,71,186,1,1,-1,-1
269,96,57,-14,236,556,1,1,-1,-1
270,14,419,93,83,232,1,1,-1,-1
270,20,319,101,67,181,1,1,-1,-1
270,96,52,-38,246,551,1,1,-1,-1
271,14,411,37,84,225,1,1,-1,-1
271,20,306,87,55,158,1,1,-1,-1
271,96,48,-56,242,559,1,1,-1,-1
272,14,379,-19,88,237,1,1,-1,-1
272,20,304,54,53,163,1,1,-1,-1
272,96,39,-92,240,556,1,1,-1,-1
273,20,312,51,53,160,1,1,-1,-1
273,21,415,56,86,217,1,1,-1,-1
273,96,37,-102,237,562,1,1,-1,-1
274,20,309,68,51,161,1,1,-1,-1
274,21,395,22,84,230,1,1,-1,-1
274,96,35,-87,235,588,1,1,-1,-1
274,164,571,7,123,335,1,1,-1,-1
274,224,245,87,42,117,1,1,-1,-1
275,20,307,88,55,150,1,1,-1,-1
275,21,403,77,94,224,1,1,-1,-1
275,164,570,18,123,331,1,1,-1,-1
275,224,239,106,40,116,1,1,-1,-1
276,20,305,120,53,150,1,1,-1,-1
276,21,398,76,79,220,1,1,-1,-1
276,164,569,28,123,328,1,1,-1,-1
276,165,34,-8,221,506,1,1,-1,-1
276,224,238,136,36,115,1,1,-1,-1
277,20,288,140,46,145,1,1,-1,-1
277,21,410,118,101,229,1,1,-1,-1
277,164,560,22,136,358,1,1,-1,-1
277,165,30,3,228,502,1,1,-1,-1
277,224,247,143,43,133,1,1,-1,-1
278,21,378,85,84,226,1,1,-1,-1
278,67,269,114,75,219,1,1,-1,-1
278,164,567,49,123,321,1,1,-1,-1
278,165,26,0,212,501,1,1,-1,-1
278,224,231,143,46,138,1,1,-1,-1
279,21,369,92,90,239,1,1,-1,-1
279,67,247,128,79,225,1,1,-1,-1
279,164,567,60,122,318,1,1,-1,-1
279,165,8,23,207,495,1,1,-1,-1
279,224,214,162,46,142,1,1,-1,-1
280,21,338,70,98,248,1,1,-1,-1
280,67,224,126,84,229,1,1,-1,-1
280,164,545,60,122,314,1,1,-1,-1
280,165,-15,23,202,495,1,1,-1,-1
281,21,318,62,105,259,1,1,-1,-1
281,67,189,104,86,244,1,1,-1,-1
281,165,-61,0,207,503,1,1,-1,-1
282,21,317,64,105,268,1,1,-1,-1
282,67,158,107,86,257,1,1,-1,-1
282,97,110,154,50,154,1,1,-1,-1
282,165,-98,10,215,495,1,1,-1,-1
282,166,237,135,51,132,1,1,-1,-1
283,21,309,82,134,328,1,1,-1,-1
283,67,148,110,87,271,1,1,-1,-1
283,97,134,181,41,131,1,1,-1,-1
283,166,235,155,41,109,1,1,-1,-1
284,21,291,83,107,286,1,1,-1,-1
284,67,146,108,94,277,1,1,-1,-1
284,97,107,159,52,159,1,1,-1,-1
284,166,222,174,43,130,1,1,-1,-1
285,21,334,85,133,350,1,1,-1,-1
285,67,155,102,92,282,1,1,-1,-1
285,97,110,159,52,163,1,1,-1,-1
285,166,236,171,43,131,1,1,-1,-1
286,21,354,78,133,367,1,1,-1,-1
286,67,162,101,93,291,1,1,-1,-1
286,97,108,160,53,155,1,1,-1,-1
286,166,249,173,44,130,1,1,-1,-1
287,21,374,69,133,385,1,1,-1,-1
287,67,168,105,96,293,1,1,-1,-1
287,97,119,159,60,166,1,1,-1,-1
287,166,263,173,45,130,1,1,-1,-1
288,21,393,62,133,402,1,1,-1,-1
288,67,174,98,95,306,1,1,-1,-1
288,97,124,158,63,168,1,1,-1,-1
288,166,276,175,46,129,1,1,-1,-1
289,21,344,0,134,435,1,1,-1,-1
289,97,133,155,61,180,1,1,-1,-1
290,97,132,156,74,173,1,1,-1,-1
290,167,198,98,102,332,1,1,-1,-1
290,294,276,158,59,183,1,1,-1,-1
291,167,208,91,106,345,1,1,-1,-1
291,294,293,160,62,184,1,1,-1,-1
292,167,216,84,111,370,1,1,-1,-1
292,225,405,33,125,385,1,1,-1,-1
292,294,305,126,78,223,1,1,-1,-1
293,167,229,74,116,386,1,1,-1,-1
293,225,418,25,132,399,1,1,-1,-1
293,294,330,163,66,185,1,1,-1,-1
294,167,237,67,119,400,1,1,-1,-1
294,225,433,15,143,426,1,1,-1,-1
294,294,344,163,68,183,1,1,-1,-1
295,129,429,167,52,138,1,1,-1,-1
295,167,241,55,127,423,1,1,-1,-1
295,225,441,5,156,441,1,1,-1,-1
296,129,439,166,54,140,1,1,-1,-1
296,167,245,50,126,440,1,1,-1,-1
296,225,451,1,155,460,1,1,-1,-1
297,46,226,190,47,120,1,1,-1,-1
297,129,449,164,55,142,1,1,-1,-1
297,225,461,-17,166,487,1,1,-1,-1
298,46,229,189,47,121,1,1,-1,-1
298,129,399,163,92,175,1,1,-1,-1
299,46,230,188,48,123,1,1,-1,-1
299,129,405,166,87,171,1,1,-1,-1
299,168,478,-22,183,521,1,1,-1,-1
300,46,233,187,48,124,1,1,-1,-1
300,129,413,166,78,171,1,1,-1,-1
300,168,487,-45,191,559,1,1,-1,-1
301,46,245,182,45,115,1,1,-1,-1
301,129,416,146,46,137,1,1,-1,-1
301,168,497,-55,197,572,1,1,-1,-1
302,46,238,185,49,126,1,1,-1,-1
302,129,413,180,37,112,1,1,-1,-1
302,130,444,166,59,168,1,1,-1,-1
302,168,507,-65,199,584,1,1,-1,-1
302,169,322,191,48,127,1,1,-1,-1
303,46,235,172,58,151,1,1,-1,-1
303,130,450,165,63,169,1,1,-1,-1
303,168,519,-70,217,602,1,1,-1,-1
303,169,327,190,47,127,1,1,-1,-1
304,46,242,183,50,129,1,1,-1,-1
304,130,456,164,66,170,1,1,-1,-1
304,168,538,-96,231,654,1,1,-1,-1
304,169,332,188,54,127,1,1,-1,-1
304,295,56,14,228,519,1,1,-1,-1
304,296,446,208,23,60,1,1,-1,-1
305,46,262,155,59,155,1,1,-1,-1
305,79,408,178,34,115,1,1,-1,-1
305,130,462,164,70,170,1,1,-1,-1
305,168,549,-103,250,704,1,1,-1,-1
305,169,338,191,52,126,1,1,-1,-1
305,295,52,-78,217,642,1,1,-1,-1
305,296,442,207,23,60,1,1,-1,-1
305,297,4,142,75,174,1,1,-1,-1
306,46,293,161,58,150,1,1,-1,-1
306,79,404,179,34,114,1,1,-1,-1
306,98,509,120,115,258,1,1,-1,-1
306,130,461,163,72,172,1,1,-1,-1
306,169,343,189,51,128,1,1,-1,-1
306,295,9,-83,236,684,1,1,-1,-1
306,296,439,206,23,60,1,1,-1,-1
306,297,13,147,67,169,1,1,-1,-1
307,46,302,153,69,169,1,1,-1,-1
307,79,401,179,34,113,1,1,-1,-1
307,98,505,119,120,261,1,1,-1,-1
307,130,461,163,72,172,1,1,-1,-1
307,131,109,50,182,445,1,1,-1,-1
307,169,348,188,50,129,1,1,-1,-1
307,295,-23,-91,234,692,1,1,-1,-1
307,296,435,206,23,60,1,1,-1,-1
307,297,17,145,65,171,1,1,-1,-1
308,46,306,152,72,169,1,1,-1,-1
308,79,398,180,34,112,1,1,-1,-1
308,98,501,118,125,265,1,1,-1,-1
308,130,477,157,73,172,1,1,-1,-1
308,131,117,50,179,445,1,1,-1,-1
308,169,353,185,48,131,1,1,-1,-1
308,295,-103,-119,289,720,1,1,-1,-1
308,296,432,205,23,60,1,1,-1,-1
308,297,22,128,71,190,1,1,-1,-1
309,46,310,151,76,169,1,1,-1,-1
309,79,382,178,42,118,1,1,-1,-1
309,98,497,116,130,277,1,1,-1,-1
309,130,494,159,73,173,1,1,-1,-1
309,131,121,46,176,445,1,1,-1,-1
309,297,29,142,62,174,1,1,-1,-1
310,79,357,175,71,146,1,1,-1,-1
310,98,507,108,124,266,1,1,-1,-1
310,131,126,46,166,445,1,1,-1,-1
310,298,463,173,41,119,1,1,-1,-1
311,68,29,134,72,184,1,1,-1,-1
311,79,388,162,69,154,1,1,-1,-1
311,98,492,119,140,307,1,1,-1,-1
311,131,125,45,165,445,1,1,-1,-1
311,298,457,175,41,118,1,1,-1,-1
312,68,31,142,76,173,1,1,-1,-1
312,79,390,162,64,156,1,1,-1,-1
312,98,471,62,170,383,1,1,-1,-1
312,131,119,47,163,465,1,1,-1,-1
312,298,450,176,42,117,1,1,-1,-1
313,68,14,145,91,177,1,1,-1,-1
313,79,392,161,59,159,1,1,-1,-1
313,98,484,92,148,345,1,1,-1,-1
313,131,115,59,167,455,1,1,-1,-1
313,298,444,177,42,116,1,1,-1,-1
314,68,5,140,94,184,1,1,-1,-1
314,79,394,159,65,163,1,1,-1,-1
314,98,481,85,153,365,1,1,-1,-1
314,131,112,58,175,455,1,1,-1,-1
314,298,443,176,44,118,1,1,-1,-1
315,68,2,145,86,185,1,1,-1,-1
316,68,18,146,67,178,1,1,-1,-1
316,299,486,60,171,432,1,1,-1,-1
317,68,27,141,62,184,1,1,-1,-1
317,69,325,142,79,201,1,1,-1,-1
317,299,491,44,180,466,1,1,-1,-1
318,68,25,144,68,185,1,1,-1,-1
318,69,328,140,92,204,1,1,-1,-1
318,299,503,-8,207,547,1,1,-1,-1
319,68,26,143,76,186,1,1,-1,-1
319,69,337,132,86,214,1,1,-1,-1
319,299,501,12,198,533,1,1,-1,-1
319,300,155,129,66,188,1,1,-1,-1
320,68,33,139,75,184,1,1,-1,-1
320,69,340,126,95,219,1,1,-1,-1
320,226,444,170,42,119,1,1,-1,-1
320,299,521,-19,228,591,1,1,-1,-1
320,300,150,125,70,190,1,1,-1,-1
321,68,45,138,76,183,1,1,-1,-1
321,69,343,118,103,225,1,1,-1,-1
321,226,451,167,43,118,1,1,-1,-1
321,300,151,110,71,203,1,1,-1,-1
322,69,360,114,99,229,1,1,-1,-1
322,226,458,163,43,118,1,1,-1,-1
322,300,143,103,78,215,1,1,-1,-1
323,59,484,161,89,175,1,1,-1,-1
323,69,378,111,95,233,1,1,-1,-1
323,226,466,160,43,118,1,1,-1,-1
323,300,135,96,84,227,1,1,-1,-1
324,59,491,157,100,176,1,1,-1,-1
324,69,395,107,90,237,1,1,-1,-1
324,226,466,159,43,114,1,1,-1,-1
325,59,508,123,114,192,1,1,-1,-1
325,69,413,103,86,241,1,1,-1,-1
325,226,469,153,42,118,1,1,-1,-1
326,59,529,148,78,186,1,1,-1,-1
326,69,430,126,84,227,1,1,-1,-1
327,59,525,115,111,202,1,1,-1,-1
327,69,419,97,97,250,1,1,-1,-1
327,301,539,146,57,146,1,1,-1,-1
328,59,534,112,109,206,1,1,-1,-1
328,301,509,135,63,164,1,1,-1,-1
329,59,543,108,107,211,1,1,-1,-1
329,60,425,91,107,259,1,1,-1,-1
329,132,-33,121,83,166,1,1,-1,-1
329,301,507,131,63,168,1,1,-1,-1
330,59,545,107,106,216,1,1,-1,-1
330,60,432,90,103,261,1,1,-1,-1
330,132,-26,121,71,167,1,1,-1,-1
330,170,442,158,42,113,1,1,-1,-1
330,301,500,128,63,172,1,1,-1,-1
331,59,548,106,105,220,1,1,-1,-1
331,60,440,90,99,263,1,1,-1,-1
331,132,-33,123,76,171,1,1,-1,-1
331,170,437,160,42,111,1,1,-1,-1
331,301,493,126,62,176,1,1,-1,-1
332,59,585,153,87,189,1,1,-1,-1
332,60,447,89,94,265,1,1,-1,-1
332,132,-19,118,65,174,1,1,-1,-1
332,170,430,160,42,110,1,1,-1,-1
332,302,225,27,206,470,1,1,-1,-1
333,59,539,129,97,218,1,1,-1,-1
333,60,455,88,90,267,1,1,-1,-1
333,132,-21,118,68,175,1,1,-1,-1
333,170,424,160,42,109,1,1,-1,-1
333,302,228,22,200,479,1,1,-1,-1
334,59,559,102,98,228,1,1,-1,-1
334,60,458,83,97,272,1,1,-1,-1
334,132,-22,116,73,176,1,1,-1,-1
334,133,225,195,20,49,1,1,-1,-1
334,170,417,160,43,108,1,1,-1,-1
334,302,232,23,194,495,1,1,-1,-1
335,60,418,122,92,221,1,1,-1,-1
335,132,-35,115,76,178,1,1,-1,-1
335,133,218,193,20,49,1,1,-1,-1
335,170,411,160,43,107,1,1,-1,-1
335,171,32,113,66,185,1,1,-1,-1
335,302,229,24,206,491,1,1,-1,-1
336,60,418,120,98,221,1,1,-1,-1
336,132,-50,112,81,179,1,1,-1,-1
336,133,210,191,20,48,1,1,-1,-1
336,170,401,155,43,111,1,1,-1,-1
336,171,28,110,66,185,1,1,-1,-1
336,302,227,19,196,490,1,1,-1,-1
337,60,418,118,104,221,1,1,-1,-1
337,133,203,189,20,48,1,1,-1,-1
337,171,24,108,66,184,1,1,-1,-1
338,60,432,119,92,222,1,1,-1,-1
338,133,198,190,20,48,1,1,-1,-1
338,171,27,110,67,183,1,1,-1,-1
338,227,472,66,119,291,1,1,-1,-1
338,228,-51,116,90,179,1,1,-1,-1
339,60,444,109,61,207,1,1,-1,-1
339,133,194,191,20,48,1,1,-1,-1
339,171,29,111,68,182,1,1,-1,-1
339,227,478,65,121,294,1,1,-1,-1
339,228,-47,114,83,183,1,1,-1,-1
340,60,438,107,62,211,1,1,-1,-1
340,133,190,192,20,48,1,1,-1,-1
340,171,33,113,69,181,1,1,-1,-1
340,227,483,64,123,298,1,1,-1,-1
340,228,-47,112,76,182,1,1,-1,-1
341,133,186,183,21,51,1,1,-1,-1
341,171,35,113,71,181,1,1,-1,-1
341,227,491,22,134,324,1,1,-1,-1
341,228,-50,109,80,185,1,1,-1,-1
342,227,478,34,168,401,1,1,-1,-1
342,228,-38,113,82,180,1,1,-1,-1
342,229,432,105,68,222,1,1,-1,-1
342,303,249,4,199,504,1,1,-1,-1
343,70,41,116,73,179,1,1,-1,-1
343,172,496,119,72,232,1,1,-1,-1
343,227,513,27,166,417,1,1,-1,-1
343,228,-53,107,92,209,1,1,-1,-1
343,229,433,102,72,230,1,1,-1,-1
343,303,261,8,215,505,1,1,-1,-1
344,70,44,118,74,178,1,1,-1,-1
344,172,499,67,100,289,1,1,-1,-1
344,229,433,101,77,237,1,1,-1,-1
344,303,270,5,209,505,1,1,-1,-1
345,70,47,119,75,177,1,1,-1,-1
345,172,516,118,90,239,1,1,-1,-1
345,229,433,99,81,244,1,1,-1,-1
345,303,292,4,206,510,1,1,-1,-1
346,70,57,123,77,174,1,1,-1,-1
346,172,537,117,88,244,1,1,-1,-1
346,229,445,95,81,253,1,1,-1,-1
346,303,296,-2,211,509,1,1,-1,-1
347,70,68,126,79,172,1,1,-1,-1
347,172,553,86,96,277,1,1,-1,-1
347,229,459,93,81,263,1,1,-1,-1
348,70,78,130,81,169,1,1,-1,-1
348,172,580,113,83,254,1,1,-1,-1
348,304,36,126,60,174,1,1,-1,-1
349,70,88,134,83,166,1,1,-1,-1
349,80,483,82,79,279,1,1,-1,-1
349,172,602,112,81,259,1,1,-1,-1
349,304,48,127,56,175,1,1,-1,-1
350,70,100,131,79,168,1,1,-1,-1
350,80,491,74,88,302,1,1,-1,-1
350,304,54,128,61,169,1,1,-1,-1
351,70,110,127,76,171,1,1,-1,-1
351,80,499,66,97,326,1,1,-1,-1
351,304,59,129,66,163,1,1,-1,-1
352,70,122,124,72,173,1,1,-1,-1
352,80,521,41,113,375,1,1,-1,-1
352,304,65,129,71,157,1,1,-1,-1
353,70,134,121,68,175,1,1,-1,-1
353,80,504,59,81,306,1,1,-1,-1
353,173,191,159,50,114,1,1,-1,-1
354,80,508,50,84,318,1,1,-1,-1
354,173,185,156,50,117,1,1,-1,-1
355,80,538,32,91,342,1,1,-1,-1
355,173,179,153,50,119,1,1,-1,-1
356,80,515,31,92,342,1,1,-1,-1
356,173,173,150,50,122,1,1,-1,-1
357,80,520,22,95,354,1,1,-1,-1
357,173,167,147,50,124,1,1,-1,-1
358,80,515,21,114,372,1,1,-1,-1
358,173,156,156,49,125,1,1,-1,-1
359,173,145,178,48,126,1,1,-1,-1
360,230,349,22,217,531,1,1,-1,-1
361,230,352,14,216,525,1,1,-1,-1
362,230,344,10,216,517,1,1,-1,-1
363,230,354,11,206,520,1,1,-1,-1
364,13,180,160,63,167,1,1,-1,-1
364,99,-8,76,93,328,1,1,-1,-1
364,230,359,13,200,511,1,1,-1,-1
365,13,190,168,56,161,1,1,-1,-1
365,99,-9,90,96,315,1,1,-1,-1
365,230,358,20,203,515,1,1,-1,-1
366,13,186,157,55,167,1,1,-1,-1
366,99,-15,71,114,331,1,1,-1,-1
367,13,194,149,63,158,1,1,-1,-1
367,99,-13,60,124,337,1,1,-1,-1
368,13,208,148,63,159,1,1,-1,-1
368,99,-8,66,132,326,1,1,-1,-1
369,13,220,155,69,162,1,1,-1,-1
369,99,2,79,136,310,1,1,-1,-1
370,13,220,159,71,163,1,1,-1,-1
370,99,9,79,135,310,1,1,-1,-1
370,134,-91,93,120,290,1,1,-1,-1
371,13,221,155,69,163,1,1,-1,-1
371,99,-7,66,141,307,1,1,-1,-1
371,134,-82,94,117,291,1,1,-1,-1
372,13,195,158,57,155,1,1,-1,-1
372,99,19,75,130,311,1,1,-1,-1
372,134,-73,95,115,292,1,1,-1,-1
373,13,204,156,59,155,1,1,-1,-1
373,134,-63,96,111,294,1,1,-1,-1
374,13,209,156,66,155,1,1,-1,-1
374,134,-54,97,109,295,1,1,-1,-1
375,13,214,157,66,155,1,1,-1,-1
375,134,-44,99,106,296,1,1,-1,-1
375,174,431,224,12,35,1,1,-1,-1
375,175,444,-26,234,590,1,1,-1,-1
375,305,72,94,111,265,1,1,-1,-1
376,13,220,157,63,153,1,1,-1,-1
376,47,447,190,28,87,1,1,-1,-1
376,134,-42,94,104,297,1,1,-1,-1
376,174,429,222,11,35,1,1,-1,-1
376,175,459,-27,258,594,1,1,-1,-1
376,305,28,106,107,256,1,1,-1,-1
377,13,226,158,55,153,1,1,-1,-1
377,47,448,191,26,85,1,1,-1,-1
377,134,-40,90,102,298,1,1,-1,-1
377,174,427,221,11,35,1,1,-1,-1
377,175,482,-33,264,601,1,1,-1,-1
377,305,39,83,127,306,1,1,-1,-1
378,13,228,156,53,156,1,1,-1,-1
378,47,460,192,30,91,1,1,-1,-1
378,174,424,221,11,35,1,1,-1,-1
378,175,497,-45,285,645,1,1,-1,-1
378,305,40,81,125,311,1,1,-1,-1
379,13,232,155,51,159,1,1,-1,-1
379,47,455,193,28,80,1,1,-1,-1
379,174,422,222,10,34,1,1,-1,-1
379,175,523,-32,263,633,1,1,-1,-1
379,231,177,212,27,55,1,1,-1,-1
379,305,41,78,124,316,1,1,-1,-1
380,13,235,160,51,155,1,1,-1,-1
380,47,445,200,30,81,1,1,-1,-1
380,174,420,223,10,34,1,1,-1,-1
380,175,546,-34,243,635,1,1,-1,-1
380,231,174,217,24,55,1,1,-1,-1
381,13,239,166,51,151,1,1,-1,-1
381,47,445,203,31,79,1,1,-1,-1
381,174,418,224,11,34,1,1,-1,-1
381,175,571,-34,220,635,1,1,-1,-1
381,231,169,217,25,57,1,1,-1,-1
382,13,238,168,51,148,1,1,-1,-1
382,47,442,201,30,78,1,1,-1,-1
382,231,164,218,26,58,1,1,-1,-1
383,13,228,174,57,146,1,1,-1,-1
383,47,440,199,29,78,1,1,-1,-1
383,231,158,218,27,59,1,1,-1,-1
384,47,436,197,28,77,1,1,-1,-1
384,231,150,215,27,61,1,1,-1,-1
384,232,389,220,12,36,1,1,-1,-1
385,47,448,195,30,87,1,1,-1,-1
385,176,234,164,49,146,1,1,-1,-1
385,232,386,220,12,36,1,1,-1,-1
386,47,438,193,26,77,1,1,-1,-1
386,176,232,166,51,146,1,1,-1,-1
386,232,383,220,12,36,1,1,-1,-1
387,47,441,194,28,70,1,1,-1,-1
387,176,230,169,52,145,1,1,-1,-1
387,232,386,221,12,35,1,1,-1,-1
388,47,436,192,28,86,1,1,-1,-1
388,176,229,164,53,151,1,1,-1,-1
388,232,382,220,12,35,1,1,-1,-1
389,100,279,162,57,162,1,1,-1,-1
389,176,227,173,55,144,1,1,-1,-1
389,232,378,223,12,35,1,1,-1,-1
390,100,274,163,56,159,1,1,-1,-1
390,176,223,172,54,144,1,1,-1,-1
390,306,405,198,27,78,1,1,-1,-1
391,100,269,165,55,156,1,1,-1,-1
391,176,218,171,54,144,1,1,-1,-1
391,233,495,76,136,333,1,1,-1,-1
391,306,411,200,30,86,1,1,-1,-1
392,17,390,196,26,81,1,1,-1,-1
392,100,265,167,53,152,1,1,-1,-1
392,233,495,106,126,281,1,1,-1,-1
392,306,404,198,30,87,1,1,-1,-1
393,17,384,195,25,82,1,1,-1,-1
393,100,260,168,52,149,1,1,-1,-1
393,233,488,102,155,312,1,1,-1,-1
393,306,396,197,31,87,1,1,-1,-1
394,17,381,195,25,81,1,1,-1,-1
394,100,257,168,54,150,1,1,-1,-1
394,233,489,99,165,325,1,1,-1,-1
394,306,390,197,33,87,1,1,-1,-1
395,17,377,196,26,79,1,1,-1,-1
395,100,255,168,56,152,1,1,-1,-1
395,233,489,88,175,346,1,1,-1,-1
395,234,207,169,54,144,1,1,-1,-1
396,17,378,198,36,87,1,1,-1,-1
396,100,252,168,58,153,1,1,-1,-1
396,233,489,85,180,369,1,1,-1,-1
396,234,206,170,55,144,1,1,-1,-1
397,17,370,198,26,76,1,1,-1,-1
397,100,250,168,60,154,1,1,-1,-1
397,234,204,170,56,144,1,1,-1,-1
398,17,367,198,26,75,1,1,-1,-1
398,234,203,168,54,146,1,1,-1,-1
398,307,224,142,79,212,1,1,-1,-1
399,17,364,199,27,73,1,1,-1,-1
399,234,202,166,52,148,1,1,-1,-1
399,307,253,154,64,178,1,1,-1,-1
400,17,360,199,27,72,1,1,-1,-1
400,234,202,164,49,150,1,1,-1,-1
400,307,249,165,52,152,1,1,-1,-1
400,308,315,221,12,34,1,1,-1,-1
401,17,357,200,27,70,1,1,-1,-1
401,307,249,164,49,151,1,1,-1,-1
401,308,311,219,12,34,1,1,-1,-1
402,17,363,200,26,80,1,1,-1,-1
402,101,195,161,52,152,1,1,-1,-1
402,307,246,164,53,151,1,1,-1,-1
402,308,307,218,13,34,1,1,-1,-1
403,17,353,196,27,72,1,1,-1,-1
403,101,211,181,57,155,1,1,-1,-1
403,308,305,221,14,34,1,1,-1,-1
404,17,350,195,27,72,1,1,-1,-1
404,101,196,167,58,148,1,1,-1,-1
404,177,240,164,60,150,1,1,-1,-1
404,308,302,220,14,34,1,1,-1,-1
405,17,357,193,29,82,1,1,-1,-1
405,101,195,168,62,147,1,1,-1,-1
405,177,237,163,64,150,1,1,-1,-1
406,17,346,191,28,74,1,1,-1,-1
406,101,195,166,58,145,1,1,-1,-1
406,177,240,161,61,150,1,1,-1,-1
407,17,344,190,29,75,1,1,-1,-1
407,101,195,165,55,143,1,1,-1,-1
407,177,243,159,58,150,1,1,-1,-1
408,17,345,195,30,79,1,1,-1,-1
408,101,195,163,51,141,1,1,-1,-1
408,177,246,156,55,150,1,1,-1,-1
409,17,351,189,32,81,1,1,-1,-1
409,101,195,161,47,139,1,1,-1,-1
409,177,249,154,52,150,1,1,-1,-1
410,33,337,187,28,75,1,1,-1,-1
410,101,192,161,47,139,1,1,-1,-1
410,177,247,155,51,150,1,1,-1,-1
411,33,333,188,26,73,1,1,-1,-1
411,309,342,187,30,81,1,1,-1,-1
412,33,329,187,24,72,1,1,-1,-1
412,178,242,157,48,149,1,1,-1,-1
412,309,338,186,28,81,1,1,-1,-1
413,33,325,188,22,70,1,1,-1,-1
413,178,240,157,46,149,1,1,-1,-1
413,309,334,185,27,81,1,1,-1,-1
414,33,318,189,23,71,1,1,-1,-1
414,178,234,160,47,147,1,1,-1,-1
414,309,327,188,28,80,1,1,-1,-1
415,33,310,191,25,72,1,1,-1,-1
415,178,228,162,47,145,1,1,-1,-1
415,309,321,191,28,79,1,1,-1,-1
416,33,303,192,26,73,1,1,-1,-1
416,178,221,166,48,142,1,1,-1,-1
417,33,296,193,27,74,1,1,-1,-1
417,178,215,168,48,140,1,1,-1,-1
418,33,291,193,27,72,1,1,-1,-1
418,178,211,166,48,139,1,1,-1,-1
419,33,286,193,28,71,1,1,-1,-1
420,33,285,190,27,69,1,1,-1,-1
420,235,492,23,197,432,1,1,-1,-1
421,33,285,190,32,77,1,1,-1,-1
421,81,201,163,48,134,1,1,-1,-1
421,235,479,26,195,426,1,1,-1,-1
422,33,274,190,26,67,1,1,-1,-1
422,81,197,162,48,134,1,1,-1,-1
422,235,467,29,193,421,1,1,-1,-1
423,33,271,190,22,67,1,1,-1,-1
423,81,194,162,47,134,1,1,-1,-1
423,235,454,33,191,415,1,1,-1,-1
423,310,488,120,99,225,1,1,-1,-1
424,33,261,187,27,67,1,1,-1,-1
424,81,190,162,47,133,1,1,-1,-1
424,235,442,36,189,410,1,1,-1,-1
424,236,140,165,51,130,1,1,-1,-1
424,310,475,119,100,221,1,1,-1,-1
425,81,186,161,46,133,1,1,-1,-1
425,235,430,40,187,404,1,1,-1,-1
425,236,138,165,50,129,1,1,-1,-1
425,310,463,103,107,242,1,1,-1,-1
426,81,183,159,45,132,1,1,-1,-1
426,236,134,163,49,129,1,1,-1,-1
426,310,466,119,94,217,1,1,-1,-1
427,48,243,183,29,85,1,1,-1,-1
427,81,179,157,44,131,1,1,-1,-1
427,179,413,41,158,386,1,1,-1,-1
427,236,129,162,48,129,1,1,-1,-1
427,310,462,119,91,216,1,1,-1,-1
428,48,239,183,25,69,1,1,-1,-1
428,81,176,156,43,129,1,1,-1,-1
428,179,403,41,140,378,1,1,-1,-1
428,236,125,161,47,128,1,1,-1,-1
429,48,233,183,27,69,1,1,-1,-1
429,81,172,154,42,128,1,1,-1,-1
429,179,393,41,122,370,1,1,-1,-1
429,236,120,159,46,128,1,1,-1,-1
429,311,458,131,74,189,1,1,-1,-1
430,48,230,181,27,70,1,1,-1,-1
430,81,168,154,44,128,1,1,-1,-1
430,179,373,43,136,362,1,1,-1,-1
430,311,429,116,81,212,1,1,-1,-1
431,48,228,178,26,72,1,1,-1,-1
431,179,354,45,149,354,1,1,-1,-1
431,311,418,116,78,210,1,1,-1,-1
432,48,225,176,26,73,1,1,-1,-1
432,102,179,177,39,104,1,1,-1,-1
432,135,-159,-84,219,684,1,1,-1,-1
432,179,317,5,192,409,1,1,-1,-1
432,311,411,118,76,207,1,1,-1,-1
433,48,225,177,29,77,1,1,-1,-1
433,102,157,155,50,126,1,1,-1,-1
433,135,-157,-79,220,677,1,1,-1,-1
433,179,256,-17,217,468,1,1,-1,-1
433,311,380,121,93,256,1,1,-1,-1
434,48,220,176,30,77,1,1,-1,-1
434,102,155,152,49,127,1,1,-1,-1
434,135,-154,-74,220,671,1,1,-1,-1
435,48,212,175,25,72,1,1,-1,-1
435,102,153,150,48,128,1,1,-1,-1
435,135,-151,-69,220,665,1,1,-1,-1
436,48,206,176,25,70,1,1,-1,-1
436,102,151,148,47,128,1,1,-1,-1
436,135,-148,-63,220,658,1,1,-1,-1
437,22,571,70,118,339,1,1,-1,-1
437,48,200,176,25,69,1,1,-1,-1
437,102,149,145,46,129,1,1,-1,-1
437,135,-145,-58,221,652,1,1,-1,-1
437,312,376,128,68,192,1,1,-1,-1
438,22,556,71,129,340,1,1,-1,-1
438,48,198,177,25,68,1,1,-1,-1
438,102,147,146,46,128,1,1,-1,-1
438,135,-134,-79,241,704,1,1,-1,-1
438,312,369,130,66,189,1,1,-1,-1
439,22,542,73,139,340,1,1,-1,-1
439,48,197,179,24,66,1,1,-1,-1
439,102,147,147,45,127,1,1,-1,-1
439,135,-139,-48,221,639,1,1,-1,-1
439,312,362,132,65,186,1,1,-1,-1
440,22,528,73,149,341,1,1,-1,-1
440,102,145,148,45,126,1,1,-1,-1
440,312,354,132,74,186,1,1,-1,-1
441,22,514,75,159,341,1,1,-1,-1
441,103,194,182,23,64,1,1,-1,-1
441,237,200,178,30,74,1,1,-1,-1
441,312,355,133,69,185,1,1,-1,-1
441,313,87,150,47,125,1,1,-1,-1
442,22,506,77,152,335,1,1,-1,-1
442,103,192,184,23,62,1,1,-1,-1
442,237,200,178,29,74,1,1,-1,-1
442,313,86,151,46,125,1,1,-1,-1
443,22,564,72,117,308,1,1,-1,-1
443,103,191,185,22,61,1,1,-1,-1
443,237,200,193,23,65,1,1,-1,-1
443,313,85,151,46,125,1,1,-1,-1
444,22,491,82,137,322,1,1,-1,-1
444,103,191,185,22,61,1,1,-1,-1
444,237,196,180,28,73,1,1,-1,-1
444,313,85,152,45,125,1,1,-1,-1
445,22,483,84,129,316,1,1,-1,-1
445,103,191,185,22,61,1,1,-1,-1
445,237,195,180,28,73,1,1,-1,-1
445,313,85,152,44,125,1,1,-1,-1
446,22,451,61,140,356,1,1,-1,-1
446,103,191,185,22,61,1,1,-1,-1
446,104,242,57,115,322,1,1,-1,-1
446,237,196,181,28,72,1,1,-1,-1
447,22,485,88,116,309,1,1,-1,-1
447,103,191,185,22,61,1,1,-1,-1
447,104,238,57,115,324,1,1,-1,-1
447,314,349,140,63,181,1,1,-1,-1
448,22,485,89,110,306,1,1,-1,-1
448,103,192,186,21,60,1,1,-1,-1
448,104,234,58,116,326,1,1,-1,-1
448,314,350,143,62,181,1,1,-1,-1
449,22,487,91,103,302,1,1,-1,-1
449,103,193,186,21,60,1,1,-1,-1
449,104,234,58,116,328,1,1,-1,-1
449,314,352,146,61,181,1,1,-1,-1
449,315,153,157,36,118,1,1,-1,-1
450,22,484,89,112,309,1,1,-1,-1
450,104,261,19,122,348,1,1,-1,-1
450,314,355,145,62,181,1,1,-1,-1
450,315,161,158,37,116,1,1,-1,-1
451,22,526,95,103,259,1,1,-1,-1
451,104,234,58,116,332,1,1,-1,-1
451,314,358,142,64,182,1,1,-1,-1
451,315,168,160,38,114,1,1,-1,-1
452,22,478,85,131,322,1,1,-1,-1
452,104,252,89,101,288,1,1,-1,-1
452,315,176,161,39,112,1,1,-1,-1
452,316,226,181,24,71,1,1,-1,-1
453,22,475,84,140,328,1,1,-1,-1
453,104,240,59,118,335,1,1,-1,-1
453,315,184,162,40,110,1,1,-1,-1
453,316,234,173,24,75,1,1,-1,-1
453,317,366,139,66,182,1,1,-1,-1
454,49,-52,2,222,548,1,1,-1,-1
454,104,247,59,119,337,1,1,-1,-1
454,316,241,182,22,71,1,1,-1,-1
454,317,373,120,72,195,1,1,-1,-1
455,49,-41,1,221,550,1,1,-1,-1
455,180,565,87,100,297,1,1,-1,-1
455,316,237,187,21,62,1,1,-1,-1
455,317,377,138,67,186,1,1,-1,-1
456,49,-30,0,220,552,1,1,-1,-1
456,105,260,59,121,341,1,1,-1,-1
456,180,572,89,96,294,1,1,-1,-1
456,316,243,188,20,61,1,1,-1,-1
456,317,378,150,58,158,1,1,-1,-1
457,49,-17,-37,266,675,1,1,-1,-1
457,105,267,59,122,343,1,1,-1,-1
457,180,579,93,92,290,1,1,-1,-1
457,317,384,135,68,189,1,1,-1,-1
458,49,-13,-4,218,557,1,1,-1,-1
458,105,274,59,123,346,1,1,-1,-1
458,180,584,90,87,294,1,1,-1,-1
459,49,-8,-6,217,559,1,1,-1,-1
459,105,275,57,124,348,1,1,-1,-1
459,106,396,138,64,192,1,1,-1,-1
459,180,589,88,82,297,1,1,-1,-1
459,238,273,191,21,66,1,1,-1,-1
459,318,226,168,39,106,1,1,-1,-1
460,49,-3,-8,216,561,1,1,-1,-1
460,105,277,56,124,350,1,1,-1,-1
460,106,404,139,61,193,1,1,-1,-1
460,180,594,85,76,301,1,1,-1,-1
460,238,276,193,23,65,1,1,-1,-1
460,318,232,170,38,104,1,1,-1,-1
461,49,-8,-37,246,644,1,1,-1,-1
461,105,279,54,124,353,1,1,-1,-1
461,106,410,141,59,194,1,1,-1,-1
461,180,600,83,71,304,1,1,-1,-1
461,238,280,193,24,65,1,1,-1,-1
461,318,238,171,38,102,1,1,-1,-1
462,49,7,-13,214,566,1,1,-1,-1
462,105,281,53,125,355,1,1,-1,-1
462,106,410,141,58,193,1,1,-1,-1
462,238,279,193,23,66,1,1,-1,-1
462,318,241,171,38,102,1,1,-1,-1
463,49,12,-15,213,567,1,1,-1,-1
463,105,277,54,125,357,1,1,-1,-1
463,106,410,140,56,193,1,1,-1,-1
463,107,591,83,79,309,1,1,-1,-1
463,238,277,191,22,68,1,1,-1,-1
463,318,239,171,38,103,1,1,-1,-1
464,49,17,-18,212,570,1,1,-1,-1
464,105,273,55,126,359,1,1,-1,-1
464,106,411,140,55,192,1,1,-1,-1
464,107,586,83,83,312,1,1,-1,-1
464,238,277,191,20,69,1,1,-1,-1
465,49,22,-20,211,572,1,1,-1,-1
465,106,411,140,53,191,1,1,-1,-1
465,107,581,83,87,314,1,1,-1,-1
465,181,240,170,38,104,1,1,-1,-1
466,49,27,-22,210,574,1,1,-1,-1
466,106,410,140,53,192,1,1,-1,-1
466,107,574,81,91,319,1,1,-1,-1
466,181,241,169,36,104,1,1,-1,-1
467,106,410,139,52,194,1,1,-1,-1
467,107,566,81,96,323,1,1,-1,-1
467,181,242,168,34,104,1,1,-1,-1
468,71,35,-26,211,579,1,1,-1,-1
468,107,559,79,100,328,1,1,-1,-1
468,181,243,168,32,103,1,1,-1,-1
468,182,454,88,123,327,1,1,-1,-1
469,71,38,-27,214,582,1,1,-1,-1
469,107,552,78,104,332,1,1,-1,-1
469,181,244,167,30,103,1,1,-1,-1
469,182,416,96,127,327,1,1,-1,-1
470,71,40,-28,217,584,1,1,-1,-1
470,107,556,78,101,329,1,1,-1,-1
470,181,247,166,31,105,1,1,-1,-1
470,182,445,85,120,324,1,1,-1,-1
471,71,43,-29,220,587,1,1,-1,-1
471,107,560,77,99,327,1,1,-1,-1
471,181,249,164,32,107,1,1,-1,-1
471,182,445,82,116,325,1,1,-1,-1
472,71,46,-30,223,590,1,1,-1,-1
472,182,446,80,111,326,1,1,-1,-1
473,71,80,14,193,510,1,1,-1,-1
473,182,447,77,106,327,1,1,-1,-1
474,71,54,-37,229,601,1,1,-1,-1
474,182,450,79,103,328,1,1,-1,-1
474,239,563,76,100,317,1,1,-1,-1
475,71,58,-40,232,606,1,1,-1,-1
475,239,560,76,106,314,1,1,-1,-1
476,71,62,-43,235,611,1,1,-1,-1
476,239,556,76,113,310,1,1,-1,-1
477,71,66,-46,238,616,1,1,-1,-1
477,239,552,76,119,306,1,1,-1,-1
478,71,61,-50,240,621,1,1,-1,-1
478,136,425,134,53,199,1,1,-1,-1
478,239,532,76,137,365,1,1,-1,-1
479,136,422,133,55,199,1,1,-1,-1
479,239,534,72,112,311,1,1,-1,-1
480,136,417,134,58,198,1,1,-1,-1
481,136,414,128,66,218,1,1,-1,-1
482,136,424,118,96,258,1,1,-1,-1
483,136,405,130,104,285,1,1,-1,-1
484,136,407,95,118,325,1,1,-1,-1
484,183,225,45,140,401,1,1,-1,-1
485,136,401,99,117,327,1,1,-1,-1
485,183,216,49,141,403,1,1,-1,-1
486,50,383,18,159,455,1,1,-1,-1
486,183,211,46,141,405,1,1,-1,-1
487,50,389,65,146,434,1,1,-1,-1
487,183,206,44,142,406,1,1,-1,-1
488,50,439,54,146,390,1,1,-1,-1
488,183,202,41,142,408,1,1,-1,-1
489,50,460,95,131,329,1,1,-1,-1
489,183,197,39,143,409,1,1,-1,-1
490,50,462,93,122,329,1,1,-1,-1
490,183,193,37,143,411,1,1,-1,-1
491,50,463,92,114,329,1,1,-1,-1
492,50,466,90,105,329,1,1,-1,-1
493,50,468,88,96,329,1,1,-1,-1
493,82,378,96,100,320,1,1,-1,-1
494,50,467,88,98,333,1,1,-1,-1
494,82,378,96,100,324,1,1,-1,-1
495,50,467,88,100,337,1,1,-1,-1
495,82,379,96,99,328,1,1,-1,-1
496,50,468,88,101,340,1,1,-1,-1
496,82,379,97,99,331,1,1,-1,-1
497,50,478,108,96,322,1,1,-1,-1
497,82,380,97,98,335,1,1,-1,-1
498,50,468,87,105,343,1,1,-1,-1
498,82,382,95,100,334,1,1,-1,-1
499,82,384,92,102,334,1,1,-1,-1
500,82,433,115,106,331,1,1,-1,-1
501,82,466,81,112,341,1,1,-1,-1
501,108,355,138,79,210,1,1,-1,-1
501,319,3,-108,306,701,1,1,-1,-1
502,82,469,81,113,339,1,1,-1,-1
502,108,355,137,78,212,1,1,-1,-1
502,319,12,-108,304,701,1,1,-1,-1
503,108,355,136,76,214,1,1,-1,-1
503,319,21,-109,302,701,1,1,-1,-1
504,108,356,134,75,216,1,1,-1,-1
504,319,30,-110,299,702,1,1,-1,-1
505,108,356,133,73,218,1,1,-1,-1
505,319,39,-111,297,702,1,1,-1,-1
506,30,480,80,115,337,1,1,-1,-1
506,108,357,131,70,217,1,1,-1,-1
507,23,162,8,155,438,1,1,-1,-1
507,30,479,78,117,341,1,1,-1,-1
507,108,348,123,80,255,1,1,-1,-1
508,23,163,7,156,440,1,1,-1,-1
508,30,479,77,118,344,1,1,-1,-1
508,108,331,99,91,304,1,1,-1,-1
508,320,-34,-16,206,461,1,1,-1,-1
509,23,164,6,156,442,1,1,-1,-1
509,30,479,75,119,348,1,1,-1,-1
509,108,368,81,126,334,1,1,-1,-1
509,320,3,50,179,379,1,1,-1,-1
510,23,165,6,157,444,1,1,-1,-1
510,30,485,77,117,345,1,1,-1,-1
510,320,23,56,160,367,1,1,-1,-1
511,23,143,-26,196,549,1,1,-1,-1
511,30,489,80,116,342,1,1,-1,-1
511,320,42,62,142,354,1,1,-1,-1
511,321,386,87,109,328,1,1,-1,-1
512,23,133,-75,222,621,1,1,-1,-1
512,30,495,83,114,338,1,1,-1,-1
512,320,63,68,123,342,1,1,-1,-1
512,321,394,91,100,324,1,1,-1,-1
513,23,145,-107,282,703,1,1,-1,-1
513,30,501,85,112,335,1,1,-1,-1
513,321,404,94,91,321,1,1,-1,-1
514,23,169,-104,283,701,1,1,-1,-1
514,30,498,88,118,336,1,1,-1,-1
514,240,87,78,108,327,1,1,-1,-1
514,321,403,95,91,321,1,1,-1,-1
515,23,145,-70,218,606,1,1,-1,-1
515,30,496,90,124,337,1,1,-1,-1
515,240,83,69,121,355,1,1,-1,-1
515,321,401,96,92,321,1,1,-1,-1
516,23,218,-98,283,697,1,1,-1,-1
516,30,494,93,130,338,1,1,-1,-1
516,240,96,85,115,324,1,1,-1,-1
517,23,243,-94,283,695,1,1,-1,-1
517,30,492,95,136,339,1,1,-1,-1
517,137,400,96,92,322,1,1,-1,-1
517,240,100,89,118,322,1,1,-1,-1
518,23,260,-93,283,694,1,1,-1,-1
518,30,490,95,134,338,1,1,-1,-1
518,137,399,97,92,322,1,1,-1,-1
518,240,107,88,119,318,1,1,-1,-1
519,23,277,-91,283,692,1,1,-1,-1
519,30,488,95,133,337,1,1,-1,-1
519,137,398,98,93,322,1,1,-1,-1
519,240,114,86,120,315,1,1,-1,-1
520,23,294,-89,283,690,1,1,-1,-1
520,30,486,95,131,336,1,1,-1,-1
520,137,397,98,93,322,1,1,-1,-1
521,23,311,-88,283,689,1,1,-1,-1
521,30,484,95,130,335,1,1,-1,-1
521,137,396,99,93,322,1,1,-1,-1
521,322,130,83,121,307,1,1,-1,-1
522,23,328,-86,283,687,1,1,-1,-1
522,137,395,100,93,322,1,1,-1,-1
522,322,131,83,120,303,1,1,-1,-1
523,23,368,-87,269,651,1,1,-1,-1
523,137,393,101,94,322,1,1,-1,-1
523,322,134,84,119,298,1,1,-1,-1
524,137,392,101,94,322,1,1,-1,-1
524,241,403,131,61,224,1,1,-1,-1
524,322,136,83,117,294,1,1,-1,-1
525,241,407,134,66,223,1,1,-1,-1
525,322,138,84,116,289,1,1,-1,-1
526,241,404,120,77,266,1,1,-1,-1
527,241,390,103,95,323,1,1,-1,-1
528,241,393,99,84,287,1,1,-1,-1
529,241,388,104,95,323,1,1,-1,-1
531,323,464,97,114,324,1,1,-1,-1
532,323,463,97,113,323,1,1,-1,-1
533,109,492,-81,275,680,1,1,-1,-1
533,138,372,98,98,313,1,1,-1,-1
533,323,461,97,111,322,1,1,-1,-1
534,109,503,-81,268,680,1,1,-1,-1
534,138,351,95,100,316,1,1,-1,-1
534,323,455,95,110,324,1,1,-1,-1
535,109,513,-82,261,680,1,1,-1,-1
535,138,337,93,115,320,1,1,-1,-1
535,323,449,94,108,326,1,1,-1,-1
536,109,524,-82,254,680,1,1,-1,-1
536,138,326,92,118,323,1,1,-1,-1
537,109,535,-83,247,680,1,1,-1,-1
537,110,133,128,56,167,1,1,-1,-1
537,138,332,91,104,328,1,1,-1,-1
538,109,545,-83,240,680,1,1,-1,-1
538,110,159,127,56,163,1,1,-1,-1
538,138,360,87,88,296,1,1,-1,-1
539,109,556,-84,233,680,1,1,-1,-1
539,110,177,150,44,136,1,1,-1,-1
539,138,340,85,102,333,1,1,-1,-1
540,109,566,-84,226,680,1,1,-1,-1
540,110,181,150,42,139,1,1,-1,-1
540,138,344,82,100,336,1,1,-1,-1
541,109,577,-85,219,680,1,1,-1,-1
541,110,185,151,40,141,1,1,-1,-1
542,110,186,150,43,144,1,1,-1,-1
542,111,449,75,121,354,1,1,-1,-1
543,110,186,147,46,148,1,1,-1,-1
543,111,443,75,135,364,1,1,-1,-1
544,110,187,146,49,151,1,1,-1,-1
544,111,426,85,94,309,1,1,-1,-1
545,110,187,144,52,154,1,1,-1,-1
545,111,411,87,111,353,1,1,-1,-1
546,111,369,85,112,349,1,1,-1,-1
547,111,368,82,114,353,1,1,-1,-1
547,242,240,101,108,271,1,1,-1,-1
548,111,372,80,116,353,1,1,-1,-1
548,242,248,103,102,269,1,1,-1,-1
549,111,377,78,117,353,1,1,-1,-1
549,242,257,106,96,267,1,1,-1,-1
549,243,113,122,69,188,1,1,-1,-1
550,111,371,75,118,357,1,1,-1,-1
550,242,238,90,82,255,1,1,-1,-1
550,243,97,105,72,205,1,1,-1,-1
550,244,197,118,57,177,1,1,-1,-1
551,242,265,99,89,263,1,1,-1,-1
551,243,93,112,76,207,1,1,-1,-1
551,244,188,113,71,185,1,1,-1,-1
552,242,269,96,85,260,1,1,-1,-1
552,243,83,107,80,217,1,1,-1,-1
552,244,178,115,74,191,1,1,-1,-1
553,83,265,176,28,75,1,1,-1,-1
553,184,416,115,58,205,1,1,-1,-1
553,243,74,102,83,226,1,1,-1,-1
553,244,169,117,83,196,1,1,-1,-1
554,4,351,62,120,373,1,1,-1,-1
554,83,264,178,30,77,1,1,-1,-1
554,184,412,116,61,209,1,1,-1,-1
554,185,500,122,76,249,1,1,-1,-1
554,243,85,97,83,226,1,1,-1,-1
554,244,165,117,86,203,1,1,-1,-1
555,4,345,59,120,376,1,1,-1,-1
555,83,264,180,31,80,1,1,-1,-1
555,184,404,103,75,254,1,1,-1,-1
555,185,504,116,77,250,1,1,-1,-1
555,244,169,114,77,214,1,1,-1,-1
556,4,339,57,120,379,1,1,-1,-1
556,83,263,181,32,83,1,1,-1,-1
556,184,405,119,66,216,1,1,-1,-1
556,185,489,76,95,302,1,1,-1,-1
557,4,334,54,119,382,1,1,-1,-1
557,83,263,183,33,85,1,1,-1,-1
557,184,402,120,69,220,1,1,-1,-1
557,185,517,132,80,254,1,1,-1,-1
557,186,421,123,86,279,1,1,-1,-1
558,4,328,52,119,385,1,1,-1,-1
558,83,259,180,34,87,1,1,-1,-1
558,184,403,111,72,229,1,1,-1,-1
558,185,519,129,79,254,1,1,-1,-1
558,186,429,109,92,299,1,1,-1,-1
559,4,323,48,119,389,1,1,-1,-1
559,83,256,177,35,89,1,1,-1,-1
559,184,403,133,71,226,1,1,-1,-1
559,185,531,122,79,255,1,1,-1,-1
559,186,438,96,97,319,1,1,-1,-1
560,4,317,46,119,392,1,1,-1,-1
560,83,252,174,36,91,1,1,-1,-1
560,185,533,114,76,257,1,1,-1,-1
560,186,442,84,101,345,1,1,-1,-1
561,4,311,43,119,395,1,1,-1,-1
561,51,557,41,128,384,1,1,-1,-1
561,83,250,172,37,93,1,1,-1,-1
561,186,453,66,105,368,1,1,-1,-1
562,4,305,41,119,398,1,1,-1,-1
562,51,559,39,109,395,1,1,-1,-1
562,83,246,170,38,94,1,1,-1,-1
562,186,454,53,115,386,1,1,-1,-1
563,4,299,38,118,401,1,1,-1,-1
563,51,563,42,105,403,1,1,-1,-1
563,186,472,41,134,431,1,1,-1,-1
564,4,293,36,118,404,1,1,-1,-1
564,51,565,45,106,403,1,1,-1,-1
564,324,239,164,40,98,1,1,-1,-1
565,4,281,-1,131,452,1,1,-1,-1
565,51,573,62,84,360,1,1,-1,-1
565,324,236,161,41,100,1,1,-1,-1
565,325,79,43,113,354,1,1,-1,-1
566,4,261,-35,156,527,1,1,-1,-1
566,51,514,98,108,309,1,1,-1,-1
566,245,536,-1,144,500,1,1,-1,-1
566,324,236,162,43,101,1,1,-1,-1
566,325,60,33,123,378,1,1,-1,-1
567,4,229,-46,222,577,1,1,-1,-1
567,51,540,118,89,249,1,1,-1,-1
567,245,589,25,93,409,1,1,-1,-1
567,324,235,162,45,103,1,1,-1,-1
567,325,40,23,134,402,1,1,-1,-1
568,4,226,-49,224,581,1,1,-1,-1
568,51,541,119,92,247,1,1,-1,-1
568,245,578,50,82,381,1,1,-1,-1
568,324,235,162,46,104,1,1,-1,-1
568,325,21,11,144,426,1,1,-1,-1
569,4,223,-51,227,584,1,1,-1,-1
569,51,541,117,94,244,1,1,-1,-1
569,187,425,22,123,385,1,1,-1,-1
569,245,575,51,90,375,1,1,-1,-1
569,325,-24,-15,178,477,1,1,-1,-1
570,4,220,-54,230,589,1,1,-1,-1
570,51,541,119,96,246,1,1,-1,-1
570,187,427,8,132,402,1,1,-1,-1
570,245,568,47,91,376,1,1,-1,-1
571,4,217,-56,232,592,1,1,-1,-1
571,51,540,119,98,247,1,1,-1,-1
571,187,438,-6,142,430,1,1,-1,-1
571,245,554,53,107,362,1,1,-1,-1
572,4,237,-90,253,641,1,1,-1,-1
572,51,539,118,100,248,1,1,-1,-1
572,187,435,-5,152,463,1,1,-1,-1
573,4,211,-61,238,600,1,1,-1,-1
573,51,560,141,85,204,1,1,-1,-1
573,187,450,-21,162,513,1,1,-1,-1
574,4,208,-63,240,603,1,1,-1,-1
574,187,458,-38,184,550,1,1,-1,-1
575,4,205,-66,243,608,1,1,-1,-1
575,187,468,-34,180,547,1,1,-1,-1
575,188,524,68,129,335,1,1,-1,-1
575,246,313,104,96,290,1,1,-1,-1
576,4,202,-68,246,611,1,1,-1,-1
576,188,519,68,125,335,1,1,-1,-1
576,246,304,72,117,351,1,1,-1,-1
577,4,200,-70,248,615,1,1,-1,-1
577,188,515,69,121,334,1,1,-1,-1
577,246,310,77,116,345,1,1,-1,-1
578,188,510,68,116,334,1,1,-1,-1
578,246,317,82,116,340,1,1,-1,-1
579,188,506,69,112,333,1,1,-1,-1
579,246,324,87,115,335,1,1,-1,-1
580,188,502,68,107,333,1,1,-1,-1
580,246,331,92,115,329,1,1,-1,-1
581,188,498,69,103,332,1,1,-1,-1
586,326,-150,-119,253,720,1,1,-1,-1
587,112,427,103,125,293,1,1,-1,-1
587,326,-147,-118,250,719,1,1,-1,-1
588,112,403,96,130,304,1,1,-1,-1
588,326,-153,-118,251,717,1,1,-1,-1
589,112,388,98,128,298,1,1,-1,-1
589,326,-159,-118,252,715,1,1,-1,-1
590,112,455,123,103,255,1,1,-1,-1
590,326,-159,-119,247,716,1,1,-1,-1
591,112,446,116,92,249,1,1,-1,-1
592,112,436,120,75,247,1,1,-1,-1
592,139,203,188,43,112,1,1,-1,-1
593,24,214,-81,249,638,1,1,-1,-1
593,112,422,119,70,243,1,1,-1,-1
593,139,197,157,54,133,1,1,-1,-1
594,24,208,-82,244,639,1,1,-1,-1
594,112,411,122,71,243,1,1,-1,-1
594,139,189,155,54,136,1,1,-1,-1
595,24,202,-83,240,641,1,1,-1,-1
595,112,399,124,72,243,1,1,-1,-1
595,139,182,155,55,140,1,1,-1,-1
596,24,196,-84,236,643,1,1,-1,-1
596,139,173,154,56,144,1,1,-1,-1
597,24,190,-85,232,645,1,1,-1,-1
597,72,-159,-119,213,716,1,1,-1,-1
597,139,166,153,57,148,1,1,-1,-1
598,24,204,-90,227,642,1,1,-1,-1
598,72,-159,-119,208,716,1,1,-1,-1
598,139,155,152,63,152,1,1,-1,-1
599,24,203,-82,225,649,1,1,-1,-1
599,72,-159,-119,204,716,1,1,-1,-1
599,139,147,153,70,155,1,1,-1,-1
600,24,202,-77,225,645,1,1,-1,-1
600,72,-159,-119,199,716,1,1,-1,-1
601,24,202,-72,225,641,1,1,-1,-1
601,72,-159,-119,194,716,1,1,-1,-1
601,247,134,154,76,165,1,1,-1,-1
602,24,197,-68,226,637,1,1,-1,-1
602,72,-159,-119,189,716,1,1,-1,-1
602,247,139,151,66,171,1,1,-1,-1
603,24,192,-63,227,633,1,1,-1,-1
603,72,-159,-119,185,716,1,1,-1,-1
603,247,139,150,66,177,1,1,-1,-1
604,24,187,-58,228,628,1,1,-1,-1
604,72,-159,-116,189,711,1,1,-1,-1
604,247,134,147,68,182,1,1,-1,-1
605,24,182,-54,229,625,1,1,-1,-1
605,72,-159,-112,193,705,1,1,-1,-1
605,247,123,143,76,185,1,1,-1,-1
606,24,177,-49,230,620,1,1,-1,-1
606,72,-159,-108,197,700,1,1,-1,-1
606,247,121,140,76,192,1,1,-1,-1
607,24,173,-44,231,616,1,1,-1,-1
607,72,-124,-60,169,583,1,1,-1,-1
608,24,182,-47,232,618,1,1,-1,-1
608,327,339,140,76,224,1,1,-1,-1
609,24,191,-50,233,620,1,1,-1,-1
609,248,187,122,88,255,1,1,-1,-1
609,327,355,144,71,216,1,1,-1,-1
610,34,115,176,59,140,1,1,-1,-1
610,248,195,115,80,264,1,1,-1,-1
610,327,353,142,74,219,1,1,-1,-1
610,328,-159,-92,213,677,1,1,-1,-1
611,34,145,184,37,113,1,1,-1,-1
611,248,187,126,87,259,1,1,-1,-1
611,327,352,139,77,223,1,1,-1,-1
611,328,-159,-88,217,672,1,1,-1,-1
612,34,156,165,39,127,1,1,-1,-1
612,248,188,108,87,262,1,1,-1,-1
612,327,350,136,80,226,1,1,-1,-1
612,328,-159,-84,221,666,1,1,-1,-1
613,34,143,159,49,131,1,1,-1,-1
613,248,190,105,86,264,1,1,-1,-1
613,328,-159,-80,226,661,1,1,-1,-1
614,34,137,155,51,138,1,1,-1,-1
614,189,240,-64,236,629,1,1,-1,-1
614,248,188,104,84,266,1,1,-1,-1
614,328,-157,-76,229,654,1,1,-1,-1
615,34,132,152,53,144,1,1,-1,-1
615,189,251,-67,236,630,1,1,-1,-1
616,34,129,144,53,148,1,1,-1,-1
616,189,263,-70,236,632,1,1,-1,-1
617,34,124,138,52,153,1,1,-1,-1
617,189,271,-73,240,635,1,1,-1,-1
618,34,115,138,57,157,1,1,-1,-1
618,189,270,-78,238,650,1,1,-1,-1
619,34,83,124,62,163,1,1,-1,-1
619,189,270,-82,236,665,1,1,-1,-1
619,190,-144,-55,241,622,1,1,-1,-1
620,34,92,133,66,163,1,1,-1,-1
620,189,274,-82,231,662,1,1,-1,-1
620,190,-141,-50,243,614,1,1,-1,-1
621,34,86,138,70,166,1,1,-1,-1
621,190,-139,-46,246,608,1,1,-1,-1
622,34,84,140,72,176,1,1,-1,-1
622,190,-136,-42,248,602,1,1,-1,-1
622,329,284,-80,221,656,1,1,-1,-1
623,34,92,134,67,166,1,1,-1,-1
623,190,-133,-37,250,595,1,1,-1,-1
623,329,290,-81,214,656,1,1,-1,-1
624,34,64,137,74,194,1,1,-1,-1
624,190,-122,-36,245,592,1,1,-1,-1
624,329,296,-81,207,655,1,1,-1,-1
625,190,-110,-35,240,590,1,1,-1,-1
625,329,302,-81,201,655,1,1,-1,-1
626,329,291,-78,223,652,1,1,-1,-1
628,84,321,-76,228,652,1,1,-1,-1
628,249,-76,-31,225,582,1,1,-1,-1
629,84,331,-79,241,656,1,1,-1,-1
629,113,303,157,42,140,1,1,-1,-1
629,249,-64,-29,220,578,1,1,-1,-1
630,84,341,-81,254,659,1,1,-1,-1
630,113,306,155,43,141,1,1,-1,-1
630,249,-53,-28,215,576,1,1,-1,-1
631,84,352,-83,267,662,1,1,-1,-1
631,113,309,152,44,143,1,1,-1,-1
631,249,-41,-26,210,573,1,1,-1,-1
632,84,365,-85,263,666,1,1,-1,-1
632,113,295,145,54,176,1,1,-1,-1
632,249,-9,-24,209,570,1,1,-1,-1
633,84,378,-87,260,670,1,1,-1,-1
633,113,316,148,45,146,1,1,-1,-1
633,249,2,-22,209,566,1,1,-1,-1
634,84,391,-88,257,673,1,1,-1,-1
634,113,301,152,51,162,1,1,-1,-1
635,84,399,-90,255,676,1,1,-1,-1
635,113,279,137,57,172,1,1,-1,-1
636,84,408,-92,252,679,1,1,-1,-1
636,113,283,136,57,173,1,1,-1,-1
636,191,103,60,125,354,1,1,-1,-1
637,84,417,-94,249,683,1,1,-1,-1
637,113,288,135,56,175,1,1,-1,-1
637,191,104,83,100,285,1,1,-1,-1
637,192,239,114,68,255,1,1,-1,-1
638,191,76,74,106,304,1,1,-1,-1
638,192,236,116,69,251,1,1,-1,-1
639,191,38,74,135,323,1,1,-1,-1
639,192,232,117,71,247,1,1,-1,-1
639,250,308,117,65,241,1,1,-1,-1
639,251,282,139,51,166,1,1,-1,-1
640,191,20,76,134,327,1,1,-1,-1
640,192,228,120,72,242,1,1,-1,-1
640,250,304,118,65,241,1,1,-1,-1
640,251,278,141,49,161,1,1,-1,-1
641,191,9,46,132,386,1,1,-1,-1
641,192,231,133,71,232,1,1,-1,-1
641,250,300,118,66,242,1,1,-1,-1
641,251,275,143,46,156,1,1,-1,-1
642,191,-24,51,124,375,1,1,-1,-1
642,192,222,122,71,236,1,1,-1,-1
642,250,297,119,66,238,1,1,-1,-1
642,251,270,145,49,156,1,1,-1,-1
643,192,218,123,70,234,1,1,-1,-1
643,250,295,121,66,233,1,1,-1,-1
643,251,250,175,63,187,1,1,-1,-1
643,330,404,-97,251,682,1,1,-1,-1
644,250,293,122,65,229,1,1,-1,-1
644,251,266,122,71,198,1,1,-1,-1
644,330,402,-97,252,681,1,1,-1,-1
645,140,43,-5,196,505,1,1,-1,-1
645,330,400,-98,252,681,1,1,-1,-1
646,140,49,-5,190,503,1,1,-1,-1
646,141,252,151,54,156,1,1,-1,-1
646,330,398,-98,252,681,1,1,-1,-1
647,140,55,-5,184,502,1,1,-1,-1
647,141,251,153,50,155,1,1,-1,-1
647,330,395,-99,254,681,1,1,-1,-1
648,140,50,-1,168,471,1,1,-1,-1
648,141,250,154,45,155,1,1,-1,-1
649,140,62,-4,166,496,1,1,-1,-1
649,141,249,156,40,154,1,1,-1,-1
650,140,53,-4,171,495,1,1,-1,-1
650,141,243,156,42,155,1,1,-1,-1
651,140,44,-3,176,493,1,1,-1,-1
651,141,238,157,45,155,1,1,-1,-1
652,140,36,-2,180,491,1,1,-1,-1
652,141,233,156,47,156,1,1,-1,-1
653,141,228,157,49,156,1,1,-1,-1
656,5,209,168,42,125,1,1,-1,-1
657,5,216,149,52,148,1,1,-1,-1
658,5,215,149,52,147,1,1,-1,-1
659,5,215,147,51,147,1,1,-1,-1
660,5,214,147,51,146,1,1,-1,-1
660,331,60,2,179,491,1,1,-1,-1
661,5,214,146,50,145,1,1,-1,-1
661,114,402,-102,259,681,1,1,-1,-1
661,331,77,0,169,483,1,1,-1,-1
662,5,214,146,50,146,1,1,-1,-1
662,114,407,-102,259,681,1,1,-1,-1
662,331,82,2,163,486,1,1,-1,-1
663,5,215,147,50,146,1,1,-1,-1
663,114,412,-102,260,682,1,1,-1,-1
663,331,87,4,158,489,1,1,-1,-1
664,5,216,146,49,147,1,1,-1,-1
664,114,417,-102,260,682,1,1,-1,-1
664,331,92,7,153,492,1,1,-1,-1
665,5,217,147,49,147,1,1,-1,-1
665,114,422,-102,260,682,1,1,-1,-1
665,332,5,113,91,234,1,1,-1,-1
666,5,217,147,49,148,1,1,-1,-1
666,114,440,-43,219,573,1,1,-1,-1
666,332,-1,108,84,242,1,1,-1,-1
667,5,217,148,49,148,1,1,-1,-1
667,114,432,-102,261,683,1,1,-1,-1
667,332,-14,103,92,250,1,1,-1,-1
668,5,218,147,49,149,1,1,-1,-1
668,114,437,-102,262,684,1,1,-1,-1
668,332,-31,97,102,258,1,1,-1,-1
668,333,54,101,94,254,1,1,-1,-1
669,5,218,147,49,150,1,1,-1,-1
669,114,442,-102,262,684,1,1,-1,-1
669,142,275,128,80,198,1,1,-1,-1
669,332,-46,91,112,266,1,1,-1,-1
669,333,43,91,100,270,1,1,-1,-1
670,5,218,148,48,150,1,1,-1,-1
670,142,281,130,75,198,1,1,-1,-1
670,333,33,82,104,292,1,1,-1,-1
671,5,219,148,48,151,1,1,-1,-1
671,142,287,132,70,198,1,1,-1,-1
671,333,25,78,106,314,1,1,-1,-1
672,5,218,194,44,137,1,1,-1,-1
672,142,293,143,66,199,1,1,-1,-1
672,333,7,78,110,336,1,1,-1,-1
673,5,220,148,48,152,1,1,-1,-1
673,115,48,92,173,383,1,1,-1,-1
673,142,300,136,59,198,1,1,-1,-1
674,5,220,149,48,152,1,1,-1,-1
674,115,83,20,175,475,1,1,-1,-1
674,142,295,137,59,195,1,1,-1,-1
675,5,221,149,47,153,1,1,-1,-1
675,115,88,20,164,464,1,1,-1,-1
675,142,288,138,60,193,1,1,-1,-1
676,5,222,149,47,153,1,1,-1,-1
676,115,93,20,153,453,1,1,-1,-1
676,142,283,139,60,190,1,1,-1,-1
677,5,222,149,47,154,1,1,-1,-1
677,85,17,181,45,99,1,1,-1,-1
677,115,93,20,152,459,1,1,-1,-1
678,52,278,141,61,186,1,1,-1,-1
678,85,17,181,45,99,1,1,-1,-1
678,115,94,20,151,465,1,1,-1,-1
679,52,278,144,61,184,1,1,-1,-1
679,85,17,181,45,99,1,1,-1,-1
679,115,94,27,151,463,1,1,-1,-1
679,193,85,135,69,191,1,1,-1,-1
680,52,277,145,62,183,1,1,-1,-1
680,85,17,181,45,99,1,1,-1,-1
680,115,94,34,151,462,1,1,-1,-1
680,193,76,135,73,197,1,1,-1,-1
681,52,277,147,62,181,1,1,-1,-1
681,85,18,182,43,97,1,1,-1,-1
681,115,95,41,150,461,1,1,-1,-1
681,193,67,134,76,204,1,1,-1,-1
682,52,275,145,64,184,1,1,-1,-1
682,85,17,180,44,100,1,1,-1,-1
682,193,55,150,66,177,1,1,-1,-1
683,52,273,142,66,187,1,1,-1,-1
683,85,17,178,44,103,1,1,-1,-1
683,193,42,158,55,161,1,1,-1,-1
684,52,272,140,67,190,1,1,-1,-1
684,85,18,176,44,106,1,1,-1,-1
684,193,46,140,59,181,1,1,-1,-1
684,194,385,85,113,326,1,1,-1,-1
685,52,270,137,69,193,1,1,-1,-1
685,85,18,174,44,108,1,1,-1,-1
685,193,44,135,54,187,1,1,-1,-1
685,194,369,108,95,283,1,1,-1,-1
686,52,269,135,65,193,1,1,-1,-1
686,85,18,172,45,111,1,1,-1,-1
686,194,368,106,92,284,1,1,-1,-1
686,334,296,154,51,139,1,1,-1,-1
687,52,267,134,61,193,1,1,-1,-1
687,194,367,105,88,285,1,1,-1,-1
687,334,301,151,51,143,1,1,-1,-1
688,52,266,133,56,192,1,1,-1,-1
688,194,367,104,85,285,1,1,-1,-1
688,334,299,147,49,147,1,1,-1,-1
689,52,265,131,52,192,1,1,-1,-1
689,61,72,144,53,164,1,1,-1,-1
689,194,366,102,81,286,1,1,-1,-1
689,334,304,147,48,150,1,1,-1,-1
690,52,265,132,51,190,1,1,-1,-1
690,61,64,141,56,169,1,1,-1,-1
690,194,361,102,86,287,1,1,-1,-1
690,334,306,147,50,149,1,1,-1,-1
691,61,56,138,59,175,1,1,-1,-1
692,35,103,23,145,450,1,1,-1,-1
692,61,48,134,62,181,1,1,-1,-1
693,35,114,19,136,448,1,1,-1,-1
693,61,40,131,65,186,1,1,-1,-1
693,335,462,-114,290,690,1,1,-1,-1
694,35,115,25,135,453,1,1,-1,-1
694,61,31,127,71,196,1,1,-1,-1
694,335,457,-113,291,690,1,1,-1,-1
695,35,116,32,135,457,1,1,-1,-1
695,61,21,124,76,205,1,1,-1,-1
695,86,19,156,49,137,1,1,-1,-1
695,335,452,-113,293,691,1,1,-1,-1
696,35,117,39,135,461,1,1,-1,-1
696,61,12,120,82,215,1,1,-1,-1
696,86,20,156,49,139,1,1,-1,-1
696,195,356,100,90,287,1,1,-1,-1
696,335,448,-112,294,691,1,1,-1,-1
697,35,124,36,136,449,1,1,-1,-1
697,61,3,127,82,211,1,1,-1,-1
697,73,91,144,51,157,1,1,-1,-1
697,86,20,155,50,142,1,1,-1,-1
697,143,269,132,53,184,1,1,-1,-1
697,195,359,100,86,286,1,1,-1,-1
697,335,442,-113,295,691,1,1,-1,-1
698,35,132,33,136,437,1,1,-1,-1
698,61,-4,103,74,242,1,1,-1,-1
698,73,86,143,51,160,1,1,-1,-1
698,86,21,154,51,145,1,1,-1,-1
698,143,268,132,53,182,1,1,-1,-1
698,195,348,100,96,288,1,1,-1,-1
699,35,140,30,136,425,1,1,-1,-1
699,61,-21,107,80,249,1,1,-1,-1
699,73,80,142,50,163,1,1,-1,-1
699,86,21,153,52,148,1,1,-1,-1
699,143,267,132,53,180,1,1,-1,-1
699,195,352,65,81,268,1,1,-1,-1
700,35,124,40,155,425,1,1,-1,-1
700,61,-44,105,98,278,1,1,-1,-1
700,73,75,140,50,166,1,1,-1,-1
700,86,22,153,52,150,1,1,-1,-1
700,143,265,131,53,178,1,1,-1,-1
700,195,369,118,64,217,1,1,-1,-1
701,35,120,38,162,428,1,1,-1,-1
701,73,70,139,49,169,1,1,-1,-1
701,86,23,152,53,153,1,1,-1,-1
701,143,264,131,53,176,1,1,-1,-1
701,195,359,121,60,211,1,1,-1,-1
702,35,114,42,169,432,1,1,-1,-1
702,73,57,135,51,182,1,1,-1,-1
702,86,18,150,51,161,1,1,-1,-1
702,143,260,133,55,178,1,1,-1,-1
702,195,365,118,59,217,1,1,-1,-1
703,35,73,17,185,456,1,1,-1,-1
703,73,45,130,53,196,1,1,-1,-1
703,86,12,148,50,169,1,1,-1,-1
703,143,256,136,57,180,1,1,-1,-1
704,35,113,44,169,440,1,1,-1,-1
704,73,75,136,42,194,1,1,-1,-1
704,86,-7,145,62,176,1,1,-1,-1
704,143,252,138,59,182,1,1,-1,-1
705,35,114,-26,195,533,1,1,-1,-1
705,73,70,134,42,206,1,1,-1,-1
706,35,119,38,154,430,1,1,-1,-1
706,73,60,108,80,257,1,1,-1,-1
706,196,244,141,60,181,1,1,-1,-1
707,73,38,74,72,303,1,1,-1,-1
707,196,242,140,59,179,1,1,-1,-1
708,196,238,124,63,196,1,1,-1,-1
709,196,236,141,56,173,1,1,-1,-1
710,196,236,142,54,170,1,1,-1,-1
711,196,238,143,51,167,1,1,-1,-1
712,196,238,144,49,163,1,1,-1,-1
713,197,18,97,78,237,1,1,-1,-1
713,336,268,89,110,291,1,1,-1,-1
714,197,15,92,85,245,1,1,-1,-1
714,336,273,91,109,291,1,1,-1,-1
715,197,12,88,92,252,1,1,-1,-1
715,336,277,92,108,291,1,1,-1,-1
716,116,338,-119,323,696,1,1,-1,-1
716,197,9,82,98,260,1,1,-1,-1
716,336,282,94,106,291,1,1,-1,-1
717,116,340,-119,323,696,1,1,-1,-1
717,197,7,78,105,267,1,1,-1,-1
717,336,287,95,105,291,1,1,-1,-1
718,116,342,-119,323,696,1,1,-1,-1
718,197,6,72,107,291,1,1,-1,-1
719,116,345,-119,322,697,1,1,-1,-1
719,197,-5,32,118,343,1,1,-1,-1
720,116,347,-119,322,697,1,1,-1,-1
721,116,350,-119,321,698,1,1,-1,-1
722,116,344,-150,349,756,1,1,-1,-1
723,116,306,-234,416,904,1,1,-1,-1
723,144,134,197,19,52,1,1,-1,-1
723,337,85,185,29,75,1,1,-1,-1
724,116,281,-292,472,1028,1,1,-1,-1
724,144,137,198,19,52,1,1,-1,-1
724,337,91,187,29,75,1,1,-1,-1
725,53,255,159,48,148,1,1,-1,-1
725,144,138,194,19,52,1,1,-1,-1
725,145,303,153,46,148,1,1,-1,-1
725,337,92,188,27,73,1,1,-1,-1
726,53,256,157,48,149,1,1,-1,-1
726,144,140,193,19,52,1,1,-1,-1
726,145,302,152,48,152,1,1,-1,-1
726,337,90,187,26,73,1,1,-1,-1
727,53,258,154,49,151,1,1,-1,-1
727,144,138,194,20,51,1,1,-1,-1
727,145,302,151,50,156,1,1,-1,-1
727,146,364,-119,320,700,1,1,-1,-1
727,337,89,187,25,72,1,1,-1,-1
728,53,259,152,49,152,1,1,-1,-1
728,144,137,195,20,51,1,1,-1,-1
728,145,303,149,51,160,1,1,-1,-1
728,146,367,-119,320,700,1,1,-1,-1
728,198,122,195,20,52,1,1,-1,-1
729,53,261,150,49,153,1,1,-1,-1
729,144,136,196,20,51,1,1,-1,-1
729,145,303,148,53,164,1,1,-1,-1
729,146,353,-138,333,730,1,1,-1,-1
729,198,120,197,20,52,1,1,-1,-1
729,338,150,53,116,391,1,1,-1,-1
730,53,265,109,54,164,1,1,-1,-1
730,144,135,197,20,51,1,1,-1,-1
730,145,305,152,53,161,1,1,-1,-1
730,146,366,-136,316,695,1,1,-1,-1
730,198,119,199,20,52,1,1,-1,-1
730,338,147,61,115,365,1,1,-1,-1
731,53,263,158,46,151,1,1,-1,-1
731,145,307,155,52,159,1,1,-1,-1
731,146,374,-119,319,702,1,1,-1,-1
731,198,118,202,20,52,1,1,-1,-1
731,338,146,69,116,378,1,1,-1,-1
732,53,264,163,44,149,1,1,-1,-1
732,145,308,158,52,156,1,1,-1,-1
732,146,376,-119,319,702,1,1,-1,-1
732,198,117,205,21,53,1,1,-1,-1
732,338,144,75,126,377,1,1,-1,-1
733,53,247,172,54,140,1,1,-1,-1
733,146,379,-119,318,702,1,1,-1,-1
733,198,116,208,21,54,1,1,-1,-1
733,338,143,82,136,375,1,1,-1,-1
734,53,228,165,51,137,1,1,-1,-1
734,146,381,-119,319,703,1,1,-1,-1
734,198,116,211,21,55,1,1,-1,-1
735,53,227,162,50,140,1,1,-1,-1
736,53,227,158,49,143,1,1,-1,-1
737,53,226,155,48,146,1,1,-1,-1
738,62,104,138,63,189,1,1,-1,-1
739,62,96,134,68,198,1,1,-1,-1
739,339,316,108,105,295,1,1,-1,-1
740,62,87,131,71,212,1,1,-1,-1
740,339,316,108,105,295,1,1,-1,-1
741,62,81,129,77,214,1,1,-1,-1
741,339,316,108,105,295,1,1,-1,-1
742,62,67,119,81,228,1,1,-1,-1
742,252,265,159,47,150,1,1,-1,-1
742,339,316,109,105,295,1,1,-1,-1
743,62,52,109,85,243,1,1,-1,-1
743,252,267,160,47,151,1,1,-1,-1
743,339,315,108,106,296,1,1,-1,-1
744,62,44,99,89,257,1,1,-1,-1
744,199,226,147,50,146,1,1,-1,-1
744,252,268,161,47,151,1,1,-1,-1
744,340,143,80,107,335,1,1,-1,-1
745,62,23,92,104,270,1,1,-1,-1
745,199,229,146,49,145,1,1,-1,-1
745,252,270,162,47,152,1,1,-1,-1
745,253,316,109,106,296,1,1,-1,-1
745,340,145,78,105,325,1,1,-1,-1
746,10,440,-26,257,578,1,1,-1,-1
746,62,10,93,105,287,1,1,-1,-1
746,199,234,148,47,145,1,1,-1,-1
746,252,273,164,48,149,1,1,-1,-1
746,253,316,109,106,296,1,1,-1,-1
746,340,150,79,105,332,1,1,-1,-1
747,10,413,-119,315,708,1,1,-1,-1
747,62,-1,83,108,303,1,1,-1,-1
747,199,238,150,46,144,1,1,-1,-1
747,252,277,166,49,145,1,1,-1,-1
747,253,316,110,107,296,1,1,-1,-1
747,340,156,80,105,339,1,1,-1,-1
748,10,415,-119,315,708,1,1,-1,-1
748,62,-20,75,118,319,1,1,-1,-1
748,199,243,152,44,144,1,1,-1,-1
748,253,316,110,107,296,1,1,-1,-1
748,340,162,82,105,345,1,1,-1,-1
749,10,418,-119,314,709,1,1,-1,-1
749,62,-40,64,121,341,1,1,-1,-1
749,199,249,154,42,143,1,1,-1,-1
749,253,316,110,107,296,1,1,-1,-1
750,10,420,-119,314,709,1,1,-1,-1
750,199,254,153,43,144,1,1,-1,-1
750,253,319,108,107,297,1,1,-1,-1
751,10,423,-119,313,710,1,1,-1,-1
752,1,7,161,53,96,1,1,-1,-1
752,10,425,-119,314,710,1,1,-1,-1
752,341,3,167,34,100,1,1,-1,-1
753,1,17,163,51,95,1,1,-1,-1
753,10,428,-119,313,710,1,1,-1,-1
753,200,105,189,25,66,1,1,-1,-1
753,341,-3,164,31,113,1,1,-1,-1
754,1,27,165,49,95,1,1,-1,-1
754,10,466,-71,270,613,1,1,-1,-1
754,200,107,188,26,67,1,1,-1,-1
754,341,-17,158,43,119,1,1,-1,-1
755,1,33,165,47,95,1,1,-1,-1
755,10,432,-119,313,711,1,1,-1,-1
755,200,111,185,26,69,1,1,-1,-1
755,341,-20,155,43,125,1,1,-1,-1
756,1,56,172,41,85,1,1,-1,-1
756,10,435,-119,312,712,1,1,-1,-1
756,200,110,184,26,69,1,1,-1,-1
756,341,-21,157,47,122,1,1,-1,-1
757,1,40,168,51,94,1,1,-1,-1
757,10,437,-119,312,712,1,1,-1,-1
757,200,109,183,25,69,1,1,-1,-1
757,342,340,99,109,298,1,1,-1,-1
758,1,67,174,38,83,1,1,-1,-1
758,10,440,-119,312,712,1,1,-1,-1
758,200,112,163,30,84,1,1,-1,-1
758,342,343,98,109,298,1,1,-1,-1
759,1,73,175,37,82,1,1,-1,-1
759,10,442,-119,312,713,1,1,-1,-1
759,200,107,180,25,70,1,1,-1,-1
759,342,345,96,110,299,1,1,-1,-1
760,1,79,177,35,80,1,1,-1,-1
760,10,445,-119,311,713,1,1,-1,-1
760,342,348,95,110,299,1,1,-1,-1
760,343,181,191,21,47,1,1,-1,-1
761,1,84,178,34,79,1,1,-1,-1
761,10,433,-74,258,592,1,1,-1,-1
761,254,263,117,49,166,1,1,-1,-1
761,342,352,94,110,299,1,1,-1,-1
761,343,182,191,21,47,1,1,-1,-1
761,344,344,161,44,122,1,1,-1,-1
762,1,86,175,35,83,1,1,-1,-1
762,10,449,-119,311,714,1,1,-1,-1
762,254,273,136,54,164,1,1,-1,-1
762,343,182,190,21,47,1,1,-1,-1
762,344,346,160,43,123,1,1,-1,-1
763,1,80,158,37,86,1,1,-1,-1
763,10,452,-119,310,714,1,1,-1,-1
763,254,294,148,49,136,1,1,-1,-1
763,343,183,190,21,47,1,1,-1,-1
763,344,347,160,42,123,1,1,-1,-1
764,1,86,161,36,90,1,1,-1,-1
764,10,470,-77,265,609,1,1,-1,-1
764,147,155,160,53,124,1,1,-1,-1
764,254,292,145,54,139,1,1,-1,-1
764,255,54,155,40,98,1,1,-1,-1
764,343,183,189,21,47,1,1,-1,-1
764,344,350,159,40,124,1,1,-1,-1
765,1,87,171,28,79,1,1,-1,-1
765,10,457,-119,310,715,1,1,-1,-1
765,147,148,160,54,124,1,1,-1,-1
765,254,313,143,52,166,1,1,-1,-1
765,255,58,159,38,99,1,1,-1,-1
765,344,352,159,39,124,1,1,-1,-1
766,1,86,173,28,81,1,1,-1,-1
766,10,459,-119,310,716,1,1,-1,-1
766,147,141,159,53,125,1,1,-1,-1
766,254,287,142,58,143,1,1,-1,-1
766,255,56,158,39,103,1,1,-1,-1
767,1,82,173,29,83,1,1,-1,-1
767,147,134,159,53,126,1,1,-1,-1
767,255,53,157,40,106,1,1,-1,-1
767,256,219,80,102,302,1,1,-1,-1
768,1,78,172,30,85,1,1,-1,-1
768,147,126,158,52,127,1,1,-1,-1
768,255,51,156,41,110,1,1,-1,-1
768,256,222,76,94,302,1,1,-1,-1
769,1,75,171,31,87,1,1,-1,-1
769,147,120,157,51,128,1,1,-1,-1
769,201,331,186,18,64,1,1,-1,-1
769,255,49,155,42,113,1,1,-1,-1
769,256,219,78,96,303,1,1,-1,-1
770,1,91,166,29,97,1,1,-1,-1
770,147,107,154,52,132,1,1,-1,-1
770,201,325,184,26,61,1,1,-1,-1
770,256,216,80,99,304,1,1,-1,-1
771,1,91,167,29,97,1,1,-1,-1
771,147,95,153,53,135,1,1,-1,-1
771,201,323,183,22,62,1,1,-1,-1
771,202,351,164,37,118,1,1,-1,-1
771,256,214,82,101,305,1,1,-1,-1
771,345,275,146,56,139,1,1,-1,-1
772,1,91,169,28,91,1,1,-1,-1
772,117,181,184,21,47,1,1,-1,-1
772,201,319,182,24,62,1,1,-1,-1
772,202,350,165,37,117,1,1,-1,-1
772,256,212,85,104,299,1,1,-1,-1
772,345,275,145,56,139,1,1,-1,-1
773,1,88,168,28,93,1,1,-1,-1
773,117,178,182,21,47,1,1,-1,-1
773,201,315,182,26,61,1,1,-1,-1
773,202,350,165,37,117,1,1,-1,-1
773,345,271,143,56,139,1,1,-1,-1
774,1,85,167,28,94,1,1,-1,-1
774,117,178,184,21,47,1,1,-1,-1
774,201,315,182,27,60,1,1,-1,-1
774,202,349,165,37,117,1,1,-1,-1
774,345,271,145,56,139,1,1,-1,-1
775,1,81,167,28,95,1,1,-1,-1
775,87,46,169,24,92,1,1,-1,-1
775,117,179,186,21,47,1,1,-1,-1
775,201,316,182,27,59,1,1,-1,-1
775,202,348,166,37,117,1,1,-1,-1
775,345,272,147,55,139,1,1,-1,-1
776,1,78,165,28,97,1,1,-1,-1
776,87,41,169,22,93,1,1,-1,-1
776,117,179,188,21,47,1,1,-1,-1
776,202,348,167,36,116,1,1,-1,-1
777,1,58,155,45,116,1,1,-1,-1
777,87,37,168,21,94,1,1,-1,-1
777,117,180,190,21,47,1,1,-1,-1
777,118,405,25,218,418,1,1,-1,-1
777,202,347,167,36,116,1,1,-1,-1
778,1,61,156,45,116,1,1,-1,-1
778,18,214,129,57,186,1,1,-1,-1
778,87,35,169,23,94,1,1,-1,-1
778,117,184,191,21,47,1,1,-1,-1
778,118,396,25,208,425,1,1,-1,-1
779,1,69,166,32,100,1,1,-1,-1
779,18,213,130,57,190,1,1,-1,-1
779,87,33,169,25,95,1,1,-1,-1
779,117,188,193,21,47,1,1,-1,-1
779,118,389,23,197,433,1,1,-1,-1
779,203,351,105,93,274,1,1,-1,-1
779,346,346,167,36,116,1,1,-1,-1
780,1,67,168,33,100,1,1,-1,-1
780,18,212,131,56,194,1,1,-1,-1
780,87,31,170,27,95,1,1,-1,-1
780,117,192,195,21,47,1,1,-1,-1
780,118,381,23,187,440,1,1,-1,-1
780,203,357,105,90,269,1,1,-1,-1
780,204,129,127,62,191,1,1,-1,-1
780,346,345,168,36,115,1,1,-1,-1
781,1,64,169,35,101,1,1,-1,-1
781,18,212,132,55,198,1,1,-1,-1
781,87,29,172,29,95,1,1,-1,-1
781,118,373,22,176,447,1,1,-1,-1
781,203,363,106,88,264,1,1,-1,-1
781,204,127,124,63,197,1,1,-1,-1
781,346,345,168,36,115,1,1,-1,-1
781,347,489,-119,310,720,1,1,-1,-1
782,1,61,169,37,102,1,1,-1,-1
782,18,206,128,59,207,1,1,-1,-1
782,87,27,173,30,95,1,1,-1,-1
782,118,367,21,175,450,1,1,-1,-1
782,203,383,128,84,249,1,1,-1,-1
782,204,116,121,70,207,1,1,-1,-1
782,346,345,169,37,115,1,1,-1,-1
782,347,490,-119,309,720,1,1,-1,-1
782,348,327,186,20,65,1,1,-1,-1
783,1,58,170,39,103,1,1,-1,-1
783,18,199,123,63,217,1,1,-1,-1
783,87,25,173,32,96,1,1,-1,-1
783,118,360,20,175,453,1,1,-1,-1
783,203,362,105,90,266,1,1,-1,-1
783,204,105,118,78,217,1,1,-1,-1
783,346,344,168,38,116,1,1,-1,-1
783,347,490,-119,309,720,1,1,-1,-1
783,348,328,187,21,64,1,1,-1,-1
784,1,55,171,40,103,1,1,-1,-1
784,18,193,118,67,226,1,1,-1,-1
784,87,23,174,34,96,1,1,-1,-1
784,118,354,19,174,455,1,1,-1,-1
784,203,362,105,90,266,1,1,-1,-1
784,204,83,110,85,226,1,1,-1,-1
784,347,491,-119,308,720,1,1,-1,-1
784,348,327,188,23,63,1,1,-1,-1
785,1,52,172,42,104,1,1,-1,-1
785,18,186,114,71,235,1,1,-1,-1
785,118,346,16,180,472,1,1,-1,-1
785,203,362,105,90,266,1,1,-1,-1
785,204,84,113,92,236,1,1,-1,-1
785,347,492,-118,307,719,1,1,-1,-1
785,348,327,190,25,62,1,1,-1,-1
786,1,45,173,40,105,1,1,-1,-1
786,15,464,42,139,412,1,1,-1,-1
786,18,213,126,88,261,1,1,-1,-1
786,204,70,109,93,248,1,1,-1,-1
786,348,320,189,26,62,1,1,-1,-1
787,1,39,174,38,106,1,1,-1,-1
787,15,433,11,138,438,1,1,-1,-1
787,18,213,69,84,259,1,1,-1,-1
787,257,333,30,204,434,1,1,-1,-1
788,1,33,174,36,107,1,1,-1,-1
788,15,328,35,192,444,1,1,-1,-1
788,18,249,115,79,254,1,1,-1,-1
788,257,455,38,121,411,1,1,-1,-1
788,349,494,-118,305,719,1,1,-1,-1
789,15,322,42,186,439,1,1,-1,-1
789,18,246,115,76,245,1,1,-1,-1
789,257,450,35,112,411,1,1,-1,-1
789,349,495,-118,304,719,1,1,-1,-1
790,15,319,45,190,427,1,1,-1,-1
790,18,234,96,84,266,1,1,-1,-1
790,257,444,37,113,412,1,1,-1,-1
790,349,496,-117,303,718,1,1,-1,-1
791,15,315,47,187,435,1,1,-1,-1
791,18,241,115,77,243,1,1,-1,-1
791,257,438,39,114,413,1,1,-1,-1
791,349,496,-117,303,718,1,1,-1,-1
792,15,312,50,189,436,1,1,-1,-1
792,18,239,116,77,241,1,1,-1,-1
792,257,436,0,140,507,1,1,-1,-1
792,349,497,-117,302,718,1,1,-1,-1
793,15,427,43,115,415,1,1,-1,-1
793,18,237,116,77,240,1,1,-1,-1
793,148,142,183,45,92,1,1,-1,-1
793,258,234,199,24,75,1,1,-1,-1
793,350,343,107,90,266,1,1,-1,-1
794,15,424,42,117,415,1,1,-1,-1
794,18,233,84,84,261,1,1,-1,-1
794,148,135,181,43,94,1,1,-1,-1
794,258,230,197,23,75,1,1,-1,-1
794,350,340,107,90,266,1,1,-1,-1
795,15,421,40,119,415,1,1,-1,-1
795,18,233,117,77,238,1,1,-1,-1
795,148,128,179,42,96,1,1,-1,-1
795,258,226,196,22,74,1,1,-1,-1
795,350,337,108,90,266,1,1,-1,-1
796,15,304,50,202,376,1,1,-1,-1
796,148,121,177,40,98,1,1,-1,-1
796,258,223,194,21,74,1,1,-1,-1
796,350,333,108,90,266,1,1,-1,-1
796,351,500,-116,300,717,1,1,-1,-1
797,15,280,58,215,405,1,1,-1,-1
797,148,115,175,38,100,1,1,-1,-1
797,258,219,193,20,73,1,1,-1,-1
797,350,330,108,90,266,1,1,-1,-1
797,351,501,-116,299,717,1,1,-1,-1
798,3,65,158,35,125,1,1,-1,-1
798,15,279,63,206,405,1,1,-1,-1
798,148,109,173,38,104,1,1,-1,-1
798,258,215,191,22,76,1,1,-1,-1
798,351,502,-116,298,717,1,1,-1,-1
799,3,61,157,37,129,1,1,-1,-1
799,15,279,60,206,406,1,1,-1,-1
799,148,104,170,37,109,1,1,-1,-1
799,205,162,178,34,105,1,1,-1,-1
799,351,502,-116,298,717,1,1,-1,-1
800,3,57,156,38,132,1,1,-1,-1
800,15,285,55,197,397,1,1,-1,-1
800,148,98,167,37,113,1,1,-1,-1
800,205,159,176,34,107,1,1,-1,-1
800,259,208,187,26,81,1,1,-1,-1
800,351,490,-181,340,822,1,1,-1,-1
801,3,54,155,39,135,1,1,-1,-1
801,15,287,52,190,385,1,1,-1,-1
801,149,21,145,46,150,1,1,-1,-1
801,205,157,175,33,108,1,1,-1,-1
801,259,205,185,28,84,1,1,-1,-1
802,3,74,154,31,110,1,1,-1,-1
802,15,283,52,203,389,1,1,-1,-1
802,149,20,144,48,152,1,1,-1,-1
802,205,158,176,34,109,1,1,-1,-1
802,259,205,186,29,84,1,1,-1,-1
803,3,85,164,41,120,1,1,-1,-1
803,15,276,58,216,389,1,1,-1,-1
803,149,20,143,50,154,1,1,-1,-1
803,205,158,177,36,111,1,1,-1,-1
803,259,205,186,30,84,1,1,-1,-1
804,3,82,164,43,121,1,1,-1,-1
804,15,279,60,215,401,1,1,-1,-1
804,25,423,40,116,410,1,1,-1,-1
804,149,21,143,51,155,1,1,-1,-1
804,205,160,178,37,112,1,1,-1,-1
804,259,193,181,32,97,1,1,-1,-1
805,3,79,164,45,122,1,1,-1,-1
805,25,429,42,112,420,1,1,-1,-1
805,149,21,142,53,157,1,1,-1,-1
805,205,161,179,38,113,1,1,-1,-1
805,259,184,181,28,85,1,1,-1,-1
806,3,66,158,38,134,1,1,-1,-1
806,25,314,55,208,423,1,1,-1,-1
806,31,212,187,30,86,1,1,-1,-1
806,149,30,142,50,158,1,1,-1,-1
806,150,347,123,89,262,1,1,-1,-1
807,3,70,161,45,128,1,1,-1,-1
807,25,328,51,215,424,1,1,-1,-1
807,31,219,186,29,88,1,1,-1,-1
807,149,29,125,45,152,1,1,-1,-1
807,150,362,105,90,266,1,1,-1,-1
807,352,194,180,28,89,1,1,-1,-1
808,3,66,159,45,131,1,1,-1,-1
808,25,317,47,236,408,1,1,-1,-1
808,31,220,182,29,90,1,1,-1,-1
808,149,48,143,44,159,1,1,-1,-1
808,150,364,104,90,266,1,1,-1,-1
808,352,202,179,27,91,1,1,-1,-1
809,3,57,144,41,159,1,1,-1,-1
809,25,332,48,238,395,1,1,-1,-1
809,31,232,186,27,91,1,1,-1,-1
809,150,366,104,90,266,1,1,-1,-1
809,352,208,179,27,93,1,1,-1,-1
810,3,74,145,36,133,1,1,-1,-1
810,25,342,46,235,403,1,1,-1,-1
810,31,236,186,31,93,1,1,-1,-1
810,150,368,104,90,266,1,1,-1,-1
810,352,203,168,26,91,1,1,-1,-1
811,3,53,154,45,140,1,1,-1,-1
811,25,356,43,240,414,1,1,-1,-1
811,31,238,181,34,96,1,1,-1,-1
811,150,402,122,103,305,1,1,-1,-1
811,352,214,179,27,96,1,1,-1,-1
812,3,66,145,49,161,1,1,-1,-1
812,25,357,42,245,421,1,1,-1,-1
812,31,236,182,35,96,1,1,-1,-1
812,150,405,107,165,283,1,1,-1,-1
813,3,44,151,45,145,1,1,-1,-1
813,25,368,40,248,430,1,1,-1,-1
813,31,237,180,38,98,1,1,-1,-1
813,74,362,185,37,102,1,1,-1,-1
813,119,69,145,52,162,1,1,-1,-1
813,150,419,122,157,272,1,1,-1,-1
813,206,219,180,27,98,1,1,-1,-1
814,3,39,149,45,148,1,1,-1,-1
814,25,514,30,142,451,1,1,-1,-1
814,31,236,179,37,101,1,1,-1,-1
814,74,364,183,36,102,1,1,-1,-1
814,119,77,136,55,181,1,1,-1,-1
814,206,217,177,29,99,1,1,-1,-1
815,3,35,148,45,151,1,1,-1,-1
815,25,489,5,154,485,1,1,-1,-1
815,31,235,178,37,104,1,1,-1,-1
815,74,367,181,35,102,1,1,-1,-1
815,119,60,140,54,170,1,1,-1,-1
815,206,215,174,30,100,1,1,-1,-1
816,3,30,146,45,154,1,1,-1,-1
816,25,523,18,146,461,1,1,-1,-1
816,31,234,176,36,107,1,1,-1,-1
816,74,369,178,34,102,1,1,-1,-1
816,119,81,97,58,189,1,1,-1,-1
816,206,214,173,32,100,1,1,-1,-1
817,3,26,144,45,157,1,1,-1,-1
817,25,528,11,146,455,1,1,-1,-1
817,31,234,175,35,110,1,1,-1,-1
817,74,372,176,33,102,1,1,-1,-1
817,119,91,147,47,152,1,1,-1,-1
817,206,211,168,33,101,1,1,-1,-1
818,3,45,134,57,180,1,1,-1,-1
818,25,533,8,151,448,1,1,-1,-1
818,31,229,173,36,114,1,1,-1,-1
818,74,369,176,36,108,1,1,-1,-1
818,119,87,146,47,155,1,1,-1,-1
818,206,207,168,34,101,1,1,-1,-1
819,3,40,132,57,182,1,1,-1,-1
819,25,543,83,123,386,1,1,-1,-1
819,31,226,172,36,118,1,1,-1,-1
819,74,366,176,39,114,1,1,-1,-1
819,119,83,146,47,158,1,1,-1,-1
819,206,209,169,34,102,1,1,-1,-1
819,260,314,129,74,214,1,1,-1,-1
820,3,34,131,58,184,1,1,-1,-1
820,25,552,73,115,329,1,1,-1,-1
820,31,222,170,37,122,1,1,-1,-1
820,74,364,177,41,119,1,1,-1,-1
820,119,79,145,46,161,1,1,-1,-1
820,151,383,104,92,269,1,1,-1,-1
820,260,313,130,74,214,1,1,-1,-1
821,3,29,129,58,186,1,1,-1,-1
821,26,197,168,35,102,1,1,-1,-1
821,31,218,168,37,126,1,1,-1,-1
821,74,361,177,44,125,1,1,-1,-1
821,88,147,149,57,186,1,1,-1,-1
821,119,75,144,46,164,1,1,-1,-1
821,151,383,104,93,271,1,1,-1,-1
821,260,312,131,74,214,1,1,-1,-1
822,3,22,126,58,193,1,1,-1,-1
822,26,189,167,37,108,1,1,-1,-1
822,74,359,175,43,122,1,1,-1,-1
822,88,134,145,63,194,1,1,-1,-1
822,151,369,118,94,270,1,1,-1,-1
822,260,311,132,74,214,1,1,-1,-1
823,3,16,124,57,199,1,1,-1,-1
823,26,184,172,39,113,1,1,-1,-1
823,74,362,178,39,122,1,1,-1,-1
823,88,121,142,69,202,1,1,-1,-1
823,151,382,105,94,272,1,1,-1,-1
823,152,242,182,40,118,1,1,-1,-1
823,260,299,133,92,265,1,1,-1,-1
824,3,9,120,57,206,1,1,-1,-1
824,26,200,162,41,141,1,1,-1,-1
824,88,108,139,74,209,1,1,-1,-1
824,151,381,105,96,274,1,1,-1,-1
824,152,238,183,41,120,1,1,-1,-1
824,260,310,135,74,213,1,1,-1,-1
825,3,0,118,59,211,1,1,-1,-1
825,26,194,160,42,146,1,1,-1,-1
825,88,95,135,80,217,1,1,-1,-1
825,151,381,105,96,275,1,1,-1,-1
825,152,235,182,41,123,1,1,-1,-1
826,26,184,156,44,153,1,1,-1,-1
826,88,84,129,83,230,1,1,-1,-1
826,151,380,105,97,276,1,1,-1,-1
826,152,230,180,41,128,1,1,-1,-1
826,261,41,140,53,177,1,1,-1,-1
827,26,187,176,39,136,1,1,-1,-1
827,88,96,137,72,205,1,1,-1,-1
827,151,380,106,98,277,1,1,-1,-1
827,152,236,164,43,141,1,1,-1,-1
827,261,35,136,55,183,1,1,-1,-1
828,26,165,149,48,166,1,1,-1,-1
828,88,73,110,86,249,1,1,-1,-1
828,120,273,86,81,233,1,1,-1,-1
828,152,220,177,41,137,1,1,-1,-1
828,261,28,134,56,188,1,1,-1,-1
829,26,152,147,57,192,1,1,-1,-1
829,88,53,111,90,267,1,1,-1,-1
829,120,299,104,98,284,1,1,-1,-1
829,121,379,106,99,279,1,1,-1,-1
829,152,215,175,41,142,1,1,-1,-1
829,261,22,131,58,193,1,1,-1,-1
829,262,288,171,39,103,1,1,-1,-1
830,26,146,142,53,179,1,1,-1,-1
830,88,41,103,91,281,1,1,-1,-1
830,120,313,147,78,229,1,1,-1,-1
830,121,378,106,100,280,1,1,-1,-1
830,152,207,172,43,148,1,1,-1,-1
830,261,19,129,56,197,1,1,-1,-1
830,262,290,176,40,102,1,1,-1,-1
831,26,136,138,55,186,1,1,-1,-1
831,120,312,134,71,209,1,1,-1,-1
831,121,378,106,101,282,1,1,-1,-1
831,261,7,124,63,201,1,1,-1,-1
831,262,286,174,41,102,1,1,-1,-1
832,26,127,135,57,192,1,1,-1,-1
832,120,311,133,71,209,1,1,-1,-1
832,121,377,107,102,282,1,1,-1,-1
832,262,281,167,38,103,1,1,-1,-1
833,26,117,131,59,199,1,1,-1,-1
833,120,310,132,71,209,1,1,-1,-1
833,121,377,107,102,283,1,1,-1,-1
833,262,275,169,39,102,1,1,-1,-1
833,353,183,160,50,167,1,1,-1,-1
834,26,123,126,55,169,1,1,-1,-1
834,120,314,130,72,209,1,1,-1,-1
834,121,376,107,104,285,1,1,-1,-1
834,262,272,169,43,101,1,1,-1,-1
834,353,177,156,53,179,1,1,-1,-1
835,26,110,161,63,198,1,1,-1,-1
835,120,319,129,72,208,1,1,-1,-1
835,121,376,107,104,286,1,1,-1,-1
835,353,165,155,54,190,1,1,-1,-1
836,26,84,118,78,240,1,1,-1,-1
836,120,324,128,72,207,1,1,-1,-1
836,121,398,86,99,271,1,1,-1,-1
836,353,162,150,58,201,1,1,-1,-1
837,26,74,114,84,253,1,1,-1,-1
837,121,375,108,106,288,1,1,-1,-1
837,353,160,145,61,213,1,1,-1,-1
