1,28,197.00,626.00,73.00,95.00,1,1,-1,-1
1,27,666.00,509.00,74.00,109.00,1,10,-1,-1
1,26,1161.00,409.00,120.00,133.00,1,10,-1,-1
1,25,724.00,199.00,11.00,40.00,1,1,-1,-1
1,24,654.00,228.00,38.00,43.00,1,10,-1,-1
1,23,603.00,423.00,121.00,159.00,1,10,-1,-1
1,22,682.00,242.00,41.00,47.00,1,10,-1,-1
1,21,700.00,286.00,47.00,144.00,1,1,-1,-1
1,20,1202.00,373.00,47.00,90.00,1,2,-1,-1
1,19,1189.00,361.00,85.00,119.00,1,2,-1,-1
1,18,1176.00,388.00,110.00,122.00,1,10,-1,-1
1,17,1093.00,236.00,41.00,97.00,1,1,-1,-1
1,16,1063.00,228.00,42.00,104.00,1,1,-1,-1
1,15,837.00,320.00,28.00,58.00,1,1,-1,-1
1,14,829.00,272.00,41.00,105.00,1,1,-1,-1
1,13,822.00,300.00,33.00,80.00,1,2,-1,-1
1,12,764.00,284.00,43.00,114.00,1,1,-1,-1
1,11,739.00,148.00,19.00,59.00,1,1,-1,-1
1,10,722.00,162.00,18.00,40.00,1,1,-1,-1
1,9,697.00,288.00,43.00,132.00,1,1,-1,-1
1,8,677.00,151.00,17.00,60.00,1,1,-1,-1
1,7,631.00,475.00,122.00,181.00,1,10,-1,-1
1,6,625.00,417.00,91.00,120.00,1,10,-1,-1
1,5,588.00,190.00,26.00,47.00,1,1,-1,-1
1,4,377.00,553.00,49.00,90.00,1,1,-1,-1
1,3,371.00,565.00,47.00,65.00,1,2,-1,-1
1,2,238.00,648.00,82.00,107.00,1,1,-1,-1
2,37,1209.00,388.00,37.00,71.00,1,2,-1,-1
2,36,1173.00,351.00,56.00,108.00,1,2,-1,-1
2,35,841.00,334.00,29.00,60.00,1,1,-1,-1
2,34,600.00,211.00,29.00,53.00,1,1,-1,-1
2,33,1208.00,379.00,50.00,96.00,1,2,-1,-1
2,32,655.00,267.00,27.00,30.00,1,10,-1,-1
2,31,660.00,236.00,43.00,49.00,1,10,-1,-1
2,30,569.00,184.00,24.00,27.00,1,2,-1,-1
2,29,364.00,579.00,47.00,63.00,1,2,-1,-1
2,24,647.71,242.58,41.58,57.83,1,10,-1,-1
2,21,698.23,290.31,45.54,136.38,1,1,-1,-1
2,20,1201.00,376.00,47.00,90.00,1,2,-1,-1
2,19,1189.05,364.93,83.90,117.14,1,2,-1,-1
2,18,1175.77,390.25,109.45,122.49,1,10,-1,-1
2,17,1099.07,240.84,41.86,98.32,1,1,-1,-1
2,16,1068.07,232.83,42.86,105.35,1,1,-1,-1
2,15,840.94,329.12,28.11,58.76,1,1,-1,-1
2,14,831.03,277.93,41.95,107.13,1,1,-1,-1
2,13,821.80,303.32,38.40,84.37,1,2,-1,-1
2,11,740.00,149.00,19.00,59.00,1,1,-1,-1
2,10,723.00,163.00,18.00,40.00,1,1,-1,-1
2,9,680.23,311.32,40.55,121.36,1,1,-1,-1
2,8,677.00,153.00,17.00,60.00,1,1,-1,-1
2,6,623.97,428.04,93.06,122.91,1,10,-1,-1
2,4,378.13,566.76,48.74,88.47,1,1,-1,-1
2,3,379.58,564.40,41.84,66.19,1,2,-1,-1
2,2,227.86,665.92,78.27,91.16,1,1,-1,-1
3,44,675.00,234.00,22.00,38.00,1,2,-1,-1
3,43,785.00,313.00,32.00,92.00,1,1,-1,-1
3,42,712.00,148.00,16.00,52.00,1,1,-1,-1
3,41,1112.00,236.00,45.00,106.00,1,1,-1,-1
3,40,693.00,279.00,63.00,177.00,1,1,-1,-1
3,39,802.00,150.00,32.00,76.00,1,1,-1,-1
3,38,808.00,168.00,32.00,77.00,1,1,-1,-1
3,31,660.10,239.88,42.79,48.24,1,10,-1,-1
3,30,569.00,185.00,24.00,27.00,1,2,-1,-1
3,29,358.09,592.88,46.82,62.24,1,2,-1,-1
3,26,1176.64,419.40,88.72,100.20,1,10,-1,-1
3,24,647.86,245.44,40.75,61.30,1,10,-1,-1
3,22,671.10,234.89,40.80,46.22,1,10,-1,-1
3,21,698.54,297.16,47.45,138.73,1,1,-1,-1
3,20,1200.00,379.94,47.00,90.00,1,2,-1,-1
3,19,1189.18,368.87,83.58,116.20,1,2,-1,-1
3,18,1175.73,392.36,109.47,123.28,1,10,-1,-1
3,17,1105.91,245.96,42.13,99.08,1,1,-1,-1
3,15,844.89,339.17,28.22,59.54,1,1,-1,-1
3,14,834.04,284.66,42.81,108.63,1,1,-1,-1
3,13,821.49,307.27,44.01,88.41,1,2,-1,-1
3,12,767.52,299.37,41.96,117.26,1,1,-1,-1
3,11,741.00,150.94,19.00,59.00,1,1,-1,-1
3,8,677.17,154.61,17.61,60.78,1,1,-1,-1
3,6,622.86,439.25,95.29,126.43,1,10,-1,-1
3,5,586.11,191.80,26.77,47.40,1,1,-1,-1
3,4,370.95,582.24,49.11,87.28,1,1,-1,-1
3,2,218.90,684.42,74.09,74.17,1,1,-1,-1
4,24,648.31,248.36,39.98,62.80,1,10,-1,-1
4,21,699.56,304.89,49.37,141.36,1,1,-1,-1
4,20,1199.85,383.95,47.00,90.00,1,2,-1,-1
4,19,1189.28,372.79,83.40,115.37,1,2,-1,-1
4,18,1175.69,394.43,109.58,124.13,1,10,-1,-1
4,17,1112.84,251.10,42.27,99.80,1,1,-1,-1
4,15,848.80,348.61,28.40,60.85,1,1,-1,-1
4,14,837.08,292.51,43.75,110.49,1,1,-1,-1
4,13,823.35,315.89,46.15,89.11,1,2,-1,-1
4,11,741.97,152.27,19.06,59.52,1,1,-1,-1
4,8,677.98,156.57,17.84,60.87,1,1,-1,-1
4,4,363.06,598.76,49.64,86.00,1,1,-1,-1
4,2,209.51,703.65,69.20,55.70,1,1,-1,-1
5,29,345.24,620.56,46.31,59.78,1,2,-1,-1
5,24,648.71,251.57,39.28,63.16,1,10,-1,-1
5,21,699.99,311.85,51.81,144.83,1,1,-1,-1
5,20,1199.06,387.19,47.00,90.00,1,2,-1,-1
5,19,1189.34,376.71,83.28,114.54,1,2,-1,-1
5,15,851.46,339.49,43.58,97.56,1,1,-1,-1
5,14,840.11,301.31,44.72,112.44,1,1,-1,-1
5,13,826.45,326.20,46.72,89.02,1,2,-1,-1
5,11,743.12,153.80,19.54,60.27,1,1,-1,-1
5,8,678.13,158.76,17.99,61.27,1,1,-1,-1
5,4,355.94,615.48,50.26,84.58,1,1,-1,-1
5,2,201.53,723.86,62.76,35.28,1,1,-1,-1
6,38,813.91,177.30,32.19,78.35,1,1,-1,-1
6,24,649.15,255.10,39.21,63.60,1,10,-1,-1
6,21,700.82,319.41,54.01,147.61,1,1,-1,-1
6,20,1198.11,390.96,47.00,90.00,1,2,-1,-1
6,19,1189.28,381.32,82.67,113.08,1,2,-1,-1
6,14,843.15,310.17,45.64,114.00,1,1,-1,-1
6,13,830.14,336.13,47.09,89.53,1,2,-1,-1
6,11,743.35,155.07,19.83,60.97,1,1,-1,-1
6,10,728.39,167.74,18.00,40.00,1,1,-1,-1
6,8,678.11,160.96,18.10,61.84,1,1,-1,-1
6,4,348.59,635.53,51.02,85.44,1,1,-1,-1
7,47,638.61,573.85,123.44,161.05,1,10,-1,-1
7,38,815.74,180.44,31.74,78.30,1,1,-1,-1
7,30,566.99,192.13,24.05,28.59,1,2,-1,-1
7,24,649.35,258.87,39.10,63.80,1,10,-1,-1
7,21,701.78,327.22,56.09,150.04,1,1,-1,-1
7,20,1197.82,394.90,47.00,90.00,1,2,-1,-1
7,19,1189.34,385.54,82.31,111.88,1,2,-1,-1
7,14,846.18,319.24,46.61,115.74,1,1,-1,-1
7,13,837.14,355.58,45.37,86.60,1,2,-1,-1
7,11,743.35,156.78,19.98,61.31,1,1,-1,-1
7,8,678.06,163.12,18.18,62.53,1,1,-1,-1
7,6,618.89,485.38,104.31,139.20,1,10,-1,-1
7,4,341.91,656.48,51.82,87.82,1,1,-1,-1
8,47,637.28,588.02,124.88,156.69,1,10,-1,-1
8,38,817.73,183.59,31.53,78.78,1,1,-1,-1
8,31,661.23,257.78,42.74,47.43,1,10,-1,-1
8,24,649.46,262.76,38.99,63.90,1,10,-1,-1
8,21,702.43,336.24,57.42,152.17,1,1,-1,-1
8,19,1189.41,389.62,82.10,110.81,1,2,-1,-1
8,18,1177.90,414.42,107.92,123.36,1,10,-1,-1
8,17,1140.32,271.64,42.91,102.37,1,1,-1,-1
8,14,849.21,328.19,47.55,117.19,1,1,-1,-1
8,13,839.28,360.61,45.77,88.21,1,2,-1,-1
8,12,777.09,329.47,43.48,129.50,1,1,-1,-1
8,11,743.99,158.67,20.07,61.47,1,1,-1,-1
8,8,678.03,165.09,18.21,62.93,1,1,-1,-1
8,6,618.03,496.42,106.73,142.50,1,10,-1,-1
8,4,336.90,675.63,51.79,83.60,1,1,-1,-1
9,56,1110.73,273.05,48.29,114.77,1,1,-1,-1
9,47,636.28,602.70,126.50,151.95,1,10,-1,-1
9,38,819.19,185.84,31.82,79.80,1,1,-1,-1
9,29,312.60,697.94,45.48,54.46,1,2,-1,-1
9,24,649.70,267.33,39.24,64.05,1,10,-1,-1
9,21,703.09,345.62,58.29,154.28,1,1,-1,-1
9,19,1189.47,393.63,81.96,109.80,1,2,-1,-1
9,18,1178.73,421.17,107.28,121.98,1,10,-1,-1
9,17,1150.46,280.61,43.15,103.33,1,1,-1,-1
9,14,852.39,337.19,48.88,119.03,1,1,-1,-1
9,13,842.39,368.35,45.67,89.69,1,2,-1,-1
9,12,775.14,336.81,42.62,126.62,1,1,-1,-1
9,11,744.18,160.64,20.11,61.53,1,1,-1,-1
9,8,678.01,167.02,18.22,63.17,1,1,-1,-1
9,6,617.03,508.09,108.97,145.62,1,10,-1,-1
9,5,584.79,204.41,27.79,49.41,1,1,-1,-1
10,56,1118.02,280.73,48.96,116.22,1,1,-1,-1
10,47,635.92,621.30,125.69,138.88,1,10,-1,-1
10,24,649.74,271.69,39.42,64.44,1,10,-1,-1
10,21,703.99,355.48,59.18,156.32,1,1,-1,-1
10,19,1189.55,398.14,81.82,108.46,1,2,-1,-1
10,18,1179.83,428.05,106.80,120.40,1,10,-1,-1
10,17,1155.43,305.09,38.71,93.31,1,1,-1,-1
10,14,855.42,346.11,50.07,120.51,1,1,-1,-1
10,13,847.49,382.62,50.97,101.75,1,2,-1,-1
10,12,781.30,347.98,44.16,130.46,1,1,-1,-1
10,11,744.38,162.53,20.48,61.76,1,1,-1,-1
10,10,732.07,177.78,18.00,40.00,1,1,-1,-1
10,8,677.99,168.96,18.21,63.31,1,1,-1,-1
10,6,615.98,519.49,111.15,148.99,1,10,-1,-1
10,5,585.34,205.73,27.69,50.06,1,1,-1,-1
11,68,879.02,415.08,27.80,69.68,1,2,-1,-1
11,56,1125.84,288.13,49.85,118.42,1,1,-1,-1
11,47,636.60,642.92,123.79,120.34,1,10,-1,-1
11,30,567.21,199.36,23.62,30.49,1,2,-1,-1
11,24,649.72,276.61,39.56,65.00,1,10,-1,-1
11,21,704.14,366.42,58.40,157.19,1,1,-1,-1
11,20,1195.73,409.21,47.00,90.00,1,2,-1,-1
11,18,1180.10,433.35,106.19,119.30,1,10,-1,-1
11,17,1168.96,304.08,40.64,97.70,1,1,-1,-1
11,14,858.90,355.28,50.88,121.98,1,1,-1,-1
11,13,849.56,386.88,48.90,99.96,1,2,-1,-1
11,12,785.46,358.30,45.50,133.66,1,1,-1,-1
11,11,744.88,164.59,20.39,61.68,1,1,-1,-1
11,10,733.05,180.58,18.00,40.00,1,1,-1,-1
11,8,677.98,170.91,18.20,63.39,1,1,-1,-1
11,6,615.11,531.21,113.57,152.28,1,10,-1,-1
11,5,586.41,207.32,27.94,50.61,1,1,-1,-1
12,68,883.59,424.49,27.65,70.29,1,2,-1,-1
12,56,1133.13,295.21,50.78,120.58,1,1,-1,-1
12,47,637.80,666.43,121.24,98.20,1,10,-1,-1
12,31,663.15,273.85,42.77,46.99,1,10,-1,-1
12,30,566.18,201.18,23.51,30.71,1,2,-1,-1
12,24,649.71,281.53,39.62,65.35,1,10,-1,-1
12,20,1195.72,412.96,47.00,90.00,1,2,-1,-1
12,18,1180.76,437.99,105.49,118.52,1,10,-1,-1
12,17,1180.12,308.16,41.89,100.48,1,1,-1,-1
12,14,862.10,364.44,51.75,123.62,1,1,-1,-1
12,13,853.18,395.19,47.45,98.99,1,2,-1,-1
12,11,745.23,166.55,20.65,61.77,1,1,-1,-1
12,10,734.04,182.87,18.00,40.00,1,1,-1,-1
12,8,678.65,172.88,18.19,63.43,1,1,-1,-1
12,6,614.24,545.93,115.55,153.11,1,10,-1,-1
12,5,586.94,209.20,28.45,51.40,1,1,-1,-1
13,47,638.69,691.30,118.06,73.41,1,10,-1,-1
13,38,826.65,197.59,31.65,82.68,1,1,-1,-1
13,31,663.90,277.88,42.80,46.95,1,10,-1,-1
13,30,564.48,203.07,23.43,30.87,1,2,-1,-1
13,24,649.69,286.65,39.67,65.89,1,10,-1,-1
13,20,1195.74,416.87,47.00,90.00,1,2,-1,-1
13,18,1181.41,442.36,104.39,117.90,1,10,-1,-1
13,17,1190.44,313.84,42.73,102.62,1,1,-1,-1
13,14,865.20,373.41,52.65,125.05,1,1,-1,-1
13,11,745.30,168.55,20.82,61.79,1,1,-1,-1
13,10,735.04,185.65,18.00,40.00,1,1,-1,-1
13,6,613.56,562.12,117.67,152.31,1,10,-1,-1
14,38,828.67,200.48,31.52,83.17,1,1,-1,-1
14,31,664.82,281.91,42.82,46.92,1,10,-1,-1
14,30,563.22,205.68,23.36,30.97,1,2,-1,-1
14,24,649.67,291.81,39.71,66.55,1,10,-1,-1
14,20,1195.76,420.19,47.00,90.00,1,2,-1,-1
14,19,1190.37,414.46,83.37,111.01,1,2,-1,-1
14,18,1181.81,446.56,103.65,117.51,1,10,-1,-1
14,14,868.42,382.46,53.89,126.75,1,1,-1,-1
14,11,745.93,170.73,20.96,62.10,1,1,-1,-1
14,10,736.03,188.60,18.00,40.00,1,1,-1,-1
14,6,613.37,579.12,119.62,150.34,1,10,-1,-1
15,38,830.70,203.52,31.44,83.83,1,1,-1,-1
15,31,665.15,285.94,42.83,46.90,1,10,-1,-1
15,30,563.42,207.40,23.35,31.35,1,2,-1,-1
15,24,649.15,296.44,40.07,67.68,1,10,-1,-1
15,21,704.00,411.61,56.79,163.00,1,1,-1,-1
15,20,1196.45,423.95,47.00,90.00,1,2,-1,-1
15,19,1190.86,418.55,83.06,110.17,1,2,-1,-1
15,18,1182.37,450.70,102.52,117.17,1,10,-1,-1
15,14,871.47,391.38,55.05,128.19,1,1,-1,-1
15,12,800.16,405.19,46.13,133.11,1,1,-1,-1
15,11,746.13,173.42,21.04,62.30,1,1,-1,-1
15,10,736.20,191.47,17.67,39.61,1,1,-1,-1
15,6,612.90,596.58,121.81,147.60,1,10,-1,-1
16,56,1164.53,324.14,53.72,127.04,1,1,-1,-1
16,38,832.73,206.59,31.40,84.61,1,1,-1,-1
16,30,564.19,209.23,23.33,31.62,1,2,-1,-1
16,24,648.89,300.84,40.35,69.05,1,10,-1,-1
16,21,704.07,423.35,57.26,165.02,1,1,-1,-1
16,20,1196.72,427.87,47.00,90.00,1,2,-1,-1
16,19,1191.56,422.74,82.55,109.55,1,2,-1,-1
16,18,1183.23,455.46,101.44,116.93,1,10,-1,-1
16,14,874.46,400.47,56.17,129.78,1,1,-1,-1
16,13,869.49,434.76,43.75,99.98,1,2,-1,-1
16,12,805.17,413.31,48.47,139.05,1,1,-1,-1
16,11,746.17,176.50,21.11,62.72,1,1,-1,-1
16,10,736.28,194.52,17.44,39.33,1,1,-1,-1
16,5,588.33,222.11,30.68,55.17,1,1,-1,-1
17,56,1174.20,330.65,54.55,127.85,1,1,-1,-1
17,30,563.17,211.30,23.33,32.11,1,2,-1,-1
17,24,648.10,305.39,40.51,70.01,1,10,-1,-1
17,21,703.63,436.01,58.32,169.63,1,1,-1,-1
17,19,1192.40,426.75,81.87,108.79,1,2,-1,-1
17,18,1182.41,459.75,100.69,116.79,1,10,-1,-1
17,17,1229.59,342.87,44.78,107.13,1,1,-1,-1
17,13,872.11,445.86,43.80,101.38,1,2,-1,-1
17,12,808.09,423.42,50.34,143.61,1,1,-1,-1
17,11,746.16,179.49,21.15,63.01,1,1,-1,-1
17,10,736.14,197.64,16.97,39.07,1,1,-1,-1
17,5,587.50,225.73,31.02,56.13,1,1,-1,-1
18,56,1184.21,337.31,55.41,128.40,1,1,-1,-1
18,30,561.47,213.43,23.35,32.75,1,2,-1,-1
18,21,702.75,449.71,67.99,198.12,1,1,-1,-1
18,18,1180.89,463.85,100.17,116.73,1,10,-1,-1
18,17,1236.21,349.41,45.08,109.02,1,1,-1,-1
18,13,874.61,457.81,44.47,103.43,1,2,-1,-1
18,5,586.65,228.98,31.57,57.14,1,1,-1,-1
19,56,1189.68,343.41,56.29,128.76,1,1,-1,-1
19,30,556.90,214.24,23.38,33.49,1,2,-1,-1
19,21,702.37,457.08,67.76,196.46,1,1,-1,-1
19,18,1179.73,468.05,99.84,117.00,1,10,-1,-1
19,17,1242.10,356.05,45.02,111.39,1,1,-1,-1
19,13,876.98,469.52,45.58,106.19,1,2,-1,-1
19,5,582.29,230.79,31.95,58.12,1,1,-1,-1
20,56,1193.95,349.86,56.88,128.59,1,1,-1,-1
20,38,830.42,216.79,31.40,88.96,1,1,-1,-1
20,21,703.25,468.96,68.17,196.47,1,1,-1,-1
20,20,1193.88,440.23,47.00,90.00,1,2,-1,-1
20,18,1175.40,467.46,99.62,117.22,1,10,-1,-1
20,17,1247.31,362.39,44.99,113.96,1,1,-1,-1
20,14,888.61,436.71,60.33,136.27,1,1,-1,-1
20,13,879.07,481.35,46.66,108.75,1,2,-1,-1
21,119,660.28,192.16,19.06,64.52,1,1,-1,-1
21,68,917.68,525.73,34.46,86.70,1,2,-1,-1
21,56,1201.91,356.87,57.65,130.03,1,1,-1,-1
21,38,832.64,214.95,32.05,91.19,1,1,-1,-1
21,24,631.08,317.04,47.26,81.91,1,10,-1,-1
21,21,703.85,481.44,69.05,197.38,1,1,-1,-1
21,20,1188.57,440.62,47.00,90.00,1,2,-1,-1
21,19,1193.59,439.85,74.23,99.29,1,2,-1,-1
21,18,1169.88,465.74,99.47,117.41,1,10,-1,-1
21,17,1252.92,368.79,44.99,116.93,1,1,-1,-1
21,14,893.65,446.45,61.67,138.11,1,1,-1,-1
21,13,881.23,492.93,48.05,111.84,1,2,-1,-1
22,68,921.03,537.76,36.03,89.09,1,2,-1,-1
22,56,1211.90,363.85,58.54,132.56,1,1,-1,-1
22,38,827.77,220.40,31.83,91.35,1,1,-1,-1
22,24,628.18,322.18,46.02,80.12,1,10,-1,-1
22,21,704.45,493.97,70.55,198.97,1,1,-1,-1
22,20,1182.65,441.31,47.00,90.00,1,2,-1,-1
22,19,1186.44,440.80,75.75,101.57,1,2,-1,-1
22,18,1164.56,463.61,99.38,117.55,1,10,-1,-1
22,17,1262.44,374.52,44.71,120.10,1,1,-1,-1
22,14,898.85,456.23,63.20,139.72,1,1,-1,-1
22,13,883.37,504.79,49.63,114.99,1,2,-1,-1
23,133,793.72,477.87,71.81,207.77,1,1,-1,-1
23,131,648.50,315.87,43.16,50.99,1,10,-1,-1
23,126,809.65,213.27,42.43,125.15,1,1,-1,-1
23,68,924.71,550.44,37.41,91.29,1,2,-1,-1
23,56,1222.16,370.60,59.82,135.94,1,1,-1,-1
23,38,827.25,224.49,31.68,91.74,1,1,-1,-1
23,24,627.51,325.94,45.44,79.43,1,10,-1,-1
23,21,705.42,507.09,72.20,200.98,1,1,-1,-1
23,20,1181.76,440.81,47.00,90.00,1,2,-1,-1
23,19,1184.15,440.23,76.81,103.45,1,2,-1,-1
23,18,1163.90,462.19,99.34,117.97,1,10,-1,-1
23,14,904.07,466.24,64.86,141.46,1,1,-1,-1
23,13,889.39,516.29,51.36,118.45,1,2,-1,-1
23,10,730.06,189.82,22.52,59.45,1,1,-1,-1
24,139,539.87,217.98,23.17,35.84,1,2,-1,-1
24,132,720.22,204.18,17.68,42.64,1,1,-1,-1
24,131,649.57,319.85,43.14,51.02,1,10,-1,-1
24,68,933.29,564.51,39.02,94.42,1,2,-1,-1
24,38,829.02,226.71,31.58,92.32,1,1,-1,-1
24,21,708.64,520.16,74.24,203.03,1,1,-1,-1
24,20,1182.77,440.53,47.00,90.00,1,2,-1,-1
24,19,1183.78,439.13,77.58,105.07,1,2,-1,-1
24,18,1176.70,461.23,96.87,115.52,1,10,-1,-1
24,13,896.87,528.06,53.19,121.84,1,2,-1,-1
24,10,730.68,189.39,22.93,61.90,1,1,-1,-1
25,142,560.04,237.13,35.14,62.84,1,1,-1,-1
25,139,539.06,218.31,23.26,36.40,1,2,-1,-1
25,132,721.34,205.38,17.46,42.99,1,1,-1,-1
25,131,652.25,320.58,42.89,50.19,1,10,-1,-1
25,68,944.34,579.60,40.80,98.18,1,2,-1,-1
25,38,831.65,228.84,31.51,93.01,1,1,-1,-1
25,21,718.76,522.84,80.71,215.39,1,1,-1,-1
25,20,1184.50,440.34,47.00,90.00,1,2,-1,-1
25,19,1184.36,437.85,78.44,106.57,1,2,-1,-1
25,18,1172.92,461.63,97.57,116.82,1,10,-1,-1
25,13,905.04,540.10,55.38,125.51,1,2,-1,-1
26,142,558.79,238.25,35.22,63.40,1,1,-1,-1
26,139,538.86,218.90,23.19,36.29,1,2,-1,-1
26,132,721.89,205.67,17.77,43.94,1,1,-1,-1
26,68,956.36,594.74,42.50,98.24,1,2,-1,-1
26,38,835.26,230.92,31.46,93.79,1,1,-1,-1
26,21,719.33,540.81,82.39,214.74,1,1,-1,-1
26,19,1185.10,436.74,79.09,108.22,1,2,-1,-1
26,13,913.22,553.36,57.53,129.00,1,2,-1,-1
27,142,557.71,239.37,35.31,64.12,1,1,-1,-1
27,132,722.58,206.43,17.56,44.23,1,1,-1,-1
27,129,689.21,185.05,23.15,70.50,1,1,-1,-1
27,68,968.67,610.56,44.28,95.54,1,2,-1,-1
27,56,1271.05,396.48,65.34,153.14,1,1,-1,-1
27,21,723.56,554.32,85.30,210.10,1,1,-1,-1
27,19,1186.11,435.47,79.86,109.75,1,2,-1,-1
27,13,922.06,567.10,59.64,132.37,1,2,-1,-1
28,143,843.16,540.52,66.38,198.16,1,1,-1,-1
28,142,557.07,240.70,34.60,64.48,1,1,-1,-1
28,132,723.54,207.29,17.41,44.45,1,1,-1,-1
28,129,684.75,176.05,28.75,86.71,1,1,-1,-1
28,68,981.50,627.08,45.87,90.91,1,2,-1,-1
28,56,1282.14,406.91,62.83,155.41,1,1,-1,-1
28,21,727.23,568.53,88.64,200.43,1,1,-1,-1
28,19,1177.37,433.75,83.38,115.30,1,2,-1,-1
28,13,930.66,581.02,62.03,135.69,1,2,-1,-1
28,10,740.67,187.98,23.69,60.08,1,1,-1,-1
29,143,849.51,551.76,67.70,196.78,1,1,-1,-1
29,142,556.70,242.59,33.37,64.40,1,1,-1,-1
29,131,654.02,330.21,45.35,53.94,1,10,-1,-1
29,68,994.06,644.33,47.62,85.27,1,2,-1,-1
29,21,730.58,584.01,92.36,187.53,1,1,-1,-1
29,20,1192.82,438.87,47.00,90.00,1,2,-1,-1
29,19,1176.58,442.40,73.83,110.44,1,2,-1,-1
29,10,740.26,189.78,24.53,58.94,1,1,-1,-1
30,164,662.33,182.09,21.79,83.52,1,1,-1,-1
30,143,856.00,563.14,69.44,193.46,1,1,-1,-1
30,131,654.89,333.21,45.89,54.93,1,10,-1,-1
30,68,1006.91,661.82,49.25,78.64,1,2,-1,-1
30,38,851.56,241.41,31.38,96.83,1,1,-1,-1
30,21,734.35,600.47,96.40,172.42,1,1,-1,-1
30,20,1198.58,436.48,58.65,101.74,1,2,-1,-1
30,19,1167.53,416.23,81.25,119.03,1,2,-1,-1
30,14,958.74,552.83,82.84,166.55,1,1,-1,-1
30,10,741.25,190.77,25.11,58.49,1,1,-1,-1
31,173,623.63,361.44,54.26,97.57,1,2,-1,-1
31,164,661.75,191.54,20.16,77.62,1,1,-1,-1
31,143,862.97,574.99,71.14,188.66,1,1,-1,-1
31,131,655.94,336.21,46.59,55.97,1,10,-1,-1
31,38,855.21,243.93,31.66,98.04,1,1,-1,-1
31,20,1200.29,434.98,55.50,98.82,1,2,-1,-1
31,19,1176.36,420.90,76.61,110.64,1,2,-1,-1
31,14,966.36,598.94,88.46,172.77,1,1,-1,-1
31,10,742.80,191.84,25.53,58.17,1,1,-1,-1
32,173,624.94,365.69,48.72,87.83,1,2,-1,-1
32,143,873.83,586.80,72.10,179.73,1,1,-1,-1
32,129,690.97,187.28,27.11,78.04,1,1,-1,-1
32,38,859.27,246.70,32.15,99.24,1,1,-1,-1
32,20,1204.71,434.92,53.20,96.58,1,2,-1,-1
32,14,974.32,591.03,88.49,170.79,1,1,-1,-1
33,177,535.65,223.69,23.66,39.20,1,2,-1,-1
33,143,886.19,602.49,72.62,166.28,1,1,-1,-1
33,142,554.56,248.83,31.61,65.62,1,1,-1,-1
33,129,691.61,188.94,27.26,77.08,1,1,-1,-1
33,38,863.45,249.10,32.80,100.72,1,1,-1,-1
33,20,1210.02,434.64,51.53,94.88,1,2,-1,-1
33,18,1193.89,460.54,98.19,121.25,1,10,-1,-1
33,14,983.92,630.02,86.64,146.53,1,1,-1,-1
34,184,1205.96,430.92,84.29,118.91,1,2,-1,-1
34,177,535.72,223.38,23.89,39.35,1,2,-1,-1
34,143,896.80,629.36,73.53,150.94,1,1,-1,-1
34,142,553.93,249.74,31.71,65.99,1,1,-1,-1
34,132,729.68,213.79,17.34,49.13,1,1,-1,-1
34,129,694.67,178.94,27.60,84.69,1,1,-1,-1
34,38,867.46,251.81,33.26,102.04,1,1,-1,-1
34,20,1215.55,434.82,50.31,93.60,1,2,-1,-1
34,18,1196.10,460.25,97.72,121.57,1,10,-1,-1
35,187,635.88,364.92,50.11,90.99,1,2,-1,-1
35,186,1195.84,461.83,99.09,131.27,1,2,-1,-1
35,185,554.73,226.74,42.03,89.03,1,1,-1,-1
35,184,1207.96,431.90,84.19,118.91,1,2,-1,-1
35,177,535.76,224.67,24.01,39.39,1,2,-1,-1
35,164,665.64,202.72,18.36,71.69,1,1,-1,-1
35,132,731.36,214.81,17.33,50.14,1,1,-1,-1
35,129,693.74,186.11,27.92,82.08,1,1,-1,-1
35,38,871.62,254.65,33.88,103.31,1,1,-1,-1
35,20,1221.08,435.11,49.41,92.65,1,2,-1,-1
35,18,1198.76,460.07,97.10,121.77,1,10,-1,-1
36,187,636.86,368.88,50.09,91.02,1,2,-1,-1
36,184,1210.55,433.01,83.71,118.74,1,2,-1,-1
36,165,788.21,170.82,25.67,42.54,1,10,-1,-1
36,164,666.72,204.18,18.23,71.63,1,1,-1,-1
36,132,731.31,215.82,17.32,51.14,1,1,-1,-1
36,129,693.98,189.87,28.13,80.25,1,1,-1,-1
36,38,875.32,257.03,34.90,104.88,1,1,-1,-1
36,20,1227.19,435.37,48.76,91.94,1,2,-1,-1
36,18,1201.61,460.60,96.37,121.91,1,10,-1,-1
37,184,1214.79,433.43,83.03,118.52,1,2,-1,-1
37,165,788.96,172.12,25.92,42.94,1,10,-1,-1
37,132,731.09,216.90,17.01,52.01,1,1,-1,-1
37,129,694.69,192.39,28.28,79.26,1,1,-1,-1
37,38,879.07,259.73,35.64,106.26,1,1,-1,-1
37,20,1229.55,436.23,48.28,91.42,1,2,-1,-1
37,18,1205.20,461.42,95.57,121.99,1,10,-1,-1
37,10,751.66,197.48,27.16,63.13,1,1,-1,-1
38,184,1215.41,402.01,96.84,138.95,1,2,-1,-1
38,165,789.85,173.83,26.08,43.17,1,10,-1,-1
38,142,551.98,255.29,31.95,67.90,1,1,-1,-1
38,132,731.85,218.06,17.11,53.35,1,1,-1,-1
38,131,661.94,359.19,51.38,64.15,1,10,-1,-1
38,129,694.44,193.47,28.66,78.57,1,1,-1,-1
38,38,883.06,262.08,36.47,107.84,1,1,-1,-1
38,20,1231.10,437.29,47.93,91.03,1,2,-1,-1
38,18,1209.09,462.35,94.70,122.04,1,10,-1,-1
38,10,753.51,198.34,27.29,64.05,1,1,-1,-1
39,184,1221.07,418.58,92.06,132.49,1,2,-1,-1
39,165,790.11,175.22,26.20,43.64,1,10,-1,-1
39,142,551.72,257.32,32.00,68.54,1,1,-1,-1
39,132,733.42,219.73,17.18,54.60,1,1,-1,-1
39,131,662.24,363.16,52.00,65.49,1,10,-1,-1
39,129,694.27,194.14,28.94,78.36,1,1,-1,-1
39,38,887.13,264.74,37.34,109.28,1,1,-1,-1
39,20,1232.32,439.05,47.68,90.75,1,2,-1,-1
39,18,1213.56,463.80,93.51,121.78,1,10,-1,-1
40,164,669.54,207.18,18.05,72.43,1,1,-1,-1
40,132,732.01,221.59,17.23,55.79,1,1,-1,-1
40,131,662.87,367.79,52.43,66.70,1,10,-1,-1
40,129,693.67,195.21,29.43,78.53,1,1,-1,-1
40,38,891.22,267.54,38.26,110.62,1,1,-1,-1
40,20,1234.06,440.40,47.49,90.54,1,2,-1,-1
40,18,1216.71,465.02,92.64,121.59,1,10,-1,-1
41,164,668.75,208.91,18.03,72.55,1,1,-1,-1
41,132,732.11,223.35,17.25,56.64,1,1,-1,-1
41,131,663.20,372.01,53.01,67.87,1,10,-1,-1
41,129,693.35,196.88,29.78,78.61,1,1,-1,-1
41,38,893.15,271.27,38.93,112.11,1,1,-1,-1
41,20,1235.99,441.58,47.36,90.39,1,2,-1,-1
41,18,1219.77,466.80,91.73,121.44,1,10,-1,-1
42,180,747.03,205.71,25.93,74.27,1,1,-1,-1
42,164,668.43,211.00,18.02,72.95,1,1,-1,-1
42,132,732.96,225.74,17.55,57.34,1,1,-1,-1
42,131,663.37,376.09,53.72,69.01,1,10,-1,-1
42,129,693.34,198.94,30.32,78.99,1,1,-1,-1
42,38,894.50,275.76,39.69,113.49,1,1,-1,-1
42,20,1238.63,442.68,47.26,90.28,1,2,-1,-1
42,10,758.54,202.99,26.30,65.65,1,1,-1,-1
43,184,1233.70,434.03,85.15,121.80,1,2,-1,-1
43,180,745.59,206.94,25.45,74.38,1,1,-1,-1
43,165,792.94,181.29,26.97,45.49,1,10,-1,-1
43,164,666.97,213.16,18.03,73.54,1,1,-1,-1
43,129,693.24,200.94,30.70,79.22,1,1,-1,-1
43,38,895.61,280.75,40.53,115.07,1,1,-1,-1
43,20,1238.93,443.10,47.19,90.20,1,2,-1,-1
43,10,759.34,183.76,27.93,69.89,1,1,-1,-1
44,216,524.16,237.76,27.00,38.27,1,2,-1,-1
44,184,1232.58,435.44,84.36,120.17,1,2,-1,-1
44,180,743.77,208.16,25.13,74.77,1,1,-1,-1
44,165,793.83,182.97,27.12,45.87,1,10,-1,-1
44,164,665.09,215.33,18.04,74.26,1,1,-1,-1
44,129,693.31,203.09,31.26,79.70,1,1,-1,-1
44,38,896.63,285.70,41.42,116.50,1,1,-1,-1
44,20,1238.33,443.25,47.14,90.15,1,2,-1,-1
45,216,520.11,238.98,27.02,38.23,1,2,-1,-1
45,184,1230.85,436.20,83.82,119.07,1,2,-1,-1
45,180,741.79,209.34,24.91,75.36,1,1,-1,-1
45,165,791.44,181.59,27.31,47.31,1,10,-1,-1
45,164,663.71,217.94,18.04,74.77,1,1,-1,-1
45,142,536.79,272.02,31.96,72.18,1,1,-1,-1
45,129,689.13,204.66,31.38,80.27,1,1,-1,-1
45,38,897.60,290.84,42.34,118.10,1,1,-1,-1
45,20,1237.40,443.29,47.10,90.10,1,2,-1,-1
45,18,1224.47,467.81,89.12,119.95,1,10,-1,-1
46,216,516.07,240.78,27.04,38.19,1,2,-1,-1
46,187,631.29,424.07,57.35,108.95,1,2,-1,-1
46,184,1229.56,437.12,83.44,118.00,1,2,-1,-1
46,180,739.76,210.47,24.76,76.07,1,1,-1,-1
46,165,787.84,179.37,27.48,49.18,1,10,-1,-1
46,164,658.78,219.55,18.34,75.57,1,1,-1,-1
46,142,532.42,273.87,32.03,73.08,1,1,-1,-1
46,132,721.61,232.59,18.76,58.59,1,1,-1,-1
46,131,668.82,409.98,49.12,62.87,1,10,-1,-1
46,129,684.07,206.44,31.17,80.62,1,1,-1,-1
46,38,896.60,294.54,43.29,119.55,1,1,-1,-1
46,20,1232.05,428.50,54.35,103.98,1,2,-1,-1
47,216,508.48,242.03,27.04,38.16,1,2,-1,-1
47,187,618.11,410.33,65.20,125.17,1,2,-1,-1
47,184,1223.14,436.95,83.18,117.25,1,2,-1,-1
47,180,735.08,212.04,24.64,76.58,1,1,-1,-1
47,142,525.20,270.42,34.16,78.97,1,1,-1,-1
47,132,715.99,233.86,19.21,58.74,1,1,-1,-1
47,129,678.76,208.34,30.72,80.82,1,1,-1,-1
48,216,499.77,243.64,26.98,37.76,1,2,-1,-1
48,187,614.63,429.27,63.23,122.16,1,2,-1,-1
48,184,1215.46,436.82,82.98,116.43,1,2,-1,-1
48,180,730.06,214.00,24.55,77.23,1,1,-1,-1
48,129,673.40,210.30,30.11,80.93,1,1,-1,-1
49,237,629.95,414.40,61.05,77.42,1,10,-1,-1
49,216,491.35,245.06,27.01,37.86,1,2,-1,-1
49,187,609.27,442.55,62.13,120.88,1,2,-1,-1
49,184,1207.33,436.71,82.83,115.54,1,2,-1,-1
49,180,732.81,213.15,24.46,72.67,1,1,-1,-1
50,237,623.58,420.32,61.81,79.16,1,10,-1,-1
50,216,482.44,246.69,26.97,37.58,1,2,-1,-1
50,187,603.72,452.53,61.65,120.56,1,2,-1,-1
50,184,1199.05,436.80,82.73,114.92,1,2,-1,-1
50,180,728.02,214.97,24.35,69.85,1,1,-1,-1
50,38,883.07,304.15,50.23,135.46,1,1,-1,-1
51,245,751.30,183.97,23.33,46.68,1,10,-1,-1
51,244,617.93,227.78,21.09,80.24,1,1,-1,-1
51,237,616.77,425.62,62.69,81.02,1,10,-1,-1
51,187,598.49,461.10,61.30,120.88,1,2,-1,-1
51,180,721.02,217.73,24.25,68.48,1,1,-1,-1
51,132,704.16,223.78,23.86,74.80,1,1,-1,-1
51,38,880.56,309.20,50.41,134.27,1,1,-1,-1
52,252,748.55,208.87,22.17,37.66,1,10,-1,-1
52,250,1199.31,439.50,49.66,89.87,1,2,-1,-1
52,237,610.54,431.42,63.62,82.93,1,10,-1,-1
52,187,593.38,469.03,61.05,121.66,1,2,-1,-1
52,180,717.12,219.99,24.19,68.09,1,1,-1,-1
52,132,699.24,224.90,24.69,77.01,1,1,-1,-1
52,129,645.61,217.59,29.71,82.39,1,1,-1,-1
52,38,878.43,314.80,50.82,134.02,1,1,-1,-1
53,250,1198.57,438.91,49.03,90.49,1,2,-1,-1
53,237,607.45,438.02,64.95,85.01,1,10,-1,-1
53,187,588.30,476.62,60.87,122.76,1,2,-1,-1
53,180,714.39,222.54,24.16,68.39,1,1,-1,-1
53,132,695.99,226.44,25.27,78.79,1,1,-1,-1
53,129,639.33,219.71,29.64,82.90,1,1,-1,-1
53,38,877.43,317.22,50.03,130.45,1,1,-1,-1
54,251,672.16,248.16,22.25,62.04,1,1,-1,-1
54,237,605.90,444.95,66.16,87.03,1,10,-1,-1
54,187,585.22,484.60,60.70,122.97,1,2,-1,-1
54,184,1185.50,434.27,82.43,110.56,1,2,-1,-1
54,132,693.42,228.01,25.67,80.03,1,1,-1,-1
54,129,635.94,221.66,29.87,83.29,1,1,-1,-1
54,38,881.57,326.60,51.11,132.14,1,1,-1,-1
55,262,743.24,195.67,22.63,43.88,1,2,-1,-1
55,251,671.29,248.64,21.76,60.21,1,1,-1,-1
55,237,604.87,451.98,67.29,89.01,1,10,-1,-1
55,187,582.89,492.88,60.54,122.50,1,2,-1,-1
55,184,1183.32,433.97,82.37,108.97,1,2,-1,-1
55,132,691.13,229.86,25.96,81.18,1,1,-1,-1
55,129,634.08,223.78,30.04,83.85,1,1,-1,-1
56,272,1193.37,463.25,76.91,115.14,1,10,-1,-1
56,251,671.25,251.02,21.47,59.09,1,1,-1,-1
56,237,604.35,458.46,67.69,90.80,1,10,-1,-1
56,187,582.49,502.46,61.03,123.37,1,2,-1,-1
56,184,1185.60,453.20,95.25,129.84,1,2,-1,-1
56,132,690.28,231.63,26.16,81.99,1,1,-1,-1
57,272,1193.55,463.99,78.33,116.45,1,10,-1,-1
57,270,454.00,262.13,27.00,37.00,1,2,-1,-1
57,251,671.43,254.01,21.29,58.37,1,1,-1,-1
57,250,1198.49,440.91,47.60,90.76,1,2,-1,-1
57,237,604.25,464.70,67.95,92.61,1,10,-1,-1
57,187,583.36,512.75,61.97,124.90,1,2,-1,-1
57,184,1185.24,438.41,92.24,124.35,1,2,-1,-1
57,180,706.78,234.03,25.70,77.12,1,1,-1,-1
58,272,1193.77,465.39,79.92,117.41,1,10,-1,-1
58,270,452.00,264.92,27.00,37.00,1,2,-1,-1
58,251,671.65,257.15,21.18,57.90,1,1,-1,-1
58,250,1197.05,422.41,47.76,91.45,1,2,-1,-1
58,237,606.50,470.62,68.39,94.19,1,10,-1,-1
58,187,584.62,523.38,63.24,127.21,1,2,-1,-1
58,184,1188.97,435.02,89.98,120.34,1,2,-1,-1
58,180,709.68,235.38,24.98,77.17,1,1,-1,-1
58,38,896.55,356.25,54.37,136.99,1,1,-1,-1
