1,43,1105.80,233.43,25.27,59.79,1,1,-1,-1
1,42,614.73,389.43,86.30,113.80,1,1,-1,-1
1,41,731.86,174.62,12.35,38.36,1,1,-1,-1
1,40,1212.40,423.13,83.78,92.92,1,1,-1,-1
1,39,793.62,255.02,45.62,116.83,1,1,-1,-1
1,38,823.83,272.29,41.72,106.85,1,1,-1,-1
1,37,645.45,143.00,17.89,63.15,1,1,-1,-1
1,36,1154.70,393.82,143.57,159.23,1,1,-1,-1
1,35,1190.30,423.63,88.08,97.69,1,1,-1,-1
1,34,1177.10,392.37,93.47,103.67,1,1,-1,-1
1,33,1215.70,390.45,55.00,105.32,1,1,-1,-1
1,32,1209.20,404.69,81.61,90.51,1,1,-1,-1
1,31,1104.00,231.00,22.04,52.15,1,1,-1,-1
1,30,729.41,118.46,21.25,65.99,1,1,-1,-1
1,29,721.83,140.21,23.84,74.01,1,1,-1,-1
1,28,850.97,327.65,15.73,32.59,1,1,-1,-1
1,27,657.43,234.75,25.54,29.10,1,1,-1,-1
1,26,651.70,474.71,131.41,194.96,1,1,-1,-1
1,25,340.99,573.90,59.89,82.83,1,1,-1,-1
1,24,390.64,568.12,36.84,67.66,1,1,-1,-1
1,23,718.04,189.35,13.05,29.00,1,1,-1,-1
1,22,1200.50,373.24,50.09,89.52,1,1,-1,-1
1,21,1191.60,357.83,79.77,125.35,1,1,-1,-1
1,20,1174.70,385.11,112.58,127.78,1,1,-1,-1
1,19,1090.90,234.82,45.17,99.36,1,1,-1,-1
1,18,1062.40,227.58,43.29,104.83,1,1,-1,-1
1,17,839.73,320.17,22.54,57.66,1,1,-1,-1
1,16,828.71,268.69,41.57,111.62,1,1,-1,-1
1,15,823.37,302.92,30.25,74.15,1,1,-1,-1
1,14,803.94,165.38,34.13,70.24,1,1,-1,-1
1,13,763.96,282.33,43.09,117.34,1,1,-1,-1
1,12,740.70,148.16,15.60,58.67,1,1,-1,-1
1,11,722.18,161.16,17.64,41.67,1,1,-1,-1
1,10,696.58,286.20,43.84,135.59,1,1,-1,-1
1,9,661.29,234.78,40.42,45.44,1,1,-1,-1
1,8,647.70,231.42,41.60,73.15,1,1,-1,-1
1,7,633.39,471.73,117.21,187.55,1,1,-1,-1
1,6,623.65,417.90,93.71,118.19,1,1,-1,-1
1,5,587.58,186.13,26.84,54.75,1,1,-1,-1
1,4,569.90,182.12,22.21,28.75,1,1,-1,-1
1,3,370.36,562.92,48.29,69.15,1,1,-1,-1
1,2,238.82,647.12,80.35,108.76,1,1,-1,-1
2,61,356.54,575.03,66.12,88.63,1,1,-1,-1
2,60,1168.40,403.10,40.94,78.40,1,1,-1,-1
2,59,787.91,293.80,60.77,169.28,1,1,-1,-1
2,58,1119.40,295.81,34.08,79.52,1,1,-1,-1
2,57,675.87,216.31,30.13,52.92,1,1,-1,-1
2,56,833.59,171.39,17.89,42.49,1,1,-1,-1
2,55,767.11,308.16,23.09,64.32,1,1,-1,-1
2,54,245.96,635.04,82.09,87.10,1,1,-1,-1
2,53,665.65,166.75,13.84,48.83,1,1,-1,-1
2,52,764.41,153.04,27.84,86.46,1,1,-1,-1
2,51,799.04,318.09,31.72,64.24,1,1,-1,-1
2,50,771.05,329.78,25.63,71.41,1,1,-1,-1
2,49,714.14,266.03,55.64,163.31,1,1,-1,-1
2,48,590.17,203.65,21.34,38.57,1,1,-1,-1
2,47,740.98,151.16,13.21,29.35,1,1,-1,-1
2,46,673.43,255.56,26.07,29.71,1,1,-1,-1
2,45,675.69,152.59,19.63,60.82,1,1,-1,-1
2,44,365.49,580.52,44.03,59.97,1,1,-1,-1
2,39,797.55,239.52,53.22,142.30,1,1,-1,-1
2,35,1184.59,400.78,104.77,117.25,1,1,-1,-1
2,26,640.07,473.61,148.85,218.32,1,1,-1,-1
2,25,344.19,553.83,54.08,85.03,1,1,-1,-1
2,24,379.30,567.70,46.41,86.61,1,1,-1,-1
2,22,1203.87,380.98,41.24,80.05,1,1,-1,-1
2,20,1175.49,388.27,110.04,126.45,1,1,-1,-1
2,19,1095.58,240.54,48.92,98.91,1,1,-1,-1
2,18,1067.46,234.09,44.04,102.82,1,1,-1,-1
2,17,842.33,326.81,25.34,63.38,1,1,-1,-1
2,16,831.93,278.40,40.13,106.21,1,1,-1,-1
2,15,822.80,303.96,36.40,83.08,1,1,-1,-1
2,13,767.60,294.39,38.79,110.22,1,1,-1,-1
2,12,739.65,144.35,19.71,68.31,1,1,-1,-1
2,11,724.05,162.17,15.91,41.67,1,1,-1,-1
2,10,698.27,289.56,45.46,137.89,1,1,-1,-1
2,9,659.86,236.38,43.29,48.26,1,1,-1,-1
2,8,650.59,240.91,35.82,61.20,1,1,-1,-1
2,7,630.70,487.77,126.62,186.46,1,1,-1,-1
2,6,624.23,429.37,92.53,120.26,1,1,-1,-1
2,5,585.96,187.02,28.06,54.95,1,1,-1,-1
2,4,568.45,182.36,25.10,30.29,1,1,-1,-1
2,3,357.09,556.05,55.57,89.03,1,1,-1,-1
2,2,228.63,664.78,76.74,93.42,1,1,-1,-1
3,74,1095.00,233.74,54.80,129.17,1,1,-1,-1
3,73,843.83,315.91,26.85,67.43,1,1,-1,-1
3,72,781.70,301.29,20.55,60.16,1,1,-1,-1
3,71,382.63,618.73,32.32,55.59,1,1,-1,-1
3,70,580.73,149.79,31.74,35.70,1,1,-1,-1
3,69,727.62,199.19,10.84,24.10,1,1,-1,-1
3,68,732.24,200.28,21.16,47.02,1,1,-1,-1
3,67,657.76,285.87,41.03,70.98,1,1,-1,-1
3,66,842.29,306.85,37.78,80.96,1,1,-1,-1
3,65,839.09,266.57,66.52,117.48,1,1,-1,-1
3,64,1074.90,215.45,58.33,143.79,1,1,-1,-1
3,63,854.95,329.39,33.70,72.22,1,1,-1,-1
3,62,760.19,122.47,19.05,59.15,1,1,-1,-1
3,61,365.41,582.16,74.54,112.97,1,1,-1,-1
3,50,778.59,317.28,28.03,80.11,1,1,-1,-1
3,47,741.50,156.54,17.99,47.90,1,1,-1,-1
3,45,677.11,155.83,17.76,58.35,1,1,-1,-1
3,38,823.53,256.46,43.67,110.65,1,1,-1,-1
3,29,732.28,153.43,21.70,55.38,1,1,-1,-1
3,26,649.86,482.38,129.25,187.06,1,1,-1,-1
3,24,371.27,581.10,47.56,89.09,1,1,-1,-1
3,22,1201.13,381.79,44.66,86.30,1,1,-1,-1
3,21,1189.45,368.05,83.13,117.89,1,1,-1,-1
3,20,1176.75,392.86,107.42,122.27,1,1,-1,-1
3,19,1105.39,247.82,43.12,95.34,1,1,-1,-1
3,18,1072.37,236.90,46.09,108.18,1,1,-1,-1
3,17,846.83,340.69,24.34,56.51,1,1,-1,-1
3,16,834.85,285.00,41.17,107.94,1,1,-1,-1
3,15,817.98,304.55,51.04,93.83,1,1,-1,-1
3,14,807.08,170.08,33.83,72.84,1,1,-1,-1
3,13,768.52,300.29,39.95,115.41,1,1,-1,-1
3,12,741.00,142.81,22.42,74.40,1,1,-1,-1
3,11,723.74,162.74,20.42,42.52,1,1,-1,-1
3,10,697.78,296.15,49.56,141.22,1,1,-1,-1
3,9,661.71,240.40,39.58,47.15,1,1,-1,-1
3,8,649.45,243.55,38.10,62.91,1,1,-1,-1
3,7,602.31,498.35,128.86,186.96,1,1,-1,-1
3,6,622.93,441.70,95.14,121.54,1,1,-1,-1
3,5,585.33,191.43,28.27,48.15,1,1,-1,-1
3,4,566.78,183.25,28.45,30.49,1,1,-1,-1
3,3,355.24,586.10,51.79,73.39,1,1,-1,-1
3,2,225.83,689.07,98.40,100.81,1,1,-1,-1
4,26,637.36,517.84,126.99,177.87,1,1,-1,-1
4,24,361.83,597.60,51.43,87.97,1,1,-1,-1
4,22,1200.50,386.15,45.71,85.60,1,1,-1,-1
4,20,1176.76,395.73,107.37,121.53,1,1,-1,-1
4,19,1113.01,254.06,41.91,93.88,1,1,-1,-1
4,18,1077.05,241.75,48.90,110.36,1,1,-1,-1
4,16,837.83,293.31,42.25,108.87,1,1,-1,-1
4,15,823.87,332.20,49.38,89.93,1,1,-1,-1
4,13,769.71,307.60,40.59,117.80,1,1,-1,-1
4,11,725.34,164.90,19.53,40.20,1,1,-1,-1
4,10,698.00,303.89,52.94,143.71,1,1,-1,-1
4,9,661.85,248.40,34.69,40.72,1,1,-1,-1
4,7,614.60,510.20,143.72,205.84,1,1,-1,-1
4,6,621.75,453.35,97.51,125.09,1,1,-1,-1
4,3,351.44,604.17,46.67,67.03,1,1,-1,-1
5,45,680.63,162.17,13.00,54.51,1,1,-1,-1
5,26,637.14,538.70,125.27,177.78,1,1,-1,-1
5,24,354.09,613.81,53.45,87.67,1,1,-1,-1
5,22,1201.36,386.49,47.04,88.67,1,1,-1,-1
5,21,1192.01,378.01,77.96,111.91,1,1,-1,-1
5,20,1177.14,396.90,107.48,124.98,1,1,-1,-1
5,19,1118.82,257.71,43.55,97.58,1,1,-1,-1
5,18,1083.43,246.91,48.19,111.25,1,1,-1,-1
5,16,839.72,299.98,45.48,115.10,1,1,-1,-1
5,14,811.65,176.32,32.59,73.17,1,1,-1,-1
5,13,771.60,312.68,42.15,118.40,1,1,-1,-1
5,10,699.13,312.21,53.87,144.38,1,1,-1,-1
5,9,662.57,248.83,37.89,45.17,1,1,-1,-1
5,7,613.18,513.50,139.87,197.48,1,1,-1,-1
5,6,621.78,463.39,98.22,130.47,1,1,-1,-1
5,3,346.98,621.00,43.31,60.71,1,1,-1,-1
6,73,832.59,338.59,41.39,86.06,1,1,-1,-1
6,56,804.08,165.90,43.09,104.65,1,1,-1,-1
6,45,680.00,163.17,14.28,57.50,1,1,-1,-1
6,26,635.41,555.25,127.17,173.84,1,1,-1,-1
6,24,347.61,634.08,52.59,88.15,1,1,-1,-1
6,22,1198.44,390.15,47.94,90.65,1,1,-1,-1
6,21,1191.96,382.24,77.24,111.23,1,1,-1,-1
6,20,1178.12,403.61,105.70,121.22,1,1,-1,-1
6,19,1125.54,262.11,43.88,99.78,1,1,-1,-1
6,18,1088.49,252.62,49.25,110.86,1,1,-1,-1
6,16,842.66,308.56,46.64,117.24,1,1,-1,-1
6,14,814.49,179.42,30.94,73.97,1,1,-1,-1
6,13,773.33,317.29,42.39,122.81,1,1,-1,-1
6,10,700.88,319.75,54.14,147.15,1,1,-1,-1
6,6,620.84,474.29,100.35,135.23,1,1,-1,-1
6,3,340.73,637.90,42.24,56.69,1,1,-1,-1
7,81,585.35,197.33,29.42,52.91,1,1,-1,-1
7,73,835.52,346.99,43.06,90.02,1,1,-1,-1
7,45,679.79,165.01,14.66,58.84,1,1,-1,-1
7,29,744.07,157.90,20.45,58.96,1,1,-1,-1
7,26,634.07,569.17,129.08,172.01,1,1,-1,-1
7,24,342.27,655.66,50.78,89.30,1,1,-1,-1
7,22,1197.61,393.96,47.93,91.54,1,1,-1,-1
7,21,1191.26,385.53,78.46,111.91,1,1,-1,-1
7,20,1179.59,409.66,103.66,120.67,1,1,-1,-1
7,19,1132.21,268.39,44.45,99.64,1,1,-1,-1
7,18,1095.36,257.74,47.92,113.07,1,1,-1,-1
7,17,862.33,377.17,27.42,64.45,1,1,-1,-1
7,16,844.98,317.29,49.01,119.64,1,1,-1,-1
7,14,815.71,187.41,35.51,86.42,1,1,-1,-1
7,13,774.90,324.39,43.17,123.90,1,1,-1,-1
7,10,700.67,326.95,58.50,150.76,1,1,-1,-1
7,8,650.16,258.59,37.66,63.62,1,1,-1,-1
7,6,619.53,486.26,103.02,137.47,1,1,-1,-1
7,4,568.04,193.05,22.02,26.58,1,1,-1,-1
7,3,334.50,654.29,41.44,54.53,1,1,-1,-1
8,81,585.56,201.30,27.59,50.38,1,1,-1,-1
8,73,838.44,356.37,45.23,92.21,1,1,-1,-1
8,45,678.41,164.30,17.39,64.57,1,1,-1,-1
8,26,632.85,584.46,130.91,165.78,1,1,-1,-1
8,22,1196.72,397.54,47.87,91.20,1,1,-1,-1
8,21,1189.72,388.41,81.44,113.22,1,1,-1,-1
8,20,1180.15,415.76,103.40,120.54,1,1,-1,-1
8,19,1145.68,285.09,41.39,94.69,1,1,-1,-1
8,18,1103.23,264.92,46.54,113.66,1,1,-1,-1
8,17,865.40,385.96,30.04,67.10,1,1,-1,-1
8,16,847.88,326.36,50.21,120.83,1,1,-1,-1
8,15,839.35,358.73,48.61,106.80,1,1,-1,-1
8,14,817.28,186.10,33.79,81.80,1,1,-1,-1
8,13,771.98,328.71,47.57,137.90,1,1,-1,-1
8,11,727.60,171.52,22.95,42.39,1,1,-1,-1
8,10,702.39,337.39,57.67,150.00,1,1,-1,-1
8,8,651.56,262.87,34.94,63.07,1,1,-1,-1
8,6,616.95,495.14,108.88,145.07,1,1,-1,-1
8,4,568.78,195.26,19.53,26.96,1,1,-1,-1
9,81,585.12,203.50,27.26,51.85,1,1,-1,-1
9,73,842.01,364.95,45.49,95.31,1,1,-1,-1
9,45,677.99,167.60,18.19,62.04,1,1,-1,-1
9,26,632.16,598.50,132.31,162.26,1,1,-1,-1
9,22,1190.88,392.32,55.92,106.69,1,1,-1,-1
9,21,1190.07,392.04,80.71,112.99,1,1,-1,-1
9,20,1180.27,423.14,104.14,118.00,1,1,-1,-1
9,19,1151.30,286.16,44.87,99.25,1,1,-1,-1
9,18,1109.92,271.50,48.75,116.35,1,1,-1,-1
9,17,870.02,395.36,29.07,68.37,1,1,-1,-1
9,15,837.84,366.95,56.61,122.24,1,1,-1,-1
9,14,818.28,186.54,34.14,81.30,1,1,-1,-1
9,13,775.89,336.54,49.89,137.38,1,1,-1,-1
9,11,732.85,179.61,21.62,41.91,1,1,-1,-1
9,10,702.57,346.84,59.46,151.94,1,1,-1,-1
9,8,649.62,266.60,39.51,65.00,1,1,-1,-1
9,6,617.38,507.35,108.27,147.10,1,1,-1,-1
9,4,568.13,196.59,20.50,29.28,1,1,-1,-1
10,84,720.79,164.51,25.01,59.44,1,1,-1,-1
10,81,585.57,204.66,27.37,52.66,1,1,-1,-1
10,73,845.75,374.28,45.89,97.42,1,1,-1,-1
10,45,677.67,168.62,18.81,64.01,1,1,-1,-1
10,26,631.58,618.19,132.34,146.84,1,1,-1,-1
10,22,1192.81,399.22,57.08,109.00,1,1,-1,-1
10,21,1190.07,398.04,80.78,108.68,1,1,-1,-1
10,20,1181.48,430.04,103.50,116.41,1,1,-1,-1
10,19,1160.68,291.55,44.34,100.49,1,1,-1,-1
10,18,1117.71,279.49,48.43,117.13,1,1,-1,-1
10,17,874.51,406.06,28.16,66.99,1,1,-1,-1
10,14,820.85,188.53,32.42,81.91,1,1,-1,-1
10,11,732.67,178.41,19.47,42.54,1,1,-1,-1
10,10,702.93,357.07,61.41,153.24,1,1,-1,-1
10,8,649.65,271.58,39.71,64.24,1,1,-1,-1
10,6,617.08,518.90,108.94,150.15,1,1,-1,-1
10,4,568.07,196.79,20.53,31.88,1,1,-1,-1
11,112,1187.65,402.48,52.65,72.19,1,1,-1,-1
11,81,587.68,207.17,25.61,51.25,1,1,-1,-1
11,73,850.40,384.29,43.94,97.62,1,1,-1,-1
11,45,677.42,170.70,19.28,63.83,1,1,-1,-1
11,26,631.75,638.51,131.76,130.67,1,1,-1,-1
11,24,307.84,722.42,66.90,51.95,1,1,-1,-1
11,22,1193.04,403.89,53.90,102.76,1,1,-1,-1
11,21,1189.86,401.25,81.89,110.16,1,1,-1,-1
11,19,1169.74,297.64,45.03,102.94,1,1,-1,-1
11,18,1125.57,287.42,49.28,118.33,1,1,-1,-1
11,17,878.05,415.76,29.76,68.25,1,1,-1,-1
11,14,822.96,192.06,32.00,81.00,1,1,-1,-1
11,11,732.82,180.38,19.45,41.80,1,1,-1,-1
11,10,703.28,367.44,60.22,155.23,1,1,-1,-1
11,9,663.34,269.12,41.90,48.39,1,1,-1,-1
11,8,649.02,275.83,41.05,66.20,1,1,-1,-1
11,6,607.37,510.13,132.48,181.27,1,1,-1,-1
11,4,567.37,198.79,23.29,31.54,1,1,-1,-1
11,3,321.82,725.67,42.35,30.48,1,1,-1,-1
12,112,1199.69,403.37,45.79,68.64,1,1,-1,-1
12,81,587.01,207.30,28.49,55.50,1,1,-1,-1
12,73,855.01,394.64,42.52,97.66,1,1,-1,-1
12,45,678.40,173.36,18.65,62.48,1,1,-1,-1
12,22,1198.77,397.21,62.04,107.74,1,1,-1,-1
12,21,1190.56,404.28,82.71,113.44,1,1,-1,-1
12,18,1131.95,294.36,52.08,120.97,1,1,-1,-1
12,17,883.41,424.84,27.94,69.66,1,1,-1,-1
12,16,860.91,364.73,54.13,123.02,1,1,-1,-1
12,14,824.45,193.87,32.28,83.40,1,1,-1,-1
12,11,734.19,183.07,18.05,40.10,1,1,-1,-1
12,10,703.78,378.34,57.58,157.15,1,1,-1,-1
12,9,662.58,273.24,43.94,48.16,1,1,-1,-1
12,8,649.93,281.09,39.24,65.93,1,1,-1,-1
12,6,609.06,532.89,127.20,174.23,1,1,-1,-1
12,4,566.08,201.29,23.70,30.39,1,1,-1,-1
13,81,587.04,208.74,30.34,57.45,1,1,-1,-1
13,73,859.17,404.95,41.49,97.98,1,1,-1,-1
13,45,678.67,174.97,18.59,63.23,1,1,-1,-1
13,21,1190.20,409.14,83.59,113.59,1,1,-1,-1
13,18,1139.27,303.02,53.48,120.58,1,1,-1,-1
13,17,884.98,434.29,30.39,77.13,1,1,-1,-1
13,16,862.75,374.59,55.71,126.83,1,1,-1,-1
13,15,844.27,372.98,56.14,124.82,1,1,-1,-1
13,14,826.12,196.21,32.69,85.40,1,1,-1,-1
13,13,792.09,377.54,49.19,140.76,1,1,-1,-1
13,11,733.94,185.27,20.30,40.91,1,1,-1,-1
13,10,704.04,389.64,56.35,158.61,1,1,-1,-1
13,9,664.00,276.99,42.59,48.69,1,1,-1,-1
13,8,650.75,286.44,37.62,66.03,1,1,-1,-1
13,6,609.47,553.87,126.32,166.96,1,1,-1,-1
13,4,563.97,202.01,24.49,32.92,1,1,-1,-1
14,81,588.55,211.62,30.00,57.99,1,1,-1,-1
14,73,860.60,402.99,39.46,92.88,1,1,-1,-1
14,45,678.50,177.32,19.11,63.19,1,1,-1,-1
14,21,1190.70,413.58,82.72,112.75,1,1,-1,-1
14,20,1182.11,447.05,103.09,116.49,1,1,-1,-1
14,18,1146.78,310.63,53.82,121.78,1,1,-1,-1
14,17,890.03,443.79,30.09,74.65,1,1,-1,-1
14,16,866.29,381.93,57.45,129.37,1,1,-1,-1
14,13,795.81,386.90,50.71,144.89,1,1,-1,-1
14,11,735.32,187.83,19.44,41.55,1,1,-1,-1
14,10,704.60,400.56,55.54,160.94,1,1,-1,-1
14,9,664.93,281.85,42.58,47.00,1,1,-1,-1
14,8,650.55,291.06,38.00,67.80,1,1,-1,-1
14,6,610.33,572.84,125.89,162.24,1,1,-1,-1
14,4,562.54,204.62,24.76,33.02,1,1,-1,-1
15,140,1196.99,424.35,49.69,87.92,1,1,-1,-1
15,81,588.85,216.27,29.70,56.85,1,1,-1,-1
15,73,866.28,421.82,39.73,94.24,1,1,-1,-1
15,45,678.90,179.70,18.35,62.64,1,1,-1,-1
15,21,1191.36,418.32,82.01,110.62,1,1,-1,-1
15,20,1181.63,449.89,103.95,118.80,1,1,-1,-1
15,19,1208.72,330.20,40.26,93.29,1,1,-1,-1
15,18,1154.59,318.16,54.68,124.24,1,1,-1,-1
15,17,894.53,452.65,31.08,76.27,1,1,-1,-1
15,16,869.43,391.44,58.89,128.65,1,1,-1,-1
15,13,799.78,397.82,51.88,145.49,1,1,-1,-1
15,11,735.75,190.92,18.56,40.70,1,1,-1,-1
15,10,704.06,412.27,56.69,161.72,1,1,-1,-1
15,9,665.91,286.01,41.29,46.71,1,1,-1,-1
15,8,649.68,296.53,39.08,67.29,1,1,-1,-1
15,6,610.84,591.87,126.00,156.79,1,1,-1,-1
15,4,563.26,207.24,23.70,31.62,1,1,-1,-1
16,180,890.99,448.85,32.05,84.52,1,1,-1,-1
16,140,1198.10,428.82,47.87,86.77,1,1,-1,-1
16,81,588.75,221.83,29.98,55.91,1,1,-1,-1
16,73,871.51,434.10,38.70,97.57,1,1,-1,-1
16,45,678.63,181.47,19.55,64.50,1,1,-1,-1
16,21,1191.63,423.29,82.42,108.45,1,1,-1,-1
16,20,1182.00,455.03,103.83,117.79,1,1,-1,-1
16,19,1220.15,338.32,41.18,96.95,1,1,-1,-1
16,18,1164.53,325.37,53.10,123.81,1,1,-1,-1
16,17,895.28,461.74,30.91,78.14,1,1,-1,-1
16,16,872.50,400.61,60.00,129.70,1,1,-1,-1
16,13,804.05,408.34,52.47,148.04,1,1,-1,-1
16,11,737.54,194.72,14.91,38.90,1,1,-1,-1
16,10,705.34,424.63,54.74,162.52,1,1,-1,-1
16,9,666.11,289.55,42.45,47.66,1,1,-1,-1
16,4,564.08,208.92,23.57,32.19,1,1,-1,-1
17,140,1197.31,430.40,49.29,90.35,1,1,-1,-1
17,81,586.76,224.91,32.62,57.99,1,1,-1,-1
17,73,872.50,446.04,42.63,99.96,1,1,-1,-1
17,45,679.22,183.34,17.30,65.28,1,1,-1,-1
17,21,1192.59,427.15,81.46,108.01,1,1,-1,-1
17,20,1181.53,459.52,102.41,117.26,1,1,-1,-1
17,19,1229.38,345.61,44.29,100.60,1,1,-1,-1
17,18,1174.43,330.76,53.41,126.98,1,1,-1,-1
17,17,902.02,474.88,29.64,79.45,1,1,-1,-1
17,16,875.30,409.80,61.48,130.46,1,1,-1,-1
17,13,807.59,420.63,51.91,148.80,1,1,-1,-1
17,11,737.69,198.07,13.85,38.17,1,1,-1,-1
17,10,703.74,435.55,58.13,170.59,1,1,-1,-1
17,9,666.06,296.12,44.39,43.87,1,1,-1,-1
17,4,562.83,211.40,24.02,31.86,1,1,-1,-1
18,193,1180.40,312.09,79.59,147.23,1,1,-1,-1
18,141,745.80,178.49,22.75,70.45,1,1,-1,-1
18,140,1196.21,433.07,51.18,92.68,1,1,-1,-1
18,81,585.44,227.63,34.07,60.06,1,1,-1,-1
18,73,874.67,457.32,44.22,104.35,1,1,-1,-1
18,45,678.43,185.27,17.14,65.61,1,1,-1,-1
18,21,1193.47,430.66,80.78,108.05,1,1,-1,-1
18,20,1179.85,463.25,102.26,117.94,1,1,-1,-1
18,19,1236.28,350.63,44.62,106.15,1,1,-1,-1
18,18,1183.27,336.55,56.65,129.35,1,1,-1,-1
18,17,905.75,487.50,32.44,81.64,1,1,-1,-1
18,16,878.25,417.83,62.61,134.09,1,1,-1,-1
18,13,810.61,432.59,52.05,151.50,1,1,-1,-1
18,11,738.35,201.37,12.85,37.61,1,1,-1,-1
18,10,703.15,448.91,61.31,173.46,1,1,-1,-1
18,9,664.08,300.26,45.09,44.76,1,1,-1,-1
18,4,561.42,213.95,23.48,31.68,1,1,-1,-1
19,202,834.39,228.73,30.29,76.16,1,1,-1,-1
19,197,1196.13,437.37,70.40,89.22,1,1,-1,-1
19,184,1175.01,351.73,91.26,137.96,1,1,-1,-1
19,141,744.05,179.05,22.56,68.92,1,1,-1,-1
19,140,1197.73,438.23,49.23,90.36,1,1,-1,-1
19,81,593.77,228.43,30.85,55.04,1,1,-1,-1
19,73,876.94,469.76,45.63,105.98,1,1,-1,-1
19,45,673.80,187.04,19.16,66.11,1,1,-1,-1
19,21,1194.66,435.99,79.45,105.69,1,1,-1,-1
19,19,1241.24,358.34,46.60,106.63,1,1,-1,-1
19,18,1188.63,342.37,57.91,130.35,1,1,-1,-1
19,17,910.10,501.40,32.59,81.21,1,1,-1,-1
19,16,882.33,426.89,62.75,135.90,1,1,-1,-1
19,13,812.47,446.13,55.02,152.15,1,1,-1,-1
19,11,736.97,202.36,13.73,38.39,1,1,-1,-1
19,10,703.54,460.73,63.21,179.26,1,1,-1,-1
19,9,661.98,305.96,46.14,47.70,1,1,-1,-1
19,8,645.73,315.24,35.98,69.84,1,1,-1,-1
20,215,731.75,182.86,28.43,68.63,1,1,-1,-1
20,202,828.42,223.88,32.57,79.93,1,1,-1,-1
20,184,1169.40,348.10,90.84,150.87,1,1,-1,-1
20,140,1194.11,441.01,48.61,87.54,1,1,-1,-1
20,73,878.36,480.18,48.08,111.49,1,1,-1,-1
20,21,1192.58,438.22,77.39,104.78,1,1,-1,-1
20,19,1246.61,364.92,46.36,108.82,1,1,-1,-1
20,18,1193.91,348.01,56.58,131.88,1,1,-1,-1
20,17,913.56,514.85,33.97,80.98,1,1,-1,-1
20,16,887.41,436.83,62.71,136.00,1,1,-1,-1
20,13,809.91,456.19,56.54,156.23,1,1,-1,-1
20,10,704.31,473.51,65.26,183.71,1,1,-1,-1
20,8,638.39,318.28,39.54,72.07,1,1,-1,-1
21,227,660.66,190.75,19.02,65.98,1,1,-1,-1
21,215,726.81,184.19,27.98,68.54,1,1,-1,-1
21,214,542.08,214.57,23.26,38.15,1,1,-1,-1
21,202,822.89,223.83,31.89,82.11,1,1,-1,-1
21,184,1172.68,349.41,88.21,157.96,1,1,-1,-1
21,140,1188.87,440.69,48.04,88.98,1,1,-1,-1
21,73,880.38,492.87,49.74,112.37,1,1,-1,-1
21,21,1192.06,452.42,77.21,100.78,1,1,-1,-1
21,18,1201.60,355.16,57.95,133.08,1,1,-1,-1
21,17,917.14,526.82,35.56,84.05,1,1,-1,-1
21,16,892.84,446.53,63.28,137.91,1,1,-1,-1
21,13,804.96,465.79,58.97,161.18,1,1,-1,-1
21,10,704.19,483.95,68.11,191.06,1,1,-1,-1
21,8,633.12,322.96,38.71,70.78,1,1,-1,-1
22,227,657.99,189.42,21.33,70.21,1,1,-1,-1
22,215,726.54,185.41,25.76,67.23,1,1,-1,-1
22,214,539.18,214.94,23.12,39.01,1,1,-1,-1
22,202,822.81,224.54,32.64,86.04,1,1,-1,-1
22,140,1184.12,441.52,45.44,88.74,1,1,-1,-1
22,73,882.46,504.82,51.45,115.32,1,1,-1,-1
22,21,1181.30,464.44,71.82,91.36,1,1,-1,-1
22,20,1165.01,465.15,98.30,114.13,1,1,-1,-1
22,18,1210.99,363.05,59.98,133.84,1,1,-1,-1
22,17,921.28,538.55,35.54,87.10,1,1,-1,-1
22,16,897.25,456.44,66.40,139.28,1,1,-1,-1
22,13,807.45,476.75,58.21,164.69,1,1,-1,-1
22,10,705.13,496.13,69.13,194.26,1,1,-1,-1
22,8,630.13,327.21,40.46,70.26,1,1,-1,-1
23,250,1181.79,434.18,74.34,101.17,1,1,-1,-1
23,242,719.15,205.01,18.90,39.64,1,1,-1,-1
23,228,648.82,318.42,41.43,45.83,1,1,-1,-1
23,215,722.64,195.96,28.18,75.45,1,1,-1,-1
23,214,538.90,217.13,22.29,35.83,1,1,-1,-1
23,202,824.97,227.28,31.60,87.06,1,1,-1,-1
23,140,1182.89,441.33,45.94,88.17,1,1,-1,-1
23,73,887.86,516.05,54.44,119.27,1,1,-1,-1
23,21,1183.03,449.93,73.66,98.00,1,1,-1,-1
23,20,1163.09,462.81,100.89,116.62,1,1,-1,-1
23,18,1221.65,369.94,60.51,136.94,1,1,-1,-1
23,17,924.18,551.87,38.50,88.04,1,1,-1,-1
23,16,901.71,465.44,69.59,143.06,1,1,-1,-1
23,13,812.79,487.55,57.47,169.67,1,1,-1,-1
23,10,706.44,508.77,70.18,197.58,1,1,-1,-1
23,8,633.42,329.64,43.67,67.36,1,1,-1,-1
24,248,688.80,185.47,20.10,63.55,1,1,-1,-1
24,228,649.70,321.89,42.00,46.87,1,1,-1,-1
24,214,539.16,219.18,21.71,33.46,1,1,-1,-1
24,202,828.42,229.19,30.17,87.37,1,1,-1,-1
24,140,1183.62,441.41,46.42,87.48,1,1,-1,-1
24,73,894.83,531.21,52.91,116.74,1,1,-1,-1
24,21,1184.50,443.65,74.13,101.12,1,1,-1,-1
24,20,1153.59,477.25,98.23,114.70,1,1,-1,-1
24,18,1232.84,377.01,60.84,139.83,1,1,-1,-1
24,17,933.26,565.43,39.07,92.19,1,1,-1,-1
24,16,907.87,474.93,69.43,145.40,1,1,-1,-1
24,13,818.20,499.94,59.88,178.32,1,1,-1,-1
24,10,709.98,521.36,71.62,200.70,1,1,-1,-1
24,8,630.32,331.70,44.99,72.31,1,1,-1,-1
25,261,559.22,237.55,36.77,62.00,1,1,-1,-1
25,228,651.32,322.48,44.02,46.44,1,1,-1,-1
25,214,537.34,219.07,24.27,34.94,1,1,-1,-1
25,202,829.58,230.20,34.03,90.00,1,1,-1,-1
25,140,1184.76,440.47,47.48,89.04,1,1,-1,-1
25,21,1185.67,439.50,75.12,105.01,1,1,-1,-1
25,20,1164.42,467.97,97.61,115.97,1,1,-1,-1
25,18,1244.06,384.09,61.50,143.40,1,1,-1,-1
25,17,940.96,570.30,36.99,87.41,1,1,-1,-1
25,16,912.76,484.42,71.81,148.23,1,1,-1,-1
25,13,824.77,509.69,58.99,182.61,1,1,-1,-1
25,10,713.35,534.07,75.88,203.49,1,1,-1,-1
25,8,629.23,334.80,46.04,73.83,1,1,-1,-1
26,272,730.73,185.76,26.44,72.48,1,1,-1,-1
26,261,558.34,239.15,36.14,61.60,1,1,-1,-1
26,228,651.97,323.83,43.11,47.92,1,1,-1,-1
26,220,911.56,551.23,60.30,133.43,1,1,-1,-1
26,214,537.81,220.10,23.18,33.94,1,1,-1,-1
26,202,833.50,232.07,33.93,91.12,1,1,-1,-1
26,140,1186.87,439.96,47.21,88.50,1,1,-1,-1
26,21,1185.86,436.82,77.30,108.53,1,1,-1,-1
26,20,1169.63,464.31,99.19,116.53,1,1,-1,-1
26,18,1256.93,390.50,63.60,147.27,1,1,-1,-1
26,17,948.37,582.42,44.81,102.26,1,1,-1,-1
26,16,920.88,496.56,72.96,149.87,1,1,-1,-1
26,13,831.17,520.05,59.13,186.47,1,1,-1,-1
26,10,717.77,546.44,79.61,207.57,1,1,-1,-1
26,8,628.89,336.99,48.32,76.03,1,1,-1,-1
27,272,731.47,186.45,26.94,73.11,1,1,-1,-1
27,261,555.56,239.12,39.60,64.63,1,1,-1,-1
27,242,723.01,207.10,16.90,43.37,1,1,-1,-1
27,228,650.97,331.19,43.11,53.35,1,1,-1,-1
27,220,920.25,565.15,62.82,136.26,1,1,-1,-1
27,214,538.81,220.92,21.31,33.33,1,1,-1,-1
27,202,837.84,234.01,33.47,92.18,1,1,-1,-1
27,140,1188.61,439.79,47.85,88.15,1,1,-1,-1
27,21,1188.10,435.02,75.84,110.66,1,1,-1,-1
27,20,1174.78,462.98,97.50,115.84,1,1,-1,-1
27,18,1270.67,396.69,65.69,152.48,1,1,-1,-1
27,16,930.85,509.32,73.66,151.80,1,1,-1,-1
27,13,837.05,530.22,61.20,191.65,1,1,-1,-1
27,10,723.91,557.81,82.43,204.70,1,1,-1,-1
27,8,630.85,339.70,47.03,78.04,1,1,-1,-1
28,293,970.89,629.22,52.22,100.82,1,1,-1,-1
28,280,681.11,188.50,18.18,59.48,1,1,-1,-1
28,272,732.42,187.98,27.05,72.78,1,1,-1,-1
28,261,554.69,239.82,39.36,66.22,1,1,-1,-1
28,242,722.79,209.50,16.28,42.14,1,1,-1,-1
28,228,651.68,329.83,45.78,53.30,1,1,-1,-1
28,220,929.30,579.71,64.51,138.31,1,1,-1,-1
28,214,538.20,221.41,21.42,34.01,1,1,-1,-1
28,202,842.23,236.61,33.06,93.26,1,1,-1,-1
28,140,1190.29,439.13,48.60,89.13,1,1,-1,-1
28,21,1188.65,434.41,77.15,110.55,1,1,-1,-1
28,20,1177.90,461.77,98.41,117.52,1,1,-1,-1
28,18,1281.98,407.64,62.84,153.74,1,1,-1,-1
28,16,940.68,522.42,75.89,153.63,1,1,-1,-1
28,13,842.93,542.12,63.61,193.74,1,1,-1,-1
28,10,727.81,571.26,86.74,195.61,1,1,-1,-1
28,8,631.33,341.85,46.46,80.89,1,1,-1,-1
29,280,674.71,190.19,15.14,51.72,1,1,-1,-1
29,272,735.25,181.78,29.96,81.75,1,1,-1,-1
29,261,554.53,241.17,37.70,67.25,1,1,-1,-1
29,228,653.52,331.36,45.60,53.64,1,1,-1,-1
29,220,938.18,594.33,67.05,140.40,1,1,-1,-1
29,214,537.78,220.68,21.98,36.69,1,1,-1,-1
29,202,842.30,224.27,38.66,112.02,1,1,-1,-1
29,140,1192.26,438.19,48.76,90.81,1,1,-1,-1
29,21,1188.69,432.79,80.01,113.84,1,1,-1,-1
29,20,1180.96,461.02,98.85,118.64,1,1,-1,-1
29,16,951.82,535.92,75.25,155.48,1,1,-1,-1
29,13,849.02,552.19,65.71,195.04,1,1,-1,-1
29,10,731.45,585.93,90.41,183.95,1,1,-1,-1
29,8,631.10,344.09,47.10,84.07,1,1,-1,-1
30,308,786.52,161.69,20.02,40.41,1,1,-1,-1
30,307,724.41,185.31,22.29,67.95,1,1,-1,-1
30,306,661.25,192.92,19.70,77.13,1,1,-1,-1
30,303,996.47,681.16,36.65,54.15,1,1,-1,-1
30,291,694.62,184.67,22.67,79.42,1,1,-1,-1
30,272,734.50,187.48,29.35,76.71,1,1,-1,-1
30,261,553.75,243.70,37.30,65.46,1,1,-1,-1
30,228,655.57,333.71,44.11,54.65,1,1,-1,-1
30,220,947.94,609.69,67.99,141.66,1,1,-1,-1
30,214,537.16,220.96,23.23,37.86,1,1,-1,-1
30,202,845.03,224.47,40.65,120.51,1,1,-1,-1
30,140,1196.78,437.03,47.79,91.67,1,1,-1,-1
30,21,1192.02,433.23,80.40,112.24,1,1,-1,-1
30,20,1184.38,459.95,98.51,120.55,1,1,-1,-1
30,16,962.29,549.41,76.49,157.04,1,1,-1,-1
30,13,854.74,562.40,69.20,194.39,1,1,-1,-1
30,10,735.30,600.47,94.50,172.53,1,1,-1,-1
30,8,630.55,347.10,48.31,86.55,1,1,-1,-1
31,322,854.80,238.72,33.50,108.43,1,1,-1,-1
31,308,782.55,161.67,18.95,35.77,1,1,-1,-1
31,306,661.06,194.51,20.14,76.72,1,1,-1,-1
31,291,693.63,182.71,25.76,82.24,1,1,-1,-1
31,272,736.04,191.42,26.73,73.10,1,1,-1,-1
31,261,552.87,244.21,37.09,68.20,1,1,-1,-1
31,228,655.96,336.27,46.26,56.08,1,1,-1,-1
31,220,961.38,623.36,66.85,137.91,1,1,-1,-1
31,214,537.78,221.32,22.09,37.76,1,1,-1,-1
31,140,1202.30,438.06,46.39,89.00,1,1,-1,-1
31,21,1194.94,439.79,78.34,105.77,1,1,-1,-1
31,20,1186.86,459.31,99.84,122.30,1,1,-1,-1
31,16,972.65,562.24,78.14,159.76,1,1,-1,-1
31,13,861.30,575.45,71.91,187.43,1,1,-1,-1
31,10,739.28,595.72,98.22,159.01,1,1,-1,-1
31,8,630.93,350.94,49.58,87.07,1,1,-1,-1
32,322,859.86,242.45,32.17,107.81,1,1,-1,-1
32,308,782.78,169.33,19.24,34.83,1,1,-1,-1
32,306,661.70,197.42,20.31,74.63,1,1,-1,-1
32,291,694.06,184.09,26.06,81.50,1,1,-1,-1
32,272,736.92,193.74,27.77,71.96,1,1,-1,-1
32,228,657.35,338.52,46.51,58.47,1,1,-1,-1
32,220,975.09,638.56,68.43,127.96,1,1,-1,-1
32,214,537.12,221.38,23.53,37.82,1,1,-1,-1
32,140,1206.70,438.17,47.72,88.50,1,1,-1,-1
32,21,1205.86,436.30,71.71,105.20,1,1,-1,-1
32,20,1189.45,459.29,100.30,122.48,1,1,-1,-1
32,16,982.55,576.17,80.73,160.83,1,1,-1,-1
32,13,871.61,587.63,73.98,178.05,1,1,-1,-1
32,8,631.71,354.22,50.77,89.24,1,1,-1,-1
33,323,729.73,212.02,15.53,49.97,1,1,-1,-1
33,322,864.28,246.57,32.43,105.84,1,1,-1,-1
33,306,663.63,199.69,18.33,72.64,1,1,-1,-1
33,291,694.28,186.72,26.26,78.58,1,1,-1,-1
33,272,738.18,195.80,27.55,70.38,1,1,-1,-1
33,228,658.89,343.18,45.85,56.14,1,1,-1,-1
33,220,991.95,648.14,75.25,124.82,1,1,-1,-1
33,214,537.32,222.62,21.95,36.68,1,1,-1,-1
33,140,1211.30,437.45,48.72,88.49,1,1,-1,-1
33,20,1192.44,459.35,100.31,122.98,1,1,-1,-1
33,16,994.14,590.64,83.83,156.48,1,1,-1,-1
33,13,870.05,608.95,76.81,171.81,1,1,-1,-1
33,8,632.60,342.91,47.42,84.13,1,1,-1,-1
34,330,744.83,192.94,32.45,63.07,1,1,-1,-1
34,323,727.80,214.22,15.42,44.25,1,1,-1,-1
34,322,868.83,250.16,31.76,105.46,1,1,-1,-1
34,306,664.49,202.12,18.60,70.65,1,1,-1,-1
34,291,693.90,188.24,28.24,77.90,1,1,-1,-1
34,272,743.00,189.45,27.42,71.77,1,1,-1,-1
34,228,659.66,346.06,47.13,57.41,1,1,-1,-1
34,220,1010.13,638.96,78.54,124.56,1,1,-1,-1
34,214,537.36,223.44,20.82,37.48,1,1,-1,-1
34,140,1216.66,437.06,48.31,88.68,1,1,-1,-1
34,20,1196.09,459.38,97.74,123.11,1,1,-1,-1
34,16,1007.27,607.08,86.04,147.16,1,1,-1,-1
34,13,894.00,649.29,76.39,154.55,1,1,-1,-1
35,371,921.58,652.23,61.66,102.75,1,1,-1,-1
35,363,1226.90,475.98,58.75,78.28,1,1,-1,-1
35,362,786.31,167.19,28.28,46.73,1,1,-1,-1
35,357,1005.78,666.01,66.42,80.84,1,1,-1,-1
35,330,746.66,192.29,31.55,67.28,1,1,-1,-1
35,323,731.53,216.06,15.13,46.28,1,1,-1,-1
35,306,666.33,203.77,16.98,69.63,1,1,-1,-1
35,291,694.62,189.32,27.61,78.75,1,1,-1,-1
35,272,742.98,196.24,25.56,68.65,1,1,-1,-1
35,261,553.65,249.40,31.90,68.65,1,1,-1,-1
35,228,660.03,349.58,49.38,57.43,1,1,-1,-1
35,220,1016.36,639.70,82.11,120.14,1,1,-1,-1
35,214,536.94,224.32,21.35,39.21,1,1,-1,-1
35,140,1221.84,435.77,48.24,91.00,1,1,-1,-1
35,20,1198.52,458.46,97.82,124.96,1,1,-1,-1
35,16,1019.46,623.54,90.15,136.75,1,1,-1,-1
36,371,936.79,670.42,57.98,86.81,1,1,-1,-1
36,362,785.73,168.38,30.69,47.35,1,1,-1,-1
36,330,747.58,193.51,31.96,67.82,1,1,-1,-1
36,323,731.58,216.93,16.16,48.54,1,1,-1,-1
36,291,695.30,190.12,27.64,79.72,1,1,-1,-1
36,272,744.04,198.31,24.60,69.72,1,1,-1,-1
36,261,554.35,251.60,29.12,66.94,1,1,-1,-1
36,228,661.72,352.28,49.01,59.71,1,1,-1,-1
36,140,1228.06,436.17,47.38,90.10,1,1,-1,-1
36,20,1200.65,459.14,98.67,124.85,1,1,-1,-1
37,371,951.16,689.12,56.98,69.74,1,1,-1,-1
37,364,639.40,376.27,46.88,86.80,1,1,-1,-1
37,362,787.83,170.58,28.26,45.95,1,1,-1,-1
37,330,750.45,195.87,29.66,66.81,1,1,-1,-1
37,323,731.58,217.40,15.83,50.98,1,1,-1,-1
37,291,695.15,192.14,29.55,78.66,1,1,-1,-1
37,272,745.82,200.26,23.35,69.01,1,1,-1,-1
37,261,554.25,252.87,28.87,68.59,1,1,-1,-1
37,228,661.46,355.81,50.61,61.25,1,1,-1,-1
37,140,1229.38,437.24,48.99,89.18,1,1,-1,-1
37,20,1205.32,461.18,95.76,122.52,1,1,-1,-1
38,387,1232.98,448.67,52.99,83.30,1,1,-1,-1
38,364,641.92,384.02,44.59,83.92,1,1,-1,-1
38,362,788.95,172.85,27.98,45.11,1,1,-1,-1
38,330,751.99,196.93,30.44,67.27,1,1,-1,-1
38,291,694.63,192.31,30.36,79.49,1,1,-1,-1
38,272,746.29,201.65,24.52,69.34,1,1,-1,-1
38,261,552.88,254.21,30.18,70.02,1,1,-1,-1
38,228,661.11,359.33,52.95,63.81,1,1,-1,-1
38,140,1231.58,437.50,47.31,90.42,1,1,-1,-1
38,20,1209.13,462.38,94.98,122.03,1,1,-1,-1
39,405,1246.08,433.19,57.87,96.37,1,1,-1,-1
39,398,1222.47,433.26,96.09,129.76,1,1,-1,-1
39,387,1230.81,461.11,59.55,89.02,1,1,-1,-1
39,364,641.96,388.04,46.09,87.62,1,1,-1,-1
39,330,755.54,199.03,28.01,65.93,1,1,-1,-1
39,291,694.98,192.54,29.40,80.14,1,1,-1,-1
39,272,748.11,202.81,23.57,70.06,1,1,-1,-1
39,261,552.53,256.46,30.38,70.26,1,1,-1,-1
39,228,661.97,364.24,52.45,63.28,1,1,-1,-1
39,214,535.59,231.19,24.52,39.62,1,1,-1,-1
39,140,1232.58,439.18,47.46,90.32,1,1,-1,-1
39,20,1213.63,463.53,93.64,122.35,1,1,-1,-1
40,398,1227.23,428.19,89.26,124.92,1,1,-1,-1
40,364,641.56,391.63,48.07,92.47,1,1,-1,-1
40,330,756.90,200.76,26.92,64.75,1,1,-1,-1
40,291,694.39,194.84,29.67,77.95,1,1,-1,-1
40,272,748.44,203.41,23.20,71.90,1,1,-1,-1
40,261,550.59,259.44,32.83,69.91,1,1,-1,-1
40,228,662.57,368.34,52.96,65.58,1,1,-1,-1
40,214,534.00,231.58,26.90,39.53,1,1,-1,-1
40,140,1234.43,440.79,47.07,89.61,1,1,-1,-1
40,20,1217.28,464.65,91.79,122.36,1,1,-1,-1
41,398,1230.03,428.14,88.22,123.29,1,1,-1,-1
41,330,757.29,201.23,27.28,66.55,1,1,-1,-1
41,323,731.51,224.09,17.51,56.38,1,1,-1,-1
41,322,891.51,268.26,42.89,118.26,1,1,-1,-1
41,306,668.48,206.69,18.55,76.94,1,1,-1,-1
41,291,693.73,196.61,30.52,77.95,1,1,-1,-1
41,272,749.14,205.04,21.82,71.68,1,1,-1,-1
41,261,550.71,262.96,30.77,69.48,1,1,-1,-1
41,228,663.24,372.60,52.85,66.66,1,1,-1,-1
41,214,532.88,233.07,26.90,38.05,1,1,-1,-1
41,140,1235.86,441.27,47.92,90.88,1,1,-1,-1
41,20,1219.93,466.86,91.62,121.37,1,1,-1,-1
42,398,1225.55,416.22,75.13,113.52,1,1,-1,-1
42,362,792.53,179.08,26.09,46.66,1,1,-1,-1
42,330,757.79,197.91,30.37,77.79,1,1,-1,-1
42,323,733.50,225.39,16.18,58.61,1,1,-1,-1
42,322,893.31,273.54,42.64,118.10,1,1,-1,-1
42,306,668.45,210.80,17.98,73.28,1,1,-1,-1
42,291,693.51,197.70,31.31,80.40,1,1,-1,-1
42,272,749.01,207.16,22.03,71.12,1,1,-1,-1
42,261,549.55,265.86,31.81,71.29,1,1,-1,-1
42,228,663.96,376.15,52.48,68.85,1,1,-1,-1
42,214,532.90,235.00,25.39,37.31,1,1,-1,-1
42,140,1237.91,441.81,48.99,91.92,1,1,-1,-1
42,20,1223.83,468.92,89.65,121.10,1,1,-1,-1
43,398,1209.89,425.54,84.97,126.22,1,1,-1,-1
43,362,793.14,180.08,26.62,47.92,1,1,-1,-1
43,330,755.12,200.78,31.43,73.31,1,1,-1,-1
43,322,893.52,278.88,45.20,118.98,1,1,-1,-1
43,306,667.72,213.70,16.53,72.41,1,1,-1,-1
43,291,692.86,199.36,32.67,81.44,1,1,-1,-1
43,272,746.91,208.51,22.87,71.05,1,1,-1,-1
43,261,545.69,268.48,32.55,70.76,1,1,-1,-1
43,228,664.28,380.87,53.47,69.87,1,1,-1,-1
43,214,528.87,236.29,27.71,37.16,1,1,-1,-1
43,140,1241.39,441.98,59.56,101.48,1,1,-1,-1
43,20,1224.19,468.06,90.35,122.27,1,1,-1,-1
44,398,1222.97,428.60,85.74,125.64,1,1,-1,-1
44,364,637.07,398.98,65.36,122.35,1,1,-1,-1
44,362,793.70,189.73,23.33,41.36,1,1,-1,-1
44,330,752.96,202.09,31.40,73.05,1,1,-1,-1
44,322,894.49,282.36,46.08,123.36,1,1,-1,-1
44,306,665.75,215.49,16.72,73.87,1,1,-1,-1
44,291,693.27,201.32,32.42,82.39,1,1,-1,-1
44,272,744.61,208.62,23.52,73.68,1,1,-1,-1
44,261,543.69,268.38,34.41,75.78,1,1,-1,-1
44,228,661.14,384.87,56.42,73.43,1,1,-1,-1
44,214,530.87,235.42,26.20,35.60,1,1,-1,-1
44,140,1237.90,439.92,54.63,100.16,1,1,-1,-1
44,20,1225.19,468.77,88.71,119.91,1,1,-1,-1
45,398,1227.45,430.69,83.87,123.98,1,1,-1,-1
45,364,632.36,410.10,65.72,120.02,1,1,-1,-1
45,362,792.04,184.34,24.55,45.16,1,1,-1,-1
45,330,757.19,200.92,30.19,71.28,1,1,-1,-1
45,322,894.59,286.80,48.72,126.39,1,1,-1,-1
45,306,664.50,218.97,16.48,72.67,1,1,-1,-1
45,291,689.63,203.32,31.32,82.18,1,1,-1,-1
45,272,744.59,213.35,28.06,81.89,1,1,-1,-1
45,228,659.24,391.62,55.63,73.18,1,1,-1,-1
45,140,1235.31,440.21,53.80,97.46,1,1,-1,-1
45,20,1224.55,467.58,89.25,120.58,1,1,-1,-1
46,398,1226.76,430.96,86.43,125.42,1,1,-1,-1
46,364,634.29,403.51,65.66,106.20,1,1,-1,-1
46,362,789.12,181.59,24.29,45.92,1,1,-1,-1
46,322,895.04,291.60,46.68,125.59,1,1,-1,-1
46,272,739.68,211.43,28.30,79.59,1,1,-1,-1
46,140,1234.76,441.11,52.60,96.12,1,1,-1,-1
46,20,1224.74,467.69,88.58,119.01,1,1,-1,-1
47,465,520.04,273.28,33.97,81.04,1,1,-1,-1
47,464,508.52,243.41,28.49,42.79,1,1,-1,-1
47,398,1220.78,432.59,86.66,121.83,1,1,-1,-1
47,322,893.81,290.80,54.38,146.05,1,1,-1,-1
47,140,1222.21,434.35,62.98,106.26,1,1,-1,-1
47,20,1223.51,459.51,89.68,121.07,1,1,-1,-1
48,476,615.85,439.34,57.18,114.59,1,1,-1,-1
48,473,739.72,214.83,25.92,60.19,1,1,-1,-1
48,472,705.73,233.45,22.71,61.18,1,1,-1,-1
48,467,648.66,226.31,14.11,56.92,1,1,-1,-1
48,465,510.43,278.70,32.85,77.22,1,1,-1,-1
48,464,510.34,255.17,27.81,40.61,1,1,-1,-1
48,398,1198.47,426.35,102.98,143.69,1,1,-1,-1
48,322,890.99,294.28,52.70,141.27,1,1,-1,-1
48,140,1219.02,436.70,68.21,110.95,1,1,-1,-1
48,20,1212.82,463.57,90.03,118.63,1,1,-1,-1
49,485,718.74,216.50,25.39,76.65,1,1,-1,-1
49,476,606.98,445.21,61.91,121.81,1,1,-1,-1
49,473,736.15,218.47,21.96,56.91,1,1,-1,-1
49,472,698.75,235.17,21.45,61.28,1,1,-1,-1
49,398,1195.76,427.04,100.40,135.45,1,1,-1,-1
49,322,887.24,299.14,51.36,137.30,1,1,-1,-1
49,291,665.93,210.41,31.57,83.59,1,1,-1,-1
49,228,633.43,414.71,59.47,75.07,1,1,-1,-1
49,140,1224.78,429.16,67.46,104.52,1,1,-1,-1
49,20,1204.01,463.57,89.15,119.49,1,1,-1,-1
50,495,757.14,177.55,28.31,55.18,1,1,-1,-1
50,485,710.11,219.99,24.35,75.80,1,1,-1,-1
50,476,599.99,452.97,64.39,123.18,1,1,-1,-1
50,473,726.18,217.62,25.66,63.35,1,1,-1,-1
50,472,691.28,238.12,20.46,59.31,1,1,-1,-1
50,398,1192.02,428.25,94.42,130.62,1,1,-1,-1
50,322,882.88,303.59,52.04,136.18,1,1,-1,-1
50,291,659.26,212.74,30.51,82.77,1,1,-1,-1
50,272,737.00,223.85,29.43,78.03,1,1,-1,-1
50,228,627.16,421.16,59.52,75.72,1,1,-1,-1
50,20,1195.68,463.95,89.03,117.75,1,1,-1,-1
51,496,622.24,220.16,20.40,85.27,1,1,-1,-1
51,495,749.72,181.31,26.88,51.40,1,1,-1,-1
51,485,699.03,221.34,28.20,80.05,1,1,-1,-1
51,476,595.52,461.52,62.98,122.32,1,1,-1,-1
51,473,718.98,221.92,23.74,60.46,1,1,-1,-1
51,398,1178.51,427.62,104.41,145.36,1,1,-1,-1
51,322,879.64,307.66,52.78,137.26,1,1,-1,-1
51,291,651.96,214.49,30.60,83.91,1,1,-1,-1
51,228,621.31,426.98,58.14,76.74,1,1,-1,-1
51,20,1192.30,463.37,88.17,117.23,1,1,-1,-1
52,496,615.02,224.12,20.23,88.04,1,1,-1,-1
52,495,740.45,174.47,26.85,49.53,1,1,-1,-1
52,485,695.13,222.82,27.03,82.09,1,1,-1,-1
52,476,590.27,468.82,63.48,123.75,1,1,-1,-1
52,473,715.28,223.78,23.23,61.34,1,1,-1,-1
52,398,1182.28,431.68,105.77,145.64,1,1,-1,-1
52,322,877.15,313.68,53.55,136.28,1,1,-1,-1
52,291,645.94,217.21,29.45,82.77,1,1,-1,-1
52,228,615.15,432.96,58.44,78.40,1,1,-1,-1
52,20,1190.11,462.67,88.44,117.32,1,1,-1,-1
53,513,741.36,216.49,35.78,54.27,1,1,-1,-1
53,511,1191.43,431.19,75.24,119.02,1,1,-1,-1
53,496,610.02,227.04,21.00,90.00,1,1,-1,-1
53,476,586.32,476.21,61.49,124.95,1,1,-1,-1
53,473,709.92,233.98,20.39,55.06,1,1,-1,-1
53,322,878.94,319.54,52.93,136.96,1,1,-1,-1
53,228,611.24,438.33,60.57,82.92,1,1,-1,-1
53,20,1189.78,462.53,86.36,116.47,1,1,-1,-1
54,524,459.37,256.21,27.72,34.28,1,1,-1,-1
54,513,737.62,220.97,34.23,53.35,1,1,-1,-1
54,511,1186.18,431.50,80.98,116.80,1,1,-1,-1
54,503,1198.70,439.17,46.13,90.52,1,1,-1,-1
54,496,607.02,231.64,19.46,86.85,1,1,-1,-1
54,476,582.50,483.80,63.28,125.72,1,1,-1,-1
54,472,673.62,246.04,21.06,58.62,1,1,-1,-1
54,465,463.41,300.07,32.85,76.04,1,1,-1,-1
54,322,881.74,325.91,53.00,137.80,1,1,-1,-1
54,228,608.82,445.60,62.78,84.27,1,1,-1,-1
54,20,1190.65,462.21,82.32,116.02,1,1,-1,-1
55,524,457.86,257.50,26.89,36.14,1,1,-1,-1
55,511,1175.45,428.13,89.97,125.14,1,1,-1,-1
55,503,1199.48,441.54,42.69,86.43,1,1,-1,-1
55,502,739.52,191.20,28.53,48.77,1,1,-1,-1
55,476,581.22,492.89,61.48,123.50,1,1,-1,-1
55,472,670.71,246.98,22.42,60.75,1,1,-1,-1
55,465,460.89,301.68,34.92,79.58,1,1,-1,-1
55,322,885.24,332.96,52.68,137.68,1,1,-1,-1
55,20,1192.03,461.69,78.15,116.67,1,1,-1,-1
56,524,456.71,260.99,25.29,34.72,1,1,-1,-1
56,511,1172.98,436.28,100.77,142.73,1,1,-1,-1
56,503,1198.69,441.50,45.04,87.45,1,1,-1,-1
56,476,581.49,501.92,61.07,125.42,1,1,-1,-1
56,472,669.25,249.32,24.11,61.45,1,1,-1,-1
56,465,452.92,303.23,33.27,73.88,1,1,-1,-1
56,464,462.64,307.91,36.29,76.44,1,1,-1,-1
56,322,888.37,340.47,53.48,136.81,1,1,-1,-1
56,291,634.38,224.08,27.96,81.57,1,1,-1,-1
56,20,1192.85,462.73,76.64,115.73,1,1,-1,-1
57,549,740.52,224.23,25.64,37.50,1,1,-1,-1
57,548,691.82,233.03,25.02,84.83,1,1,-1,-1
57,544,1189.66,431.15,84.59,116.75,1,1,-1,-1
57,538,741.92,169.37,35.38,67.56,1,1,-1,-1
57,524,455.55,263.36,23.65,34.47,1,1,-1,-1
57,503,1200.39,443.08,43.49,86.71,1,1,-1,-1
57,476,573.00,515.02,58.68,119.65,1,1,-1,-1
57,472,669.54,253.69,23.44,58.57,1,1,-1,-1
57,465,444.22,282.79,36.99,79.72,1,1,-1,-1
57,464,458.39,309.89,39.14,80.44,1,1,-1,-1
57,322,891.84,348.03,54.39,136.53,1,1,-1,-1
57,291,633.39,227.44,30.73,83.92,1,1,-1,-1
57,20,1193.13,464.45,77.55,114.72,1,1,-1,-1
58,563,584.57,519.57,68.12,136.15,1,1,-1,-1
58,548,692.40,235.36,24.92,85.16,1,1,-1,-1
58,544,1212.16,422.33,78.04,117.88,1,1,-1,-1
58,524,453.29,265.11,24.22,36.49,1,1,-1,-1
58,503,1200.64,444.19,45.71,87.40,1,1,-1,-1
58,496,601.65,245.38,20.21,84.45,1,1,-1,-1
58,476,569.35,510.35,71.16,144.33,1,1,-1,-1
58,472,670.85,257.32,21.11,57.32,1,1,-1,-1
58,464,456.10,313.73,41.30,80.45,1,1,-1,-1
58,322,896.36,356.27,54.77,137.08,1,1,-1,-1
58,291,633.99,229.74,31.31,86.59,1,1,-1,-1
58,228,608.41,472.05,65.50,90.55,1,1,-1,-1
58,20,1193.77,466.07,78.27,115.02,1,1,-1,-1
