1,42,378.00,193.00,102.00,43.00,1,4,-1,-1
1,41,190.00,686.00,62.00,108.00,1,10,-1,-1
1,40,1674.00,115.00,128.00,57.00,1,4,-1,-1
1,39,1363.00,177.00,150.00,77.00,1,4,-1,-1
1,38,335.00,162.00,193.00,82.00,1,4,-1,-1
1,37,139.00,657.00,76.00,114.00,1,2,-1,-1
1,36,64.00,159.00,194.00,85.00,1,4,-1,-1
1,35,696.00,463.00,73.00,163.00,1,1,-1,-1
1,34,883.00,25.00,31.00,47.00,1,2,-1,-1
1,33,186.00,644.00,75.00,112.00,1,2,-1,-1
1,32,364.00,-12.00,31.00,64.00,1,2,-1,-1
1,31,378.00,147.00,95.00,35.00,1,4,-1,-1
1,30,314.00,6.00,21.00,41.00,1,2,-1,-1
1,29,1673.00,133.00,85.00,38.00,1,4,-1,-1
1,28,634.00,159.00,141.00,61.00,1,4,-1,-1
1,27,897.00,191.00,218.00,109.00,1,4,-1,-1
1,26,723.00,207.00,103.00,67.00,1,7,-1,-1
1,25,683.00,460.00,63.00,146.00,1,1,-1,-1
1,24,1333.00,-9.00,19.00,46.00,1,1,-1,-1
1,23,1347.00,30.00,11.00,27.00,1,1,-1,-1
1,22,1598.00,632.00,300.00,236.00,1,4,-1,-1
1,21,1358.00,12.00,17.00,41.00,1,1,-1,-1
1,20,1353.00,177.00,157.00,81.00,1,4,-1,-1
1,19,1286.00,7.00,20.00,44.00,1,2,-1,-1
1,18,1275.00,14.00,17.00,40.00,1,1,-1,-1
1,17,1250.00,423.00,57.00,91.00,1,2,-1,-1
1,16,1218.00,462.00,95.00,66.00,1,3,-1,-1
1,15,1007.00,416.00,48.00,73.00,1,2,-1,-1
1,14,983.00,437.00,106.00,67.00,1,3,-1,-1
1,13,910.00,203.00,169.00,85.00,1,4,-1,-1
1,12,903.00,4.00,50.00,49.00,1,4,-1,-1
1,11,842.00,39.00,33.00,34.00,1,10,-1,-1
1,10,690.00,479.00,50.00,116.00,1,1,-1,-1
1,9,635.00,165.00,159.00,69.00,1,4,-1,-1
1,8,503.00,79.00,25.00,53.00,1,1,-1,-1
1,7,358.00,21.00,23.00,48.00,1,2,-1,-1
1,6,330.00,133.00,164.00,60.00,1,4,-1,-1
1,5,180.00,671.00,63.00,109.00,1,10,-1,-1
1,4,177.00,650.00,75.00,112.00,1,2,-1,-1
1,3,122.00,234.00,212.00,76.00,1,4,-1,-1
1,2,49.00,183.00,198.00,87.00,1,4,-1,-1
2,68,725.00,530.00,35.00,78.00,1,1,-1,-1
2,67,115.00,222.00,278.00,100.00,1,4,-1,-1
2,66,856.00,7.00,32.00,47.00,1,2,-1,-1
2,65,152.00,717.00,75.00,97.00,1,2,-1,-1
2,64,1232.00,127.00,159.00,59.00,1,4,-1,-1
2,63,736.00,479.00,44.00,97.00,1,1,-1,-1
2,62,1650.00,130.00,78.00,27.00,1,4,-1,-1
2,61,1249.00,8.00,18.00,46.00,1,1,-1,-1
2,60,1584.00,375.00,71.00,138.00,1,1,-1,-1
2,59,1201.00,300.00,23.00,32.00,1,2,-1,-1
2,58,1606.00,401.00,48.00,93.00,1,1,-1,-1
2,57,1259.00,8.00,16.00,41.00,1,1,-1,-1
2,56,1242.00,114.00,155.00,58.00,1,4,-1,-1
2,55,1216.00,298.00,45.00,61.00,1,2,-1,-1
2,54,1211.00,314.00,59.00,58.00,1,10,-1,-1
2,53,848.00,22.00,23.00,34.00,1,2,-1,-1
2,52,519.00,75.00,27.00,59.00,1,1,-1,-1
2,51,402.00,14.00,22.00,51.00,1,2,-1,-1
2,50,343.00,14.00,22.00,45.00,1,2,-1,-1
2,49,325.00,27.00,24.00,46.00,1,2,-1,-1
2,48,992.00,421.00,62.00,95.00,1,2,-1,-1
2,47,335.00,-15.00,26.00,52.00,1,2,-1,-1
2,46,1374.00,-14.00,21.00,47.00,1,1,-1,-1
2,45,1628.00,96.00,134.00,47.00,1,4,-1,-1
2,44,1011.00,417.00,65.00,41.00,1,3,-1,-1
2,43,1186.00,306.00,59.00,80.00,1,2,-1,-1
2,41,178.66,690.69,48.69,71.62,1,10,-1,-1
2,40,1608.67,103.28,174.68,68.44,1,4,-1,-1
2,38,367.93,191.02,169.14,71.96,1,4,-1,-1
2,35,718.01,473.93,52.99,118.13,1,1,-1,-1
2,32,373.02,13.93,22.95,47.13,1,2,-1,-1
2,29,1647.93,137.05,129.14,57.90,1,4,-1,-1
2,26,677.94,200.06,130.14,84.88,1,7,-1,-1
2,21,1358.00,11.00,17.00,41.00,1,1,-1,-1
2,20,1346.00,179.00,157.00,81.00,1,4,-1,-1
2,18,1275.00,14.00,17.00,40.00,1,1,-1,-1
2,17,1252.94,420.09,54.12,86.82,1,2,-1,-1
2,16,1249.24,431.73,72.51,71.55,1,3,-1,-1
2,15,1014.00,414.00,48.00,73.00,1,2,-1,-1
2,14,989.00,436.00,106.00,67.00,1,3,-1,-1
2,11,839.56,49.95,31.89,39.10,1,10,-1,-1
2,10,694.98,497.01,40.03,92.98,1,1,-1,-1
2,6,317.00,132.00,164.00,60.00,1,4,-1,-1
2,5,181.00,667.00,63.00,109.00,1,10,-1,-1
2,4,177.28,646.59,75.44,110.82,1,2,-1,-1
2,3,131.00,233.00,212.00,76.00,1,4,-1,-1
2,2,56.00,182.00,198.00,87.00,1,4,-1,-1
3,85,1031.00,400.00,63.00,95.00,1,2,-1,-1
3,84,1587.00,624.00,295.00,233.00,1,4,-1,-1
3,83,1184.00,298.00,48.00,65.00,1,2,-1,-1
3,82,1262.00,440.00,66.00,105.00,1,2,-1,-1
3,81,1532.00,404.00,43.00,74.00,1,1,-1,-1
3,80,1266.00,110.00,87.00,32.00,1,4,-1,-1
3,79,340.00,49.00,21.00,43.00,1,2,-1,-1
3,78,1375.00,12.00,21.00,51.00,1,1,-1,-1
3,77,990.00,430.00,134.00,85.00,1,3,-1,-1
3,76,995.00,431.00,139.00,88.00,1,3,-1,-1
3,75,1528.00,388.00,51.00,89.00,1,1,-1,-1
3,74,1360.00,5.00,18.00,41.00,1,1,-1,-1
3,73,1235.00,458.00,95.00,66.00,1,3,-1,-1
3,72,879.00,28.00,23.00,35.00,1,2,-1,-1
3,71,843.00,39.00,33.00,34.00,1,10,-1,-1
3,70,374.00,13.00,23.00,47.00,1,2,-1,-1
3,69,178.00,690.00,52.00,67.00,1,2,-1,-1
3,64,1231.93,123.04,196.14,72.92,1,4,-1,-1
3,63,723.94,473.15,53.12,117.70,1,1,-1,-1
3,58,1610.94,399.12,48.12,93.76,1,1,-1,-1
3,55,1205.00,292.00,45.00,61.00,1,2,-1,-1
3,54,1199.24,308.77,58.51,56.47,1,10,-1,-1
3,53,833.44,22.41,35.12,42.18,1,2,-1,-1
3,52,519.00,75.00,27.00,59.00,1,1,-1,-1
3,51,402.00,13.00,22.00,51.00,1,2,-1,-1
3,50,343.00,14.00,22.00,45.00,1,2,-1,-1
3,48,981.82,421.75,109.36,95.51,1,2,-1,-1
3,47,342.88,3.24,21.24,43.52,1,2,-1,-1
3,46,1366.84,-14.64,17.31,40.27,1,1,-1,-1
3,45,1618.04,110.98,122.92,43.04,1,4,-1,-1
3,43,1191.89,309.06,46.23,50.89,1,2,-1,-1
3,40,1604.35,101.85,157.66,59.30,1,4,-1,-1
3,38,376.92,192.37,164.92,70.21,1,4,-1,-1
3,37,135.65,610.08,95.70,138.85,1,2,-1,-1
3,34,879.14,39.79,24.71,36.42,1,2,-1,-1
3,33,151.58,625.38,83.84,135.24,1,2,-1,-1
3,29,1638.07,137.66,135.33,61.14,1,4,-1,-1
3,26,680.75,197.94,133.97,87.47,1,7,-1,-1
3,25,701.99,476.01,50.02,115.98,1,1,-1,-1
3,22,1598.89,630.09,299.23,235.82,1,4,-1,-1
3,21,1358.94,10.00,17.00,41.00,1,1,-1,-1
3,20,1339.94,181.00,157.00,81.00,1,4,-1,-1
3,18,1275.94,14.00,17.00,40.00,1,1,-1,-1
3,17,1264.77,421.16,56.04,89.74,1,2,-1,-1
3,15,1021.94,412.94,48.00,73.00,1,2,-1,-1
3,14,995.94,435.94,106.00,67.00,1,3,-1,-1
3,13,895.00,198.00,169.00,85.00,1,4,-1,-1
3,12,904.00,3.00,50.00,49.00,1,4,-1,-1
3,9,618.11,161.95,159.77,69.10,1,4,-1,-1
3,7,358.00,19.00,23.00,48.00,1,2,-1,-1
3,6,303.69,131.17,164.62,60.61,1,4,-1,-1
3,5,173.84,653.27,59.55,94.57,1,10,-1,-1
3,4,177.46,643.39,76.08,110.16,1,2,-1,-1
3,3,140.94,232.00,212.00,76.00,1,4,-1,-1
3,2,63.00,181.00,198.00,87.00,1,4,-1,-1
4,40,1600.29,92.29,168.35,62.19,1,4,-1,-1
4,38,383.09,192.02,164.16,69.90,1,4,-1,-1
4,29,1630.52,138.22,136.32,61.83,1,4,-1,-1
4,26,688.13,197.46,135.13,88.04,1,7,-1,-1
4,21,1359.96,9.85,17.00,41.00,1,1,-1,-1
4,20,1333.96,183.00,157.00,81.00,1,4,-1,-1
4,15,1029.11,411.11,48.00,73.00,1,2,-1,-1
4,14,1002.95,435.11,106.00,67.00,1,3,-1,-1
4,6,293.08,122.50,158.99,59.17,1,4,-1,-1
4,4,178.52,640.05,76.65,109.01,1,2,-1,-1
4,3,150.95,231.00,212.00,76.00,1,4,-1,-1
4,2,70.00,180.00,198.00,87.00,1,4,-1,-1
5,54,1175.54,297.40,57.92,54.09,1,10,-1,-1
5,52,519.86,74.18,26.97,58.68,1,1,-1,-1
5,40,1591.17,99.46,158.81,58.21,1,4,-1,-1
5,38,388.87,190.92,164.26,69.95,1,4,-1,-1
5,29,1624.80,126.00,147.72,67.69,1,4,-1,-1
5,25,716.50,477.44,47.20,109.48,1,1,-1,-1
5,21,1360.97,9.06,17.00,41.00,1,1,-1,-1
5,20,1327.97,185.00,157.00,81.00,1,4,-1,-1
5,15,1036.90,409.91,48.00,73.00,1,2,-1,-1
5,13,880.30,193.10,169.48,85.07,1,4,-1,-1
5,12,898.48,10.98,65.19,63.38,1,4,-1,-1
5,9,601.97,158.83,160.00,69.08,1,4,-1,-1
5,7,357.97,-3.55,26.02,53.53,1,2,-1,-1
5,4,178.94,637.54,77.25,107.61,1,2,-1,-1
5,3,160.97,230.78,212.00,76.00,1,4,-1,-1
5,2,77.00,179.78,198.00,87.00,1,4,-1,-1
6,74,1356.15,4.15,18.00,41.00,1,1,-1,-1
6,72,882.00,29.11,23.00,35.00,1,2,-1,-1
6,69,171.39,659.24,68.36,87.97,1,2,-1,-1
6,56,1195.71,108.06,149.54,56.13,1,4,-1,-1
6,54,1163.48,291.64,57.26,52.82,1,10,-1,-1
6,40,1584.47,102.38,153.42,56.05,1,4,-1,-1
6,38,394.58,190.43,164.60,70.11,1,4,-1,-1
6,29,1609.03,133.58,153.16,70.39,1,4,-1,-1
6,25,723.24,476.58,46.55,108.36,1,1,-1,-1
6,21,1361.97,8.85,17.00,41.00,1,1,-1,-1
6,20,1321.97,187.00,157.00,81.00,1,4,-1,-1
6,13,872.91,190.90,169.30,85.03,1,4,-1,-1
6,12,901.41,3.02,58.95,57.79,1,4,-1,-1
6,4,205.21,641.10,67.96,100.33,1,2,-1,-1
6,3,170.97,230.02,212.00,76.00,1,4,-1,-1
6,2,84.00,179.02,198.00,87.00,1,4,-1,-1
7,94,880.59,37.09,29.49,42.43,1,2,-1,-1
7,88,1289.89,8.19,19.00,44.52,1,2,-1,-1
7,74,1354.94,3.94,18.00,41.00,1,1,-1,-1
7,72,883.00,29.91,23.00,35.00,1,2,-1,-1
7,69,177.62,667.54,61.33,78.95,1,2,-1,-1
7,56,1204.59,117.20,129.06,48.43,1,4,-1,-1
7,55,1159.15,269.11,45.00,61.00,1,2,-1,-1
7,40,1577.58,103.71,150.48,54.85,1,4,-1,-1
7,38,401.02,189.46,164.99,70.28,1,4,-1,-1
7,29,1604.03,137.90,146.35,67.79,1,4,-1,-1
7,25,726.61,480.76,46.91,109.36,1,1,-1,-1
7,17,1295.65,417.07,57.50,91.40,1,2,-1,-1
7,13,865.82,188.86,169.19,85.01,1,4,-1,-1
7,12,907.37,7.51,66.49,64.76,1,4,-1,-1
7,3,180.98,229.08,212.00,76.00,1,4,-1,-1
7,2,91.55,178.11,197.61,86.95,1,4,-1,-1
8,107,173.71,621.15,88.04,123.57,1,2,-1,-1
8,105,392.81,12.24,17.17,42.58,1,2,-1,-1
8,98,361.54,16.19,21.60,44.86,1,2,-1,-1
8,90,725.06,198.78,127.02,82.75,1,7,-1,-1
8,88,1290.70,8.37,18.57,44.35,1,2,-1,-1
8,86,191.94,649.00,63.00,109.00,1,10,-1,-1
8,72,884.32,38.06,23.84,35.40,1,2,-1,-1
8,71,846.23,40.00,33.95,34.22,1,10,-1,-1
8,69,180.96,639.57,73.28,93.47,1,2,-1,-1
8,63,761.03,450.73,67.25,151.58,1,1,-1,-1
8,55,1147.92,263.10,45.00,61.00,1,2,-1,-1
8,40,1570.24,104.53,149.10,54.54,1,4,-1,-1
8,29,1598.60,140.45,141.52,66.06,1,4,-1,-1
8,25,735.00,475.53,46.82,109.61,1,1,-1,-1
8,17,1303.18,416.05,57.41,91.38,1,2,-1,-1
8,13,858.28,186.14,169.50,85.05,1,4,-1,-1
8,3,190.29,228.79,212.00,76.00,1,4,-1,-1
8,2,98.80,177.13,197.36,86.93,1,4,-1,-1
9,116,1281.00,14.00,17.00,40.00,1,1,-1,-1
9,105,393.64,11.35,17.11,42.70,1,2,-1,-1
9,90,728.50,195.38,132.25,86.06,1,7,-1,-1
9,86,193.19,646.00,63.00,109.00,1,10,-1,-1
9,72,885.32,40.73,24.33,35.53,1,2,-1,-1
9,71,846.96,40.72,34.01,34.20,1,10,-1,-1
9,69,181.39,627.80,79.19,99.45,1,2,-1,-1
9,63,760.23,455.79,62.48,140.34,1,1,-1,-1
9,55,1136.85,257.79,45.00,61.00,1,2,-1,-1
9,40,1562.70,104.89,148.30,54.38,1,4,-1,-1
9,17,1310.50,414.97,57.71,91.48,1,2,-1,-1
9,15,1063.75,403.08,58.05,71.39,1,2,-1,-1
9,13,851.06,183.90,169.70,85.07,1,4,-1,-1
9,2,105.92,176.81,197.21,86.92,1,4,-1,-1
10,130,1644.86,358.84,70.61,114.57,1,1,-1,-1
10,129,1283.06,419.18,123.95,101.43,1,3,-1,-1
10,127,897.86,-20.74,67.91,65.91,1,4,-1,-1
10,126,856.00,29.00,23.00,34.00,1,2,-1,-1
10,116,1281.22,13.22,17.00,40.00,1,1,-1,-1
10,105,393.91,11.06,17.08,42.78,1,2,-1,-1
10,90,734.01,193.44,134.67,87.56,1,7,-1,-1
10,86,197.16,634.54,57.88,87.99,1,10,-1,-1
10,71,847.88,40.96,34.04,34.17,1,10,-1,-1
10,69,179.82,603.98,92.05,113.18,1,2,-1,-1
10,63,764.42,458.59,59.37,133.03,1,1,-1,-1
10,54,1112.42,264.82,66.41,57.04,1,10,-1,-1
10,40,1555.51,105.06,147.51,54.28,1,4,-1,-1
10,20,1322.19,217.53,143.39,73.99,1,4,-1,-1
10,17,1318.20,413.92,57.89,91.52,1,2,-1,-1
10,15,1071.33,403.07,54.93,71.37,1,2,-1,-1
10,13,843.97,181.83,169.83,85.07,1,4,-1,-1
10,2,112.98,176.05,197.11,86.92,1,4,-1,-1
11,146,511.00,78.00,25.00,54.00,1,1,-1,-1
11,134,1306.57,436.73,87.78,79.46,1,2,-1,-1
11,127,903.79,-8.04,59.41,57.82,1,4,-1,-1
11,126,857.78,30.00,23.00,34.00,1,2,-1,-1
11,116,1281.98,12.98,17.00,40.00,1,1,-1,-1
11,105,394.00,10.25,17.06,42.84,1,2,-1,-1
11,90,741.12,192.80,135.74,88.21,1,7,-1,-1
11,74,1349.97,2.97,18.00,41.00,1,1,-1,-1
11,71,848.34,41.00,34.41,34.23,1,10,-1,-1
11,69,179.41,608.85,91.25,109.92,1,2,-1,-1
11,63,761.00,461.82,67.59,151.08,1,1,-1,-1
11,56,1150.15,115.56,149.58,56.27,1,4,-1,-1
11,54,1105.02,261.51,63.28,53.79,1,10,-1,-1
11,40,1547.95,105.15,147.03,54.25,1,4,-1,-1
11,20,1301.03,205.80,147.95,76.34,1,4,-1,-1
11,17,1326.06,413.57,58.01,91.52,1,2,-1,-1
11,15,1079.66,402.38,52.84,71.51,1,2,-1,-1
11,13,836.25,178.46,169.91,85.07,1,4,-1,-1
11,2,120.01,175.13,197.04,86.93,1,4,-1,-1
12,162,189.85,661.00,52.00,67.00,1,2,-1,-1
12,153,142.78,119.57,216.66,83.72,1,4,-1,-1
12,146,511.22,76.44,25.00,54.00,1,1,-1,-1
12,134,1313.56,438.22,90.96,75.75,1,2,-1,-1
12,127,906.63,-2.89,54.60,53.23,1,4,-1,-1
12,116,1282.92,12.92,17.00,40.00,1,1,-1,-1
12,105,394.73,9.98,17.04,42.88,1,2,-1,-1
12,98,363.44,13.86,21.84,45.51,1,2,-1,-1
12,90,747.48,192.66,136.14,88.43,1,7,-1,-1
12,74,1348.90,2.90,18.00,41.00,1,1,-1,-1
12,71,849.10,41.00,34.66,34.25,1,10,-1,-1
12,69,180.18,609.95,90.86,106.86,1,2,-1,-1
12,63,767.80,468.60,69.55,155.32,1,1,-1,-1
12,54,1097.17,257.64,61.22,51.65,1,10,-1,-1
12,29,1579.17,139.05,127.27,62.38,1,4,-1,-1
12,22,1605.65,622.23,296.67,235.67,1,4,-1,-1
12,20,1288.73,202.31,150.83,77.82,1,4,-1,-1
12,17,1333.65,412.22,57.44,91.33,1,2,-1,-1
12,15,1088.12,402.29,51.43,72.00,1,2,-1,-1
12,13,828.81,175.32,169.64,85.04,1,4,-1,-1
12,2,127.70,174.81,196.99,86.93,1,4,-1,-1
13,162,191.84,656.44,52.00,67.00,1,2,-1,-1
13,146,511.24,74.49,25.00,54.00,1,1,-1,-1
13,134,1320.79,438.42,92.78,73.36,1,2,-1,-1
13,127,908.11,-0.58,51.78,50.55,1,4,-1,-1
13,105,394.97,9.37,17.06,43.26,1,2,-1,-1
13,98,363.64,13.03,21.94,45.74,1,2,-1,-1
13,74,1347.88,2.88,18.00,41.00,1,1,-1,-1
13,72,889.08,42.29,24.98,35.47,1,2,-1,-1
13,71,849.98,41.67,34.82,34.25,1,10,-1,-1
13,69,179.79,608.54,90.48,104.62,1,2,-1,-1
13,63,777.18,458.43,64.86,144.73,1,1,-1,-1
13,55,1085.85,227.29,55.55,66.43,1,2,-1,-1
13,54,1089.67,253.43,59.83,50.21,1,10,-1,-1
13,29,1570.00,144.96,127.94,63.85,1,4,-1,-1
13,22,1606.67,621.89,296.37,235.67,1,4,-1,-1
13,20,1280.50,201.04,152.98,79.45,1,4,-1,-1
13,17,1341.74,411.22,56.07,90.98,1,2,-1,-1
13,15,1096.53,403.04,50.47,72.71,1,2,-1,-1
13,2,143.21,169.52,187.12,82.70,1,4,-1,-1
14,192,1268.00,7.00,19.00,41.00,1,1,-1,-1
14,190,411.62,154.97,229.09,97.66,1,4,-1,-1
14,189,347.04,9.89,22.00,45.00,1,2,-1,-1
14,179,1369.00,4.13,17.00,41.00,1,1,-1,-1
14,164,522.85,71.30,27.00,58.42,1,1,-1,-1
14,162,193.86,651.49,52.00,67.00,1,2,-1,-1
14,146,511.93,73.16,25.00,54.00,1,1,-1,-1
14,127,909.62,0.55,50.10,48.96,1,4,-1,-1
14,105,395.04,9.11,17.07,43.52,1,2,-1,-1
14,98,363.66,12.71,22.03,45.93,1,2,-1,-1
14,86,214.68,631.87,54.84,90.79,1,10,-1,-1
14,71,854.90,33.57,31.00,33.53,1,10,-1,-1
14,69,179.49,606.72,89.80,102.90,1,2,-1,-1
14,63,785.30,455.79,61.44,137.01,1,1,-1,-1
14,55,1078.23,226.70,52.40,64.78,1,2,-1,-1
14,54,1079.52,248.97,58.89,49.23,1,10,-1,-1
14,20,1274.15,201.06,154.81,80.91,1,4,-1,-1
14,17,1349.65,409.67,54.48,90.61,1,2,-1,-1
14,15,1104.86,404.06,49.81,73.56,1,2,-1,-1
14,3,249.94,224.78,212.00,76.00,1,4,-1,-1
14,2,145.44,173.44,190.03,83.97,1,4,-1,-1
15,210,1657.26,386.94,59.40,96.26,1,1,-1,-1
15,209,138.90,125.77,257.50,107.00,1,4,-1,-1
15,208,333.53,34.09,26.68,50.22,1,2,-1,-1
15,192,1269.00,7.00,19.00,41.00,1,1,-1,-1
15,191,779.87,461.83,48.99,115.20,1,1,-1,-1
15,190,430.35,171.88,203.28,86.64,1,4,-1,-1
15,189,347.19,9.71,22.46,45.33,1,2,-1,-1
15,179,1370.00,3.92,17.00,41.00,1,1,-1,-1
15,146,512.15,71.34,25.00,54.00,1,1,-1,-1
15,127,910.31,1.12,49.10,48.01,1,4,-1,-1
15,105,395.06,8.99,17.07,43.70,1,2,-1,-1
15,98,363.64,12.58,22.10,46.10,1,2,-1,-1
15,71,857.98,30.66,28.34,33.06,1,10,-1,-1
15,63,792.72,455.50,58.95,131.41,1,1,-1,-1
15,56,1104.46,109.61,153.43,57.76,1,4,-1,-1
15,54,1068.97,244.35,58.26,48.57,1,10,-1,-1
15,20,1268.87,201.62,155.80,82.20,1,4,-1,-1
15,17,1358.20,408.56,52.73,90.26,1,2,-1,-1
15,15,1113.11,404.97,49.33,74.20,1,2,-1,-1
15,3,260.61,224.04,212.00,76.00,1,4,-1,-1
15,2,149.52,174.75,192.05,84.85,1,4,-1,-1
16,220,502.32,144.86,165.36,70.27,1,4,-1,-1
16,210,1666.01,384.22,53.47,86.38,1,1,-1,-1
16,192,1270.00,7.00,19.00,41.00,1,1,-1,-1
16,191,786.09,460.87,48.98,115.11,1,1,-1,-1
16,190,443.70,177.94,188.64,80.39,1,4,-1,-1
16,189,347.21,9.52,22.64,44.99,1,2,-1,-1
16,146,512.89,70.05,25.00,54.00,1,1,-1,-1
16,128,1090.72,436.70,106.00,67.00,1,3,-1,-1
16,116,1286.93,11.22,17.00,40.00,1,1,-1,-1
16,98,363.59,12.51,22.17,46.25,1,2,-1,-1
16,90,781.33,201.18,123.06,80.12,1,7,-1,-1
16,71,860.19,29.66,26.48,32.76,1,10,-1,-1
16,63,799.70,455.73,57.16,127.37,1,1,-1,-1
16,54,1058.21,239.61,57.84,48.13,1,10,-1,-1
16,20,1263.81,202.39,156.83,83.43,1,4,-1,-1
16,15,1121.29,406.06,49.00,74.97,1,2,-1,-1
16,13,800.60,163.74,167.49,84.15,1,4,-1,-1
16,2,151.70,167.10,186.39,82.42,1,4,-1,-1
17,220,491.78,143.80,166.66,70.41,1,4,-1,-1
17,210,1670.05,388.46,55.88,90.37,1,1,-1,-1
17,192,1271.00,7.00,19.00,41.00,1,1,-1,-1
17,191,780.01,451.60,46.99,110.50,1,1,-1,-1
17,190,454.80,180.73,180.01,76.71,1,4,-1,-1
17,189,347.18,9.54,22.76,44.75,1,2,-1,-1
17,146,514.63,67.98,28.11,60.70,1,1,-1,-1
17,98,363.54,12.48,22.23,46.39,1,2,-1,-1
17,90,786.86,198.15,126.67,82.40,1,7,-1,-1
17,71,861.28,28.69,25.18,32.59,1,10,-1,-1
17,63,807.04,455.88,55.87,124.46,1,1,-1,-1
17,29,1540.38,151.57,128.19,67.68,1,4,-1,-1
17,20,1258.64,203.26,157.58,84.61,1,4,-1,-1
17,15,1129.91,407.21,48.48,75.77,1,2,-1,-1
17,13,794.24,162.16,166.85,83.72,1,4,-1,-1
18,248,379.00,9.00,23.00,47.00,1,2,-1,-1
18,220,472.27,130.95,179.78,75.61,1,4,-1,-1
18,210,1675.20,391.76,57.14,92.46,1,1,-1,-1
18,190,463.02,182.82,174.78,74.48,1,4,-1,-1
18,164,524.26,73.44,24.63,53.26,1,1,-1,-1
18,146,511.08,66.33,26.84,58.30,1,1,-1,-1
18,98,363.50,12.45,22.29,46.51,1,2,-1,-1
18,86,196.00,629.49,63.29,107.58,1,10,-1,-1
18,71,862.51,28.37,24.28,32.51,1,10,-1,-1
18,63,815.10,459.76,54.94,122.38,1,1,-1,-1
18,55,1040.06,214.85,47.31,62.10,1,2,-1,-1
18,40,1480.43,101.12,169.00,65.24,1,4,-1,-1
18,20,1254.13,204.18,158.13,85.73,1,4,-1,-1
18,15,1138.23,408.34,48.12,76.65,1,2,-1,-1
18,13,766.54,164.03,175.63,93.94,1,4,-1,-1
19,248,378.22,9.00,23.00,47.00,1,2,-1,-1
19,220,466.55,136.76,176.39,73.74,1,4,-1,-1
19,210,1680.82,394.11,57.83,93.62,1,1,-1,-1
19,190,470.26,184.67,171.40,73.42,1,4,-1,-1
19,165,891.87,31.37,24.02,36.53,1,2,-1,-1
19,164,523.21,73.86,25.44,54.90,1,1,-1,-1
19,146,510.60,66.33,25.97,56.93,1,1,-1,-1
19,98,363.45,12.42,22.34,46.62,1,2,-1,-1
19,86,193.35,631.28,64.67,109.69,1,10,-1,-1
19,63,824.00,464.90,54.28,120.89,1,1,-1,-1
19,55,1031.32,211.15,46.62,61.74,1,2,-1,-1
19,20,1249.90,207.09,158.53,86.83,1,4,-1,-1
19,15,1146.43,409.27,47.84,77.31,1,2,-1,-1
19,13,771.84,158.64,172.92,90.45,1,4,-1,-1
20,275,1749.96,98.86,119.59,54.09,1,4,-1,-1
20,249,1595.45,382.22,55.84,92.40,1,1,-1,-1
20,248,377.98,9.00,23.00,47.00,1,2,-1,-1
20,247,67.07,126.86,161.60,65.27,1,4,-1,-1
20,220,429.15,137.49,216.30,89.91,1,4,-1,-1
20,193,1302.68,5.45,18.00,45.00,1,2,-1,-1
20,190,476.59,186.26,169.78,73.16,1,4,-1,-1
20,165,893.37,32.25,23.68,36.03,1,2,-1,-1
20,162,190.40,651.70,45.34,57.76,1,2,-1,-1
20,146,511.38,66.72,25.69,56.39,1,1,-1,-1
20,128,1119.83,437.14,108.68,68.75,1,3,-1,-1
20,116,1291.56,12.28,15.35,36.28,1,1,-1,-1
20,98,363.42,12.40,22.39,46.73,1,2,-1,-1
20,86,190.35,633.65,65.90,111.14,1,10,-1,-1
20,74,1338.67,2.86,17.01,35.65,1,1,-1,-1
20,63,833.18,470.38,53.81,119.83,1,1,-1,-1
20,20,1245.79,210.75,158.83,87.91,1,4,-1,-1
20,15,1154.55,410.33,47.66,78.08,1,2,-1,-1
20,13,770.70,156.41,170.88,87.67,1,4,-1,-1
21,296,1044.28,112.92,155.36,58.17,1,4,-1,-1
21,293,330.12,18.44,27.83,47.23,1,2,-1,-1
21,275,1780.41,109.34,93.85,41.90,1,4,-1,-1
21,249,1600.47,383.44,57.03,93.21,1,1,-1,-1
21,248,377.92,9.00,23.00,47.00,1,2,-1,-1
21,247,52.79,127.08,159.39,65.89,1,4,-1,-1
21,193,1304.60,6.45,18.00,45.00,1,2,-1,-1
21,190,482.69,187.67,168.58,73.33,1,4,-1,-1
21,162,189.17,654.07,47.50,60.45,1,2,-1,-1
21,146,510.39,67.66,25.50,56.00,1,1,-1,-1
21,116,1293.77,13.98,15.86,37.44,1,1,-1,-1
21,90,810.45,188.42,132.92,86.41,1,7,-1,-1
21,86,187.88,636.32,67.05,112.17,1,10,-1,-1
21,74,1341.05,4.95,18.29,37.56,1,1,-1,-1
21,63,842.41,475.91,53.48,119.09,1,1,-1,-1
21,20,1242.22,214.71,158.75,88.95,1,4,-1,-1
21,15,1162.63,411.43,47.54,78.93,1,2,-1,-1
22,311,1624.08,648.82,282.90,242.69,1,4,-1,-1
22,296,1033.34,113.88,156.17,58.24,1,4,-1,-1
22,293,330.04,17.87,28.02,47.39,1,2,-1,-1
22,275,1767.55,117.73,92.36,40.68,1,4,-1,-1
22,270,150.58,618.81,75.43,90.81,1,2,-1,-1
22,249,1605.48,385.08,58.10,93.69,1,1,-1,-1
22,248,377.91,9.00,23.00,47.00,1,2,-1,-1
22,247,38.63,127.77,156.80,66.23,1,4,-1,-1
22,193,1305.94,7.50,18.00,45.00,1,2,-1,-1
22,190,488.19,188.94,167.94,73.82,1,4,-1,-1
22,146,515.00,63.08,26.02,56.53,1,1,-1,-1
22,127,914.45,1.68,47.25,46.80,1,4,-1,-1
22,90,818.33,193.27,133.10,86.47,1,7,-1,-1
22,86,185.64,639.81,68.15,112.89,1,10,-1,-1
22,74,1341.98,6.11,19.45,38.85,1,1,-1,-1
22,63,854.69,468.12,56.97,126.74,1,1,-1,-1
22,40,1462.51,107.44,153.21,60.28,1,4,-1,-1
22,20,1238.43,218.76,158.71,89.99,1,4,-1,-1
22,15,1171.16,412.54,47.16,79.79,1,2,-1,-1
23,336,1409.28,454.94,93.77,66.66,1,3,-1,-1
23,311,1626.33,654.60,284.74,248.97,1,4,-1,-1
23,297,1384.00,6.89,17.00,41.00,1,1,-1,-1
23,293,329.99,17.71,28.10,47.43,1,2,-1,-1
23,270,137.45,621.98,65.76,78.04,1,2,-1,-1
23,248,377.91,9.00,23.00,47.00,1,2,-1,-1
23,127,914.65,1.65,47.17,46.84,1,4,-1,-1
23,90,825.65,195.77,133.20,86.51,1,7,-1,-1
23,86,179.55,646.45,69.23,113.71,1,10,-1,-1
23,74,1342.36,7.00,20.55,39.75,1,1,-1,-1
23,63,852.48,494.95,57.79,130.28,1,1,-1,-1
23,40,1456.94,108.83,151.01,59.57,1,4,-1,-1
23,15,1180.72,416.44,46.92,80.98,1,2,-1,-1
24,341,149.58,621.76,99.86,115.82,1,2,-1,-1
24,336,1419.36,458.85,93.77,66.63,1,3,-1,-1
24,330,405.78,9.37,19.32,46.48,1,2,-1,-1
24,311,1606.72,633.35,340.48,304.81,1,4,-1,-1
24,293,330.13,17.59,28.53,47.60,1,2,-1,-1
24,128,1148.44,455.80,114.32,72.18,1,3,-1,-1
24,127,915.38,1.63,47.11,46.88,1,4,-1,-1
24,90,832.12,198.70,133.24,86.51,1,7,-1,-1
24,86,170.47,633.87,66.85,97.65,1,10,-1,-1
24,74,1342.34,7.87,21.33,40.33,1,1,-1,-1
24,63,846.77,471.56,61.47,140.40,1,1,-1,-1
24,40,1450.86,110.11,149.47,59.07,1,4,-1,-1
24,17,1443.27,421.18,47.52,89.79,1,2,-1,-1
24,15,1190.66,421.33,46.76,82.42,1,2,-1,-1
25,352,979.00,226.96,61.00,46.00,1,10,-1,-1
25,351,518.06,80.03,27.09,57.99,1,1,-1,-1
25,346,503.44,75.72,24.74,54.24,1,1,-1,-1
25,341,135.64,603.80,113.00,129.97,1,2,-1,-1
25,338,867.87,32.00,23.00,34.00,1,2,-1,-1
25,330,405.22,10.51,19.17,46.15,1,2,-1,-1
25,293,328.56,18.35,28.42,47.50,1,2,-1,-1
25,162,166.44,686.87,45.99,58.23,1,2,-1,-1
25,128,1164.97,459.01,111.95,70.70,1,3,-1,-1
25,127,915.63,1.60,47.09,46.92,1,4,-1,-1
25,116,1300.83,19.14,15.97,37.95,1,1,-1,-1
25,90,838.93,202.43,133.24,86.50,1,7,-1,-1
25,86,158.07,638.56,71.52,96.89,1,10,-1,-1
25,74,1342.22,8.76,21.89,40.71,1,1,-1,-1
25,63,868.80,485.57,59.22,134.31,1,1,-1,-1
25,40,1445.14,111.98,148.37,58.72,1,4,-1,-1
25,17,1454.78,425.38,57.33,106.61,1,2,-1,-1
25,15,1200.72,426.99,46.65,83.76,1,2,-1,-1
26,380,1658.17,679.95,250.93,245.36,1,4,-1,-1
26,367,899.00,51.89,25.00,35.00,1,10,-1,-1
26,366,360.13,13.96,23.00,48.00,1,2,-1,-1
26,352,969.44,227.75,61.00,46.00,1,10,-1,-1
26,351,517.12,81.63,27.00,57.56,1,1,-1,-1
26,349,862.78,508.51,50.35,118.05,1,1,-1,-1
26,346,501.21,77.03,24.95,54.45,1,1,-1,-1
26,338,868.85,33.00,23.00,34.00,1,2,-1,-1
26,330,404.29,11.49,19.28,46.43,1,2,-1,-1
26,192,1289.01,13.59,17.76,40.20,1,1,-1,-1
26,189,343.72,13.15,26.65,49.41,1,2,-1,-1
26,90,845.87,206.46,133.21,86.47,1,7,-1,-1
26,86,148.89,645.08,75.19,96.37,1,10,-1,-1
26,74,1342.10,9.69,22.28,40.97,1,1,-1,-1
26,63,883.25,495.21,57.52,129.80,1,1,-1,-1
26,40,1439.01,113.38,147.87,58.47,1,4,-1,-1
26,17,1463.24,427.62,56.18,102.46,1,2,-1,-1
27,383,862.82,55.09,30.16,32.72,1,10,-1,-1
27,367,899.22,53.09,25.00,35.00,1,10,-1,-1
27,366,358.10,14.97,23.00,48.00,1,2,-1,-1
27,352,960.23,228.73,61.00,46.00,1,10,-1,-1
27,351,516.13,82.86,26.97,57.32,1,1,-1,-1
27,338,869.13,34.00,23.00,34.00,1,2,-1,-1
27,330,403.24,12.37,19.49,46.92,1,2,-1,-1
27,192,1290.95,15.57,17.81,40.39,1,1,-1,-1
27,189,342.02,11.06,25.92,46.94,1,2,-1,-1
27,90,852.87,209.94,133.17,86.43,1,7,-1,-1
27,86,140.95,652.89,77.84,96.00,1,10,-1,-1
27,74,1342.00,11.29,22.56,41.14,1,1,-1,-1
27,63,894.69,502.87,56.25,126.47,1,1,-1,-1
27,40,1432.80,115.23,148.09,58.31,1,4,-1,-1
28,403,1665.23,419.87,62.64,96.11,1,1,-1,-1
28,400,360.01,146.97,183.04,71.53,1,4,-1,-1
28,383,863.88,57.10,30.05,32.74,1,10,-1,-1
28,367,899.24,54.87,25.00,35.00,1,10,-1,-1
28,366,356.82,16.71,23.00,48.00,1,2,-1,-1
28,352,951.14,229.76,61.00,46.00,1,10,-1,-1
28,351,515.83,83.96,26.95,57.18,1,1,-1,-1
28,338,869.91,35.00,23.00,34.00,1,2,-1,-1
28,336,1461.80,481.08,102.70,67.07,1,3,-1,-1
28,330,402.14,13.91,19.71,47.47,1,2,-1,-1
28,86,133.67,660.49,79.75,95.72,1,10,-1,-1
28,74,1341.93,12.51,22.77,41.25,1,1,-1,-1
28,40,1426.43,117.24,148.83,58.21,1,4,-1,-1
28,3,374.87,241.60,226.46,82.29,1,4,-1,-1
29,420,215.67,189.62,196.31,90.71,1,4,-1,-1
29,413,132.18,729.38,54.24,68.79,1,2,-1,-1
29,407,948.27,206.10,46.81,62.33,1,2,-1,-1
29,400,344.94,147.40,188.20,73.12,1,4,-1,-1
29,383,864.92,59.09,30.00,32.77,1,10,-1,-1
29,367,899.22,56.83,25.00,35.00,1,10,-1,-1
29,366,355.04,17.96,23.00,48.00,1,2,-1,-1
29,352,942.10,230.10,61.00,46.00,1,10,-1,-1
29,336,1472.41,487.89,106.60,66.77,1,3,-1,-1
29,330,402.97,8.02,20.85,47.57,1,2,-1,-1
29,127,918.25,4.09,47.10,47.04,1,4,-1,-1
29,86,127.43,668.63,81.13,95.50,1,10,-1,-1
29,74,1336.82,11.14,24.54,44.28,1,1,-1,-1
29,40,1419.73,119.30,149.66,58.14,1,4,-1,-1
29,13,711.53,166.85,166.65,81.04,1,4,-1,-1
29,3,384.38,244.46,223.41,81.71,1,4,-1,-1
30,430,1498.10,195.62,131.80,80.64,1,4,-1,-1
30,423,950.72,126.72,161.41,57.54,1,4,-1,-1
30,420,217.60,192.71,196.60,91.56,1,4,-1,-1
30,413,125.30,722.44,69.85,94.50,1,2,-1,-1
30,407,939.01,207.74,46.89,62.46,1,2,-1,-1
30,400,331.32,148.89,190.45,73.59,1,4,-1,-1
30,383,865.95,61.08,29.97,32.80,1,10,-1,-1
30,367,901.75,62.19,20.58,28.97,1,10,-1,-1
30,366,353.11,19.04,23.00,48.00,1,2,-1,-1
30,352,933.76,230.88,61.00,46.00,1,10,-1,-1
30,336,1482.85,494.91,110.88,66.61,1,3,-1,-1
30,330,404.88,4.18,19.48,44.89,1,2,-1,-1
30,127,919.21,5.06,47.15,47.11,1,4,-1,-1
30,74,1340.30,13.18,24.20,43.53,1,1,-1,-1
30,40,1413.07,121.37,150.83,58.10,1,4,-1,-1
30,3,392.91,247.26,221.62,81.88,1,4,-1,-1
31,443,1335.04,5.25,22.84,48.98,1,1,-1,-1
31,436,318.55,29.95,23.93,42.86,1,2,-1,-1
31,430,1494.58,199.75,132.84,82.59,1,4,-1,-1
31,423,940.34,129.15,162.32,58.63,1,4,-1,-1
31,420,220.21,195.75,196.92,92.47,1,4,-1,-1
31,416,567.13,209.85,140.14,67.33,1,4,-1,-1
31,413,117.27,723.97,76.13,107.44,1,2,-1,-1
31,407,930.58,208.97,46.81,62.37,1,2,-1,-1
31,400,315.03,150.75,192.30,73.68,1,4,-1,-1
31,399,114.23,717.83,83.19,132.92,1,10,-1,-1
31,367,900.72,62.91,22.15,31.13,1,10,-1,-1
31,336,1495.83,504.05,114.10,66.43,1,3,-1,-1
31,330,401.67,1.48,20.80,48.54,1,2,-1,-1
31,192,1299.60,22.75,17.89,40.69,1,1,-1,-1
31,189,333.34,14.51,24.62,42.35,1,2,-1,-1
31,105,386.12,14.52,16.43,46.25,1,2,-1,-1
31,74,1341.69,15.37,23.95,42.97,1,1,-1,-1
31,63,931.19,529.51,53.98,121.84,1,1,-1,-1
31,40,1406.37,123.42,152.26,58.08,1,4,-1,-1
32,463,1540.54,472.59,65.40,99.45,1,2,-1,-1
32,461,1291.31,482.01,34.27,74.47,1,2,-1,-1
32,436,317.08,32.39,23.05,42.10,1,2,-1,-1
32,423,929.88,131.51,163.26,60.04,1,4,-1,-1
32,420,221.47,199.12,197.50,92.75,1,4,-1,-1
32,416,549.57,215.33,150.25,72.38,1,4,-1,-1
32,413,109.48,728.53,78.86,114.97,1,2,-1,-1
32,407,921.74,210.80,46.68,62.21,1,2,-1,-1
32,403,1715.11,451.28,64.19,97.79,1,1,-1,-1
32,400,298.38,153.46,193.74,73.57,1,4,-1,-1
32,399,116.07,750.10,73.27,109.16,1,10,-1,-1
32,349,922.31,535.83,55.21,129.78,1,1,-1,-1
32,338,874.45,45.69,21.80,32.05,1,2,-1,-1
32,330,406.96,4.49,17.03,41.99,1,2,-1,-1
32,192,1302.33,24.72,17.61,40.68,1,1,-1,-1
32,189,331.35,15.80,24.43,41.65,1,2,-1,-1
32,105,385.10,16.25,16.31,46.18,1,2,-1,-1
32,63,940.32,540.35,53.64,120.62,1,1,-1,-1
32,40,1381.37,125.78,179.86,67.92,1,4,-1,-1
33,484,911.14,526.52,71.07,166.99,1,1,-1,-1
33,477,1198.73,281.25,177.76,111.50,1,4,-1,-1
33,463,1556.77,480.98,66.25,100.93,1,2,-1,-1
33,461,1299.33,486.13,40.28,89.12,1,2,-1,-1
33,444,901.22,45.76,23.00,35.00,1,2,-1,-1
33,436,318.86,41.14,18.56,34.48,1,2,-1,-1
33,423,920.32,134.33,163.82,61.27,1,4,-1,-1
33,420,222.77,202.84,198.57,93.00,1,4,-1,-1
33,407,912.78,212.13,46.54,62.03,1,2,-1,-1
33,403,1727.28,458.96,64.69,98.26,1,1,-1,-1
33,400,281.63,156.48,195.03,73.37,1,4,-1,-1
33,349,926.47,553.50,53.49,125.81,1,1,-1,-1
33,338,873.29,43.48,22.19,32.67,1,2,-1,-1
33,192,1305.31,26.74,17.40,40.68,1,1,-1,-1
33,189,328.52,17.24,24.00,41.42,1,2,-1,-1
33,105,379.82,18.25,22.16,57.16,1,2,-1,-1
33,40,1380.51,126.72,174.85,65.60,1,4,-1,-1
34,495,1666.98,122.18,145.05,64.65,1,4,-1,-1
34,477,1194.82,287.26,180.39,113.47,1,4,-1,-1
34,463,1573.48,489.86,66.68,102.00,1,2,-1,-1
34,461,1310.26,491.51,43.09,97.27,1,2,-1,-1
34,460,486.14,93.85,24.94,53.56,1,1,-1,-1
34,459,363.49,19.74,23.00,47.00,1,2,-1,-1
34,444,901.92,47.78,23.00,35.00,1,2,-1,-1
34,436,313.87,39.94,19.99,37.44,1,2,-1,-1
34,420,224.03,206.71,199.95,93.21,1,4,-1,-1
34,403,1739.93,466.79,64.99,98.52,1,1,-1,-1
34,400,264.86,159.60,196.30,73.13,1,4,-1,-1
34,383,869.43,69.73,29.94,32.88,1,10,-1,-1
34,352,913.59,227.85,56.99,49.31,1,10,-1,-1
34,338,872.77,43.84,22.44,33.07,1,2,-1,-1
34,193,1337.43,28.65,18.06,46.97,1,2,-1,-1
34,192,1307.89,28.08,17.55,40.74,1,1,-1,-1
34,189,325.59,19.12,23.70,41.26,1,2,-1,-1
34,40,1376.69,129.59,171.90,64.16,1,4,-1,-1
35,495,1662.73,124.59,145.53,65.82,1,4,-1,-1
35,477,1191.48,294.04,182.76,115.40,1,4,-1,-1
35,463,1590.36,498.88,66.92,102.94,1,2,-1,-1
35,461,1311.95,498.67,53.84,124.15,1,2,-1,-1
35,459,361.16,21.70,23.00,47.00,1,2,-1,-1
35,444,902.14,49.81,23.00,35.00,1,2,-1,-1
35,430,1488.98,222.17,138.25,90.57,1,4,-1,-1
35,420,225.22,210.63,201.53,93.37,1,4,-1,-1
35,403,1752.25,474.83,65.55,99.08,1,1,-1,-1
35,383,869.45,72.63,29.94,32.89,1,10,-1,-1
35,352,896.92,233.35,58.13,48.32,1,10,-1,-1
35,338,872.52,44.52,22.61,33.35,1,2,-1,-1
35,192,1310.56,29.87,17.37,40.73,1,1,-1,-1
35,189,322.61,21.16,23.48,41.14,1,2,-1,-1
35,128,1281.75,538.28,110.76,64.08,1,3,-1,-1
35,74,1343.35,21.35,23.49,41.97,1,1,-1,-1
35,40,1371.15,133.02,170.27,63.39,1,4,-1,-1
36,477,1186.79,302.21,185.94,118.54,1,4,-1,-1
36,463,1611.25,515.19,63.38,97.72,1,2,-1,-1
36,459,358.34,23.72,23.00,47.00,1,2,-1,-1
36,444,902.88,51.84,23.00,35.00,1,2,-1,-1
36,430,1488.83,228.95,139.43,92.51,1,4,-1,-1
36,413,69.61,773.82,80.78,124.56,1,2,-1,-1
36,403,1764.94,482.78,65.91,99.42,1,1,-1,-1
36,399,71.71,768.48,73.55,101.17,1,10,-1,-1
36,383,869.42,74.97,29.94,32.91,1,10,-1,-1
36,366,338.65,21.33,24.20,50.24,1,2,-1,-1
36,352,886.74,234.86,49.12,45.74,1,10,-1,-1
36,189,319.61,22.77,23.34,41.34,1,2,-1,-1
36,128,1309.56,544.15,103.87,59.13,1,3,-1,-1
36,74,1343.66,22.54,23.41,41.80,1,1,-1,-1
37,493,382.80,25.97,22.00,53.00,1,2,-1,-1
37,477,1182.37,311.38,189.37,122.37,1,4,-1,-1
37,463,1628.73,529.22,68.75,106.09,1,2,-1,-1
37,459,355.37,25.75,23.00,47.00,1,2,-1,-1
37,423,869.99,146.68,170.34,64.20,1,4,-1,-1
37,413,41.26,773.33,98.00,135.04,1,2,-1,-1
37,407,876.78,219.07,46.09,61.45,1,2,-1,-1
37,399,58.54,781.80,78.23,99.96,1,10,-1,-1
37,383,869.39,77.74,29.94,32.92,1,10,-1,-1
37,366,335.31,27.62,23.84,49.56,1,2,-1,-1
37,349,967.78,610.09,50.46,122.64,1,1,-1,-1
37,189,316.58,24.63,23.24,41.49,1,2,-1,-1
37,127,924.38,10.35,49.81,50.39,1,4,-1,-1
37,74,1343.79,23.64,23.36,41.68,1,1,-1,-1
38,549,1335.00,41.15,17.00,41.00,1,1,-1,-1
38,548,931.20,253.23,135.98,91.61,1,7,-1,-1
38,520,500.51,96.88,27.60,62.14,1,1,-1,-1
38,493,380.03,27.26,22.00,53.00,1,2,-1,-1
38,492,43.66,829.65,74.45,106.30,1,2,-1,-1
38,477,1177.90,320.80,192.47,126.53,1,4,-1,-1
38,463,1650.90,534.69,68.16,105.51,1,2,-1,-1
38,459,353.02,27.11,23.00,47.00,1,2,-1,-1
38,423,836.60,135.17,196.38,74.09,1,4,-1,-1
38,413,25.95,806.18,89.19,121.92,1,2,-1,-1
38,407,867.80,220.48,45.97,61.29,1,2,-1,-1
38,400,192.36,172.42,203.63,73.33,1,4,-1,-1
38,399,45.26,798.46,81.43,98.72,1,10,-1,-1
38,366,332.21,30.71,23.59,49.10,1,2,-1,-1
38,349,980.32,626.35,50.18,124.25,1,1,-1,-1
38,189,313.55,26.58,23.16,41.61,1,2,-1,-1
38,127,925.42,12.81,49.17,49.87,1,4,-1,-1
39,575,976.56,614.59,59.00,126.03,1,1,-1,-1
39,564,1623.30,538.49,129.49,109.33,1,3,-1,-1
39,549,1338.00,42.94,17.00,41.00,1,1,-1,-1
39,548,940.86,257.37,137.21,93.14,1,7,-1,-1
39,520,498.46,99.13,27.61,63.07,1,1,-1,-1
39,519,473.16,283.52,204.39,78.45,1,4,-1,-1
39,477,1173.17,329.50,195.97,131.05,1,4,-1,-1
39,463,1672.56,544.42,67.74,105.09,1,2,-1,-1
39,461,1377.43,534.79,54.47,115.06,1,2,-1,-1
39,423,833.48,145.90,190.91,72.13,1,4,-1,-1
39,407,858.81,222.30,45.89,61.18,1,2,-1,-1
39,400,172.07,175.71,206.36,73.79,1,4,-1,-1
39,399,41.98,814.08,81.16,105.30,1,10,-1,-1
39,366,329.18,33.21,23.42,48.78,1,2,-1,-1
39,349,993.12,641.86,49.70,126.45,1,1,-1,-1
39,189,310.52,28.12,23.12,41.97,1,2,-1,-1
39,127,926.55,14.46,48.72,49.50,1,4,-1,-1
40,567,292.90,46.28,24.91,47.87,1,2,-1,-1
40,558,52.73,290.71,224.40,88.46,1,4,-1,-1
40,550,1419.87,28.13,23.00,41.00,1,1,-1,-1
40,549,1341.00,44.89,17.00,41.00,1,1,-1,-1
40,548,950.76,261.51,138.45,94.82,1,7,-1,-1
40,520,496.49,101.80,27.57,63.63,1,1,-1,-1
40,477,1168.64,338.59,199.01,135.67,1,4,-1,-1
40,463,1693.99,555.71,67.44,104.78,1,2,-1,-1
40,461,1392.19,546.06,56.09,113.89,1,2,-1,-1
40,444,904.21,60.01,23.00,35.00,1,2,-1,-1
40,430,1487.50,255.90,144.78,99.00,1,4,-1,-1
40,423,826.07,152.15,187.64,70.75,1,4,-1,-1
40,400,152.13,179.41,209.37,74.10,1,4,-1,-1
40,366,326.18,35.46,23.30,48.56,1,2,-1,-1
40,189,307.48,29.91,23.08,42.24,1,2,-1,-1
40,128,1369.36,567.10,101.73,81.75,1,3,-1,-1
41,592,1323.85,155.95,173.00,64.00,1,4,-1,-1
41,590,581.54,195.65,189.92,83.76,1,4,-1,-1
41,583,473.16,108.13,25.14,54.48,1,1,-1,-1
41,567,283.73,43.74,24.91,47.51,1,2,-1,-1
41,557,829.38,250.96,69.18,47.50,1,10,-1,-1
41,550,1422.82,29.89,23.00,41.00,1,1,-1,-1
41,548,960.65,265.50,139.08,96.13,1,7,-1,-1
41,520,494.54,104.65,27.52,63.98,1,1,-1,-1
41,477,1164.44,347.76,202.05,140.43,1,4,-1,-1
41,463,1717.12,569.61,66.88,104.47,1,2,-1,-1
41,461,1407.25,557.89,57.81,112.76,1,2,-1,-1
41,444,904.22,61.96,23.00,35.00,1,2,-1,-1
41,430,1487.38,264.03,146.06,101.37,1,4,-1,-1
41,423,816.48,156.80,185.63,70.07,1,4,-1,-1
41,420,222.13,240.46,196.73,88.36,1,4,-1,-1
41,400,128.60,184.15,212.07,74.59,1,4,-1,-1
41,383,868.40,88.68,29.69,32.68,1,10,-1,-1
41,193,1356.23,42.78,18.04,47.09,1,2,-1,-1
41,128,1380.42,595.66,111.49,76.66,1,3,-1,-1
41,74,1344.54,29.43,23.26,41.47,1,1,-1,-1
42,611,1628.09,141.98,151.22,71.69,1,4,-1,-1
42,602,351.20,44.60,15.83,40.01,1,2,-1,-1
42,592,1315.06,159.97,173.00,64.00,1,4,-1,-1
42,590,569.67,198.65,190.66,83.58,1,4,-1,-1
42,583,471.31,111.55,24.68,53.13,1,1,-1,-1
42,567,285.30,50.49,24.91,47.57,1,2,-1,-1
42,550,1425.42,31.13,23.80,41.72,1,1,-1,-1
42,548,970.68,269.61,139.93,97.70,1,7,-1,-1
42,493,368.77,34.93,22.00,53.00,1,2,-1,-1
42,477,1160.55,358.90,205.38,145.33,1,4,-1,-1
42,463,1741.07,584.41,66.48,104.25,1,2,-1,-1
42,461,1424.02,572.12,58.98,111.88,1,2,-1,-1
42,444,904.87,63.94,23.00,35.00,1,2,-1,-1
42,430,1487.97,272.94,147.29,103.92,1,4,-1,-1
42,423,806.04,160.71,184.81,69.88,1,4,-1,-1
42,400,104.45,189.23,214.53,75.20,1,4,-1,-1
42,383,869.62,89.78,29.77,32.76,1,10,-1,-1
42,367,900.85,85.63,24.36,34.82,1,10,-1,-1
42,193,1358.23,44.80,18.04,47.09,1,2,-1,-1
42,192,1330.71,44.92,16.98,40.76,1,1,-1,-1
42,128,1393.65,616.22,117.86,74.40,1,3,-1,-1
42,74,1344.80,31.37,23.23,41.43,1,1,-1,-1
43,616,353.97,34.32,16.07,47.52,1,2,-1,-1
43,611,1621.24,144.94,152.70,71.34,1,4,-1,-1
43,592,1310.59,169.65,182.53,67.45,1,4,-1,-1
43,590,557.89,201.51,191.23,83.08,1,4,-1,-1
43,548,980.79,274.23,140.75,99.07,1,7,-1,-1
43,493,366.00,36.26,22.00,53.00,1,2,-1,-1
43,477,1156.73,370.75,208.91,150.30,1,4,-1,-1
43,463,1765.11,599.55,65.88,104.02,1,2,-1,-1
43,461,1441.50,587.19,59.78,111.17,1,2,-1,-1
43,444,910.93,68.52,26.50,40.39,1,2,-1,-1
43,430,1488.19,282.11,148.45,106.59,1,4,-1,-1
43,423,795.09,164.26,184.83,70.04,1,4,-1,-1
43,400,80.12,194.41,216.83,75.91,1,4,-1,-1
43,383,870.05,91.41,29.83,32.82,1,10,-1,-1
43,367,900.94,88.63,24.25,34.85,1,10,-1,-1
43,349,1039.11,688.05,57.76,125.26,1,1,-1,-1
43,193,1360.22,46.81,18.04,47.09,1,2,-1,-1
43,192,1333.74,47.61,16.96,40.77,1,1,-1,-1
43,128,1408.11,633.52,122.09,73.60,1,3,-1,-1
43,74,1345.55,33.38,23.22,41.40,1,1,-1,-1
44,632,1066.85,732.11,47.00,137.00,1,1,-1,-1
44,631,569.77,268.11,195.64,89.14,1,4,-1,-1
44,622,1380.58,17.73,25.82,49.77,1,2,-1,-1
44,617,873.00,62.03,23.12,35.00,1,2,-1,-1
44,616,351.77,35.93,16.03,47.30,1,2,-1,-1
44,611,1614.35,147.99,154.85,71.23,1,4,-1,-1
44,592,1298.19,169.59,179.00,66.16,1,4,-1,-1
44,590,546.69,204.54,192.05,82.79,1,4,-1,-1
44,548,991.76,279.05,141.92,100.36,1,7,-1,-1
44,493,363.08,38.02,22.00,53.00,1,2,-1,-1
44,477,1152.94,383.31,212.48,155.02,1,4,-1,-1
44,463,1789.37,614.78,65.44,103.86,1,2,-1,-1
44,461,1459.96,602.53,60.32,110.60,1,2,-1,-1
44,444,904.90,61.44,28.61,43.43,1,2,-1,-1
44,430,1488.93,291.33,149.57,109.35,1,4,-1,-1
44,400,36.41,206.72,234.14,82.12,1,4,-1,-1
44,383,870.85,93.91,29.87,32.86,1,10,-1,-1
44,367,901.64,91.64,24.17,34.88,1,10,-1,-1
44,366,314.16,42.88,23.10,48.18,1,2,-1,-1
44,349,1052.58,706.33,58.59,126.23,1,1,-1,-1
44,192,1333.80,44.90,18.96,45.52,1,1,-1,-1
44,128,1424.01,649.40,124.88,73.64,1,3,-1,-1
44,74,1345.84,35.42,23.20,41.37,1,1,-1,-1
45,643,1398.35,41.33,22.36,33.67,1,3,-1,-1
45,617,872.99,64.01,23.11,35.03,1,2,-1,-1
45,616,348.99,37.26,16.05,47.61,1,2,-1,-1
45,592,1289.05,172.27,176.85,65.38,1,4,-1,-1
45,590,532.83,207.51,194.48,82.79,1,4,-1,-1
45,557,775.89,264.91,69.87,47.04,1,10,-1,-1
45,548,999.32,284.78,153.33,108.65,1,7,-1,-1
45,520,484.19,117.25,27.35,64.41,1,1,-1,-1
45,493,360.10,39.94,22.00,53.00,1,2,-1,-1
45,477,1149.12,395.68,216.18,159.85,1,4,-1,-1
45,463,1813.49,630.03,64.82,103.69,1,2,-1,-1
45,444,904.05,65.96,27.14,41.22,1,2,-1,-1
45,430,1489.21,300.54,150.65,112.18,1,4,-1,-1
45,400,20.91,206.55,232.01,81.42,1,4,-1,-1
45,383,870.30,96.10,29.60,32.86,1,10,-1,-1
45,367,901.91,93.36,24.11,34.90,1,10,-1,-1
45,349,1066.16,725.08,58.89,127.72,1,1,-1,-1
45,192,1338.32,49.90,18.42,44.27,1,1,-1,-1
45,128,1441.43,666.20,127.74,73.69,1,3,-1,-1
45,127,926.26,19.20,51.32,55.55,1,4,-1,-1
46,668,767.36,246.33,51.79,57.17,1,10,-1,-1
46,616,346.05,39.02,16.06,47.78,1,2,-1,-1
46,590,518.37,211.16,197.50,82.86,1,4,-1,-1
46,557,761.84,268.99,69.89,46.92,1,10,-1,-1
46,520,484.60,113.67,27.70,65.51,1,1,-1,-1
46,493,357.10,41.91,22.00,53.00,1,2,-1,-1
46,477,1145.92,408.61,219.95,164.75,1,4,-1,-1
46,444,895.66,68.56,27.59,41.76,1,2,-1,-1
46,430,1489.99,309.73,151.70,115.06,1,4,-1,-1
46,383,869.47,98.16,29.41,32.86,1,10,-1,-1
46,192,1340.88,55.24,18.31,43.35,1,1,-1,-1
46,128,1459.88,683.97,130.38,73.72,1,3,-1,-1
46,127,926.02,19.29,52.24,57.47,1,4,-1,-1
47,670,328.85,44.00,23.00,47.00,1,2,-1,-1
47,668,754.09,249.73,50.54,58.49,1,10,-1,-1
47,557,747.73,273.75,69.89,46.83,1,10,-1,-1
47,520,478.70,121.52,27.55,65.20,1,1,-1,-1
47,477,1141.57,422.75,223.87,170.28,1,4,-1,-1
47,444,898.15,72.66,28.89,43.49,1,2,-1,-1
47,430,1486.18,318.90,152.42,117.96,1,4,-1,-1
47,423,744.94,176.18,191.46,72.84,1,4,-1,-1
47,383,868.51,100.36,29.29,33.16,1,10,-1,-1
47,193,1372.12,53.99,17.34,47.00,1,2,-1,-1
47,128,1478.27,701.45,133.13,73.75,1,3,-1,-1
47,127,925.94,19.99,53.19,59.40,1,4,-1,-1
48,670,322.12,39.91,23.08,47.46,1,2,-1,-1
48,668,741.28,252.75,49.61,59.31,1,10,-1,-1
48,632,1111.55,817.67,53.57,143.51,1,1,-1,-1
48,631,569.06,290.68,211.12,95.93,1,4,-1,-1
48,520,474.78,126.38,27.76,65.06,1,1,-1,-1
48,461,1535.66,666.98,70.34,110.26,1,2,-1,-1
48,430,1480.89,328.70,153.20,120.89,1,4,-1,-1
48,423,732.84,181.61,189.28,72.05,1,4,-1,-1
48,383,867.51,102.37,29.21,33.37,1,10,-1,-1
48,366,302.13,50.03,23.02,47.74,1,2,-1,-1
48,128,1497.25,719.45,135.96,73.77,1,3,-1,-1
48,127,918.58,21.21,53.83,60.78,1,4,-1,-1
48,74,1345.73,42.73,21.12,40.52,1,1,-1,-1
49,670,318.75,42.08,23.04,47.29,1,2,-1,-1
49,668,728.54,256.39,48.89,59.85,1,10,-1,-1
49,665,49.78,352.94,265.15,107.84,1,4,-1,-1
49,632,1116.19,841.37,58.12,146.74,1,1,-1,-1
49,631,568.68,297.50,213.41,96.20,1,4,-1,-1
49,617,872.99,78.42,23.06,35.05,1,2,-1,-1
49,592,1222.60,186.47,184.10,68.77,1,4,-1,-1
49,567,260.06,60.60,24.56,47.56,1,2,-1,-1
49,520,472.22,130.75,28.20,65.01,1,1,-1,-1
49,430,1475.03,338.72,154.03,123.86,1,4,-1,-1
49,423,712.64,186.83,189.03,72.39,1,4,-1,-1
49,383,866.47,104.52,29.16,33.81,1,10,-1,-1
49,367,891.08,99.45,30.26,41.65,1,10,-1,-1
49,366,299.77,51.13,23.00,47.51,1,2,-1,-1
49,349,1109.21,803.38,75.87,170.82,1,1,-1,-1
49,128,1509.31,736.22,138.09,74.64,1,3,-1,-1
49,74,1347.54,44.11,21.69,40.74,1,1,-1,-1
50,710,1111.38,833.28,58.91,134.65,1,1,-1,-1
50,705,896.07,85.31,23.00,35.00,1,2,-1,-1
50,668,699.75,260.96,48.35,60.20,1,10,-1,-1
50,632,1120.40,865.83,63.15,149.70,1,1,-1,-1
50,631,568.10,304.43,215.66,96.28,1,4,-1,-1
50,592,1205.18,189.86,186.91,70.20,1,4,-1,-1
50,590,426.62,226.48,228.60,90.99,1,4,-1,-1
50,567,257.03,70.90,22.55,43.37,1,2,-1,-1
50,493,345.94,53.41,21.77,51.64,1,2,-1,-1
50,430,1468.96,348.81,154.88,126.84,1,4,-1,-1
50,423,689.28,192.26,190.39,73.25,1,4,-1,-1
50,383,862.37,105.46,29.39,33.58,1,10,-1,-1
50,367,891.59,98.65,28.56,39.94,1,10,-1,-1
50,366,295.71,48.92,22.99,47.35,1,2,-1,-1
50,128,1519.51,753.04,139.70,76.10,1,3,-1,-1
51,632,1124.42,889.95,68.52,152.36,1,1,-1,-1
51,631,568.13,311.44,217.90,96.22,1,4,-1,-1
51,611,1535.34,175.43,158.62,72.90,1,4,-1,-1
51,590,395.94,233.25,228.84,90.64,1,4,-1,-1
51,548,1034.25,309.80,172.45,119.57,1,7,-1,-1
51,430,1463.30,358.93,155.47,129.81,1,4,-1,-1
51,366,288.01,52.20,22.42,47.45,1,2,-1,-1
51,128,1528.44,769.11,140.94,77.97,1,3,-1,-1
52,632,1128.85,914.72,73.79,154.69,1,1,-1,-1
52,631,569.50,319.35,219.93,96.41,1,4,-1,-1
52,611,1507.71,177.05,161.00,74.82,1,4,-1,-1
52,590,365.27,239.99,230.72,91.08,1,4,-1,-1
52,430,1451.95,369.66,159.19,134.18,1,4,-1,-1
52,366,281.05,56.23,22.64,49.00,1,2,-1,-1
52,128,1537.64,785.47,141.89,80.13,1,3,-1,-1
52,127,874.34,35.38,53.78,60.86,1,4,-1,-1
53,755,1579.95,774.25,90.67,78.82,1,3,-1,-1
53,742,237.92,59.19,22.55,46.75,1,2,-1,-1
53,720,469.73,397.53,282.32,112.63,1,4,-1,-1
53,632,1142.65,942.43,77.25,141.45,1,1,-1,-1
53,631,571.52,327.70,222.22,97.10,1,4,-1,-1
53,611,1478.87,178.10,162.56,76.41,1,4,-1,-1
53,590,333.20,244.82,232.83,92.29,1,4,-1,-1
53,430,1437.92,380.38,165.15,139.54,1,4,-1,-1
53,128,1547.01,801.87,142.62,82.52,1,3,-1,-1
54,769,1035.80,558.70,243.43,218.25,1,4,-1,-1
54,765,567.03,310.30,73.29,46.43,1,10,-1,-1
54,756,1629.21,207.33,187.52,90.28,1,4,-1,-1
54,742,230.90,62.09,21.89,46.68,1,2,-1,-1
54,720,474.06,401.56,283.10,113.55,1,4,-1,-1
54,710,1137.91,934.86,64.45,138.78,1,1,-1,-1
54,631,573.78,335.96,224.60,97.82,1,4,-1,-1
54,611,1463.00,181.38,164.77,77.58,1,4,-1,-1
54,590,306.13,249.93,235.27,93.76,1,4,-1,-1
54,430,1433.65,393.35,169.42,144.68,1,4,-1,-1
54,423,586.84,215.03,199.48,77.09,1,4,-1,-1
54,128,1568.73,824.90,143.53,83.49,1,3,-1,-1
55,791,1312.65,74.63,20.01,43.88,1,1,-1,-1
55,779,1080.86,356.40,155.76,108.76,1,7,-1,-1
55,769,1059.96,617.01,205.48,187.00,1,4,-1,-1
55,768,831.18,117.97,24.10,33.44,1,10,-1,-1
55,765,540.18,315.12,75.89,46.52,1,10,-1,-1
55,756,1655.05,210.11,145.92,70.51,1,4,-1,-1
55,742,225.26,65.25,21.09,46.46,1,2,-1,-1
55,720,502.02,410.82,238.20,95.71,1,4,-1,-1
55,665,13.22,418.11,267.18,109.17,1,4,-1,-1
55,611,1451.94,185.58,167.46,78.44,1,4,-1,-1
55,590,280.94,255.11,237.93,95.39,1,4,-1,-1
55,430,1434.03,407.83,172.47,149.69,1,4,-1,-1
55,423,566.88,219.98,202.83,78.11,1,4,-1,-1
55,128,1610.89,830.65,126.08,87.58,1,3,-1,-1
56,809,1298.16,74.56,19.59,39.19,1,1,-1,-1
56,807,1116.89,221.00,196.00,75.00,1,4,-1,-1
56,804,333.87,163.14,24.50,70.24,1,1,-1,-1
56,803,181.11,77.85,23.00,48.00,1,2,-1,-1
56,802,135.85,82.30,24.22,50.35,1,2,-1,-1
56,791,1316.22,78.65,18.45,41.58,1,1,-1,-1
56,787,361.42,167.56,28.32,66.33,1,1,-1,-1
56,769,1056.33,611.44,202.64,187.77,1,4,-1,-1
56,768,831.74,120.59,23.96,33.74,1,10,-1,-1
56,765,515.59,323.01,78.59,46.62,1,10,-1,-1
56,756,1634.98,220.17,156.97,76.35,1,4,-1,-1
56,665,13.65,430.41,269.84,110.74,1,4,-1,-1
56,611,1442.60,190.85,170.52,79.07,1,4,-1,-1
56,590,256.46,260.27,240.72,97.14,1,4,-1,-1
56,423,549.60,225.46,206.31,78.83,1,4,-1,-1
56,128,1649.11,848.62,113.20,91.86,1,3,-1,-1
57,832,1707.26,872.33,88.30,131.17,1,2,-1,-1
57,828,833.00,97.85,23.00,35.00,1,2,-1,-1
57,822,197.10,70.31,24.37,49.94,1,2,-1,-1
57,810,1357.94,58.81,23.00,35.00,1,3,-1,-1
57,807,1105.86,244.28,240.11,91.98,1,4,-1,-1
57,804,328.42,170.98,27.50,76.17,1,1,-1,-1
57,803,174.91,81.06,23.00,48.00,1,2,-1,-1
57,802,128.65,85.59,23.84,50.79,1,2,-1,-1
57,791,1319.58,82.18,17.62,40.48,1,1,-1,-1
57,787,356.45,171.37,28.82,67.22,1,1,-1,-1
57,768,832.10,123.42,23.89,33.97,1,10,-1,-1
57,765,491.70,331.93,81.94,47.18,1,10,-1,-1
57,756,1612.70,223.05,172.38,83.66,1,4,-1,-1
57,665,12.89,447.24,253.13,104.62,1,4,-1,-1
57,611,1433.82,195.89,173.85,79.52,1,4,-1,-1
57,590,232.75,265.89,243.23,98.67,1,4,-1,-1
57,423,519.12,232.42,227.20,86.01,1,4,-1,-1
57,128,1691.11,871.49,99.24,92.41,1,3,-1,-1
58,844,792.76,104.11,23.00,35.00,1,2,-1,-1
58,842,224.87,75.30,22.16,52.39,1,2,-1,-1
58,832,1713.86,930.11,108.11,99.58,1,2,-1,-1
58,830,1001.59,651.41,286.91,281.62,1,4,-1,-1
58,822,190.69,73.35,24.44,50.05,1,2,-1,-1
58,807,1083.55,237.19,225.06,86.34,1,4,-1,-1
58,803,168.13,84.11,23.00,48.00,1,2,-1,-1
58,802,121.63,88.73,23.67,51.52,1,2,-1,-1
58,791,1322.81,85.44,17.17,39.96,1,1,-1,-1
58,787,350.74,174.63,29.57,68.70,1,1,-1,-1
58,768,833.03,126.32,23.85,34.16,1,10,-1,-1
58,765,441.97,334.19,104.78,58.32,1,10,-1,-1
58,756,1615.42,232.58,176.65,84.91,1,4,-1,-1
58,665,18.21,455.24,261.59,108.74,1,4,-1,-1
58,590,202.92,273.07,247.33,101.27,1,4,-1,-1
58,423,499.10,235.33,233.54,87.24,1,4,-1,-1
58,128,1722.79,896.75,93.30,97.64,1,3,-1,-1
59,844,787.79,107.12,23.00,35.00,1,2,-1,-1
59,842,218.91,78.29,22.05,52.43,1,2,-1,-1
59,832,1733.06,967.48,120.21,86.53,1,2,-1,-1
59,830,989.39,680.60,295.82,295.12,1,4,-1,-1
59,822,184.56,77.19,24.40,49.93,1,2,-1,-1
59,821,1147.41,380.21,175.23,122.48,1,7,-1,-1
59,807,1064.21,229.42,233.00,89.72,1,4,-1,-1
59,802,114.65,91.80,23.58,52.39,1,2,-1,-1
59,791,1327.20,85.41,17.20,41.85,1,1,-1,-1
59,787,344.78,177.69,30.45,70.45,1,1,-1,-1
59,768,829.27,129.26,23.83,34.30,1,10,-1,-1
59,765,414.92,344.30,115.17,63.04,1,10,-1,-1
59,756,1615.61,240.86,180.91,85.59,1,4,-1,-1
59,742,203.05,78.14,17.42,45.21,1,2,-1,-1
59,720,507.33,457.28,293.97,118.78,1,4,-1,-1
59,590,171.06,281.12,252.14,104.32,1,4,-1,-1
59,128,1754.85,922.21,88.85,102.74,1,3,-1,-1
59,127,853.15,44.20,54.24,60.17,1,4,-1,-1
60,842,205.55,81.99,22.00,52.49,1,2,-1,-1
60,830,976.84,709.20,304.82,308.96,1,4,-1,-1
60,822,183.88,80.58,22.10,48.98,1,2,-1,-1
60,821,1165.21,387.77,177.62,124.06,1,7,-1,-1
60,807,1046.59,240.45,226.50,87.84,1,4,-1,-1
60,791,1330.72,84.26,17.17,43.19,1,1,-1,-1
60,787,334.09,181.12,31.71,72.17,1,1,-1,-1
60,765,395.82,354.98,108.54,58.99,1,10,-1,-1
60,756,1605.03,246.90,185.01,86.18,1,4,-1,-1
60,742,201.62,81.50,16.54,41.86,1,2,-1,-1
60,720,507.38,470.10,302.01,123.61,1,4,-1,-1
60,590,138.36,289.43,257.42,107.69,1,4,-1,-1
60,127,848.12,47.88,55.43,61.39,1,4,-1,-1
61,883,1445.95,508.53,182.40,188.36,1,4,-1,-1
61,881,1185.96,13.11,73.00,49.00,1,4,-1,-1
61,875,1322.47,88.89,16.27,43.42,1,2,-1,-1
61,810,1356.74,71.32,21.37,32.31,1,3,-1,-1
61,807,1030.13,249.51,224.28,87.43,1,4,-1,-1
61,804,297.11,185.55,29.30,72.80,1,1,-1,-1
61,787,319.35,186.78,32.49,73.09,1,1,-1,-1
61,765,370.99,365.52,104.16,56.47,1,10,-1,-1
61,756,1590.60,252.28,189.45,87.05,1,4,-1,-1
62,899,1292.76,88.83,21.70,49.45,1,1,-1,-1
62,887,138.25,97.63,25.25,54.03,1,2,-1,-1
62,883,1443.65,528.95,186.65,195.67,1,4,-1,-1
62,881,1201.49,17.78,61.38,41.35,1,4,-1,-1
62,810,1351.78,72.36,21.97,33.28,1,3,-1,-1
62,807,1011.06,257.69,223.66,87.85,1,4,-1,-1
62,803,140.17,93.05,19.91,43.06,1,2,-1,-1
62,765,343.49,375.74,101.05,54.98,1,10,-1,-1
62,756,1552.65,249.07,219.58,99.38,1,4,-1,-1
63,911,800.72,121.00,23.00,35.00,1,2,-1,-1
63,899,1289.50,91.74,21.81,51.20,1,1,-1,-1
63,887,142.18,94.95,22.98,51.26,1,2,-1,-1
63,883,1440.75,549.26,190.89,203.15,1,4,-1,-1
63,881,1185.88,18.80,66.83,44.79,1,4,-1,-1
63,844,764.90,119.75,23.00,35.00,1,2,-1,-1
63,810,1346.51,73.85,22.35,33.89,1,3,-1,-1
63,807,991.46,265.93,223.54,88.45,1,4,-1,-1
63,803,128.25,96.43,20.89,44.46,1,2,-1,-1
63,765,315.46,385.68,98.85,54.21,1,10,-1,-1
63,760,99.89,408.86,302.00,129.30,1,4,-1,-1
63,756,1539.81,244.35,208.96,94.68,1,4,-1,-1
63,611,1339.05,215.05,203.86,89.81,1,4,-1,-1
64,911,791.75,125.00,23.00,35.00,1,2,-1,-1
64,899,1285.74,93.75,21.78,52.16,1,1,-1,-1
64,887,143.84,97.89,23.04,52.51,1,2,-1,-1
64,883,1438.42,569.49,195.06,210.76,1,4,-1,-1
64,881,1175.95,19.39,70.15,46.68,1,4,-1,-1
64,880,596.78,428.25,254.84,113.96,1,4,-1,-1
64,844,755.97,123.67,23.00,35.00,1,2,-1,-1
64,810,1341.19,75.57,22.59,34.29,1,3,-1,-1
64,807,971.67,273.82,224.35,89.82,1,4,-1,-1
64,803,113.27,100.76,21.53,45.30,1,2,-1,-1
64,765,279.98,398.02,97.62,53.97,1,10,-1,-1
64,760,91.08,423.96,305.79,130.64,1,4,-1,-1
64,756,1534.98,261.73,208.45,95.30,1,4,-1,-1
64,611,1325.70,225.71,203.40,90.11,1,4,-1,-1
64,127,809.19,56.87,67.79,68.32,1,4,-1,-1
65,940,1234.85,82.95,23.00,46.00,1,1,-1,-1
65,899,1281.82,96.28,21.71,52.73,1,1,-1,-1
65,883,1436.14,589.73,198.77,218.33,1,4,-1,-1
65,880,599.01,439.73,258.71,117.13,1,4,-1,-1
65,844,746.83,127.67,23.00,35.00,1,2,-1,-1
65,810,1335.89,78.05,22.75,34.55,1,3,-1,-1
65,807,930.35,283.37,249.83,101.21,1,4,-1,-1
65,804,256.97,212.73,32.65,74.99,1,1,-1,-1
65,803,107.03,103.16,20.34,45.20,1,2,-1,-1
65,802,75.20,108.25,23.97,51.07,1,2,-1,-1
65,765,241.58,411.16,97.05,54.09,1,10,-1,-1
65,760,58.01,428.09,331.91,141.39,1,4,-1,-1
65,756,1524.72,272.03,208.14,96.93,1,4,-1,-1
65,611,1310.36,233.20,203.72,90.91,1,4,-1,-1
65,127,799.69,60.12,68.31,67.23,1,4,-1,-1
66,943,1244.47,224.39,264.11,119.07,1,4,-1,-1
66,912,1293.79,100.79,18.95,48.15,1,1,-1,-1
66,899,1277.86,98.34,21.62,53.07,1,1,-1,-1
66,883,1434.16,610.41,202.47,225.69,1,4,-1,-1
66,880,601.16,451.08,263.22,120.64,1,4,-1,-1
66,844,738.31,132.36,23.00,35.00,1,2,-1,-1
66,821,1259.01,444.30,186.67,133.64,1,7,-1,-1
66,807,919.46,288.17,243.47,99.80,1,4,-1,-1
66,804,241.57,219.50,33.01,75.01,1,1,-1,-1
66,803,96.15,115.05,19.71,42.83,1,2,-1,-1
66,802,73.92,111.11,23.60,49.69,1,2,-1,-1
66,760,60.01,450.09,328.98,140.04,1,4,-1,-1
66,756,1512.63,279.94,208.11,98.99,1,4,-1,-1
66,611,1293.67,227.14,219.90,98.92,1,4,-1,-1
66,127,795.74,70.35,73.45,70.88,1,4,-1,-1
67,965,2.70,583.58,297.67,139.84,1,4,-1,-1
67,943,1224.78,234.33,255.42,116.06,1,4,-1,-1
67,912,1287.46,108.28,18.22,45.61,1,1,-1,-1
67,899,1273.88,100.95,21.55,53.29,1,1,-1,-1
67,880,603.25,462.31,268.04,124.35,1,4,-1,-1
67,844,730.04,137.31,23.00,35.00,1,2,-1,-1
67,821,1278.66,454.49,188.96,135.39,1,7,-1,-1
67,807,904.20,295.58,239.58,99.37,1,4,-1,-1
67,804,226.77,226.16,33.27,75.62,1,1,-1,-1
67,802,74.02,109.84,21.46,48.37,1,2,-1,-1
67,756,1501.37,286.73,209.10,100.28,1,4,-1,-1
67,720,518.36,565.53,350.98,162.62,1,4,-1,-1
67,611,1255.85,230.05,233.00,105.61,1,4,-1,-1
67,127,785.43,68.52,72.45,69.16,1,4,-1,-1
68,965,0.48,598.72,300.91,142.55,1,4,-1,-1
68,953,1365.60,83.13,28.00,48.00,1,1,-1,-1
68,912,1281.36,113.92,17.76,44.00,1,1,-1,-1
68,911,760.78,142.06,23.00,35.00,1,2,-1,-1
68,899,1269.89,103.11,21.48,53.41,1,1,-1,-1
68,881,1146.95,23.19,78.27,49.30,1,4,-1,-1
68,880,607.73,474.00,272.17,127.80,1,4,-1,-1
68,844,721.87,142.34,23.00,35.00,1,2,-1,-1
68,807,883.94,303.79,238.05,99.68,1,4,-1,-1
68,804,212.74,232.73,33.16,76.53,1,1,-1,-1
68,802,65.39,112.79,19.97,47.40,1,2,-1,-1
68,720,525.80,581.51,351.43,163.68,1,4,-1,-1
68,611,1252.74,230.61,222.91,101.79,1,4,-1,-1
68,127,777.48,69.99,71.98,67.90,1,4,-1,-1
69,953,1363.35,85.89,28.00,48.00,1,1,-1,-1
69,940,1213.29,94.98,23.00,46.00,1,1,-1,-1
69,912,1275.34,119.44,17.46,42.94,1,1,-1,-1
69,911,753.75,146.75,23.00,35.00,1,2,-1,-1
69,899,1272.56,108.02,21.56,55.09,1,1,-1,-1
69,880,613.41,486.36,276.05,130.78,1,4,-1,-1
69,844,713.75,148.06,23.00,35.00,1,2,-1,-1
69,807,861.94,312.67,237.81,100.20,1,4,-1,-1
69,720,532.26,597.25,353.87,165.35,1,4,-1,-1
70,953,1360.59,87.77,28.11,48.74,1,1,-1,-1
70,911,746.77,151.00,23.00,35.00,1,2,-1,-1
70,899,1265.07,109.25,21.46,54.66,1,1,-1,-1
70,880,619.89,498.73,279.74,134.06,1,4,-1,-1
70,807,839.26,321.75,238.78,100.88,1,4,-1,-1
70,760,48.86,506.32,346.14,148.49,1,4,-1,-1
70,720,538.54,613.28,357.30,167.11,1,4,-1,-1
71,993,701.40,176.85,28.27,42.28,1,10,-1,-1
71,911,739.79,155.75,23.00,35.00,1,2,-1,-1
71,899,1261.08,112.33,21.39,54.34,1,1,-1,-1
71,880,626.32,511.34,283.37,136.95,1,4,-1,-1
71,807,815.49,330.89,240.62,101.66,1,4,-1,-1
71,720,548.65,630.42,361.81,169.54,1,4,-1,-1
72,1035,1460.54,776.33,222.67,288.52,1,4,-1,-1
72,1019,126.65,355.21,289.83,112.50,1,4,-1,-1
72,993,693.95,181.27,28.19,43.94,1,10,-1,-1
72,911,732.81,160.68,23.00,35.00,1,2,-1,-1
72,899,1258.57,116.03,21.65,54.20,1,1,-1,-1
72,880,633.14,524.29,286.76,139.86,1,4,-1,-1
72,807,791.64,340.02,242.78,102.51,1,4,-1,-1
72,720,560.67,647.86,367.07,172.42,1,4,-1,-1
73,1035,1468.28,805.17,222.00,269.73,1,4,-1,-1
73,1019,93.43,364.93,295.05,114.79,1,4,-1,-1
73,1010,1094.56,22.16,102.30,61.05,1,4,-1,-1
73,1007,1271.18,117.35,19.74,54.36,1,2,-1,-1
73,993,686.05,185.49,28.17,45.72,1,10,-1,-1
73,940,1189.92,104.26,23.00,46.00,1,1,-1,-1
73,912,1261.72,138.51,17.03,41.35,1,1,-1,-1
73,899,1256.40,120.00,21.83,54.08,1,1,-1,-1
73,880,644.53,536.88,289.78,143.05,1,4,-1,-1
73,807,760.94,357.93,258.74,109.41,1,4,-1,-1
73,756,1432.90,331.94,218.82,103.27,1,4,-1,-1
73,720,573.29,665.80,372.81,175.35,1,4,-1,-1
74,1054,732.49,84.20,79.75,74.38,1,4,-1,-1
74,1047,1308.67,99.00,20.25,33.63,1,2,-1,-1
74,1019,70.01,375.23,293.26,116.16,1,4,-1,-1
74,1007,1256.49,120.90,26.22,68.30,1,2,-1,-1
74,993,678.67,189.79,28.24,47.91,1,10,-1,-1
74,943,1159.73,294.15,219.33,104.13,1,4,-1,-1
74,912,1256.97,141.78,18.58,45.34,1,1,-1,-1
74,899,1254.53,124.01,22.26,54.05,1,1,-1,-1
74,880,657.91,549.75,292.73,146.19,1,4,-1,-1
74,821,1427.95,525.10,213.89,153.88,1,7,-1,-1
74,807,738.89,361.72,258.78,109.55,1,4,-1,-1
74,756,1419.88,340.39,225.31,107.53,1,4,-1,-1
74,720,586.01,683.44,378.95,178.59,1,4,-1,-1
75,1063,675.24,169.95,23.00,35.00,1,2,-1,-1
75,1060,1272.20,126.93,16.93,47.00,1,2,-1,-1
75,1054,730.02,86.75,80.49,75.47,1,4,-1,-1
75,1051,120.97,282.36,30.95,82.42,1,1,-1,-1
75,1047,1314.38,98.90,17.64,28.72,1,2,-1,-1
75,1019,50.63,385.71,287.93,117.25,1,4,-1,-1
75,993,674.44,193.43,28.53,49.56,1,10,-1,-1
75,943,1143.04,301.75,221.57,105.93,1,4,-1,-1
75,912,1256.53,145.91,18.10,44.04,1,1,-1,-1
75,899,1252.55,128.06,22.56,54.00,1,1,-1,-1
75,807,716.07,370.56,260.89,110.54,1,4,-1,-1
75,756,1410.00,348.58,229.87,110.46,1,4,-1,-1
75,720,598.70,701.38,385.30,181.76,1,4,-1,-1
76,1075,1350.84,106.27,31.09,62.79,1,1,-1,-1
76,1071,1117.13,37.85,85.92,52.99,1,4,-1,-1
76,1063,673.21,173.97,23.00,35.00,1,2,-1,-1
76,1051,111.40,288.85,31.12,84.45,1,1,-1,-1
76,1019,33.52,396.24,280.12,118.24,1,4,-1,-1
76,943,1126.19,309.50,224.10,107.55,1,4,-1,-1
76,912,1255.94,150.83,17.76,43.12,1,1,-1,-1
76,911,715.34,179.85,23.00,35.00,1,2,-1,-1
76,899,1251.21,132.13,22.77,53.95,1,1,-1,-1
76,807,692.63,380.52,264.48,112.14,1,4,-1,-1
76,756,1401.52,357.50,233.26,112.52,1,4,-1,-1
76,720,611.29,718.95,391.87,185.18,1,4,-1,-1
77,1081,56.87,289.14,48.56,107.76,1,1,-1,-1
77,1063,672.06,178.71,23.00,35.00,1,2,-1,-1
77,1051,102.67,295.33,30.91,86.48,1,1,-1,-1
77,1019,16.80,406.76,270.75,119.23,1,4,-1,-1
77,940,1181.52,116.78,23.00,46.00,1,1,-1,-1
77,912,1256.56,154.66,17.52,42.46,1,1,-1,-1
77,899,1251.42,135.54,22.92,53.89,1,1,-1,-1
77,807,657.25,377.91,314.25,133.42,1,4,-1,-1
77,756,1393.74,366.65,235.84,113.69,1,4,-1,-1
77,720,623.82,736.82,398.53,188.47,1,4,-1,-1
78,1092,1316.27,110.65,22.00,33.39,1,3,-1,-1
78,1063,670.42,182.96,23.00,35.00,1,2,-1,-1
78,1051,91.29,301.46,31.49,88.49,1,1,-1,-1
78,1019,0.55,417.24,260.71,120.31,1,4,-1,-1
78,912,1257.61,158.70,17.35,41.99,1,1,-1,-1
78,899,1252.88,139.35,23.02,53.84,1,1,-1,-1
78,821,1553.86,576.41,204.00,158.16,1,7,-1,-1
78,807,610.96,390.41,349.20,148.57,1,4,-1,-1
78,760,50.36,623.37,409.70,181.40,1,4,-1,-1
78,756,1386.30,376.20,237.94,114.52,1,4,-1,-1
78,720,642.37,756.39,405.48,191.12,1,4,-1,-1
79,1092,1320.14,113.66,22.02,33.44,1,3,-1,-1
79,1063,669.29,187.74,23.00,35.00,1,2,-1,-1
79,1060,1273.87,141.77,16.96,46.95,1,2,-1,-1
79,1054,726.85,101.33,80.27,76.83,1,4,-1,-1
79,1051,78.94,307.62,32.54,90.21,1,1,-1,-1
79,912,1258.80,162.79,17.23,41.65,1,1,-1,-1
79,899,1254.81,142.67,23.09,53.79,1,1,-1,-1
79,821,1599.20,592.90,186.69,148.64,1,7,-1,-1
79,807,589.37,403.98,335.20,143.20,1,4,-1,-1
79,756,1379.24,385.96,239.99,115.11,1,4,-1,-1
79,720,663.77,776.90,412.70,193.58,1,4,-1,-1
80,1107,745.01,623.38,320.79,175.58,1,4,-1,-1
80,1105,666.38,214.35,32.24,52.03,1,10,-1,-1
80,1092,1323.39,115.89,22.09,33.56,1,3,-1,-1
80,1089,17.42,834.11,385.27,188.63,1,4,-1,-1
80,1063,665.93,192.42,23.65,34.87,1,2,-1,-1
80,1054,725.40,103.88,80.97,77.07,1,4,-1,-1
80,899,1256.25,146.44,23.14,53.74,1,1,-1,-1
80,821,1626.70,604.84,187.34,153.18,1,7,-1,-1
80,807,565.09,418.14,326.82,140.78,1,4,-1,-1
80,756,1369.25,395.88,243.59,116.72,1,4,-1,-1
80,720,686.18,798.07,420.06,195.32,1,4,-1,-1
81,1107,721.91,657.79,361.18,199.10,1,4,-1,-1
81,1105,662.73,219.37,32.64,51.99,1,10,-1,-1
81,1089,20.42,854.02,396.03,192.05,1,4,-1,-1
81,1054,723.87,106.62,82.08,77.28,1,4,-1,-1
81,899,1259.00,160.57,21.46,50.34,1,1,-1,-1
81,821,1657.11,616.95,186.52,156.65,1,7,-1,-1
81,807,538.19,432.41,323.16,140.34,1,4,-1,-1
81,756,1358.52,406.34,248.31,119.07,1,4,-1,-1
81,720,708.87,819.32,427.59,197.12,1,4,-1,-1
82,1107,713.25,626.72,409.26,227.14,1,4,-1,-1
82,1105,658.64,224.59,32.94,52.30,1,10,-1,-1
82,899,1261.07,169.09,20.19,47.70,1,1,-1,-1
82,821,1688.81,628.81,184.72,159.66,1,7,-1,-1
82,760,92.29,688.67,421.19,197.54,1,4,-1,-1
82,756,1347.18,416.70,253.48,121.64,1,4,-1,-1
82,720,731.61,841.05,435.23,198.68,1,4,-1,-1
83,1132,1017.92,368.14,240.48,125.63,1,4,-1,-1
83,1107,725.19,611.43,458.85,256.31,1,4,-1,-1
83,1106,701.44,232.75,29.13,40.70,1,10,-1,-1
83,1105,654.51,229.67,33.09,52.44,1,10,-1,-1
83,1075,1380.09,124.64,28.11,57.16,1,1,-1,-1
83,899,1263.43,175.30,19.23,45.69,1,1,-1,-1
83,821,1721.34,641.29,182.53,162.36,1,7,-1,-1
83,760,102.18,705.16,424.96,202.68,1,4,-1,-1
83,756,1335.68,427.15,259.30,124.67,1,4,-1,-1
83,720,750.51,863.42,436.22,200.50,1,4,-1,-1
84,1141,811.43,676.66,332.68,188.38,1,4,-1,-1
84,1140,1285.82,157.50,18.64,52.13,1,2,-1,-1
84,1106,698.17,235.37,29.14,40.84,1,10,-1,-1
84,1105,651.08,235.40,33.17,52.49,1,10,-1,-1
84,1092,1330.59,126.63,22.39,34.05,1,3,-1,-1
84,1075,1380.44,124.84,28.07,57.38,1,1,-1,-1
84,1063,650.41,212.27,27.50,35.00,1,2,-1,-1
84,899,1263.21,178.54,18.52,44.18,1,1,-1,-1
84,821,1730.86,648.28,182.35,165.27,1,7,-1,-1
84,756,1318.58,439.17,264.05,127.40,1,4,-1,-1
85,1150,1107.85,18.85,23.00,41.00,1,1,-1,-1
85,1141,810.39,676.92,359.22,204.99,1,4,-1,-1
85,1105,655.69,239.07,31.41,48.14,1,10,-1,-1
85,756,1279.75,444.83,267.79,130.18,1,4,-1,-1
86,1141,790.03,690.07,353.19,203.19,1,4,-1,-1
87,1141,774.14,700.61,349.85,203.39,1,4,-1,-1
87,760,81.07,772.12,427.89,215.09,1,4,-1,-1
87,720,768.11,911.33,456.34,174.07,1,4,-1,-1
88,1141,760.08,710.50,348.33,204.52,1,4,-1,-1
88,720,771.46,919.19,457.06,165.64,1,4,-1,-1
89,1182,703.91,412.47,271.96,152.95,1,4,-1,-1
89,1181,490.04,138.10,97.53,78.80,1,4,-1,-1
89,1141,746.42,719.57,347.70,206.53,1,4,-1,-1
89,756,1075.63,460.45,278.47,142.24,1,4,-1,-1
90,1201,892.76,64.85,91.31,55.23,1,4,-1,-1
90,1181,441.04,141.21,101.55,84.14,1,4,-1,-1
90,1141,733.16,728.70,347.83,208.84,1,4,-1,-1
90,756,1022.83,464.92,280.82,145.43,1,4,-1,-1
91,1201,855.78,65.04,91.31,55.22,1,4,-1,-1
91,1190,1430.35,389.56,217.17,112.48,1,4,-1,-1
91,1141,720.03,737.82,348.48,211.35,1,4,-1,-1
91,756,976.34,470.94,283.35,148.57,1,4,-1,-1
92,1201,818.80,65.81,91.29,55.20,1,4,-1,-1
92,1190,1390.31,391.51,217.27,112.27,1,4,-1,-1
92,756,932.95,478.02,285.98,151.40,1,4,-1,-1
93,1247,1664.16,594.93,216.64,175.04,1,7,-1,-1
93,1241,17.09,873.61,443.81,196.56,1,4,-1,-1
93,1201,781.83,66.77,91.27,55.18,1,4,-1,-1
93,1182,485.49,453.89,287.05,169.17,1,4,-1,-1
93,756,890.58,485.56,288.40,154.01,1,4,-1,-1
94,1264,1679.57,485.74,78.99,81.72,1,10,-1,-1
94,1201,751.82,67.08,91.25,55.16,1,4,-1,-1
94,1182,431.39,465.14,290.55,173.82,1,4,-1,-1
94,756,848.85,493.31,290.97,156.46,1,4,-1,-1
95,1264,1645.84,480.87,76.16,84.44,1,10,-1,-1
95,1201,724.87,67.85,91.23,55.14,1,4,-1,-1
95,1182,377.46,476.36,294.25,178.59,1,4,-1,-1
95,720,808.25,943.90,446.29,131.37,1,4,-1,-1
96,1264,1611.71,476.73,74.22,86.44,1,10,-1,-1
96,1201,698.25,68.79,91.21,55.13,1,4,-1,-1
96,1190,1247.35,405.59,217.58,112.00,1,4,-1,-1
96,1182,323.41,488.24,297.70,183.39,1,4,-1,-1
96,720,775.90,930.12,538.49,158.55,1,4,-1,-1
97,1264,1577.28,472.42,72.94,88.28,1,10,-1,-1
97,1247,1633.93,563.40,200.23,162.44,1,7,-1,-1
97,1241,7.69,904.65,466.76,170.03,1,4,-1,-1
97,1201,672.36,69.79,91.19,55.12,1,4,-1,-1
97,1190,1208.25,408.47,218.43,112.37,1,4,-1,-1
97,1182,269.35,499.66,300.97,188.23,1,4,-1,-1
97,1141,690.50,737.50,381.66,236.57,1,4,-1,-1
98,1326,1493.15,489.00,140.00,75.00,1,10,-1,-1
98,1322,795.85,914.88,491.30,147.02,1,4,-1,-1
98,1264,1542.76,468.45,71.89,89.28,1,10,-1,-1
98,1247,1622.10,551.80,197.31,161.23,1,7,-1,-1
98,1241,11.14,909.75,466.47,163.42,1,4,-1,-1
98,1201,646.68,70.80,91.17,55.11,1,4,-1,-1
98,1190,1168.16,410.91,219.74,112.99,1,4,-1,-1
98,1182,215.48,510.87,304.44,193.14,1,4,-1,-1
99,1326,1437.92,487.90,164.08,87.95,1,10,-1,-1
99,1322,795.33,910.10,500.12,151.56,1,4,-1,-1
99,1264,1508.07,464.40,71.21,90.36,1,10,-1,-1
99,1241,13.28,912.75,467.90,159.01,1,4,-1,-1
99,1201,604.35,77.01,105.23,63.34,1,4,-1,-1
99,1190,1126.95,413.15,221.35,113.77,1,4,-1,-1
99,1182,161.49,522.01,307.72,198.07,1,4,-1,-1
99,1181,143.22,175.54,118.79,88.91,1,4,-1,-1
100,1356,686.10,738.57,342.66,213.73,1,4,-1,-1
100,1326,1414.41,480.39,154.61,82.86,1,10,-1,-1
100,1322,808.05,903.22,500.41,157.38,1,4,-1,-1
100,1264,1473.30,460.84,70.69,91.15,1,10,-1,-1
100,1241,14.74,914.07,470.35,155.91,1,4,-1,-1
100,1201,581.70,72.04,101.91,61.05,1,4,-1,-1
100,1182,107.65,533.09,311.17,203.03,1,4,-1,-1
100,1181,107.05,177.75,121.73,91.43,1,4,-1,-1
101,1326,1385.27,475.75,149.00,79.84,1,10,-1,-1
101,1322,826.77,895.50,494.71,164.03,1,4,-1,-1
101,1264,1440.77,473.88,89.92,83.86,1,10,-1,-1
101,1241,15.64,915.32,473.10,153.62,1,4,-1,-1
101,1201,555.28,71.17,99.82,59.41,1,4,-1,-1
101,1182,53.67,544.16,314.44,208.00,1,4,-1,-1
102,1337,1432.79,262.16,174.23,114.37,1,5,-1,-1
102,1326,1364.74,473.32,145.18,77.95,1,10,-1,-1
102,1322,847.90,887.30,485.20,171.38,1,4,-1,-1
102,1201,527.20,71.08,98.60,58.24,1,4,-1,-1
103,1322,871.04,878.81,472.54,179.24,1,4,-1,-1
103,1201,498.51,71.87,98.31,57.43,1,4,-1,-1
104,1405,1587.05,487.44,176.60,159.96,1,7,-1,-1
104,1401,434.34,551.07,335.62,198.88,1,4,-1,-1
104,1356,706.26,728.07,285.95,179.12,1,4,-1,-1
104,1201,487.45,72.47,98.14,57.14,1,4,-1,-1
105,1416,790.31,126.91,29.00,59.00,1,1,-1,-1
105,1405,1618.98,460.32,166.96,153.37,1,7,-1,-1
105,1401,409.61,557.00,338.52,200.98,1,4,-1,-1
105,1356,697.30,737.23,281.24,177.22,1,4,-1,-1
106,1436,749.43,718.64,306.49,195.26,1,4,-1,-1
106,1431,12.00,348.96,53.00,47.00,1,10,-1,-1
106,1430,65.17,900.05,506.61,163.74,1,4,-1,-1
106,1428,1742.26,147.55,121.04,71.79,1,4,-1,-1
106,1416,790.22,127.71,29.00,59.00,1,1,-1,-1
106,1405,1619.09,467.35,166.91,155.17,1,7,-1,-1
106,1326,1301.90,480.28,133.32,71.86,1,10,-1,-1
107,1448,1349.59,450.32,72.50,96.31,1,2,-1,-1
107,1439,517.00,183.89,23.00,47.00,1,1,-1,-1
107,1438,518.85,28.96,23.00,41.00,1,1,-1,-1
107,1431,10.00,348.97,53.00,47.00,1,10,-1,-1
107,1430,85.40,895.06,507.17,168.71,1,4,-1,-1
107,1428,1737.28,147.48,120.20,71.71,1,4,-1,-1
107,1416,789.57,127.97,29.00,59.00,1,1,-1,-1
107,1405,1628.33,465.82,165.59,155.74,1,7,-1,-1
107,1326,1300.62,476.89,134.83,72.70,1,10,-1,-1
108,1444,1304.94,454.09,137.22,87.70,1,10,-1,-1
108,1438,518.28,28.97,23.00,41.00,1,1,-1,-1
108,1431,8.00,348.97,53.00,47.00,1,10,-1,-1
108,1430,71.67,868.41,533.47,183.00,1,4,-1,-1
108,1428,1732.91,147.62,119.49,72.03,1,4,-1,-1
108,1417,1703.06,215.51,143.87,80.93,1,4,-1,-1
108,1416,789.44,128.76,29.00,59.00,1,1,-1,-1
108,1190,909.11,431.80,196.04,110.53,1,4,-1,-1
109,1466,639.46,187.67,23.85,63.20,1,1,-1,-1
109,1444,1297.25,445.34,135.13,102.30,1,10,-1,-1
109,1431,6.00,348.98,53.00,47.00,1,10,-1,-1
109,1430,111.33,875.68,521.24,184.41,1,4,-1,-1
109,1428,1731.10,148.28,119.02,72.26,1,4,-1,-1
109,1417,1694.29,202.27,167.83,95.08,1,4,-1,-1
109,1416,789.46,129.02,29.00,59.00,1,1,-1,-1
109,1401,306.13,585.26,352.73,212.99,1,4,-1,-1
110,1470,2.89,317.00,40.00,71.00,1,2,-1,-1
110,1467,861.13,470.16,240.71,138.88,1,4,-1,-1
110,1466,638.60,187.44,23.62,63.79,1,1,-1,-1
110,1462,1345.78,125.92,117.32,65.03,1,4,-1,-1
110,1461,1321.61,96.27,116.78,50.47,1,4,-1,-1
110,1450,667.00,184.89,23.00,47.00,1,2,-1,-1
110,1444,1285.65,462.68,138.48,94.24,1,10,-1,-1
110,1441,1285.99,90.17,28.00,48.00,1,1,-1,-1
110,1436,789.66,685.25,308.03,203.25,1,4,-1,-1
110,1431,4.70,348.98,53.00,47.00,1,10,-1,-1
110,1430,140.73,875.16,512.97,187.42,1,4,-1,-1
110,1417,1683.22,212.02,162.84,93.01,1,4,-1,-1
110,1416,788.84,129.79,29.00,59.00,1,1,-1,-1
110,1401,278.26,593.60,357.53,217.38,1,4,-1,-1
111,1470,1.56,317.07,39.08,70.41,1,2,-1,-1
111,1467,858.37,470.37,228.22,131.65,1,4,-1,-1
111,1461,1322.43,96.44,117.13,51.18,1,4,-1,-1
111,1451,732.70,139.19,23.23,37.69,1,3,-1,-1
111,1450,666.00,184.18,23.00,47.00,1,2,-1,-1
111,1448,1319.00,459.65,67.58,89.59,1,2,-1,-1
111,1444,1275.87,471.35,139.53,89.14,1,10,-1,-1
111,1441,1286.06,90.93,28.00,48.00,1,1,-1,-1
111,1439,501.18,184.29,23.00,47.00,1,1,-1,-1
111,1436,769.80,680.01,345.74,229.92,1,4,-1,-1
111,1431,2.95,348.99,53.00,47.00,1,10,-1,-1
111,1430,165.97,871.80,507.04,191.74,1,4,-1,-1
111,1417,1675.42,217.52,160.99,92.42,1,4,-1,-1
111,1401,259.57,590.48,337.12,206.52,1,4,-1,-1
112,1467,846.72,468.69,188.59,109.80,1,4,-1,-1
112,1461,1323.96,97.13,116.81,51.53,1,4,-1,-1
112,1451,732.02,140.14,23.22,37.87,1,3,-1,-1
112,1450,665.00,183.95,23.00,47.00,1,2,-1,-1
112,1448,1311.93,461.17,68.94,91.45,1,2,-1,-1
112,1444,1254.27,471.36,161.18,98.97,1,10,-1,-1
112,1441,1286.08,91.17,28.00,48.00,1,1,-1,-1
112,1431,1.71,348.99,53.00,47.00,1,10,-1,-1
112,1417,1668.20,221.41,160.91,93.04,1,4,-1,-1
112,1401,230.00,608.69,350.02,215.90,1,4,-1,-1
113,1467,836.77,474.39,206.46,121.76,1,4,-1,-1
113,1461,1298.29,74.44,147.05,65.59,1,4,-1,-1
113,1460,493.16,80.54,86.39,52.15,1,4,-1,-1
113,1451,731.78,141.25,23.25,38.33,1,3,-1,-1
113,1450,664.00,183.88,23.00,47.00,1,2,-1,-1
113,1448,1303.42,463.49,69.75,92.56,1,2,-1,-1
113,1444,1250.20,476.33,154.23,92.46,1,10,-1,-1
113,1441,1286.08,91.91,28.00,48.00,1,1,-1,-1
113,1431,0.49,349.02,52.67,46.94,1,10,-1,-1
113,1401,196.98,623.10,359.49,224.31,1,4,-1,-1
114,1511,1850.89,122.11,39.00,29.00,1,10,-1,-1
114,1500,1858.87,106.00,22.00,36.00,1,2,-1,-1
114,1467,833.08,476.32,192.73,115.45,1,4,-1,-1
114,1462,1351.04,129.41,117.81,65.43,1,4,-1,-1
114,1461,1311.56,87.47,137.27,61.78,1,4,-1,-1
114,1460,490.74,80.80,90.10,54.77,1,4,-1,-1
114,1451,731.03,142.22,23.26,38.63,1,3,-1,-1
114,1444,1244.64,480.51,148.50,87.90,1,10,-1,-1
114,1441,1286.74,92.84,28.00,48.00,1,1,-1,-1
114,1438,518.00,33.09,23.00,41.00,1,1,-1,-1
114,1431,-0.51,349.03,52.44,46.91,1,10,-1,-1
114,1416,785.14,129.19,31.92,65.06,1,1,-1,-1
115,1500,1857.08,107.00,22.00,36.00,1,2,-1,-1
115,1470,-1.07,320.14,33.16,67.91,1,2,-1,-1
115,1462,1352.09,130.17,118.02,65.68,1,4,-1,-1
115,1461,1318.62,93.08,130.64,59.47,1,4,-1,-1
115,1460,488.74,81.24,92.32,56.39,1,4,-1,-1
115,1451,730.78,143.16,23.25,38.83,1,3,-1,-1
115,1444,1238.45,484.77,144.03,84.66,1,10,-1,-1
115,1441,1287.65,93.16,28.00,48.00,1,1,-1,-1
115,1439,483.81,189.82,25.03,50.80,1,1,-1,-1
115,1431,-1.65,351.15,50.68,46.67,1,10,-1,-1
115,1430,253.24,845.11,492.27,212.34,1,4,-1,-1
115,1416,786.25,130.77,31.05,63.26,1,1,-1,-1
116,1528,657.71,190.96,22.71,50.13,1,2,-1,-1
116,1500,1854.44,104.78,32.14,38.79,1,2,-1,-1
116,1466,633.53,185.20,19.51,54.70,1,1,-1,-1
116,1462,1346.28,146.46,135.78,75.58,1,4,-1,-1
116,1444,1231.30,490.18,140.79,82.33,1,10,-1,-1
116,1439,478.85,191.45,25.93,52.68,1,1,-1,-1
116,1431,-2.59,354.73,47.87,46.30,1,10,-1,-1
116,1417,1645.21,236.65,163.37,95.45,1,4,-1,-1
116,1416,786.16,131.62,30.46,62.02,1,1,-1,-1
117,1528,654.74,189.74,24.98,54.46,1,2,-1,-1
117,1500,1852.01,107.54,28.87,37.58,1,2,-1,-1
117,1466,630.25,194.10,17.55,49.53,1,1,-1,-1
117,1462,1349.26,136.17,130.64,72.82,1,4,-1,-1
117,1448,1265.58,477.83,70.72,93.92,1,2,-1,-1
117,1444,1223.74,496.02,138.78,80.99,1,10,-1,-1
117,1439,473.87,193.21,26.84,54.30,1,1,-1,-1
117,1428,1720.85,160.15,131.43,80.17,1,4,-1,-1
117,1416,786.25,132.79,30.04,61.15,1,1,-1,-1
117,1401,64.71,674.27,379.65,253.63,1,4,-1,-1
118,1547,1279.69,225.69,138.02,71.07,1,4,-1,-1
118,1546,1223.37,321.44,189.26,136.93,1,5,-1,-1
118,1528,651.28,191.61,26.01,56.55,1,2,-1,-1
118,1521,1261.84,746.55,363.95,249.84,1,4,-1,-1
118,1510,10.18,199.40,100.79,82.53,1,4,-1,-1
118,1500,1851.00,110.04,26.69,36.82,1,2,-1,-1
118,1466,625.79,197.86,19.40,54.77,1,1,-1,-1
118,1462,1339.87,129.11,119.58,66.67,1,4,-1,-1
118,1448,1255.51,483.07,70.77,94.00,1,2,-1,-1
118,1444,1216.16,502.17,136.95,79.67,1,10,-1,-1
118,1438,518.00,35.88,23.00,41.00,1,1,-1,-1
118,1428,1720.46,162.36,127.43,77.73,1,4,-1,-1
119,1554,633.16,215.90,22.57,48.08,1,1,-1,-1
119,1546,1209.29,326.49,192.42,140.04,1,5,-1,-1
119,1528,647.78,194.07,26.59,58.56,1,2,-1,-1
119,1510,3.44,194.69,100.02,84.08,1,4,-1,-1
119,1500,1850.35,113.05,25.23,36.36,1,2,-1,-1
119,1470,-5.15,327.86,23.12,61.77,1,2,-1,-1
119,1462,1334.26,129.46,140.17,78.20,1,4,-1,-1
119,1461,1330.33,98.77,119.39,56.56,1,4,-1,-1
119,1451,729.02,147.30,23.28,40.19,1,3,-1,-1
119,1444,1208.18,508.09,135.95,79.03,1,10,-1,-1
119,1441,1291.73,96.13,28.00,48.00,1,1,-1,-1
119,1438,518.00,36.81,23.00,41.00,1,1,-1,-1
119,1430,330.26,854.67,477.27,213.21,1,4,-1,-1
119,1428,1721.67,164.84,124.66,76.05,1,4,-1,-1
120,1562,1841.60,132.38,40.79,30.52,1,10,-1,-1
120,1554,629.29,218.23,22.58,48.15,1,1,-1,-1
120,1546,1195.17,331.67,195.65,143.47,1,5,-1,-1
120,1536,691.92,522.55,275.70,166.33,1,4,-1,-1
120,1528,643.89,196.90,27.21,60.14,1,2,-1,-1
120,1510,0.66,193.46,98.46,84.99,1,4,-1,-1
120,1444,1200.42,514.29,135.19,78.55,1,10,-1,-1
120,1430,347.86,857.10,474.44,211.13,1,4,-1,-1
120,1428,1723.31,167.98,122.71,74.86,1,4,-1,-1
121,1562,1840.37,135.56,40.92,30.56,1,10,-1,-1
121,1554,625.98,221.10,22.56,48.12,1,1,-1,-1
121,1546,1199.83,357.97,194.91,143.40,1,5,-1,-1
121,1536,673.37,532.30,280.92,169.89,1,4,-1,-1
121,1528,640.37,199.62,27.60,61.97,1,2,-1,-1
121,1510,5.62,186.78,88.79,78.84,1,4,-1,-1
121,1444,1190.73,521.21,134.61,78.18,1,10,-1,-1
121,1430,364.88,859.84,472.32,208.75,1,4,-1,-1
121,1428,1725.63,171.28,121.32,74.02,1,4,-1,-1
121,1416,785.61,135.53,29.33,59.68,1,1,-1,-1
122,1572,479.61,85.68,92.87,59.42,1,4,-1,-1
122,1536,653.93,543.15,286.60,173.99,1,4,-1,-1
122,1528,636.56,202.47,28.12,63.52,1,2,-1,-1
122,1510,2.34,192.75,88.88,81.18,1,4,-1,-1
122,1466,611.96,205.97,21.99,62.13,1,1,-1,-1
122,1448,1217.74,509.29,70.87,95.21,1,2,-1,-1
122,1444,1189.27,533.77,132.57,76.94,1,10,-1,-1
122,1436,971.39,677.42,296.96,198.08,1,4,-1,-1
122,1430,382.28,863.22,470.62,205.83,1,4,-1,-1
122,1428,1727.45,174.59,120.32,73.41,1,4,-1,-1
123,1588,442.64,200.87,28.71,69.14,1,1,-1,-1
123,1572,478.76,86.54,92.68,59.57,1,4,-1,-1
123,1536,667.69,572.85,253.86,154.94,1,4,-1,-1
123,1528,633.11,205.15,28.46,65.38,1,2,-1,-1
123,1500,1849.09,127.22,22.89,35.80,1,2,-1,-1
123,1466,608.75,208.30,22.31,63.04,1,1,-1,-1
123,1462,1358.22,135.03,126.09,70.86,1,4,-1,-1
123,1448,1209.17,517.29,70.58,96.00,1,2,-1,-1
123,1444,1183.51,530.95,117.89,68.38,1,10,-1,-1
123,1441,1295.83,108.72,28.00,48.00,1,1,-1,-1
123,1436,986.61,680.56,296.59,197.80,1,4,-1,-1
123,1430,399.13,868.38,469.17,201.59,1,4,-1,-1
123,1428,1729.00,177.85,119.60,72.97,1,4,-1,-1
124,1588,437.58,202.80,28.84,71.07,1,1,-1,-1
124,1536,626.36,603.00,266.70,163.70,1,4,-1,-1
124,1528,629.87,207.99,28.63,66.86,1,2,-1,-1
124,1521,1438.14,755.95,305.57,218.52,1,4,-1,-1
124,1500,1849.84,130.57,22.59,35.77,1,2,-1,-1
124,1466,605.59,210.31,22.53,63.65,1,1,-1,-1
124,1462,1361.01,136.53,123.81,69.78,1,4,-1,-1
124,1444,1167.17,544.56,122.23,70.90,1,10,-1,-1
124,1441,1296.84,111.39,28.00,48.00,1,1,-1,-1
124,1436,1002.40,683.15,296.35,197.62,1,4,-1,-1
124,1430,415.73,874.91,467.90,196.10,1,4,-1,-1
125,1606,1465.09,194.98,31.82,46.16,1,2,-1,-1
125,1605,1416.88,213.27,79.24,63.52,1,10,-1,-1
125,1604,1339.56,102.01,113.88,58.83,1,4,-1,-1
125,1588,432.02,205.83,29.23,72.46,1,1,-1,-1
125,1562,1839.83,148.83,40.81,30.16,1,10,-1,-1
125,1554,612.13,232.69,22.39,47.81,1,1,-1,-1
125,1546,1135.52,378.66,203.75,148.40,1,5,-1,-1
125,1528,626.22,210.58,29.06,68.84,1,2,-1,-1
125,1521,1463.75,752.36,311.86,223.64,1,4,-1,-1
125,1500,1850.87,133.72,22.39,35.76,1,2,-1,-1
125,1466,602.48,212.22,22.68,64.08,1,1,-1,-1
125,1462,1363.22,137.90,122.52,69.03,1,4,-1,-1
125,1441,1298.51,114.32,28.00,48.00,1,1,-1,-1
125,1436,1017.73,686.15,296.22,197.52,1,4,-1,-1
125,1430,432.06,901.08,441.54,179.35,1,4,-1,-1
126,1608,563.69,594.64,307.44,192.65,1,4,-1,-1
126,1606,1462.24,198.70,32.30,46.28,1,2,-1,-1
126,1605,1412.85,218.05,79.30,63.76,1,10,-1,-1
126,1604,1340.45,102.32,114.09,59.42,1,4,-1,-1
126,1588,426.26,209.30,29.79,73.47,1,1,-1,-1
126,1562,1841.40,152.86,40.56,30.03,1,10,-1,-1
126,1521,1489.74,751.26,314.73,225.91,1,4,-1,-1
126,1500,1851.98,137.45,22.24,35.76,1,2,-1,-1
126,1436,1032.85,688.63,296.17,197.47,1,4,-1,-1
126,1430,453.67,898.24,446.65,175.56,1,4,-1,-1
127,1608,536.10,610.66,315.28,198.95,1,4,-1,-1
127,1604,1342.04,103.09,113.66,59.67,1,4,-1,-1
127,1602,517.00,41.96,23.00,41.00,1,1,-1,-1
127,1588,420.55,213.03,30.88,74.80,1,1,-1,-1
127,1572,482.54,86.71,76.02,50.19,1,4,-1,-1
127,1562,1842.88,156.26,40.71,29.96,1,10,-1,-1
127,1521,1515.87,751.61,312.98,227.39,1,4,-1,-1
127,1436,1048.54,691.54,296.18,197.47,1,4,-1,-1
127,1430,470.97,901.58,450.19,170.41,1,4,-1,-1
127,1428,1735.51,176.86,111.92,68.14,1,4,-1,-1
128,1608,507.84,627.82,324.22,206.16,1,4,-1,-1
128,1604,1327.02,89.95,140.24,74.34,1,4,-1,-1
128,1588,414.65,216.80,31.90,75.62,1,1,-1,-1
128,1562,1844.08,160.10,40.79,29.90,1,10,-1,-1
128,1444,1120.39,584.37,129.26,74.98,1,10,-1,-1
128,1436,1065.68,695.80,296.33,198.36,1,4,-1,-1
128,1430,487.35,907.49,452.33,164.30,1,4,-1,-1
128,1428,1724.03,190.70,105.20,64.12,1,4,-1,-1
129,1641,781.74,147.33,29.30,63.34,1,1,-1,-1
129,1640,470.01,88.98,97.29,64.99,1,4,-1,-1
129,1617,1422.88,214.03,34.41,53.63,1,2,-1,-1
129,1604,1337.17,99.81,131.18,70.05,1,4,-1,-1
129,1603,724.78,157.13,23.20,43.90,1,3,-1,-1
129,1588,408.68,220.64,32.89,76.13,1,1,-1,-1
129,1546,1069.32,410.15,236.88,170.37,1,5,-1,-1
129,1448,1144.87,569.69,69.26,102.17,1,2,-1,-1
129,1444,1111.63,599.54,130.14,75.50,1,10,-1,-1
129,1436,1083.36,700.41,296.59,199.89,1,4,-1,-1
129,1430,503.17,914.05,453.68,157.85,1,4,-1,-1
129,1428,1734.90,197.26,110.19,67.07,1,4,-1,-1
130,1641,774.93,166.50,31.96,69.84,1,1,-1,-1
130,1640,468.70,89.35,97.49,65.48,1,4,-1,-1
130,1617,1419.00,218.06,33.93,52.75,1,2,-1,-1
130,1606,1450.33,212.59,33.10,45.47,1,2,-1,-1
130,1603,724.69,158.24,23.22,44.36,1,3,-1,-1
130,1588,407.29,237.02,30.72,68.96,1,1,-1,-1
130,1546,1054.98,421.57,237.79,171.90,1,5,-1,-1
130,1500,1856.64,150.19,22.01,35.79,1,2,-1,-1
130,1448,1131.89,580.27,68.81,102.94,1,2,-1,-1
130,1444,1103.27,615.44,130.75,75.86,1,10,-1,-1
130,1430,518.90,921.39,454.51,150.83,1,4,-1,-1
130,1428,1739.09,201.35,113.98,69.41,1,4,-1,-1
131,1659,1169.72,270.92,223.16,69.53,1,4,-1,-1
131,1641,778.26,156.67,30.90,68.01,1,1,-1,-1
131,1617,1415.85,220.84,33.63,52.20,1,2,-1,-1
131,1606,1445.95,215.87,33.40,45.41,1,2,-1,-1
131,1603,724.01,159.21,23.22,44.65,1,3,-1,-1
131,1602,509.19,33.86,28.42,50.75,1,1,-1,-1
131,1588,401.76,246.72,27.65,60.09,1,1,-1,-1
131,1500,1857.55,153.05,21.98,35.81,1,2,-1,-1
131,1462,1375.57,141.15,132.18,74.63,1,4,-1,-1
131,1448,1120.83,592.61,68.50,103.78,1,2,-1,-1
131,1444,1093.07,630.21,131.29,76.96,1,10,-1,-1
131,1428,1746.41,218.87,113.78,68.90,1,4,-1,-1
132,1641,778.87,154.83,30.32,67.34,1,1,-1,-1
132,1617,1412.92,223.14,33.43,51.83,1,2,-1,-1
132,1602,513.20,40.17,26.78,47.80,1,1,-1,-1
132,1588,393.94,241.77,31.75,66.90,1,1,-1,-1
132,1500,1858.56,156.00,21.96,35.82,1,2,-1,-1
132,1462,1380.71,146.50,128.56,72.53,1,4,-1,-1
132,1448,1111.14,606.24,68.29,104.66,1,2,-1,-1
132,1444,1082.21,644.88,131.71,78.31,1,10,-1,-1
133,1672,569.15,238.00,23.00,65.00,1,1,-1,-1
133,1660,1306.05,135.89,29.00,48.00,1,1,-1,-1
133,1641,777.63,148.50,32.38,72.56,1,1,-1,-1
133,1617,1402.09,233.79,33.76,52.69,1,2,-1,-1
133,1604,1359.55,118.15,117.39,63.50,1,4,-1,-1
133,1448,1101.95,619.69,68.13,105.58,1,2,-1,-1
133,1444,1071.13,659.43,132.05,79.85,1,10,-1,-1
133,1436,1155.04,719.46,297.81,209.22,1,4,-1,-1
134,1678,1849.89,177.89,40.00,29.00,1,10,-1,-1
134,1658,586.88,243.07,29.14,76.66,1,2,-1,-1
134,1617,1404.76,230.50,33.57,52.52,1,2,-1,-1
134,1608,309.48,739.11,384.60,245.20,1,4,-1,-1
134,1604,1363.75,121.67,115.70,62.71,1,4,-1,-1
134,1546,990.42,470.51,239.26,178.85,1,5,-1,-1
134,1448,1092.94,633.69,68.02,106.52,1,2,-1,-1
134,1444,1059.99,673.90,132.33,81.51,1,10,-1,-1
134,1436,1173.60,724.32,298.21,212.23,1,4,-1,-1
135,1617,1404.00,230.48,33.43,52.40,1,2,-1,-1
135,1608,266.30,761.51,394.90,243.40,1,4,-1,-1
135,1604,1368.13,125.02,114.56,62.17,1,4,-1,-1
135,1546,974.03,479.93,249.41,188.53,1,5,-1,-1
135,1448,1083.34,647.88,67.94,107.48,1,2,-1,-1
135,1444,1048.82,687.83,132.58,83.55,1,10,-1,-1
135,1436,1192.46,729.02,298.47,214.67,1,4,-1,-1
135,1428,1742.87,218.37,125.03,75.24,1,4,-1,-1
136,1697,495.35,98.43,74.65,51.95,1,4,-1,-1
136,1617,1402.57,232.36,33.33,52.32,1,2,-1,-1
136,1608,221.51,784.57,405.60,239.07,1,4,-1,-1
136,1602,518.19,52.09,23.12,41.01,1,1,-1,-1
136,1546,954.16,489.76,258.58,197.92,1,5,-1,-1
136,1500,1860.74,167.34,21.93,35.85,1,2,-1,-1
136,1462,1380.77,135.97,150.33,83.97,1,4,-1,-1
136,1448,1074.16,661.47,67.88,108.46,1,2,-1,-1
136,1444,1037.67,701.93,132.78,85.58,1,10,-1,-1
136,1436,1211.44,733.74,298.66,216.72,1,4,-1,-1
136,1428,1753.53,198.71,147.51,88.61,1,4,-1,-1
137,1641,777.28,162.69,30.21,71.17,1,1,-1,-1
137,1617,1398.22,236.28,33.25,52.26,1,2,-1,-1
137,1608,176.70,808.92,416.71,233.00,1,4,-1,-1
137,1606,1416.19,235.20,33.14,45.10,1,2,-1,-1
137,1500,1859.72,169.44,21.93,35.86,1,2,-1,-1
137,1462,1386.51,133.60,144.60,80.61,1,4,-1,-1
137,1448,1078.31,668.49,66.94,107.72,1,2,-1,-1
137,1436,1230.44,738.70,298.84,218.78,1,4,-1,-1
137,1428,1751.09,197.91,144.73,86.74,1,4,-1,-1
138,1714,1371.00,258.93,78.85,64.05,1,10,-1,-1
138,1641,774.01,165.57,29.93,71.26,1,1,-1,-1
138,1617,1392.78,240.97,33.20,52.21,1,2,-1,-1
138,1608,131.18,833.37,428.19,225.75,1,4,-1,-1
138,1500,1858.68,171.45,21.93,35.87,1,2,-1,-1
138,1436,1277.26,758.83,270.19,199.18,1,4,-1,-1
139,1714,1364.05,262.94,78.92,64.06,1,10,-1,-1
139,1706,709.15,172.73,24.73,47.49,1,3,-1,-1
139,1617,1386.92,245.93,33.16,52.18,1,2,-1,-1
139,1604,1369.09,132.08,112.72,61.32,1,4,-1,-1
139,1581,1562.09,389.58,200.50,141.37,1,4,-1,-1
139,1500,1857.62,173.43,21.93,35.87,1,2,-1,-1
139,1436,1283.80,758.00,278.66,207.11,1,4,-1,-1
140,1731,1399.01,167.61,120.97,66.62,1,4,-1,-1
140,1714,1348.14,258.52,98.73,80.16,1,10,-1,-1
140,1706,710.98,165.81,28.56,54.20,1,3,-1,-1
140,1672,532.82,282.86,22.45,60.80,1,1,-1,-1
140,1658,553.03,269.95,29.42,76.91,1,2,-1,-1
140,1617,1381.57,251.64,33.13,52.15,1,2,-1,-1
140,1604,1368.87,133.37,112.47,61.20,1,4,-1,-1
140,1581,1556.73,399.62,201.81,142.77,1,4,-1,-1
140,1546,857.39,541.45,287.52,229.35,1,5,-1,-1
140,1500,1856.10,175.39,22.22,35.91,1,2,-1,-1
141,1731,1399.38,169.83,121.23,66.41,1,4,-1,-1
141,1714,1323.04,261.06,96.80,78.57,1,10,-1,-1
141,1706,703.73,173.75,27.78,51.67,1,3,-1,-1
141,1672,524.51,293.14,22.14,59.22,1,1,-1,-1
141,1617,1376.42,255.66,33.11,52.14,1,2,-1,-1
141,1581,1550.53,409.80,203.62,144.35,1,4,-1,-1
141,1546,833.26,556.56,293.18,236.24,1,5,-1,-1
141,1500,1854.82,177.35,22.43,35.93,1,2,-1,-1
141,1448,1010.64,747.29,67.17,111.54,1,2,-1,-1
142,1731,1399.58,171.88,121.84,66.35,1,4,-1,-1
142,1706,699.27,178.98,27.27,50.01,1,3,-1,-1
142,1672,514.99,299.30,21.99,58.84,1,1,-1,-1
142,1641,759.27,177.30,26.33,64.03,1,1,-1,-1
142,1617,1371.34,259.03,33.10,52.12,1,2,-1,-1
142,1581,1544.43,419.83,205.44,145.75,1,4,-1,-1
142,1546,812.72,559.93,304.78,247.92,1,5,-1,-1
142,1500,1853.65,179.31,22.58,35.94,1,2,-1,-1
143,1754,1097.76,306.23,202.56,83.41,1,4,-1,-1
143,1731,1399.69,173.88,122.62,66.35,1,4,-1,-1
143,1706,695.29,182.52,27.29,49.33,1,3,-1,-1
143,1641,750.45,179.21,30.22,75.12,1,1,-1,-1
143,1581,1538.38,430.48,207.28,147.01,1,4,-1,-1
143,1546,784.62,583.70,309.71,253.53,1,5,-1,-1
143,1500,1852.54,181.93,22.69,35.95,1,2,-1,-1
143,1444,936.03,823.01,141.11,92.45,1,10,-1,-1
144,1764,512.08,291.57,34.51,81.04,1,1,-1,-1
144,1754,1085.96,308.73,206.94,85.40,1,4,-1,-1
144,1731,1400.29,176.59,123.12,66.32,1,4,-1,-1
144,1706,691.94,185.69,27.28,48.50,1,3,-1,-1
144,1678,1838.72,208.63,40.00,29.00,1,10,-1,-1
144,1641,749.00,182.36,28.71,73.63,1,1,-1,-1
144,1546,759.15,604.05,316.16,260.18,1,5,-1,-1
144,1500,1851.46,186.76,22.77,35.96,1,2,-1,-1
144,1444,919.10,842.62,143.60,92.40,1,10,-1,-1
145,1774,1378.55,267.35,33.85,47.07,1,2,-1,-1
145,1764,503.65,297.65,34.76,80.74,1,1,-1,-1
145,1759,424.76,110.00,97.00,69.00,1,4,-1,-1
145,1754,1073.77,311.37,212.30,87.71,1,4,-1,-1
145,1732,1726.53,248.51,147.34,89.98,1,4,-1,-1
145,1731,1399.03,178.85,123.45,66.28,1,4,-1,-1
145,1706,688.33,188.87,27.59,47.98,1,3,-1,-1
145,1678,1839.25,213.21,40.00,29.00,1,10,-1,-1
145,1546,733.99,622.70,323.94,267.32,1,5,-1,-1
145,1500,1851.05,192.43,22.83,35.97,1,2,-1,-1
145,1448,944.46,829.26,66.67,113.78,1,2,-1,-1
146,1774,1375.10,272.27,33.98,46.86,1,2,-1,-1
146,1764,494.97,303.61,35.21,80.18,1,1,-1,-1
146,1759,398.17,106.84,120.68,86.18,1,4,-1,-1
146,1754,1061.67,313.59,217.50,90.40,1,4,-1,-1
146,1732,1724.71,251.54,149.37,91.77,1,4,-1,-1
146,1731,1397.15,180.95,123.67,66.24,1,4,-1,-1
146,1706,685.05,191.55,27.83,47.93,1,3,-1,-1
146,1672,482.35,325.87,21.84,59.82,1,1,-1,-1
146,1546,709.20,640.81,332.41,275.03,1,5,-1,-1
147,1774,1371.95,277.34,34.05,46.70,1,2,-1,-1
147,1764,486.69,309.27,35.49,80.04,1,1,-1,-1
147,1754,1049.33,316.14,222.51,92.96,1,4,-1,-1
147,1732,1715.53,253.99,150.39,93.50,1,4,-1,-1
147,1672,477.25,340.37,23.70,65.16,1,1,-1,-1
147,1581,1522.52,504.42,220.12,157.67,1,4,-1,-1
147,1546,677.12,666.54,341.00,282.29,1,5,-1,-1
148,1774,1368.90,283.15,34.09,46.58,1,2,-1,-1
148,1761,1317.92,305.89,79.00,64.00,1,10,-1,-1
148,1754,1037.37,318.36,227.20,95.72,1,4,-1,-1
148,1732,1704.00,256.86,151.08,95.27,1,4,-1,-1
148,1672,468.62,342.68,23.17,63.86,1,1,-1,-1
148,1546,642.73,695.23,349.40,289.20,1,5,-1,-1
149,1770,1345.97,149.36,123.30,61.19,1,4,-1,-1
149,1761,1305.94,310.13,79.74,64.14,1,10,-1,-1
149,1732,1691.53,259.89,151.22,97.04,1,4,-1,-1
149,1672,461.08,348.76,22.80,62.93,1,1,-1,-1
149,1546,607.52,725.06,357.68,295.85,1,5,-1,-1
149,1448,878.63,911.07,65.61,114.77,1,2,-1,-1
150,1793,448.00,76.00,23.00,41.00,1,1,-1,-1
150,1761,1291.11,314.12,80.91,64.31,1,10,-1,-1
150,1732,1679.02,262.96,151.30,98.86,1,4,-1,-1
150,1546,572.24,755.97,366.15,302.33,1,5,-1,-1
150,1444,834.99,952.87,145.76,98.15,1,10,-1,-1
151,1817,1397.25,192.98,95.50,50.84,1,4,-1,-1
151,1793,441.00,77.71,23.00,41.00,1,1,-1,-1
151,1761,1287.23,337.44,76.71,60.15,1,10,-1,-1
151,1732,1666.56,266.03,151.33,100.72,1,4,-1,-1
151,1581,1481.78,513.85,231.47,171.98,1,4,-1,-1
151,1546,532.04,777.81,374.75,299.54,1,5,-1,-1
152,1817,1380.85,192.88,111.79,60.55,1,4,-1,-1
152,1793,435.80,68.49,22.20,40.30,1,1,-1,-1
152,1761,1264.96,330.57,79.81,61.68,1,10,-1,-1
152,1754,951.83,331.42,236.98,102.17,1,4,-1,-1
152,1732,1653.98,269.11,151.02,102.58,1,4,-1,-1
152,1581,1466.62,521.51,234.15,176.42,1,4,-1,-1
152,1546,492.98,796.25,377.45,284.61,1,5,-1,-1
153,1817,1364.73,192.76,120.01,66.76,1,4,-1,-1
153,1761,1246.65,330.20,82.22,62.69,1,10,-1,-1
153,1754,944.06,342.82,209.40,90.70,1,4,-1,-1
153,1732,1641.63,272.17,150.77,104.48,1,4,-1,-1
153,1581,1445.05,512.79,250.81,191.54,1,4,-1,-1
154,1846,77.81,359.59,48.20,87.69,1,1,-1,-1
154,1817,1346.59,192.69,130.87,75.24,1,4,-1,-1
154,1815,1758.38,241.03,40.00,29.00,1,10,-1,-1
154,1761,1229.48,333.02,84.52,63.40,1,10,-1,-1
154,1754,919.21,343.85,218.84,95.23,1,4,-1,-1
154,1732,1629.37,275.21,150.57,106.40,1,4,-1,-1
154,1581,1428.66,509.23,253.05,196.48,1,4,-1,-1
155,1858,1726.62,408.33,167.72,120.55,1,4,-1,-1
155,1846,58.61,366.81,48.22,87.63,1,1,-1,-1
155,1817,1332.84,191.52,131.30,78.29,1,4,-1,-1
155,1761,1213.29,336.46,86.42,63.88,1,10,-1,-1
155,1754,882.95,328.39,259.49,113.85,1,4,-1,-1
155,1732,1623.47,279.17,150.91,107.82,1,4,-1,-1
155,1581,1424.65,536.09,251.87,198.83,1,4,-1,-1
156,1871,1859.00,215.11,25.00,35.00,1,2,-1,-1
156,1866,648.17,222.45,33.83,75.01,1,1,-1,-1
156,1865,321.56,364.33,24.02,60.92,1,1,-1,-1
156,1858,1721.54,416.22,170.89,123.37,1,4,-1,-1
156,1846,38.86,374.62,48.22,87.56,1,1,-1,-1
156,1839,1557.47,795.72,311.29,254.77,1,4,-1,-1
156,1835,324.14,378.26,32.80,76.28,1,1,-1,-1
156,1817,1329.17,191.94,131.02,80.27,1,4,-1,-1
156,1761,1197.06,340.14,88.36,64.23,1,10,-1,-1
156,1754,873.00,340.62,253.33,112.10,1,4,-1,-1
156,1732,1619.88,283.56,151.66,108.85,1,4,-1,-1
156,1581,1423.47,555.02,251.88,201.93,1,4,-1,-1
156,1546,349.70,900.46,411.60,203.30,1,5,-1,-1
157,1869,1767.94,234.07,23.00,36.00,1,2,-1,-1
157,1866,645.91,225.87,34.28,76.20,1,1,-1,-1
157,1835,309.60,387.40,30.00,71.18,1,1,-1,-1
157,1817,1329.78,193.77,130.50,81.58,1,4,-1,-1
157,1761,1181.50,344.61,90.34,64.49,1,10,-1,-1
157,1754,864.35,348.05,250.05,110.84,1,4,-1,-1
158,1893,378.10,88.62,21.36,47.62,1,1,-1,-1
158,1870,1843.06,244.03,43.23,24.24,1,10,-1,-1
158,1869,1766.95,237.87,23.00,36.00,1,2,-1,-1
158,1866,646.51,232.38,32.32,71.93,1,1,-1,-1
158,1835,295.30,380.00,26.93,68.75,1,1,-1,-1
158,1817,1331.86,196.21,129.91,82.43,1,4,-1,-1
158,1761,1172.92,347.42,82.17,58.08,1,10,-1,-1
158,1754,846.08,348.16,254.25,112.22,1,4,-1,-1
159,1895,1223.53,326.04,33.00,55.00,1,2,-1,-1
159,1893,376.32,90.63,21.37,47.64,1,1,-1,-1
159,1870,1842.30,249.72,42.21,23.67,1,10,-1,-1
159,1869,1766.69,243.29,23.00,36.00,1,2,-1,-1
159,1866,643.26,231.55,33.21,74.00,1,1,-1,-1
159,1847,283.72,142.85,103.86,70.39,1,4,-1,-1
159,1835,279.95,393.99,23.24,60.36,1,1,-1,-1
159,1761,1163.70,354.64,85.95,60.13,1,10,-1,-1
160,1893,375.10,92.59,21.42,47.74,1,1,-1,-1
160,1871,1851.09,239.22,21.86,30.89,1,2,-1,-1
160,1870,1840.83,253.61,41.62,23.34,1,10,-1,-1
160,1869,1766.65,249.21,23.00,36.00,1,2,-1,-1
160,1866,647.76,221.79,33.70,75.16,1,1,-1,-1
160,1847,281.16,145.54,105.07,70.49,1,4,-1,-1
160,1839,1645.75,808.21,273.79,249.88,1,4,-1,-1
160,1761,1145.04,354.37,105.39,73.20,1,10,-1,-1
160,1732,1609.20,303.09,157.33,111.94,1,4,-1,-1
161,1917,207.85,48.00,29.00,48.00,1,1,-1,-1
161,1896,1754.46,277.98,40.31,29.05,1,10,-1,-1
161,1893,371.90,93.83,21.47,47.85,1,1,-1,-1
161,1870,1839.76,257.54,41.26,23.14,1,10,-1,-1
161,1869,1766.68,255.27,23.00,36.00,1,2,-1,-1
161,1839,1667.37,809.34,255.81,248.87,1,4,-1,-1
161,1761,1138.69,361.49,103.57,70.61,1,10,-1,-1
161,1732,1606.56,307.98,159.02,112.35,1,4,-1,-1
162,1924,258.70,391.15,25.67,70.44,1,1,-1,-1
162,1917,206.06,50.00,29.00,48.00,1,1,-1,-1
162,1896,1754.85,282.18,40.59,29.10,1,10,-1,-1
162,1869,1766.72,261.36,23.00,36.00,1,2,-1,-1
162,1754,814.21,369.69,256.07,108.56,1,4,-1,-1
162,1732,1603.85,313.07,160.80,112.93,1,4,-1,-1
163,1924,248.69,395.56,26.53,71.21,1,1,-1,-1
163,1917,204.85,52.00,29.00,48.00,1,1,-1,-1
163,1896,1755.66,286.91,40.77,29.11,1,10,-1,-1
163,1869,1767.43,268.12,23.00,36.00,1,2,-1,-1
163,1754,800.95,371.66,256.51,108.84,1,4,-1,-1
163,1732,1601.11,318.03,162.62,113.33,1,4,-1,-1
164,1929,1660.98,474.19,190.54,144.43,1,4,-1,-1
164,1924,239.57,401.37,27.37,71.66,1,1,-1,-1
164,1917,203.09,54.00,29.00,48.00,1,1,-1,-1
164,1896,1751.12,290.46,40.88,29.12,1,10,-1,-1
164,1894,561.96,241.38,35.32,47.65,1,3,-1,-1
164,1754,784.66,359.62,291.15,124.44,1,4,-1,-1
164,1732,1598.97,323.14,164.50,113.91,1,4,-1,-1
165,1948,225.44,430.13,22.42,60.55,1,2,-1,-1
165,1929,1646.59,479.63,198.00,151.39,1,4,-1,-1
165,1924,225.67,421.54,29.68,78.19,1,1,-1,-1
165,1918,1349.30,214.42,127.61,84.41,1,4,-1,-1
165,1917,201.85,56.00,29.00,48.00,1,1,-1,-1
165,1896,1744.71,293.59,40.95,29.11,1,10,-1,-1
165,1895,1160.31,348.80,33.00,55.00,1,2,-1,-1
165,1894,552.38,243.56,35.72,47.45,1,3,-1,-1
165,1893,357.51,100.28,21.65,48.22,1,1,-1,-1
165,1581,1397.38,662.90,271.19,243.47,1,4,-1,-1
166,1958,1290.55,179.72,134.00,66.00,1,4,-1,-1
166,1957,1119.00,364.89,30.00,61.00,1,2,-1,-1
166,1918,1339.06,214.25,129.83,85.30,1,4,-1,-1
166,1896,1731.61,294.56,41.00,29.10,1,10,-1,-1
166,1581,1392.34,673.29,273.28,248.30,1,4,-1,-1
167,1970,1097.84,343.03,39.08,69.21,1,1,-1,-1
167,1957,1107.00,368.88,30.00,61.00,1,2,-1,-1
167,1918,1338.06,213.47,116.91,75.93,1,4,-1,-1
167,1870,1800.17,269.89,40.77,22.87,1,10,-1,-1
167,1847,204.88,160.02,111.15,74.21,1,4,-1,-1
168,1970,1079.59,359.81,37.78,66.82,1,1,-1,-1
168,1957,1084.12,369.38,31.05,62.84,1,2,-1,-1
168,1918,1315.37,212.69,127.08,81.46,1,4,-1,-1
168,1870,1786.05,269.80,40.77,22.87,1,10,-1,-1
168,1847,189.48,161.67,111.25,74.98,1,4,-1,-1
168,1761,1032.29,384.72,114.49,67.20,1,10,-1,-1
168,1754,711.49,376.85,270.03,119.53,1,4,-1,-1
168,1732,1525.51,329.53,169.88,114.64,1,4,-1,-1
169,1989,776.81,348.30,36.32,63.29,1,2,-1,-1
169,1985,1103.32,368.62,29.22,52.65,1,2,-1,-1
169,1970,1075.70,359.99,34.25,59.55,1,1,-1,-1
169,1957,1071.61,350.74,35.22,68.61,1,2,-1,-1
169,1929,1576.51,496.50,218.46,172.65,1,4,-1,-1
169,1894,494.74,250.08,37.19,47.10,1,3,-1,-1
169,1847,173.92,163.12,111.08,76.08,1,4,-1,-1
169,1761,1012.36,387.21,113.98,65.01,1,10,-1,-1
169,1754,689.14,380.31,266.78,118.70,1,4,-1,-1
169,1732,1504.55,330.54,171.32,114.75,1,4,-1,-1
170,1989,762.66,349.21,36.29,63.24,1,2,-1,-1
170,1957,1052.68,354.41,34.39,64.03,1,2,-1,-1
170,1929,1563.91,504.13,215.74,172.42,1,4,-1,-1
170,1894,474.59,251.74,37.93,47.07,1,3,-1,-1
170,1847,158.60,164.71,110.91,76.86,1,4,-1,-1
170,1761,990.87,389.69,114.43,63.49,1,10,-1,-1
170,1754,666.66,384.27,264.46,118.10,1,4,-1,-1
170,1732,1475.19,320.28,196.96,130.62,1,4,-1,-1
171,1989,749.36,350.21,36.20,63.09,1,2,-1,-1
171,1929,1546.35,509.77,214.12,172.84,1,4,-1,-1
171,1894,462.75,254.97,37.42,45.64,1,3,-1,-1
171,1847,143.34,166.13,110.84,78.00,1,4,-1,-1
171,1761,968.81,392.07,115.86,62.42,1,10,-1,-1
171,1754,646.54,385.12,263.63,117.67,1,4,-1,-1
171,1732,1455.50,325.77,191.80,126.16,1,4,-1,-1
172,2030,1270.36,673.36,317.92,314.56,1,4,-1,-1
172,2029,1203.81,170.98,134.39,66.99,1,4,-1,-1
172,2016,1673.00,280.00,143.00,107.00,1,4,-1,-1
172,1989,736.35,351.80,36.04,62.52,1,2,-1,-1
172,1929,1527.51,514.61,213.15,173.63,1,4,-1,-1
172,1894,445.37,256.98,38.06,46.00,1,3,-1,-1
172,1847,128.12,167.90,110.79,79.10,1,4,-1,-1
172,1761,946.40,394.83,118.01,61.36,1,10,-1,-1
172,1754,627.74,385.22,263.84,117.07,1,4,-1,-1
172,1732,1436.46,329.86,188.19,122.86,1,4,-1,-1
173,2051,1038.81,340.37,41.62,74.79,1,1,-1,-1
173,2048,1236.92,204.45,148.61,91.34,1,4,-1,-1
173,2043,752.47,343.49,40.33,57.24,1,2,-1,-1
173,2029,1200.77,170.75,134.33,67.02,1,4,-1,-1
173,2016,1656.00,281.00,143.00,107.00,1,4,-1,-1
173,1929,1517.37,519.11,212.63,174.68,1,4,-1,-1
173,1894,437.73,257.62,38.50,46.22,1,3,-1,-1
173,1847,121.35,167.62,111.59,79.94,1,4,-1,-1
173,1761,929.54,397.25,119.54,60.62,1,10,-1,-1
173,1754,609.09,385.09,264.52,116.34,1,4,-1,-1
174,2062,1599.09,296.80,41.00,29.00,1,10,-1,-1
174,2051,1036.68,338.74,42.33,77.88,1,1,-1,-1
174,2048,1236.73,204.50,148.59,91.34,1,4,-1,-1
174,2029,1205.23,178.92,135.81,67.66,1,4,-1,-1
174,2016,1646.63,282.93,144.51,108.06,1,4,-1,-1
174,1957,983.73,364.92,33.20,57.39,1,2,-1,-1
174,1929,1510.43,523.43,212.41,175.91,1,4,-1,-1
174,1918,1231.84,218.08,159.02,98.64,1,4,-1,-1
174,1894,433.81,257.76,38.81,46.36,1,3,-1,-1
174,1847,118.10,167.29,112.72,80.57,1,4,-1,-1
174,1761,915.56,399.50,120.63,60.09,1,10,-1,-1
175,2076,28.00,486.00,23.00,64.00,1,1,-1,-1
175,2051,1034.21,338.52,42.57,80.15,1,1,-1,-1
175,2029,1202.33,173.66,135.20,67.43,1,4,-1,-1
175,2016,1639.47,285.05,146.77,109.64,1,4,-1,-1
175,1957,967.41,366.73,35.42,60.60,1,2,-1,-1
175,1929,1505.27,527.67,212.42,177.27,1,4,-1,-1
175,1918,1227.30,211.54,166.72,103.11,1,4,-1,-1
175,1894,431.30,257.73,39.02,46.45,1,3,-1,-1
175,1761,904.41,410.23,115.45,56.93,1,10,-1,-1
176,2077,71.00,63.00,29.00,48.00,1,1,-1,-1
176,2051,1032.48,337.27,42.61,82.10,1,1,-1,-1
176,2030,1263.61,743.99,290.07,296.77,1,4,-1,-1
176,2029,1201.67,171.79,134.82,67.28,1,4,-1,-1
176,2016,1632.86,287.17,149.43,111.48,1,4,-1,-1
176,1957,960.26,364.22,38.83,66.13,1,2,-1,-1
176,1929,1500.54,531.87,212.30,178.72,1,4,-1,-1
176,1918,1232.80,220.42,172.10,106.31,1,4,-1,-1
176,1761,892.30,420.87,119.13,58.05,1,10,-1,-1
177,2094,6.57,466.80,28.00,70.00,1,1,-1,-1
177,2077,71.00,63.00,29.00,48.00,1,1,-1,-1
177,2051,1031.82,336.17,42.53,83.58,1,1,-1,-1
177,2043,742.91,346.08,41.17,54.07,1,2,-1,-1
177,2030,1259.85,754.47,288.21,297.80,1,4,-1,-1
177,2029,1201.71,171.13,134.58,67.20,1,4,-1,-1
177,2016,1627.97,289.68,151.05,112.58,1,4,-1,-1
177,1957,952.00,365.71,37.21,63.30,1,2,-1,-1
177,1929,1496.42,536.24,211.83,180.50,1,4,-1,-1
177,1754,561.30,385.19,267.73,115.37,1,4,-1,-1
178,2110,1397.92,350.70,171.39,114.28,1,4,-1,-1
178,2098,116.77,165.87,116.52,78.36,1,4,-1,-1
178,2094,0.99,468.32,26.15,68.29,1,1,-1,-1
178,2077,71.00,63.00,29.00,48.00,1,1,-1,-1
178,2051,1030.66,338.89,41.45,82.13,1,1,-1,-1
178,2048,1237.80,204.74,148.39,91.23,1,4,-1,-1
178,2043,741.78,346.28,41.28,53.68,1,2,-1,-1
178,2029,1201.95,170.91,134.41,67.14,1,4,-1,-1
178,1957,945.08,367.39,36.03,61.25,1,2,-1,-1
178,1929,1492.75,541.07,211.37,182.27,1,4,-1,-1
179,2112,730.07,352.98,34.85,59.16,1,2,-1,-1
179,2110,1390.70,353.21,171.76,115.19,1,4,-1,-1
179,2098,115.09,165.91,117.87,77.97,1,4,-1,-1
179,2051,1030.39,341.20,40.64,80.44,1,1,-1,-1
179,2048,1237.97,204.77,148.35,91.21,1,4,-1,-1
179,2043,740.72,346.41,41.35,53.40,1,2,-1,-1
179,2029,1202.21,170.85,134.30,67.10,1,4,-1,-1
179,1957,928.83,357.97,40.15,68.04,1,2,-1,-1
179,1929,1486.12,534.49,212.56,185.57,1,4,-1,-1
180,2121,1580.00,307.09,41.00,29.00,1,10,-1,-1
180,2112,729.07,353.04,34.86,59.05,1,2,-1,-1
180,2110,1383.41,356.13,172.30,116.28,1,4,-1,-1
180,2098,113.15,165.95,119.74,77.98,1,4,-1,-1
180,2078,1597.26,283.37,23.00,35.00,1,2,-1,-1
180,2048,1238.10,204.80,148.32,91.19,1,4,-1,-1
180,2043,739.71,346.50,41.39,53.18,1,2,-1,-1
180,2029,1202.44,170.85,134.22,67.08,1,4,-1,-1
180,1929,1483.89,545.39,211.14,187.17,1,4,-1,-1
181,2121,1576.78,308.85,41.00,29.00,1,10,-1,-1
181,2112,728.06,353.80,34.88,58.99,1,2,-1,-1
181,2110,1376.29,359.10,173.23,117.51,1,4,-1,-1
181,2098,111.10,165.95,121.83,78.14,1,4,-1,-1
181,2048,1231.86,176.98,167.01,102.76,1,4,-1,-1
181,2043,738.71,346.57,41.41,53.02,1,2,-1,-1
181,2016,1615.82,302.85,152.16,113.04,1,4,-1,-1
181,1929,1481.03,552.74,210.03,188.84,1,4,-1,-1
