1,39,1344.00,-7.00,17.00,42.00,1,1,-1,-1
1,38,383.00,14.00,12.00,24.00,1,2,-1,-1
1,37,1346.00,24.00,24.00,59.00,1,1,-1,-1
1,36,869.00,47.00,12.00,18.00,1,2,-1,-1
1,35,330.00,22.00,32.00,65.00,1,2,-1,-1
1,34,179.00,232.00,136.00,49.00,1,4,-1,-1
1,33,1380.00,47.00,12.00,30.00,1,1,-1,-1
1,32,855.00,27.00,17.00,26.00,1,2,-1,-1
1,31,1626.00,106.00,150.00,52.00,1,4,-1,-1
1,30,1601.00,403.00,48.00,92.00,1,1,-1,-1
1,29,1598.00,632.00,300.00,236.00,1,4,-1,-1
1,28,1522.00,391.00,51.00,89.00,1,1,-1,-1
1,27,1363.00,6.00,18.00,41.00,1,1,-1,-1
1,26,1358.00,12.00,17.00,41.00,1,1,-1,-1
1,25,1286.00,7.00,20.00,44.00,1,2,-1,-1
1,24,1259.00,8.00,15.00,42.00,1,1,-1,-1
1,23,1228.00,304.00,45.00,61.00,1,2,-1,-1
1,22,1223.00,320.00,60.00,59.00,1,10,-1,-1
1,21,1218.00,462.00,95.00,66.00,1,3,-1,-1
1,20,1007.00,416.00,48.00,73.00,1,2,-1,-1
1,19,910.00,203.00,169.00,85.00,1,4,-1,-1
1,18,903.00,4.00,50.00,49.00,1,4,-1,-1
1,17,877.00,27.00,23.00,35.00,1,2,-1,-1
1,16,842.00,39.00,33.00,34.00,1,10,-1,-1
1,15,712.00,476.00,53.00,118.00,1,1,-1,-1
1,14,671.00,201.00,130.00,85.00,1,7,-1,-1
1,13,635.00,165.00,159.00,69.00,1,4,-1,-1
1,12,519.00,76.00,27.00,59.00,1,1,-1,-1
1,11,503.00,79.00,25.00,53.00,1,1,-1,-1
1,10,358.00,21.00,23.00,48.00,1,2,-1,-1
1,9,343.00,15.00,22.00,45.00,1,2,-1,-1
1,8,330.00,133.00,164.00,60.00,1,4,-1,-1
1,7,325.00,28.00,24.00,46.00,1,2,-1,-1
1,6,180.00,671.00,63.00,109.00,1,10,-1,-1
1,5,177.00,650.00,75.00,112.00,1,2,-1,-1
1,4,176.00,697.00,52.00,67.00,1,2,-1,-1
1,3,122.00,234.00,212.00,76.00,1,4,-1,-1
1,2,49.00,183.00,198.00,87.00,1,4,-1,-1
2,56,875.00,-3.00,74.00,72.00,1,4,-1,-1
2,55,1215.00,339.00,32.00,32.00,1,10,-1,-1
2,54,1256.00,431.00,81.00,129.00,1,2,-1,-1
2,53,413.00,12.00,14.00,36.00,1,2,-1,-1
2,52,910.00,-27.00,57.00,56.00,1,4,-1,-1
2,51,1222.00,280.00,65.00,64.00,1,10,-1,-1
2,50,1210.00,352.00,38.00,38.00,1,10,-1,-1
2,49,105.00,209.00,105.00,46.00,1,4,-1,-1
2,48,1648.00,137.00,129.00,58.00,1,4,-1,-1
2,47,1346.00,179.00,157.00,81.00,1,4,-1,-1
2,46,1275.00,14.00,17.00,40.00,1,1,-1,-1
2,45,1257.00,422.00,57.00,91.00,1,2,-1,-1
2,44,1242.00,114.00,155.00,58.00,1,4,-1,-1
2,43,989.00,436.00,106.00,67.00,1,3,-1,-1
2,42,878.00,40.00,25.00,36.00,1,10,-1,-1
2,41,402.00,14.00,22.00,51.00,1,2,-1,-1
2,40,373.00,14.00,23.00,47.00,1,2,-1,-1
2,32,848.09,21.87,22.81,34.27,1,2,-1,-1
2,31,1617.66,105.12,150.68,52.76,1,4,-1,-1
2,30,1605.94,401.12,48.12,92.76,1,1,-1,-1
2,28,1525.00,389.00,51.00,89.00,1,1,-1,-1
2,27,1361.00,5.00,18.00,41.00,1,1,-1,-1
2,24,1259.16,7.57,15.67,41.85,1,1,-1,-1
2,23,1216.00,298.00,45.00,61.00,1,2,-1,-1
2,21,1226.00,460.00,95.00,66.00,1,3,-1,-1
2,20,1014.00,414.00,48.00,73.00,1,2,-1,-1
2,18,903.00,3.00,50.00,49.00,1,4,-1,-1
2,17,878.00,27.00,23.00,35.00,1,2,-1,-1
2,16,842.00,39.00,33.00,34.00,1,10,-1,-1
2,15,695.75,477.57,50.50,114.86,1,1,-1,-1
2,14,678.00,200.00,130.00,85.00,1,7,-1,-1
2,10,358.00,20.00,23.00,48.00,1,2,-1,-1
2,9,343.00,14.00,22.00,45.00,1,2,-1,-1
2,8,317.00,132.00,164.00,60.00,1,4,-1,-1
2,6,181.00,667.00,63.00,109.00,1,10,-1,-1
2,5,177.28,646.59,75.44,110.82,1,2,-1,-1
2,4,177.00,693.00,52.00,67.00,1,2,-1,-1
2,2,56.00,182.00,198.00,87.00,1,4,-1,-1
3,67,310.00,17.00,31.00,59.00,1,2,-1,-1
3,66,172.00,630.00,86.00,122.00,1,2,-1,-1
3,65,835.00,32.00,21.00,31.00,1,2,-1,-1
3,64,1676.00,173.00,81.00,37.00,1,4,-1,-1
3,63,378.00,203.00,160.00,68.00,1,4,-1,-1
3,62,407.00,20.00,27.00,62.00,1,2,-1,-1
3,61,404.00,48.00,12.00,31.00,1,2,-1,-1
3,60,1199.00,309.00,59.00,56.00,1,10,-1,-1
3,59,724.00,473.00,53.00,118.00,1,1,-1,-1
3,58,392.00,14.00,17.00,43.00,1,2,-1,-1
3,57,374.00,190.00,169.00,72.00,1,4,-1,-1
3,48,1640.74,138.12,129.53,58.76,1,4,-1,-1
3,47,1340.00,181.00,157.00,81.00,1,4,-1,-1
3,45,1265.00,421.00,57.00,91.00,1,2,-1,-1
3,44,1232.00,114.00,155.00,58.00,1,4,-1,-1
3,43,996.00,436.00,106.00,67.00,1,3,-1,-1
3,42,879.00,40.00,25.00,36.00,1,10,-1,-1
3,41,402.00,13.00,22.00,51.00,1,2,-1,-1
3,40,374.00,13.00,23.00,47.00,1,2,-1,-1
3,35,323.21,34.59,25.57,49.83,1,2,-1,-1
3,31,1609.68,105.00,150.65,52.93,1,4,-1,-1
3,27,1359.94,4.94,18.00,41.00,1,1,-1,-1
3,25,1287.00,7.00,20.00,44.00,1,2,-1,-1
3,24,1260.05,7.64,15.85,41.65,1,1,-1,-1
3,23,1204.94,292.00,45.00,61.00,1,2,-1,-1
3,21,1234.94,458.00,95.00,66.00,1,3,-1,-1
3,20,1021.94,412.94,48.00,73.00,1,2,-1,-1
3,19,895.00,198.00,169.00,85.00,1,4,-1,-1
3,18,903.94,2.94,50.00,49.00,1,4,-1,-1
3,17,879.00,27.94,23.00,35.00,1,2,-1,-1
3,16,842.94,39.00,33.00,34.00,1,10,-1,-1
3,15,700.62,476.78,49.99,114.56,1,1,-1,-1
3,14,685.00,199.00,130.00,85.00,1,7,-1,-1
3,13,618.11,161.95,159.77,69.10,1,4,-1,-1
3,11,503.95,78.12,25.11,53.77,1,1,-1,-1
3,9,343.00,13.94,22.00,45.00,1,2,-1,-1
3,8,303.69,131.17,164.62,60.61,1,4,-1,-1
3,7,326.00,26.00,24.00,46.00,1,2,-1,-1
3,6,182.94,663.94,63.00,109.00,1,10,-1,-1
3,5,177.46,643.39,76.08,110.16,1,2,-1,-1
3,4,178.00,689.94,52.00,67.00,1,2,-1,-1
3,3,141.00,232.00,212.00,76.00,1,4,-1,-1
4,31,1601.72,104.98,150.55,52.99,1,4,-1,-1
4,27,1358.96,4.96,18.00,41.00,1,1,-1,-1
4,24,1260.33,7.49,16.44,41.98,1,1,-1,-1
4,23,1193.11,286.00,45.00,61.00,1,2,-1,-1
4,21,1243.11,456.00,95.00,66.00,1,3,-1,-1
4,20,1029.11,411.11,48.00,73.00,1,2,-1,-1
4,17,880.00,28.11,23.00,35.00,1,2,-1,-1
4,15,707.87,475.71,49.83,114.66,1,1,-1,-1
4,8,276.84,114.21,165.22,61.35,1,4,-1,-1
4,6,184.95,660.96,63.00,109.00,1,10,-1,-1
4,5,178.52,640.05,76.65,109.01,1,2,-1,-1
4,4,179.00,686.96,52.00,67.00,1,2,-1,-1
5,48,1626.41,140.24,129.33,59.42,1,4,-1,-1
5,43,1010.00,434.89,106.00,67.00,1,3,-1,-1
5,42,881.00,40.00,25.00,36.00,1,10,-1,-1
5,41,403.09,11.82,22.03,51.32,1,2,-1,-1
5,27,1360.15,8.28,17.54,40.62,1,1,-1,-1
5,25,1288.79,8.02,19.23,43.84,1,2,-1,-1
5,24,1261.09,7.50,16.73,41.97,1,1,-1,-1
5,23,1181.91,280.78,45.00,61.00,1,2,-1,-1
5,21,1272.57,457.37,80.21,67.07,1,3,-1,-1
5,20,1036.90,409.91,48.00,73.00,1,2,-1,-1
5,19,880.30,193.10,169.48,85.07,1,4,-1,-1
5,8,273.08,124.53,164.86,61.25,1,4,-1,-1
5,6,186.19,657.97,63.00,109.00,1,10,-1,-1
5,5,178.94,637.54,77.25,107.61,1,2,-1,-1
5,4,180.78,683.19,52.00,67.00,1,2,-1,-1
6,60,1163.32,291.75,57.51,52.60,1,10,-1,-1
6,58,393.11,12.89,17.00,43.00,1,2,-1,-1
6,46,1278.19,14.00,17.00,40.00,1,1,-1,-1
6,42,882.00,40.00,25.00,36.00,1,10,-1,-1
6,41,403.87,11.16,22.07,51.64,1,2,-1,-1
6,27,1361.35,9.29,17.29,40.50,1,1,-1,-1
6,24,1261.99,7.55,16.88,41.88,1,1,-1,-1
6,23,1170.87,275.02,45.00,61.00,1,2,-1,-1
6,21,1270.27,452.74,84.86,67.29,1,3,-1,-1
6,20,1044.13,408.87,48.00,73.00,1,2,-1,-1
6,19,872.91,190.90,169.30,85.03,1,4,-1,-1
6,10,359.85,17.02,23.00,48.00,1,2,-1,-1
6,8,256.43,120.66,193.73,72.20,1,4,-1,-1
6,6,187.96,654.97,63.00,109.00,1,10,-1,-1
6,5,163.86,618.35,97.40,133.26,1,2,-1,-1
6,4,186.16,661.60,61.47,79.30,1,2,-1,-1
6,2,82.66,178.66,200.59,88.17,1,4,-1,-1
7,69,1601.84,626.90,298.33,235.90,1,4,-1,-1
7,60,1151.51,286.39,56.92,51.13,1,10,-1,-1
7,58,393.12,12.09,17.00,43.00,1,2,-1,-1
7,47,1316.00,189.00,157.00,81.00,1,4,-1,-1
7,46,1278.96,14.00,17.00,40.00,1,1,-1,-1
7,42,883.05,40.58,24.91,35.58,1,10,-1,-1
7,41,404.09,10.21,22.08,51.81,1,2,-1,-1
7,27,1362.51,8.85,17.14,40.48,1,1,-1,-1
7,24,1262.40,7.48,17.36,42.03,1,1,-1,-1
7,23,1159.16,269.08,45.00,61.00,1,2,-1,-1
7,20,1051.89,407.16,48.00,73.00,1,2,-1,-1
7,19,865.82,188.86,169.19,85.01,1,4,-1,-1
7,14,728.85,190.60,125.09,81.51,1,7,-1,-1
7,10,360.08,16.08,23.00,48.00,1,2,-1,-1
7,8,244.62,123.95,183.56,68.98,1,4,-1,-1
7,6,189.90,651.98,63.00,109.00,1,10,-1,-1
7,4,183.47,640.46,72.68,93.13,1,2,-1,-1
8,78,1546.69,383.08,50.98,89.02,1,1,-1,-1
8,60,1139.65,280.59,56.60,49.94,1,10,-1,-1
8,58,392.24,10.40,16.53,42.24,1,2,-1,-1
8,47,1309.29,190.29,157.00,81.00,1,4,-1,-1
8,46,1279.90,14.00,17.00,40.00,1,1,-1,-1
8,45,1302.87,415.97,57.38,91.06,1,2,-1,-1
8,41,404.82,9.35,22.13,52.30,1,2,-1,-1
8,31,1570.41,105.27,150.25,54.22,1,4,-1,-1
8,27,1363.62,8.64,17.05,40.51,1,1,-1,-1
8,24,1263.13,7.48,17.66,42.02,1,1,-1,-1
8,23,1147.93,263.09,45.00,61.00,1,2,-1,-1
8,20,1061.37,405.78,51.89,78.87,1,2,-1,-1
8,15,734.49,470.64,49.19,114.71,1,1,-1,-1
8,14,727.88,194.23,126.91,82.77,1,7,-1,-1
8,10,360.84,15.09,23.00,48.00,1,2,-1,-1
8,8,233.50,125.42,176.93,66.60,1,4,-1,-1
8,6,185.08,660.57,57.80,91.40,1,10,-1,-1
8,4,182.20,630.15,78.32,99.61,1,2,-1,-1
8,3,191.71,226.65,211.54,75.69,1,4,-1,-1
9,78,1549.73,381.90,50.89,88.54,1,1,-1,-1
9,60,1127.74,275.37,56.40,48.87,1,10,-1,-1
9,58,393.55,10.66,16.70,42.55,1,2,-1,-1
9,47,1302.34,192.04,157.00,81.00,1,4,-1,-1
9,46,1280.90,14.00,17.00,40.00,1,1,-1,-1
9,45,1310.25,414.93,57.62,91.14,1,2,-1,-1
9,31,1562.44,105.23,150.20,54.55,1,4,-1,-1
9,27,1364.71,7.83,17.00,40.54,1,1,-1,-1
9,25,1291.70,9.22,18.39,44.18,1,2,-1,-1
9,24,1264.17,7.43,18.20,42.14,1,1,-1,-1
9,23,1136.86,257.77,45.00,61.00,1,2,-1,-1
9,20,1067.13,403.24,50.62,76.96,1,2,-1,-1
9,15,740.94,469.44,49.40,115.03,1,1,-1,-1
9,14,731.85,195.44,128.36,83.60,1,7,-1,-1
9,10,361.10,14.77,23.00,48.00,1,2,-1,-1
9,8,222.01,125.79,172.81,65.41,1,4,-1,-1
9,6,185.67,663.44,53.91,80.28,1,10,-1,-1
9,4,181.26,624.52,81.70,102.41,1,2,-1,-1
9,3,200.60,227.31,211.72,75.80,1,4,-1,-1
10,92,765.59,466.61,52.29,116.25,1,1,-1,-1
10,60,1117.85,269.78,56.39,48.24,1,10,-1,-1
10,58,393.99,10.76,16.80,42.73,1,2,-1,-1
10,57,417.09,186.20,169.00,72.00,1,4,-1,-1
10,47,1296.01,193.96,157.00,81.00,1,4,-1,-1
10,46,1281.22,13.31,17.00,40.00,1,1,-1,-1
10,45,1318.01,413.91,57.77,91.18,1,2,-1,-1
10,44,1155.76,112.74,159.02,59.84,1,4,-1,-1
10,31,1555.14,119.16,130.48,47.80,1,4,-1,-1
10,24,1264.44,6.75,18.56,42.13,1,1,-1,-1
10,23,1125.85,252.01,45.00,61.00,1,2,-1,-1
10,15,747.11,468.16,49.51,114.88,1,1,-1,-1
10,9,345.36,9.74,22.78,46.72,1,2,-1,-1
10,8,210.09,125.60,170.24,64.96,1,4,-1,-1
10,7,330.18,22.88,24.00,46.00,1,2,-1,-1
10,6,187.23,664.12,51.18,73.12,1,10,-1,-1
10,4,181.29,620.22,83.94,103.19,1,2,-1,-1
10,3,210.18,226.90,211.83,75.86,1,4,-1,-1
10,2,112.86,175.98,197.34,87.01,1,4,-1,-1
11,93,1349.89,2.89,18.00,41.00,1,1,-1,-1
11,87,887.00,31.87,23.00,35.00,1,2,-1,-1
11,74,850.13,39.84,31.09,36.42,1,2,-1,-1
11,69,1604.84,623.22,297.13,235.73,1,4,-1,-1
11,60,1108.62,264.69,56.46,47.86,1,10,-1,-1
11,58,392.79,5.61,20.21,51.15,1,2,-1,-1
11,57,423.09,185.88,169.00,72.00,1,4,-1,-1
11,47,1289.22,195.93,157.00,81.00,1,4,-1,-1
11,46,1281.98,13.06,17.00,40.00,1,1,-1,-1
11,45,1325.91,413.58,57.87,91.19,1,2,-1,-1
11,43,1052.00,431.88,106.00,67.00,1,3,-1,-1
11,24,1265.12,6.53,18.79,42.07,1,1,-1,-1
11,23,1115.53,246.09,45.00,61.00,1,2,-1,-1
11,19,836.28,178.48,169.86,85.07,1,4,-1,-1
11,18,908.75,0.89,49.20,47.92,1,4,-1,-1
11,15,753.65,467.16,49.25,114.64,1,1,-1,-1
11,9,345.78,10.16,22.52,46.15,1,2,-1,-1
11,6,188.88,663.44,49.36,68.51,1,10,-1,-1
11,4,181.11,616.76,85.60,103.12,1,2,-1,-1
11,2,120.01,175.10,197.05,86.93,1,4,-1,-1
12,100,1576.22,146.29,128.46,64.21,1,4,-1,-1
12,87,887.24,32.08,23.00,35.00,1,2,-1,-1
12,74,849.93,40.79,32.88,36.40,1,2,-1,-1
12,68,522.07,71.83,27.00,58.43,1,1,-1,-1
12,60,1099.61,259.75,56.57,47.63,1,10,-1,-1
12,58,393.79,6.87,19.24,48.69,1,2,-1,-1
12,57,429.76,185.11,169.00,72.00,1,4,-1,-1
12,47,1282.95,197.93,157.00,81.00,1,4,-1,-1
12,46,1282.90,12.97,17.00,40.00,1,1,-1,-1
12,45,1333.54,412.26,57.27,90.99,1,2,-1,-1
12,43,1059.00,432.47,106.00,67.00,1,3,-1,-1
12,40,379.10,7.30,23.73,50.70,1,2,-1,-1
12,24,1265.97,6.48,18.95,42.00,1,1,-1,-1
12,23,1104.80,240.11,45.00,61.00,1,2,-1,-1
12,21,1312.91,441.31,92.44,66.56,1,3,-1,-1
12,19,828.84,175.33,169.59,85.04,1,4,-1,-1
12,18,909.11,0.91,49.07,47.87,1,4,-1,-1
12,15,760.05,465.62,49.44,114.97,1,1,-1,-1
12,9,347.43,5.34,22.73,46.55,1,2,-1,-1
12,6,191.07,661.90,48.22,65.56,1,10,-1,-1
12,2,127.77,174.81,196.87,86.87,1,4,-1,-1
13,100,1568.95,147.39,128.20,64.97,1,4,-1,-1
13,87,888.00,32.13,23.00,35.00,1,2,-1,-1
13,74,850.28,41.74,34.01,36.25,1,2,-1,-1
13,68,521.28,69.40,24.59,53.42,1,1,-1,-1
13,57,436.00,184.85,169.00,72.00,1,4,-1,-1
13,46,1283.89,12.28,17.00,40.00,1,1,-1,-1
13,45,1342.84,441.44,60.20,71.07,1,2,-1,-1
13,43,1066.67,433.38,106.00,67.00,1,3,-1,-1
13,40,379.12,7.63,23.48,49.54,1,2,-1,-1
13,24,1266.90,6.49,19.05,41.92,1,1,-1,-1
13,21,1320.73,440.37,92.93,66.43,1,3,-1,-1
13,20,1097.45,401.92,48.80,74.99,1,2,-1,-1
13,19,821.60,172.09,168.99,84.67,1,4,-1,-1
13,18,909.23,0.94,48.99,47.84,1,4,-1,-1
13,15,766.66,464.43,49.25,115.08,1,1,-1,-1
13,6,193.34,658.48,47.56,63.71,1,10,-1,-1
13,2,134.40,174.74,196.76,86.84,1,4,-1,-1
14,117,859.96,28.96,23.00,34.00,1,2,-1,-1
14,100,1561.87,148.48,128.14,65.82,1,4,-1,-1
14,92,789.98,462.50,52.49,116.82,1,1,-1,-1
14,87,888.93,32.13,23.00,35.00,1,2,-1,-1
14,74,850.91,42.04,34.73,36.06,1,2,-1,-1
14,57,442.08,184.10,169.00,72.00,1,4,-1,-1
14,45,1349.09,424.97,57.82,75.15,1,2,-1,-1
14,43,1089.88,438.38,106.00,67.00,1,3,-1,-1
14,41,406.25,6.75,22.11,53.03,1,2,-1,-1
14,40,379.14,7.94,23.33,48.77,1,2,-1,-1
14,24,1269.84,17.62,17.82,38.88,1,1,-1,-1
14,21,1328.57,439.44,93.26,66.34,1,3,-1,-1
14,20,1105.50,403.14,48.62,75.33,1,2,-1,-1
14,19,814.45,169.06,168.26,84.39,1,4,-1,-1
14,18,909.94,0.96,48.93,47.83,1,4,-1,-1
14,7,331.51,20.79,24.59,46.16,1,2,-1,-1
14,6,197.81,648.51,54.61,77.95,1,10,-1,-1
14,3,249.94,224.83,211.98,75.97,1,4,-1,-1
15,124,1297.00,5.11,18.00,45.00,1,2,-1,-1
15,117,860.97,28.97,23.00,34.00,1,2,-1,-1
15,100,1554.95,149.38,127.93,66.34,1,4,-1,-1
15,93,1344.96,1.96,18.00,41.00,1,1,-1,-1
15,92,796.01,461.46,52.53,116.92,1,1,-1,-1
15,74,852.37,42.11,35.20,35.87,1,2,-1,-1
15,45,1357.24,417.32,55.32,78.25,1,2,-1,-1
15,40,379.15,8.19,23.22,48.24,1,2,-1,-1
15,24,1269.81,11.23,18.25,39.69,1,1,-1,-1
15,21,1336.44,438.51,93.50,66.27,1,3,-1,-1
15,20,1113.57,404.24,48.49,75.57,1,2,-1,-1
15,18,910.19,0.97,48.90,47.82,1,4,-1,-1
15,6,197.16,644.72,52.65,73.02,1,10,-1,-1
15,4,180.05,605.50,87.69,100.38,1,2,-1,-1
16,133,778.00,196.11,131.00,85.00,1,7,-1,-1
16,124,1298.00,4.91,18.00,45.00,1,2,-1,-1
16,123,363.00,11.94,23.00,48.00,1,2,-1,-1
16,117,861.97,28.97,23.00,34.00,1,2,-1,-1
16,100,1547.82,150.45,127.50,66.98,1,4,-1,-1
16,93,1343.89,1.89,18.00,41.00,1,1,-1,-1
16,92,802.02,460.43,52.57,117.01,1,1,-1,-1
16,74,853.49,42.78,35.49,35.69,1,2,-1,-1
16,60,1058.62,240.00,56.94,47.40,1,10,-1,-1
16,45,1365.42,412.55,52.83,80.59,1,2,-1,-1
16,40,379.16,8.38,23.15,47.87,1,2,-1,-1
16,20,1121.62,405.47,48.42,76.05,1,2,-1,-1
16,18,910.93,0.99,48.88,47.82,1,4,-1,-1
16,8,125.15,124.65,170.39,64.44,1,4,-1,-1
16,6,198.53,640.88,51.23,69.61,1,10,-1,-1
16,4,179.79,602.98,87.32,99.66,1,2,-1,-1
17,133,785.00,196.12,131.00,85.00,1,7,-1,-1
17,123,363.00,11.95,23.00,48.00,1,2,-1,-1
17,117,855.22,28.25,32.10,41.17,1,2,-1,-1
17,100,1540.82,151.54,127.27,67.75,1,4,-1,-1
17,93,1342.88,1.88,18.00,41.00,1,1,-1,-1
17,74,855.18,43.01,35.67,35.53,1,2,-1,-1
17,68,524.07,71.32,26.33,56.76,1,1,-1,-1
17,60,1048.48,236.16,57.32,47.13,1,10,-1,-1
17,46,1287.92,11.00,17.00,40.00,1,1,-1,-1
17,45,1374.09,409.76,50.07,82.22,1,2,-1,-1
17,20,1130.13,406.73,48.08,76.63,1,2,-1,-1
17,18,911.20,1.00,48.87,47.83,1,4,-1,-1
17,15,792.78,460.11,48.91,114.62,1,1,-1,-1
17,8,110.31,124.89,169.29,64.64,1,4,-1,-1
17,6,200.56,637.27,50.22,66.96,1,10,-1,-1
17,4,179.72,600.37,87.03,99.12,1,2,-1,-1
17,2,155.49,175.39,204.51,90.31,1,4,-1,-1
18,144,1373.85,2.96,17.00,41.00,1,1,-1,-1
18,134,1493.15,105.29,147.46,57.28,1,4,-1,-1
18,133,792.00,196.11,131.00,85.00,1,7,-1,-1
18,125,1584.98,379.10,53.26,90.50,1,1,-1,-1
18,123,363.00,11.96,23.00,48.00,1,2,-1,-1
18,117,859.02,26.94,29.16,38.81,1,2,-1,-1
18,109,888.86,40.23,27.79,39.48,1,10,-1,-1
18,100,1533.84,152.61,127.15,68.60,1,4,-1,-1
18,93,1342.05,1.82,18.34,41.14,1,1,-1,-1
18,74,856.42,43.07,35.77,35.40,1,2,-1,-1
18,60,1038.56,232.96,57.90,46.97,1,10,-1,-1
18,57,466.34,183.43,169.00,72.00,1,4,-1,-1
18,46,1288.93,10.91,17.00,40.00,1,1,-1,-1
18,44,1069.36,107.26,165.91,62.51,1,4,-1,-1
18,20,1138.39,407.96,47.85,77.34,1,2,-1,-1
18,18,911.76,1.02,48.56,47.80,1,4,-1,-1
18,15,799.71,463.06,48.88,114.59,1,1,-1,-1
18,2,162.06,175.09,202.23,89.30,1,4,-1,-1
19,152,192.17,638.58,63.27,99.17,1,10,-1,-1
19,144,1375.84,3.75,17.00,41.00,1,1,-1,-1
19,134,1486.09,105.97,147.25,57.57,1,4,-1,-1
19,125,1590.08,380.37,54.13,91.29,1,1,-1,-1
19,123,363.00,11.97,23.00,48.00,1,2,-1,-1
19,117,861.50,26.82,27.20,37.21,1,2,-1,-1
19,109,891.33,40.70,26.87,38.01,1,10,-1,-1
19,60,1028.68,229.97,58.63,46.89,1,10,-1,-1
19,57,471.95,184.51,168.77,72.30,1,4,-1,-1
19,47,1249.67,207.03,159.11,87.07,1,4,-1,-1
19,44,1062.20,108.92,162.14,61.08,1,4,-1,-1
19,24,1274.78,7.02,20.22,44.84,1,1,-1,-1
19,21,1369.32,438.26,93.58,66.11,1,3,-1,-1
19,20,1146.53,408.95,47.67,77.86,1,2,-1,-1
19,18,912.18,1.02,48.64,47.82,1,4,-1,-1
19,15,807.38,468.15,48.86,114.58,1,1,-1,-1
20,152,188.70,638.25,66.57,106.14,1,10,-1,-1
20,144,1377.86,4.73,17.00,41.00,1,1,-1,-1
20,125,1595.34,381.98,55.38,91.95,1,1,-1,-1
20,124,1302.69,5.49,18.00,45.00,1,2,-1,-1
20,123,363.00,11.98,23.00,48.00,1,2,-1,-1
20,116,511.55,67.21,25.03,54.89,1,1,-1,-1
20,92,832.39,471.07,49.77,110.92,1,1,-1,-1
20,47,1245.65,210.71,159.25,88.11,1,4,-1,-1
20,43,1139.85,423.44,95.58,73.84,1,3,-1,-1
20,40,378.22,8.75,23.03,47.26,1,2,-1,-1
20,24,1275.71,6.89,19.93,43.86,1,1,-1,-1
20,20,1154.62,410.07,47.55,78.53,1,2,-1,-1
20,18,912.79,1.03,48.40,47.80,1,4,-1,-1
20,15,804.97,477.55,50.51,118.02,1,1,-1,-1
20,7,330.66,18.78,26.78,47.16,1,2,-1,-1
20,3,317.62,225.08,212.02,76.00,1,4,-1,-1
21,153,451.43,139.79,171.11,70.43,1,4,-1,-1
21,152,196.95,638.06,63.92,94.89,1,10,-1,-1
21,144,1379.89,5.05,17.00,41.00,1,1,-1,-1
21,125,1600.42,383.29,56.56,92.72,1,1,-1,-1
21,124,1304.61,6.49,18.00,45.00,1,2,-1,-1
21,123,363.00,11.98,23.00,48.00,1,2,-1,-1
21,116,510.51,68.14,25.02,54.91,1,1,-1,-1
21,92,842.83,477.70,50.70,112.95,1,1,-1,-1
21,68,521.31,74.67,26.80,57.65,1,1,-1,-1
21,47,1242.13,214.68,159.05,89.11,1,4,-1,-1
21,43,1138.90,434.12,98.60,71.71,1,3,-1,-1
21,40,378.12,8.80,23.02,47.17,1,2,-1,-1
21,24,1277.86,7.01,19.43,43.15,1,1,-1,-1
21,20,1162.67,411.21,47.48,79.31,1,2,-1,-1
21,18,913.22,1.03,48.53,47.83,1,4,-1,-1
21,15,819.14,480.26,50.04,117.07,1,1,-1,-1
21,8,52.46,126.59,161.42,66.29,1,4,-1,-1
21,7,330.51,18.51,27.21,46.97,1,2,-1,-1
21,3,326.08,226.90,212.02,76.00,1,4,-1,-1
22,173,1630.16,651.65,274.02,235.01,1,4,-1,-1
22,154,1730.03,96.53,136.01,59.77,1,4,-1,-1
22,153,441.48,139.49,172.03,70.46,1,4,-1,-1
22,152,188.27,643.69,67.45,102.41,1,10,-1,-1
22,133,820.00,197.10,131.00,85.00,1,7,-1,-1
22,125,1605.45,384.96,57.66,93.22,1,1,-1,-1
22,123,363.00,11.98,23.00,48.00,1,2,-1,-1
22,100,1521.63,164.09,126.50,69.93,1,4,-1,-1
22,93,1342.06,5.19,20.71,41.72,1,1,-1,-1
22,92,852.32,483.17,51.32,114.32,1,1,-1,-1
22,74,859.34,46.64,34.80,34.96,1,2,-1,-1
22,68,516.84,73.15,27.58,59.49,1,1,-1,-1
22,47,1238.38,218.75,158.92,90.12,1,4,-1,-1
22,43,1143.04,439.13,100.69,70.31,1,3,-1,-1
22,24,1280.03,7.84,19.06,42.63,1,1,-1,-1
22,20,1171.18,412.36,47.14,80.10,1,2,-1,-1
22,18,913.82,1.04,48.33,47.82,1,4,-1,-1
22,15,829.62,485.17,49.70,116.10,1,1,-1,-1
22,8,38.26,127.24,158.76,66.72,1,4,-1,-1
22,7,330.37,17.97,27.52,47.14,1,2,-1,-1
22,3,334.17,228.91,212.02,76.00,1,4,-1,-1
23,173,1637.08,660.51,267.95,234.25,1,4,-1,-1
23,153,443.50,153.68,142.00,58.02,1,4,-1,-1
23,152,179.51,650.36,69.68,107.40,1,10,-1,-1
23,134,1459.37,109.83,146.70,57.96,1,4,-1,-1
23,125,1610.45,386.31,58.75,93.89,1,1,-1,-1
23,123,363.00,11.99,23.00,48.00,1,2,-1,-1
23,109,896.94,47.43,24.32,34.46,1,10,-1,-1
23,100,1519.59,167.31,126.32,70.08,1,4,-1,-1
23,92,861.48,488.27,51.75,115.27,1,1,-1,-1
23,74,859.48,48.16,34.12,34.53,1,2,-1,-1
23,68,518.01,76.08,27.42,59.08,1,1,-1,-1
23,47,1234.53,222.84,158.83,91.12,1,4,-1,-1
23,45,1432.97,419.02,47.07,87.68,1,2,-1,-1
23,44,1021.27,114.18,158.29,58.82,1,4,-1,-1
23,43,1151.20,445.16,102.16,69.36,1,3,-1,-1
23,24,1282.18,8.25,18.80,42.25,1,1,-1,-1
23,21,1409.20,453.00,93.19,66.03,1,3,-1,-1
23,20,1180.73,416.28,46.92,81.25,1,2,-1,-1
23,18,914.07,1.05,48.19,47.81,1,4,-1,-1
23,8,24.07,127.60,156.05,67.29,1,4,-1,-1
23,7,330.26,17.76,27.74,47.25,1,2,-1,-1
23,3,342.13,230.98,212.02,76.00,1,4,-1,-1
24,173,1644.24,669.45,260.97,233.61,1,4,-1,-1
24,172,864.65,30.50,22.76,33.96,1,2,-1,-1
24,152,171.42,658.17,70.88,110.46,1,10,-1,-1
24,134,1452.54,110.83,146.58,58.00,1,4,-1,-1
24,123,363.67,11.99,23.00,48.00,1,2,-1,-1
24,109,897.39,48.76,24.50,34.60,1,10,-1,-1
24,100,1517.08,170.41,126.18,70.18,1,4,-1,-1
24,68,518.49,77.91,27.31,58.78,1,1,-1,-1
24,47,1231.28,226.94,158.78,92.13,1,4,-1,-1
24,44,1010.49,115.37,158.34,58.53,1,4,-1,-1
24,43,1161.00,451.50,103.22,68.69,1,3,-1,-1
24,24,1284.97,9.13,18.61,41.97,1,1,-1,-1
24,21,1419.29,457.10,93.13,66.02,1,3,-1,-1
24,20,1190.66,421.19,46.78,82.65,1,2,-1,-1
24,7,330.35,17.66,28.18,47.35,1,2,-1,-1
24,3,350.04,233.06,212.02,76.00,1,4,-1,-1
25,184,404.26,7.74,22.00,53.00,1,2,-1,-1
25,173,1651.76,678.25,253.80,233.27,1,4,-1,-1
25,172,865.68,31.66,22.67,33.73,1,2,-1,-1
25,134,1446.30,112.50,146.50,58.03,1,4,-1,-1
25,124,1311.69,11.76,18.02,45.33,1,2,-1,-1
25,123,362.59,12.65,23.00,48.00,1,2,-1,-1
25,116,503.63,74.84,24.98,54.63,1,1,-1,-1
25,109,898.16,49.88,24.62,34.69,1,10,-1,-1
25,100,1515.02,174.11,126.07,70.25,1,4,-1,-1
25,68,518.05,79.29,27.22,58.57,1,1,-1,-1
25,47,1227.94,232.50,159.37,93.46,1,4,-1,-1
25,44,999.73,116.50,158.67,58.34,1,4,-1,-1
25,43,1171.47,457.90,103.98,68.22,1,3,-1,-1
25,24,1286.67,10.82,18.47,41.76,1,1,-1,-1
25,21,1429.36,461.25,93.10,66.02,1,3,-1,-1
25,20,1200.72,426.87,46.68,83.97,1,2,-1,-1
25,7,328.82,18.29,28.21,47.38,1,2,-1,-1
25,3,357.95,235.15,212.02,76.00,1,4,-1,-1
26,206,1735.55,421.80,56.02,96.50,1,1,-1,-1
26,205,344.03,10.85,24.00,42.00,1,2,-1,-1
26,204,155.00,700.11,52.00,66.00,1,2,-1,-1
26,184,403.30,8.70,22.00,53.00,1,2,-1,-1
26,173,1659.30,686.97,246.07,233.04,1,4,-1,-1
26,134,1439.78,113.75,146.75,58.07,1,4,-1,-1
26,123,360.86,13.57,23.00,48.00,1,2,-1,-1
26,116,501.65,76.90,24.97,54.41,1,1,-1,-1
26,109,899.06,51.58,24.71,34.75,1,10,-1,-1
26,93,1342.00,9.28,22.55,41.83,1,1,-1,-1
26,68,517.25,80.97,27.16,58.12,1,1,-1,-1
26,47,1224.63,238.56,160.71,95.04,1,4,-1,-1
26,44,988.95,118.07,159.16,57.91,1,4,-1,-1
26,43,1182.23,464.27,104.53,67.88,1,3,-1,-1
26,21,1447.34,449.16,82.49,69.73,1,3,-1,-1
26,20,1211.46,432.39,46.62,85.48,1,2,-1,-1
26,15,864.02,501.34,44.38,104.52,1,1,-1,-1
26,7,326.92,19.19,28.23,47.40,1,2,-1,-1
26,3,365.86,237.23,212.02,76.00,1,4,-1,-1
27,213,514.23,195.87,167.42,78.90,1,4,-1,-1
27,208,738.31,170.52,150.73,73.58,1,4,-1,-1
27,206,1745.49,427.02,55.92,97.86,1,1,-1,-1
27,205,342.02,11.68,23.91,41.54,1,2,-1,-1
27,204,147.22,710.12,52.00,66.00,1,2,-1,-1
27,153,380.12,146.96,169.28,67.48,1,4,-1,-1
27,134,1433.27,115.49,147.55,58.12,1,4,-1,-1
27,123,358.89,14.56,23.00,48.00,1,2,-1,-1
27,116,499.62,79.02,24.96,54.27,1,1,-1,-1
27,109,899.36,52.84,24.77,34.80,1,10,-1,-1
27,93,1341.92,10.99,22.78,41.78,1,1,-1,-1
27,68,516.31,82.31,27.11,57.80,1,1,-1,-1
27,47,1221.03,244.75,162.30,96.76,1,4,-1,-1
27,43,1193.14,470.60,104.93,67.64,1,3,-1,-1
27,21,1456.14,465.90,88.26,68.32,1,3,-1,-1
27,20,1221.80,438.26,46.57,86.88,1,2,-1,-1
27,15,872.40,513.28,45.38,107.13,1,1,-1,-1
27,3,373.25,239.67,212.42,76.59,1,4,-1,-1
28,223,1693.00,107.95,143.00,58.00,1,4,-1,-1
28,222,1390.37,11.37,21.35,42.25,1,1,-1,-1
28,220,950.96,230.00,61.00,46.00,1,10,-1,-1
28,213,517.92,199.67,166.86,78.87,1,4,-1,-1
28,208,729.37,171.14,150.39,73.28,1,4,-1,-1
28,204,139.98,720.85,52.00,66.00,1,2,-1,-1
28,191,389.89,11.69,16.34,46.14,1,2,-1,-1
28,153,365.85,147.89,172.67,68.18,1,4,-1,-1
28,152,141.09,691.45,73.16,116.16,1,10,-1,-1
28,134,1426.68,117.41,148.72,58.18,1,4,-1,-1
28,109,899.43,54.60,24.82,34.83,1,10,-1,-1
28,93,1343.39,18.93,20.55,36.98,1,1,-1,-1
28,68,515.97,83.51,27.07,57.57,1,1,-1,-1
28,43,1204.11,476.89,105.22,67.47,1,3,-1,-1
28,40,373.45,12.55,22.99,47.00,1,2,-1,-1
28,21,1465.64,476.98,93.86,67.43,1,3,-1,-1
28,20,1231.98,443.80,46.55,88.45,1,2,-1,-1
28,15,880.42,521.07,46.06,108.65,1,1,-1,-1
29,231,868.00,219.95,131.00,85.00,1,7,-1,-1
29,223,1687.78,110.97,143.00,58.00,1,4,-1,-1
29,222,1392.22,12.25,22.18,42.51,1,1,-1,-1
29,220,918.88,235.92,73.59,55.68,1,10,-1,-1
29,213,521.73,203.09,166.83,79.29,1,4,-1,-1
29,208,719.91,171.59,151.39,73.27,1,4,-1,-1
29,191,388.38,12.82,16.55,46.14,1,2,-1,-1
29,152,133.81,700.24,73.56,116.83,1,10,-1,-1
29,124,1321.42,18.66,18.07,46.58,1,2,-1,-1
29,93,1343.46,16.71,21.36,38.34,1,1,-1,-1
29,40,372.40,13.57,22.99,46.99,1,2,-1,-1
29,21,1478.14,472.27,98.46,65.84,1,3,-1,-1
29,20,1242.73,449.84,46.55,90.15,1,2,-1,-1
29,15,888.34,527.60,46.54,109.73,1,1,-1,-1
30,239,1690.23,435.73,63.64,96.58,1,1,-1,-1
30,238,925.00,524.85,53.00,118.00,1,1,-1,-1
30,237,118.26,684.34,84.00,94.00,1,2,-1,-1
30,232,899.87,40.94,23.00,35.00,1,2,-1,-1
30,231,875.00,223.97,131.00,85.00,1,7,-1,-1
30,223,1683.33,113.40,143.34,58.42,1,4,-1,-1
30,222,1394.09,13.27,22.63,42.47,1,1,-1,-1
30,213,525.54,206.92,166.34,79.49,1,4,-1,-1
30,208,710.32,172.04,152.91,73.29,1,4,-1,-1
30,191,387.01,13.99,16.33,45.92,1,2,-1,-1
30,184,399.18,13.86,22.00,53.00,1,2,-1,-1
30,124,1324.37,20.62,18.07,46.75,1,2,-1,-1
30,93,1343.36,16.29,21.92,39.28,1,1,-1,-1
30,44,951.17,126.48,160.08,57.49,1,4,-1,-1
30,21,1486.49,488.59,104.08,65.48,1,3,-1,-1
30,20,1254.82,456.90,46.28,92.16,1,2,-1,-1
30,15,896.24,533.71,46.89,110.50,1,1,-1,-1
31,247,18.79,248.68,198.43,81.74,1,4,-1,-1
31,241,1299.03,24.25,17.99,40.93,1,1,-1,-1
31,239,1702.95,443.86,64.00,97.09,1,1,-1,-1
31,237,111.28,696.34,84.00,94.00,1,2,-1,-1
31,231,904.16,212.20,103.69,78.82,1,7,-1,-1
31,223,1678.96,115.77,144.03,59.44,1,4,-1,-1
31,222,1396.72,14.33,22.90,42.34,1,1,-1,-1
31,213,528.86,210.16,165.99,79.64,1,4,-1,-1
31,193,1315.74,29.95,17.05,41.05,1,1,-1,-1
31,184,398.16,14.90,22.00,53.00,1,2,-1,-1
31,124,1327.39,22.61,18.07,46.86,1,2,-1,-1
31,123,354.36,11.05,26.79,55.46,1,2,-1,-1
31,116,492.09,87.41,24.96,54.03,1,1,-1,-1
31,100,1495.17,200.23,130.60,79.70,1,4,-1,-1
31,93,1343.24,17.26,22.31,39.92,1,1,-1,-1
31,47,1206.79,269.52,170.32,104.34,1,4,-1,-1
31,21,1498.34,501.29,108.45,65.23,1,3,-1,-1
31,20,1267.65,464.71,46.09,94.19,1,2,-1,-1
32,255,920.87,7.14,48.25,48.84,1,4,-1,-1
32,254,872.15,39.00,23.00,34.00,1,2,-1,-1
32,252,1540.42,473.66,62.53,95.76,1,2,-1,-1
32,247,23.88,252.69,199.23,81.53,1,4,-1,-1
32,239,1715.07,451.29,64.25,97.72,1,1,-1,-1
32,234,915.77,231.29,61.96,49.31,1,2,-1,-1
32,222,1398.90,16.10,23.05,42.19,1,1,-1,-1
32,204,110.98,762.07,52.00,66.00,1,2,-1,-1
32,193,1318.00,31.21,17.05,41.05,1,1,-1,-1
32,184,397.14,16.58,22.00,53.00,1,2,-1,-1
32,153,305.12,154.86,181.69,69.29,1,4,-1,-1
32,124,1330.43,24.61,18.06,46.94,1,2,-1,-1
32,123,350.62,16.84,25.74,53.42,1,2,-1,-1
32,116,490.29,89.48,24.96,54.00,1,1,-1,-1
32,100,1492.07,204.48,131.56,82.16,1,4,-1,-1
32,93,1343.13,18.15,22.59,40.38,1,1,-1,-1
32,20,1280.72,472.32,45.97,96.51,1,2,-1,-1
32,7,316.66,27.09,25.65,46.37,1,2,-1,-1
33,255,921.96,8.71,48.08,48.48,1,4,-1,-1
33,254,872.16,40.78,23.00,34.00,1,2,-1,-1
33,252,1557.03,482.37,63.34,96.98,1,2,-1,-1
33,247,28.91,256.71,200.17,81.44,1,4,-1,-1
33,239,1727.22,458.94,64.74,98.24,1,1,-1,-1
33,234,906.68,220.78,58.21,52.46,1,2,-1,-1
33,153,287.90,157.74,184.01,69.42,1,4,-1,-1
33,152,104.26,734.62,74.89,119.09,1,10,-1,-1
33,124,1334.14,26.62,18.06,46.99,1,2,-1,-1
33,116,488.34,91.55,24.96,53.98,1,1,-1,-1
33,100,1490.58,209.83,132.82,84.50,1,4,-1,-1
33,20,1293.88,480.26,45.88,98.76,1,2,-1,-1
34,268,1382.25,131.98,162.44,59.90,1,4,-1,-1
34,261,664.56,179.71,155.46,71.91,1,4,-1,-1
34,255,922.26,9.92,48.00,48.29,1,4,-1,-1
34,254,872.14,42.76,23.00,34.00,1,2,-1,-1
34,252,1573.90,491.29,63.98,98.22,1,2,-1,-1
34,247,34.06,260.58,200.88,81.00,1,4,-1,-1
34,239,1739.89,466.78,65.02,98.49,1,1,-1,-1
34,234,899.15,217.78,55.38,54.89,1,2,-1,-1
34,232,901.73,47.42,22.32,34.07,1,2,-1,-1
34,153,270.66,160.74,186.23,69.52,1,4,-1,-1
34,152,88.28,731.56,78.91,111.79,1,10,-1,-1
34,124,1337.43,28.64,18.06,47.03,1,2,-1,-1
34,116,486.35,93.42,24.95,53.67,1,1,-1,-1
34,43,1275.27,533.26,113.85,67.34,1,3,-1,-1
34,20,1307.04,487.86,45.83,101.24,1,2,-1,-1
34,15,935.22,572.90,47.49,111.84,1,1,-1,-1
35,274,360.85,21.95,23.00,47.00,1,2,-1,-1
35,268,1374.13,135.03,164.88,60.85,1,4,-1,-1
35,267,900.06,69.00,25.00,35.00,1,10,-1,-1
35,261,655.02,182.66,163.41,75.39,1,4,-1,-1
35,259,326.78,29.46,21.00,36.79,1,2,-1,-1
35,255,923.03,11.00,47.97,48.18,1,4,-1,-1
35,254,872.11,44.07,23.00,34.00,1,2,-1,-1
35,247,39.11,264.59,201.78,80.74,1,4,-1,-1
35,239,1752.21,474.81,65.59,99.08,1,1,-1,-1
35,237,80.22,749.98,85.23,94.30,1,2,-1,-1
35,234,890.63,216.95,53.21,56.76,1,2,-1,-1
35,232,902.17,49.76,22.56,34.41,1,2,-1,-1
35,153,253.42,163.78,188.38,69.59,1,4,-1,-1
35,152,81.56,754.78,78.26,114.22,1,10,-1,-1
35,124,1340.57,30.66,18.06,47.06,1,2,-1,-1
35,116,484.33,95.45,24.95,53.45,1,1,-1,-1
35,43,1287.17,543.48,116.05,67.36,1,3,-1,-1
35,20,1320.20,495.73,45.78,103.61,1,2,-1,-1
35,15,945.25,583.74,47.58,112.05,1,1,-1,-1
36,283,1313.85,32.03,17.15,40.85,1,1,-1,-1
36,274,358.06,23.97,23.00,47.00,1,2,-1,-1
36,268,1366.16,138.04,167.57,61.84,1,4,-1,-1
36,261,644.37,185.17,169.09,77.63,1,4,-1,-1
36,255,923.91,12.20,48.05,48.48,1,4,-1,-1
36,248,869.32,75.01,30.00,33.00,1,10,-1,-1
36,247,44.74,269.18,202.21,80.18,1,4,-1,-1
36,237,67.83,766.85,85.97,94.77,1,2,-1,-1
36,234,882.30,217.69,51.54,58.16,1,2,-1,-1
36,222,1409.57,21.70,23.22,41.77,1,1,-1,-1
36,191,374.37,22.87,15.99,45.95,1,2,-1,-1
36,153,236.21,166.84,190.49,69.64,1,4,-1,-1
36,152,70.19,774.89,77.77,116.28,1,10,-1,-1
36,124,1343.64,32.69,18.05,47.07,1,2,-1,-1
36,116,482.30,97.52,24.95,53.29,1,1,-1,-1
36,43,1300.49,553.69,118.17,67.37,1,3,-1,-1
36,15,956.59,597.50,47.68,113.34,1,1,-1,-1
37,283,1316.88,34.06,17.08,40.82,1,1,-1,-1
37,281,225.65,218.67,206.55,93.65,1,4,-1,-1
37,268,1358.07,141.06,170.00,62.81,1,4,-1,-1
37,261,632.90,187.08,174.14,79.58,1,4,-1,-1
37,255,924.88,13.21,48.09,48.67,1,4,-1,-1
37,248,869.29,77.78,30.00,33.00,1,10,-1,-1
37,237,55.03,784.04,87.17,95.52,1,2,-1,-1
37,234,873.54,231.38,56.38,54.77,1,2,-1,-1
37,231,924.92,249.53,129.79,89.02,1,7,-1,-1
37,222,1411.91,23.43,23.22,41.67,1,1,-1,-1
37,191,371.58,24.74,15.97,45.89,1,2,-1,-1
37,153,216.74,170.07,193.22,69.99,1,4,-1,-1
37,124,1347.34,34.71,18.05,47.09,1,2,-1,-1
37,15,968.89,612.87,47.50,115.31,1,1,-1,-1
38,302,1344.00,25.85,23.00,41.00,1,1,-1,-1
38,301,989.64,615.91,55.78,119.24,1,1,-1,-1
38,283,1319.18,36.07,17.03,40.82,1,1,-1,-1
38,281,226.75,222.62,208.28,93.77,1,4,-1,-1
38,268,1338.57,158.16,160.89,59.35,1,4,-1,-1
38,261,621.92,189.40,178.16,80.91,1,4,-1,-1
38,255,925.87,14.18,48.10,48.80,1,4,-1,-1
38,252,1652.52,533.05,65.16,101.13,1,2,-1,-1
38,237,40.11,815.18,85.19,102.02,1,2,-1,-1
38,234,863.43,238.24,59.99,52.65,1,2,-1,-1
38,231,932.56,253.51,132.06,90.41,1,7,-1,-1
38,222,1414.69,24.72,23.23,41.60,1,1,-1,-1
38,153,196.79,173.32,196.11,70.55,1,4,-1,-1
38,124,1349.96,36.73,18.05,47.09,1,2,-1,-1
38,123,332.41,31.29,23.60,49.18,1,2,-1,-1
38,15,981.30,628.64,47.68,117.92,1,1,-1,-1
39,309,1488.97,249.00,142.17,97.90,1,4,-1,-1
39,302,1344.00,27.06,23.00,41.00,1,1,-1,-1
39,301,997.54,646.78,68.51,157.15,1,1,-1,-1
39,283,1321.96,38.06,17.01,40.83,1,1,-1,-1
39,268,1338.46,153.51,166.47,61.46,1,4,-1,-1
39,267,900.02,77.00,25.00,35.00,1,10,-1,-1
39,261,609.70,191.28,181.19,81.80,1,4,-1,-1
39,255,926.88,15.14,48.11,48.88,1,4,-1,-1
39,237,29.23,823.19,87.10,100.61,1,2,-1,-1
39,234,853.15,242.39,63.10,51.26,1,2,-1,-1
39,231,941.58,257.65,133.98,91.97,1,7,-1,-1
39,222,1416.97,26.49,23.22,41.54,1,1,-1,-1
39,153,176.18,176.53,199.38,71.26,1,4,-1,-1
39,124,1352.18,38.75,18.05,47.10,1,2,-1,-1
39,123,324.12,25.25,26.17,54.41,1,2,-1,-1
39,20,1378.06,536.68,51.19,107.52,1,2,-1,-1
39,15,993.98,643.84,47.56,120.84,1,1,-1,-1
40,321,1640.00,136.63,146.11,71.68,1,4,-1,-1
40,320,1645.85,618.89,125.00,64.00,1,3,-1,-1
40,317,496.92,101.96,27.17,63.99,1,1,-1,-1
40,309,1488.59,256.12,143.72,99.41,1,4,-1,-1
40,301,1002.36,658.65,63.10,152.70,1,1,-1,-1
40,283,1324.90,40.76,16.99,40.85,1,1,-1,-1
40,274,348.08,31.08,21.34,46.04,1,2,-1,-1
40,267,900.02,79.68,25.00,35.00,1,10,-1,-1
40,255,933.05,14.13,51.80,52.90,1,4,-1,-1
40,247,61.63,291.82,210.85,83.57,1,4,-1,-1
40,237,16.73,837.25,88.79,99.97,1,2,-1,-1
40,234,843.36,246.10,65.56,50.29,1,2,-1,-1
40,231,935.46,257.48,147.25,101.64,1,7,-1,-1
40,222,1419.72,27.78,23.22,41.49,1,1,-1,-1
40,153,155.96,180.17,202.86,71.78,1,4,-1,-1
40,124,1354.25,40.77,18.04,47.10,1,2,-1,-1
40,123,323.93,31.31,25.32,52.69,1,2,-1,-1
40,20,1392.52,547.56,53.34,107.89,1,2,-1,-1
40,15,1006.19,646.44,51.03,119.86,1,1,-1,-1
41,329,371.00,33.00,22.00,53.00,1,2,-1,-1
41,321,1633.32,139.51,148.41,71.88,1,4,-1,-1
41,320,1667.18,634.54,124.23,63.46,1,3,-1,-1
41,318,567.86,255.60,179.02,81.81,1,4,-1,-1
41,309,1488.17,264.36,145.53,101.89,1,4,-1,-1
41,301,1010.60,707.25,59.94,152.35,1,1,-1,-1
41,274,345.42,33.07,21.88,46.48,1,2,-1,-1
41,267,900.52,82.65,24.66,34.91,1,10,-1,-1
41,255,929.04,16.01,51.11,52.46,1,4,-1,-1
41,248,869.84,87.17,30.00,33.00,1,10,-1,-1
41,247,65.67,297.80,213.65,84.68,1,4,-1,-1
41,234,822.93,249.71,66.99,57.91,1,2,-1,-1
41,231,952.98,262.79,145.05,100.80,1,7,-1,-1
41,193,1344.45,46.84,17.02,41.05,1,1,-1,-1
41,124,1356.25,42.78,18.04,47.10,1,2,-1,-1
41,20,1407.42,559.05,55.43,107.84,1,2,-1,-1
41,15,1018.50,670.93,50.08,124.13,1,1,-1,-1
42,335,823.21,231.63,45.84,60.34,1,2,-1,-1
42,321,1627.12,142.46,150.51,72.00,1,4,-1,-1
42,320,1689.19,650.55,123.88,63.18,1,3,-1,-1
42,318,570.34,260.07,182.03,82.86,1,4,-1,-1
42,301,1028.35,703.41,55.54,146.32,1,1,-1,-1
42,281,227.71,240.78,217.08,97.40,1,4,-1,-1
42,274,342.45,35.03,22.23,46.72,1,2,-1,-1
42,267,899.19,82.53,24.90,32.46,1,10,-1,-1
42,247,69.48,303.34,216.34,86.07,1,4,-1,-1
42,231,966.44,267.78,143.81,100.80,1,7,-1,-1
42,193,1347.71,48.83,17.02,41.05,1,1,-1,-1
42,124,1358.24,44.80,18.04,47.10,1,2,-1,-1
42,116,471.21,109.81,24.95,52.97,1,1,-1,-1
42,20,1424.07,572.96,56.93,107.79,1,2,-1,-1
42,15,1028.77,676.35,52.88,123.10,1,1,-1,-1
43,345,905.11,66.00,23.00,35.00,1,2,-1,-1
43,330,1394.88,35.36,23.24,34.38,1,3,-1,-1
43,321,1620.50,145.27,152.29,71.67,1,4,-1,-1
43,320,1711.33,666.63,123.72,63.03,1,3,-1,-1
43,318,572.14,264.50,185.58,84.72,1,4,-1,-1
43,302,1345.75,33.78,23.00,41.00,1,1,-1,-1
43,292,1155.81,370.83,210.69,151.73,1,4,-1,-1
43,274,342.34,49.86,21.93,47.85,1,2,-1,-1
43,268,1296.17,159.47,193.87,71.60,1,4,-1,-1
43,267,894.48,83.41,24.72,30.85,1,10,-1,-1
43,247,73.46,309.15,219.13,87.36,1,4,-1,-1
43,231,978.22,272.98,143.22,101.09,1,7,-1,-1
43,124,1360.22,46.82,18.04,47.10,1,2,-1,-1
43,116,469.85,112.32,24.94,52.66,1,1,-1,-1
43,20,1441.46,587.79,58.01,107.74,1,2,-1,-1
43,15,1040.80,690.50,54.64,123.33,1,1,-1,-1
44,350,294.95,36.98,23.10,43.99,1,2,-1,-1
44,343,488.42,319.23,246.55,90.23,1,4,-1,-1
44,330,1397.87,37.10,23.25,34.68,1,3,-1,-1
44,328,280.37,53.76,24.00,46.00,1,2,-1,-1
44,321,1613.78,148.23,154.54,71.51,1,4,-1,-1
44,320,1733.30,682.74,123.28,62.90,1,3,-1,-1
44,319,783.89,168.06,182.26,69.10,1,4,-1,-1
44,302,1346.01,35.79,23.00,41.00,1,1,-1,-1
44,292,1152.12,383.35,214.09,156.41,1,4,-1,-1
44,274,338.19,42.98,22.25,47.66,1,2,-1,-1
44,267,899.09,90.49,24.56,31.89,1,10,-1,-1
44,247,77.25,314.59,221.80,88.87,1,4,-1,-1
44,222,1431.29,34.49,25.54,42.45,1,1,-1,-1
44,124,1362.20,48.83,18.04,47.09,1,2,-1,-1
44,116,466.78,114.75,24.95,52.73,1,1,-1,-1
44,20,1459.85,602.94,58.79,107.70,1,2,-1,-1
45,355,531.92,207.68,195.98,82.60,1,4,-1,-1
45,350,291.91,38.35,23.17,44.48,1,2,-1,-1
45,343,493.91,326.43,250.40,92.38,1,4,-1,-1
45,328,276.34,52.93,24.00,46.00,1,2,-1,-1
45,321,1606.98,151.24,157.08,71.43,1,4,-1,-1
45,320,1770.81,703.94,110.07,56.02,1,3,-1,-1
45,302,1344.88,45.19,22.74,43.73,1,1,-1,-1
45,274,334.69,41.65,22.47,47.52,1,2,-1,-1
45,267,900.88,93.55,24.41,32.67,1,10,-1,-1
45,248,870.22,96.07,29.68,32.96,1,10,-1,-1
45,247,81.23,320.33,224.56,90.26,1,4,-1,-1
45,222,1434.38,36.43,26.39,42.59,1,1,-1,-1
45,124,1364.65,50.86,17.75,47.06,1,2,-1,-1
46,362,480.11,121.11,27.00,64.00,1,1,-1,-1
46,355,517.20,211.31,199.26,82.90,1,4,-1,-1
46,350,288.91,40.11,23.18,44.74,1,2,-1,-1
46,344,879.12,57.56,28.55,42.99,1,2,-1,-1
46,335,770.05,246.12,46.03,60.21,1,2,-1,-1
46,328,272.30,52.58,24.00,46.00,1,2,-1,-1
46,321,1600.70,154.78,159.30,71.01,1,4,-1,-1
46,302,1346.37,42.16,22.80,42.92,1,1,-1,-1
46,274,331.45,42.41,22.63,47.41,1,2,-1,-1
46,222,1437.29,37.76,26.98,42.66,1,1,-1,-1
46,124,1368.16,52.23,17.55,47.03,1,2,-1,-1
46,123,308.06,46.25,23.51,49.04,1,2,-1,-1
47,362,476.91,124.91,27.00,64.00,1,1,-1,-1
47,355,501.82,215.14,203.14,83.21,1,4,-1,-1
47,350,286.47,42.12,22.78,44.67,1,2,-1,-1
47,335,756.27,249.83,46.04,60.18,1,2,-1,-1
47,328,268.25,52.41,24.00,46.00,1,2,-1,-1
47,321,1590.72,159.08,161.08,71.35,1,4,-1,-1
47,318,574.80,285.04,199.25,91.50,1,4,-1,-1
47,302,1346.92,41.72,22.85,42.37,1,1,-1,-1
47,222,1440.16,39.52,27.40,42.69,1,1,-1,-1
47,124,1372.07,54.00,17.39,47.01,1,2,-1,-1
47,123,305.11,48.41,23.37,48.74,1,2,-1,-1
48,377,1108.19,817.72,55.42,146.80,1,1,-1,-1
48,362,474.03,127.97,27.42,64.32,1,1,-1,-1
48,355,486.72,219.06,206.98,83.41,1,4,-1,-1
48,350,282.33,45.51,22.52,44.67,1,2,-1,-1
48,335,742.99,253.07,46.05,60.16,1,2,-1,-1
48,330,1411.62,47.55,23.19,35.05,1,3,-1,-1
48,328,264.20,55.87,24.03,46.34,1,2,-1,-1
48,321,1579.51,163.54,162.51,72.20,1,4,-1,-1
48,318,574.54,291.72,202.05,92.17,1,4,-1,-1
48,292,1135.53,452.79,196.58,152.28,1,4,-1,-1
48,281,205.08,275.87,230.47,105.06,1,4,-1,-1
48,234,733.06,276.53,71.09,49.15,1,2,-1,-1
48,222,1443.05,40.79,27.70,42.71,1,1,-1,-1
48,124,1376.11,55.93,17.28,47.00,1,2,-1,-1
48,123,302.14,49.70,23.26,48.24,1,2,-1,-1
48,116,452.56,127.83,25.06,56.47,1,1,-1,-1
48,20,1535.75,667.39,68.84,107.88,1,2,-1,-1
49,363,1345.41,72.00,19.93,42.54,1,1,-1,-1
49,350,277.73,49.45,22.75,45.22,1,2,-1,-1
49,343,517.74,353.95,232.85,91.21,1,4,-1,-1
49,335,729.90,256.81,46.06,60.14,1,2,-1,-1
49,328,260.16,61.10,24.05,46.57,1,2,-1,-1
49,321,1567.94,167.97,163.64,73.39,1,4,-1,-1
49,318,573.79,298.56,204.82,92.60,1,4,-1,-1
49,281,200.04,281.85,233.00,106.30,1,4,-1,-1
49,248,866.38,104.49,29.26,33.94,1,10,-1,-1
49,247,52.47,350.48,252.78,102.68,1,4,-1,-1
49,222,1445.97,42.53,27.91,42.70,1,1,-1,-1
49,124,1380.84,57.91,17.20,46.99,1,2,-1,-1
49,123,299.81,50.87,23.18,47.89,1,2,-1,-1
49,20,1548.52,684.96,71.17,107.84,1,2,-1,-1
49,15,1106.54,810.78,57.63,129.83,1,1,-1,-1
50,378,1367.00,61.80,17.34,43.52,1,1,-1,-1
50,363,1350.77,68.33,18.94,41.80,1,1,-1,-1
50,350,274.78,54.27,22.92,45.91,1,2,-1,-1
50,321,1556.40,172.81,164.41,74.50,1,4,-1,-1
50,318,572.87,305.49,207.58,92.88,1,4,-1,-1
50,281,194.84,287.83,235.34,107.46,1,4,-1,-1
50,274,312.52,48.52,21.97,47.29,1,2,-1,-1
50,247,46.21,363.49,252.04,102.52,1,4,-1,-1
50,20,1558.99,703.00,72.84,107.81,1,2,-1,-1
50,15,1113.83,833.15,57.84,130.40,1,1,-1,-1
51,363,1350.56,65.26,18.53,43.31,1,1,-1,-1
51,350,271.13,53.16,23.03,46.37,1,2,-1,-1
51,321,1533.04,175.17,164.94,75.57,1,4,-1,-1
51,255,885.10,25.88,57.14,64.85,1,4,-1,-1
51,247,38.54,375.58,252.41,102.70,1,4,-1,-1
51,15,1121.45,856.08,57.99,130.80,1,1,-1,-1
52,358,1531.66,781.28,157.97,88.94,1,3,-1,-1
52,350,263.03,56.14,22.79,46.86,1,2,-1,-1
52,321,1506.00,176.59,165.29,76.61,1,4,-1,-1
52,255,873.97,28.05,57.45,65.01,1,4,-1,-1
52,247,29.72,387.26,253.82,103.13,1,4,-1,-1
53,358,1541.39,799.27,155.30,89.74,1,3,-1,-1
53,350,256.95,60.57,23.08,48.88,1,2,-1,-1
53,343,478.74,398.17,274.88,108.47,1,4,-1,-1
53,255,862.63,30.12,57.66,65.10,1,4,-1,-1
53,247,20.96,398.91,256.03,104.02,1,4,-1,-1
54,424,1320.05,68.12,17.70,43.94,1,1,-1,-1
54,422,1039.30,547.94,262.68,235.53,1,4,-1,-1
54,418,580.68,213.88,204.52,79.40,1,4,-1,-1
54,417,567.03,310.30,73.29,46.43,1,10,-1,-1
54,415,216.69,61.34,23.07,47.15,1,2,-1,-1
54,358,1564.05,823.31,153.79,89.38,1,3,-1,-1
54,350,250.17,63.79,23.23,50.30,1,2,-1,-1
54,343,480.38,402.25,278.67,110.87,1,4,-1,-1
54,247,17.81,409.80,258.50,105.23,1,4,-1,-1
54,20,1611.41,783.42,75.75,108.36,1,2,-1,-1
55,436,1313.89,76.85,17.00,39.18,1,1,-1,-1
55,434,832.55,92.38,24.49,36.76,1,2,-1,-1
55,432,225.29,65.85,20.75,46.37,1,2,-1,-1
55,415,210.51,64.19,23.04,47.10,1,2,-1,-1
55,358,1591.46,849.96,153.47,88.49,1,3,-1,-1
55,350,243.80,66.64,23.31,51.31,1,2,-1,-1
55,247,17.42,420.35,261.16,106.67,1,4,-1,-1
55,15,1159.40,963.02,59.05,117.83,1,1,-1,-1
56,450,1300.85,74.00,21.00,42.00,1,1,-1,-1
56,448,1205.50,4.09,71.16,49.82,1,4,-1,-1
56,441,135.85,82.30,24.22,50.35,1,2,-1,-1
56,436,1316.93,79.68,16.89,39.46,1,1,-1,-1
56,434,831.49,94.67,23.75,35.79,1,2,-1,-1
56,432,216.86,66.93,18.11,42.35,1,2,-1,-1
56,415,204.39,68.01,23.03,47.07,1,2,-1,-1
56,406,1434.35,421.85,179.10,160.71,1,4,-1,-1
56,358,1620.20,877.65,153.70,87.18,1,3,-1,-1
56,350,237.61,69.42,23.34,52.02,1,2,-1,-1
56,247,18.05,431.38,263.94,108.28,1,4,-1,-1
56,15,1178.96,992.43,61.69,96.45,1,1,-1,-1
57,451,1393.76,58.29,28.13,48.52,1,1,-1,-1
57,450,1304.06,77.00,21.00,42.00,1,1,-1,-1
57,448,1199.31,4.75,71.31,49.49,1,4,-1,-1
57,445,797.53,126.70,29.00,33.00,1,10,-1,-1
57,441,128.65,85.59,23.84,50.79,1,2,-1,-1
57,436,1319.97,82.56,16.85,39.70,1,1,-1,-1
57,432,213.53,71.86,17.95,43.51,1,2,-1,-1
57,407,1614.31,224.04,186.95,90.73,1,4,-1,-1
57,358,1649.41,893.77,171.89,94.35,1,3,-1,-1
57,350,231.31,72.27,23.05,52.43,1,2,-1,-1
57,255,844.65,39.84,58.69,65.27,1,4,-1,-1
57,247,18.85,441.89,266.52,109.99,1,4,-1,-1
58,464,350.24,174.48,29.79,68.16,1,1,-1,-1
58,459,833.87,125.94,24.00,35.00,1,10,-1,-1
58,451,1396.06,61.06,28.08,48.33,1,1,-1,-1
58,450,1307.85,80.00,21.00,42.00,1,1,-1,-1
58,448,1193.39,5.67,71.86,49.40,1,4,-1,-1
58,445,798.64,131.77,29.00,33.00,1,10,-1,-1
58,443,322.24,172.18,26.86,71.97,1,1,-1,-1
58,441,121.63,88.73,23.67,51.52,1,2,-1,-1
58,436,1323.00,85.48,16.82,39.90,1,1,-1,-1
58,432,208.35,75.50,17.45,44.01,1,2,-1,-1
58,431,147.26,78.00,21.72,44.55,1,2,-1,-1
58,424,1331.41,76.09,15.40,40.76,1,1,-1,-1
58,407,1613.03,231.35,188.93,90.78,1,4,-1,-1
58,358,1675.39,928.32,168.57,89.45,1,3,-1,-1
58,268,1084.34,231.03,213.25,81.53,1,4,-1,-1
58,255,843.75,42.15,58.78,65.23,1,4,-1,-1
58,247,19.94,452.19,269.24,111.79,1,4,-1,-1
59,472,499.35,365.43,324.35,140.56,1,4,-1,-1
59,464,344.23,177.34,30.75,70.36,1,1,-1,-1
59,459,829.51,128.95,24.00,35.00,1,10,-1,-1
59,451,1398.87,63.26,28.05,48.22,1,1,-1,-1
59,450,1306.03,82.61,21.12,42.77,1,1,-1,-1
59,449,1275.42,65.08,23.41,45.70,1,1,-1,-1
59,448,1189.47,7.41,72.22,49.31,1,4,-1,-1
59,445,793.05,135.70,29.20,33.79,1,10,-1,-1
59,441,114.65,91.80,23.58,52.39,1,2,-1,-1
59,436,1321.83,87.01,16.82,40.07,1,1,-1,-1
59,432,203.26,78.73,16.75,44.19,1,2,-1,-1
59,431,141.02,81.75,21.73,44.53,1,2,-1,-1
59,416,166.81,280.98,256.46,106.10,1,4,-1,-1
59,358,1704.14,959.57,166.83,85.27,1,3,-1,-1
60,472,534.20,379.11,311.20,134.96,1,4,-1,-1
60,464,333.23,180.68,32.07,72.39,1,1,-1,-1
60,460,1360.11,67.89,23.00,35.00,1,3,-1,-1
60,451,1401.83,65.30,28.03,48.15,1,1,-1,-1
60,450,1314.43,87.34,19.54,41.40,1,1,-1,-1
60,449,1274.99,67.90,23.38,45.94,1,1,-1,-1
60,448,1186.93,10.09,72.45,49.24,1,4,-1,-1
60,436,1323.91,87.75,17.06,42.24,1,1,-1,-1
60,434,819.54,106.66,24.03,36.34,1,2,-1,-1
60,416,133.94,289.16,262.22,109.74,1,4,-1,-1
61,485,1182.21,398.94,176.66,123.62,1,7,-1,-1
61,477,505.06,483.55,314.98,132.93,1,4,-1,-1
61,465,777.54,113.09,23.00,35.00,1,2,-1,-1
61,450,1315.49,90.43,18.53,40.60,1,1,-1,-1
61,448,1184.84,12.40,72.62,49.19,1,4,-1,-1
61,436,1322.54,89.59,17.16,43.73,1,1,-1,-1
61,434,813.86,111.63,23.64,35.80,1,2,-1,-1
61,417,380.67,348.02,65.86,51.84,1,10,-1,-1
61,416,139.07,310.66,227.96,96.42,1,4,-1,-1
62,489,593.70,406.21,243.56,106.72,1,4,-1,-1
62,485,1197.00,408.11,178.10,125.27,1,7,-1,-1
62,477,505.09,497.19,318.79,138.07,1,4,-1,-1
62,450,1317.14,93.29,18.09,41.99,1,1,-1,-1
62,443,281.85,191.77,29.49,72.34,1,1,-1,-1
62,417,349.02,353.42,83.48,58.74,1,10,-1,-1
62,416,87.55,313.03,247.93,106.09,1,4,-1,-1
62,415,162.42,75.81,25.78,55.41,1,2,-1,-1
62,407,1571.42,256.21,200.94,91.08,1,4,-1,-1
62,268,1014.46,258.49,217.71,85.43,1,4,-1,-1
63,485,1211.76,417.29,179.43,127.00,1,7,-1,-1
63,477,505.74,510.84,322.05,143.68,1,4,-1,-1
63,416,45.66,318.25,262.71,113.69,1,4,-1,-1
63,268,994.34,266.26,219.16,86.67,1,4,-1,-1
64,502,1438.84,568.25,194.10,213.50,1,4,-1,-1
64,501,1327.29,230.48,199.63,88.25,1,4,-1,-1
64,485,1226.56,426.43,180.67,128.79,1,7,-1,-1
64,477,509.60,524.81,325.50,148.09,1,4,-1,-1
64,268,974.19,273.93,220.86,88.41,1,4,-1,-1
65,515,238.48,391.32,61.55,51.77,1,10,-1,-1
65,511,1304.89,98.19,17.45,46.89,1,1,-1,-1
65,502,1436.45,588.67,198.06,220.66,1,4,-1,-1
65,501,1309.91,235.37,202.00,90.06,1,4,-1,-1
65,487,1279.30,96.99,21.89,53.65,1,1,-1,-1
65,485,1241.64,436.04,182.08,130.33,1,7,-1,-1
65,477,514.45,539.21,329.87,152.12,1,4,-1,-1
65,448,1165.67,19.05,74.94,49.29,1,4,-1,-1
65,268,953.87,281.77,222.31,89.93,1,4,-1,-1
66,518,1371.54,78.11,28.00,48.00,1,1,-1,-1
66,515,199.68,403.96,56.51,53.25,1,10,-1,-1
66,502,1434.39,609.55,201.99,227.64,1,4,-1,-1
66,501,1292.15,241.12,204.69,91.97,1,4,-1,-1
66,489,600.53,450.99,264.77,121.16,1,4,-1,-1
66,487,1276.76,98.08,22.03,54.43,1,1,-1,-1
66,485,1259.79,445.94,184.45,132.18,1,7,-1,-1
66,448,1159.56,20.72,75.99,49.34,1,4,-1,-1
66,268,935.09,271.66,242.73,99.27,1,4,-1,-1
67,534,295.93,310.08,259.37,99.80,1,4,-1,-1
67,531,1287.00,111.89,17.00,41.00,1,1,-1,-1
67,529,767.85,138.04,23.00,35.00,1,2,-1,-1
67,527,64.65,471.16,320.97,136.69,1,4,-1,-1
67,518,1368.53,80.91,28.00,48.00,1,1,-1,-1
67,515,160.27,417.45,53.49,54.81,1,10,-1,-1
67,501,1274.81,247.14,207.14,93.86,1,4,-1,-1
67,500,783.46,67.37,69.20,65.26,1,4,-1,-1
67,489,602.52,462.12,269.73,125.03,1,4,-1,-1
67,487,1273.30,100.30,22.07,54.86,1,1,-1,-1
67,485,1279.43,455.96,187.07,134.13,1,7,-1,-1
67,268,910.70,289.16,238.96,98.95,1,4,-1,-1
68,536,47.00,117.13,22.17,48.42,1,2,-1,-1
68,534,263.90,319.07,265.24,101.83,1,4,-1,-1
68,531,1281.00,116.09,17.00,41.00,1,1,-1,-1
68,527,59.55,483.07,329.69,140.71,1,4,-1,-1
68,524,25.06,605.19,269.93,128.29,1,4,-1,-1
68,518,1365.59,83.13,28.00,48.00,1,1,-1,-1
68,515,120.33,430.62,51.66,56.57,1,10,-1,-1
68,501,1257.81,253.20,209.79,95.81,1,4,-1,-1
68,500,776.73,70.41,69.75,65.18,1,4,-1,-1
68,487,1269.50,102.31,22.07,55.08,1,1,-1,-1
68,268,887.01,301.27,237.34,99.26,1,4,-1,-1
69,538,198.22,238.97,32.54,79.24,1,1,-1,-1
69,536,53.45,121.73,19.48,45.38,1,2,-1,-1
69,534,230.54,328.23,271.10,104.25,1,4,-1,-1
69,531,1275.00,120.87,17.00,41.00,1,1,-1,-1
69,527,53.96,494.96,338.59,144.76,1,4,-1,-1
69,518,1363.38,85.89,28.00,48.00,1,1,-1,-1
69,501,1240.21,259.26,212.56,97.78,1,4,-1,-1
69,487,1265.57,104.95,22.04,55.17,1,1,-1,-1
69,268,863.71,311.66,236.98,99.76,1,4,-1,-1
70,554,1467.27,306.45,218.57,104.10,1,4,-1,-1
70,538,184.41,245.44,32.28,80.25,1,1,-1,-1
70,536,58.77,126.93,20.60,48.46,1,2,-1,-1
70,530,1208.14,97.28,23.00,46.00,1,1,-1,-1
70,527,48.77,507.03,347.80,149.19,1,4,-1,-1
70,518,1360.62,87.76,28.12,48.73,1,1,-1,-1
70,501,1222.90,265.34,215.05,99.73,1,4,-1,-1
70,448,1134.29,26.52,80.44,49.51,1,4,-1,-1
70,268,840.56,321.35,237.82,100.41,1,4,-1,-1
71,558,1312.85,91.00,23.00,35.00,1,3,-1,-1
71,554,1456.43,313.31,221.83,104.39,1,4,-1,-1
71,538,171.09,252.31,32.11,81.22,1,1,-1,-1
71,518,1357.67,89.24,28.27,49.90,1,1,-1,-1
71,489,625.67,511.24,284.91,137.37,1,4,-1,-1
71,485,1360.42,496.17,199.81,143.07,1,7,-1,-1
71,448,1128.62,29.16,81.09,49.50,1,4,-1,-1
71,445,701.11,176.60,28.66,42.03,1,10,-1,-1
72,558,1310.84,93.00,23.00,35.00,1,3,-1,-1
72,554,1442.89,321.55,226.41,106.33,1,4,-1,-1
72,538,157.27,259.13,31.95,81.80,1,1,-1,-1
72,500,748.79,81.75,73.06,67.27,1,4,-1,-1
72,489,632.55,524.15,288.12,140.31,1,4,-1,-1
72,485,1380.57,506.14,203.11,145.22,1,7,-1,-1
72,448,1123.27,31.43,81.53,49.48,1,4,-1,-1
72,445,693.84,181.04,28.39,43.57,1,10,-1,-1
73,538,143.29,266.67,31.81,82.17,1,1,-1,-1
73,534,95.13,365.10,294.02,114.21,1,4,-1,-1
73,531,1261.68,138.88,17.00,41.00,1,1,-1,-1
73,500,740.94,83.44,75.07,69.41,1,4,-1,-1
73,489,644.00,536.72,290.98,143.52,1,4,-1,-1
73,487,1256.04,119.43,22.42,55.14,1,1,-1,-1
73,485,1400.82,516.29,206.67,147.64,1,7,-1,-1
73,448,1118.07,34.20,81.85,49.46,1,4,-1,-1
73,445,686.10,185.33,28.21,45.23,1,10,-1,-1
74,576,678.00,165.89,23.00,35.00,1,2,-1,-1
74,538,129.27,274.50,31.69,82.39,1,1,-1,-1
74,534,70.47,375.17,293.35,116.01,1,4,-1,-1
74,531,1256.45,132.28,19.55,46.55,1,1,-1,-1
74,527,17.16,550.33,410.60,176.24,1,4,-1,-1
74,501,1155.19,292.61,226.11,107.32,1,4,-1,-1
74,500,733.62,85.46,77.15,71.85,1,4,-1,-1
74,487,1252.25,120.03,21.55,52.09,1,1,-1,-1
74,485,1427.74,527.69,208.20,149.77,1,7,-1,-1
74,448,1116.20,36.03,82.10,49.73,1,4,-1,-1
74,445,678.81,189.71,28.13,47.26,1,10,-1,-1
74,268,744.76,359.48,248.12,104.92,1,4,-1,-1
75,576,674.90,169.88,23.00,35.00,1,2,-1,-1
75,565,77.34,276.45,39.82,96.99,1,1,-1,-1
75,531,1256.21,142.21,18.79,44.91,1,1,-1,-1
75,529,716.90,175.12,23.00,35.00,1,2,-1,-1
75,501,1138.28,300.03,228.98,109.44,1,4,-1,-1
75,500,730.19,87.74,78.47,73.46,1,4,-1,-1
75,485,1457.96,539.59,208.03,151.72,1,7,-1,-1
75,448,1115.60,37.46,82.31,50.21,1,4,-1,-1
75,268,720.54,370.52,252.76,107.02,1,4,-1,-1
76,576,672.78,173.89,23.00,35.00,1,2,-1,-1
76,531,1255.74,149.37,18.27,43.76,1,1,-1,-1
76,529,715.47,179.89,23.00,35.00,1,2,-1,-1
76,501,1121.40,307.69,231.78,111.21,1,4,-1,-1
76,500,728.32,90.90,79.31,74.53,1,4,-1,-1
76,485,1489.68,552.17,206.62,153.27,1,7,-1,-1
76,448,1104.99,26.41,92.99,57.10,1,4,-1,-1
76,268,696.15,381.15,258.10,109.38,1,4,-1,-1
77,587,1183.64,117.07,23.00,46.00,1,1,-1,-1
77,576,671.61,178.62,23.00,35.00,1,2,-1,-1
77,531,1256.45,154.07,17.90,42.96,1,1,-1,-1
77,518,1357.19,103.12,28.60,56.11,1,1,-1,-1
77,501,1104.50,315.01,234.63,113.05,1,4,-1,-1
77,500,727.04,93.98,79.88,75.54,1,4,-1,-1
77,485,1522.12,564.57,204.38,154.86,1,7,-1,-1
77,448,1110.39,34.55,90.26,55.90,1,4,-1,-1
77,268,671.58,392.24,263.94,111.93,1,4,-1,-1
78,595,714.89,216.00,29.00,40.00,1,10,-1,-1
78,576,670.01,182.88,23.00,35.00,1,2,-1,-1
78,538,89.58,301.17,31.87,88.92,1,1,-1,-1
78,534,-1.53,416.50,264.08,121.55,1,4,-1,-1
78,527,53.02,621.25,409.87,181.34,1,4,-1,-1
78,518,1361.05,106.64,28.55,56.59,1,1,-1,-1
78,501,1088.23,322.83,237.52,114.93,1,4,-1,-1
78,485,1555.11,577.53,201.85,156.50,1,7,-1,-1
78,448,1113.54,39.13,87.95,54.99,1,4,-1,-1
78,445,668.30,205.98,30.03,50.84,1,10,-1,-1
78,268,647.34,403.45,269.86,114.62,1,4,-1,-1
79,595,713.09,221.00,29.00,40.00,1,10,-1,-1
79,538,77.57,307.52,32.75,90.32,1,1,-1,-1
79,527,63.30,638.44,412.39,184.97,1,4,-1,-1
79,501,1078.79,334.13,244.96,119.44,1,4,-1,-1
79,485,1587.68,590.03,199.12,158.19,1,7,-1,-1
79,448,1115.25,41.82,86.26,54.59,1,4,-1,-1
79,445,666.55,209.97,30.78,51.23,1,10,-1,-1
79,268,617.65,415.05,276.49,117.98,1,4,-1,-1
80,538,65.11,313.99,33.97,91.40,1,1,-1,-1
80,527,73.24,655.39,415.47,189.28,1,4,-1,-1
80,501,1058.53,340.44,246.79,121.80,1,4,-1,-1
80,485,1620.56,602.36,195.95,159.89,1,7,-1,-1
80,445,664.80,214.54,31.60,51.51,1,10,-1,-1
80,268,586.43,426.85,283.68,122.09,1,4,-1,-1
81,594,713.15,820.70,430.11,198.03,1,4,-1,-1
81,558,1324.71,117.24,23.00,35.00,1,3,-1,-1
81,538,52.91,320.62,35.11,92.12,1,1,-1,-1
81,501,1041.12,348.61,248.96,124.35,1,4,-1,-1
81,485,1653.62,615.06,192.45,161.34,1,7,-1,-1
81,445,661.55,219.37,32.19,51.69,1,10,-1,-1
81,268,554.12,439.06,291.45,126.49,1,4,-1,-1
82,612,1136.95,14.95,23.00,41.00,1,1,-1,-1
82,594,735.30,842.36,437.88,199.61,1,4,-1,-1
82,558,1327.88,119.26,23.00,35.00,1,3,-1,-1
82,538,40.34,327.33,36.52,92.68,1,1,-1,-1
82,529,703.20,207.04,24.64,35.24,1,2,-1,-1
82,518,1375.27,120.42,28.43,57.34,1,1,-1,-1
82,501,1025.37,356.97,251.44,127.33,1,4,-1,-1
82,485,1686.78,627.48,188.74,162.88,1,7,-1,-1
82,445,659.82,225.07,31.73,50.90,1,10,-1,-1
82,268,521.58,450.90,299.13,131.34,1,4,-1,-1
83,618,1183.96,140.85,23.00,46.00,1,1,-1,-1
83,617,14.60,345.84,55.22,115.97,1,1,-1,-1
83,609,1327.48,424.36,276.83,133.02,1,4,-1,-1
83,595,701.65,233.05,29.11,40.65,1,10,-1,-1
83,594,754.17,864.95,437.30,200.83,1,4,-1,-1
83,558,1331.01,121.91,23.00,35.00,1,3,-1,-1
83,538,27.58,334.10,38.10,93.09,1,1,-1,-1
83,529,699.45,211.75,25.40,35.31,1,2,-1,-1
83,518,1378.48,124.32,28.39,57.41,1,1,-1,-1
83,501,1010.25,365.80,254.04,130.33,1,4,-1,-1
83,485,1720.16,640.42,185.17,164.51,1,7,-1,-1
83,445,654.70,229.90,32.27,51.52,1,10,-1,-1
84,623,1282.31,162.85,17.00,47.00,1,2,-1,-1
84,595,698.37,235.64,29.11,40.80,1,10,-1,-1
84,594,772.46,872.63,446.18,197.12,1,4,-1,-1
84,529,695.79,216.62,26.54,35.40,1,2,-1,-1
84,527,105.62,717.19,432.58,209.11,1,4,-1,-1
84,518,1379.01,124.56,28.37,57.75,1,1,-1,-1
84,485,1745.89,657.57,184.04,166.65,1,7,-1,-1
85,527,94.28,736.32,436.87,214.33,1,4,-1,-1
86,629,632.79,120.95,92.88,83.16,1,4,-1,-1
86,600,793.81,696.75,337.49,193.01,1,4,-1,-1
86,527,76.93,758.11,441.31,219.47,1,4,-1,-1
87,636,1706.82,644.18,194.44,180.28,1,7,-1,-1
87,629,587.44,126.70,93.60,81.26,1,4,-1,-1
88,641,967.36,63.80,90.18,55.15,1,4,-1,-1
88,636,1698.42,634.50,200.27,182.60,1,7,-1,-1
88,629,541.51,133.06,94.36,78.49,1,4,-1,-1
89,641,929.55,64.24,90.91,55.40,1,4,-1,-1
89,629,493.29,137.22,96.85,80.19,1,4,-1,-1
90,661,791.01,933.32,433.08,134.57,1,4,-1,-1
90,641,892.33,65.02,91.25,55.47,1,4,-1,-1
90,629,432.04,144.68,109.32,92.06,1,4,-1,-1
91,661,799.35,938.73,429.20,129.36,1,4,-1,-1
91,655,962.01,468.23,286.77,152.22,1,4,-1,-1
91,641,855.31,65.22,91.41,55.48,1,4,-1,-1
92,661,807.66,944.39,425.55,123.95,1,4,-1,-1
92,655,920.48,475.78,289.48,154.71,1,4,-1,-1
92,641,818.34,65.94,91.49,55.46,1,4,-1,-1
93,679,17.94,873.15,442.05,197.43,1,4,-1,-1
93,661,809.95,943.13,429.68,123.20,1,4,-1,-1
93,641,781.39,66.84,91.52,55.44,1,4,-1,-1
94,682,714.70,750.73,341.65,212.33,1,4,-1,-1
94,675,1319.33,398.81,217.67,112.06,1,4,-1,-1
94,641,751.22,67.14,91.52,55.40,1,4,-1,-1
94,636,1663.30,572.27,233.53,192.15,1,7,-1,-1
94,629,309.01,157.61,105.14,80.84,1,4,-1,-1
95,682,714.58,755.34,341.59,212.49,1,4,-1,-1
95,675,1283.52,402.15,217.72,112.02,1,4,-1,-1
95,641,724.16,67.89,91.50,55.37,1,4,-1,-1
95,636,1648.41,569.34,225.65,184.32,1,7,-1,-1
95,629,277.85,161.26,106.10,80.36,1,4,-1,-1
96,682,710.58,754.56,341.49,212.57,1,4,-1,-1
96,675,1248.51,406.03,217.76,112.00,1,4,-1,-1
96,655,757.83,507.87,299.25,163.14,1,4,-1,-1
96,636,1639.22,563.94,218.31,177.97,1,7,-1,-1
96,629,246.54,165.34,107.44,80.38,1,4,-1,-1
97,682,705.22,751.97,341.37,212.59,1,4,-1,-1
97,675,1209.24,408.85,218.63,112.40,1,4,-1,-1
97,661,805.43,924.22,466.59,136.64,1,4,-1,-1
97,655,714.09,514.37,302.81,166.27,1,4,-1,-1
97,636,1628.86,555.96,212.56,173.51,1,7,-1,-1
97,629,212.85,168.84,110.21,82.11,1,4,-1,-1
98,742,1604.87,273.55,160.48,102.05,1,5,-1,-1
98,741,1493.15,489.00,140.00,75.00,1,10,-1,-1
98,725,1533.48,205.12,184.96,84.91,1,4,-1,-1
98,682,697.00,749.16,361.63,225.46,1,4,-1,-1
98,675,1168.99,411.23,219.98,113.06,1,4,-1,-1
98,661,804.09,918.99,476.10,141.26,1,4,-1,-1
98,636,1617.85,546.91,207.92,170.62,1,7,-1,-1
99,742,1561.23,268.83,168.35,107.72,1,5,-1,-1
99,741,1458.94,485.00,140.00,75.00,1,10,-1,-1
99,725,1496.39,202.85,185.10,85.00,1,4,-1,-1
99,682,696.94,762.56,312.31,194.99,1,4,-1,-1
99,675,1127.63,413.41,221.64,113.88,1,4,-1,-1
99,636,1606.49,537.53,203.98,168.23,1,7,-1,-1
100,742,1518.67,266.22,171.57,110.43,1,5,-1,-1
100,741,1424.89,481.00,140.00,75.00,1,10,-1,-1
100,725,1459.30,200.77,185.17,85.04,1,4,-1,-1
100,690,105.94,532.28,314.75,205.59,1,4,-1,-1
100,675,1086.50,415.50,223.48,114.79,1,4,-1,-1
101,754,1439.10,456.79,69.54,93.18,1,2,-1,-1
101,742,1476.65,263.90,172.95,112.21,1,5,-1,-1
101,741,1390.89,477.00,140.00,75.00,1,10,-1,-1
101,725,1425.17,198.13,184.13,84.95,1,4,-1,-1
101,690,52.68,543.65,316.77,209.81,1,4,-1,-1
101,675,1045.39,417.71,225.52,116.08,1,4,-1,-1
102,776,6.86,913.53,496.16,153.15,1,4,-1,-1
102,754,1411.97,454.47,69.77,93.26,1,2,-1,-1
102,742,1435.15,262.41,173.72,113.64,1,5,-1,-1
102,741,1367.90,474.42,139.63,74.95,1,10,-1,-1
102,675,1014.10,420.13,226.52,117.82,1,4,-1,-1
102,661,852.36,890.25,473.83,167.30,1,4,-1,-1
103,754,1388.04,452.42,69.91,93.29,1,2,-1,-1
103,742,1411.79,263.81,174.03,114.52,1,5,-1,-1
103,741,1348.86,472.99,139.39,74.93,1,10,-1,-1
103,675,987.32,422.56,226.75,119.90,1,4,-1,-1
103,661,874.18,881.38,463.14,175.87,1,4,-1,-1
104,802,792.27,127.35,31.11,59.60,1,3,-1,-1
104,754,1365.12,450.45,69.99,93.28,1,2,-1,-1
104,742,1395.52,266.29,174.12,115.07,1,5,-1,-1
104,675,962.30,425.11,226.48,122.50,1,4,-1,-1
104,661,883.22,875.24,495.07,203.22,1,4,-1,-1
105,812,1600.36,482.67,169.40,157.25,1,7,-1,-1
105,811,1730.41,212.28,143.18,78.35,1,4,-1,-1
105,806,13.00,347.80,53.92,50.03,1,10,-1,-1
105,802,791.07,127.05,31.05,60.53,1,3,-1,-1
105,797,9.60,320.86,41.87,72.45,1,10,-1,-1
105,754,1354.03,449.86,70.04,93.27,1,2,-1,-1
105,742,1381.68,269.85,174.09,115.41,1,5,-1,-1
105,661,910.84,858.92,469.94,208.22,1,4,-1,-1
105,641,484.36,73.94,96.28,55.98,1,4,-1,-1
106,817,734.76,134.03,23.17,35.84,1,3,-1,-1
106,815,520.00,182.11,23.00,47.00,1,1,-1,-1
106,812,1613.58,476.04,167.07,156.57,1,7,-1,-1
106,809,717.39,710.82,329.66,210.03,1,4,-1,-1
106,803,639.68,186.98,25.00,66.64,1,1,-1,-1
106,797,8.29,319.76,41.77,72.84,1,10,-1,-1
106,742,1368.58,273.14,174.00,115.62,1,5,-1,-1
106,661,940.14,846.20,450.24,214.80,1,4,-1,-1
107,822,361.42,569.29,343.02,205.26,1,4,-1,-1
107,817,733.93,135.13,23.26,36.40,1,3,-1,-1
107,812,1627.51,469.75,164.67,155.81,1,7,-1,-1
107,809,734.26,704.01,325.77,209.30,1,4,-1,-1
107,803,638.79,186.25,25.06,67.90,1,1,-1,-1
107,742,1355.62,276.33,173.89,115.74,1,5,-1,-1
107,741,1312.18,469.76,122.66,75.61,1,10,-1,-1
108,828,657.15,200.11,22.00,47.00,1,1,-1,-1
108,822,334.16,577.26,347.62,209.01,1,4,-1,-1
108,817,733.71,136.10,23.27,36.70,1,3,-1,-1
108,812,1640.78,464.51,163.10,154.58,1,7,-1,-1
108,803,638.11,185.84,24.99,68.51,1,1,-1,-1
108,742,1342.61,280.14,173.78,115.80,1,5,-1,-1
108,741,1301.76,473.00,127.39,75.54,1,10,-1,-1
108,675,896.15,440.55,237.33,133.74,1,4,-1,-1
109,822,306.16,585.54,352.76,213.33,1,4,-1,-1
109,817,732.96,137.05,23.26,36.88,1,3,-1,-1
109,812,1654.33,459.74,162.04,152.95,1,7,-1,-1
109,811,1694.51,217.31,145.78,82.45,1,4,-1,-1
109,806,5.25,348.24,54.12,48.68,1,10,-1,-1
109,803,637.45,185.63,24.87,68.75,1,1,-1,-1
109,742,1322.56,279.26,171.69,115.07,1,5,-1,-1
109,741,1292.58,474.98,130.67,75.44,1,10,-1,-1
109,675,882.18,449.38,233.55,132.44,1,4,-1,-1
110,822,277.97,593.82,358.05,217.92,1,4,-1,-1
110,817,732.71,138.18,23.29,37.35,1,3,-1,-1
110,815,505.26,184.41,23.00,47.00,1,1,-1,-1
110,812,1667.17,455.22,161.32,151.00,1,7,-1,-1
110,811,1686.48,219.48,148.27,84.60,1,4,-1,-1
110,806,3.97,348.33,54.10,48.47,1,10,-1,-1
110,803,636.75,185.54,24.73,68.78,1,1,-1,-1
110,742,1316.25,286.40,172.93,116.26,1,5,-1,-1
110,675,868.65,456.74,230.88,131.52,1,4,-1,-1
111,826,4.76,189.09,122.57,92.83,1,4,-1,-1
111,822,249.76,602.05,363.33,222.67,1,4,-1,-1
111,817,732.64,139.16,23.30,37.66,1,3,-1,-1
111,815,501.24,184.39,23.00,47.00,1,1,-1,-1
111,812,1680.36,451.52,160.83,148.81,1,7,-1,-1
111,811,1678.78,221.53,151.30,86.79,1,4,-1,-1
111,803,636.01,185.52,24.60,68.70,1,1,-1,-1
111,725,1304.99,189.58,175.84,84.63,1,4,-1,-1
111,675,855.08,464.13,228.95,130.85,1,4,-1,-1
112,849,1300.78,463.46,99.49,96.91,1,2,-1,-1
112,848,518.00,31.89,23.00,41.00,1,1,-1,-1
112,828,652.35,204.32,20.11,42.32,1,1,-1,-1
112,826,-22.33,178.66,127.06,96.24,1,4,-1,-1
112,822,222.18,610.77,368.06,227.10,1,4,-1,-1
112,815,497.89,185.02,23.00,47.00,1,1,-1,-1
112,812,1694.17,448.77,159.37,147.22,1,7,-1,-1
112,811,1670.90,223.72,154.47,89.27,1,4,-1,-1
112,803,635.24,185.54,24.47,68.55,1,1,-1,-1
112,797,0.47,316.11,38.98,71.80,1,10,-1,-1
112,725,1299.48,190.36,175.80,84.97,1,4,-1,-1
112,675,840.49,468.34,229.86,132.73,1,4,-1,-1
113,848,518.00,32.88,23.00,41.00,1,1,-1,-1
113,828,651.27,203.64,20.82,44.00,1,1,-1,-1
113,826,-8.30,184.70,125.33,95.10,1,4,-1,-1
113,822,190.97,622.28,372.15,232.27,1,4,-1,-1
113,815,493.58,186.17,23.40,47.81,1,1,-1,-1
113,812,1708.53,446.24,157.55,146.11,1,7,-1,-1
113,803,634.42,185.59,24.35,68.38,1,1,-1,-1
113,797,-0.37,316.96,37.79,71.45,1,10,-1,-1
113,741,1258.07,483.74,132.83,74.99,1,10,-1,-1
113,725,1294.03,192.13,175.83,85.51,1,4,-1,-1
113,675,825.64,470.89,232.87,136.44,1,4,-1,-1
114,854,1858.17,107.70,23.33,31.24,1,10,-1,-1
114,848,513.94,32.82,25.20,44.61,1,1,-1,-1
114,843,787.92,131.90,29.00,59.00,1,1,-1,-1
114,842,486.53,79.41,97.74,59.34,1,4,-1,-1
114,826,-3.40,187.12,124.20,94.36,1,4,-1,-1
114,815,488.86,188.07,24.05,49.12,1,1,-1,-1
114,812,1722.97,443.72,155.15,145.26,1,7,-1,-1
114,809,855.64,671.16,308.43,206.39,1,4,-1,-1
114,803,631.91,193.88,24.95,70.29,1,1,-1,-1
114,797,-0.96,317.48,36.02,70.99,1,10,-1,-1
114,741,1243.66,480.20,140.64,79.77,1,10,-1,-1
114,725,1288.59,194.05,175.84,85.89,1,4,-1,-1
114,675,810.31,472.51,237.34,141.49,1,4,-1,-1
115,861,1352.01,130.01,118.17,65.91,1,4,-1,-1
115,854,1856.74,108.45,22.64,32.06,1,10,-1,-1
115,850,1727.12,158.91,117.76,72.38,1,4,-1,-1
115,848,516.22,33.32,24.40,43.28,1,1,-1,-1
115,843,787.86,132.83,29.00,59.00,1,1,-1,-1
115,842,485.53,80.13,97.75,59.66,1,4,-1,-1
115,817,730.75,143.12,23.30,38.86,1,3,-1,-1
115,809,865.94,666.52,304.32,203.80,1,4,-1,-1
115,803,630.65,189.79,24.65,69.50,1,1,-1,-1
115,797,-1.68,318.45,34.47,70.63,1,10,-1,-1
115,741,1238.16,485.72,137.50,78.35,1,10,-1,-1
115,725,1282.89,195.76,175.66,86.73,1,4,-1,-1
115,675,789.32,472.57,240.85,144.86,1,4,-1,-1
115,661,1178.71,762.35,384.05,246.67,1,4,-1,-1
116,861,1352.95,130.93,118.29,66.04,1,4,-1,-1
116,850,1726.13,160.84,117.73,72.21,1,4,-1,-1
116,848,517.16,34.33,23.90,42.46,1,1,-1,-1
116,843,787.17,133.14,29.00,59.00,1,1,-1,-1
116,842,484.56,81.00,97.71,59.86,1,4,-1,-1
116,817,730.00,144.23,23.30,39.31,1,3,-1,-1
116,809,879.64,663.68,301.17,201.44,1,4,-1,-1
116,803,628.34,189.68,24.42,68.90,1,1,-1,-1
116,797,-2.00,318.97,32.76,70.25,1,10,-1,-1
116,741,1231.20,491.32,135.25,77.33,1,10,-1,-1
116,661,1205.45,756.66,377.40,246.75,1,4,-1,-1
117,873,303.67,851.95,462.11,216.67,1,4,-1,-1
117,868,1846.13,126.07,39.00,29.00,1,10,-1,-1
117,850,1725.13,162.84,117.73,72.11,1,4,-1,-1
117,848,517.57,34.77,23.59,41.94,1,1,-1,-1
117,843,786.93,133.90,29.00,59.00,1,1,-1,-1
117,828,640.10,210.36,21.74,46.27,1,1,-1,-1
117,817,729.74,145.20,23.29,39.62,1,3,-1,-1
117,809,894.63,664.46,299.09,199.87,1,4,-1,-1
117,803,625.63,191.71,24.24,68.42,1,1,-1,-1
117,797,-2.14,319.97,30.94,69.84,1,10,-1,-1
117,741,1223.69,497.05,133.96,76.89,1,10,-1,-1
117,661,1231.68,752.07,371.56,246.80,1,4,-1,-1
118,868,1844.92,127.87,39.00,29.00,1,10,-1,-1
118,862,1329.98,98.78,118.00,55.69,1,4,-1,-1
118,850,1724.81,164.87,117.74,72.04,1,4,-1,-1
118,848,517.77,35.66,23.38,41.60,1,1,-1,-1
118,843,786.86,134.16,29.00,59.00,1,1,-1,-1
118,817,729.66,146.13,23.28,39.84,1,3,-1,-1
118,803,622.75,193.86,24.10,68.04,1,1,-1,-1
118,797,-2.55,324.54,28.44,69.21,1,10,-1,-1
118,741,1227.78,494.00,115.89,78.61,1,10,-1,-1
118,661,1258.27,748.36,366.21,246.53,1,4,-1,-1
119,868,1843.14,130.56,39.00,29.00,1,10,-1,-1
119,867,-2.45,369.98,31.96,40.73,1,10,-1,-1
119,850,1725.39,166.90,117.76,72.00,1,4,-1,-1
119,848,517.87,36.68,23.24,41.38,1,1,-1,-1
119,843,786.18,134.90,29.00,59.00,1,1,-1,-1
119,817,728.99,147.25,23.29,40.28,1,3,-1,-1
119,803,619.81,196.04,23.98,67.74,1,1,-1,-1
119,797,-2.95,331.17,25.44,68.37,1,10,-1,-1
119,741,1215.49,504.99,119.91,77.78,1,10,-1,-1
119,725,1269.15,206.91,171.88,87.68,1,4,-1,-1
119,675,716.41,509.32,260.46,155.73,1,4,-1,-1
119,661,1285.56,745.90,361.18,246.29,1,4,-1,-1
120,850,1726.31,169.59,117.78,71.97,1,4,-1,-1
120,848,517.26,37.06,23.15,41.23,1,1,-1,-1
120,803,616.83,198.87,23.89,67.49,1,1,-1,-1
120,741,1215.46,504.44,105.78,79.63,1,10,-1,-1
120,661,1313.24,743.89,356.65,246.07,1,4,-1,-1
121,888,453.19,198.41,29.22,64.76,1,1,-1,-1
121,873,371.52,862.99,456.28,204.80,1,4,-1,-1
121,860,640.04,201.69,26.47,58.71,1,2,-1,-1
121,850,1728.00,172.53,117.80,71.95,1,4,-1,-1
121,848,517.04,37.87,23.09,41.13,1,1,-1,-1
121,828,625.52,217.53,20.01,46.07,1,1,-1,-1
121,809,956.54,675.27,296.11,197.57,1,4,-1,-1
121,803,613.85,201.27,23.82,67.28,1,1,-1,-1
121,741,1200.95,517.21,112.57,78.43,1,10,-1,-1
122,895,1172.75,350.40,197.22,145.92,1,5,-1,-1
122,873,388.58,866.53,455.50,201.35,1,4,-1,-1
122,862,1334.90,100.77,116.91,57.30,1,4,-1,-1
122,860,636.36,204.36,27.01,60.48,1,2,-1,-1
122,850,1729.30,175.54,117.81,71.94,1,4,-1,-1
122,848,516.98,38.82,23.05,41.07,1,1,-1,-1
122,828,622.66,223.01,20.60,46.42,1,1,-1,-1
122,811,1613.88,270.24,169.22,94.79,1,4,-1,-1
122,809,971.71,677.84,296.00,197.45,1,4,-1,-1
122,803,610.86,203.50,23.75,67.11,1,1,-1,-1
122,741,1187.46,527.39,117.49,77.65,1,10,-1,-1
123,895,1161.23,360.30,198.51,146.20,1,5,-1,-1
123,862,1336.24,101.13,116.49,57.82,1,4,-1,-1
123,861,1362.05,136.98,119.06,66.96,1,4,-1,-1
123,860,634.23,209.98,24.29,55.68,1,2,-1,-1
123,850,1730.46,178.58,117.83,71.94,1,4,-1,-1
123,828,619.61,226.96,21.01,46.64,1,1,-1,-1
123,811,1610.44,276.71,170.77,95.72,1,4,-1,-1
123,803,607.86,206.30,23.70,66.96,1,1,-1,-1
123,741,1174.67,536.49,121.08,77.12,1,10,-1,-1
123,725,1267.76,224.01,160.18,88.84,1,4,-1,-1
123,675,634.96,555.72,283.79,172.84,1,4,-1,-1
124,904,1297.00,112.26,28.00,48.00,1,1,-1,-1
124,895,1150.10,370.26,199.57,146.32,1,5,-1,-1
124,862,1337.41,101.34,116.23,58.48,1,4,-1,-1
124,861,1363.54,137.95,118.86,67.02,1,4,-1,-1
124,850,1732.21,181.63,117.84,71.93,1,4,-1,-1
124,828,616.51,230.33,21.30,46.78,1,1,-1,-1
124,811,1607.25,282.68,172.25,97.25,1,4,-1,-1
124,741,1163.04,545.14,123.69,76.75,1,10,-1,-1
124,725,1258.19,235.11,160.37,83.75,1,4,-1,-1
124,675,612.23,568.59,289.88,177.75,1,4,-1,-1
124,661,1423.69,741.77,340.99,243.11,1,4,-1,-1
125,912,1445.96,201.85,32.00,51.00,1,2,-1,-1
125,910,1191.72,533.68,69.60,98.59,1,2,-1,-1
125,904,1298.78,115.06,28.00,48.00,1,1,-1,-1
125,895,1135.94,379.14,202.57,147.88,1,5,-1,-1
125,868,1847.18,137.46,29.42,30.27,1,10,-1,-1
125,862,1338.55,101.95,115.97,58.94,1,4,-1,-1
125,850,1733.52,184.67,117.85,71.93,1,4,-1,-1
125,828,612.76,232.83,21.50,46.88,1,1,-1,-1
125,741,1151.36,553.58,125.59,76.49,1,10,-1,-1
125,661,1451.60,742.69,336.81,240.98,1,4,-1,-1
126,912,1440.97,205.06,32.00,51.00,1,2,-1,-1
126,910,1183.44,541.49,69.72,99.71,1,2,-1,-1
126,904,1300.76,117.26,28.00,48.00,1,1,-1,-1
126,895,1121.32,388.24,206.56,150.16,1,5,-1,-1
126,873,456.62,893.15,448.97,177.07,1,4,-1,-1
126,868,1849.60,139.81,27.00,31.02,1,10,-1,-1
126,862,1337.41,109.15,105.74,54.36,1,4,-1,-1
126,850,1734.65,187.70,117.87,71.93,1,4,-1,-1
126,843,783.26,140.81,29.05,59.87,1,1,-1,-1
126,828,609.43,235.65,21.65,46.94,1,1,-1,-1
126,741,1139.78,561.91,126.98,76.31,1,10,-1,-1
126,661,1479.91,744.27,332.95,238.60,1,4,-1,-1
127,912,1424.88,218.99,42.35,52.90,1,2,-1,-1
127,911,1409.60,222.94,79.27,63.95,1,10,-1,-1
127,910,1170.94,550.94,69.79,100.75,1,2,-1,-1
127,895,1105.96,397.32,211.41,152.87,1,5,-1,-1
127,868,1851.57,142.42,25.34,31.71,1,10,-1,-1
127,862,1346.06,94.90,104.09,54.22,1,4,-1,-1
127,860,619.60,218.01,28.26,68.51,1,2,-1,-1
127,850,1736.38,190.74,117.87,71.94,1,4,-1,-1
127,843,782.92,142.89,29.08,60.54,1,1,-1,-1
127,661,1507.96,746.25,326.76,237.10,1,4,-1,-1
128,912,1424.82,215.71,39.29,51.84,1,2,-1,-1
128,911,1405.86,226.50,79.24,64.01,1,10,-1,-1
128,895,1090.75,406.38,216.42,155.74,1,5,-1,-1
128,868,1853.26,145.15,24.16,32.31,1,10,-1,-1
128,862,1347.59,101.03,104.25,54.79,1,4,-1,-1
128,860,616.16,220.34,28.85,70.93,1,2,-1,-1
128,850,1737.35,193.93,118.52,72.27,1,4,-1,-1
128,843,782.14,145.03,29.10,61.30,1,1,-1,-1
128,661,1536.29,748.23,318.89,236.20,1,4,-1,-1
129,933,1081.90,700.86,302.01,204.06,1,4,-1,-1
129,912,1422.07,216.48,37.31,51.29,1,2,-1,-1
129,895,1074.95,415.91,222.13,159.76,1,5,-1,-1
129,868,1855.41,148.60,23.33,32.84,1,10,-1,-1
129,860,612.91,223.07,29.25,73.16,1,2,-1,-1
129,803,590.50,220.75,23.53,66.51,1,1,-1,-1
129,661,1555.42,739.61,313.33,238.43,1,4,-1,-1
130,942,1378.95,147.00,119.00,67.00,1,4,-1,-1
130,940,463.09,86.41,104.17,70.30,1,4,-1,-1
130,939,402.45,225.25,34.95,76.34,1,1,-1,-1
130,934,1847.29,167.26,40.00,29.13,1,10,-1,-1
130,933,1079.55,691.39,336.51,229.37,1,4,-1,-1
130,895,1059.36,425.64,227.95,164.77,1,5,-1,-1
130,873,524.40,923.78,442.45,147.19,1,4,-1,-1
130,868,1856.36,151.03,22.75,33.27,1,10,-1,-1
130,860,607.80,226.27,29.50,74.71,1,2,-1,-1
130,741,1103.38,615.27,129.43,76.00,1,10,-1,-1
130,675,455.98,663.28,332.56,213.59,1,4,-1,-1
131,942,1382.97,149.00,119.00,67.00,1,4,-1,-1
131,940,465.52,88.80,100.64,68.08,1,4,-1,-1
131,939,396.50,229.05,36.06,76.97,1,1,-1,-1
131,934,1848.08,170.06,40.03,29.12,1,10,-1,-1
131,933,1077.68,692.11,380.33,261.98,1,4,-1,-1
131,895,1043.46,435.58,233.90,169.85,1,5,-1,-1
131,860,602.66,229.74,29.65,75.79,1,2,-1,-1
131,675,424.30,681.83,341.94,221.03,1,4,-1,-1
132,947,1359.06,117.00,112.00,61.00,1,4,-1,-1
132,942,1386.23,151.00,119.00,67.00,1,4,-1,-1
132,940,465.88,89.89,98.99,67.36,1,4,-1,-1
132,934,1849.00,172.99,40.05,29.10,1,10,-1,-1
132,933,1110.09,700.62,352.95,245.77,1,4,-1,-1
132,895,1038.93,450.44,232.86,170.56,1,5,-1,-1
132,860,597.53,233.58,29.75,76.82,1,2,-1,-1
132,850,1739.99,207.22,123.37,74.74,1,4,-1,-1
132,675,391.26,700.88,351.69,228.32,1,4,-1,-1
133,955,1102.87,622.26,68.65,108.27,1,2,-1,-1
133,942,1390.00,153.00,119.00,67.00,1,4,-1,-1
133,934,1849.27,175.27,40.05,29.09,1,10,-1,-1
133,933,1115.61,690.13,379.85,267.74,1,4,-1,-1
133,895,1017.70,458.03,240.68,177.91,1,5,-1,-1
133,860,592.42,237.85,29.80,77.25,1,2,-1,-1
133,850,1740.34,210.38,124.99,75.57,1,4,-1,-1
134,955,1093.67,635.96,68.70,109.06,1,2,-1,-1
134,942,1393.92,155.00,119.00,67.00,1,4,-1,-1
134,941,1169.74,287.47,201.72,63.97,1,4,-1,-1
134,911,1384.88,244.38,78.32,63.96,1,10,-1,-1
134,868,1860.78,162.51,21.77,34.24,1,10,-1,-1
134,860,587.33,242.09,29.83,77.82,1,2,-1,-1
134,741,1060.33,673.94,130.80,80.93,1,10,-1,-1
135,955,1083.81,649.92,68.69,109.79,1,2,-1,-1
135,942,1388.81,145.79,113.86,64.04,1,4,-1,-1
135,927,1425.89,228.38,33.44,44.60,1,2,-1,-1
135,911,1381.19,247.98,78.54,64.00,1,10,-1,-1
135,868,1861.86,165.43,21.67,34.45,1,10,-1,-1
135,860,581.60,246.11,29.83,78.20,1,2,-1,-1
135,843,778.78,159.59,29.25,66.95,1,1,-1,-1
135,828,565.98,271.51,22.05,49.19,1,1,-1,-1
135,741,1049.20,687.92,131.10,82.93,1,10,-1,-1
136,955,1069.56,660.74,77.12,124.11,1,2,-1,-1
136,947,1370.27,127.61,112.00,61.00,1,4,-1,-1
136,942,1396.56,155.25,115.54,65.00,1,4,-1,-1
136,911,1377.75,251.20,78.38,63.99,1,10,-1,-1
136,868,1860.96,167.73,21.61,34.61,1,10,-1,-1
136,860,576.30,250.54,29.82,78.17,1,2,-1,-1
136,848,512.06,51.46,22.97,40.95,1,1,-1,-1
136,843,778.03,161.63,29.25,67.94,1,1,-1,-1
136,741,1038.07,702.06,131.33,84.92,1,10,-1,-1
136,675,227.85,786.18,395.05,231.95,1,4,-1,-1
137,973,547.89,254.00,23.00,65.00,1,1,-1,-1
137,972,347.00,255.83,39.85,76.12,1,1,-1,-1
137,947,1370.32,129.43,112.00,61.00,1,4,-1,-1
137,942,1399.26,159.91,116.98,65.67,1,4,-1,-1
137,911,1374.15,254.90,78.57,64.01,1,10,-1,-1
137,860,571.15,254.92,29.81,78.41,1,2,-1,-1
137,848,511.89,53.46,22.97,40.95,1,1,-1,-1
137,843,777.76,163.67,29.26,68.94,1,1,-1,-1
137,741,1026.96,716.26,131.51,86.92,1,10,-1,-1
137,675,182.43,810.10,407.71,227.17,1,4,-1,-1
138,973,542.88,258.00,23.00,65.00,1,1,-1,-1
138,972,335.84,260.02,39.92,76.15,1,1,-1,-1
138,952,713.31,170.03,24.37,46.98,1,3,-1,-1
138,947,1377.89,135.78,117.60,64.29,1,4,-1,-1
138,942,1400.10,162.80,118.27,66.15,1,4,-1,-1
138,860,566.07,259.03,29.79,78.56,1,2,-1,-1
138,848,509.22,56.15,22.98,40.96,1,1,-1,-1
138,675,136.28,834.15,420.51,221.06,1,4,-1,-1
139,981,1739.68,230.05,137.78,82.12,1,4,-1,-1
139,973,537.89,262.74,23.00,65.00,1,1,-1,-1
139,972,323.92,264.80,39.97,76.15,1,1,-1,-1
139,952,709.99,172.45,24.68,47.25,1,3,-1,-1
139,947,1371.40,133.75,115.90,63.30,1,4,-1,-1
139,942,1400.27,165.05,119.48,66.49,1,4,-1,-1
139,895,882.83,526.98,283.53,223.80,1,5,-1,-1
139,860,561.03,263.72,29.77,78.65,1,2,-1,-1
139,848,505.62,59.09,22.98,40.96,1,1,-1,-1
139,828,543.41,289.84,22.11,51.07,1,1,-1,-1
140,981,1737.38,233.21,139.99,83.60,1,4,-1,-1
140,973,528.62,267.70,23.00,65.00,1,1,-1,-1
140,952,706.27,175.22,25.21,47.49,1,3,-1,-1
140,947,1369.13,133.69,114.73,62.61,1,4,-1,-1
140,942,1400.57,167.60,119.92,66.38,1,4,-1,-1
140,941,1124.60,294.44,210.54,80.24,1,4,-1,-1
140,895,857.55,541.50,289.32,230.89,1,5,-1,-1
140,860,552.91,269.27,30.04,78.73,1,2,-1,-1
140,828,534.98,293.75,22.13,51.96,1,1,-1,-1
141,985,1368.49,253.53,45.94,57.85,1,2,-1,-1
141,981,1735.11,236.23,141.59,84.78,1,4,-1,-1
141,973,518.67,273.42,23.00,65.00,1,1,-1,-1
141,952,702.89,177.99,25.55,47.29,1,3,-1,-1
141,942,1400.69,169.82,120.55,66.31,1,4,-1,-1
141,941,1114.30,298.27,211.71,81.56,1,4,-1,-1
141,911,1350.47,272.37,78.90,64.04,1,10,-1,-1
141,895,832.79,556.33,294.79,237.59,1,5,-1,-1
142,985,1366.81,258.23,40.71,54.56,1,2,-1,-1
142,981,1732.97,239.34,143.49,86.30,1,4,-1,-1
142,952,699.66,180.99,25.78,47.12,1,3,-1,-1
142,942,1411.73,162.33,122.36,66.96,1,4,-1,-1
142,941,1103.68,301.26,213.60,83.39,1,4,-1,-1
142,911,1343.41,277.37,78.94,64.04,1,10,-1,-1
142,895,808.29,571.95,300.05,244.07,1,5,-1,-1
143,994,751.32,181.75,27.96,70.02,1,1,-1,-1
143,990,522.44,286.38,33.07,79.92,1,2,-1,-1
143,981,1730.80,242.32,144.97,87.57,1,4,-1,-1
143,911,1338.26,281.76,78.97,64.04,1,10,-1,-1
143,868,1852.81,182.21,22.23,35.18,1,10,-1,-1
143,848,485.90,65.84,22.98,40.96,1,1,-1,-1
143,741,970.49,793.17,80.34,101.70,1,10,-1,-1
144,1002,1838.80,208.85,40.00,29.00,1,10,-1,-1
144,1001,1382.00,263.89,34.00,46.00,1,2,-1,-1
144,999,427.69,108.00,97.00,69.00,1,4,-1,-1
144,994,749.85,184.94,26.47,68.46,1,1,-1,-1
144,990,512.83,291.84,33.77,80.01,1,2,-1,-1
144,986,1556.30,456.68,164.76,117.42,1,4,-1,-1
144,981,1728.77,245.41,146.72,89.12,1,4,-1,-1
144,947,1367.13,139.80,112.82,61.49,1,4,-1,-1
144,741,956.19,812.47,76.16,104.00,1,10,-1,-1
145,1002,1839.59,213.62,40.00,29.00,1,10,-1,-1
145,1001,1377.78,267.88,34.00,46.00,1,2,-1,-1
145,981,1726.65,248.37,148.14,90.44,1,4,-1,-1
145,973,479.66,294.12,20.54,59.35,1,1,-1,-1
145,947,1364.40,141.63,113.44,61.07,1,4,-1,-1
145,741,941.22,832.17,72.91,106.03,1,10,-1,-1
146,1002,1840.59,218.62,40.00,29.00,1,10,-1,-1
146,1001,1374.50,272.63,34.00,46.00,1,2,-1,-1
146,1000,883.67,883.74,149.68,91.36,1,10,-1,-1
146,981,1724.67,251.46,149.80,92.00,1,4,-1,-1
146,973,470.73,310.69,20.92,60.01,1,1,-1,-1
146,972,244.95,302.47,40.02,76.07,1,1,-1,-1
146,947,1360.49,143.61,114.79,60.82,1,4,-1,-1
146,942,1398.19,180.56,123.66,66.44,1,4,-1,-1
146,895,709.01,641.28,332.49,274.72,1,5,-1,-1
146,741,926.06,851.84,70.57,107.64,1,10,-1,-1
147,1002,1841.65,223.67,40.00,29.00,1,10,-1,-1
147,1001,1371.48,277.61,34.00,46.00,1,2,-1,-1
147,1000,866.93,902.97,152.21,91.07,1,10,-1,-1
147,973,465.58,311.22,21.32,62.64,1,1,-1,-1
147,972,234.68,308.52,40.02,76.06,1,1,-1,-1
147,947,1356.69,145.63,116.66,60.68,1,4,-1,-1
147,942,1395.81,182.83,123.82,66.36,1,4,-1,-1
147,911,1321.69,300.66,79.02,64.04,1,10,-1,-1
147,895,676.75,666.62,341.55,282.47,1,5,-1,-1
147,741,910.03,872.23,68.86,108.89,1,10,-1,-1
148,1002,1842.70,228.72,40.00,29.00,1,10,-1,-1
148,1001,1368.53,283.34,34.00,46.00,1,2,-1,-1
148,1000,850.09,922.06,154.92,90.93,1,10,-1,-1
148,986,1525.95,489.79,213.92,154.05,1,4,-1,-1
148,972,215.69,315.49,40.70,76.86,1,1,-1,-1
148,947,1352.20,147.65,118.88,60.60,1,4,-1,-1
148,942,1393.55,184.94,123.94,66.29,1,4,-1,-1
148,895,642.27,695.10,350.21,289.65,1,5,-1,-1
148,741,894.23,892.29,67.62,109.86,1,10,-1,-1
149,1002,1832.08,231.02,40.00,29.00,1,10,-1,-1
149,1000,833.25,941.63,157.59,90.50,1,10,-1,-1
149,986,1513.04,498.09,220.50,160.18,1,4,-1,-1
149,985,1332.81,293.76,32.62,50.36,1,2,-1,-1
149,972,193.82,322.73,41.52,78.08,1,1,-1,-1
149,947,1348.06,149.67,121.36,60.57,1,4,-1,-1
149,895,607.00,724.83,358.62,296.47,1,5,-1,-1
149,741,878.25,912.49,66.45,110.83,1,10,-1,-1
150,1000,816.33,960.89,160.41,90.23,1,10,-1,-1
150,985,1332.82,294.28,32.77,49.90,1,2,-1,-1
150,981,1688.11,266.94,141.57,92.46,1,4,-1,-1
150,972,170.39,330.14,42.76,79.99,1,1,-1,-1
150,952,664.41,202.57,28.75,46.98,1,3,-1,-1
150,947,1343.36,151.67,124.02,60.57,1,4,-1,-1
150,895,571.69,755.68,367.17,303.05,1,5,-1,-1
150,741,862.40,932.50,65.60,111.57,1,10,-1,-1
151,999,367.49,123.88,99.02,70.25,1,4,-1,-1
151,981,1671.55,268.54,144.63,96.27,1,4,-1,-1
151,972,146.85,337.37,43.96,81.96,1,1,-1,-1
151,947,1339.08,153.67,126.81,60.58,1,4,-1,-1
151,895,531.49,777.51,375.77,300.24,1,5,-1,-1
152,999,349.40,126.60,99.80,70.34,1,4,-1,-1
152,972,123.49,345.13,45.42,84.04,1,1,-1,-1
152,947,1329.78,154.72,128.91,61.17,1,4,-1,-1
152,942,1377.62,191.75,124.33,67.38,1,4,-1,-1
152,895,489.13,797.71,385.09,290.29,1,5,-1,-1
153,1039,1513.00,794.89,307.00,245.00,1,4,-1,-1
153,986,1450.43,529.80,237.68,181.32,1,4,-1,-1
153,942,1365.45,192.52,124.66,69.33,1,4,-1,-1
153,895,446.14,818.54,395.00,275.10,1,5,-1,-1
154,1051,1761.10,240.08,38.71,31.48,1,2,-1,-1
154,986,1435.26,537.81,240.89,186.89,1,4,-1,-1
154,942,1352.27,192.52,125.05,71.82,1,4,-1,-1
154,895,402.27,840.52,405.89,256.18,1,5,-1,-1
155,1051,1758.41,246.19,39.38,30.91,1,2,-1,-1
155,1019,891.43,342.94,238.68,104.75,1,4,-1,-1
155,986,1428.50,548.51,244.03,192.56,1,4,-1,-1
155,942,1338.73,192.79,125.44,74.72,1,4,-1,-1
155,895,358.45,863.56,417.74,234.63,1,5,-1,-1
156,1065,1848.00,232.35,38.76,24.66,1,2,-1,-1
156,1051,1756.40,251.73,39.78,30.50,1,2,-1,-1
156,1019,878.91,347.76,238.17,105.46,1,4,-1,-1
156,986,1425.61,560.67,247.08,198.04,1,4,-1,-1
156,942,1334.36,193.60,125.58,76.87,1,4,-1,-1
156,895,339.43,889.47,424.89,209.81,1,5,-1,-1
157,1072,581.85,222.85,29.00,47.00,1,3,-1,-1
157,1070,301.59,365.88,32.34,78.83,1,1,-1,-1
157,1068,1856.45,217.80,26.45,37.03,1,2,-1,-1
157,1039,1585.81,805.07,289.83,241.52,1,4,-1,-1
157,1019,868.44,351.91,239.06,106.02,1,4,-1,-1
157,986,1424.16,572.93,250.12,203.67,1,4,-1,-1
157,942,1334.16,195.42,125.60,78.46,1,4,-1,-1
157,895,329.96,917.15,429.98,182.41,1,5,-1,-1
158,1079,1202.04,336.26,31.00,61.00,1,2,-1,-1
158,1072,579.60,224.81,29.92,47.51,1,3,-1,-1
158,1071,377.87,87.94,22.00,49.00,1,1,-1,-1
158,1070,294.38,369.94,27.73,72.68,1,1,-1,-1
158,1057,1711.64,431.21,177.69,129.31,1,4,-1,-1
158,1039,1607.90,808.58,282.65,240.59,1,4,-1,-1
158,986,1422.78,585.65,253.39,209.17,1,4,-1,-1
158,942,1335.54,197.73,125.56,79.63,1,4,-1,-1
159,1071,376.08,89.95,22.00,49.00,1,1,-1,-1
159,1070,286.20,375.41,25.60,69.86,1,1,-1,-1
159,1057,1706.59,438.50,180.86,132.19,1,4,-1,-1
159,1037,1159.73,354.18,93.49,65.14,1,10,-1,-1
159,942,1336.86,199.63,125.50,80.48,1,4,-1,-1
160,1090,291.60,400.68,33.64,80.91,1,2,-1,-1
160,1070,277.40,381.43,24.71,68.41,1,1,-1,-1
160,1057,1701.55,446.31,183.96,135.08,1,4,-1,-1
160,1051,1752.43,272.91,40.60,29.77,1,2,-1,-1
160,1037,1151.53,359.91,93.95,65.04,1,10,-1,-1
161,1097,1298.00,170.91,133.15,65.97,1,4,-1,-1
161,1095,274.11,409.95,23.00,64.00,1,1,-1,-1
161,1090,279.83,405.85,33.35,81.28,1,2,-1,-1
161,1051,1753.05,277.71,40.53,29.62,1,2,-1,-1
161,1037,1142.79,365.01,95.17,64.71,1,10,-1,-1
161,1019,828.90,368.88,249.36,106.14,1,4,-1,-1
162,1102,1838.96,260.95,41.00,23.00,1,10,-1,-1
162,1095,264.91,414.19,23.00,64.00,1,1,-1,-1
162,1090,254.41,400.19,39.52,98.35,1,2,-1,-1
162,1072,571.69,236.01,33.54,47.72,1,3,-1,-1
162,1051,1753.57,281.98,40.81,29.56,1,2,-1,-1
162,1037,1134.20,370.61,96.58,64.17,1,10,-1,-1
162,986,1405.38,626.75,276.90,240.45,1,4,-1,-1
163,1106,1602.46,318.69,163.07,112.73,1,4,-1,-1
163,1102,1837.97,264.97,41.00,23.00,1,10,-1,-1
163,1095,255.13,418.96,23.00,64.00,1,1,-1,-1
163,1072,569.70,239.04,34.53,47.61,1,3,-1,-1
163,1071,364.46,96.24,22.00,49.00,1,1,-1,-1
163,1051,1754.48,286.73,41.00,29.50,1,2,-1,-1
164,1106,1600.30,323.70,164.96,113.51,1,4,-1,-1
164,1102,1836.97,268.97,41.00,23.00,1,10,-1,-1
164,1095,245.89,423.90,23.00,64.00,1,1,-1,-1
164,1071,360.67,97.98,22.00,49.00,1,1,-1,-1
164,1070,237.61,401.06,26.16,70.98,1,1,-1,-1
164,1068,1853.79,241.15,25.93,36.30,1,2,-1,-1
164,1057,1662.55,474.79,193.62,146.08,1,4,-1,-1
165,1115,201.89,56.00,29.00,48.00,1,1,-1,-1
165,1106,1584.17,325.66,166.31,113.89,1,4,-1,-1
165,1102,1826.70,269.41,41.00,23.00,1,10,-1,-1
165,1101,1159.14,348.98,33.00,55.00,1,2,-1,-1
165,1095,228.62,429.83,26.87,73.97,1,1,-1,-1
165,1079,1131.98,361.49,30.07,60.67,1,2,-1,-1
165,1071,357.36,99.90,22.00,49.00,1,1,-1,-1
165,1070,224.52,419.99,24.91,68.08,1,1,-1,-1
165,1057,1650.26,481.84,195.23,148.71,1,4,-1,-1
166,1106,1564.67,326.75,167.44,114.08,1,4,-1,-1
166,1101,1147.11,352.98,33.00,55.00,1,2,-1,-1
166,1079,1119.89,365.20,30.01,60.70,1,2,-1,-1
166,1037,1080.24,382.55,107.22,65.18,1,10,-1,-1
167,1125,1274.61,178.07,134.00,66.00,1,4,-1,-1
167,1106,1544.31,328.16,168.32,113.81,1,4,-1,-1
167,1101,1140.15,364.99,33.19,58.20,1,2,-1,-1
168,1125,1260.41,176.23,134.00,66.00,1,4,-1,-1
168,1111,1102.20,351.68,36.69,63.74,1,1,-1,-1
168,1106,1523.67,329.40,169.36,113.97,1,4,-1,-1
168,986,1356.53,685.59,281.01,260.80,1,4,-1,-1
168,942,1309.40,212.55,134.47,85.81,1,4,-1,-1
169,1119,789.84,346.81,40.21,55.74,1,2,-1,-1
169,1106,1502.57,330.35,170.69,114.12,1,4,-1,-1
169,1094,168.21,142.17,127.13,86.91,1,4,-1,-1
169,1057,1595.27,507.39,201.44,159.08,1,4,-1,-1
169,986,1337.14,691.93,282.13,265.13,1,4,-1,-1
169,942,1308.73,210.91,141.13,89.04,1,4,-1,-1
170,1119,777.93,346.49,41.12,55.53,1,2,-1,-1
170,1106,1490.17,336.25,151.21,100.15,1,4,-1,-1
170,1094,153.28,155.02,122.07,84.51,1,4,-1,-1
170,1057,1575.40,511.35,202.27,161.56,1,4,-1,-1
170,942,1282.81,209.09,143.60,89.95,1,4,-1,-1
171,1153,453.24,253.69,38.83,46.54,1,3,-1,-1
171,1106,1467.66,336.65,158.80,104.35,1,4,-1,-1
171,1094,138.93,161.20,118.69,83.48,1,4,-1,-1
171,1019,648.50,386.10,259.18,115.56,1,4,-1,-1
171,942,1262.89,207.55,145.36,90.59,1,4,-1,-1
172,1168,1611.91,294.15,41.00,29.00,1,10,-1,-1
172,1153,439.93,256.51,38.97,46.48,1,3,-1,-1
172,1106,1445.59,337.45,164.17,107.11,1,4,-1,-1
172,1037,946.78,395.21,116.40,60.57,1,10,-1,-1
172,942,1247.11,208.42,153.02,95.03,1,4,-1,-1
173,1179,999.18,364.68,31.46,54.08,1,2,-1,-1
173,1168,1604.65,294.94,41.00,29.00,1,10,-1,-1
173,1153,435.13,257.31,39.04,46.41,1,3,-1,-1
173,1106,1432.38,338.78,167.90,109.24,1,4,-1,-1
173,1037,929.68,397.52,118.44,60.04,1,10,-1,-1
173,942,1238.30,205.69,152.18,94.26,1,4,-1,-1
174,1179,985.99,366.94,31.63,53.87,1,2,-1,-1
174,1168,1596.59,296.63,41.00,29.00,1,10,-1,-1
174,1157,1693.56,269.70,41.00,23.00,1,10,-1,-1
174,1119,745.25,345.30,42.12,54.55,1,2,-1,-1
174,1057,1514.90,526.65,205.84,170.15,1,4,-1,-1
174,1037,915.57,399.69,119.86,59.67,1,10,-1,-1
174,942,1235.33,204.76,151.55,93.68,1,4,-1,-1
175,1201,1706.24,246.85,23.00,35.00,1,2,-1,-1
175,1200,1641.84,285.05,148.28,110.73,1,4,-1,-1
175,1198,714.96,347.85,28.00,47.00,1,2,-1,-1
175,1196,28.00,486.00,23.00,64.00,1,1,-1,-1
175,1190,1203.17,170.94,134.00,67.00,1,4,-1,-1
175,1179,973.18,368.75,34.06,57.47,1,2,-1,-1
175,1157,1690.62,271.42,41.00,23.00,1,10,-1,-1
175,1119,742.08,346.00,42.16,54.28,1,2,-1,-1
175,1037,902.01,401.79,120.86,59.40,1,10,-1,-1
175,942,1234.53,204.49,151.08,93.26,1,4,-1,-1
176,1201,1704.99,248.62,23.00,35.00,1,2,-1,-1
176,1200,1635.01,287.05,151.22,112.77,1,4,-1,-1
176,1190,1203.36,170.95,134.00,67.00,1,4,-1,-1
176,1157,1689.45,274.07,41.00,23.00,1,10,-1,-1
176,1037,889.39,404.50,121.57,59.21,1,10,-1,-1
176,942,1234.53,204.44,150.73,92.94,1,4,-1,-1
177,1201,1703.34,249.88,23.00,35.00,1,2,-1,-1
177,1200,1630.03,289.61,152.56,113.67,1,4,-1,-1
177,1157,1688.80,277.04,41.00,23.00,1,10,-1,-1
177,1106,1400.18,347.89,174.20,114.85,1,4,-1,-1
177,1037,879.77,405.47,122.07,59.06,1,10,-1,-1
178,1217,499.96,257.00,35.00,76.00,1,1,-1,-1
178,1212,741.62,347.71,41.86,52.95,1,1,-1,-1
178,1201,1702.23,251.68,23.00,35.00,1,2,-1,-1
178,1200,1626.43,292.42,153.20,114.08,1,4,-1,-1
178,1157,1688.27,280.11,41.00,23.00,1,10,-1,-1
178,1106,1393.07,350.55,175.00,116.09,1,4,-1,-1
178,1037,871.31,406.43,122.42,58.95,1,10,-1,-1
179,1217,499.97,257.00,35.00,76.00,1,1,-1,-1
179,1201,1701.28,253.66,23.00,35.00,1,2,-1,-1
179,1200,1623.20,295.91,153.00,113.80,1,4,-1,-1
179,1198,713.36,348.09,28.00,47.00,1,2,-1,-1
179,1180,1029.70,343.35,39.17,77.46,1,1,-1,-1
179,1157,1687.71,283.21,41.00,23.00,1,10,-1,-1
179,1106,1386.07,352.76,175.55,117.24,1,4,-1,-1
179,1037,872.41,400.74,127.30,61.05,1,10,-1,-1
180,1217,499.97,257.00,35.00,76.00,1,1,-1,-1
180,1216,427.87,258.03,39.00,46.00,1,3,-1,-1
180,1201,1701.74,257.06,23.00,35.00,1,2,-1,-1
180,1198,713.43,348.08,28.00,47.00,1,2,-1,-1
180,1190,1203.73,170.98,134.00,67.00,1,4,-1,-1
180,1180,1029.87,345.29,38.67,75.84,1,1,-1,-1
180,1157,1686.44,285.63,41.00,23.00,1,10,-1,-1
180,1037,858.08,404.79,126.21,60.39,1,10,-1,-1
181,1233,719.31,363.66,32.89,55.47,1,2,-1,-1
181,1232,534.62,385.87,266.45,115.00,1,4,-1,-1
181,1231,71.00,63.00,29.00,48.00,1,1,-1,-1
181,1217,499.98,257.71,35.00,76.00,1,1,-1,-1
181,1216,426.88,258.02,39.00,46.00,1,3,-1,-1
181,1201,1702.24,255.51,26.60,40.44,1,2,-1,-1
181,1198,713.50,348.07,28.00,47.00,1,2,-1,-1
181,1037,848.03,407.04,125.40,59.90,1,10,-1,-1
