1,9,544,990,72,86,1,1,-1,-1
1,17,1489,123,146,69,1,4,-1,-1
1,28,274,1010,42,58,1,1,-1,-1
1,42,820,856,32,76,1,1,-1,-1
1,43,977,315,47,62,1,10,-1,-1
1,88,1006,680,32,73,1,1,-1,-1
1,138,156,631,209,188,1,8,-1,-1
1,139,472,457,180,150,1,5,-1,-1
1,140,785,521,31,47,1,1,-1,-1
1,141,853,858,33,74,1,1,-1,-1
1,142,1064,399,23,76,1,1,-1,-1
1,143,1491,34,13,43,1,1,-1,-1
1,215,639,877,69,101,1,1,-1,-1
1,216,1365,752,20,48,1,2,-1,-1
1,217,1491,740,26,68,1,2,-1,-1
1,218,1399,664,34,44,1,2,-1,-1
1,219,192,3,167,86,1,6,-1,-1
1,353,150,786,58,91,1,1,-1,-1
2,9,557,987,70,82,1,1,-1,-1
2,17,1485,121,145,69,1,4,-1,-1
2,28,271,1013,42,55,1,1,-1,-1
2,42,817,855,32,76,1,1,-1,-1
2,43,975,302,45,60,1,10,-1,-1
2,44,634,724,34,69,1,1,-1,-1
2,61,625,953,32,75,1,2,-1,-1
2,88,1004,680,32,73,1,1,-1,-1
2,138,151,633,209,188,1,8,-1,-1
2,139,467,458,180,150,1,5,-1,-1
2,140,782,522,31,47,1,1,-1,-1
2,141,846,848,39,87,1,1,-1,-1
2,142,1061,400,23,76,1,1,-1,-1
2,143,1487,33,13,43,1,1,-1,-1
2,215,662,919,48,86,1,1,-1,-1
2,216,1363,753,20,48,1,2,-1,-1
2,217,1489,740,26,68,1,2,-1,-1
2,218,1395,664,34,44,1,2,-1,-1
2,219,186,3,167,85,1,6,-1,-1
2,353,145,789,58,91,1,1,-1,-1
3,9,555,967,37,77,1,2,-1,-1
3,17,1481,120,145,69,1,4,-1,-1
3,28,269,1016,42,52,1,1,-1,-1
3,42,816,818,46,91,1,1,-1,-1
3,43,971,316,46,62,1,10,-1,-1
3,44,645,706,41,82,1,1,-1,-1
3,61,623,958,32,75,1,2,-1,-1
3,62,1431,600,32,46,1,2,-1,-1
3,88,1002,681,32,73,1,1,-1,-1
3,89,231,887,48,87,1,1,-1,-1
3,90,919,452,35,40,1,2,-1,-1
3,138,147,635,209,188,1,8,-1,-1
3,139,463,460,180,149,1,5,-1,-1
3,140,779,523,31,47,1,1,-1,-1
3,141,854,830,38,85,1,1,-1,-1
3,142,1058,402,23,76,1,1,-1,-1
3,143,1484,32,13,43,1,1,-1,-1
3,144,910,493,33,82,1,1,-1,-1
3,145,1155,376,28,61,1,1,-1,-1
3,146,1386,79,22,28,1,2,-1,-1
3,215,660,922,48,86,1,1,-1,-1
3,216,1361,754,20,48,1,2,-1,-1
3,217,1487,740,26,69,1,2,-1,-1
3,218,1392,665,34,44,1,2,-1,-1
3,219,181,3,167,85,1,6,-1,-1
3,353,140,793,58,91,1,1,-1,-1
4,9,539,961,37,79,1,2,-1,-1
4,10,892,378,21,49,1,1,-1,-1
4,17,1477,119,144,68,1,4,-1,-1
4,28,266,1019,43,49,1,1,-1,-1
4,42,813,819,46,91,1,1,-1,-1
4,43,969,317,45,61,1,10,-1,-1
4,44,642,707,41,83,1,1,-1,-1
4,61,620,962,32,76,1,2,-1,-1
4,62,1427,599,33,46,1,2,-1,-1
4,88,1000,682,32,73,1,1,-1,-1
4,89,226,889,48,87,1,1,-1,-1
4,90,916,453,36,40,1,2,-1,-1
4,91,742,719,33,78,1,1,-1,-1
4,92,1554,19,12,46,1,1,-1,-1
4,138,142,637,209,188,1,8,-1,-1
4,139,459,461,180,149,1,5,-1,-1
4,140,776,524,32,47,1,1,-1,-1
4,141,842,850,39,87,1,1,-1,-1
4,142,1055,404,23,76,1,1,-1,-1
4,143,1481,31,13,43,1,1,-1,-1
4,144,907,494,33,82,1,1,-1,-1
4,145,1152,378,27,61,1,1,-1,-1
4,146,1381,78,23,29,1,2,-1,-1
4,215,657,925,48,86,1,1,-1,-1
4,216,1359,755,21,49,1,2,-1,-1
4,217,1477,714,30,80,1,2,-1,-1
4,218,1388,666,34,44,1,2,-1,-1
4,219,176,3,167,85,1,6,-1,-1
4,220,1015,334,56,53,1,10,-1,-1
4,221,1441,26,19,43,1,1,-1,-1
4,222,1471,639,27,43,1,2,-1,-1
4,353,135,796,58,91,1,1,-1,-1
5,3,1227,954,48,79,1,1,-1,-1
5,9,534,974,31,65,1,2,-1,-1
5,10,889,378,20,49,1,1,-1,-1
5,17,1473,118,144,68,1,4,-1,-1
5,28,276,1018,39,41,1,1,-1,-1
5,42,810,853,32,76,1,1,-1,-1
5,43,966,318,45,61,1,10,-1,-1
5,44,639,709,40,83,1,1,-1,-1
5,61,618,967,32,76,1,2,-1,-1
5,62,1424,598,32,46,1,2,-1,-1
5,88,998,683,32,73,1,1,-1,-1
5,89,209,887,47,85,1,1,-1,-1
5,90,914,454,35,40,1,2,-1,-1
5,91,739,721,33,78,1,1,-1,-1
5,92,1550,17,13,47,1,1,-1,-1
5,93,1043,488,49,74,1,1,-1,-1
5,138,119,636,224,201,1,8,-1,-1
5,139,455,463,180,148,1,5,-1,-1
5,140,774,525,31,47,1,1,-1,-1
5,141,840,850,39,87,1,1,-1,-1
5,142,1053,406,23,76,1,1,-1,-1
5,143,1484,32,19,45,1,1,-1,-1
5,144,904,495,33,82,1,1,-1,-1
5,145,1148,379,28,62,1,1,-1,-1
5,146,1377,78,23,29,1,2,-1,-1
5,215,655,928,48,86,1,1,-1,-1
5,216,1358,757,20,48,1,2,-1,-1
5,217,1483,741,26,69,1,2,-1,-1
5,218,1389,640,39,51,1,2,-1,-1
5,219,195,39,174,89,1,6,-1,-1
5,220,1012,335,55,52,1,10,-1,-1
5,221,1438,26,19,43,1,1,-1,-1
5,222,1474,640,27,43,1,2,-1,-1
6,3,1228,957,48,79,1,1,-1,-1
6,9,530,977,31,65,1,2,-1,-1
6,10,885,379,21,49,1,1,-1,-1
6,17,1469,117,144,68,1,4,-1,-1
6,18,1125,844,38,68,1,1,-1,-1
6,28,262,1026,43,43,1,1,-1,-1
6,42,807,821,45,91,1,1,-1,-1
6,43,953,324,36,50,1,10,-1,-1
6,44,636,710,40,85,1,1,-1,-1
6,61,616,972,31,75,1,2,-1,-1
6,62,1420,597,32,46,1,2,-1,-1
6,88,996,684,32,73,1,1,-1,-1
6,89,183,864,69,102,1,1,-1,-1
6,90,911,455,35,40,1,2,-1,-1
6,91,738,728,29,69,1,1,-1,-1
6,92,1547,16,13,47,1,1,-1,-1
6,93,1036,489,50,75,1,1,-1,-1
6,94,1475,30,13,43,1,1,-1,-1
6,138,134,642,209,188,1,8,-1,-1
6,139,451,465,180,148,1,5,-1,-1
6,140,771,527,32,47,1,1,-1,-1
6,141,838,851,39,87,1,1,-1,-1
6,142,1064,407,22,61,1,1,-1,-1
6,143,1479,32,19,45,1,1,-1,-1
6,144,901,496,33,82,1,1,-1,-1
6,145,1144,381,28,62,1,1,-1,-1
6,146,1373,78,23,29,1,2,-1,-1
6,147,1049,781,64,101,1,1,-1,-1
6,220,1008,335,56,53,1,10,-1,-1
6,221,1435,26,19,43,1,1,-1,-1
6,222,1476,640,27,43,1,2,-1,-1
6,223,946,451,31,39,1,2,-1,-1
7,3,1229,958,48,79,1,1,-1,-1
7,9,534,992,33,53,1,2,-1,-1
7,10,882,379,20,49,1,1,-1,-1
7,17,1465,117,144,68,1,4,-1,-1
7,18,1115,830,43,78,1,1,-1,-1
7,28,259,1026,43,42,1,1,-1,-1
7,42,805,852,32,76,1,1,-1,-1
7,43,961,319,43,61,1,10,-1,-1
7,44,633,712,40,85,1,1,-1,-1
7,45,1420,784,31,54,1,2,-1,-1
7,61,613,976,32,76,1,2,-1,-1
7,62,1416,596,33,46,1,2,-1,-1
7,63,1354,759,21,49,1,2,-1,-1
7,88,994,685,32,73,1,1,-1,-1
7,89,197,882,55,82,1,1,-1,-1
7,90,908,456,36,40,1,2,-1,-1
7,91,734,725,33,78,1,1,-1,-1
7,92,1543,15,14,47,1,1,-1,-1
7,93,1029,491,51,76,1,1,-1,-1
7,94,1472,29,13,43,1,1,-1,-1
7,144,899,497,33,82,1,1,-1,-1
7,145,1141,383,27,62,1,1,-1,-1
7,146,1370,78,23,29,1,2,-1,-1
7,147,1050,787,52,82,1,1,-1,-1
7,148,1047,409,23,76,1,1,-1,-1
7,220,1005,336,56,53,1,10,-1,-1
7,221,1432,25,19,43,1,1,-1,-1
7,222,1478,641,27,43,1,2,-1,-1
7,223,944,452,30,39,1,2,-1,-1
7,224,258,887,47,90,1,1,-1,-1
7,225,861,989,115,108,1,7,-1,-1
7,226,918,304,36,53,1,2,-1,-1
8,2,1099,612,58,58,1,2,-1,-1
8,3,1230,960,48,79,1,1,-1,-1
8,9,547,982,41,65,1,2,-1,-1
8,10,878,379,20,49,1,1,-1,-1
8,11,755,377,30,68,1,1,-1,-1
8,17,1462,117,144,68,1,4,-1,-1
8,18,1113,832,43,78,1,1,-1,-1
8,28,256,1026,43,42,1,1,-1,-1
8,42,801,822,45,92,1,1,-1,-1
8,43,958,320,43,61,1,10,-1,-1
8,44,630,713,39,86,1,1,-1,-1
8,45,1418,784,31,54,1,2,-1,-1
8,46,833,853,39,87,1,1,-1,-1
8,61,611,981,31,76,1,2,-1,-1
8,62,1412,595,33,46,1,2,-1,-1
8,63,1352,760,21,49,1,2,-1,-1
8,89,194,885,54,82,1,1,-1,-1
8,90,906,456,35,40,1,2,-1,-1
8,91,731,727,33,78,1,1,-1,-1
8,92,1540,14,14,47,1,1,-1,-1
8,93,1022,492,52,77,1,1,-1,-1
8,94,1470,28,13,43,1,1,-1,-1
8,95,440,447,202,166,1,5,-1,-1
8,96,588,871,48,84,1,1,-1,-1
8,144,896,498,33,82,1,1,-1,-1
8,145,1137,384,28,63,1,1,-1,-1
8,146,1367,78,23,29,1,2,-1,-1
8,147,1048,788,52,82,1,1,-1,-1
8,148,1044,411,23,76,1,1,-1,-1
8,149,635,897,52,79,1,1,-1,-1
8,220,1002,337,55,52,1,10,-1,-1
8,221,1429,24,19,43,1,1,-1,-1
8,222,1480,641,27,43,1,2,-1,-1
8,223,951,454,35,44,1,2,-1,-1
8,224,254,891,47,89,1,1,-1,-1
8,225,825,949,129,121,1,7,-1,-1
8,226,915,304,36,53,1,2,-1,-1
8,227,0,32,95,141,1,6,-1,-1
8,228,770,691,60,125,1,1,-1,-1
8,229,841,737,33,99,1,1,-1,-1
8,230,871,834,35,100,1,1,-1,-1
8,231,1472,632,43,23,1,2,-1,-1
9,2,1124,595,35,65,1,2,-1,-1
9,3,1232,961,48,79,1,1,-1,-1
9,9,534,1006,69,63,1,1,-1,-1
9,10,875,380,20,48,1,1,-1,-1
9,11,752,377,30,68,1,1,-1,-1
9,17,1459,117,144,68,1,4,-1,-1
9,18,1111,834,43,78,1,1,-1,-1
9,28,253,1027,43,41,1,1,-1,-1
9,42,798,823,44,92,1,1,-1,-1
9,43,956,321,42,61,1,10,-1,-1
9,44,632,690,46,100,1,1,-1,-1
9,45,1417,784,31,55,1,2,-1,-1
9,46,831,853,39,87,1,1,-1,-1
9,47,8,790,53,80,1,1,-1,-1
9,61,609,986,31,76,1,2,-1,-1
9,62,1409,594,33,47,1,2,-1,-1
9,63,1351,762,21,49,1,2,-1,-1
9,89,190,889,54,82,1,1,-1,-1
9,90,903,457,35,40,1,2,-1,-1
9,91,728,729,33,78,1,1,-1,-1
9,92,1537,13,14,47,1,1,-1,-1
9,93,1015,493,52,79,1,1,-1,-1
9,94,1467,28,13,43,1,1,-1,-1
9,95,441,470,180,148,1,5,-1,-1
9,96,593,876,48,84,1,1,-1,-1
9,147,1046,790,52,82,1,1,-1,-1
9,148,1055,411,22,61,1,1,-1,-1
9,149,633,901,52,79,1,1,-1,-1
9,223,938,454,31,39,1,2,-1,-1
9,224,250,894,47,89,1,1,-1,-1
9,225,827,951,129,119,1,7,-1,-1
9,226,912,305,36,53,1,2,-1,-1
9,227,0,33,89,140,1,6,-1,-1
9,228,753,722,51,107,1,1,-1,-1
9,229,838,738,34,99,1,1,-1,-1
9,230,868,835,35,100,1,1,-1,-1
9,231,1471,632,43,23,1,2,-1,-1
9,232,497,660,29,57,1,1,-1,-1
10,2,1124,605,58,60,1,2,-1,-1
10,3,1233,963,48,79,1,1,-1,-1
10,9,543,987,41,64,1,2,-1,-1
10,10,871,380,20,48,1,1,-1,-1
10,11,749,377,30,68,1,1,-1,-1
10,17,1455,117,144,68,1,4,-1,-1
10,18,1109,836,43,79,1,1,-1,-1
10,28,250,1027,43,41,1,1,-1,-1
10,44,615,706,53,118,1,1,-1,-1
10,45,1401,790,36,65,1,2,-1,-1
10,46,829,854,39,87,1,1,-1,-1
10,47,3,774,60,91,1,1,-1,-1
10,62,1407,592,33,47,1,2,-1,-1
10,63,1349,762,21,49,1,2,-1,-1
10,91,726,731,33,78,1,1,-1,-1
10,92,1534,12,14,47,1,1,-1,-1
10,93,1008,495,53,79,1,1,-1,-1
10,94,1468,27,19,45,1,1,-1,-1
10,95,438,472,180,148,1,5,-1,-1
10,96,590,878,48,84,1,1,-1,-1
10,147,1044,791,52,82,1,1,-1,-1
10,148,1052,412,22,61,1,1,-1,-1
10,149,635,914,52,78,1,1,-1,-1
10,150,811,409,21,60,1,1,-1,-1
10,223,935,454,31,39,1,2,-1,-1
10,224,245,898,48,88,1,1,-1,-1
10,225,825,954,129,116,1,7,-1,-1
10,226,909,305,36,53,1,2,-1,-1
10,227,0,35,84,139,1,6,-1,-1
10,228,751,733,43,90,1,1,-1,-1
10,229,836,740,33,99,1,1,-1,-1
10,230,866,836,35,100,1,1,-1,-1
10,231,1469,632,41,24,1,2,-1,-1
10,232,494,661,28,57,1,1,-1,-1
10,233,582,939,21,45,1,2,-1,-1
10,234,1361,78,23,29,1,2,-1,-1
10,235,1547,48,111,69,1,4,-1,-1
11,2,1121,591,36,65,1,2,-1,-1
11,3,1235,965,48,79,1,1,-1,-1
11,4,792,825,44,92,1,1,-1,-1
11,9,527,1012,69,57,1,1,-1,-1
11,10,868,381,20,48,1,1,-1,-1
11,11,747,377,30,69,1,1,-1,-1
11,17,1427,112,157,74,1,4,-1,-1
11,18,1107,838,43,79,1,1,-1,-1
11,29,183,896,54,82,1,1,-1,-1
11,45,1411,782,31,55,1,2,-1,-1
11,46,827,855,39,87,1,1,-1,-1
11,47,2,773,60,91,1,1,-1,-1
11,63,1347,762,21,49,1,2,-1,-1
11,93,1001,496,54,81,1,1,-1,-1
11,94,1463,27,13,43,1,1,-1,-1
11,95,434,473,180,148,1,5,-1,-1
11,96,587,881,48,84,1,1,-1,-1
11,97,523,986,33,65,1,2,-1,-1
11,98,605,989,31,75,1,2,-1,-1
11,147,1042,792,52,82,1,1,-1,-1
11,148,1049,413,22,61,1,1,-1,-1
11,149,639,946,48,85,1,1,-1,-1
11,150,810,411,21,60,1,1,-1,-1
11,224,241,901,48,88,1,1,-1,-1
11,225,823,957,129,113,1,7,-1,-1
11,226,906,306,36,52,1,2,-1,-1
11,227,0,41,79,137,1,6,-1,-1
11,228,749,735,43,90,1,1,-1,-1
11,229,834,742,33,99,1,1,-1,-1
11,230,863,837,35,100,1,1,-1,-1
11,231,1466,632,40,25,1,2,-1,-1
11,232,491,663,28,56,1,1,-1,-1
11,233,580,942,21,45,1,2,-1,-1
11,234,1359,78,23,29,1,2,-1,-1
11,235,1543,48,116,69,1,4,-1,-1
11,236,573,684,48,51,1,2,-1,-1
11,237,1253,740,19,53,1,2,-1,-1
12,2,1116,597,36,64,1,2,-1,-1
12,3,1235,965,47,85,1,1,-1,-1
12,4,793,850,32,76,1,1,-1,-1
12,9,524,1014,69,55,1,1,-1,-1
12,10,865,382,20,48,1,1,-1,-1
12,11,738,336,37,86,1,1,-1,-1
12,18,1106,841,43,79,1,1,-1,-1
12,29,198,922,48,87,1,1,-1,-1
12,30,435,716,40,46,1,2,-1,-1
12,31,1183,191,24,41,1,1,-1,-1
12,45,1408,782,31,55,1,2,-1,-1
12,46,825,856,39,87,1,1,-1,-1
12,47,1,773,58,91,1,1,-1,-1
12,48,683,422,40,75,1,1,-1,-1
12,63,1345,762,21,49,1,2,-1,-1
12,94,1463,24,19,45,1,1,-1,-1
12,95,431,475,180,148,1,5,-1,-1
12,96,584,883,48,84,1,1,-1,-1
12,97,517,995,31,60,1,2,-1,-1
12,98,603,991,32,74,1,2,-1,-1
12,148,1046,414,22,61,1,1,-1,-1
12,149,636,949,48,85,1,1,-1,-1
12,150,808,413,21,60,1,1,-1,-1
12,227,0,39,74,136,1,6,-1,-1
12,228,746,737,43,90,1,1,-1,-1
12,229,831,743,34,99,1,1,-1,-1
12,230,861,838,35,100,1,1,-1,-1
12,231,1464,632,38,26,1,2,-1,-1
12,232,488,665,28,56,1,1,-1,-1
12,233,578,945,21,45,1,2,-1,-1
12,234,1356,78,23,29,1,2,-1,-1
12,235,1539,48,122,69,1,4,-1,-1
12,236,569,686,48,51,1,2,-1,-1
12,237,1251,741,19,53,1,2,-1,-1
12,238,1033,418,23,76,1,1,-1,-1
12,239,1365,161,27,52,1,1,-1,-1
13,2,1113,598,36,64,1,2,-1,-1
13,3,1235,965,47,92,1,1,-1,-1
13,4,787,828,44,90,1,1,-1,-1
13,9,521,1017,69,52,1,1,-1,-1
13,10,863,383,20,48,1,1,-1,-1
13,11,742,377,30,69,1,1,-1,-1
13,18,1104,845,42,79,1,1,-1,-1
13,29,198,922,48,87,1,1,-1,-1
13,30,451,708,43,49,1,2,-1,-1
13,31,1181,191,24,40,1,1,-1,-1
13,45,1405,781,31,55,1,2,-1,-1
13,46,822,858,39,87,1,1,-1,-1
13,47,1,773,55,91,1,1,-1,-1
13,48,680,423,40,75,1,1,-1,-1
13,63,1343,762,21,49,1,2,-1,-1
13,95,428,477,180,148,1,5,-1,-1
13,96,581,886,48,84,1,1,-1,-1
13,97,515,998,31,59,1,2,-1,-1
13,98,601,993,32,73,1,2,-1,-1
13,99,1169,169,23,45,1,1,-1,-1
13,149,633,952,48,85,1,1,-1,-1
13,150,807,416,21,60,1,1,-1,-1
13,151,1467,745,26,69,1,2,-1,-1
13,232,486,668,28,56,1,1,-1,-1
13,233,576,947,21,45,1,2,-1,-1
13,234,1353,78,23,29,1,2,-1,-1
13,235,1536,48,127,69,1,4,-1,-1
13,236,566,688,48,51,1,2,-1,-1
13,237,1250,743,19,53,1,2,-1,-1
13,238,1031,420,23,76,1,1,-1,-1
13,239,1362,161,27,52,1,1,-1,-1
13,240,34,768,55,84,1,1,-1,-1
13,241,1524,10,15,47,1,1,-1,-1
14,2,1087,615,53,57,1,2,-1,-1
14,3,1235,965,47,99,1,1,-1,-1
14,4,788,855,32,76,1,1,-1,-1
14,10,861,385,20,48,1,1,-1,-1
14,11,739,377,30,69,1,1,-1,-1
14,18,1102,850,42,79,1,1,-1,-1
14,19,858,422,26,54,1,1,-1,-1
14,29,198,922,48,87,1,1,-1,-1
14,30,448,711,43,49,1,2,-1,-1
14,31,1179,190,24,40,1,1,-1,-1
14,45,1402,780,31,55,1,2,-1,-1
14,46,834,847,39,88,1,1,-1,-1
14,47,1,773,52,91,1,1,-1,-1
14,48,677,424,39,75,1,1,-1,-1
14,49,1455,25,13,43,1,1,-1,-1
14,63,1341,763,21,49,1,2,-1,-1
14,95,425,479,180,148,1,5,-1,-1
14,96,578,888,48,84,1,1,-1,-1
14,97,513,1001,31,58,1,2,-1,-1
14,98,599,995,32,72,1,2,-1,-1
14,99,1164,170,23,45,1,1,-1,-1
14,150,805,418,22,61,1,1,-1,-1
14,151,1465,745,26,69,1,2,-1,-1
14,152,1459,632,36,28,1,2,-1,-1
14,233,573,950,21,45,1,2,-1,-1
14,234,1350,78,23,29,1,2,-1,-1
14,235,1532,47,124,69,1,4,-1,-1
14,236,566,699,43,46,1,2,-1,-1
14,237,1249,745,19,53,1,2,-1,-1
14,238,1028,421,23,76,1,1,-1,-1
14,239,1360,160,27,52,1,1,-1,-1
14,240,25,753,65,99,1,1,-1,-1
14,241,1521,9,15,47,1,1,-1,-1
14,242,1411,957,56,88,1,1,-1,-1
15,2,1108,599,36,64,1,2,-1,-1
15,3,1233,968,47,96,1,1,-1,-1
15,4,783,832,44,87,1,1,-1,-1
15,10,859,386,20,48,1,1,-1,-1
15,11,737,378,30,69,1,1,-1,-1
15,18,1100,854,42,80,1,1,-1,-1
15,19,864,411,27,56,1,1,-1,-1
15,29,198,922,48,87,1,1,-1,-1
15,30,445,713,43,49,1,2,-1,-1
15,31,1180,172,26,49,1,1,-1,-1
15,45,1400,780,31,55,1,2,-1,-1
15,46,843,854,38,106,1,1,-1,-1
15,47,1,773,50,91,1,1,-1,-1
15,48,674,425,39,76,1,1,-1,-1
15,49,1453,24,13,43,1,1,-1,-1
15,64,948,681,37,81,1,1,-1,-1
15,97,511,1004,31,57,1,2,-1,-1
15,98,589,1004,28,62,1,2,-1,-1
15,99,1160,172,23,44,1,1,-1,-1
15,150,804,421,22,61,1,1,-1,-1
15,151,1463,746,27,69,1,2,-1,-1
15,152,1457,632,34,29,1,2,-1,-1
15,153,712,741,33,78,1,1,-1,-1
15,154,773,892,48,87,1,1,-1,-1
15,236,560,692,48,51,1,2,-1,-1
15,237,1248,732,17,48,1,2,-1,-1
15,238,1025,423,23,76,1,1,-1,-1
15,239,1357,160,27,52,1,1,-1,-1
15,240,27,773,55,84,1,1,-1,-1
15,241,1518,8,15,47,1,1,-1,-1
15,242,1411,956,56,88,1,1,-1,-1
15,243,745,537,32,47,1,1,-1,-1
15,244,979,342,55,52,1,10,-1,-1
16,2,1106,600,36,64,1,2,-1,-1
16,3,1232,971,47,94,1,1,-1,-1
16,4,783,839,46,90,1,1,-1,-1
16,10,857,388,20,48,1,1,-1,-1
16,11,736,378,30,69,1,1,-1,-1
16,18,1098,859,42,80,1,1,-1,-1
16,19,861,411,27,56,1,1,-1,-1
16,20,775,470,39,52,1,2,-1,-1
16,29,198,922,48,87,1,1,-1,-1
16,30,441,733,43,49,1,2,-1,-1
16,31,1175,161,23,48,1,1,-1,-1
16,32,78,817,53,79,1,1,-1,-1
16,46,854,847,36,98,1,1,-1,-1
16,47,0,729,56,107,1,1,-1,-1
16,48,671,426,39,76,1,1,-1,-1
16,49,1451,24,13,43,1,1,-1,-1
16,64,946,682,37,81,1,1,-1,-1
16,97,509,1007,31,56,1,2,-1,-1
16,98,594,999,32,70,1,2,-1,-1
16,99,1155,173,23,44,1,1,-1,-1
16,100,625,962,48,85,1,1,-1,-1
16,151,1461,747,27,69,1,2,-1,-1
16,152,1455,632,32,30,1,2,-1,-1
16,153,710,743,33,78,1,1,-1,-1
16,154,770,893,48,87,1,1,-1,-1
16,238,1022,425,23,76,1,1,-1,-1
16,239,1355,160,27,52,1,1,-1,-1
16,240,24,776,55,84,1,1,-1,-1
16,241,1523,18,15,49,1,1,-1,-1
16,242,1412,955,56,88,1,1,-1,-1
16,243,742,537,32,47,1,1,-1,-1
16,244,976,343,55,52,1,10,-1,-1
16,245,837,389,31,74,1,1,-1,-1
16,246,847,556,25,76,1,1,-1,-1
17,2,1082,618,51,56,1,2,-1,-1
17,3,1230,975,47,90,1,1,-1,-1
17,4,779,837,44,83,1,1,-1,-1
17,11,735,378,30,69,1,1,-1,-1
17,19,859,412,27,56,1,1,-1,-1
17,20,772,471,39,52,1,2,-1,-1
17,29,192,929,48,87,1,1,-1,-1
17,30,439,718,43,49,1,2,-1,-1
17,31,1170,163,24,47,1,1,-1,-1
17,32,78,841,61,91,1,1,-1,-1
17,47,0,773,45,91,1,1,-1,-1
17,48,669,427,39,76,1,1,-1,-1
17,49,1447,23,14,43,1,1,-1,-1
17,64,945,683,37,81,1,1,-1,-1
17,97,507,1010,31,55,1,2,-1,-1
17,98,591,1002,32,67,1,2,-1,-1
17,99,1151,174,22,44,1,1,-1,-1
17,100,623,965,48,85,1,1,-1,-1
17,151,1460,748,27,69,1,2,-1,-1
17,152,1453,632,30,31,1,2,-1,-1
17,153,707,745,33,78,1,1,-1,-1
17,154,775,879,55,99,1,1,-1,-1
17,155,1326,678,46,59,1,2,-1,-1
17,156,1382,9,17,45,1,1,-1,-1
17,157,1513,7,15,47,1,1,-1,-1
17,240,21,779,55,84,1,1,-1,-1
17,241,1521,17,15,49,1,1,-1,-1
17,242,1412,954,56,88,1,1,-1,-1
17,243,745,523,38,58,1,1,-1,-1
17,244,973,344,55,52,1,10,-1,-1
17,245,831,405,28,68,1,1,-1,-1
17,246,845,558,25,75,1,1,-1,-1
17,247,248,855,123,85,1,10,-1,-1
17,248,890,690,45,91,1,1,-1,-1
17,249,970,511,47,82,1,1,-1,-1
18,2,1080,620,51,56,1,2,-1,-1
18,3,1229,978,47,88,1,1,-1,-1
18,4,778,839,43,82,1,1,-1,-1
18,11,734,379,30,69,1,1,-1,-1
18,12,1120,543,35,60,1,1,-1,-1
18,19,857,412,27,57,1,1,-1,-1
18,20,769,472,39,52,1,2,-1,-1
18,29,187,936,48,87,1,1,-1,-1
18,30,436,720,43,49,1,2,-1,-1
18,31,1166,164,23,48,1,1,-1,-1
18,32,74,844,62,91,1,1,-1,-1
18,48,667,429,39,76,1,1,-1,-1
18,49,1444,23,15,43,1,1,-1,-1
18,64,943,683,37,81,1,1,-1,-1
18,99,1146,175,23,44,1,1,-1,-1
18,100,621,968,48,85,1,1,-1,-1
18,151,1458,749,27,69,1,2,-1,-1
18,152,1450,632,29,32,1,2,-1,-1
18,153,704,747,33,78,1,1,-1,-1
18,154,764,895,48,87,1,1,-1,-1
18,155,1346,689,41,53,1,2,-1,-1
18,156,1380,8,17,45,1,1,-1,-1
18,157,1511,7,15,47,1,1,-1,-1
18,242,1413,953,56,88,1,1,-1,-1
18,243,738,537,32,48,1,1,-1,-1
18,244,971,344,55,52,1,10,-1,-1
18,245,829,405,28,68,1,1,-1,-1
18,246,842,560,25,75,1,1,-1,-1
18,247,246,855,123,84,1,10,-1,-1
18,248,900,699,47,96,1,1,-1,-1
18,249,965,514,46,82,1,1,-1,-1
19,2,1078,622,51,56,1,2,-1,-1
19,3,1227,982,47,84,1,1,-1,-1
19,4,776,841,43,80,1,1,-1,-1
19,11,733,379,30,69,1,1,-1,-1
19,12,1118,545,35,60,1,1,-1,-1
19,19,855,412,28,58,1,1,-1,-1
19,20,766,473,39,52,1,2,-1,-1
19,29,181,943,49,87,1,1,-1,-1
19,30,433,723,43,49,1,2,-1,-1
19,31,1162,165,23,48,1,1,-1,-1
19,32,70,848,63,90,1,1,-1,-1
19,33,1170,187,24,40,1,1,-1,-1
19,48,664,430,39,76,1,1,-1,-1
19,49,1441,20,19,45,1,1,-1,-1
19,64,945,672,37,81,1,1,-1,-1
19,65,1317,69,12,31,1,2,-1,-1
19,99,1141,176,23,44,1,1,-1,-1
19,100,619,971,48,85,1,1,-1,-1
19,101,1100,604,36,64,1,2,-1,-1
19,102,1284,600,23,43,1,2,-1,-1
19,152,1448,632,27,33,1,2,-1,-1
19,153,702,749,33,78,1,1,-1,-1
19,154,761,896,48,87,1,1,-1,-1
19,155,1356,674,35,45,1,2,-1,-1
19,156,1378,8,17,45,1,1,-1,-1
19,157,1509,6,15,47,1,1,-1,-1
19,158,15,783,55,84,1,1,-1,-1
19,243,736,538,32,48,1,1,-1,-1
19,244,969,345,55,52,1,10,-1,-1
19,245,827,406,28,68,1,1,-1,-1
19,246,840,561,25,75,1,1,-1,-1
19,247,248,879,126,86,1,10,-1,-1
19,248,883,695,45,91,1,1,-1,-1
19,249,960,517,45,82,1,1,-1,-1
19,250,609,923,52,80,1,1,-1,-1
19,251,911,462,32,39,1,2,-1,-1
19,252,928,328,37,60,1,10,-1,-1
19,253,591,937,21,51,1,2,-1,-1
20,2,1076,624,51,56,1,2,-1,-1
20,4,774,844,44,78,1,1,-1,-1
20,11,732,379,30,69,1,1,-1,-1
20,12,1117,546,35,60,1,1,-1,-1
20,19,854,413,28,58,1,1,-1,-1
20,20,764,475,39,52,1,2,-1,-1
20,29,176,950,48,87,1,1,-1,-1
20,30,430,725,43,49,1,2,-1,-1
20,31,1155,181,32,53,1,1,-1,-1
20,32,66,851,64,91,1,1,-1,-1
20,33,1168,186,24,40,1,1,-1,-1
20,48,662,431,39,76,1,1,-1,-1
20,49,1438,21,19,45,1,1,-1,-1
20,64,940,685,37,81,1,1,-1,-1
20,65,1313,70,13,31,1,2,-1,-1
20,100,617,974,48,85,1,1,-1,-1
20,101,1099,605,36,64,1,2,-1,-1
20,102,1281,602,23,43,1,2,-1,-1
20,103,805,984,129,85,1,7,-1,-1
20,153,699,751,33,78,1,1,-1,-1
20,154,758,898,48,87,1,1,-1,-1
20,155,1355,674,35,45,1,2,-1,-1
20,156,1375,7,17,45,1,1,-1,-1
20,157,1507,6,15,47,1,1,-1,-1
20,158,13,784,55,84,1,1,-1,-1
20,159,1620,924,72,68,1,2,-1,-1
20,245,825,407,28,68,1,1,-1,-1
20,246,837,563,25,75,1,1,-1,-1
20,247,240,862,123,84,1,10,-1,-1
20,248,880,697,45,91,1,1,-1,-1
20,249,945,539,42,79,1,1,-1,-1
20,250,606,927,52,80,1,1,-1,-1
20,251,909,463,32,39,1,2,-1,-1
20,252,925,329,37,60,1,10,-1,-1
20,253,589,940,21,51,1,2,-1,-1
21,2,1074,625,51,56,1,2,-1,-1
21,4,772,846,44,76,1,1,-1,-1
21,12,1115,548,35,60,1,1,-1,-1
21,19,852,413,28,59,1,1,-1,-1
21,20,762,476,38,52,1,2,-1,-1
21,21,872,468,36,40,1,2,-1,-1
21,22,1368,970,106,60,1,3,-1,-1
21,30,427,727,43,49,1,2,-1,-1
21,31,1153,168,23,48,1,1,-1,-1
21,32,62,855,65,90,1,1,-1,-1
21,33,1166,185,24,40,1,1,-1,-1
21,34,1006,668,45,78,1,1,-1,-1
21,49,1433,18,19,45,1,1,-1,-1
21,64,939,686,37,81,1,1,-1,-1
21,65,1309,70,13,31,1,2,-1,-1
21,100,615,977,48,85,1,1,-1,-1
21,101,1097,607,36,64,1,2,-1,-1
21,102,1279,603,23,43,1,2,-1,-1
21,103,804,987,129,82,1,7,-1,-1
21,155,1353,675,35,45,1,2,-1,-1
21,156,1373,6,17,45,1,1,-1,-1
21,157,1504,5,15,47,1,1,-1,-1
21,158,11,785,55,84,1,1,-1,-1
21,159,1629,925,88,83,1,2,-1,-1
21,247,237,866,123,84,1,10,-1,-1
21,248,876,699,45,91,1,1,-1,-1
21,249,951,523,42,82,1,1,-1,-1
21,250,603,930,52,80,1,1,-1,-1
21,251,907,464,32,40,1,2,-1,-1
21,252,922,329,37,60,1,10,-1,-1
21,253,586,943,21,51,1,2,-1,-1
21,254,69,685,217,187,1,8,-1,-1
21,255,728,541,32,48,1,1,-1,-1
22,2,1073,627,51,56,1,2,-1,-1
22,4,752,856,54,93,1,1,-1,-1
22,12,1113,550,35,60,1,1,-1,-1
22,19,856,410,34,70,1,1,-1,-1
22,20,760,477,37,52,1,2,-1,-1
22,21,871,470,36,39,1,2,-1,-1
22,22,1366,972,107,59,1,3,-1,-1
22,32,58,858,66,90,1,1,-1,-1
22,33,1165,185,24,40,1,1,-1,-1
22,34,1004,669,45,78,1,1,-1,-1
22,49,1429,16,19,45,1,1,-1,-1
22,50,844,396,20,48,1,1,-1,-1
22,64,942,687,29,69,1,1,-1,-1
22,65,1305,70,14,31,1,2,-1,-1
22,100,613,981,48,84,1,1,-1,-1
22,101,1095,608,36,64,1,2,-1,-1
22,102,1277,604,23,43,1,2,-1,-1
22,103,803,990,129,79,1,7,-1,-1
22,155,1352,675,35,45,1,2,-1,-1
22,156,1371,6,17,45,1,1,-1,-1
22,157,1508,13,15,49,1,1,-1,-1
22,158,9,787,55,84,1,1,-1,-1
22,159,1618,926,72,68,1,2,-1,-1
22,160,284,653,104,98,1,7,-1,-1
22,161,1443,627,47,50,1,2,-1,-1
22,250,600,934,52,80,1,1,-1,-1
22,251,905,466,32,39,1,2,-1,-1
22,252,919,330,37,60,1,10,-1,-1
22,253,583,946,21,51,1,2,-1,-1
22,254,65,688,217,187,1,8,-1,-1
22,255,724,542,32,48,1,1,-1,-1
22,256,537,706,48,51,1,2,-1,-1
23,2,1071,629,51,56,1,2,-1,-1
23,4,749,901,48,87,1,1,-1,-1
23,12,1111,551,35,60,1,1,-1,-1
23,19,849,414,29,60,1,1,-1,-1
23,20,758,478,37,52,1,2,-1,-1
23,21,870,471,35,39,1,2,-1,-1
23,22,1365,973,107,60,1,3,-1,-1
23,32,55,862,67,90,1,1,-1,-1
23,33,1162,184,23,40,1,1,-1,-1
23,34,981,659,49,84,1,1,-1,-1
23,50,842,398,20,48,1,1,-1,-1
23,65,1301,70,15,31,1,2,-1,-1
23,66,1164,630,63,45,1,2,-1,-1
23,101,1093,610,36,64,1,2,-1,-1
23,102,1276,605,23,43,1,2,-1,-1
23,103,802,993,129,76,1,7,-1,-1
23,104,1404,959,63,88,1,1,-1,-1
23,158,7,788,55,84,1,1,-1,-1
23,159,1623,930,67,64,1,2,-1,-1
23,160,280,656,105,98,1,7,-1,-1
23,161,1469,636,27,43,1,2,-1,-1
23,250,597,938,52,80,1,1,-1,-1
23,251,903,467,32,39,1,2,-1,-1
23,252,909,332,36,59,1,10,-1,-1
23,253,590,944,17,42,1,2,-1,-1
23,254,61,691,217,187,1,8,-1,-1
23,255,721,544,32,48,1,1,-1,-1
23,256,534,708,48,51,1,2,-1,-1
23,257,1147,185,26,50,1,1,-1,-1
23,258,1437,634,27,39,1,2,-1,-1
24,2,1069,631,51,56,1,2,-1,-1
24,4,766,880,32,76,1,1,-1,-1
24,12,1110,553,35,60,1,1,-1,-1
24,13,932,691,37,81,1,1,-1,-1
24,19,847,414,29,61,1,1,-1,-1
24,20,756,479,36,52,1,2,-1,-1
24,21,868,473,36,39,1,2,-1,-1
24,22,1364,975,107,60,1,3,-1,-1
24,32,49,866,67,90,1,1,-1,-1
24,33,1159,184,23,40,1,1,-1,-1
24,34,977,690,55,95,1,1,-1,-1
24,50,840,399,20,48,1,1,-1,-1
24,65,1297,70,16,31,1,2,-1,-1
24,66,1162,631,63,45,1,2,-1,-1
24,101,1092,611,36,64,1,2,-1,-1
24,102,1274,606,23,43,1,2,-1,-1
24,103,801,995,129,74,1,7,-1,-1
24,104,1402,960,64,88,1,1,-1,-1
24,158,5,789,55,84,1,1,-1,-1
24,159,1615,929,72,68,1,2,-1,-1
24,160,277,658,104,99,1,7,-1,-1
24,161,1467,635,27,43,1,2,-1,-1
24,162,1381,792,31,55,1,2,-1,-1
24,254,57,693,217,188,1,8,-1,-1
24,255,717,545,32,48,1,1,-1,-1
24,256,531,710,48,52,1,2,-1,-1
24,257,1139,173,24,48,1,1,-1,-1
24,258,1436,635,27,39,1,2,-1,-1
24,259,575,449,104,96,1,7,-1,-1
24,260,841,774,33,88,1,1,-1,-1
24,261,961,696,31,73,1,1,-1,-1
25,2,1067,633,51,56,1,2,-1,-1
25,4,765,855,43,69,1,1,-1,-1
25,12,1108,555,35,60,1,1,-1,-1
25,13,930,693,37,81,1,1,-1,-1
25,20,754,481,36,51,1,2,-1,-1
25,21,867,474,36,39,1,2,-1,-1
25,22,1362,977,108,59,1,3,-1,-1
25,32,43,870,67,90,1,1,-1,-1
25,33,1156,184,23,39,1,1,-1,-1
25,34,998,673,45,78,1,1,-1,-1
25,50,838,401,20,48,1,1,-1,-1
25,65,1293,70,17,31,1,2,-1,-1
25,66,1160,631,63,45,1,2,-1,-1
25,67,122,953,54,82,1,1,-1,-1
25,101,1090,613,36,64,1,2,-1,-1
25,102,1273,608,23,43,1,2,-1,-1
25,103,800,998,129,71,1,7,-1,-1
25,104,1401,962,65,88,1,1,-1,-1
25,159,1614,930,72,68,1,2,-1,-1
25,160,273,661,105,98,1,7,-1,-1
25,161,1466,634,27,44,1,2,-1,-1
25,162,1380,785,31,55,1,2,-1,-1
25,163,1448,756,27,69,1,2,-1,-1
25,254,53,696,217,188,1,8,-1,-1
25,255,713,546,32,49,1,1,-1,-1
25,256,529,712,48,52,1,2,-1,-1
25,257,1134,175,24,48,1,1,-1,-1
25,258,1435,637,27,39,1,2,-1,-1
25,259,561,444,87,81,1,7,-1,-1
25,260,840,776,33,88,1,1,-1,-1
25,261,960,697,30,73,1,1,-1,-1
25,262,1135,908,51,54,1,2,-1,-1
25,263,1396,624,21,41,1,2,-1,-1
26,12,1106,556,35,60,1,1,-1,-1
26,13,928,695,36,81,1,1,-1,-1
26,20,752,482,35,51,1,2,-1,-1
26,21,866,476,35,38,1,2,-1,-1
26,22,1361,979,108,59,1,3,-1,-1
26,33,1153,183,23,40,1,1,-1,-1
26,34,996,674,45,78,1,1,-1,-1
26,50,836,402,20,48,1,1,-1,-1
26,65,1289,70,18,31,1,2,-1,-1
26,66,1158,632,63,45,1,2,-1,-1
26,67,117,957,54,82,1,1,-1,-1
26,68,60,-4,193,112,1,6,-1,-1
26,103,799,1001,129,68,1,7,-1,-1
26,104,1399,963,66,88,1,1,-1,-1
26,160,270,663,104,99,1,7,-1,-1
26,161,1465,633,27,44,1,2,-1,-1
26,162,1380,779,31,55,1,2,-1,-1
26,163,1447,758,27,69,1,2,-1,-1
26,256,528,715,48,52,1,2,-1,-1
26,257,1129,176,25,49,1,1,-1,-1
26,258,1434,638,27,39,1,2,-1,-1
26,259,571,451,104,96,1,7,-1,-1
26,260,839,779,33,88,1,1,-1,-1
26,261,958,698,30,73,1,1,-1,-1
26,262,1135,911,51,54,1,2,-1,-1
26,263,1391,624,21,41,1,2,-1,-1
26,264,583,754,40,88,1,1,-1,-1
26,265,844,415,30,62,1,1,-1,-1
27,12,1105,558,35,60,1,1,-1,-1
27,13,936,729,31,73,1,1,-1,-1
27,21,864,477,36,38,1,2,-1,-1
27,22,1360,980,108,60,1,3,-1,-1
27,33,1150,183,23,39,1,1,-1,-1
27,34,995,676,45,78,1,1,-1,-1
27,50,834,404,20,48,1,1,-1,-1
27,66,1155,633,63,45,1,2,-1,-1
27,67,138,964,48,77,1,1,-1,-1
27,68,57,3,184,108,1,6,-1,-1
27,69,601,994,48,73,1,1,-1,-1
27,70,837,233,124,81,1,4,-1,-1
27,104,1397,964,68,88,1,1,-1,-1
27,105,1063,636,51,56,1,2,-1,-1
27,160,266,666,105,99,1,7,-1,-1
27,161,1464,632,27,45,1,2,-1,-1
27,162,1379,781,31,55,1,2,-1,-1
27,163,1446,760,27,69,1,2,-1,-1
27,257,1124,178,25,49,1,1,-1,-1
27,258,1433,640,27,39,1,2,-1,-1
27,259,584,423,84,77,1,7,-1,-1
27,260,838,782,33,88,1,1,-1,-1
27,261,956,699,31,73,1,1,-1,-1
27,262,1134,913,51,54,1,2,-1,-1
27,263,1386,624,21,41,1,2,-1,-1
27,264,585,767,44,94,1,1,-1,-1
27,265,842,415,30,63,1,1,-1,-1
28,12,1103,560,35,60,1,1,-1,-1
28,13,923,699,37,81,1,1,-1,-1
28,14,764,307,94,82,1,4,-1,-1
28,21,863,479,36,38,1,2,-1,-1
28,22,1358,982,109,59,1,3,-1,-1
28,33,1147,183,23,39,1,1,-1,-1
28,34,993,677,45,78,1,1,-1,-1
28,50,831,405,20,48,1,1,-1,-1
28,66,1153,634,63,45,1,2,-1,-1
28,67,138,988,49,76,1,1,-1,-1
28,68,55,3,184,108,1,6,-1,-1
28,69,599,997,48,70,1,1,-1,-1
28,70,835,233,124,81,1,4,-1,-1
28,71,734,907,48,87,1,1,-1,-1
28,104,1396,966,69,88,1,1,-1,-1
28,105,1062,638,51,56,1,2,-1,-1
28,106,1214,843,58,108,1,2,-1,-1
28,107,1298,153,27,55,1,1,-1,-1
28,162,1378,783,31,55,1,2,-1,-1
28,163,1446,763,27,69,1,2,-1,-1
28,164,1353,6,17,45,1,1,-1,-1
28,165,1409,27,19,43,1,1,-1,-1
28,259,568,454,104,96,1,7,-1,-1
28,260,836,784,33,88,1,1,-1,-1
28,261,954,700,31,73,1,1,-1,-1
28,262,1133,915,51,54,1,2,-1,-1
28,263,1381,624,21,41,1,2,-1,-1
28,264,576,758,42,88,1,1,-1,-1
28,265,840,415,31,64,1,1,-1,-1
28,266,525,720,48,52,1,2,-1,-1
28,267,1008,448,21,60,1,1,-1,-1
28,268,1061,422,27,65,1,1,-1,-1
28,269,1402,119,144,68,1,4,-1,-1
28,270,763,410,28,40,1,2,-1,-1
29,12,1101,561,35,60,1,1,-1,-1
29,13,921,701,37,81,1,1,-1,-1
29,14,736,283,112,98,1,4,-1,-1
29,21,862,480,35,38,1,2,-1,-1
29,22,1357,984,109,59,1,3,-1,-1
29,34,991,678,45,78,1,1,-1,-1
29,50,829,406,20,48,1,1,-1,-1
29,51,1487,2,15,47,1,1,-1,-1
29,66,1151,634,63,45,1,2,-1,-1
29,67,134,992,49,74,1,1,-1,-1
29,68,53,4,184,108,1,6,-1,-1
29,69,597,999,48,69,1,1,-1,-1
29,70,833,234,124,81,1,4,-1,-1
29,71,732,908,48,87,1,1,-1,-1
29,104,1394,968,69,88,1,1,-1,-1
29,105,1060,640,51,56,1,2,-1,-1
29,106,1213,846,58,107,1,2,-1,-1
29,107,1296,152,27,55,1,1,-1,-1
29,162,1377,786,31,55,1,2,-1,-1
29,163,1445,766,27,69,1,2,-1,-1
29,164,1352,6,17,45,1,1,-1,-1
29,165,1407,27,19,43,1,1,-1,-1
29,166,725,383,30,69,1,1,-1,-1
29,262,1133,918,51,54,1,2,-1,-1
29,263,1377,624,21,41,1,2,-1,-1
29,264,573,760,42,88,1,1,-1,-1
29,265,839,428,28,57,1,1,-1,-1
29,266,523,723,48,52,1,2,-1,-1
29,267,1006,450,21,60,1,1,-1,-1
29,268,1057,424,27,65,1,1,-1,-1
29,269,1401,120,144,68,1,4,-1,-1
29,270,761,411,28,40,1,2,-1,-1
29,271,1299,78,23,29,1,2,-1,-1
30,13,919,703,36,81,1,1,-1,-1
30,14,735,284,112,99,1,4,-1,-1
30,21,860,482,36,37,1,2,-1,-1
30,22,1356,986,109,59,1,3,-1,-1
30,34,989,680,45,78,1,1,-1,-1
30,50,827,408,20,48,1,1,-1,-1
30,51,1486,2,15,47,1,1,-1,-1
30,66,1149,635,63,45,1,2,-1,-1
30,67,130,996,49,73,1,1,-1,-1
30,68,52,5,183,108,1,6,-1,-1
30,69,582,971,52,80,1,1,-1,-1
30,70,831,235,124,81,1,4,-1,-1
30,71,738,893,40,90,1,1,-1,-1
30,72,915,561,42,82,1,1,-1,-1
30,105,1058,641,51,56,1,2,-1,-1
30,106,1213,849,58,106,1,2,-1,-1
30,107,1294,152,27,55,1,1,-1,-1
30,163,1445,768,27,69,1,2,-1,-1
30,164,1351,6,17,45,1,1,-1,-1
30,165,1405,26,19,43,1,1,-1,-1
30,166,724,383,30,69,1,1,-1,-1
30,167,613,521,47,43,1,2,-1,-1
30,168,909,482,24,58,1,2,-1,-1
30,264,570,763,43,87,1,1,-1,-1
30,265,837,416,31,65,1,1,-1,-1
30,266,522,725,48,52,1,2,-1,-1
30,267,1004,453,21,60,1,1,-1,-1
30,268,1054,426,27,65,1,1,-1,-1
30,269,1400,121,144,68,1,4,-1,-1
30,270,761,394,31,44,1,2,-1,-1
30,271,1298,78,23,29,1,2,-1,-1
30,272,726,847,39,100,1,1,-1,-1
30,273,895,528,25,64,1,1,-1,-1
31,13,917,705,36,81,1,1,-1,-1
31,14,734,285,112,99,1,4,-1,-1
31,21,859,483,35,37,1,2,-1,-1
31,22,1355,988,110,59,1,3,-1,-1
31,51,1484,2,15,47,1,1,-1,-1
31,67,129,993,41,61,1,1,-1,-1
31,68,20,21,229,134,1,6,-1,-1
31,69,580,976,52,80,1,1,-1,-1
31,70,829,235,124,81,1,4,-1,-1
31,71,728,911,48,87,1,1,-1,-1
31,72,911,565,42,82,1,1,-1,-1
31,105,1080,621,36,64,1,2,-1,-1
31,106,1212,851,58,105,1,2,-1,-1
31,107,1292,152,27,55,1,1,-1,-1
31,108,1542,725,35,41,1,2,-1,-1
31,164,1350,6,17,45,1,1,-1,-1
31,165,1409,12,16,45,1,1,-1,-1
31,166,724,384,30,69,1,1,-1,-1
31,167,621,516,46,42,1,2,-1,-1
31,168,907,483,24,59,1,2,-1,-1
31,266,520,728,48,52,1,2,-1,-1
31,267,1003,456,21,60,1,1,-1,-1
31,268,1051,428,29,65,1,1,-1,-1
31,269,1399,121,144,68,1,4,-1,-1
31,270,760,393,36,51,1,2,-1,-1
31,271,1296,78,23,29,1,2,-1,-1
31,272,726,847,39,99,1,1,-1,-1
31,273,893,530,25,64,1,1,-1,-1
31,274,253,677,105,100,1,7,-1,-1
31,275,457,715,28,56,1,1,-1,-1
32,13,915,707,36,81,1,1,-1,-1
32,14,742,283,106,94,1,4,-1,-1
32,23,982,480,28,75,1,1,-1,-1
32,51,1483,2,15,47,1,1,-1,-1
32,67,125,1002,49,67,1,1,-1,-1
32,68,48,6,183,108,1,6,-1,-1
32,69,578,979,52,78,1,1,-1,-1
32,70,827,236,124,81,1,4,-1,-1
32,71,727,913,48,87,1,1,-1,-1
32,72,907,569,42,82,1,1,-1,-1
32,105,1078,623,36,64,1,2,-1,-1
32,106,1211,854,58,104,1,2,-1,-1
32,107,1292,151,27,55,1,1,-1,-1
32,108,1541,728,35,41,1,2,-1,-1
32,164,1349,6,17,45,1,1,-1,-1
32,165,1400,15,18,41,1,1,-1,-1
32,166,723,384,30,69,1,1,-1,-1
32,167,618,517,46,42,1,2,-1,-1
32,168,895,474,40,50,1,2,-1,-1
32,266,519,731,48,52,1,2,-1,-1
32,267,1002,459,22,60,1,1,-1,-1
32,268,1049,431,30,65,1,1,-1,-1
32,269,1398,122,144,68,1,4,-1,-1
32,270,753,411,35,50,1,2,-1,-1
32,271,1295,78,23,29,1,2,-1,-1
32,272,725,846,40,100,1,1,-1,-1
32,273,891,531,25,64,1,1,-1,-1
32,274,251,679,105,101,1,7,-1,-1
32,275,456,717,28,56,1,1,-1,-1
32,276,787,618,30,43,1,1,-1,-1
32,277,1332,859,35,49,1,2,-1,-1
33,13,913,709,36,81,1,1,-1,-1
33,14,732,287,112,100,1,4,-1,-1
33,23,981,465,29,76,1,1,-1,-1
33,51,1489,5,15,49,1,1,-1,-1
33,68,47,7,183,108,1,6,-1,-1
33,69,576,982,52,76,1,1,-1,-1
33,70,825,236,124,81,1,4,-1,-1
33,71,723,931,41,74,1,1,-1,-1
33,72,903,573,42,82,1,1,-1,-1
33,73,778,906,40,89,1,1,-1,-1
33,74,831,887,37,95,1,1,-1,-1
33,105,1076,624,36,64,1,2,-1,-1
33,106,1210,857,58,103,1,2,-1,-1
33,107,1292,151,27,55,1,1,-1,-1
33,108,1540,731,35,41,1,2,-1,-1
33,109,1224,780,19,53,1,2,-1,-1
33,164,1349,5,17,45,1,1,-1,-1
33,165,1408,11,15,45,1,1,-1,-1
33,166,722,384,30,69,1,1,-1,-1
33,167,616,519,46,42,1,2,-1,-1
33,168,903,486,24,59,1,2,-1,-1
33,169,538,941,47,83,1,1,-1,-1
33,271,1295,78,23,29,1,2,-1,-1
33,272,725,846,40,100,1,1,-1,-1
33,273,889,533,25,64,1,1,-1,-1
33,274,287,682,118,115,1,7,-1,-1
33,275,455,719,28,56,1,1,-1,-1
33,276,786,619,30,43,1,1,-1,-1
33,277,1330,859,35,49,1,2,-1,-1
33,278,1160,187,28,46,1,1,-1,-1
33,279,1278,68,19,31,1,2,-1,-1
34,13,912,711,36,81,1,1,-1,-1
34,14,731,288,111,100,1,4,-1,-1
34,23,981,468,28,76,1,1,-1,-1
34,51,1489,5,15,49,1,1,-1,-1
34,69,574,986,52,73,1,1,-1,-1
34,70,823,237,124,81,1,4,-1,-1
34,71,723,916,48,87,1,1,-1,-1
34,72,900,578,42,82,1,1,-1,-1
34,73,777,909,41,89,1,1,-1,-1
34,74,830,890,37,95,1,1,-1,-1
34,106,1210,859,58,103,1,2,-1,-1
34,107,1292,150,27,56,1,1,-1,-1
34,108,1539,733,35,41,1,2,-1,-1
34,109,1222,782,19,53,1,2,-1,-1
34,166,721,385,30,69,1,1,-1,-1
34,167,613,520,46,42,1,2,-1,-1
34,168,901,487,24,60,1,2,-1,-1
34,169,536,945,47,83,1,1,-1,-1
34,272,725,846,39,99,1,1,-1,-1
34,273,888,535,25,64,1,1,-1,-1
34,274,239,673,114,113,1,7,-1,-1
34,275,454,721,28,56,1,1,-1,-1
34,276,785,621,30,43,1,1,-1,-1
34,277,1329,859,35,49,1,2,-1,-1
34,278,1162,166,22,52,1,1,-1,-1
34,279,1278,69,19,31,1,2,-1,-1
34,280,1106,194,24,48,1,1,-1,-1
34,281,685,784,30,73,1,1,-1,-1
34,282,1051,649,51,56,1,2,-1,-1
35,13,912,713,36,81,1,1,-1,-1
35,14,730,289,111,100,1,4,-1,-1
35,23,983,482,26,66,1,1,-1,-1
35,51,1482,1,15,47,1,1,-1,-1
35,52,397,763,44,49,1,2,-1,-1
35,71,721,918,48,87,1,1,-1,-1
35,72,896,582,42,82,1,1,-1,-1
35,73,776,911,41,90,1,1,-1,-1
35,74,829,893,37,95,1,1,-1,-1
35,108,1538,736,35,41,1,2,-1,-1
35,109,1221,784,19,53,1,2,-1,-1
35,110,1000,469,23,59,1,1,-1,-1
35,111,790,795,33,99,1,1,-1,-1
35,167,611,522,46,42,1,2,-1,-1
35,168,900,489,24,60,1,2,-1,-1
35,169,535,949,47,83,1,1,-1,-1
35,170,627,452,39,76,1,1,-1,-1
35,274,248,685,104,105,1,7,-1,-1
35,275,459,713,24,48,1,1,-1,-1
35,276,783,624,30,43,1,1,-1,-1
35,277,1336,872,35,49,1,2,-1,-1
35,278,1163,166,22,52,1,1,-1,-1
35,279,1278,69,19,31,1,2,-1,-1
35,280,1105,196,24,48,1,1,-1,-1
35,281,673,784,33,79,1,1,-1,-1
35,282,1074,628,36,64,1,2,-1,-1
36,14,729,290,111,101,1,4,-1,-1
36,23,979,473,29,76,1,1,-1,-1
36,51,1489,5,15,49,1,1,-1,-1
36,52,395,765,44,49,1,2,-1,-1
36,53,838,732,43,84,1,1,-1,-1
36,54,1091,574,35,60,1,1,-1,-1
36,72,892,587,42,82,1,1,-1,-1
36,73,776,914,40,90,1,1,-1,-1
36,74,828,895,37,97,1,1,-1,-1
36,108,1537,739,35,41,1,2,-1,-1
36,109,1220,786,19,53,1,2,-1,-1
36,110,999,472,23,59,1,1,-1,-1
36,111,789,798,33,99,1,1,-1,-1
36,112,724,845,40,99,1,1,-1,-1
36,113,827,806,33,88,1,1,-1,-1
36,169,534,953,47,83,1,1,-1,-1
36,170,625,454,39,76,1,1,-1,-1
36,171,513,741,48,52,1,2,-1,-1
36,276,782,627,30,43,1,1,-1,-1
36,277,1326,859,35,49,1,2,-1,-1
36,278,1162,166,22,52,1,1,-1,-1
36,279,1277,70,19,31,1,2,-1,-1
36,280,1103,198,24,48,1,1,-1,-1
36,281,672,786,33,79,1,1,-1,-1
36,282,1073,630,36,64,1,2,-1,-1
37,14,727,291,112,101,1,4,-1,-1
37,23,979,476,28,76,1,1,-1,-1
37,35,885,541,25,64,1,1,-1,-1
37,51,1482,1,15,46,1,1,-1,-1
37,52,393,768,44,49,1,2,-1,-1
37,53,833,735,43,85,1,1,-1,-1
37,54,1090,576,35,60,1,1,-1,-1
37,72,888,592,42,82,1,1,-1,-1
37,73,775,917,41,90,1,1,-1,-1
37,74,827,898,37,97,1,1,-1,-1
37,108,1537,742,35,41,1,2,-1,-1
37,109,1219,788,19,53,1,2,-1,-1
37,110,998,475,24,59,1,1,-1,-1
37,111,787,800,33,99,1,1,-1,-1
37,112,736,853,60,90,1,1,-1,-1
37,113,826,808,33,88,1,1,-1,-1
37,169,533,957,47,83,1,1,-1,-1
37,170,623,455,39,76,1,1,-1,-1
37,171,511,744,48,52,1,2,-1,-1
37,278,1162,166,22,52,1,1,-1,-1
37,279,1277,71,19,31,1,2,-1,-1
37,280,1101,200,24,48,1,1,-1,-1
37,281,670,788,33,79,1,1,-1,-1
37,282,1072,633,36,64,1,2,-1,-1
37,283,709,943,48,87,1,1,-1,-1
37,284,911,718,36,81,1,1,-1,-1
38,14,726,292,112,101,1,4,-1,-1
38,23,978,478,29,76,1,1,-1,-1
38,35,884,543,25,64,1,1,-1,-1
38,36,891,633,30,64,1,1,-1,-1
38,52,392,771,44,49,1,2,-1,-1
38,53,828,738,43,86,1,1,-1,-1
38,54,1089,578,35,60,1,1,-1,-1
38,73,774,919,41,91,1,1,-1,-1
38,74,826,901,37,97,1,1,-1,-1
38,109,1217,790,21,54,1,2,-1,-1
38,110,997,478,24,59,1,1,-1,-1
38,111,786,803,33,99,1,1,-1,-1
38,112,723,844,41,100,1,1,-1,-1
38,113,825,811,33,88,1,1,-1,-1
38,169,531,961,48,83,1,1,-1,-1
38,170,622,457,39,76,1,1,-1,-1
38,171,510,747,48,52,1,2,-1,-1
38,280,1100,202,24,48,1,1,-1,-1
38,281,671,799,37,80,1,1,-1,-1
38,282,1076,646,54,59,1,2,-1,-1
38,283,716,923,48,87,1,1,-1,-1
38,284,910,720,36,81,1,1,-1,-1
38,285,1383,575,33,47,1,2,-1,-1
39,14,725,293,112,102,1,4,-1,-1
39,23,977,481,29,76,1,1,-1,-1
39,35,883,545,25,64,1,1,-1,-1
39,36,892,633,30,64,1,1,-1,-1
39,52,389,773,44,49,1,2,-1,-1
39,53,823,741,43,87,1,1,-1,-1
39,54,1088,580,35,60,1,1,-1,-1
39,73,773,922,41,91,1,1,-1,-1
39,74,825,904,37,97,1,1,-1,-1
39,75,1337,710,35,45,1,2,-1,-1
39,109,1216,793,23,54,1,2,-1,-1
39,110,996,481,25,59,1,1,-1,-1
39,111,785,806,33,99,1,1,-1,-1
39,112,723,844,40,99,1,1,-1,-1
39,113,824,814,33,88,1,1,-1,-1
39,170,621,459,39,76,1,1,-1,-1
39,171,508,749,48,52,1,2,-1,-1
39,172,1442,792,27,69,1,2,-1,-1
39,283,714,924,48,87,1,1,-1,-1
39,284,910,722,36,82,1,1,-1,-1
39,285,1383,576,33,47,1,2,-1,-1
39,286,1482,1,15,46,1,1,-1,-1
40,23,977,484,29,76,1,1,-1,-1
40,35,882,547,25,64,1,1,-1,-1
40,36,893,633,30,64,1,1,-1,-1
40,52,387,776,44,49,1,2,-1,-1
40,53,819,743,42,89,1,1,-1,-1
40,54,1087,556,35,60,1,1,-1,-1
40,73,773,925,41,91,1,1,-1,-1
40,74,824,906,37,99,1,1,-1,-1
40,75,1337,712,35,45,1,2,-1,-1
40,110,996,485,25,59,1,1,-1,-1
40,111,783,809,33,99,1,1,-1,-1
40,112,723,844,40,99,1,1,-1,-1
40,113,822,816,33,88,1,1,-1,-1
40,114,1073,217,22,44,1,1,-1,-1
40,170,619,461,39,76,1,1,-1,-1
40,171,507,752,48,52,1,2,-1,-1
40,172,1442,794,27,69,1,2,-1,-1
40,173,1538,751,35,41,1,2,-1,-1
40,283,713,926,48,87,1,1,-1,-1
40,284,910,725,36,81,1,1,-1,-1
40,285,1383,578,33,47,1,2,-1,-1
40,286,1482,1,15,46,1,1,-1,-1
40,287,680,775,45,98,1,1,-1,-1
40,288,1033,452,41,64,1,1,-1,-1
40,289,1398,15,19,43,1,1,-1,-1
41,23,966,474,36,93,1,1,-1,-1
41,35,881,549,25,64,1,1,-1,-1
41,36,893,634,30,64,1,1,-1,-1
41,52,385,778,44,49,1,2,-1,-1
41,53,814,746,42,90,1,1,-1,-1
41,54,1086,584,35,60,1,1,-1,-1
41,75,1337,713,35,45,1,2,-1,-1
41,110,994,488,25,59,1,1,-1,-1
41,111,790,811,32,96,1,1,-1,-1
41,112,722,843,41,99,1,1,-1,-1
41,113,821,818,33,88,1,1,-1,-1
41,114,1070,219,22,45,1,1,-1,-1
41,171,505,754,48,52,1,2,-1,-1
41,172,1441,796,27,69,1,2,-1,-1
41,173,1538,754,35,41,1,2,-1,-1
41,174,546,474,106,96,1,7,-1,-1
41,283,711,927,48,87,1,1,-1,-1
41,284,909,727,36,81,1,1,-1,-1
41,285,1383,579,33,47,1,2,-1,-1
41,286,1482,0,15,46,1,1,-1,-1
41,287,689,818,42,91,1,1,-1,-1
41,288,1029,448,34,53,1,1,-1,-1
41,289,1398,13,19,43,1,1,-1,-1
41,290,723,295,111,102,1,4,-1,-1
41,291,744,428,28,40,1,2,-1,-1
41,292,776,643,30,43,1,1,-1,-1
41,293,1307,808,27,49,1,2,-1,-1
42,23,972,491,29,76,1,1,-1,-1
42,24,734,925,33,59,1,1,-1,-1
42,35,880,551,25,64,1,1,-1,-1
42,36,894,634,30,64,1,1,-1,-1
42,52,383,781,44,49,1,2,-1,-1
42,53,809,749,42,91,1,1,-1,-1
42,54,1086,587,35,60,1,1,-1,-1
42,75,1337,715,35,45,1,2,-1,-1
42,112,722,843,41,99,1,1,-1,-1
42,113,819,821,33,88,1,1,-1,-1
42,114,1074,203,25,50,1,1,-1,-1
42,172,1441,798,27,69,1,2,-1,-1
42,173,1538,757,35,41,1,2,-1,-1
42,174,544,476,107,96,1,7,-1,-1
42,285,1383,581,33,47,1,2,-1,-1
42,286,1482,0,15,46,1,1,-1,-1
42,287,686,821,42,91,1,1,-1,-1
42,288,1027,458,41,64,1,1,-1,-1
42,289,1398,12,19,43,1,1,-1,-1
42,290,722,296,111,103,1,4,-1,-1
42,291,742,430,28,40,1,2,-1,-1
42,292,775,646,30,43,1,1,-1,-1
42,293,1307,811,27,49,1,2,-1,-1
42,294,601,534,46,42,1,2,-1,-1
42,295,1001,865,52,82,1,1,-1,-1
42,296,1164,169,26,60,1,1,-1,-1
43,24,733,928,33,58,1,1,-1,-1
43,35,879,553,25,64,1,1,-1,-1
43,36,897,657,25,52,1,1,-1,-1
43,52,380,783,44,49,1,2,-1,-1
43,53,804,752,42,92,1,1,-1,-1
43,54,1085,589,35,60,1,1,-1,-1
43,75,1337,716,35,45,1,2,-1,-1
43,114,1084,212,24,48,1,1,-1,-1
43,115,1045,667,52,56,1,2,-1,-1
43,172,1441,800,27,69,1,2,-1,-1
43,173,1539,760,35,41,1,2,-1,-1
43,174,542,478,108,96,1,7,-1,-1
43,175,1268,1010,44,58,1,2,-1,-1
43,176,1298,82,23,29,1,2,-1,-1
43,286,1482,0,15,46,1,1,-1,-1
43,287,683,825,42,91,1,1,-1,-1
43,288,1025,461,41,64,1,1,-1,-1
43,289,1398,11,19,43,1,1,-1,-1
43,290,721,297,111,103,1,4,-1,-1
43,291,740,431,28,40,1,2,-1,-1
43,292,774,649,30,43,1,1,-1,-1
43,293,1307,814,27,49,1,2,-1,-1
43,294,600,536,46,42,1,2,-1,-1
43,295,999,869,52,82,1,1,-1,-1
43,296,1161,166,22,52,1,1,-1,-1
43,297,814,246,124,81,1,4,-1,-1
43,298,1446,944,60,60,1,2,-1,-1
44,24,731,927,33,58,1,1,-1,-1
44,35,879,555,25,64,1,1,-1,-1
44,36,896,635,30,64,1,1,-1,-1
44,53,799,755,42,93,1,1,-1,-1
44,54,1084,591,35,60,1,1,-1,-1
44,75,1337,718,35,45,1,2,-1,-1
44,114,1081,215,24,48,1,1,-1,-1
44,115,1045,669,51,56,1,2,-1,-1
44,172,1440,803,27,69,1,2,-1,-1
44,173,1537,763,35,41,1,2,-1,-1
44,174,541,480,108,96,1,7,-1,-1
44,175,1268,1014,44,55,1,2,-1,-1
44,176,1296,82,23,29,1,2,-1,-1
44,287,680,828,42,91,1,1,-1,-1
44,288,1022,464,41,64,1,1,-1,-1
44,289,1397,11,19,43,1,1,-1,-1
44,290,720,298,111,103,1,4,-1,-1
44,291,739,433,28,40,1,2,-1,-1
44,292,773,653,30,43,1,1,-1,-1
44,293,1307,818,27,49,1,2,-1,-1
44,294,599,538,45,42,1,2,-1,-1
44,295,998,872,52,82,1,1,-1,-1
44,296,1160,166,22,52,1,1,-1,-1
44,297,813,247,124,81,1,4,-1,-1
44,298,1459,925,52,52,1,2,-1,-1
44,299,626,786,30,69,1,1,-1,-1
44,300,1383,584,33,47,1,2,-1,-1
45,24,730,926,33,59,1,1,-1,-1
45,35,866,552,32,78,1,1,-1,-1
45,36,896,638,30,64,1,1,-1,-1
45,55,1385,14,17,41,1,1,-1,-1
45,75,1329,730,40,51,1,2,-1,-1
45,76,774,436,33,77,1,1,-1,-1
45,114,1078,228,22,46,1,1,-1,-1
45,115,1044,671,52,56,1,2,-1,-1
45,173,1536,767,35,41,1,2,-1,-1
45,174,539,482,110,96,1,7,-1,-1
45,175,1268,1019,44,51,1,2,-1,-1
45,176,1295,83,23,29,1,2,-1,-1
45,177,376,789,44,49,1,2,-1,-1
45,178,920,718,32,73,1,1,-1,-1
45,290,719,299,111,104,1,4,-1,-1
45,291,737,434,28,40,1,2,-1,-1
45,292,771,654,30,43,1,1,-1,-1
45,293,1306,820,27,49,1,2,-1,-1
45,294,597,539,46,42,1,2,-1,-1
45,295,996,876,52,82,1,1,-1,-1
45,296,1160,166,22,52,1,1,-1,-1
45,297,812,248,124,81,1,4,-1,-1
45,298,1457,927,52,52,1,2,-1,-1
45,299,625,790,30,69,1,1,-1,-1
45,300,1380,587,33,47,1,2,-1,-1
46,15,39,783,55,84,1,1,-1,-1
46,24,728,926,33,59,1,1,-1,-1
46,25,835,341,36,52,1,2,-1,-1
46,35,872,559,28,64,1,1,-1,-1
46,36,896,641,30,64,1,1,-1,-1
46,55,1385,14,17,41,1,1,-1,-1
46,75,1335,722,35,45,1,2,-1,-1
46,76,781,436,28,68,1,1,-1,-1
46,77,1069,995,42,71,1,1,-1,-1
46,114,1075,219,24,48,1,1,-1,-1
46,115,1058,663,58,62,1,2,-1,-1
46,116,1397,10,15,45,1,1,-1,-1
46,174,537,484,111,96,1,7,-1,-1
46,175,1267,1020,44,49,1,2,-1,-1
46,176,1294,84,23,29,1,2,-1,-1
46,177,374,791,44,49,1,2,-1,-1
46,178,935,727,30,73,1,1,-1,-1
46,179,1188,656,25,51,1,2,-1,-1
46,180,1319,156,28,52,1,1,-1,-1
46,294,596,541,46,42,1,2,-1,-1
46,295,995,879,52,82,1,1,-1,-1
46,296,1160,166,22,52,1,1,-1,-1
46,297,811,249,124,81,1,4,-1,-1
46,298,1455,929,52,52,1,2,-1,-1
46,299,623,792,30,69,1,1,-1,-1
46,300,1378,591,33,47,1,2,-1,-1
46,301,751,506,28,67,1,1,-1,-1
47,15,41,783,55,84,1,1,-1,-1
47,24,727,925,33,60,1,1,-1,-1
47,25,833,343,36,52,1,2,-1,-1
47,36,897,645,30,64,1,1,-1,-1
47,55,1384,14,17,41,1,1,-1,-1
47,76,780,419,27,64,1,1,-1,-1
47,77,1067,977,44,73,1,1,-1,-1
47,115,1043,675,52,56,1,2,-1,-1
47,116,1396,10,15,45,1,1,-1,-1
47,175,1267,1022,44,47,1,2,-1,-1
47,176,1292,85,23,29,1,2,-1,-1
47,177,371,807,50,56,1,2,-1,-1
47,178,934,729,30,73,1,1,-1,-1
47,179,1185,659,25,51,1,2,-1,-1
47,180,1319,157,28,52,1,1,-1,-1
47,181,1304,824,27,49,1,2,-1,-1
47,297,810,250,124,81,1,4,-1,-1
47,298,1453,932,52,52,1,2,-1,-1
47,299,622,795,30,69,1,1,-1,-1
47,300,1375,595,33,47,1,2,-1,-1
47,301,748,509,29,67,1,1,-1,-1
47,302,173,950,123,84,1,10,-1,-1
47,303,552,811,39,88,1,1,-1,-1
47,304,764,944,41,91,1,1,-1,-1
47,305,768,656,29,44,1,1,-1,-1
47,306,1001,615,40,81,1,1,-1,-1
47,307,1458,57,140,60,1,4,-1,-1
48,15,43,783,55,84,1,1,-1,-1
48,24,726,925,33,59,1,1,-1,-1
48,25,832,344,36,52,1,2,-1,-1
48,55,1383,14,17,41,1,1,-1,-1
48,76,778,421,27,64,1,1,-1,-1
48,77,1066,1001,42,67,1,1,-1,-1
48,78,993,885,52,82,1,1,-1,-1
48,115,1064,659,36,64,1,2,-1,-1
48,116,1395,10,15,45,1,1,-1,-1
48,117,980,513,25,59,1,1,-1,-1
48,175,1266,1023,44,46,1,2,-1,-1
48,176,1291,86,23,29,1,2,-1,-1
48,177,369,796,44,49,1,2,-1,-1
48,178,934,731,30,73,1,1,-1,-1
48,179,1182,661,25,51,1,2,-1,-1
48,180,1320,157,28,52,1,1,-1,-1
48,181,1303,826,27,49,1,2,-1,-1
48,182,1492,4,15,48,1,1,-1,-1
48,299,620,798,30,69,1,1,-1,-1
48,300,1373,599,33,47,1,2,-1,-1
48,301,746,513,29,67,1,1,-1,-1
48,302,171,954,123,83,1,10,-1,-1
48,303,551,814,39,88,1,1,-1,-1
48,304,763,947,40,90,1,1,-1,-1
48,305,766,658,29,44,1,1,-1,-1
48,306,1000,617,40,81,1,1,-1,-1
48,307,1458,58,140,59,1,4,-1,-1
48,308,225,714,108,112,1,7,-1,-1
48,309,1352,1,17,45,1,1,-1,-1
49,15,46,783,55,84,1,1,-1,-1
49,24,724,924,33,60,1,1,-1,-1
49,25,830,345,36,52,1,2,-1,-1
49,55,1383,14,17,41,1,1,-1,-1
49,76,777,423,27,64,1,1,-1,-1
49,77,1063,1004,42,64,1,1,-1,-1
49,78,992,888,52,82,1,1,-1,-1
49,115,1042,680,52,56,1,2,-1,-1
49,116,1394,10,15,45,1,1,-1,-1
49,117,978,516,25,59,1,1,-1,-1
49,177,367,799,44,49,1,2,-1,-1
49,178,933,732,30,73,1,1,-1,-1
49,179,1179,664,25,51,1,2,-1,-1
49,180,1320,158,28,52,1,1,-1,-1
49,181,1302,829,27,49,1,2,-1,-1
49,182,1489,12,19,58,1,1,-1,-1
49,301,744,516,28,67,1,1,-1,-1
49,302,169,957,123,83,1,10,-1,-1
49,303,549,818,39,88,1,1,-1,-1
49,304,761,950,41,90,1,1,-1,-1
49,305,764,659,30,44,1,1,-1,-1
49,306,999,619,40,81,1,1,-1,-1
49,307,1457,59,142,59,1,4,-1,-1
49,308,217,705,125,129,1,7,-1,-1
49,309,1353,1,17,45,1,1,-1,-1
49,310,899,645,30,64,1,1,-1,-1
49,311,1009,479,41,64,1,1,-1,-1
49,312,1159,166,22,52,1,1,-1,-1
50,15,49,783,55,84,1,1,-1,-1
50,24,723,924,33,60,1,1,-1,-1
50,25,828,346,36,52,1,2,-1,-1
50,55,1386,7,17,42,1,1,-1,-1
50,76,775,441,28,68,1,1,-1,-1
50,77,1061,1007,42,61,1,1,-1,-1
50,78,991,891,52,82,1,1,-1,-1
50,79,712,304,111,104,1,4,-1,-1
50,116,1396,15,19,43,1,1,-1,-1
50,117,976,520,25,59,1,1,-1,-1
50,118,2,746,48,109,1,1,-1,-1
50,119,1331,730,35,45,1,2,-1,-1
50,177,365,801,44,49,1,2,-1,-1
50,178,932,734,30,73,1,1,-1,-1
50,179,1176,666,25,51,1,2,-1,-1
50,180,1320,158,28,52,1,1,-1,-1
50,181,1301,831,27,49,1,2,-1,-1
50,182,1492,3,15,48,1,1,-1,-1
50,301,741,519,29,67,1,1,-1,-1
50,302,167,960,123,83,1,10,-1,-1
50,303,548,821,39,88,1,1,-1,-1
50,304,760,953,40,90,1,1,-1,-1
50,305,763,660,29,45,1,1,-1,-1
50,306,998,621,40,81,1,1,-1,-1
50,307,1457,60,143,59,1,4,-1,-1
50,308,220,719,110,112,1,7,-1,-1
50,309,1352,2,17,45,1,1,-1,-1
50,310,900,645,30,64,1,1,-1,-1
50,311,1006,482,41,64,1,1,-1,-1
50,312,1159,166,22,52,1,1,-1,-1
50,313,1271,82,19,31,1,2,-1,-1
51,15,51,783,55,84,1,1,-1,-1
51,24,722,923,33,61,1,1,-1,-1
51,25,827,347,36,52,1,2,-1,-1
51,55,1392,10,15,45,1,1,-1,-1
51,76,774,427,27,64,1,1,-1,-1
51,77,1058,1010,42,58,1,1,-1,-1
51,78,990,894,52,82,1,1,-1,-1
51,79,711,305,111,104,1,4,-1,-1
51,116,1395,16,19,43,1,1,-1,-1
51,117,974,523,25,59,1,1,-1,-1
51,118,16,774,41,91,1,1,-1,-1
51,119,1344,732,43,55,1,2,-1,-1
51,120,17,21,180,107,1,6,-1,-1
51,179,1173,669,25,51,1,2,-1,-1
51,180,1321,159,28,52,1,1,-1,-1
51,181,1300,833,27,49,1,2,-1,-1
51,182,1492,3,15,48,1,1,-1,-1
51,302,165,964,123,82,1,10,-1,-1
51,303,546,824,39,88,1,1,-1,-1
51,304,758,956,40,89,1,1,-1,-1
51,305,761,661,29,45,1,1,-1,-1
51,306,997,622,40,81,1,1,-1,-1
51,307,1456,60,143,59,1,4,-1,-1
51,308,218,721,111,112,1,7,-1,-1
51,309,1352,3,17,45,1,1,-1,-1
51,310,901,646,30,64,1,1,-1,-1
51,311,1004,485,41,64,1,1,-1,-1
51,312,1159,166,22,52,1,1,-1,-1
51,313,1270,83,19,31,1,2,-1,-1
51,314,768,547,32,47,1,2,-1,-1
51,315,931,379,56,52,1,10,-1,-1
51,316,1040,244,22,48,1,1,-1,-1
51,317,763,779,42,94,1,1,-1,-1
52,1,723,420,30,72,1,1,-1,-1
52,15,54,783,55,84,1,1,-1,-1
52,24,720,923,33,60,1,1,-1,-1
52,25,825,348,36,52,1,2,-1,-1
52,55,1391,10,15,45,1,1,-1,-1
52,76,772,429,27,64,1,1,-1,-1
52,77,1055,1013,42,55,1,1,-1,-1
52,78,995,888,57,89,1,1,-1,-1
52,79,684,317,130,122,1,4,-1,-1
52,80,859,508,32,40,1,2,-1,-1
52,116,1394,17,19,43,1,1,-1,-1
52,117,972,527,25,59,1,1,-1,-1
52,118,8,757,49,109,1,1,-1,-1
52,119,1330,735,35,45,1,2,-1,-1
52,120,15,22,180,107,1,6,-1,-1
52,181,1290,835,26,46,1,2,-1,-1
52,182,1493,3,14,48,1,1,-1,-1
52,183,813,428,33,68,1,1,-1,-1
52,184,771,934,45,64,1,1,-1,-1
52,308,216,723,111,112,1,7,-1,-1
52,309,1351,4,17,45,1,1,-1,-1
52,310,902,646,31,64,1,1,-1,-1
52,311,1009,469,39,60,1,1,-1,-1
52,312,1158,166,22,52,1,1,-1,-1
52,313,1269,84,19,31,1,2,-1,-1
52,314,766,549,32,47,1,2,-1,-1
52,315,930,380,56,52,1,10,-1,-1
52,316,1037,247,22,48,1,1,-1,-1
52,317,758,782,42,94,1,1,-1,-1
53,1,724,408,30,69,1,1,-1,-1
53,15,57,783,55,84,1,1,-1,-1
53,25,824,350,36,52,1,2,-1,-1
53,55,1393,18,19,43,1,1,-1,-1
53,77,1053,1016,42,52,1,1,-1,-1
53,78,988,899,52,82,1,1,-1,-1
53,79,672,272,135,127,1,4,-1,-1
53,80,858,509,32,40,1,2,-1,-1
53,117,970,531,25,59,1,1,-1,-1
53,118,22,774,41,91,1,1,-1,-1
53,119,1329,737,35,45,1,2,-1,-1
53,120,7,28,210,125,1,6,-1,-1
53,182,1493,3,14,48,1,1,-1,-1
53,183,812,429,33,68,1,1,-1,-1
53,184,770,937,45,64,1,1,-1,-1
53,310,903,646,31,64,1,1,-1,-1
53,311,999,491,41,64,1,1,-1,-1
53,312,1158,166,22,52,1,1,-1,-1
53,313,1269,86,19,31,1,2,-1,-1
53,314,765,550,32,47,1,2,-1,-1
53,315,930,382,56,52,1,10,-1,-1
53,316,1042,236,24,49,1,1,-1,-1
53,317,753,786,42,94,1,1,-1,-1
53,318,654,860,43,90,1,1,-1,-1
54,1,725,410,29,69,1,1,-1,-1
54,15,59,783,55,84,1,1,-1,-1
54,25,823,351,36,52,1,2,-1,-1
54,56,1222,638,28,51,1,2,-1,-1
54,78,987,902,52,82,1,1,-1,-1
54,79,707,309,111,104,1,4,-1,-1
54,80,857,511,32,40,1,2,-1,-1
54,81,644,116,125,74,1,4,-1,-1
54,117,968,533,25,60,1,1,-1,-1
54,118,25,774,41,91,1,1,-1,-1
54,119,1328,739,35,45,1,2,-1,-1
54,120,12,24,180,107,1,6,-1,-1
54,121,770,432,27,64,1,1,-1,-1
54,122,993,628,40,81,1,1,-1,-1
54,183,811,429,33,68,1,1,-1,-1
54,184,769,940,45,64,1,1,-1,-1
54,185,767,850,34,99,1,1,-1,-1
54,313,1268,86,19,31,1,2,-1,-1
54,314,764,552,32,47,1,2,-1,-1
54,315,929,383,56,52,1,10,-1,-1
54,316,1049,244,23,46,1,1,-1,-1
54,317,748,789,42,94,1,1,-1,-1
54,318,651,864,43,89,1,1,-1,-1
54,319,1357,567,22,49,1,2,-1,-1
54,320,1449,6,14,43,1,1,-1,-1
55,1,717,442,42,60,1,2,-1,-1
55,15,62,783,55,84,1,1,-1,-1
55,25,822,352,36,53,1,2,-1,-1
55,56,1209,642,30,57,1,2,-1,-1
55,78,986,905,52,82,1,1,-1,-1
55,79,705,310,111,104,1,4,-1,-1
55,80,855,505,32,40,1,2,-1,-1
55,81,655,111,125,73,1,4,-1,-1
55,82,722,449,28,40,1,2,-1,-1
55,118,28,774,41,91,1,1,-1,-1
55,119,1327,741,35,45,1,2,-1,-1
55,120,11,25,180,107,1,6,-1,-1
55,121,768,448,28,68,1,1,-1,-1
55,122,992,630,40,81,1,1,-1,-1
55,183,810,430,33,68,1,1,-1,-1
55,184,768,943,45,64,1,1,-1,-1
55,185,765,853,34,99,1,1,-1,-1
55,186,772,637,29,76,1,1,-1,-1
55,187,1328,3,12,41,1,1,-1,-1
55,314,762,554,32,47,1,2,-1,-1
55,315,928,384,56,52,1,10,-1,-1
55,316,1051,260,18,37,1,1,-1,-1
55,317,741,769,52,116,1,1,-1,-1
55,318,648,867,43,88,1,1,-1,-1
55,319,1358,566,22,50,1,2,-1,-1
55,320,1441,6,15,42,1,1,-1,-1
55,321,754,667,29,46,1,1,-1,-1
56,1,725,412,29,69,1,1,-1,-1
56,15,65,783,55,84,1,1,-1,-1
56,25,821,353,36,53,1,2,-1,-1
56,56,1208,644,30,57,1,2,-1,-1
56,79,704,311,111,104,1,4,-1,-1
56,80,855,514,32,40,1,2,-1,-1
56,81,666,106,124,72,1,4,-1,-1
56,82,721,450,28,40,1,2,-1,-1
56,83,622,616,31,57,1,1,-1,-1
56,118,31,775,41,91,1,1,-1,-1
56,119,1326,743,35,45,1,2,-1,-1
56,120,10,26,180,107,1,6,-1,-1
56,121,767,449,28,68,1,1,-1,-1
56,122,991,632,40,81,1,1,-1,-1
56,183,809,431,33,68,1,1,-1,-1
56,184,767,945,45,64,1,1,-1,-1
56,185,768,856,30,88,1,1,-1,-1
56,186,770,640,29,76,1,1,-1,-1
56,187,1326,3,12,42,1,1,-1,-1
56,318,645,870,44,88,1,1,-1,-1
56,319,1359,565,22,50,1,2,-1,-1
56,320,1441,6,14,43,1,1,-1,-1
56,321,753,668,28,46,1,1,-1,-1
56,322,829,686,40,88,1,1,-1,-1
57,1,726,414,29,69,1,1,-1,-1
57,5,1391,10,15,45,1,1,-1,-1
57,15,69,782,56,84,1,1,-1,-1
57,37,870,368,41,59,1,10,-1,-1
57,56,1208,646,29,57,1,2,-1,-1
57,79,703,312,111,104,1,4,-1,-1
57,80,854,515,32,40,1,2,-1,-1
57,81,677,101,123,71,1,4,-1,-1
57,82,720,451,28,40,1,2,-1,-1
57,83,619,621,31,57,1,1,-1,-1
57,120,8,27,180,107,1,6,-1,-1
57,121,765,451,28,68,1,1,-1,-1
57,122,990,633,40,81,1,1,-1,-1
57,123,1347,650,33,47,1,2,-1,-1
57,183,808,431,33,68,1,1,-1,-1
57,184,770,949,28,63,1,1,-1,-1
57,185,763,858,34,99,1,1,-1,-1
57,186,768,642,30,76,1,1,-1,-1
57,187,1324,4,12,41,1,1,-1,-1
57,188,712,534,31,49,1,2,-1,-1
57,318,642,874,44,87,1,1,-1,-1
57,319,1360,564,22,51,1,2,-1,-1
57,320,1440,7,15,43,1,1,-1,-1
57,321,751,669,28,47,1,1,-1,-1
57,322,826,691,40,88,1,1,-1,-1
57,323,1427,835,35,69,1,2,-1,-1
57,324,1453,63,143,59,1,4,-1,-1
58,1,726,414,29,69,1,1,-1,-1
58,5,1391,10,15,45,1,1,-1,-1
58,37,869,369,41,59,1,10,-1,-1
58,56,1207,648,29,57,1,2,-1,-1
58,80,853,517,32,40,1,2,-1,-1
58,81,688,96,122,70,1,4,-1,-1
58,82,719,453,28,40,1,2,-1,-1
58,83,622,624,37,66,1,1,-1,-1
58,121,767,439,27,64,1,1,-1,-1
58,122,989,635,40,81,1,1,-1,-1
58,123,1343,658,33,47,1,2,-1,-1
58,124,744,979,41,92,1,1,-1,-1
58,185,762,861,34,99,1,1,-1,-1
58,186,766,645,30,76,1,1,-1,-1
58,187,1322,4,12,41,1,1,-1,-1
58,188,711,535,31,49,1,2,-1,-1
58,189,0,787,212,212,1,8,-1,-1
58,319,1361,564,23,51,1,2,-1,-1
58,320,1440,8,14,43,1,1,-1,-1
58,321,749,670,29,47,1,1,-1,-1
58,322,824,697,40,88,1,1,-1,-1
58,323,1426,836,35,69,1,2,-1,-1
58,324,1452,61,136,57,1,4,-1,-1
59,1,726,415,29,69,1,1,-1,-1
59,5,1393,16,19,43,1,1,-1,-1
59,37,868,370,41,59,1,10,-1,-1
59,56,1207,650,28,57,1,2,-1,-1
59,80,852,519,32,40,1,2,-1,-1
59,81,700,91,121,70,1,4,-1,-1
59,82,718,454,28,40,1,2,-1,-1
59,83,614,631,31,57,1,1,-1,-1
59,121,763,454,28,68,1,1,-1,-1
59,122,988,637,40,81,1,1,-1,-1
59,123,1340,666,33,47,1,2,-1,-1
59,124,746,979,39,87,1,1,-1,-1
59,185,755,886,27,80,1,1,-1,-1
59,186,764,647,30,76,1,1,-1,-1
59,187,1320,5,13,41,1,1,-1,-1
59,188,710,537,31,49,1,2,-1,-1
59,189,0,789,210,212,1,8,-1,-1
59,190,807,433,33,68,1,1,-1,-1
59,321,748,672,28,47,1,1,-1,-1
59,322,813,684,39,85,1,1,-1,-1
59,323,1425,838,35,69,1,2,-1,-1
59,324,1451,64,143,59,1,4,-1,-1
59,325,1323,160,28,52,1,1,-1,-1
60,1,726,416,29,69,1,1,-1,-1
60,5,1391,10,15,45,1,1,-1,-1
60,37,867,371,41,59,1,10,-1,-1
60,56,1206,652,28,57,1,2,-1,-1
60,57,325,566,196,148,1,5,-1,-1
60,58,1061,680,36,64,1,2,-1,-1
60,81,711,86,120,69,1,4,-1,-1
60,82,717,455,28,40,1,2,-1,-1
60,83,611,636,32,57,1,1,-1,-1
60,121,766,442,27,64,1,1,-1,-1
60,122,987,639,40,81,1,1,-1,-1
60,123,1337,674,33,47,1,2,-1,-1
60,124,745,982,39,87,1,1,-1,-1
60,186,762,650,31,76,1,1,-1,-1
60,187,1318,6,14,41,1,1,-1,-1
60,188,710,539,31,49,1,2,-1,-1
60,189,0,791,209,212,1,8,-1,-1
60,190,805,433,33,68,1,1,-1,-1
60,191,4,30,180,107,1,6,-1,-1
60,192,1213,892,34,58,1,2,-1,-1
60,193,1351,856,31,59,1,2,-1,-1
60,322,819,708,40,88,1,1,-1,-1
60,323,1425,840,35,69,1,2,-1,-1
60,324,1451,64,143,60,1,4,-1,-1
60,325,1323,160,28,52,1,1,-1,-1
60,326,516,503,115,103,1,7,-1,-1
61,1,727,417,29,69,1,1,-1,-1
61,5,1391,10,15,45,1,1,-1,-1
61,37,867,372,41,59,1,10,-1,-1
61,56,1206,654,27,57,1,2,-1,-1
61,57,324,568,196,148,1,5,-1,-1
61,58,1061,681,36,64,1,2,-1,-1
61,81,722,81,119,68,1,4,-1,-1
61,82,716,456,28,40,1,2,-1,-1
61,83,608,641,32,57,1,1,-1,-1
61,123,1333,678,33,48,1,2,-1,-1
61,124,744,984,39,85,1,1,-1,-1
61,125,729,846,40,99,1,1,-1,-1
61,188,709,541,31,49,1,2,-1,-1
61,189,0,793,207,212,1,8,-1,-1
61,190,803,434,33,68,1,1,-1,-1
61,191,3,31,180,107,1,6,-1,-1
61,192,1215,887,35,59,1,2,-1,-1
61,193,1350,858,31,59,1,2,-1,-1
61,323,1424,841,35,69,1,2,-1,-1
61,324,1450,65,143,59,1,4,-1,-1
61,325,1323,160,28,52,1,1,-1,-1
61,326,515,504,116,104,1,7,-1,-1
61,327,697,317,111,104,1,4,-1,-1
62,1,727,418,29,69,1,1,-1,-1
62,5,1393,15,19,44,1,1,-1,-1
62,37,866,373,41,59,1,10,-1,-1
62,56,1205,656,27,57,1,2,-1,-1
62,57,322,569,196,148,1,5,-1,-1
62,58,1060,683,36,64,1,2,-1,-1
62,82,716,458,28,40,1,2,-1,-1
62,83,606,646,32,57,1,1,-1,-1
62,84,795,972,42,95,1,1,-1,-1
62,123,1330,683,33,49,1,2,-1,-1
62,124,743,987,39,82,1,1,-1,-1
62,125,729,829,39,98,1,1,-1,-1
62,126,627,890,45,84,1,1,-1,-1
62,188,708,542,31,49,1,2,-1,-1
62,189,0,795,206,212,1,8,-1,-1
62,190,801,434,33,68,1,1,-1,-1
62,191,2,33,180,107,1,6,-1,-1
62,192,1210,886,35,59,1,2,-1,-1
62,193,1349,861,31,59,1,2,-1,-1
62,194,55,770,43,91,1,1,-1,-1
62,195,985,643,40,81,1,1,-1,-1
62,325,1323,160,28,52,1,1,-1,-1
62,326,515,505,115,104,1,7,-1,-1
62,327,696,318,111,104,1,4,-1,-1
62,328,342,828,44,56,1,2,-1,-1
63,1,727,419,29,69,1,1,-1,-1
63,5,1393,15,19,43,1,1,-1,-1
63,37,868,389,37,53,1,10,-1,-1
63,57,320,571,196,148,1,5,-1,-1
63,58,1060,685,36,64,1,2,-1,-1
63,83,603,650,32,57,1,1,-1,-1
63,84,803,948,40,88,1,1,-1,-1
63,123,1326,687,33,50,1,2,-1,-1
63,124,736,1013,35,71,1,1,-1,-1
63,125,732,842,40,99,1,1,-1,-1
63,126,620,859,38,90,1,1,-1,-1
63,189,-6,793,245,253,1,8,-1,-1
63,190,800,435,33,68,1,1,-1,-1
63,191,1,33,180,107,1,6,-1,-1
63,192,1205,886,35,59,1,2,-1,-1
63,193,1348,863,31,59,1,2,-1,-1
63,194,59,769,43,91,1,1,-1,-1
63,195,984,644,40,81,1,1,-1,-1
63,196,1438,978,52,51,1,2,-1,-1
63,325,1328,168,25,46,1,1,-1,-1
63,326,514,506,116,105,1,7,-1,-1
63,327,695,319,111,104,1,4,-1,-1
63,328,340,830,44,57,1,2,-1,-1
63,329,678,916,45,88,1,1,-1,-1
64,1,727,420,29,69,1,1,-1,-1
64,5,1391,10,15,45,1,1,-1,-1
64,37,864,375,41,59,1,10,-1,-1
64,57,319,573,196,148,1,5,-1,-1
64,58,1060,686,36,64,1,2,-1,-1
64,84,793,977,42,90,1,1,-1,-1
64,124,740,996,32,62,1,1,-1,-1
64,125,733,840,40,99,1,1,-1,-1
64,126,617,853,33,79,1,1,-1,-1
64,190,798,436,33,68,1,1,-1,-1
64,191,1,34,179,107,1,6,-1,-1
64,192,1198,883,35,59,1,2,-1,-1
64,193,1347,866,31,59,1,2,-1,-1
64,194,63,769,44,90,1,1,-1,-1
64,195,983,646,40,81,1,1,-1,-1
64,196,1439,981,52,51,1,2,-1,-1
64,197,697,808,46,102,1,1,-1,-1
64,198,1239,669,23,43,1,2,-1,-1
64,199,1278,95,23,30,1,2,-1,-1
64,326,513,506,117,107,1,7,-1,-1
64,327,693,320,111,104,1,4,-1,-1
64,328,339,833,44,57,1,2,-1,-1
64,329,679,916,44,88,1,1,-1,-1
64,330,714,460,28,40,1,2,-1,-1
64,331,950,560,33,65,1,1,-1,-1
65,1,728,421,29,69,1,1,-1,-1
65,5,1394,15,19,43,1,1,-1,-1
65,7,763,451,27,64,1,1,-1,-1
65,37,863,376,41,59,1,10,-1,-1
65,38,1373,142,144,68,1,4,-1,-1
65,57,317,575,196,148,1,5,-1,-1
65,58,1060,688,36,64,1,2,-1,-1
65,84,792,979,42,88,1,1,-1,-1
65,125,735,838,40,99,1,1,-1,-1
65,126,616,855,33,79,1,1,-1,-1
65,127,794,260,123,93,1,4,-1,-1
65,191,1,35,179,107,1,6,-1,-1
65,192,1192,880,35,59,1,2,-1,-1
65,193,1346,868,31,59,1,2,-1,-1
65,194,67,768,44,90,1,1,-1,-1
65,195,983,647,40,81,1,1,-1,-1
65,196,1439,983,52,52,1,2,-1,-1
65,197,687,844,44,99,1,1,-1,-1
65,198,1239,671,23,43,1,2,-1,-1
65,199,1277,96,23,29,1,2,-1,-1
65,200,919,648,31,64,1,1,-1,-1
65,327,692,321,111,104,1,4,-1,-1
65,328,337,835,44,58,1,2,-1,-1
65,329,679,915,44,88,1,1,-1,-1
65,330,713,461,28,40,1,2,-1,-1
65,331,949,563,33,66,1,1,-1,-1
65,332,599,659,32,57,1,1,-1,-1
65,333,1140,182,24,41,1,1,-1,-1
66,1,728,422,29,69,1,1,-1,-1
66,5,1394,14,19,44,1,1,-1,-1
66,7,763,452,27,64,1,1,-1,-1
66,26,814,745,40,88,1,1,-1,-1
66,37,862,377,41,59,1,10,-1,-1
66,38,1342,131,156,74,1,4,-1,-1
66,57,315,577,196,148,1,5,-1,-1
66,58,1060,690,36,64,1,2,-1,-1
66,84,782,950,48,97,1,1,-1,-1
66,125,736,836,40,99,1,1,-1,-1
66,126,614,858,33,79,1,1,-1,-1
66,127,793,260,123,94,1,4,-1,-1
66,194,65,760,56,112,1,1,-1,-1
66,195,982,649,40,81,1,1,-1,-1
66,196,1440,986,52,51,1,2,-1,-1
66,197,694,842,42,94,1,1,-1,-1
66,198,1239,672,23,43,1,2,-1,-1
66,199,1276,96,23,30,1,2,-1,-1
66,200,921,648,31,64,1,1,-1,-1
66,201,741,997,39,72,1,1,-1,-1
66,202,1061,628,32,64,1,1,-1,-1
66,328,335,837,44,59,1,2,-1,-1
66,329,680,914,42,88,1,1,-1,-1
66,330,712,463,28,40,1,2,-1,-1
66,331,947,565,34,67,1,1,-1,-1
66,332,597,664,32,57,1,1,-1,-1
66,333,1140,182,24,41,1,1,-1,-1
66,334,1058,551,46,52,1,2,-1,-1
67,1,728,423,29,69,1,1,-1,-1
67,5,1394,14,19,43,1,1,-1,-1
67,7,752,461,28,68,1,1,-1,-1
67,26,823,726,47,106,1,1,-1,-1
67,38,1372,143,144,68,1,4,-1,-1
67,57,314,579,196,148,1,5,-1,-1
67,58,1058,691,36,64,1,2,-1,-1
67,84,790,984,42,83,1,1,-1,-1
67,85,1405,425,45,46,1,2,-1,-1
67,125,737,835,40,99,1,1,-1,-1
67,126,612,861,33,79,1,1,-1,-1
67,127,792,261,123,94,1,4,-1,-1
67,194,75,766,45,90,1,1,-1,-1
67,195,982,650,40,81,1,1,-1,-1
67,196,1440,989,52,51,1,2,-1,-1
67,197,691,846,42,94,1,1,-1,-1
67,198,1239,674,23,43,1,2,-1,-1
67,199,1276,97,23,30,1,2,-1,-1
67,200,923,648,31,64,1,1,-1,-1
67,201,740,1000,39,69,1,1,-1,-1
67,202,1060,629,32,64,1,1,-1,-1
67,329,680,914,42,88,1,1,-1,-1
67,330,711,464,28,40,1,2,-1,-1
67,331,945,568,35,67,1,1,-1,-1
67,332,595,669,32,57,1,1,-1,-1
67,333,1140,182,24,41,1,1,-1,-1
67,334,1060,550,46,52,1,2,-1,-1
67,335,786,36,138,78,1,4,-1,-1
67,336,1179,875,35,59,1,2,-1,-1
68,1,728,424,29,69,1,1,-1,-1
68,5,1394,14,19,43,1,1,-1,-1
68,6,898,795,36,82,1,1,-1,-1
68,7,751,462,28,68,1,1,-1,-1
68,16,1010,274,24,48,1,1,-1,-1
68,26,815,757,40,88,1,1,-1,-1
68,27,466,815,48,52,1,2,-1,-1
68,38,1371,144,144,68,1,4,-1,-1
68,57,312,581,196,148,1,5,-1,-1
68,58,1057,693,36,64,1,2,-1,-1
68,84,789,987,42,80,1,1,-1,-1
68,85,1404,427,44,47,1,2,-1,-1
68,126,611,865,33,79,1,1,-1,-1
68,127,791,261,123,95,1,4,-1,-1
68,196,1441,992,52,51,1,2,-1,-1
68,197,688,850,42,94,1,1,-1,-1
68,198,1239,676,23,43,1,2,-1,-1
68,199,1275,97,23,30,1,2,-1,-1
68,200,925,648,31,64,1,1,-1,-1
68,201,740,1002,39,67,1,1,-1,-1
68,202,1060,631,32,64,1,1,-1,-1
68,330,710,465,28,40,1,2,-1,-1
68,331,943,571,36,67,1,1,-1,-1
68,332,593,674,32,57,1,1,-1,-1
68,333,1140,182,24,41,1,1,-1,-1
68,334,1062,549,46,52,1,2,-1,-1
68,335,799,47,111,63,1,4,-1,-1
68,336,1188,853,33,59,1,2,-1,-1
69,1,729,425,29,69,1,1,-1,-1
69,5,1391,10,15,45,1,1,-1,-1
69,6,897,797,36,82,1,1,-1,-1
69,7,750,462,28,68,1,1,-1,-1
69,16,1008,277,24,48,1,1,-1,-1
69,26,815,763,40,88,1,1,-1,-1
69,27,465,818,48,52,1,2,-1,-1
69,38,1371,145,144,68,1,4,-1,-1
69,84,788,989,42,78,1,1,-1,-1
69,85,1403,428,44,49,1,2,-1,-1
69,127,790,262,123,96,1,4,-1,-1
69,197,686,854,42,94,1,1,-1,-1
69,198,1239,677,23,43,1,2,-1,-1
69,199,1274,98,23,30,1,2,-1,-1
69,200,927,648,31,64,1,1,-1,-1
69,201,739,1005,39,64,1,1,-1,-1
69,202,1060,632,32,64,1,1,-1,-1
69,203,1437,18,14,44,1,1,-1,-1
69,332,592,679,32,57,1,1,-1,-1
69,333,1140,182,24,41,1,1,-1,-1
69,334,1064,548,46,52,1,2,-1,-1
69,335,809,43,110,62,1,4,-1,-1
69,336,1188,855,33,59,1,2,-1,-1
69,337,1311,17,14,41,1,1,-1,-1
70,1,729,426,29,69,1,1,-1,-1
70,5,1391,10,15,45,1,1,-1,-1
70,6,896,799,36,82,1,1,-1,-1
70,7,741,455,34,82,1,1,-1,-1
70,16,1006,278,24,48,1,1,-1,-1
70,26,815,770,40,88,1,1,-1,-1
70,27,463,819,48,52,1,2,-1,-1
70,38,1371,145,144,68,1,4,-1,-1
70,85,1401,429,44,51,1,2,-1,-1
70,127,789,262,123,97,1,4,-1,-1
70,128,682,912,39,88,1,1,-1,-1
70,200,929,647,31,64,1,1,-1,-1
70,201,746,981,46,64,1,1,-1,-1
70,202,1060,634,32,64,1,1,-1,-1
70,203,1437,19,14,44,1,1,-1,-1
70,204,608,871,33,79,1,1,-1,-1
70,334,1066,547,46,52,1,2,-1,-1
70,335,820,39,108,61,1,4,-1,-1
70,336,1188,857,33,59,1,2,-1,-1
70,337,1311,18,14,41,1,1,-1,-1
70,338,1442,998,52,51,1,2,-1,-1
71,5,1391,10,15,45,1,1,-1,-1
71,6,905,777,30,72,1,1,-1,-1
71,7,747,464,28,68,1,1,-1,-1
71,16,1004,280,24,48,1,1,-1,-1
71,26,815,776,40,88,1,1,-1,-1
71,27,462,821,48,52,1,2,-1,-1
71,38,1371,146,144,68,1,4,-1,-1
71,59,866,541,24,45,1,2,-1,-1
71,85,1400,431,44,52,1,2,-1,-1
71,86,747,890,34,100,1,1,-1,-1
71,127,795,265,117,92,1,4,-1,-1
71,128,680,862,42,94,1,1,-1,-1
71,201,745,983,46,63,1,1,-1,-1
71,202,1059,635,32,64,1,1,-1,-1
71,203,1437,20,14,44,1,1,-1,-1
71,204,606,875,33,79,1,1,-1,-1
71,335,830,35,107,61,1,4,-1,-1
71,336,1188,859,33,59,1,2,-1,-1
71,337,1311,19,14,41,1,1,-1,-1
71,338,1442,1001,52,51,1,2,-1,-1
71,339,1273,99,23,30,1,2,-1,-1
72,6,902,779,31,72,1,1,-1,-1
72,7,746,465,28,68,1,1,-1,-1
72,8,590,847,30,70,1,1,-1,-1
72,16,1002,282,24,48,1,1,-1,-1
72,26,816,782,39,88,1,1,-1,-1
72,27,461,823,48,52,1,2,-1,-1
72,38,1371,146,144,68,1,4,-1,-1
72,59,865,542,24,45,1,2,-1,-1
72,85,1399,432,43,54,1,2,-1,-1
72,86,746,892,34,100,1,1,-1,-1
72,128,685,909,39,88,1,1,-1,-1
72,129,1070,545,46,52,1,2,-1,-1
72,130,1295,157,27,56,1,1,-1,-1
72,203,1437,22,14,44,1,1,-1,-1
72,204,605,878,33,79,1,1,-1,-1
72,337,1311,20,14,41,1,1,-1,-1
72,338,1442,1004,52,51,1,2,-1,-1
72,339,1273,100,23,30,1,2,-1,-1
72,340,578,514,39,76,1,1,-1,-1
73,6,893,805,36,82,1,1,-1,-1
73,7,745,466,28,68,1,1,-1,-1
73,8,588,849,30,70,1,1,-1,-1
73,16,1001,284,24,48,1,1,-1,-1
73,26,816,788,39,88,1,1,-1,-1
73,27,460,825,48,52,1,2,-1,-1
73,38,1371,147,144,68,1,4,-1,-1
73,59,864,544,24,44,1,2,-1,-1
73,60,1171,705,25,51,1,2,-1,-1
73,85,1398,434,43,55,1,2,-1,-1
73,86,745,894,34,99,1,1,-1,-1
73,87,1377,9,17,41,1,1,-1,-1
73,128,675,869,42,94,1,1,-1,-1
73,129,1072,544,46,52,1,2,-1,-1
73,130,1296,157,27,56,1,1,-1,-1
73,203,1436,23,14,44,1,1,-1,-1
73,204,608,889,40,95,1,1,-1,-1
73,337,1310,20,14,41,1,1,-1,-1
73,338,1442,1008,52,51,1,2,-1,-1
73,339,1273,100,23,30,1,2,-1,-1
73,340,577,514,39,76,1,1,-1,-1
73,341,1285,876,27,49,1,2,-1,-1
74,6,892,807,36,82,1,1,-1,-1
74,7,746,464,25,60,1,1,-1,-1
74,8,587,851,30,70,1,1,-1,-1
74,16,999,286,24,48,1,1,-1,-1
74,26,816,795,40,88,1,1,-1,-1
74,27,459,827,48,52,1,2,-1,-1
74,38,1371,147,144,68,1,4,-1,-1
74,39,122,770,66,82,1,1,-1,-1
74,59,864,545,24,44,1,2,-1,-1
74,60,1172,707,25,51,1,2,-1,-1
74,85,1398,435,43,55,1,2,-1,-1
74,86,744,896,34,99,1,1,-1,-1
74,87,1381,16,13,34,1,1,-1,-1
74,128,673,871,42,95,1,1,-1,-1
74,129,1074,543,46,52,1,2,-1,-1
74,130,1296,157,27,56,1,1,-1,-1
74,131,1497,1,14,46,1,1,-1,-1
74,203,1435,25,14,44,1,1,-1,-1
74,204,609,920,46,82,1,1,-1,-1
74,338,1442,1011,52,51,1,2,-1,-1
74,339,1273,100,23,30,1,2,-1,-1
74,340,576,515,39,76,1,1,-1,-1
74,341,1285,879,27,49,1,2,-1,-1
74,342,0,820,187,212,1,8,-1,-1
75,6,892,809,36,82,1,1,-1,-1
75,7,742,468,28,68,1,1,-1,-1
75,8,593,866,37,87,1,1,-1,-1
75,16,997,288,24,48,1,1,-1,-1
75,26,816,801,40,88,1,1,-1,-1
75,27,458,828,48,52,1,2,-1,-1
75,39,125,768,66,82,1,1,-1,-1
75,40,790,471,26,48,1,1,-1,-1
75,59,863,546,24,44,1,2,-1,-1
75,60,1172,708,25,51,1,2,-1,-1
75,86,743,897,34,100,1,1,-1,-1
75,87,1383,11,18,39,1,1,-1,-1
75,128,671,873,41,96,1,1,-1,-1
75,129,1076,542,46,52,1,2,-1,-1
75,130,1300,134,32,67,1,1,-1,-1
75,131,1497,1,15,46,1,1,-1,-1
75,132,706,473,28,40,1,2,-1,-1
75,133,1239,687,23,43,1,2,-1,-1
75,204,608,923,46,82,1,1,-1,-1
75,339,1273,100,23,30,1,2,-1,-1
75,340,576,516,39,76,1,1,-1,-1
75,341,1285,881,27,49,1,2,-1,-1
75,342,0,822,185,212,1,8,-1,-1
76,6,891,810,36,82,1,1,-1,-1
76,7,734,465,23,55,1,1,-1,-1
76,8,598,891,33,79,1,1,-1,-1
76,16,995,290,24,48,1,1,-1,-1
76,26,817,807,39,88,1,1,-1,-1
76,27,457,830,48,52,1,2,-1,-1
76,39,127,767,66,82,1,1,-1,-1
76,40,791,472,26,48,1,1,-1,-1
76,41,682,331,112,104,1,4,-1,-1
76,59,862,547,24,44,1,2,-1,-1
76,60,1172,709,25,51,1,2,-1,-1
76,86,742,899,34,100,1,1,-1,-1
76,87,1391,10,15,45,1,1,-1,-1
76,128,669,875,41,96,1,1,-1,-1
76,129,1077,540,45,52,1,2,-1,-1
76,130,1297,157,27,56,1,1,-1,-1
76,131,1498,1,14,46,1,1,-1,-1
76,132,705,474,28,40,1,2,-1,-1
76,133,1239,689,23,43,1,2,-1,-1
76,340,575,516,39,77,1,1,-1,-1
76,341,1285,884,27,49,1,2,-1,-1
76,342,0,824,183,212,1,8,-1,-1
76,343,656,590,29,68,1,1,-1,-1
77,6,890,812,36,82,1,1,-1,-1
77,7,740,470,28,68,1,1,-1,-1
77,8,597,895,33,79,1,1,-1,-1
77,16,994,292,24,48,1,1,-1,-1
77,27,456,832,48,52,1,2,-1,-1
77,39,130,765,66,82,1,1,-1,-1
77,40,792,474,27,47,1,1,-1,-1
77,41,682,332,111,104,1,4,-1,-1
77,59,862,549,24,44,1,2,-1,-1
77,60,1172,710,25,51,1,2,-1,-1
77,86,741,901,34,100,1,1,-1,-1
77,87,1391,10,15,45,1,1,-1,-1
77,129,1078,538,44,52,1,2,-1,-1
77,130,1297,157,27,56,1,1,-1,-1
77,131,1498,0,14,47,1,1,-1,-1
77,132,705,475,28,40,1,2,-1,-1
77,133,1239,690,23,43,1,2,-1,-1
77,134,806,377,36,56,1,2,-1,-1
77,135,1423,877,35,69,1,2,-1,-1
77,205,857,387,41,60,1,10,-1,-1
77,206,1447,71,139,60,1,4,-1,-1
77,207,809,544,35,32,1,2,-1,-1
77,341,1282,879,33,61,1,2,-1,-1
77,342,0,827,181,212,1,8,-1,-1
77,343,652,593,29,68,1,1,-1,-1
78,6,889,814,36,82,1,1,-1,-1
78,7,740,470,28,68,1,1,-1,-1
78,8,589,897,31,75,1,1,-1,-1
78,16,992,294,24,48,1,1,-1,-1
78,27,454,834,48,52,1,2,-1,-1
78,39,123,774,44,87,1,1,-1,-1
78,40,792,475,28,47,1,1,-1,-1
78,41,681,332,111,104,1,4,-1,-1
78,59,842,542,42,53,1,2,-1,-1
78,60,1172,711,25,51,1,2,-1,-1
78,86,740,903,34,100,1,1,-1,-1
78,87,1391,10,15,45,1,1,-1,-1
78,129,1079,537,44,52,1,2,-1,-1
78,130,1298,157,27,56,1,1,-1,-1
78,131,1498,0,14,47,1,1,-1,-1
78,132,704,476,28,40,1,2,-1,-1
78,133,1239,692,23,43,1,2,-1,-1
78,134,805,377,36,56,1,2,-1,-1
78,135,1423,880,35,69,1,2,-1,-1
78,205,856,388,41,59,1,10,-1,-1
78,206,1447,71,139,61,1,4,-1,-1
78,207,808,545,35,32,1,2,-1,-1
78,208,383,849,36,52,1,2,-1,-1
78,209,1371,149,144,68,1,4,-1,-1
78,342,0,829,179,212,1,8,-1,-1
78,343,649,596,29,68,1,1,-1,-1
78,344,839,612,31,65,1,1,-1,-1
78,345,904,7,96,55,1,4,-1,-1
79,6,888,794,30,72,1,1,-1,-1
79,8,594,902,33,79,1,1,-1,-1
79,16,990,296,24,48,1,1,-1,-1
79,39,110,753,46,90,1,1,-1,-1
79,40,786,450,32,55,1,1,-1,-1
79,41,680,333,112,104,1,4,-1,-1
79,59,842,548,47,59,1,2,-1,-1
79,60,1172,712,25,51,1,2,-1,-1
79,87,1391,10,15,45,1,1,-1,-1
79,131,1498,0,14,47,1,1,-1,-1
79,132,703,477,28,40,1,2,-1,-1
79,133,1239,694,23,43,1,2,-1,-1
79,134,805,378,36,56,1,2,-1,-1
79,135,1423,882,35,69,1,2,-1,-1
79,136,1019,736,52,56,1,2,-1,-1
79,137,1251,751,33,25,1,2,-1,-1
79,205,856,389,41,59,1,10,-1,-1
79,206,1448,71,138,61,1,4,-1,-1
79,207,807,546,35,32,1,2,-1,-1
79,208,381,834,33,48,1,2,-1,-1
79,209,1338,140,176,83,1,4,-1,-1
79,210,746,586,32,48,1,2,-1,-1
79,343,646,599,29,68,1,1,-1,-1
79,344,839,613,31,65,1,1,-1,-1
79,345,915,3,94,55,1,4,-1,-1
80,6,887,818,37,82,1,1,-1,-1
80,8,594,902,33,79,1,1,-1,-1
80,39,111,751,46,90,1,1,-1,-1
80,40,774,444,33,68,1,1,-1,-1
80,41,680,334,111,104,1,4,-1,-1
80,60,1172,714,25,51,1,2,-1,-1
80,87,1391,10,15,45,1,1,-1,-1
80,131,1498,0,15,46,1,1,-1,-1
80,132,703,478,28,40,1,2,-1,-1
80,133,1239,695,23,43,1,2,-1,-1
80,134,804,379,36,56,1,2,-1,-1
80,135,1423,885,35,69,1,2,-1,-1
80,136,1018,738,52,56,1,2,-1,-1
80,137,1254,754,31,24,1,2,-1,-1
80,205,855,389,41,60,1,10,-1,-1
80,206,1448,71,138,61,1,4,-1,-1
80,207,806,548,35,32,1,2,-1,-1
80,208,380,836,33,48,1,2,-1,-1
80,209,1371,150,144,68,1,4,-1,-1
80,210,745,587,32,48,1,2,-1,-1
80,211,0,43,168,107,1,6,-1,-1
80,212,740,904,34,100,1,1,-1,-1
80,213,977,318,21,48,1,1,-1,-1
80,214,1105,717,49,73,1,2,-1,-1
80,343,652,618,27,64,1,1,-1,-1
80,344,839,614,31,65,1,1,-1,-1
80,345,918,2,94,53,1,4,-1,-1
80,346,925,613,32,60,1,1,-1,-1
81,6,884,798,30,72,1,1,-1,-1
81,8,594,902,33,79,1,1,-1,-1
81,39,113,748,46,90,1,1,-1,-1
81,40,774,444,33,68,1,1,-1,-1
81,41,679,335,112,104,1,4,-1,-1
81,60,1172,715,25,51,1,2,-1,-1
81,132,702,479,28,40,1,2,-1,-1
81,133,1239,697,23,43,1,2,-1,-1
81,134,804,380,36,56,1,2,-1,-1
81,135,1424,887,35,69,1,2,-1,-1
81,136,1018,739,52,56,1,2,-1,-1
81,137,1253,754,33,25,1,2,-1,-1
81,205,855,390,41,60,1,10,-1,-1
81,206,1449,72,137,61,1,4,-1,-1
81,207,805,549,35,32,1,2,-1,-1
81,208,379,838,33,48,1,2,-1,-1
81,209,1371,151,144,68,1,4,-1,-1
81,210,744,589,32,48,1,2,-1,-1
81,211,0,43,167,107,1,6,-1,-1
81,212,740,904,34,100,1,1,-1,-1
81,213,976,320,21,48,1,1,-1,-1
81,214,1105,718,49,73,1,2,-1,-1
81,344,839,616,31,64,1,1,-1,-1
81,345,922,2,94,51,1,4,-1,-1
81,346,919,605,36,68,1,1,-1,-1
81,347,693,568,31,49,1,2,-1,-1
81,348,771,929,27,79,1,1,-1,-1
81,349,1286,892,27,49,1,2,-1,-1
81,350,1367,2,20,44,1,1,-1,-1
81,351,1429,0,14,38,1,1,-1,-1
81,352,987,300,24,48,1,1,-1,-1
82,6,885,822,37,82,1,1,-1,-1
82,8,594,902,33,79,1,1,-1,-1
82,39,115,746,46,90,1,1,-1,-1
82,40,774,444,33,68,1,1,-1,-1
82,41,678,335,112,104,1,4,-1,-1
82,134,803,381,36,56,1,2,-1,-1
82,135,1424,890,35,69,1,2,-1,-1
82,136,1017,741,52,56,1,2,-1,-1
82,137,1254,756,33,25,1,2,-1,-1
82,205,855,391,41,60,1,10,-1,-1
82,206,1448,73,135,61,1,4,-1,-1
82,207,810,544,30,27,1,2,-1,-1
82,208,378,840,33,48,1,2,-1,-1
82,209,1371,151,144,68,1,4,-1,-1
82,210,743,590,32,48,1,2,-1,-1
82,211,0,43,166,107,1,6,-1,-1
82,212,740,904,34,100,1,1,-1,-1
82,213,974,322,21,48,1,1,-1,-1
82,214,1105,720,49,73,1,2,-1,-1
82,344,839,617,30,64,1,1,-1,-1
82,345,926,2,94,48,1,4,-1,-1
82,346,928,631,32,69,1,1,-1,-1
82,347,692,568,31,49,1,2,-1,-1
82,348,775,909,33,87,1,1,-1,-1
82,349,1286,894,27,49,1,2,-1,-1
82,350,1377,6,17,41,1,1,-1,-1
82,351,1429,0,14,38,1,1,-1,-1
82,352,985,302,24,48,1,1,-1,-1
83,8,594,902,33,79,1,1,-1,-1
83,39,116,744,46,90,1,1,-1,-1
83,40,765,426,41,84,1,1,-1,-1
83,41,678,336,112,104,1,4,-1,-1
83,134,803,382,36,56,1,2,-1,-1
83,135,1424,892,35,69,1,2,-1,-1
83,136,1017,743,52,56,1,2,-1,-1
83,137,1255,758,33,25,1,2,-1,-1
83,208,377,842,33,48,1,2,-1,-1
83,209,1371,152,144,68,1,4,-1,-1
83,210,742,591,32,48,1,2,-1,-1
83,211,0,44,165,107,1,6,-1,-1
83,212,740,904,34,100,1,1,-1,-1
83,213,973,324,21,48,1,1,-1,-1
83,214,1105,721,49,73,1,2,-1,-1
83,346,915,610,36,68,1,1,-1,-1
83,347,691,569,31,49,1,2,-1,-1
83,348,775,909,33,87,1,1,-1,-1
83,349,1286,896,27,49,1,2,-1,-1
83,350,1377,5,17,41,1,1,-1,-1
83,351,1429,0,14,38,1,1,-1,-1
83,352,983,304,24,48,1,1,-1,-1
84,8,594,902,33,79,1,1,-1,-1
84,40,773,444,33,68,1,1,-1,-1
84,41,689,321,118,109,1,4,-1,-1
84,136,1016,745,52,56,1,2,-1,-1
84,137,1256,760,33,25,1,2,-1,-1
84,210,741,592,32,48,1,2,-1,-1
84,211,0,44,164,107,1,6,-1,-1
84,212,740,904,34,100,1,1,-1,-1
84,213,971,326,21,48,1,1,-1,-1
84,214,1105,722,49,73,1,2,-1,-1
84,346,913,613,36,68,1,1,-1,-1
84,347,690,570,31,49,1,2,-1,-1
84,348,775,909,33,87,1,1,-1,-1
84,349,1286,898,27,49,1,2,-1,-1
84,350,1369,12,23,50,1,1,-1,-1
84,351,1429,0,14,38,1,1,-1,-1
84,352,981,306,24,48,1,1,-1,-1
85,8,594,902,33,79,1,1,-1,-1
85,41,677,338,112,104,1,4,-1,-1
85,136,1016,747,52,56,1,2,-1,-1
85,137,1257,762,33,25,1,2,-1,-1
85,211,0,45,164,107,1,6,-1,-1
85,212,741,904,34,100,1,1,-1,-1
85,213,970,329,21,48,1,1,-1,-1
85,214,1105,724,49,73,1,2,-1,-1
85,347,689,571,31,49,1,2,-1,-1
85,348,775,909,33,87,1,1,-1,-1
85,349,1287,900,27,49,1,2,-1,-1
85,350,1378,5,17,41,1,1,-1,-1
85,351,1429,1,14,38,1,1,-1,-1
85,352,983,322,24,49,1,1,-1,-1
