1,19,572.00,168.00,25.00,45.00,1,1,-1,-1
1,18,1202.00,373.00,47.00,90.00,1,2,-1,-1
1,17,1189.00,361.00,85.00,119.00,1,2,-1,-1
1,16,1176.00,388.00,110.00,122.00,1,10,-1,-1
1,15,1063.00,228.00,42.00,104.00,1,1,-1,-1
1,14,837.00,320.00,28.00,58.00,1,1,-1,-1
1,13,822.00,300.00,33.00,80.00,1,2,-1,-1
1,12,805.00,163.00,32.00,75.00,1,1,-1,-1
1,11,764.00,284.00,43.00,114.00,1,1,-1,-1
1,10,722.00,162.00,18.00,40.00,1,1,-1,-1
1,9,697.00,288.00,43.00,132.00,1,1,-1,-1
1,8,677.00,151.00,17.00,60.00,1,1,-1,-1
1,7,660.00,233.00,43.00,49.00,1,10,-1,-1
1,6,650.00,235.00,37.00,66.00,1,2,-1,-1
1,5,625.00,417.00,91.00,120.00,1,10,-1,-1
1,4,588.00,190.00,26.00,47.00,1,1,-1,-1
1,3,569.00,183.00,24.00,27.00,1,2,-1,-1
1,2,371.00,565.00,47.00,65.00,1,2,-1,-1
2,23,862.00,287.00,27.00,57.00,1,1,-1,-1
2,22,1099.00,241.00,42.00,98.00,1,1,-1,-1
2,21,740.00,149.00,19.00,59.00,1,1,-1,-1
2,20,632.00,491.00,124.00,180.00,1,10,-1,-1
2,18,1201.00,376.00,47.00,90.00,1,2,-1,-1
2,15,1068.07,232.83,42.86,105.35,1,1,-1,-1
2,13,821.80,303.32,38.40,84.37,1,2,-1,-1
2,12,805.95,165.12,32.10,75.76,1,1,-1,-1
2,11,765.75,291.69,42.50,115.61,1,1,-1,-1
2,8,677.00,153.00,17.00,60.00,1,1,-1,-1
2,7,660.00,236.00,43.00,49.00,1,10,-1,-1
2,3,569.00,184.00,24.00,27.00,1,2,-1,-1
3,26,834.00,285.00,43.00,108.00,1,1,-1,-1
3,25,358.00,593.00,47.00,62.00,1,2,-1,-1
3,24,215.00,688.00,82.00,67.00,1,1,-1,-1
3,22,1105.95,246.12,42.10,98.76,1,1,-1,-1
3,18,1200.00,379.94,47.00,90.00,1,2,-1,-1
3,16,1175.68,392.36,109.64,123.28,1,10,-1,-1
3,14,844.89,339.23,28.22,59.53,1,1,-1,-1
3,13,821.49,307.27,44.01,88.41,1,2,-1,-1
3,9,698.46,296.67,48.07,140.66,1,1,-1,-1
3,7,669.70,224.82,45.24,51.01,1,10,-1,-1
3,6,650.13,242.78,36.74,64.45,1,2,-1,-1
3,5,622.85,439.20,95.30,126.60,1,10,-1,-1
3,4,586.11,191.80,26.77,47.40,1,1,-1,-1
3,2,368.65,585.20,52.69,81.60,1,2,-1,-1
4,18,1199.85,383.95,47.00,90.00,1,2,-1,-1
5,18,1195.91,376.98,66.57,113.53,1,2,-1,-1
5,9,699.78,311.09,52.64,146.41,1,1,-1,-1
6,20,635.12,552.33,131.90,179.94,1,10,-1,-1
6,18,1192.94,378.24,75.34,119.50,1,2,-1,-1
6,3,567.68,190.07,23.87,28.21,1,2,-1,-1
7,20,633.83,567.41,132.56,174.66,1,10,-1,-1
7,3,569.20,191.49,24.04,31.08,1,2,-1,-1
8,20,632.55,582.08,133.83,169.32,1,10,-1,-1
8,11,777.02,329.68,43.55,129.23,1,1,-1,-1
9,32,677.97,167.03,18.06,62.99,1,1,-1,-1
10,26,855.36,346.32,50.25,120.46,1,1,-1,-1
11,26,858.86,355.48,51.01,121.91,1,1,-1,-1
12,20,632.14,662.63,132.21,106.23,1,10,-1,-1
13,47,1194.41,418.90,49.20,85.97,1,2,-1,-1
13,20,631.42,687.47,132.32,81.44,1,10,-1,-1
14,50,745.84,170.88,21.06,62.09,1,1,-1,-1
14,47,1194.86,421.58,48.55,87.11,1,2,-1,-1
15,50,746.03,173.69,21.10,62.24,1,1,-1,-1
15,47,1195.90,424.97,48.11,87.90,1,2,-1,-1
16,57,735.97,195.16,17.04,38.58,1,1,-1,-1
16,55,648.71,300.46,40.48,70.13,1,2,-1,-1
16,54,587.92,222.73,31.18,56.15,1,1,-1,-1
16,50,746.04,176.82,21.16,62.71,1,1,-1,-1
16,49,665.96,290.00,43.00,47.00,1,10,-1,-1
16,47,1196.36,428.63,47.80,88.47,1,2,-1,-1
17,61,807.40,421.54,52.80,149.52,1,1,-1,-1
17,57,735.84,198.38,16.48,38.11,1,1,-1,-1
17,55,647.86,305.10,40.59,70.83,1,2,-1,-1
17,50,746.03,179.84,21.18,62.97,1,1,-1,-1
17,47,1196.59,431.73,47.58,88.88,1,2,-1,-1
18,57,736.45,201.63,15.76,37.63,1,1,-1,-1
18,55,647.60,310.09,40.67,71.59,1,2,-1,-1
18,50,746.16,182.85,21.58,63.78,1,1,-1,-1
19,55,642.71,314.18,41.05,72.21,1,2,-1,-1
20,70,828.14,215.81,31.05,90.15,1,1,-1,-1
21,61,804.71,466.50,57.83,161.73,1,1,-1,-1
23,76,1184.38,431.99,76.89,118.68,1,2,-1,-1
23,75,705.29,507.70,73.22,201.28,1,1,-1,-1
23,73,648.50,315.87,43.16,50.99,1,10,-1,-1
24,80,909.44,476.10,68.12,143.90,1,1,-1,-1
24,76,1183.93,431.19,80.27,119.52,1,2,-1,-1
24,75,708.85,520.20,75.57,204.50,1,1,-1,-1
24,63,1164.21,460.48,101.25,122.36,1,2,-1,-1
24,54,561.35,236.53,35.19,63.26,1,1,-1,-1
25,84,945.91,578.75,44.52,105.35,1,2,-1,-1
25,80,914.53,485.99,69.93,145.93,1,1,-1,-1
25,76,1184.16,430.49,82.37,119.70,1,2,-1,-1
25,75,713.18,532.62,78.51,207.74,1,1,-1,-1
25,63,1166.85,460.03,101.78,123.05,1,2,-1,-1
26,76,1184.54,430.04,83.56,120.03,1,2,-1,-1
26,75,718.14,545.42,81.45,210.88,1,1,-1,-1
26,63,1169.86,459.64,102.07,123.43,1,2,-1,-1
27,89,839.19,227.63,34.40,104.82,1,1,-1,-1
27,75,724.05,556.42,84.93,208.07,1,1,-1,-1
27,26,921.99,567.78,59.40,131.92,1,1,-1,-1
28,75,728.42,569.87,88.15,198.46,1,1,-1,-1
28,26,930.56,581.66,61.81,135.19,1,1,-1,-1
29,75,732.15,585.30,91.41,185.00,1,1,-1,-1
30,99,735.92,193.16,24.16,67.83,1,1,-1,-1
30,75,736.27,601.99,94.78,169.12,1,1,-1,-1
31,103,970.79,561.10,92.11,180.50,1,1,-1,-1
31,99,736.90,194.26,24.20,68.42,1,1,-1,-1
31,95,655.87,336.03,47.20,56.92,1,10,-1,-1
31,75,738.06,619.86,95.09,151.65,1,1,-1,-1
32,103,981.63,574.88,88.09,169.82,1,1,-1,-1
32,99,738.62,195.37,24.25,69.16,1,1,-1,-1
32,63,1188.67,458.01,101.88,125.72,1,2,-1,-1
33,106,747.15,194.50,26.22,56.94,1,1,-1,-1
33,103,994.81,590.57,86.83,158.58,1,1,-1,-1
33,63,1191.86,458.40,101.50,125.48,1,2,-1,-1
34,108,786.81,168.04,25.24,41.79,1,10,-1,-1
34,106,748.15,195.41,26.32,57.89,1,1,-1,-1
34,105,729.84,213.47,17.32,50.06,1,1,-1,-1
34,101,693.05,191.28,26.72,74.56,1,1,-1,-1
34,63,1194.70,458.57,100.61,125.25,1,2,-1,-1
34,26,1003.65,672.35,71.33,98.93,1,1,-1,-1
35,114,665.97,203.13,18.07,70.84,1,1,-1,-1
35,110,872.08,253.55,34.76,105.83,1,1,-1,-1
35,106,743.54,199.87,26.53,62.18,1,1,-1,-1
35,105,731.54,214.52,17.35,50.95,1,1,-1,-1
36,106,742.84,201.18,26.86,65.30,1,1,-1,-1
36,105,731.38,215.57,17.37,51.86,1,1,-1,-1
37,106,749.10,198.72,27.14,65.80,1,1,-1,-1
37,105,731.10,216.74,17.03,52.51,1,1,-1,-1
38,119,552.00,255.12,32.21,68.83,1,1,-1,-1
38,106,752.68,198.37,27.30,66.05,1,1,-1,-1
38,105,731.85,217.89,17.18,53.91,1,1,-1,-1
39,119,551.77,257.22,32.26,69.42,1,1,-1,-1
39,106,755.80,199.42,27.02,65.69,1,1,-1,-1
40,119,551.00,259.92,32.26,69.74,1,1,-1,-1
40,106,756.93,200.48,26.82,65.42,1,1,-1,-1
40,63,1211.23,459.26,88.06,117.29,1,2,-1,-1
41,130,746.82,204.98,25.40,72.05,1,1,-1,-1
41,128,533.43,232.71,25.36,38.68,1,2,-1,-1
41,63,1218.46,465.34,88.80,118.85,1,2,-1,-1
42,128,532.28,234.34,26.17,38.94,1,2,-1,-1
42,63,1229.20,462.81,91.24,122.51,1,2,-1,-1
43,125,688.21,179.31,38.25,98.23,1,1,-1,-1
43,63,1226.40,466.23,90.74,122.25,1,2,-1,-1
44,125,690.26,192.60,36.33,92.21,1,1,-1,-1
44,63,1225.33,467.35,90.36,121.77,1,2,-1,-1
45,63,1231.65,456.60,81.17,109.88,1,2,-1,-1
46,131,1230.87,434.92,80.35,123.26,1,2,-1,-1
46,63,1228.63,464.91,83.17,112.56,1,2,-1,-1
47,139,747.45,209.48,24.88,65.53,1,1,-1,-1
47,126,782.12,178.27,26.62,51.01,1,10,-1,-1
47,63,1221.68,466.99,84.31,114.42,1,2,-1,-1
48,139,748.15,204.56,32.42,90.64,1,1,-1,-1
48,138,636.90,408.91,59.48,75.73,1,10,-1,-1
48,136,891.99,301.73,45.08,122.51,1,1,-1,-1
49,138,629.29,428.54,78.59,112.18,1,10,-1,-1
52,146,695.58,223.80,25.56,80.80,1,1,-1,-1
53,153,467.19,294.89,33.12,80.16,1,1,-1,-1
54,158,1199.07,439.87,45.87,89.16,1,2,-1,-1
54,155,607.65,445.01,66.15,87.89,1,10,-1,-1
54,153,464.40,297.93,34.02,80.27,1,1,-1,-1
55,162,710.54,216.64,23.77,69.75,1,1,-1,-1
56,162,710.26,226.48,23.67,71.34,1,1,-1,-1
57,162,711.00,231.72,23.61,72.71,1,1,-1,-1
58,162,712.01,235.64,23.59,74.33,1,1,-1,-1
58,156,741.57,229.31,23.86,37.70,1,2,-1,-1
58,63,1193.42,465.11,82.90,119.88,1,2,-1,-1
