1,17,641.00,242.00,35.00,62.00,1,2,-1,-1
1,16,814.00,301.00,30.00,73.00,1,2,-1,-1
1,15,219.00,630.00,112.00,146.00,1,1,-1,-1
1,14,1202.00,373.00,47.00,90.00,1,2,-1,-1
1,13,1189.00,361.00,85.00,119.00,1,2,-1,-1
1,12,1093.00,236.00,41.00,97.00,1,1,-1,-1
1,11,837.00,320.00,28.00,58.00,1,1,-1,-1
1,10,805.00,163.00,32.00,75.00,1,1,-1,-1
1,9,722.00,162.00,18.00,40.00,1,1,-1,-1
1,8,697.00,288.00,43.00,132.00,1,1,-1,-1
1,7,677.00,151.00,17.00,60.00,1,1,-1,-1
1,6,650.00,235.00,37.00,66.00,1,2,-1,-1
1,5,625.00,417.00,91.00,120.00,1,10,-1,-1
1,4,588.00,190.00,26.00,47.00,1,1,-1,-1
1,3,569.00,183.00,24.00,27.00,1,2,-1,-1
1,2,371.00,565.00,47.00,65.00,1,2,-1,-1
2,23,1068.00,233.00,43.00,105.00,1,1,-1,-1
2,22,766.00,291.00,42.00,117.00,1,1,-1,-1
2,21,660.00,236.00,43.00,49.00,1,10,-1,-1
2,20,380.00,607.00,26.00,47.00,1,1,-1,-1
2,19,693.00,128.00,13.00,47.00,1,1,-1,-1
2,18,1176.00,390.00,109.00,123.00,1,10,-1,-1
2,16,821.82,303.28,38.36,84.43,1,2,-1,-1
2,15,227.83,665.90,78.33,91.19,1,1,-1,-1
2,14,1201.00,376.00,47.00,90.00,1,2,-1,-1
2,13,1156.10,359.90,119.80,167.20,1,2,-1,-1
2,12,1099.07,240.84,41.86,98.32,1,1,-1,-1
2,11,829.89,280.73,44.23,101.55,1,1,-1,-1
2,9,723.00,163.00,18.00,40.00,1,1,-1,-1
2,8,698.24,290.28,45.51,136.43,1,1,-1,-1
2,7,677.00,153.00,17.00,60.00,1,1,-1,-1
2,6,650.07,238.88,36.87,65.24,1,2,-1,-1
2,4,587.00,191.00,26.00,47.00,1,1,-1,-1
2,3,569.00,184.00,24.00,27.00,1,2,-1,-1
2,2,364.17,578.76,46.66,63.47,1,2,-1,-1
3,28,669.00,187.00,13.00,43.00,1,1,-1,-1
3,27,1114.00,235.00,37.00,88.00,1,1,-1,-1
3,26,808.00,168.00,32.00,77.00,1,1,-1,-1
3,25,633.00,507.00,127.00,180.00,1,10,-1,-1
3,24,370.00,583.00,50.00,86.00,1,1,-1,-1
3,22,767.75,298.71,41.49,118.58,1,1,-1,-1
3,21,660.10,239.88,42.79,48.24,1,10,-1,-1
3,18,1186.81,371.86,88.38,110.29,1,10,-1,-1
3,16,843.12,334.26,31.06,67.65,1,2,-1,-1
3,15,218.24,683.45,75.87,75.93,1,1,-1,-1
3,12,1105.91,245.96,42.13,99.08,1,1,-1,-1
3,10,809.96,168.08,27.07,63.84,1,1,-1,-1
3,9,724.94,164.00,18.00,40.00,1,1,-1,-1
3,7,677.17,154.61,17.61,60.78,1,1,-1,-1
3,6,650.13,242.78,36.74,64.45,1,2,-1,-1
3,5,622.85,439.20,95.30,126.60,1,10,-1,-1
3,4,586.17,191.80,26.61,47.40,1,1,-1,-1
3,2,358.19,592.72,46.50,62.51,1,2,-1,-1
4,16,850.66,349.26,28.41,62.22,1,2,-1,-1
4,15,208.32,702.48,71.93,57.90,1,1,-1,-1
4,9,726.11,165.00,18.00,40.00,1,1,-1,-1
4,7,677.98,156.57,17.84,60.87,1,1,-1,-1
4,6,650.13,246.85,36.74,64.16,1,2,-1,-1
4,4,585.98,193.62,26.84,47.45,1,1,-1,-1
4,2,351.49,606.51,46.23,61.09,1,2,-1,-1
5,21,660.90,246.84,42.89,48.32,1,10,-1,-1
5,18,1189.85,378.71,82.34,108.07,1,10,-1,-1
5,16,855.97,360.80,26.85,59.62,1,2,-1,-1
5,7,678.13,158.76,17.99,61.27,1,1,-1,-1
5,4,585.93,195.63,26.95,47.42,1,1,-1,-1
6,21,661.20,250.65,42.71,47.69,1,10,-1,-1
6,18,1190.07,383.28,81.12,107.34,1,10,-1,-1
6,16,860.27,370.54,26.70,59.79,1,2,-1,-1
6,7,678.11,160.96,18.10,61.84,1,1,-1,-1
6,4,585.92,197.68,27.00,47.37,1,1,-1,-1
7,18,1190.23,387.33,80.56,106.92,1,10,-1,-1
7,16,864.11,380.32,26.75,60.50,1,2,-1,-1
7,12,1132.76,266.85,43.37,102.73,1,1,-1,-1
7,4,586.08,199.63,27.42,47.51,1,1,-1,-1
8,16,868.36,389.72,26.55,61.53,1,2,-1,-1
8,12,1141.10,273.57,43.47,103.57,1,1,-1,-1
8,6,650.23,262.72,37.61,63.39,1,2,-1,-1
8,2,325.72,668.51,45.53,56.55,1,2,-1,-1
9,38,619.53,517.47,101.43,135.93,1,10,-1,-1
9,29,744.01,160.76,20.08,61.37,1,1,-1,-1
9,16,872.35,399.18,26.43,62.37,1,2,-1,-1
9,14,1196.13,401.95,47.00,90.00,1,2,-1,-1
9,8,703.01,345.05,58.56,155.55,1,1,-1,-1
9,2,319.38,684.82,45.20,55.24,1,2,-1,-1
10,38,617.33,522.63,107.84,144.88,1,10,-1,-1
10,29,744.22,162.61,20.49,61.69,1,1,-1,-1
10,16,876.23,408.39,26.44,63.72,1,2,-1,-1
10,8,698.86,344.95,60.71,160.50,1,1,-1,-1
10,2,322.87,707.96,46.93,49.00,1,2,-1,-1
11,38,602.34,506.03,111.78,150.23,1,10,-1,-1
11,29,744.76,164.69,20.36,61.53,1,1,-1,-1
11,18,1182.88,404.96,84.85,112.14,1,10,-1,-1
11,16,880.26,417.85,26.82,65.27,1,2,-1,-1
11,8,701.97,361.70,59.51,160.33,1,1,-1,-1
11,3,567.20,199.33,23.65,30.43,1,2,-1,-1
11,2,319.50,727.06,49.32,36.43,1,2,-1,-1
12,42,631.63,672.42,145.34,111.91,1,10,-1,-1
12,29,745.13,166.63,20.63,61.66,1,1,-1,-1
12,18,1187.54,405.67,84.78,113.82,1,10,-1,-1
12,16,884.64,426.95,26.77,66.49,1,2,-1,-1
12,8,703.27,375.61,57.36,160.26,1,1,-1,-1
12,3,566.18,201.16,23.53,30.66,1,2,-1,-1
13,42,631.12,691.70,137.41,81.89,1,10,-1,-1
13,21,663.92,277.90,42.79,46.92,1,10,-1,-1
13,18,1189.32,410.20,84.02,112.30,1,10,-1,-1
13,16,888.72,436.51,26.76,67.72,1,2,-1,-1
13,8,703.74,387.97,56.50,161.12,1,1,-1,-1
13,3,564.49,203.06,23.44,30.83,1,2,-1,-1
14,42,632.15,716.44,132.14,51.42,1,10,-1,-1
14,21,664.83,281.92,42.81,46.91,1,10,-1,-1
14,18,1190.10,414.46,83.50,110.98,1,10,-1,-1
14,16,892.69,445.79,26.79,69.24,1,2,-1,-1
14,8,704.20,399.69,56.20,162.44,1,1,-1,-1
14,4,588.72,213.88,29.43,53.22,1,1,-1,-1
15,58,870.91,392.40,55.90,128.99,1,1,-1,-1
15,21,665.15,285.94,42.83,46.90,1,10,-1,-1
15,14,1196.45,423.95,47.00,90.00,1,2,-1,-1
15,4,588.53,217.44,30.15,54.23,1,1,-1,-1
16,4,588.33,222.04,30.65,55.19,1,1,-1,-1
17,68,1230.50,344.83,43.69,104.09,1,1,-1,-1
17,4,587.51,225.69,30.99,56.13,1,1,-1,-1
17,3,563.22,211.24,23.35,32.13,1,2,-1,-1
18,18,1184.91,461.12,91.94,115.00,1,10,-1,-1
18,4,586.65,228.96,31.54,57.13,1,1,-1,-1
18,3,561.49,213.39,23.36,32.77,1,2,-1,-1
19,66,1190.06,343.17,56.20,128.06,1,1,-1,-1
19,51,876.88,469.86,45.69,106.30,1,2,-1,-1
19,18,1182.40,467.84,94.53,116.58,1,10,-1,-1
19,14,1198.47,438.30,55.16,96.66,1,2,-1,-1
19,4,582.29,230.78,31.93,58.11,1,1,-1,-1
20,66,1194.00,349.78,56.65,127.64,1,1,-1,-1
20,51,878.92,481.48,46.90,109.21,1,2,-1,-1
20,18,1177.11,467.96,96.31,117.60,1,10,-1,-1
20,14,1196.88,438.80,62.99,102.04,1,2,-1,-1
20,4,576.65,232.05,32.20,59.07,1,1,-1,-1
21,82,723.72,190.31,29.18,81.26,1,1,-1,-1
21,58,893.63,434.96,62.62,139.62,1,1,-1,-1
21,51,881.02,492.88,48.40,112.60,1,2,-1,-1
21,18,1170.90,466.32,97.56,118.29,1,10,-1,-1
21,4,568.43,232.60,32.06,59.12,1,1,-1,-1
22,21,648.47,313.03,43.15,49.73,1,10,-1,-1
23,89,826.67,225.30,31.15,91.36,1,1,-1,-1
23,21,640.78,319.33,47.19,55.04,1,10,-1,-1
24,94,720.75,204.22,17.56,42.52,1,1,-1,-1
24,21,642.25,316.24,43.32,50.71,1,10,-1,-1
24,3,539.14,218.73,23.36,35.39,1,2,-1,-1
25,97,1186.00,438.96,47.00,90.00,1,2,-1,-1
25,96,630.13,331.77,44.96,79.31,1,2,-1,-1
25,94,721.75,205.43,17.37,42.88,1,1,-1,-1
25,18,1168.28,455.15,108.44,130.82,1,10,-1,-1
26,97,1188.00,438.19,47.00,90.00,1,2,-1,-1
26,96,630.93,334.03,45.95,81.01,1,2,-1,-1
26,94,722.53,215.74,15.57,38.57,1,1,-1,-1
26,86,718.10,545.53,81.49,210.67,1,1,-1,-1
26,18,1169.54,456.87,106.27,128.32,1,10,-1,-1
27,97,1190.00,437.96,47.00,90.00,1,2,-1,-1
27,94,723.20,210.79,16.21,40.90,1,1,-1,-1
27,18,1172.35,457.36,104.73,126.81,1,10,-1,-1
27,14,1185.91,433.28,80.81,114.23,1,2,-1,-1
28,97,1192.00,437.90,47.00,90.00,1,2,-1,-1
28,94,724.05,209.33,16.56,42.31,1,1,-1,-1
28,82,740.61,186.40,23.87,61.35,1,1,-1,-1
28,14,1186.57,432.11,81.82,115.40,1,2,-1,-1
29,110,953.21,539.26,77.73,152.32,1,1,-1,-1
29,105,557.12,242.72,32.75,64.37,1,1,-1,-1
29,94,724.96,209.40,16.79,43.57,1,1,-1,-1
29,82,740.26,188.66,24.55,59.52,1,1,-1,-1
30,110,935.53,565.13,81.77,163.17,1,1,-1,-1
30,109,691.26,187.68,24.60,72.77,1,1,-1,-1
30,105,556.48,244.15,32.05,64.74,1,1,-1,-1
30,82,737.50,192.82,24.65,62.24,1,1,-1,-1
31,120,861.58,571.95,74.10,189.94,1,1,-1,-1
31,118,856.21,243.31,31.73,99.49,1,1,-1,-1
31,116,659.66,212.86,21.08,81.64,1,1,-1,-1
31,110,963.37,568.75,82.35,161.76,1,1,-1,-1
31,82,737.10,194.78,24.68,64.46,1,1,-1,-1
32,118,860.11,245.86,32.51,101.19,1,1,-1,-1
32,116,661.66,203.42,19.74,76.53,1,1,-1,-1
32,110,979.87,579.35,83.50,161.43,1,1,-1,-1
32,82,733.51,201.32,22.96,61.60,1,1,-1,-1
33,126,986.85,649.54,74.91,117.23,1,2,-1,-1
33,116,663.19,201.45,19.00,73.75,1,1,-1,-1
33,110,1004.86,589.71,82.95,152.13,1,1,-1,-1
33,94,728.81,212.89,17.20,47.88,1,1,-1,-1
33,82,729.40,207.25,23.85,65.42,1,1,-1,-1
34,130,747.93,195.33,26.32,58.18,1,1,-1,-1
34,121,536.36,222.82,23.52,38.65,1,2,-1,-1
34,116,664.47,201.88,18.61,72.54,1,1,-1,-1
34,94,729.80,213.85,17.25,48.99,1,1,-1,-1
35,130,742.87,199.93,26.67,62.92,1,1,-1,-1
35,121,536.03,224.52,23.79,38.97,1,2,-1,-1
36,130,742.28,201.13,27.03,66.10,1,1,-1,-1
36,14,1209.65,435.17,83.02,115.28,1,2,-1,-1
37,14,1213.95,434.44,83.25,117.02,1,2,-1,-1
38,125,661.71,359.06,51.91,64.97,1,10,-1,-1
38,94,731.84,218.09,17.12,53.27,1,1,-1,-1
38,18,1208.55,461.79,96.03,123.79,1,10,-1,-1
38,14,1218.75,433.84,83.40,118.26,1,2,-1,-1
39,125,662.00,363.06,52.49,66.24,1,10,-1,-1
39,94,733.44,219.72,17.19,54.60,1,1,-1,-1
39,18,1213.11,463.30,94.63,123.32,1,10,-1,-1
39,14,1223.76,433.38,83.49,119.14,1,2,-1,-1
40,130,746.04,204.12,26.86,71.62,1,1,-1,-1
40,125,662.66,367.75,52.86,67.36,1,10,-1,-1
40,109,693.73,195.65,29.45,77.56,1,1,-1,-1
40,18,1213.96,448.08,99.00,129.82,1,10,-1,-1
40,14,1227.53,433.51,83.54,119.48,1,2,-1,-1
41,145,1236.32,443.81,45.59,87.24,1,2,-1,-1
41,125,662.98,371.98,53.42,68.47,1,10,-1,-1
41,109,693.41,197.17,29.82,77.96,1,1,-1,-1
41,18,1217.57,458.91,96.57,127.78,1,10,-1,-1
41,14,1230.84,434.13,83.57,119.71,1,2,-1,-1
42,145,1239.19,444.66,45.62,87.31,1,2,-1,-1
42,109,693.39,199.11,30.38,78.60,1,1,-1,-1
42,18,1217.32,455.18,94.83,127.63,1,10,-1,-1
43,150,639.89,407.25,55.21,102.41,1,2,-1,-1
43,109,693.28,201.04,30.77,78.99,1,1,-1,-1
43,94,730.83,227.16,18.14,57.75,1,1,-1,-1
44,150,637.42,413.42,55.65,104.10,1,2,-1,-1
44,94,727.90,228.83,18.49,58.17,1,1,-1,-1
45,94,724.77,230.65,18.73,58.45,1,1,-1,-1
46,156,738.90,210.33,24.21,76.35,1,1,-1,-1
46,145,1235.95,440.57,61.60,106.61,1,2,-1,-1
46,18,1223.62,465.88,90.48,122.31,1,10,-1,-1
47,156,733.77,212.03,24.20,76.73,1,1,-1,-1
47,145,1227.78,439.83,56.84,101.09,1,2,-1,-1
47,18,1218.55,465.67,89.48,121.35,1,10,-1,-1
48,164,890.84,300.70,46.16,124.40,1,1,-1,-1
48,156,737.95,211.55,24.02,70.55,1,1,-1,-1
48,145,1220.23,438.32,66.77,110.17,1,2,-1,-1
48,18,1211.53,465.07,88.76,120.67,1,10,-1,-1
49,164,886.75,303.96,46.87,126.10,1,1,-1,-1
49,162,629.99,414.07,60.91,77.83,1,10,-1,-1
49,156,735.72,213.62,23.60,66.78,1,1,-1,-1
49,109,666.50,211.86,29.80,81.18,1,1,-1,-1
49,18,1203.74,464.29,88.25,120.17,1,10,-1,-1
50,164,882.70,307.60,47.66,127.62,1,1,-1,-1
50,162,623.58,420.04,61.75,79.52,1,10,-1,-1
50,156,728.73,216.36,23.43,64.90,1,1,-1,-1
50,109,659.40,213.62,29.69,81.46,1,1,-1,-1
50,18,1196.12,463.41,87.60,119.79,1,10,-1,-1
51,174,761.40,202.66,24.65,44.83,1,10,-1,-1
51,168,618.15,227.53,21.10,80.69,1,1,-1,-1
51,156,720.79,219.26,23.42,64.48,1,1,-1,-1
51,109,652.22,215.68,29.62,81.94,1,1,-1,-1
51,18,1193.00,462.49,86.56,119.50,1,10,-1,-1
52,176,1202.49,442.91,43.07,83.76,1,2,-1,-1
52,174,751.10,207.22,23.17,41.24,1,10,-1,-1
52,168,612.95,229.55,21.18,80.88,1,1,-1,-1
52,145,1191.34,433.97,81.02,116.84,1,2,-1,-1
52,109,645.67,217.64,29.57,82.28,1,1,-1,-1
52,18,1191.66,462.00,85.25,119.00,1,10,-1,-1
53,180,678.03,244.60,20.43,57.70,1,1,-1,-1
53,176,1201.65,442.98,42.69,82.89,1,2,-1,-1
53,174,746.65,195.72,23.47,42.63,1,10,-1,-1
53,170,587.23,478.53,60.04,121.96,1,2,-1,-1
53,168,608.86,232.09,21.58,81.28,1,1,-1,-1
53,145,1187.51,432.87,82.59,116.27,1,2,-1,-1
53,109,639.38,219.76,29.53,82.80,1,1,-1,-1
54,182,464.75,298.01,34.24,80.08,1,1,-1,-1
54,180,675.06,246.58,20.68,57.71,1,1,-1,-1
54,176,1200.63,442.92,42.71,82.85,1,2,-1,-1
54,171,691.64,226.72,26.89,83.33,1,1,-1,-1
54,168,605.05,234.29,22.21,82.08,1,1,-1,-1
54,164,878.58,323.10,54.21,140.34,1,1,-1,-1
54,162,605.87,444.86,66.24,87.15,1,10,-1,-1
54,145,1184.62,432.23,83.63,115.15,1,2,-1,-1
55,182,462.92,300.93,35.64,81.04,1,1,-1,-1
55,180,672.78,248.62,20.82,57.64,1,1,-1,-1
55,176,1195.61,453.07,40.83,78.80,1,2,-1,-1
55,171,689.62,228.92,26.91,83.80,1,1,-1,-1
55,168,601.82,236.99,22.61,82.45,1,1,-1,-1
55,145,1182.15,431.85,84.32,113.67,1,2,-1,-1
56,182,461.05,303.81,36.80,81.50,1,1,-1,-1
56,180,672.15,251.39,20.91,57.56,1,1,-1,-1
56,176,1198.64,447.71,41.79,80.71,1,2,-1,-1
56,168,600.31,239.80,23.20,82.81,1,1,-1,-1
56,145,1198.25,425.35,93.35,124.50,1,2,-1,-1
57,188,711.44,231.82,23.97,74.94,1,1,-1,-1
57,182,459.29,306.76,38.30,82.36,1,1,-1,-1
57,176,1203.61,456.32,40.00,68.40,1,2,-1,-1
57,174,742.91,200.33,23.96,46.18,1,10,-1,-1
57,168,599.37,242.67,23.93,83.10,1,1,-1,-1
57,145,1191.80,448.66,90.46,123.60,1,2,-1,-1
57,109,633.58,228.03,30.47,85.36,1,1,-1,-1
58,176,1203.06,452.17,42.13,74.40,1,2,-1,-1
58,174,744.18,203.99,24.32,46.84,1,10,-1,-1
58,168,599.09,245.82,24.43,83.52,1,1,-1,-1
58,164,895.38,354.73,55.84,140.73,1,1,-1,-1
58,162,606.52,470.57,68.28,94.18,1,10,-1,-1
58,145,1191.28,438.68,89.50,120.87,1,2,-1,-1
