1,1,1084,456,67,96,1,2,-1,-1
1,14,550,237,23,58,1,1,-1,-1
1,24,617,252,36,66,1,1,-1,-1
1,29,407,225,22,47,1,1,-1,-1
1,43,669,171,21,47,1,1,-1,-1
1,70,204,621,77,82,1,2,-1,-1
1,87,537,183,25,22,1,2,-1,-1
1,110,583,298,23,47,1,1,-1,-1
1,132,728,205,31,40,1,10,-1,-1
2,1,1082,455,68,97,1,2,-1,-1
2,14,550,238,23,58,1,1,-1,-1
2,24,617,253,36,66,1,1,-1,-1
2,29,410,242,19,42,1,1,-1,-1
2,43,670,171,22,48,1,1,-1,-1
2,70,199,629,76,82,1,2,-1,-1
2,87,544,188,22,19,1,2,-1,-1
2,110,583,299,23,47,1,1,-1,-1
2,111,1084,456,41,71,1,2,-1,-1
2,132,730,206,31,41,1,10,-1,-1
2,155,733,193,26,42,1,2,-1,-1
3,1,1075,477,82,105,1,10,-1,-1
3,14,550,239,23,58,1,1,-1,-1
3,24,617,254,37,67,1,1,-1,-1
3,29,407,226,22,48,1,1,-1,-1
3,43,672,172,22,48,1,1,-1,-1
3,70,194,637,76,83,1,2,-1,-1
3,87,537,183,25,22,1,2,-1,-1
3,88,574,223,34,57,1,1,-1,-1
3,110,584,300,23,47,1,1,-1,-1
3,111,1085,456,41,71,1,2,-1,-1
3,132,733,208,31,42,1,10,-1,-1
3,155,736,195,26,43,1,2,-1,-1
4,1,1068,437,95,121,1,10,-1,-1
4,14,551,240,23,59,1,1,-1,-1
4,24,618,255,36,67,1,1,-1,-1
4,29,410,244,19,42,1,1,-1,-1
4,43,674,172,22,49,1,1,-1,-1
4,70,189,645,76,84,1,2,-1,-1
4,87,537,183,25,23,1,2,-1,-1
4,88,574,224,34,58,1,1,-1,-1
4,110,584,301,23,48,1,1,-1,-1
4,111,1086,456,41,71,1,2,-1,-1
4,132,735,209,32,44,1,10,-1,-1
4,155,739,196,26,44,1,2,-1,-1
5,1,1076,476,82,105,1,10,-1,-1
5,14,551,241,23,59,1,1,-1,-1
5,24,618,256,37,68,1,1,-1,-1
5,26,597,228,58,47,1,10,-1,-1
5,29,407,227,23,50,1,1,-1,-1
5,43,676,173,23,49,1,1,-1,-1
5,70,184,653,76,84,1,2,-1,-1
5,87,537,183,25,23,1,2,-1,-1
5,88,574,225,34,58,1,1,-1,-1
5,110,585,302,23,48,1,1,-1,-1
5,111,1087,455,41,71,1,2,-1,-1
5,132,738,211,32,45,1,10,-1,-1
5,155,742,198,27,45,1,2,-1,-1
6,1,1077,476,82,105,1,10,-1,-1
6,14,552,242,23,60,1,1,-1,-1
6,24,619,257,37,69,1,1,-1,-1
6,26,598,229,58,47,1,10,-1,-1
6,29,407,228,23,50,1,1,-1,-1
6,43,677,173,23,49,1,1,-1,-1
6,70,179,661,76,85,1,2,-1,-1
6,87,528,182,26,24,1,2,-1,-1
6,88,574,226,34,59,1,1,-1,-1
6,110,585,304,23,48,1,1,-1,-1
6,111,1088,455,41,71,1,2,-1,-1
6,133,686,225,25,48,1,10,-1,-1
7,1,1078,475,82,105,1,10,-1,-1
7,11,743,214,32,48,1,10,-1,-1
7,14,552,243,23,60,1,1,-1,-1
7,24,619,258,37,69,1,1,-1,-1
7,26,600,230,58,47,1,10,-1,-1
7,29,407,229,23,50,1,1,-1,-1
7,43,678,174,23,49,1,1,-1,-1
7,70,174,669,76,86,1,2,-1,-1
7,87,538,184,25,23,1,2,-1,-1
7,88,586,212,36,64,1,1,-1,-1
7,111,1089,455,41,71,1,2,-1,-1
7,133,687,227,26,49,1,10,-1,-1
8,1,1079,475,82,105,1,10,-1,-1
8,11,745,215,33,50,1,10,-1,-1
8,14,553,244,22,60,1,1,-1,-1
8,24,620,259,37,70,1,1,-1,-1
8,26,602,231,58,48,1,10,-1,-1
8,29,407,230,23,50,1,1,-1,-1
8,43,679,174,23,50,1,1,-1,-1
8,60,586,306,23,49,1,1,-1,-1
8,70,169,677,77,78,1,2,-1,-1
8,88,575,228,34,59,1,1,-1,-1
8,133,688,230,26,48,1,10,-1,-1
9,1,1079,475,82,105,1,10,-1,-1
9,11,748,217,33,51,1,10,-1,-1
9,14,553,245,23,61,1,1,-1,-1
9,24,620,260,37,70,1,1,-1,-1
9,26,602,231,58,48,1,10,-1,-1
9,29,407,230,24,52,1,1,-1,-1
9,30,358,272,29,56,1,1,-1,-1
9,43,680,175,23,50,1,1,-1,-1
9,60,587,307,23,49,1,1,-1,-1
9,88,575,229,34,60,1,1,-1,-1
9,89,538,184,25,24,1,2,-1,-1
9,133,689,232,27,48,1,10,-1,-1
10,1,1080,474,82,105,1,10,-1,-1
10,11,752,220,33,50,1,10,-1,-1
10,14,554,246,22,61,1,1,-1,-1
10,24,620,262,38,70,1,1,-1,-1
10,26,603,232,58,48,1,10,-1,-1
10,29,407,231,24,52,1,1,-1,-1
10,30,357,273,29,56,1,1,-1,-1
10,43,681,175,23,51,1,1,-1,-1
10,60,588,309,23,49,1,1,-1,-1
10,89,538,184,25,24,1,2,-1,-1
10,133,690,235,27,48,1,10,-1,-1
11,1,1096,453,61,87,1,2,-1,-1
11,11,756,223,33,50,1,10,-1,-1
11,14,554,247,23,62,1,1,-1,-1
11,24,621,263,38,71,1,1,-1,-1
11,26,604,233,58,48,1,10,-1,-1
11,29,407,232,24,52,1,1,-1,-1
11,30,356,274,29,56,1,1,-1,-1
11,43,682,176,23,51,1,1,-1,-1
11,44,575,231,34,61,1,1,-1,-1
11,60,589,311,23,49,1,1,-1,-1
11,89,539,185,25,24,1,2,-1,-1
11,134,1081,474,82,105,1,10,-1,-1
12,1,1095,454,41,71,1,2,-1,-1
12,11,762,211,27,53,1,2,-1,-1
12,14,555,248,22,62,1,1,-1,-1
12,24,614,248,72,60,1,10,-1,-1
12,26,605,234,58,48,1,10,-1,-1
12,29,408,233,24,53,1,1,-1,-1
12,30,356,276,29,55,1,1,-1,-1
12,44,576,232,33,61,1,1,-1,-1
12,60,591,314,23,48,1,1,-1,-1
12,89,539,185,25,24,1,2,-1,-1
12,134,1081,485,73,94,1,10,-1,-1
12,135,582,283,28,79,1,1,-1,-1
13,1,1096,453,41,71,1,2,-1,-1
13,11,763,229,33,50,1,10,-1,-1
13,14,555,249,22,62,1,1,-1,-1
13,24,622,265,38,72,1,1,-1,-1
13,26,606,235,58,48,1,10,-1,-1
13,29,407,233,24,54,1,1,-1,-1
13,30,354,277,29,55,1,1,-1,-1
13,44,576,233,33,61,1,1,-1,-1
13,60,591,316,23,49,1,1,-1,-1
13,89,539,185,25,25,1,2,-1,-1
13,134,1082,473,82,105,1,10,-1,-1
13,135,582,285,28,78,1,1,-1,-1
14,1,1097,453,41,71,1,2,-1,-1
14,11,765,232,33,50,1,10,-1,-1
14,14,556,250,22,63,1,1,-1,-1
14,24,622,266,38,72,1,1,-1,-1
14,26,607,236,58,48,1,10,-1,-1
14,29,402,241,27,61,1,1,-1,-1
14,30,353,278,29,56,1,1,-1,-1
14,44,576,234,34,62,1,1,-1,-1
14,60,591,319,23,49,1,1,-1,-1
14,89,539,185,25,25,1,2,-1,-1
14,134,1083,473,81,105,1,10,-1,-1
14,135,582,287,28,78,1,1,-1,-1
15,1,1098,453,41,71,1,2,-1,-1
15,11,767,235,34,50,1,10,-1,-1
15,14,556,251,22,63,1,1,-1,-1
15,24,623,267,38,73,1,1,-1,-1
15,26,607,237,58,48,1,10,-1,-1
15,30,352,280,29,56,1,1,-1,-1
15,44,576,235,34,62,1,1,-1,-1
15,60,591,321,23,50,1,1,-1,-1
15,89,539,185,25,26,1,2,-1,-1
15,90,802,127,31,40,1,8,-1,-1
15,134,1084,472,81,105,1,10,-1,-1
15,135,582,289,28,78,1,1,-1,-1
15,136,602,297,70,53,1,10,-1,-1
16,1,1099,453,41,71,1,2,-1,-1
16,11,773,221,26,57,1,2,-1,-1
16,14,557,252,22,64,1,1,-1,-1
16,24,606,260,41,79,1,1,-1,-1
16,26,607,238,58,48,1,10,-1,-1
16,30,351,281,29,56,1,1,-1,-1
16,44,576,236,34,63,1,1,-1,-1
16,60,591,344,20,45,1,1,-1,-1
16,71,404,235,24,55,1,1,-1,-1
16,90,803,127,31,40,1,8,-1,-1
16,135,582,291,28,78,1,1,-1,-1
16,136,601,297,71,54,1,10,-1,-1
17,1,1100,452,41,71,1,2,-1,-1
17,11,776,224,26,58,1,2,-1,-1
17,14,557,253,22,64,1,1,-1,-1
17,26,607,239,58,48,1,10,-1,-1
17,30,350,282,29,57,1,1,-1,-1
17,44,577,237,33,63,1,1,-1,-1
17,71,403,236,24,55,1,1,-1,-1
17,90,804,127,31,40,1,8,-1,-1
17,136,600,298,72,55,1,10,-1,-1
18,1,1116,445,50,86,1,2,-1,-1
18,11,773,244,36,52,1,10,-1,-1
18,14,558,255,22,64,1,1,-1,-1
18,26,607,241,58,48,1,10,-1,-1
18,30,349,284,29,57,1,1,-1,-1
18,44,577,238,33,63,1,1,-1,-1
18,71,402,236,24,56,1,1,-1,-1
18,90,805,127,31,41,1,8,-1,-1
18,91,697,257,27,47,1,10,-1,-1
18,136,600,299,72,55,1,10,-1,-1
18,137,582,295,28,77,1,1,-1,-1
18,138,624,271,39,74,1,1,-1,-1
19,1,1088,471,79,105,1,10,-1,-1
19,11,775,247,37,53,1,10,-1,-1
19,14,557,256,22,64,1,1,-1,-1
19,26,607,242,58,48,1,10,-1,-1
19,30,348,285,28,57,1,1,-1,-1
19,44,577,239,33,64,1,1,-1,-1
19,71,401,237,24,56,1,1,-1,-1
19,90,805,127,32,41,1,8,-1,-1
19,91,699,272,27,46,1,10,-1,-1
19,92,688,181,23,54,1,1,-1,-1
19,136,599,300,73,56,1,10,-1,-1
19,137,582,297,28,77,1,1,-1,-1
19,138,624,272,39,74,1,1,-1,-1
20,1,1089,471,78,104,1,10,-1,-1
20,11,778,250,37,54,1,10,-1,-1
20,30,341,270,27,56,1,1,-1,-1
20,44,573,260,28,54,1,1,-1,-1
20,61,496,179,14,34,1,1,-1,-1
20,62,1103,452,41,71,1,2,-1,-1
20,71,400,238,24,57,1,1,-1,-1
20,90,806,127,32,41,1,8,-1,-1
20,91,699,263,27,47,1,10,-1,-1
20,92,688,182,24,54,1,1,-1,-1
20,93,592,334,23,54,1,1,-1,-1
20,137,582,299,28,77,1,1,-1,-1
20,138,625,273,39,75,1,1,-1,-1
21,1,1090,470,78,105,1,10,-1,-1
21,11,783,235,35,63,1,2,-1,-1
21,30,344,288,28,57,1,1,-1,-1
21,38,607,245,58,48,1,10,-1,-1
21,44,582,281,16,46,1,1,-1,-1
21,61,496,179,14,34,1,1,-1,-1
21,62,1104,451,41,71,1,2,-1,-1
21,71,398,238,24,58,1,1,-1,-1
21,90,807,127,32,41,1,8,-1,-1
21,91,700,266,28,48,1,10,-1,-1
21,92,689,183,23,54,1,1,-1,-1
21,93,591,336,23,55,1,1,-1,-1
21,137,581,301,28,81,1,1,-1,-1
21,138,625,274,40,76,1,1,-1,-1
22,1,1090,470,78,104,1,10,-1,-1
22,11,783,257,38,55,1,10,-1,-1
22,30,342,290,28,57,1,1,-1,-1
22,38,607,246,58,48,1,10,-1,-1
22,45,541,187,25,27,1,2,-1,-1
22,61,497,180,14,34,1,1,-1,-1
22,62,1106,451,41,71,1,2,-1,-1
22,71,397,239,24,58,1,1,-1,-1
22,91,701,269,29,50,1,10,-1,-1
22,92,689,183,23,55,1,1,-1,-1
22,93,590,339,24,55,1,1,-1,-1
22,137,580,303,28,85,1,1,-1,-1
22,138,626,275,39,76,1,1,-1,-1
23,1,1091,469,78,105,1,10,-1,-1
23,11,785,260,39,56,1,10,-1,-1
23,38,607,247,58,48,1,10,-1,-1
23,45,541,187,25,27,1,2,-1,-1
23,61,498,181,14,34,1,1,-1,-1
23,62,1107,427,39,68,1,2,-1,-1
23,63,809,127,32,42,1,8,-1,-1
23,71,395,240,24,58,1,1,-1,-1
23,72,578,243,33,65,1,1,-1,-1
23,91,702,272,30,52,1,10,-1,-1
23,92,689,184,24,56,1,1,-1,-1
23,93,590,341,23,56,1,1,-1,-1
24,1,1092,469,77,104,1,10,-1,-1
24,11,788,264,39,57,1,10,-1,-1
24,38,608,249,58,48,1,10,-1,-1
24,45,541,187,25,27,1,2,-1,-1
24,61,498,182,14,34,1,1,-1,-1
24,62,1108,451,41,71,1,2,-1,-1
24,63,810,127,32,42,1,8,-1,-1
24,72,578,244,33,66,1,1,-1,-1
24,73,337,293,28,58,1,1,-1,-1
24,91,704,275,30,53,1,10,-1,-1
24,92,689,185,24,56,1,1,-1,-1
24,93,589,344,24,56,1,1,-1,-1
25,1,1093,469,77,104,1,10,-1,-1
25,11,792,246,25,68,1,2,-1,-1
25,38,608,250,58,48,1,10,-1,-1
25,45,541,187,25,28,1,2,-1,-1
25,53,396,259,19,43,1,1,-1,-1
25,61,499,183,14,34,1,1,-1,-1
25,62,1109,450,41,71,1,2,-1,-1
25,63,811,127,32,42,1,8,-1,-1
25,72,578,245,33,66,1,1,-1,-1
25,73,334,295,28,58,1,1,-1,-1
25,92,690,186,23,56,1,1,-1,-1
25,93,589,346,23,57,1,1,-1,-1
26,1,1094,468,76,105,1,10,-1,-1
26,5,706,281,32,57,1,10,-1,-1
26,11,795,249,30,68,1,2,-1,-1
26,38,608,251,58,48,1,10,-1,-1
26,45,542,188,25,27,1,2,-1,-1
26,53,395,260,19,43,1,1,-1,-1
26,61,500,183,14,35,1,1,-1,-1
26,62,1110,450,41,71,1,2,-1,-1
26,63,811,127,33,42,1,8,-1,-1
26,72,578,246,33,67,1,1,-1,-1
26,73,332,297,28,58,1,1,-1,-1
26,93,588,349,24,57,1,1,-1,-1
27,1,1107,445,68,97,1,2,-1,-1
27,5,708,284,33,59,1,10,-1,-1
27,34,628,282,40,78,1,1,-1,-1
27,38,608,253,58,48,1,10,-1,-1
27,45,542,188,25,28,1,2,-1,-1
27,53,393,261,19,42,1,1,-1,-1
27,61,500,184,14,35,1,1,-1,-1
27,62,1111,450,41,71,1,2,-1,-1
27,63,816,136,28,35,1,8,-1,-1
27,72,578,247,34,67,1,1,-1,-1
27,73,330,298,27,59,1,1,-1,-1
27,94,554,265,22,67,1,1,-1,-1
28,1,1096,468,75,104,1,10,-1,-1
28,5,710,288,38,61,1,10,-1,-1
28,6,802,257,38,70,1,2,-1,-1
28,34,629,284,40,78,1,1,-1,-1
28,38,608,254,58,48,1,10,-1,-1
28,45,542,188,25,28,1,2,-1,-1
28,53,392,262,19,42,1,1,-1,-1
28,61,501,185,14,35,1,1,-1,-1
28,62,1112,450,41,71,1,2,-1,-1
28,63,819,133,34,43,1,8,-1,-1
28,72,579,248,33,67,1,1,-1,-1
28,73,327,300,28,59,1,1,-1,-1
28,94,553,266,22,68,1,1,-1,-1
28,112,714,263,31,60,1,2,-1,-1
29,1,1097,467,75,104,1,10,-1,-1
29,5,712,292,39,62,1,10,-1,-1
29,6,809,261,37,74,1,2,-1,-1
29,34,629,286,41,78,1,1,-1,-1
29,38,608,255,58,48,1,10,-1,-1
29,45,542,188,25,29,1,2,-1,-1
29,53,390,263,19,42,1,1,-1,-1
29,63,814,127,33,43,1,8,-1,-1
29,72,579,249,33,68,1,1,-1,-1
29,73,325,302,27,59,1,1,-1,-1
29,94,552,268,22,67,1,1,-1,-1
29,112,715,266,31,60,1,2,-1,-1
29,113,576,318,27,94,1,1,-1,-1
30,1,1098,467,74,104,1,10,-1,-1
30,5,715,297,39,62,1,10,-1,-1
30,6,810,285,45,71,1,10,-1,-1
30,34,630,288,41,78,1,1,-1,-1
30,38,608,257,58,48,1,10,-1,-1
30,45,542,188,25,29,1,2,-1,-1
30,53,388,264,19,42,1,1,-1,-1
30,63,815,127,33,43,1,8,-1,-1
30,72,579,250,33,68,1,1,-1,-1
30,73,329,329,23,50,1,1,-1,-1
30,94,551,269,22,68,1,1,-1,-1
30,112,716,269,32,60,1,2,-1,-1
30,113,575,321,27,95,1,1,-1,-1
31,1,1099,467,74,104,1,10,-1,-1
31,5,718,272,32,60,1,2,-1,-1
31,6,813,291,47,72,1,10,-1,-1
31,34,630,290,41,79,1,1,-1,-1
31,38,608,258,58,48,1,10,-1,-1
31,45,543,189,25,29,1,2,-1,-1
31,53,387,265,19,42,1,1,-1,-1
31,63,816,127,33,43,1,8,-1,-1
31,73,329,335,25,56,1,1,-1,-1
31,94,551,271,22,68,1,1,-1,-1
31,112,722,296,26,49,1,2,-1,-1
31,113,574,323,27,97,1,1,-1,-1
32,1,1101,467,74,104,1,10,-1,-1
32,5,713,284,46,73,1,10,-1,-1
32,6,820,276,35,74,1,2,-1,-1
32,34,631,292,41,79,1,1,-1,-1
32,38,608,259,58,48,1,10,-1,-1
32,45,542,189,25,29,1,2,-1,-1
32,53,385,266,19,42,1,1,-1,-1
32,94,549,273,23,68,1,1,-1,-1
32,112,721,278,31,60,1,2,-1,-1
32,113,574,326,27,98,1,1,-1,-1
32,114,1112,443,68,97,1,2,-1,-1
33,1,1104,468,74,104,1,10,-1,-1
33,5,722,311,39,64,1,10,-1,-1
33,6,821,305,49,72,1,10,-1,-1
33,34,631,294,42,79,1,1,-1,-1
33,53,384,268,19,41,1,1,-1,-1
33,54,825,281,35,75,1,2,-1,-1
33,64,817,127,34,43,1,8,-1,-1
33,94,548,275,23,69,1,1,-1,-1
33,95,590,332,88,62,1,10,-1,-1
33,112,723,282,32,62,1,2,-1,-1
33,113,572,328,30,98,1,1,-1,-1
33,114,1114,443,68,97,1,2,-1,-1
34,1,1107,468,74,104,1,10,-1,-1
34,5,723,287,34,64,1,2,-1,-1
34,6,825,312,50,72,1,10,-1,-1
34,34,632,296,42,79,1,1,-1,-1
34,46,582,372,27,62,1,1,-1,-1
34,53,386,270,19,41,1,1,-1,-1
34,54,825,281,33,70,1,2,-1,-1
34,64,818,127,34,44,1,8,-1,-1
34,95,590,334,89,63,1,10,-1,-1
34,113,570,330,33,98,1,1,-1,-1
34,114,1116,443,68,98,1,2,-1,-1
35,1,1118,444,68,98,1,2,-1,-1
35,5,724,293,35,66,1,2,-1,-1
35,6,829,319,51,73,1,10,-1,-1
35,34,633,298,42,80,1,1,-1,-1
35,46,581,375,28,63,1,1,-1,-1
35,54,834,292,36,75,1,2,-1,-1
35,55,504,187,14,36,1,1,-1,-1
35,64,819,127,34,44,1,8,-1,-1
35,65,540,191,26,30,1,2,-1,-1
35,95,590,336,90,64,1,10,-1,-1
35,114,1107,479,76,107,1,10,-1,-1
36,1,1120,444,69,99,1,2,-1,-1
36,5,725,323,38,68,1,10,-1,-1
36,6,835,327,52,76,1,10,-1,-1
36,34,633,301,42,82,1,1,-1,-1
36,46,580,378,29,64,1,1,-1,-1
36,54,835,296,34,67,1,2,-1,-1
36,55,505,187,14,37,1,1,-1,-1
36,64,820,127,34,44,1,8,-1,-1
36,65,540,192,25,30,1,2,-1,-1
36,74,609,265,58,48,1,10,-1,-1
36,95,590,339,92,64,1,10,-1,-1
36,114,1119,490,80,113,1,10,-1,-1
37,1,1122,445,69,99,1,2,-1,-1
37,5,725,304,38,71,1,2,-1,-1
37,6,841,335,54,79,1,10,-1,-1
37,31,699,133,20,33,1,10,-1,-1
37,34,633,305,43,83,1,1,-1,-1
37,46,579,383,30,65,1,1,-1,-1
37,54,841,302,34,71,1,2,-1,-1
37,55,505,187,14,37,1,1,-1,-1
37,64,821,127,34,44,1,8,-1,-1
37,65,539,193,26,30,1,2,-1,-1
37,74,606,266,61,48,1,10,-1,-1
37,95,589,342,93,66,1,10,-1,-1
37,96,380,275,19,43,1,1,-1,-1
37,114,1086,457,94,132,1,10,-1,-1
37,115,696,197,26,60,1,1,-1,-1
38,1,1118,470,74,104,1,10,-1,-1
38,5,728,309,39,73,1,2,-1,-1
38,6,847,344,56,81,1,10,-1,-1
38,9,1133,449,43,71,1,2,-1,-1
38,31,700,134,20,33,1,10,-1,-1
38,34,634,309,43,84,1,1,-1,-1
38,46,578,388,31,66,1,1,-1,-1
38,54,846,308,35,74,1,2,-1,-1
38,55,505,187,14,37,1,1,-1,-1
38,64,822,127,34,44,1,8,-1,-1
38,65,539,194,26,30,1,2,-1,-1
38,74,604,268,64,48,1,10,-1,-1
38,75,569,345,29,106,1,1,-1,-1
38,95,589,346,94,67,1,10,-1,-1
38,96,378,277,19,43,1,1,-1,-1
38,115,697,198,26,61,1,1,-1,-1
39,1,1121,471,74,104,1,10,-1,-1
39,5,728,341,45,74,1,10,-1,-1
39,6,853,352,57,84,1,10,-1,-1
39,9,1136,449,43,71,1,2,-1,-1
39,31,700,134,20,33,1,10,-1,-1
39,34,634,312,43,86,1,1,-1,-1
39,46,578,394,31,66,1,1,-1,-1
39,54,852,314,35,78,1,2,-1,-1
39,55,506,187,14,38,1,1,-1,-1
39,64,823,128,34,44,1,8,-1,-1
39,65,538,194,26,31,1,2,-1,-1
39,74,601,269,67,49,1,10,-1,-1
39,75,568,349,29,107,1,1,-1,-1
39,95,589,349,95,69,1,10,-1,-1
39,96,376,278,19,45,1,1,-1,-1
39,97,293,328,31,67,1,1,-1,-1
39,115,697,199,27,61,1,1,-1,-1
40,1,1121,471,82,105,1,10,-1,-1
40,5,730,348,47,75,1,10,-1,-1
40,6,859,361,59,86,1,10,-1,-1
40,9,1139,449,43,71,1,2,-1,-1
40,31,701,135,19,33,1,10,-1,-1
40,46,577,399,32,67,1,1,-1,-1
40,54,857,320,36,81,1,2,-1,-1
40,55,506,187,14,38,1,1,-1,-1
40,64,824,128,34,44,1,8,-1,-1
40,65,538,195,26,31,1,2,-1,-1
40,74,599,271,70,49,1,10,-1,-1
40,75,567,353,30,108,1,1,-1,-1
40,76,364,262,24,63,1,1,-1,-1
40,96,374,280,19,45,1,1,-1,-1
40,97,289,331,32,68,1,1,-1,-1
40,115,698,200,27,61,1,1,-1,-1
41,1,1124,472,80,105,1,10,-1,-1
41,5,737,325,44,79,1,2,-1,-1
41,6,865,369,61,89,1,10,-1,-1
41,9,1142,449,43,72,1,2,-1,-1
41,19,589,356,97,72,1,10,-1,-1
41,31,701,135,20,34,1,10,-1,-1
41,32,635,320,44,88,1,1,-1,-1
41,46,576,404,33,68,1,1,-1,-1
41,54,863,326,37,85,1,2,-1,-1
41,55,507,188,14,38,1,1,-1,-1
41,64,825,129,34,44,1,8,-1,-1
41,65,537,196,26,30,1,2,-1,-1
41,74,599,273,71,50,1,10,-1,-1
41,75,566,357,31,109,1,1,-1,-1
41,76,365,258,22,53,1,1,-1,-1
41,96,373,282,19,46,1,1,-1,-1
41,97,286,335,32,68,1,1,-1,-1
41,115,699,202,27,61,1,1,-1,-1
42,1,1128,473,77,105,1,10,-1,-1
42,5,736,364,51,79,1,10,-1,-1
42,6,872,342,54,100,1,2,-1,-1
42,9,1145,474,46,66,1,2,-1,-1
42,19,588,360,98,73,1,10,-1,-1
42,31,702,136,19,34,1,10,-1,-1
42,32,635,323,45,91,1,1,-1,-1
42,46,576,410,33,68,1,1,-1,-1
42,54,866,340,39,88,1,2,-1,-1
42,55,508,190,13,34,1,1,-1,-1
42,65,537,197,26,30,1,2,-1,-1
42,74,599,275,72,51,1,10,-1,-1
42,75,566,361,31,110,1,1,-1,-1
42,76,360,265,25,64,1,1,-1,-1
42,96,371,284,19,46,1,1,-1,-1
42,97,282,338,33,69,1,1,-1,-1
42,115,699,203,28,62,1,1,-1,-1
43,1,1130,474,78,106,1,10,-1,-1
43,5,739,372,53,81,1,10,-1,-1
43,6,882,352,55,103,1,2,-1,-1
43,9,1147,452,43,72,1,2,-1,-1
43,19,588,363,99,75,1,10,-1,-1
43,31,702,136,20,35,1,10,-1,-1
43,32,635,327,45,92,1,1,-1,-1
43,46,575,415,34,69,1,1,-1,-1
43,47,827,130,35,45,1,8,-1,-1
43,55,509,190,13,34,1,1,-1,-1
43,65,536,197,27,31,1,2,-1,-1
43,74,599,276,72,52,1,10,-1,-1
43,75,564,364,34,112,1,1,-1,-1
43,76,358,267,25,64,1,1,-1,-1
43,96,369,285,19,48,1,1,-1,-1
43,97,279,341,33,70,1,1,-1,-1
43,116,574,277,39,76,1,1,-1,-1
44,1,1132,476,80,107,1,10,-1,-1
44,5,743,349,48,87,1,2,-1,-1
44,6,888,395,65,98,1,10,-1,-1
44,9,1150,453,42,72,1,2,-1,-1
44,19,588,367,100,76,1,10,-1,-1
44,31,703,137,19,34,1,10,-1,-1
44,32,636,331,45,93,1,1,-1,-1
44,46,575,421,34,69,1,1,-1,-1
44,47,828,131,35,45,1,8,-1,-1
44,55,510,190,13,34,1,1,-1,-1
44,75,563,368,37,113,1,1,-1,-1
44,76,356,269,25,64,1,1,-1,-1
44,97,275,344,34,71,1,1,-1,-1
44,116,573,279,41,78,1,1,-1,-1
45,1,1134,478,81,108,1,10,-1,-1
45,5,746,357,50,90,1,2,-1,-1
45,6,894,410,73,101,1,10,-1,-1
45,9,1153,455,42,72,1,2,-1,-1
45,19,588,370,101,78,1,10,-1,-1
45,31,703,137,19,35,1,10,-1,-1
45,32,636,334,46,95,1,1,-1,-1
45,39,537,278,34,92,1,1,-1,-1
45,47,829,131,36,46,1,8,-1,-1
45,75,564,374,32,116,1,1,-1,-1
45,76,354,271,25,64,1,1,-1,-1
45,77,535,199,27,31,1,2,-1,-1
45,97,272,347,34,73,1,1,-1,-1
45,116,572,281,42,79,1,1,-1,-1
45,117,450,202,22,38,1,1,-1,-1
46,1,1137,480,82,109,1,10,-1,-1
46,5,750,366,52,92,1,2,-1,-1
46,6,901,425,80,104,1,10,-1,-1
46,9,1155,456,43,72,1,2,-1,-1
46,19,588,374,102,79,1,10,-1,-1
46,31,704,138,19,35,1,10,-1,-1
46,32,636,338,46,96,1,1,-1,-1
46,39,535,301,30,80,1,1,-1,-1
46,47,831,132,35,46,1,8,-1,-1
46,76,352,272,26,64,1,1,-1,-1
46,77,535,200,26,31,1,2,-1,-1
46,116,572,284,42,79,1,1,-1,-1
46,117,449,203,22,38,1,1,-1,-1
46,139,622,361,81,65,1,10,-1,-1
47,1,1140,481,81,108,1,10,-1,-1
47,5,753,374,54,95,1,2,-1,-1
47,6,921,390,54,114,1,2,-1,-1
47,9,1158,458,42,72,1,2,-1,-1
47,19,588,380,103,80,1,10,-1,-1
47,31,704,138,19,36,1,10,-1,-1
47,32,637,342,46,97,1,1,-1,-1
47,39,534,304,30,81,1,1,-1,-1
47,47,832,133,35,46,1,8,-1,-1
47,76,350,274,26,64,1,1,-1,-1
47,77,534,200,27,32,1,2,-1,-1
47,98,362,293,19,50,1,1,-1,-1
47,116,571,286,43,80,1,1,-1,-1
47,117,448,204,22,38,1,1,-1,-1
47,139,622,366,83,66,1,10,-1,-1
48,1,1143,483,80,106,1,10,-1,-1
48,3,514,194,14,34,1,1,-1,-1
48,5,764,419,43,89,1,10,-1,-1
48,6,936,410,59,113,1,2,-1,-1
48,9,1161,460,42,71,1,2,-1,-1
48,19,588,386,104,81,1,10,-1,-1
48,31,705,139,19,36,1,10,-1,-1
48,32,637,345,47,99,1,1,-1,-1
48,39,533,306,31,82,1,1,-1,-1
48,40,757,383,56,97,1,2,-1,-1
48,47,833,133,36,47,1,8,-1,-1
48,56,922,399,51,107,1,2,-1,-1
48,77,534,201,27,32,1,2,-1,-1
48,98,359,295,19,51,1,1,-1,-1
48,116,571,289,43,80,1,1,-1,-1
48,117,447,205,23,39,1,1,-1,-1
48,139,622,371,84,67,1,10,-1,-1
48,140,572,442,37,72,1,1,-1,-1
49,1,1147,485,79,104,1,10,-1,-1
49,3,515,195,14,34,1,1,-1,-1
49,5,765,434,46,97,1,10,-1,-1
49,6,954,445,55,114,1,2,-1,-1
49,9,1164,461,42,72,1,2,-1,-1
49,19,588,392,105,83,1,10,-1,-1
49,31,706,140,19,36,1,10,-1,-1
49,32,637,349,48,101,1,1,-1,-1
49,39,532,308,31,83,1,1,-1,-1
49,40,760,394,57,99,1,2,-1,-1
49,47,834,134,36,46,1,8,-1,-1
49,56,935,413,49,109,1,2,-1,-1
49,77,533,202,27,32,1,2,-1,-1
49,98,357,297,19,52,1,1,-1,-1
49,117,446,206,23,39,1,1,-1,-1
49,139,622,375,85,69,1,10,-1,-1
49,140,572,448,38,73,1,1,-1,-1
49,141,346,278,26,64,1,1,-1,-1
50,1,1160,456,74,103,1,2,-1,-1
50,3,516,196,14,34,1,1,-1,-1
50,5,769,446,47,102,1,10,-1,-1
50,6,959,487,77,115,1,10,-1,-1
50,9,1166,463,42,71,1,2,-1,-1
50,19,588,398,106,84,1,10,-1,-1
50,25,599,290,78,56,1,10,-1,-1
50,31,707,141,19,36,1,10,-1,-1
50,32,638,353,47,102,1,1,-1,-1
50,39,531,311,32,84,1,1,-1,-1
50,40,763,405,58,101,1,2,-1,-1
50,47,835,134,37,47,1,8,-1,-1
50,56,948,427,48,111,1,2,-1,-1
50,77,533,203,27,31,1,2,-1,-1
50,98,355,300,19,52,1,1,-1,-1
50,117,445,207,23,39,1,1,-1,-1
50,139,622,380,87,71,1,10,-1,-1
50,140,571,456,38,74,1,1,-1,-1
50,141,344,279,27,65,1,1,-1,-1
51,1,1153,485,82,106,1,10,-1,-1
51,3,518,197,14,35,1,1,-1,-1
51,5,773,458,49,107,1,10,-1,-1
51,6,978,457,59,128,1,2,-1,-1
51,9,1169,464,42,72,1,2,-1,-1
51,19,588,404,107,86,1,10,-1,-1
51,25,599,293,78,57,1,10,-1,-1
51,32,638,356,48,104,1,1,-1,-1
51,39,530,315,32,84,1,1,-1,-1
51,40,767,416,58,103,1,2,-1,-1
51,47,836,135,37,47,1,8,-1,-1
51,56,959,443,57,116,1,2,-1,-1
51,77,532,203,27,32,1,2,-1,-1
51,98,353,302,18,53,1,1,-1,-1
51,140,568,464,43,83,1,1,-1,-1
51,141,342,281,27,65,1,1,-1,-1
52,1,1157,486,83,107,1,10,-1,-1
52,3,518,197,15,36,1,1,-1,-1
52,5,777,469,52,113,1,10,-1,-1
52,6,993,475,62,134,1,2,-1,-1
52,9,1172,466,42,71,1,2,-1,-1
52,19,588,411,108,86,1,10,-1,-1
52,25,599,296,79,57,1,10,-1,-1
52,32,638,360,49,105,1,1,-1,-1
52,39,529,319,33,84,1,1,-1,-1
52,40,774,429,60,106,1,2,-1,-1
52,47,838,136,36,47,1,8,-1,-1
52,56,974,460,55,107,1,2,-1,-1
52,57,247,369,38,79,1,1,-1,-1
52,77,532,204,27,32,1,2,-1,-1
52,98,340,283,27,65,1,1,-1,-1
52,140,570,473,39,77,1,1,-1,-1
52,141,350,304,19,54,1,1,-1,-1
52,142,709,143,19,37,1,10,-1,-1
53,1,1159,487,84,108,1,10,-1,-1
53,2,710,223,28,71,1,1,-1,-1
53,3,518,198,17,36,1,1,-1,-1
53,5,781,481,55,119,1,10,-1,-1
53,6,1008,493,65,141,1,2,-1,-1
53,9,1175,468,41,71,1,2,-1,-1
53,19,588,417,109,88,1,10,-1,-1
53,25,599,299,79,58,1,10,-1,-1
53,32,639,364,48,106,1,1,-1,-1
53,35,557,425,39,125,1,1,-1,-1
53,39,528,323,33,85,1,1,-1,-1
53,40,781,442,62,110,1,2,-1,-1
53,47,839,136,37,48,1,8,-1,-1
53,56,990,478,52,98,1,2,-1,-1
53,57,244,372,38,80,1,1,-1,-1
53,98,338,284,28,66,1,1,-1,-1
53,141,348,307,19,54,1,1,-1,-1
53,142,710,144,19,37,1,10,-1,-1
54,1,1161,489,86,108,1,10,-1,-1
54,2,711,225,28,72,1,1,-1,-1
54,3,518,199,19,37,1,1,-1,-1
54,5,782,493,71,129,1,10,-1,-1
54,6,1028,516,71,148,1,2,-1,-1
54,9,1177,469,42,71,1,2,-1,-1
54,19,588,423,110,89,1,10,-1,-1
54,25,599,302,79,58,1,10,-1,-1
54,27,442,212,24,40,1,1,-1,-1
54,32,639,367,49,108,1,1,-1,-1
54,35,556,429,40,129,1,1,-1,-1
54,39,527,327,34,85,1,1,-1,-1
54,40,789,456,64,113,1,2,-1,-1
54,56,1006,497,55,104,1,2,-1,-1
54,57,240,375,39,81,1,1,-1,-1
54,58,569,489,40,80,1,1,-1,-1
54,142,711,145,19,38,1,10,-1,-1
55,1,1164,491,87,109,1,10,-1,-1
55,2,712,227,28,72,1,1,-1,-1
55,3,518,199,20,38,1,1,-1,-1
55,5,787,517,67,122,1,10,-1,-1
55,6,1018,570,132,139,1,10,-1,-1
55,9,1180,471,42,71,1,2,-1,-1
55,10,344,311,18,56,1,1,-1,-1
55,19,623,403,92,78,1,10,-1,-1
55,25,600,306,79,58,1,10,-1,-1
55,27,441,213,24,40,1,1,-1,-1
55,35,555,437,41,131,1,1,-1,-1
55,39,526,332,35,85,1,1,-1,-1
55,40,794,487,74,111,1,2,-1,-1
55,56,1026,516,58,104,1,2,-1,-1
55,57,237,378,39,82,1,1,-1,-1
55,58,568,498,41,81,1,1,-1,-1
55,142,712,146,19,38,1,10,-1,-1
56,1,1166,492,89,110,1,10,-1,-1
56,2,713,229,28,73,1,1,-1,-1
56,3,518,200,22,38,1,1,-1,-1
56,5,795,537,73,130,1,10,-1,-1
56,6,1036,584,140,140,1,10,-1,-1
56,9,1183,472,41,71,1,2,-1,-1
56,10,332,290,28,66,1,1,-1,-1
56,19,623,408,94,80,1,10,-1,-1
56,25,600,309,79,58,1,10,-1,-1
56,27,440,213,25,41,1,1,-1,-1
56,35,554,446,42,132,1,1,-1,-1
56,39,524,335,36,87,1,1,-1,-1
56,40,797,507,77,113,1,2,-1,-1
56,56,1046,536,61,104,1,2,-1,-1
56,57,233,381,40,83,1,1,-1,-1
56,58,568,506,41,83,1,1,-1,-1
56,118,421,180,34,56,1,1,-1,-1
56,142,714,147,19,39,1,10,-1,-1
57,1,1180,466,76,107,1,2,-1,-1
57,2,714,231,29,74,1,1,-1,-1
57,3,519,201,23,39,1,1,-1,-1
57,5,803,557,79,138,1,10,-1,-1
57,6,1088,587,91,168,1,2,-1,-1
57,9,1186,474,41,71,1,2,-1,-1
57,10,330,291,29,67,1,1,-1,-1
57,19,623,412,95,82,1,10,-1,-1
57,25,600,312,79,59,1,10,-1,-1
57,27,439,216,25,40,1,1,-1,-1
57,35,554,455,43,133,1,1,-1,-1
57,40,804,506,70,119,1,2,-1,-1
57,56,1066,556,64,104,1,2,-1,-1
57,57,230,385,41,84,1,1,-1,-1
57,58,567,514,42,85,1,1,-1,-1
57,118,429,202,24,51,1,1,-1,-1
58,1,1171,496,92,112,1,10,-1,-1
58,2,715,233,30,78,1,1,-1,-1
58,3,520,202,23,38,1,1,-1,-1
58,4,685,120,15,29,1,2,-1,-1
58,5,811,577,85,146,1,10,-1,-1
58,6,1108,614,97,141,1,2,-1,-1
58,9,1189,476,41,71,1,2,-1,-1
58,10,328,293,29,67,1,1,-1,-1
58,19,623,417,96,83,1,10,-1,-1
58,25,600,315,80,59,1,10,-1,-1
58,27,438,217,25,40,1,1,-1,-1
58,35,553,463,44,137,1,1,-1,-1
58,36,845,140,38,49,1,8,-1,-1
58,40,813,529,77,121,1,2,-1,-1
58,48,565,318,51,89,1,1,-1,-1
58,57,224,389,42,85,1,1,-1,-1
58,58,567,523,42,86,1,1,-1,-1
58,118,427,203,24,51,1,1,-1,-1
59,1,1174,498,93,113,1,10,-1,-1
59,2,717,236,31,81,1,1,-1,-1
59,3,521,203,24,38,1,1,-1,-1
59,4,684,122,16,29,1,2,-1,-1
59,5,819,597,90,149,1,10,-1,-1
59,9,1187,490,57,79,1,2,-1,-1
59,10,326,295,29,67,1,1,-1,-1
59,25,600,318,80,60,1,10,-1,-1
59,27,438,218,24,41,1,1,-1,-1
59,35,552,472,45,140,1,1,-1,-1
59,36,846,140,38,49,1,8,-1,-1
59,40,819,552,82,124,1,2,-1,-1
59,48,565,322,51,91,1,1,-1,-1
59,57,218,393,43,87,1,1,-1,-1
59,58,566,534,43,87,1,1,-1,-1
59,78,642,398,52,118,1,1,-1,-1
59,118,426,205,24,51,1,1,-1,-1
60,1,1188,473,77,107,1,2,-1,-1
60,2,718,239,31,80,1,1,-1,-1
60,3,523,205,23,36,1,1,-1,-1
60,4,684,122,16,30,1,2,-1,-1
60,5,827,617,95,137,1,10,-1,-1
60,9,1194,479,42,74,1,2,-1,-1
60,10,324,297,30,67,1,1,-1,-1
60,25,600,321,80,60,1,10,-1,-1
60,27,437,219,25,41,1,1,-1,-1
60,35,551,480,46,144,1,1,-1,-1
60,36,847,141,38,49,1,8,-1,-1
60,48,564,326,53,92,1,1,-1,-1
60,57,212,397,45,89,1,1,-1,-1
60,58,566,545,43,89,1,1,-1,-1
60,78,643,405,53,121,1,1,-1,-1
60,118,425,206,24,52,1,1,-1,-1
61,1,1179,501,96,116,1,10,-1,-1
61,2,719,242,32,80,1,1,-1,-1
61,3,524,206,24,36,1,1,-1,-1
61,4,685,123,16,30,1,2,-1,-1
61,5,833,600,90,128,1,2,-1,-1
61,10,320,300,31,68,1,1,-1,-1
61,25,610,319,71,53,1,10,-1,-1
61,27,436,221,25,41,1,1,-1,-1
61,33,328,328,19,59,1,1,-1,-1
61,35,550,489,47,147,1,1,-1,-1
61,36,848,141,39,50,1,8,-1,-1
61,48,564,330,53,94,1,1,-1,-1
61,57,206,401,46,90,1,1,-1,-1
61,58,566,556,43,90,1,1,-1,-1
61,78,644,413,54,124,1,1,-1,-1
61,118,424,208,23,52,1,1,-1,-1
62,1,1181,503,98,117,1,10,-1,-1
62,2,721,245,31,80,1,1,-1,-1
62,3,525,217,29,31,1,2,-1,-1
62,4,686,124,16,30,1,2,-1,-1
62,5,845,627,96,127,1,2,-1,-1
62,7,409,223,28,50,1,1,-1,-1
62,10,317,303,31,69,1,1,-1,-1
62,25,600,329,82,61,1,10,-1,-1
62,27,435,222,25,41,1,1,-1,-1
62,33,325,331,19,59,1,1,-1,-1
62,35,549,498,49,151,1,1,-1,-1
62,36,849,142,39,50,1,8,-1,-1
62,48,564,334,53,96,1,1,-1,-1
62,58,566,567,44,92,1,1,-1,-1
62,78,644,421,55,126,1,1,-1,-1
62,99,699,94,17,21,1,10,-1,-1
62,119,515,361,39,96,1,1,-1,-1
63,1,1184,505,99,118,1,10,-1,-1
63,2,722,248,32,80,1,1,-1,-1
63,3,525,209,24,35,1,1,-1,-1
63,4,685,135,18,25,1,10,-1,-1
63,5,818,647,128,128,1,2,-1,-1
63,7,407,225,29,50,1,1,-1,-1
63,10,314,306,31,70,1,1,-1,-1
63,12,1191,496,62,74,1,10,-1,-1
63,25,600,334,83,61,1,10,-1,-1
63,27,434,223,26,41,1,1,-1,-1
63,33,322,335,19,59,1,1,-1,-1
63,35,548,510,49,154,1,1,-1,-1
63,36,850,143,39,50,1,8,-1,-1
63,48,563,338,55,97,1,1,-1,-1
63,58,559,549,43,93,1,1,-1,-1
63,78,645,428,56,129,1,1,-1,-1
63,79,194,410,49,93,1,1,-1,-1
63,99,699,94,17,21,1,10,-1,-1
63,119,514,367,39,98,1,1,-1,-1
64,1,1186,507,100,119,1,10,-1,-1
64,2,723,251,33,80,1,1,-1,-1
64,3,524,211,24,35,1,1,-1,-1
64,4,685,135,19,26,1,10,-1,-1
64,7,406,227,28,50,1,1,-1,-1
64,10,310,310,33,70,1,1,-1,-1
64,12,1205,486,43,80,1,2,-1,-1
64,25,600,339,85,62,1,10,-1,-1
64,27,433,224,26,42,1,1,-1,-1
64,33,319,338,19,60,1,1,-1,-1
64,35,548,557,49,153,1,1,-1,-1
64,36,851,143,40,51,1,8,-1,-1
64,48,563,342,55,99,1,1,-1,-1
64,78,646,436,57,131,1,1,-1,-1
64,79,188,414,51,94,1,1,-1,-1
64,80,420,212,24,54,1,1,-1,-1
64,99,699,94,17,21,1,10,-1,-1
64,119,513,373,40,99,1,1,-1,-1
64,143,564,594,43,94,1,1,-1,-1
64,144,582,498,131,104,1,10,-1,-1
65,1,1188,510,101,120,1,10,-1,-1
65,2,725,254,32,80,1,1,-1,-1
65,3,523,221,29,31,1,2,-1,-1
65,4,688,127,16,30,1,2,-1,-1
65,7,404,229,29,51,1,1,-1,-1
65,10,307,313,33,72,1,1,-1,-1
65,12,1208,488,44,82,1,2,-1,-1
65,25,599,343,87,63,1,10,-1,-1
65,27,432,225,26,42,1,1,-1,-1
65,33,316,342,20,59,1,1,-1,-1
65,35,546,536,50,159,1,1,-1,-1
65,36,853,144,39,51,1,8,-1,-1
65,48,562,346,57,100,1,1,-1,-1
65,78,647,444,57,134,1,1,-1,-1
65,79,182,418,52,96,1,1,-1,-1
65,80,419,214,23,54,1,1,-1,-1
65,99,699,95,17,21,1,10,-1,-1
65,119,511,379,41,100,1,1,-1,-1
65,143,563,608,42,95,1,1,-1,-1
65,144,582,510,133,106,1,10,-1,-1
66,1,1190,513,102,121,1,10,-1,-1
66,2,726,257,33,80,1,1,-1,-1
66,3,523,214,24,36,1,1,-1,-1
66,4,687,137,18,27,1,10,-1,-1
66,7,403,231,28,51,1,1,-1,-1
66,10,304,316,33,73,1,1,-1,-1
66,12,1211,491,44,84,1,2,-1,-1
66,27,437,230,31,49,1,1,-1,-1
66,33,313,345,20,60,1,1,-1,-1
66,36,854,145,39,51,1,8,-1,-1
66,48,562,350,57,102,1,1,-1,-1
66,78,648,452,58,136,1,1,-1,-1
66,79,177,423,53,97,1,1,-1,-1
66,80,418,215,23,55,1,1,-1,-1
66,99,700,95,17,21,1,10,-1,-1
66,119,510,385,41,102,1,1,-1,-1
66,143,562,621,42,96,1,1,-1,-1
66,144,582,522,136,108,1,10,-1,-1
67,1,1192,516,104,122,1,10,-1,-1
67,2,728,260,33,80,1,1,-1,-1
67,3,522,223,30,31,1,2,-1,-1
67,4,688,137,18,28,1,10,-1,-1
67,7,401,233,29,51,1,1,-1,-1
67,10,300,320,35,73,1,1,-1,-1
67,12,1214,495,45,85,1,2,-1,-1
67,21,669,206,36,54,1,7,-1,-1
67,27,430,229,26,42,1,1,-1,-1
67,33,310,349,20,60,1,1,-1,-1
67,36,855,145,40,52,1,8,-1,-1
67,48,562,355,58,103,1,1,-1,-1
67,79,170,431,55,98,1,1,-1,-1
67,80,416,217,24,54,1,1,-1,-1
67,99,700,95,17,21,1,10,-1,-1
67,119,509,391,42,103,1,1,-1,-1
67,120,599,353,90,64,1,10,-1,-1
67,143,561,635,41,97,1,1,-1,-1
67,144,582,534,138,110,1,10,-1,-1
68,1,1208,498,81,111,1,2,-1,-1
68,2,730,263,33,83,1,1,-1,-1
68,3,522,218,23,36,1,1,-1,-1
68,4,689,138,18,29,1,10,-1,-1
68,7,408,245,20,41,1,1,-1,-1
68,10,297,323,35,74,1,1,-1,-1
68,12,1218,499,45,87,1,2,-1,-1
68,21,690,197,22,59,1,1,-1,-1
68,27,429,231,26,42,1,1,-1,-1
68,33,307,352,20,60,1,1,-1,-1
68,36,856,146,40,51,1,8,-1,-1
68,37,649,467,60,141,1,1,-1,-1
68,48,560,360,58,105,1,1,-1,-1
68,79,164,440,57,99,1,1,-1,-1
68,80,415,218,24,55,1,1,-1,-1
68,99,700,96,17,21,1,10,-1,-1
68,120,573,341,108,77,1,10,-1,-1
68,143,560,649,41,98,1,1,-1,-1
68,144,582,546,141,112,1,10,-1,-1
69,1,1196,522,106,124,1,10,-1,-1
69,2,732,267,34,85,1,1,-1,-1
69,3,521,226,30,31,1,2,-1,-1
69,4,689,138,19,30,1,10,-1,-1
69,7,406,247,21,42,1,1,-1,-1
69,10,294,326,35,75,1,1,-1,-1
69,12,1221,503,46,88,1,2,-1,-1
69,21,691,199,22,59,1,1,-1,-1
69,33,304,356,20,60,1,1,-1,-1
69,36,857,146,41,52,1,8,-1,-1
69,37,650,475,61,144,1,1,-1,-1
69,79,158,448,58,101,1,1,-1,-1
69,80,414,220,23,55,1,1,-1,-1
69,120,598,362,94,66,1,10,-1,-1
70,1,1199,525,107,125,1,10,-1,-1
70,2,734,270,35,88,1,1,-1,-1
70,3,521,221,23,37,1,1,-1,-1
70,4,690,139,19,31,1,10,-1,-1
70,7,404,249,21,42,1,1,-1,-1
70,10,291,330,36,76,1,1,-1,-1
70,12,1225,507,46,89,1,2,-1,-1
70,21,692,201,22,60,1,1,-1,-1
70,33,301,360,21,60,1,1,-1,-1
70,36,858,147,41,52,1,8,-1,-1
70,37,651,482,62,147,1,1,-1,-1
70,79,152,457,60,101,1,1,-1,-1
70,80,413,221,23,56,1,1,-1,-1
70,120,598,367,96,67,1,10,-1,-1
70,121,729,166,20,40,1,10,-1,-1
70,145,700,96,17,21,1,10,-1,-1
71,1,1202,528,108,126,1,10,-1,-1
71,2,736,274,36,90,1,1,-1,-1
71,3,520,229,31,32,1,2,-1,-1
71,4,691,139,19,32,1,10,-1,-1
71,7,403,251,21,43,1,1,-1,-1
71,10,287,334,37,77,1,1,-1,-1
71,12,1228,511,47,91,1,2,-1,-1
71,21,693,203,22,60,1,1,-1,-1
71,33,297,365,21,60,1,1,-1,-1
71,37,652,490,62,149,1,1,-1,-1
71,80,411,223,24,56,1,1,-1,-1
71,120,598,372,97,67,1,10,-1,-1
71,121,730,168,20,40,1,10,-1,-1
71,122,504,414,44,109,1,1,-1,-1
71,145,700,97,17,21,1,10,-1,-1
72,1,1205,531,110,128,1,10,-1,-1
72,2,738,278,37,92,1,1,-1,-1
72,3,519,231,32,32,1,2,-1,-1
72,4,692,140,18,32,1,10,-1,-1
72,7,401,253,21,43,1,1,-1,-1
72,10,284,338,37,78,1,1,-1,-1
72,12,1220,512,83,113,1,2,-1,-1
72,21,693,205,23,60,1,1,-1,-1
72,33,293,370,22,60,1,1,-1,-1
72,37,653,498,63,151,1,1,-1,-1
72,81,140,474,63,104,1,1,-1,-1
72,120,598,377,99,68,1,10,-1,-1
72,121,732,170,20,40,1,10,-1,-1
72,122,503,420,44,111,1,1,-1,-1
72,123,667,213,44,63,1,7,-1,-1
72,145,700,97,17,21,1,10,-1,-1
73,1,1209,535,111,129,1,10,-1,-1
73,2,739,283,38,93,1,1,-1,-1
73,3,519,233,32,32,1,2,-1,-1
73,4,693,141,18,33,1,10,-1,-1
73,7,399,256,22,43,1,1,-1,-1
73,10,281,343,38,78,1,1,-1,-1
73,12,1223,516,83,113,1,2,-1,-1
73,21,694,207,23,61,1,1,-1,-1
73,22,862,149,41,53,1,8,-1,-1
73,33,290,375,22,60,1,1,-1,-1
73,37,600,510,137,126,1,10,-1,-1
73,81,131,483,64,106,1,1,-1,-1
73,121,735,174,20,40,1,10,-1,-1
73,122,483,414,45,115,1,1,-1,-1
73,123,667,216,44,63,1,7,-1,-1
73,145,701,97,17,21,1,10,-1,-1
74,1,1214,540,109,129,1,10,-1,-1
74,2,741,288,38,94,1,1,-1,-1
74,3,518,235,33,32,1,2,-1,-1
74,4,693,141,19,34,1,10,-1,-1
74,7,398,258,21,43,1,1,-1,-1
74,10,277,347,39,79,1,1,-1,-1
74,12,1226,520,84,113,1,2,-1,-1
74,21,695,209,23,61,1,1,-1,-1
74,22,863,150,41,53,1,8,-1,-1
74,33,286,380,23,60,1,1,-1,-1
74,37,626,548,127,118,1,10,-1,-1
74,81,122,493,65,107,1,1,-1,-1
74,82,552,395,59,115,1,1,-1,-1
74,121,738,178,20,41,1,10,-1,-1
74,122,501,432,45,114,1,1,-1,-1
74,123,668,218,44,63,1,7,-1,-1
74,124,696,106,14,30,1,10,-1,-1
74,145,701,98,17,21,1,10,-1,-1
75,1,1219,545,107,129,1,10,-1,-1
75,2,743,293,38,95,1,1,-1,-1
75,3,518,237,33,33,1,2,-1,-1
75,4,694,142,19,34,1,10,-1,-1
75,7,396,260,22,44,1,1,-1,-1
75,10,274,351,39,80,1,1,-1,-1
75,12,1227,538,75,99,1,2,-1,-1
75,13,419,246,26,44,1,1,-1,-1
75,21,696,211,23,61,1,1,-1,-1
75,22,864,150,42,54,1,8,-1,-1
75,37,627,560,131,123,1,10,-1,-1
75,81,114,503,66,108,1,1,-1,-1
75,82,550,404,62,116,1,1,-1,-1
75,121,737,168,22,39,1,2,-1,-1
75,122,498,441,46,116,1,1,-1,-1
75,123,668,220,45,64,1,7,-1,-1
75,124,698,107,13,30,1,10,-1,-1
76,1,1224,550,105,129,1,10,-1,-1
76,2,744,299,39,95,1,1,-1,-1
76,3,517,239,34,33,1,2,-1,-1
76,4,695,142,19,36,1,10,-1,-1
76,7,394,262,23,44,1,1,-1,-1
76,10,271,356,40,80,1,1,-1,-1
76,12,1245,530,49,98,1,2,-1,-1
76,13,418,249,25,43,1,1,-1,-1
76,21,696,213,24,62,1,1,-1,-1
76,22,865,151,42,54,1,8,-1,-1
76,37,629,572,135,128,1,10,-1,-1
76,81,105,512,67,110,1,1,-1,-1
76,82,549,413,65,118,1,1,-1,-1
76,122,495,451,47,117,1,1,-1,-1
76,123,669,222,45,64,1,7,-1,-1
76,124,699,107,13,30,1,10,-1,-1
77,1,1229,555,103,129,1,10,-1,-1
77,2,746,305,39,96,1,1,-1,-1
77,3,517,241,34,33,1,2,-1,-1
77,4,696,143,19,36,1,10,-1,-1
77,7,392,241,28,52,1,1,-1,-1
77,12,1249,534,49,100,1,2,-1,-1
77,13,416,251,26,43,1,1,-1,-1
77,15,743,186,21,42,1,10,-1,-1
77,21,697,215,24,62,1,1,-1,-1
77,22,867,152,42,54,1,8,-1,-1
77,37,629,594,140,124,1,10,-1,-1
77,49,393,264,22,45,1,1,-1,-1
77,81,96,522,68,111,1,1,-1,-1
77,82,547,422,69,119,1,1,-1,-1
77,123,669,225,46,64,1,7,-1,-1
77,124,700,107,13,30,1,10,-1,-1
77,125,518,233,21,38,1,1,-1,-1
78,1,1234,560,101,129,1,10,-1,-1
78,2,748,311,39,97,1,1,-1,-1
78,3,516,242,35,34,1,2,-1,-1
78,4,697,144,19,37,1,10,-1,-1
78,7,403,233,23,59,1,1,-1,-1
78,12,1252,538,50,101,1,2,-1,-1
78,13,415,253,25,44,1,1,-1,-1
78,15,744,188,21,42,1,10,-1,-1
78,21,698,217,24,62,1,1,-1,-1
78,22,868,153,42,54,1,8,-1,-1
78,37,630,616,144,120,1,10,-1,-1
78,49,391,267,23,44,1,1,-1,-1
78,81,88,532,69,113,1,1,-1,-1
78,82,546,432,72,120,1,1,-1,-1
78,83,490,470,48,120,1,1,-1,-1
78,124,701,108,14,30,1,10,-1,-1
78,125,517,234,21,39,1,1,-1,-1
79,1,1240,565,98,129,1,10,-1,-1
79,2,751,316,40,98,1,1,-1,-1
79,3,515,244,36,34,1,2,-1,-1
79,4,698,145,19,37,1,10,-1,-1
79,7,402,235,23,59,1,1,-1,-1
79,12,1256,542,50,103,1,2,-1,-1
79,13,413,255,26,44,1,1,-1,-1
79,15,745,191,22,42,1,10,-1,-1
79,21,699,220,24,62,1,1,-1,-1
79,22,870,154,42,55,1,8,-1,-1
79,37,595,613,178,138,1,10,-1,-1
79,49,389,269,23,45,1,1,-1,-1
79,81,74,545,71,113,1,1,-1,-1
79,82,545,441,74,121,1,1,-1,-1
79,83,487,479,49,122,1,1,-1,-1
79,100,670,229,47,65,1,7,-1,-1
79,124,703,108,13,30,1,10,-1,-1
79,125,517,236,20,39,1,1,-1,-1
80,1,1245,569,93,129,1,10,-1,-1
80,2,755,321,41,99,1,1,-1,-1
80,3,515,246,36,35,1,2,-1,-1
80,4,699,141,17,31,1,2,-1,-1
80,7,400,236,24,60,1,1,-1,-1
80,12,1260,545,49,101,1,2,-1,-1
80,13,412,258,25,43,1,1,-1,-1
80,15,747,193,21,42,1,10,-1,-1
80,21,710,227,22,54,1,1,-1,-1
80,22,871,155,43,55,1,8,-1,-1
80,37,620,631,182,127,1,10,-1,-1
80,49,388,271,23,45,1,1,-1,-1
80,82,543,450,78,123,1,1,-1,-1
80,83,485,489,49,124,1,1,-1,-1
80,100,670,232,48,65,1,7,-1,-1
80,125,516,238,20,39,1,1,-1,-1
81,1,1250,573,89,129,1,10,-1,-1
81,2,758,326,42,100,1,1,-1,-1
81,3,514,248,37,35,1,2,-1,-1
81,4,700,142,17,31,1,2,-1,-1
81,7,399,238,23,60,1,1,-1,-1
81,12,1264,549,48,99,1,2,-1,-1
81,13,411,260,25,44,1,1,-1,-1
81,15,748,195,21,42,1,10,-1,-1
81,21,713,201,28,62,1,1,-1,-1
81,22,873,156,43,56,1,8,-1,-1
81,41,596,439,120,79,1,10,-1,-1
81,49,386,273,23,46,1,1,-1,-1
81,82,542,459,81,124,1,1,-1,-1
81,83,482,499,50,126,1,1,-1,-1
81,100,670,234,48,66,1,7,-1,-1
81,125,516,239,20,39,1,1,-1,-1
81,126,705,109,13,30,1,10,-1,-1
82,1,1262,554,79,119,1,2,-1,-1
82,2,762,332,43,100,1,1,-1,-1
82,3,514,250,37,35,1,2,-1,-1
82,4,700,150,18,35,1,10,-1,-1
82,7,398,239,23,61,1,1,-1,-1
82,12,1269,553,47,97,1,2,-1,-1
82,13,409,262,26,44,1,1,-1,-1
82,15,746,183,25,38,1,2,-1,-1
82,21,715,203,28,63,1,1,-1,-1
82,22,875,157,42,56,1,8,-1,-1
82,41,596,447,122,80,1,10,-1,-1
82,49,384,275,24,46,1,1,-1,-1
82,50,701,226,25,63,1,1,-1,-1
82,83,479,510,52,128,1,1,-1,-1
82,100,671,236,48,66,1,7,-1,-1
82,125,515,241,20,39,1,1,-1,-1
82,126,706,109,14,30,1,10,-1,-1
83,1,1266,559,77,118,1,2,-1,-1
83,2,765,338,43,101,1,1,-1,-1
83,3,515,243,19,39,1,1,-1,-1
83,4,700,152,18,34,1,10,-1,-1
83,7,397,241,23,61,1,1,-1,-1
83,13,408,264,25,44,1,1,-1,-1
83,15,747,185,25,38,1,2,-1,-1
83,21,720,222,26,66,1,1,-1,-1
83,22,876,159,43,56,1,8,-1,-1
83,41,596,455,124,81,1,10,-1,-1
83,49,383,278,24,46,1,1,-1,-1
83,50,702,228,25,63,1,1,-1,-1
83,83,476,520,54,130,1,1,-1,-1
83,100,671,238,49,67,1,7,-1,-1
83,126,708,109,13,30,1,10,-1,-1
84,1,1265,586,77,129,1,10,-1,-1
84,2,768,344,43,102,1,1,-1,-1
84,3,513,254,39,36,1,2,-1,-1
84,4,701,154,17,32,1,10,-1,-1
84,7,385,257,37,75,1,1,-1,-1
84,13,406,266,26,45,1,1,-1,-1
84,15,749,187,25,38,1,2,-1,-1
84,22,878,160,43,56,1,8,-1,-1
84,41,596,463,126,82,1,10,-1,-1
84,49,380,280,24,46,1,1,-1,-1
84,50,702,230,26,63,1,1,-1,-1
84,83,473,531,56,132,1,1,-1,-1
84,100,671,241,50,67,1,7,-1,-1
84,126,709,110,13,30,1,10,-1,-1
84,146,1278,560,45,93,1,2,-1,-1
85,1,1266,589,75,128,1,10,-1,-1
85,2,771,351,44,103,1,1,-1,-1
85,3,513,252,38,41,1,2,-1,-1
85,4,701,156,18,31,1,10,-1,-1
85,7,382,245,25,64,1,1,-1,-1
85,13,405,269,25,44,1,1,-1,-1
85,15,753,204,21,42,1,10,-1,-1
85,22,879,161,44,57,1,8,-1,-1
85,23,702,101,17,21,1,10,-1,-1
85,41,580,472,150,101,1,10,-1,-1
85,49,378,283,24,46,1,1,-1,-1
85,50,703,232,26,64,1,1,-1,-1
85,83,470,542,58,134,1,1,-1,-1
85,100,672,243,50,67,1,7,-1,-1
85,101,720,209,28,66,1,1,-1,-1
85,126,710,110,14,30,1,10,-1,-1
85,146,1282,564,44,91,1,2,-1,-1
86,1,1267,592,74,127,1,10,-1,-1
86,2,773,360,44,104,1,1,-1,-1
86,3,511,258,37,36,1,2,-1,-1
86,4,702,158,17,30,1,10,-1,-1
86,7,373,269,30,60,1,1,-1,-1
86,13,404,271,25,44,1,1,-1,-1
86,15,754,207,22,42,1,10,-1,-1
86,22,881,162,43,57,1,8,-1,-1
86,23,702,101,17,21,1,10,-1,-1
86,41,592,474,128,87,1,10,-1,-1
86,49,380,291,25,50,1,1,-1,-1
86,50,704,234,26,64,1,1,-1,-1
86,66,751,191,26,38,1,2,-1,-1
86,101,708,229,34,56,1,10,-1,-1
86,126,711,110,14,30,1,10,-1,-1
86,146,1287,568,43,89,1,2,-1,-1
86,147,704,147,17,31,1,2,-1,-1
87,1,1269,596,72,125,1,10,-1,-1
87,2,775,364,45,108,1,1,-1,-1
87,3,513,249,18,41,1,1,-1,-1
87,4,703,159,17,30,1,10,-1,-1
87,7,370,271,30,61,1,1,-1,-1
87,13,402,273,25,45,1,1,-1,-1
87,15,755,209,22,42,1,10,-1,-1
87,22,883,163,43,58,1,8,-1,-1
87,23,702,102,17,21,1,10,-1,-1
87,41,591,483,130,89,1,10,-1,-1
87,49,383,305,32,57,1,1,-1,-1
87,50,705,236,26,64,1,1,-1,-1
87,66,753,193,26,38,1,2,-1,-1
87,67,538,525,92,131,1,1,-1,-1
87,101,709,232,34,56,1,10,-1,-1
87,146,1290,571,42,90,1,2,-1,-1
87,147,705,147,16,32,1,2,-1,-1
88,1,1270,599,71,125,1,10,-1,-1
88,2,778,369,46,112,1,1,-1,-1
88,3,509,262,38,37,1,2,-1,-1
88,4,704,160,18,29,1,10,-1,-1
88,7,367,274,31,61,1,1,-1,-1
88,13,401,275,25,45,1,1,-1,-1
88,15,756,211,22,42,1,10,-1,-1
88,22,884,165,44,58,1,8,-1,-1
88,23,703,102,17,21,1,10,-1,-1
88,41,591,492,132,92,1,10,-1,-1
88,50,705,238,27,65,1,1,-1,-1
88,66,754,195,27,38,1,2,-1,-1
88,67,544,548,87,123,1,1,-1,-1
88,101,725,215,28,69,1,1,-1,-1
88,127,512,251,19,41,1,1,-1,-1
88,146,1294,574,40,92,1,2,-1,-1
88,147,705,148,17,32,1,2,-1,-1
89,2,781,374,47,116,1,1,-1,-1
89,3,509,264,38,37,1,2,-1,-1
89,4,705,161,18,29,1,10,-1,-1
89,7,364,277,31,61,1,1,-1,-1
89,13,400,278,25,45,1,1,-1,-1
89,15,758,214,22,42,1,10,-1,-1
89,22,882,135,55,72,1,8,-1,-1
89,23,703,102,17,21,1,10,-1,-1
89,41,591,501,133,94,1,10,-1,-1
89,50,706,240,27,65,1,1,-1,-1
89,66,756,198,27,38,1,2,-1,-1
89,67,533,547,95,136,1,1,-1,-1
89,101,727,217,28,70,1,1,-1,-1
89,127,512,253,18,41,1,1,-1,-1
89,147,706,149,17,32,1,2,-1,-1
90,2,785,381,48,116,1,1,-1,-1
90,3,508,266,39,38,1,2,-1,-1
90,4,706,162,18,28,1,10,-1,-1
90,7,361,280,32,61,1,1,-1,-1
90,13,397,280,26,45,1,1,-1,-1
90,15,761,217,23,42,1,10,-1,-1
90,23,703,103,17,21,1,10,-1,-1
90,41,591,510,135,97,1,10,-1,-1
90,50,707,242,27,65,1,1,-1,-1
90,66,759,200,27,38,1,2,-1,-1
90,67,530,558,97,138,1,1,-1,-1
90,68,680,104,18,30,1,10,-1,-1
90,101,715,243,34,57,1,10,-1,-1
90,127,511,254,18,41,1,1,-1,-1
90,147,707,150,17,32,1,2,-1,-1
91,2,789,388,50,116,1,1,-1,-1
91,3,508,268,39,39,1,2,-1,-1
91,4,708,151,16,32,1,2,-1,-1
91,7,358,282,32,62,1,1,-1,-1
91,8,686,284,49,65,1,7,-1,-1
91,13,394,282,28,46,1,1,-1,-1
91,15,764,220,24,43,1,10,-1,-1
91,23,703,103,17,21,1,10,-1,-1
91,41,591,520,137,99,1,10,-1,-1
91,50,717,247,34,56,1,10,-1,-1
91,66,762,202,27,38,1,2,-1,-1
91,67,528,569,98,141,1,1,-1,-1
91,68,680,105,18,30,1,10,-1,-1
91,101,723,239,22,54,1,1,-1,-1
91,102,208,480,28,70,1,1,-1,-1
91,127,511,256,17,41,1,1,-1,-1
92,2,793,396,52,115,1,1,-1,-1
92,3,506,270,39,38,1,2,-1,-1
92,4,708,152,17,32,1,2,-1,-1
92,7,356,285,32,63,1,1,-1,-1
92,8,674,259,54,70,1,7,-1,-1
92,13,391,285,30,46,1,1,-1,-1
92,15,767,223,25,43,1,10,-1,-1
92,23,703,103,17,21,1,10,-1,-1
92,41,590,531,140,102,1,10,-1,-1
92,50,707,248,28,66,1,1,-1,-1
92,66,765,204,27,38,1,2,-1,-1
92,67,526,581,100,143,1,1,-1,-1
92,68,680,105,18,30,1,10,-1,-1
92,102,203,486,28,71,1,1,-1,-1
92,127,510,258,18,41,1,1,-1,-1
93,2,796,405,53,119,1,1,-1,-1
93,3,505,272,39,38,1,2,-1,-1
93,4,709,153,17,32,1,2,-1,-1
93,8,675,261,54,70,1,7,-1,-1
93,13,386,265,23,57,1,1,-1,-1
93,15,771,226,25,44,1,10,-1,-1
93,23,703,104,17,21,1,10,-1,-1
93,66,768,207,28,38,1,2,-1,-1
93,67,524,595,103,144,1,1,-1,-1
93,68,680,106,18,30,1,10,-1,-1
93,102,198,493,29,72,1,1,-1,-1
93,103,710,166,18,27,1,10,-1,-1
93,104,734,225,28,74,1,1,-1,-1
93,127,510,259,17,42,1,1,-1,-1
94,2,799,415,54,122,1,1,-1,-1
94,3,509,261,17,42,1,1,-1,-1
94,4,710,154,17,32,1,2,-1,-1
94,8,675,263,55,71,1,7,-1,-1
94,13,386,290,32,46,1,1,-1,-1
94,15,773,229,25,45,1,10,-1,-1
94,16,187,448,50,100,1,1,-1,-1
94,23,703,104,17,21,1,10,-1,-1
94,66,771,209,28,38,1,2,-1,-1
94,67,523,609,105,145,1,1,-1,-1
94,68,680,106,18,30,1,10,-1,-1
94,102,189,502,30,74,1,1,-1,-1
94,103,710,168,18,26,1,10,-1,-1
94,104,736,227,28,75,1,1,-1,-1
94,105,588,553,147,108,1,10,-1,-1
95,2,803,425,55,125,1,1,-1,-1
95,4,711,155,17,32,1,2,-1,-1
95,8,676,266,55,71,1,7,-1,-1
95,15,775,233,26,46,1,10,-1,-1
95,16,181,453,51,102,1,1,-1,-1
95,23,703,104,17,21,1,10,-1,-1
95,42,724,262,34,56,1,10,-1,-1
95,67,515,628,107,126,1,1,-1,-1
95,68,680,106,18,30,1,10,-1,-1
95,102,181,512,31,75,1,1,-1,-1
95,103,711,170,18,26,1,10,-1,-1
95,104,738,229,28,76,1,1,-1,-1
95,105,587,565,151,110,1,10,-1,-1
95,106,503,277,39,37,1,2,-1,-1
95,148,522,269,17,31,1,2,-1,-1
96,2,808,433,56,126,1,1,-1,-1
96,4,711,156,17,32,1,2,-1,-1
96,8,676,269,55,72,1,7,-1,-1
96,16,175,459,52,103,1,1,-1,-1
96,23,704,105,17,21,1,10,-1,-1
96,42,726,266,34,56,1,10,-1,-1
96,68,680,107,18,30,1,10,-1,-1
96,84,724,114,14,30,1,10,-1,-1
96,102,172,522,32,76,1,1,-1,-1
96,103,712,170,18,27,1,10,-1,-1
96,104,740,232,28,76,1,1,-1,-1
96,105,586,577,155,112,1,10,-1,-1
96,106,502,279,38,37,1,2,-1,-1
96,148,521,272,17,31,1,2,-1,-1
96,149,508,264,17,43,1,1,-1,-1
97,2,813,442,58,127,1,1,-1,-1
97,4,712,157,17,32,1,2,-1,-1
97,8,677,273,55,73,1,7,-1,-1
97,16,170,465,51,104,1,1,-1,-1
97,23,704,105,17,21,1,10,-1,-1
97,42,727,269,35,57,1,10,-1,-1
97,59,368,272,26,61,1,1,-1,-1
97,68,680,107,18,30,1,10,-1,-1
97,84,725,114,14,30,1,10,-1,-1
97,102,164,532,33,78,1,1,-1,-1
97,103,713,170,18,28,1,10,-1,-1
97,104,742,236,28,77,1,1,-1,-1
97,105,586,590,159,114,1,10,-1,-1
97,106,501,281,38,38,1,2,-1,-1
97,148,520,274,18,31,1,2,-1,-1
97,149,508,266,16,43,1,1,-1,-1
98,2,819,452,59,129,1,1,-1,-1
98,4,713,158,17,32,1,2,-1,-1
98,8,678,277,55,74,1,7,-1,-1
98,16,164,470,52,106,1,1,-1,-1
98,23,704,105,17,21,1,10,-1,-1
98,42,729,273,35,57,1,10,-1,-1
98,59,366,275,27,60,1,1,-1,-1
98,68,680,108,18,30,1,10,-1,-1
98,84,726,114,14,30,1,10,-1,-1
98,103,714,170,18,29,1,10,-1,-1
98,104,744,240,29,78,1,1,-1,-1
98,105,586,603,162,116,1,10,-1,-1
98,106,500,283,38,39,1,2,-1,-1
98,107,339,302,34,65,1,1,-1,-1
98,148,519,276,18,32,1,2,-1,-1
98,149,507,268,16,43,1,1,-1,-1
99,2,825,462,61,131,1,1,-1,-1
99,4,714,159,17,32,1,2,-1,-1
99,8,706,270,35,73,1,1,-1,-1
99,16,158,476,53,107,1,1,-1,-1
99,23,704,105,17,21,1,10,-1,-1
99,42,731,277,35,56,1,10,-1,-1
99,59,364,277,27,60,1,1,-1,-1
99,84,728,115,13,30,1,10,-1,-1
99,103,715,171,18,30,1,10,-1,-1
99,104,747,244,29,79,1,1,-1,-1
99,105,586,616,166,118,1,10,-1,-1
99,106,499,286,38,39,1,2,-1,-1
99,107,336,304,35,66,1,1,-1,-1
99,148,518,279,19,31,1,2,-1,-1
99,149,507,270,16,43,1,1,-1,-1
99,150,147,551,35,81,1,1,-1,-1
100,2,831,473,63,133,1,1,-1,-1
100,4,714,172,18,30,1,10,-1,-1
100,8,705,273,37,74,1,1,-1,-1
100,16,152,482,54,108,1,1,-1,-1
100,17,733,278,49,81,1,10,-1,-1
100,18,785,251,31,52,1,10,-1,-1
100,23,704,106,17,21,1,10,-1,-1
100,42,733,280,34,57,1,10,-1,-1
100,59,362,279,27,60,1,1,-1,-1
100,69,681,109,18,30,1,10,-1,-1
100,84,729,115,14,30,1,10,-1,-1
100,105,585,631,168,123,1,10,-1,-1
100,106,518,281,18,32,1,2,-1,-1
100,107,333,307,36,66,1,1,-1,-1
100,108,371,306,32,50,1,1,-1,-1
100,149,506,272,16,43,1,1,-1,-1
100,150,139,561,36,82,1,1,-1,-1
101,2,837,484,61,140,1,1,-1,-1
101,4,714,173,18,30,1,10,-1,-1
101,8,681,288,55,78,1,7,-1,-1
101,16,147,488,54,109,1,1,-1,-1
101,17,751,253,30,80,1,1,-1,-1
101,18,788,255,32,53,1,10,-1,-1
101,20,487,276,46,50,1,2,-1,-1
101,23,704,106,17,21,1,10,-1,-1
101,42,735,284,34,57,1,10,-1,-1
101,59,360,281,27,61,1,1,-1,-1
101,69,681,110,18,30,1,10,-1,-1
101,84,730,115,14,30,1,10,-1,-1
101,106,517,283,18,32,1,2,-1,-1
101,107,330,310,36,66,1,1,-1,-1
101,108,369,309,31,50,1,1,-1,-1
101,128,705,277,38,74,1,1,-1,-1
101,150,130,571,37,84,1,1,-1,-1
102,2,843,495,60,148,1,1,-1,-1
102,4,715,175,18,30,1,10,-1,-1
102,8,682,291,55,80,1,7,-1,-1
102,16,137,498,56,111,1,1,-1,-1
102,17,754,257,30,81,1,1,-1,-1
102,18,791,259,33,54,1,10,-1,-1
102,20,503,294,25,43,1,2,-1,-1
102,42,736,288,35,57,1,10,-1,-1
102,59,358,284,27,60,1,1,-1,-1
102,69,681,111,18,30,1,10,-1,-1
102,84,731,116,14,30,1,10,-1,-1
102,107,328,313,36,67,1,1,-1,-1
102,108,367,312,30,50,1,1,-1,-1
102,128,705,280,39,75,1,1,-1,-1
102,129,907,181,46,63,1,8,-1,-1
102,150,122,581,38,85,1,1,-1,-1
103,2,846,509,64,153,1,1,-1,-1
103,8,683,295,55,81,1,7,-1,-1
103,16,119,526,53,102,1,1,-1,-1
103,17,756,261,31,82,1,1,-1,-1
103,18,795,263,33,56,1,10,-1,-1
103,20,503,280,16,41,1,1,-1,-1
103,42,738,291,35,57,1,10,-1,-1
103,59,356,286,27,60,1,1,-1,-1
103,69,681,112,19,30,1,10,-1,-1
103,84,733,116,13,30,1,10,-1,-1
103,85,495,295,37,42,1,2,-1,-1
103,107,325,315,36,68,1,1,-1,-1
103,108,365,314,29,51,1,1,-1,-1
103,128,705,283,40,76,1,1,-1,-1
103,129,908,183,47,63,1,8,-1,-1
103,150,128,571,41,90,1,1,-1,-1
103,151,515,288,19,32,1,2,-1,-1
104,2,850,523,68,159,1,1,-1,-1
104,8,684,299,55,82,1,7,-1,-1
104,16,119,519,59,114,1,1,-1,-1
104,17,760,276,35,92,1,1,-1,-1
104,18,798,267,34,57,1,10,-1,-1
104,20,502,282,16,41,1,1,-1,-1
104,28,717,179,18,30,1,10,-1,-1
104,42,740,295,35,57,1,10,-1,-1
104,59,354,288,27,60,1,1,-1,-1
104,69,682,113,18,30,1,10,-1,-1
104,85,494,297,37,43,1,2,-1,-1
104,86,105,600,40,88,1,1,-1,-1
104,107,322,318,37,68,1,1,-1,-1
104,108,363,317,28,51,1,1,-1,-1
104,128,704,286,42,77,1,1,-1,-1
104,129,910,184,46,63,1,8,-1,-1
104,151,514,290,20,33,1,2,-1,-1
105,2,856,540,70,159,1,1,-1,-1
105,8,684,302,56,84,1,7,-1,-1
105,16,110,529,61,116,1,1,-1,-1
105,17,761,270,31,84,1,1,-1,-1
105,18,803,251,32,56,1,2,-1,-1
105,20,501,285,17,40,1,1,-1,-1
105,28,717,181,18,29,1,10,-1,-1
105,42,742,299,35,57,1,10,-1,-1
105,59,352,291,28,60,1,1,-1,-1
105,69,682,115,18,29,1,10,-1,-1
105,85,493,299,37,44,1,2,-1,-1
105,86,97,610,41,90,1,1,-1,-1
105,108,361,320,27,51,1,1,-1,-1
105,128,704,289,42,79,1,1,-1,-1
105,129,912,185,46,64,1,8,-1,-1
105,151,513,293,20,32,1,2,-1,-1
106,2,863,557,71,160,1,1,-1,-1
106,8,685,306,56,85,1,7,-1,-1
106,16,101,539,62,118,1,1,-1,-1
106,17,763,274,32,85,1,1,-1,-1
106,18,805,275,36,60,1,10,-1,-1
106,20,500,287,17,40,1,1,-1,-1
106,28,720,170,17,32,1,2,-1,-1
106,42,744,303,35,57,1,10,-1,-1
106,59,346,294,29,61,1,1,-1,-1
106,69,682,116,19,30,1,10,-1,-1
106,85,492,301,37,45,1,2,-1,-1
106,86,88,620,42,91,1,1,-1,-1
106,108,359,323,26,51,1,1,-1,-1
106,128,696,290,37,67,1,1,-1,-1
106,129,913,186,47,64,1,8,-1,-1
106,130,705,108,17,21,1,10,-1,-1
106,151,512,295,21,33,1,2,-1,-1
107,2,870,575,73,160,1,1,-1,-1
107,8,704,296,44,80,1,1,-1,-1
107,16,92,550,64,119,1,1,-1,-1
107,17,765,278,33,86,1,1,-1,-1
107,18,808,279,37,61,1,10,-1,-1
107,20,500,290,17,40,1,1,-1,-1
107,28,719,185,18,29,1,10,-1,-1
107,69,682,117,19,30,1,10,-1,-1
107,85,491,304,37,45,1,2,-1,-1
107,86,80,630,43,92,1,1,-1,-1
107,129,915,187,47,65,1,8,-1,-1
107,130,705,108,17,21,1,10,-1,-1
107,131,454,233,23,45,1,1,-1,-1
107,151,511,297,21,33,1,2,-1,-1
108,2,877,593,73,160,1,1,-1,-1
108,8,687,313,56,88,1,7,-1,-1
108,16,83,560,65,122,1,1,-1,-1
108,17,768,282,33,87,1,1,-1,-1
108,18,811,283,38,62,1,10,-1,-1
108,20,498,293,17,41,1,1,-1,-1
108,28,720,187,18,29,1,10,-1,-1
108,51,311,331,39,70,1,1,-1,-1
108,52,337,301,30,64,1,1,-1,-1
108,69,683,118,18,30,1,10,-1,-1
108,85,490,307,37,45,1,2,-1,-1
108,86,72,640,44,94,1,1,-1,-1
108,130,705,108,17,21,1,10,-1,-1
108,131,453,235,23,46,1,1,-1,-1
109,2,886,614,76,141,1,1,-1,-1
109,8,688,317,56,89,1,7,-1,-1
109,16,74,571,67,123,1,1,-1,-1
109,17,770,287,33,87,1,1,-1,-1
109,18,815,287,38,64,1,10,-1,-1
109,20,497,297,17,41,1,1,-1,-1
109,28,723,175,17,32,1,2,-1,-1
109,51,308,335,40,71,1,1,-1,-1
109,52,334,306,31,65,1,1,-1,-1
109,85,490,310,37,46,1,2,-1,-1
109,86,59,657,46,82,1,1,-1,-1
109,130,705,109,17,21,1,10,-1,-1
109,131,452,238,23,46,1,1,-1,-1
109,152,740,119,14,30,1,10,-1,-1
110,2,899,641,76,114,1,1,-1,-1
110,8,703,305,48,83,1,1,-1,-1
110,16,65,581,68,125,1,1,-1,-1
110,17,772,291,34,88,1,1,-1,-1
110,18,818,291,39,65,1,10,-1,-1
110,20,496,301,17,41,1,1,-1,-1
110,28,723,177,17,32,1,2,-1,-1
110,51,306,340,40,71,1,1,-1,-1
110,52,331,311,32,66,1,1,-1,-1
110,85,489,313,37,47,1,2,-1,-1
110,86,47,675,47,69,1,1,-1,-1
110,130,705,109,17,21,1,10,-1,-1
110,131,451,240,23,47,1,1,-1,-1
110,152,741,120,14,30,1,10,-1,-1
110,153,424,255,24,29,1,2,-1,-1
110,154,683,121,19,29,1,10,-1,-1
111,8,690,324,56,92,1,7,-1,-1
111,16,56,591,70,127,1,1,-1,-1
111,17,775,295,34,89,1,1,-1,-1
111,18,821,295,40,66,1,10,-1,-1
111,20,495,305,17,41,1,1,-1,-1
111,28,724,192,19,33,1,10,-1,-1
111,51,303,344,41,72,1,1,-1,-1
111,52,328,316,32,67,1,1,-1,-1
111,86,34,692,49,57,1,1,-1,-1
111,130,706,109,17,21,1,10,-1,-1
111,131,451,243,22,47,1,1,-1,-1
111,152,743,121,13,30,1,10,-1,-1
111,153,423,258,24,29,1,2,-1,-1
111,154,684,122,18,29,1,10,-1,-1
112,8,691,328,56,93,1,7,-1,-1
112,16,47,602,71,128,1,1,-1,-1
112,17,771,315,29,73,1,1,-1,-1
112,18,825,300,41,67,1,10,-1,-1
112,20,494,309,17,41,1,1,-1,-1
112,28,724,195,18,32,1,10,-1,-1
112,51,301,349,41,72,1,1,-1,-1
112,52,325,321,33,68,1,1,-1,-1
112,109,925,198,51,68,1,8,-1,-1
112,131,450,245,22,48,1,1,-1,-1
112,152,744,122,13,30,1,10,-1,-1
112,153,422,260,24,29,1,2,-1,-1
112,154,684,123,19,30,1,10,-1,-1
113,8,692,332,56,94,1,7,-1,-1
113,17,765,344,36,69,1,10,-1,-1
113,18,830,307,42,68,1,10,-1,-1
113,20,493,312,16,42,1,1,-1,-1
113,28,724,199,19,31,1,10,-1,-1
113,51,297,354,42,73,1,1,-1,-1
113,52,322,325,34,71,1,1,-1,-1
113,109,928,201,51,68,1,8,-1,-1
113,152,745,123,14,30,1,10,-1,-1
113,153,420,263,24,29,1,2,-1,-1
113,154,684,124,19,30,1,10,-1,-1
114,8,713,326,45,89,1,1,-1,-1
114,17,762,353,35,66,1,10,-1,-1
114,18,836,315,42,68,1,10,-1,-1
114,20,492,316,16,42,1,1,-1,-1
114,28,725,204,19,30,1,10,-1,-1
114,51,294,359,42,75,1,1,-1,-1
114,52,319,330,35,72,1,1,-1,-1
114,109,930,203,52,69,1,8,-1,-1
114,153,419,265,24,29,1,2,-1,-1
114,154,684,126,19,29,1,10,-1,-1
115,8,693,343,57,95,1,7,-1,-1
115,17,765,359,34,67,1,10,-1,-1
115,18,842,323,43,68,1,10,-1,-1
115,20,491,320,16,42,1,1,-1,-1
115,28,724,194,20,33,1,10,-1,-1
115,51,290,365,43,76,1,1,-1,-1
115,52,316,335,35,73,1,1,-1,-1
115,109,932,205,53,70,1,8,-1,-1
116,8,693,351,59,94,1,7,-1,-1
116,17,767,365,34,69,1,10,-1,-1
116,18,848,329,43,72,1,10,-1,-1
116,20,490,324,16,42,1,1,-1,-1
116,28,727,207,19,32,1,10,-1,-1
116,51,287,370,43,77,1,1,-1,-1
116,52,313,340,36,74,1,1,-1,-1
116,109,934,208,54,70,1,8,-1,-1
117,8,693,359,61,93,1,7,-1,-1
117,17,769,371,34,70,1,10,-1,-1
117,18,853,316,44,72,1,2,-1,-1
117,20,489,328,16,42,1,1,-1,-1
117,28,728,208,19,34,1,10,-1,-1
117,51,283,375,44,79,1,1,-1,-1
117,52,310,345,37,75,1,1,-1,-1
117,109,936,210,55,71,1,8,-1,-1
118,8,693,367,63,93,1,7,-1,-1
118,17,772,378,34,71,1,10,-1,-1
118,18,858,324,47,72,1,2,-1,-1
118,20,488,332,16,43,1,1,-1,-1
118,28,730,210,19,35,1,10,-1,-1
118,51,280,381,44,80,1,1,-1,-1
118,52,309,375,33,65,1,1,-1,-1
118,109,939,213,55,72,1,8,-1,-1
