1,-1,184.00,96.00,35.00,155.00,1,-1,-1,-1
1,-1,357.00,82.00,73.00,246.00,1,-1,-1,-1
1,-1,458.00,89.00,65.00,237.00,1,-1,-1,-1
1,-1,576.00,84.00,62.00,196.00,1,-1,-1,-1
2,-1,84.00,99.00,61.00,219.00,1,-1,-1,-1
2,-1,360.00,82.00,73.00,246.00,1,-1,-1,-1
2,-1,460.00,89.00,65.00,236.00,1,-1,-1,-1
2,-1,512.00,111.00,36.00,122.00,1,-1,-1,-1
2,-1,574.00,84.00,62.00,195.00,1,-1,-1,-1
3,-1,184.00,96.00,36.00,155.00,1,-1,-1,-1
3,-1,362.00,82.00,73.00,245.00,1,-1,-1,-1
3,-1,462.00,89.00,65.00,236.00,1,-1,-1,-1
3,-1,511.00,111.00,36.00,122.00,1,-1,-1,-1
4,-1,75.00,100.00,61.00,219.00,1,-1,-1,-1
4,-1,192.00,95.00,75.00,226.00,1,-1,-1,-1
4,-1,365.00,82.00,73.00,245.00,1,-1,-1,-1
4,-1,465.00,89.00,65.00,235.00,1,-1,-1,-1
4,-1,510.00,111.00,36.00,122.00,1,-1,-1,-1
4,-1,569.00,84.00,62.00,195.00,1,-1,-1,-1
5,-1,69.00,101.00,61.00,219.00,1,-1,-1,-1
5,-1,196.00,95.00,75.00,225.00,1,-1,-1,-1
5,-1,184.00,96.00,36.00,155.00,1,-1,-1,-1
5,-1,566.00,84.00,61.00,195.00,1,-1,-1,-1
6,-1,64.00,101.00,61.00,219.00,1,-1,-1,-1
6,-1,200.00,95.00,75.00,225.00,1,-1,-1,-1
6,-1,184.00,96.00,36.00,155.00,1,-1,-1,-1
6,-1,371.00,82.00,72.00,244.00,1,-1,-1,-1
6,-1,471.00,89.00,65.00,234.00,1,-1,-1,-1
6,-1,507.00,111.00,36.00,122.00,1,-1,-1,-1
6,-1,564.00,84.00,61.00,194.00,1,-1,-1,-1
7,-1,59.00,101.00,61.00,219.00,1,-1,-1,-1
7,-1,204.00,95.00,74.00,224.00,1,-1,-1,-1
7,-1,374.00,82.00,72.00,243.00,1,-1,-1,-1
7,-1,473.00,90.00,66.00,234.00,1,-1,-1,-1
7,-1,615.00,108.00,25.00,127.00,1,-1,-1,-1
8,-1,53.00,102.00,61.00,219.00,1,-1,-1,-1
8,-1,377.00,82.00,72.00,243.00,1,-1,-1,-1
8,-1,476.00,90.00,66.00,233.00,1,-1,-1,-1
8,-1,504.00,112.00,36.00,122.00,1,-1,-1,-1
8,-1,558.00,85.00,61.00,194.00,1,-1,-1,-1
8,-1,613.00,108.00,27.00,127.00,1,-1,-1,-1
9,-1,183.00,96.00,36.00,155.00,1,-1,-1,-1
9,-1,380.00,82.00,72.00,242.00,1,-1,-1,-1
9,-1,479.00,90.00,66.00,232.00,1,-1,-1,-1
9,-1,503.00,112.00,36.00,122.00,1,-1,-1,-1
9,-1,555.00,85.00,61.00,194.00,1,-1,-1,-1
9,-1,611.00,108.00,29.00,127.00,1,-1,-1,-1
10,-1,216.00,95.00,74.00,222.00,1,-1,-1,-1
10,-1,183.00,96.00,36.00,155.00,1,-1,-1,-1
10,-1,383.00,82.00,72.00,241.00,1,-1,-1,-1
10,-1,502.00,112.00,36.00,122.00,1,-1,-1,-1
10,-1,553.00,85.00,61.00,193.00,1,-1,-1,-1
10,-1,609.00,108.00,31.00,127.00,1,-1,-1,-1
11,-1,220.00,95.00,73.00,222.00,1,-1,-1,-1
11,-1,485.00,90.00,66.00,231.00,1,-1,-1,-1
11,-1,500.00,112.00,36.00,122.00,1,-1,-1,-1
11,-1,550.00,85.00,61.00,193.00,1,-1,-1,-1
11,-1,607.00,107.00,33.00,127.00,1,-1,-1,-1
12,-1,32.00,103.00,61.00,219.00,1,-1,-1,-1
12,-1,224.00,95.00,73.00,221.00,1,-1,-1,-1
12,-1,183.00,96.00,37.00,155.00,1,-1,-1,-1
12,-1,389.00,82.00,72.00,240.00,1,-1,-1,-1
12,-1,487.00,90.00,66.00,231.00,1,-1,-1,-1
12,-1,499.00,112.00,36.00,122.00,1,-1,-1,-1
12,-1,547.00,85.00,61.00,193.00,1,-1,-1,-1
12,-1,606.00,107.00,35.00,127.00,1,-1,-1,-1
13,-1,26.00,104.00,62.00,219.00,1,-1,-1,-1
13,-1,183.00,96.00,37.00,155.00,1,-1,-1,-1
13,-1,498.00,112.00,36.00,122.00,1,-1,-1,-1
13,-1,545.00,85.00,61.00,193.00,1,-1,-1,-1
13,-1,604.00,107.00,36.00,127.00,1,-1,-1,-1
14,-1,232.00,95.00,73.00,220.00,1,-1,-1,-1
14,-1,493.00,90.00,66.00,230.00,1,-1,-1,-1
14,-1,496.00,112.00,36.00,122.00,1,-1,-1,-1
14,-1,542.00,85.00,61.00,192.00,1,-1,-1,-1
14,-1,602.00,107.00,38.00,127.00,1,-1,-1,-1
15,-1,14.00,105.00,66.00,218.00,1,-1,-1,-1
15,-1,237.00,95.00,72.00,220.00,1,-1,-1,-1
15,-1,183.00,96.00,37.00,155.00,1,-1,-1,-1
15,-1,399.00,82.00,71.00,239.00,1,-1,-1,-1
15,-1,496.00,90.00,67.00,229.00,1,-1,-1,-1
15,-1,495.00,112.00,36.00,122.00,1,-1,-1,-1
15,-1,539.00,85.00,61.00,192.00,1,-1,-1,-1
16,-1,7.00,105.00,69.00,218.00,1,-1,-1,-1
16,-1,241.00,95.00,72.00,219.00,1,-1,-1,-1
16,-1,402.00,82.00,71.00,238.00,1,-1,-1,-1
16,-1,499.00,90.00,67.00,229.00,1,-1,-1,-1
16,-1,493.00,112.00,36.00,122.00,1,-1,-1,-1
16,-1,536.00,85.00,61.00,192.00,1,-1,-1,-1
17,-1,245.00,95.00,72.00,218.00,1,-1,-1,-1
17,-1,501.00,90.00,67.00,228.00,1,-1,-1,-1
17,-1,492.00,113.00,36.00,122.00,1,-1,-1,-1
17,-1,534.00,86.00,61.00,191.00,1,-1,-1,-1
18,-1,1.00,106.00,74.00,218.00,1,-1,-1,-1
18,-1,249.00,95.00,72.00,218.00,1,-1,-1,-1
18,-1,183.00,96.00,37.00,155.00,1,-1,-1,-1
18,-1,408.00,83.00,71.00,237.00,1,-1,-1,-1
18,-1,504.00,90.00,67.00,227.00,1,-1,-1,-1
18,-1,491.00,113.00,36.00,122.00,1,-1,-1,-1
18,-1,531.00,86.00,61.00,191.00,1,-1,-1,-1
18,-1,595.00,108.00,43.00,128.00,1,-1,-1,-1
19,-1,-4.00,106.00,73.00,218.00,1,-1,-1,-1
19,-1,253.00,95.00,71.00,217.00,1,-1,-1,-1
19,-1,183.00,96.00,38.00,155.00,1,-1,-1,-1
19,-1,411.00,83.00,71.00,237.00,1,-1,-1,-1
19,-1,507.00,90.00,67.00,227.00,1,-1,-1,-1
19,-1,489.00,113.00,36.00,122.00,1,-1,-1,-1
19,-1,528.00,86.00,61.00,191.00,1,-1,-1,-1
19,-1,594.00,108.00,43.00,128.00,1,-1,-1,-1
20,-1,-7.00,106.00,70.00,218.00,1,-1,-1,-1
20,-1,257.00,95.00,71.00,217.00,1,-1,-1,-1
20,-1,487.00,113.00,36.00,122.00,1,-1,-1,-1
20,-1,526.00,86.00,61.00,191.00,1,-1,-1,-1
20,-1,592.00,109.00,43.00,128.00,1,-1,-1,-1
21,-1,-9.00,106.00,64.00,219.00,1,-1,-1,-1
21,-1,261.00,95.00,71.00,216.00,1,-1,-1,-1
21,-1,183.00,96.00,38.00,155.00,1,-1,-1,-1
21,-1,417.00,83.00,70.00,235.00,1,-1,-1,-1
21,-1,513.00,90.00,67.00,226.00,1,-1,-1,-1
21,-1,523.00,86.00,61.00,190.00,1,-1,-1,-1
21,-1,591.00,109.00,43.00,128.00,1,-1,-1,-1
22,-1,0.00,106.00,59.00,219.00,1,-1,-1,-1
22,-1,265.00,95.00,71.00,216.00,1,-1,-1,-1
22,-1,515.00,90.00,67.00,225.00,1,-1,-1,-1
22,-1,483.00,112.00,36.00,123.00,1,-1,-1,-1
22,-1,590.00,109.00,43.00,128.00,1,-1,-1,-1
23,-1,269.00,95.00,70.00,215.00,1,-1,-1,-1
23,-1,481.00,112.00,36.00,123.00,1,-1,-1,-1
23,-1,517.00,86.00,61.00,190.00,1,-1,-1,-1
23,-1,590.00,109.00,43.00,128.00,1,-1,-1,-1
24,-1,183.00,96.00,38.00,155.00,1,-1,-1,-1
24,-1,426.00,83.00,70.00,234.00,1,-1,-1,-1
24,-1,521.00,90.00,68.00,224.00,1,-1,-1,-1
24,-1,479.00,112.00,36.00,123.00,1,-1,-1,-1
24,-1,515.00,86.00,60.00,190.00,1,-1,-1,-1
25,-1,183.00,96.00,38.00,155.00,1,-1,-1,-1
25,-1,524.00,90.00,68.00,224.00,1,-1,-1,-1
25,-1,477.00,112.00,36.00,124.00,1,-1,-1,-1
25,-1,512.00,86.00,60.00,189.00,1,-1,-1,-1
25,-1,590.00,109.00,43.00,128.00,1,-1,-1,-1
26,-1,183.00,96.00,38.00,155.00,1,-1,-1,-1
26,-1,432.00,83.00,70.00,233.00,1,-1,-1,-1
26,-1,475.00,111.00,37.00,124.00,1,-1,-1,-1
26,-1,589.00,109.00,43.00,128.00,1,-1,-1,-1
27,-1,183.00,96.00,39.00,155.00,1,-1,-1,-1
27,-1,435.00,83.00,70.00,232.00,1,-1,-1,-1
27,-1,529.00,90.00,68.00,222.00,1,-1,-1,-1
27,-1,473.00,111.00,37.00,124.00,1,-1,-1,-1
27,-1,589.00,109.00,43.00,128.00,1,-1,-1,-1
28,-1,290.00,95.00,69.00,212.00,1,-1,-1,-1
28,-1,183.00,96.00,39.00,155.00,1,-1,-1,-1
28,-1,438.00,83.00,69.00,232.00,1,-1,-1,-1
28,-1,532.00,90.00,68.00,222.00,1,-1,-1,-1
28,-1,471.00,111.00,37.00,125.00,1,-1,-1,-1
28,-1,504.00,87.00,60.00,189.00,1,-1,-1,-1
28,-1,589.00,109.00,43.00,128.00,1,-1,-1,-1
29,-1,183.00,96.00,39.00,155.00,1,-1,-1,-1
29,-1,441.00,83.00,69.00,231.00,1,-1,-1,-1
29,-1,469.00,111.00,37.00,125.00,1,-1,-1,-1
29,-1,589.00,109.00,42.00,128.00,1,-1,-1,-1
30,-1,444.00,83.00,69.00,231.00,1,-1,-1,-1
30,-1,538.00,91.00,69.00,221.00,1,-1,-1,-1
30,-1,466.00,110.00,37.00,125.00,1,-1,-1,-1
30,-1,589.00,109.00,42.00,129.00,1,-1,-1,-1
31,-1,302.00,95.00,68.00,211.00,1,-1,-1,-1
31,-1,447.00,83.00,69.00,230.00,1,-1,-1,-1
31,-1,541.00,91.00,69.00,220.00,1,-1,-1,-1
31,-1,464.00,110.00,37.00,125.00,1,-1,-1,-1
31,-1,496.00,87.00,60.00,188.00,1,-1,-1,-1
32,-1,306.00,95.00,68.00,210.00,1,-1,-1,-1
32,-1,450.00,84.00,69.00,229.00,1,-1,-1,-1
32,-1,543.00,91.00,69.00,220.00,1,-1,-1,-1
32,-1,462.00,110.00,37.00,126.00,1,-1,-1,-1
32,-1,493.00,87.00,60.00,188.00,1,-1,-1,-1
32,-1,589.00,109.00,42.00,129.00,1,-1,-1,-1
33,-1,546.00,91.00,69.00,219.00,1,-1,-1,-1
33,-1,460.00,110.00,37.00,126.00,1,-1,-1,-1
34,-1,182.00,96.00,39.00,155.00,1,-1,-1,-1
34,-1,549.00,91.00,69.00,219.00,1,-1,-1,-1
34,-1,488.00,87.00,60.00,187.00,1,-1,-1,-1
34,-1,589.00,109.00,42.00,129.00,1,-1,-1,-1
35,-1,318.00,95.00,67.00,209.00,1,-1,-1,-1
35,-1,459.00,84.00,69.00,228.00,1,-1,-1,-1
35,-1,456.00,109.00,37.00,127.00,1,-1,-1,-1
35,-1,589.00,109.00,42.00,129.00,1,-1,-1,-1
36,-1,182.00,96.00,40.00,155.00,1,-1,-1,-1
36,-1,463.00,84.00,68.00,227.00,1,-1,-1,-1
36,-1,555.00,91.00,69.00,217.00,1,-1,-1,-1
36,-1,454.00,109.00,37.00,127.00,1,-1,-1,-1
36,-1,482.00,87.00,60.00,186.00,1,-1,-1,-1
37,-1,182.00,96.00,40.00,155.00,1,-1,-1,-1
37,-1,466.00,84.00,68.00,227.00,1,-1,-1,-1
37,-1,451.00,109.00,38.00,127.00,1,-1,-1,-1
37,-1,479.00,88.00,60.00,186.00,1,-1,-1,-1
37,-1,589.00,109.00,42.00,129.00,1,-1,-1,-1
38,-1,182.00,96.00,40.00,155.00,1,-1,-1,-1
38,-1,469.00,84.00,68.00,226.00,1,-1,-1,-1
38,-1,560.00,91.00,70.00,216.00,1,-1,-1,-1
38,-1,477.00,88.00,60.00,186.00,1,-1,-1,-1
38,-1,589.00,109.00,42.00,129.00,1,-1,-1,-1
39,-1,335.00,95.00,66.00,206.00,1,-1,-1,-1
39,-1,182.00,96.00,40.00,155.00,1,-1,-1,-1
39,-1,472.00,84.00,68.00,226.00,1,-1,-1,-1
39,-1,563.00,91.00,70.00,216.00,1,-1,-1,-1
39,-1,474.00,88.00,60.00,186.00,1,-1,-1,-1
39,-1,588.00,109.00,41.00,130.00,1,-1,-1,-1
40,-1,182.00,96.00,40.00,155.00,1,-1,-1,-1
40,-1,475.00,84.00,68.00,225.00,1,-1,-1,-1
40,-1,471.00,88.00,60.00,185.00,1,-1,-1,-1
40,-1,588.00,108.00,41.00,130.00,1,-1,-1,-1
41,-1,343.00,95.00,66.00,205.00,1,-1,-1,-1
41,-1,478.00,84.00,68.00,224.00,1,-1,-1,-1
41,-1,569.00,91.00,69.00,215.00,1,-1,-1,-1
41,-1,444.00,108.00,38.00,128.00,1,-1,-1,-1
41,-1,588.00,108.00,41.00,130.00,1,-1,-1,-1
42,-1,347.00,95.00,66.00,205.00,1,-1,-1,-1
42,-1,481.00,84.00,68.00,224.00,1,-1,-1,-1
42,-1,442.00,108.00,38.00,128.00,1,-1,-1,-1
42,-1,466.00,88.00,60.00,185.00,1,-1,-1,-1
42,-1,588.00,108.00,41.00,130.00,1,-1,-1,-1
43,-1,351.00,95.00,65.00,204.00,1,-1,-1,-1
43,-1,182.00,96.00,40.00,155.00,1,-1,-1,-1
43,-1,440.00,107.00,38.00,129.00,1,-1,-1,-1
43,-1,463.00,88.00,60.00,185.00,1,-1,-1,-1
43,-1,588.00,108.00,41.00,130.00,1,-1,-1,-1
44,-1,355.00,95.00,65.00,204.00,1,-1,-1,-1
44,-1,182.00,96.00,41.00,155.00,1,-1,-1,-1
44,-1,487.00,84.00,67.00,223.00,1,-1,-1,-1
44,-1,577.00,91.00,63.00,213.00,1,-1,-1,-1
44,-1,439.00,107.00,38.00,129.00,1,-1,-1,-1
44,-1,588.00,108.00,41.00,130.00,1,-1,-1,-1
45,-1,359.00,95.00,65.00,203.00,1,-1,-1,-1
45,-1,182.00,96.00,41.00,155.00,1,-1,-1,-1
45,-1,437.00,107.00,38.00,129.00,1,-1,-1,-1
45,-1,588.00,108.00,41.00,130.00,1,-1,-1,-1
46,-1,363.00,95.00,65.00,203.00,1,-1,-1,-1
46,-1,182.00,96.00,41.00,155.00,1,-1,-1,-1
46,-1,493.00,84.00,67.00,222.00,1,-1,-1,-1
46,-1,582.00,91.00,58.00,212.00,1,-1,-1,-1
46,-1,436.00,107.00,38.00,129.00,1,-1,-1,-1
46,-1,455.00,88.00,59.00,184.00,1,-1,-1,-1
46,-1,588.00,108.00,41.00,130.00,1,-1,-1,-1
47,-1,182.00,96.00,41.00,155.00,1,-1,-1,-1
47,-1,496.00,84.00,67.00,221.00,1,-1,-1,-1
47,-1,585.00,91.00,55.00,212.00,1,-1,-1,-1
47,-1,434.00,107.00,38.00,129.00,1,-1,-1,-1
47,-1,452.00,89.00,59.00,184.00,1,-1,-1,-1
48,-1,182.00,96.00,41.00,155.00,1,-1,-1,-1
48,-1,499.00,85.00,67.00,221.00,1,-1,-1,-1
48,-1,588.00,91.00,52.00,211.00,1,-1,-1,-1
48,-1,433.00,107.00,38.00,129.00,1,-1,-1,-1
48,-1,450.00,89.00,59.00,183.00,1,-1,-1,-1
48,-1,588.00,108.00,41.00,131.00,1,-1,-1,-1
49,-1,376.00,95.00,64.00,201.00,1,-1,-1,-1
49,-1,502.00,85.00,67.00,220.00,1,-1,-1,-1
49,-1,431.00,107.00,38.00,130.00,1,-1,-1,-1
49,-1,447.00,89.00,59.00,183.00,1,-1,-1,-1
50,-1,380.00,95.00,64.00,200.00,1,-1,-1,-1
50,-1,593.00,91.00,47.00,211.00,1,-1,-1,-1
50,-1,430.00,107.00,38.00,130.00,1,-1,-1,-1
50,-1,444.00,89.00,59.00,183.00,1,-1,-1,-1
50,-1,588.00,108.00,40.00,131.00,1,-1,-1,-1
51,-1,182.00,96.00,41.00,155.00,1,-1,-1,-1
51,-1,596.00,91.00,44.00,210.00,1,-1,-1,-1
51,-1,442.00,89.00,59.00,183.00,1,-1,-1,-1
51,-1,587.00,108.00,40.00,131.00,1,-1,-1,-1
52,-1,388.00,95.00,63.00,199.00,1,-1,-1,-1
52,-1,182.00,96.00,42.00,155.00,1,-1,-1,-1
53,-1,392.00,95.00,63.00,199.00,1,-1,-1,-1
53,-1,182.00,96.00,42.00,155.00,1,-1,-1,-1
53,-1,514.00,85.00,66.00,218.00,1,-1,-1,-1
54,-1,396.00,95.00,63.00,198.00,1,-1,-1,-1
54,-1,182.00,96.00,42.00,155.00,1,-1,-1,-1
54,-1,604.00,91.00,36.00,209.00,1,-1,-1,-1
54,-1,424.00,107.00,38.00,130.00,1,-1,-1,-1
54,-1,587.00,108.00,40.00,131.00,1,-1,-1,-1
55,-1,399.00,95.00,62.00,198.00,1,-1,-1,-1
55,-1,182.00,96.00,42.00,155.00,1,-1,-1,-1
55,-1,520.00,85.00,66.00,217.00,1,-1,-1,-1
55,-1,607.00,91.00,33.00,208.00,1,-1,-1,-1
55,-1,431.00,89.00,59.00,182.00,1,-1,-1,-1
55,-1,587.00,108.00,40.00,131.00,1,-1,-1,-1
56,-1,403.00,95.00,62.00,197.00,1,-1,-1,-1
56,-1,182.00,96.00,42.00,155.00,1,-1,-1,-1
56,-1,523.00,85.00,66.00,216.00,1,-1,-1,-1
56,-1,610.00,91.00,31.00,208.00,1,-1,-1,-1
56,-1,421.00,106.00,38.00,131.00,1,-1,-1,-1
56,-1,428.00,89.00,59.00,181.00,1,-1,-1,-1
56,-1,587.00,108.00,40.00,131.00,1,-1,-1,-1
57,-1,407.00,95.00,62.00,197.00,1,-1,-1,-1
57,-1,182.00,96.00,42.00,155.00,1,-1,-1,-1
57,-1,526.00,85.00,66.00,216.00,1,-1,-1,-1
57,-1,419.00,106.00,38.00,131.00,1,-1,-1,-1
57,-1,425.00,90.00,59.00,181.00,1,-1,-1,-1
57,-1,587.00,107.00,40.00,132.00,1,-1,-1,-1
58,-1,410.00,95.00,62.00,196.00,1,-1,-1,-1
58,-1,182.00,96.00,42.00,155.00,1,-1,-1,-1
58,-1,529.00,85.00,66.00,215.00,1,-1,-1,-1
58,-1,615.00,91.00,25.00,207.00,1,-1,-1,-1
58,-1,418.00,106.00,38.00,131.00,1,-1,-1,-1
58,-1,586.00,107.00,40.00,132.00,1,-1,-1,-1
59,-1,414.00,95.00,61.00,195.00,1,-1,-1,-1
59,-1,533.00,85.00,65.00,215.00,1,-1,-1,-1
59,-1,420.00,90.00,59.00,180.00,1,-1,-1,-1
59,-1,586.00,108.00,40.00,132.00,1,-1,-1,-1
60,-1,181.00,96.00,42.00,155.00,1,-1,-1,-1
60,-1,536.00,85.00,65.00,214.00,1,-1,-1,-1
60,-1,620.00,91.00,20.00,206.00,1,-1,-1,-1
60,-1,585.00,108.00,40.00,132.00,1,-1,-1,-1
61,-1,421.00,95.00,61.00,194.00,1,-1,-1,-1
61,-1,539.00,85.00,65.00,213.00,1,-1,-1,-1
61,-1,622.00,91.00,18.00,206.00,1,-1,-1,-1
61,-1,413.00,106.00,39.00,131.00,1,-1,-1,-1
61,-1,414.00,90.00,59.00,180.00,1,-1,-1,-1
61,-1,584.00,108.00,40.00,132.00,1,-1,-1,-1
62,-1,425.00,95.00,61.00,194.00,1,-1,-1,-1
62,-1,181.00,96.00,43.00,155.00,1,-1,-1,-1
62,-1,542.00,85.00,65.00,213.00,1,-1,-1,-1
62,-1,623.00,91.00,17.00,206.00,1,-1,-1,-1
62,-1,412.00,90.00,59.00,180.00,1,-1,-1,-1
63,-1,428.00,95.00,60.00,193.00,1,-1,-1,-1
63,-1,181.00,96.00,43.00,155.00,1,-1,-1,-1
63,-1,545.00,86.00,65.00,212.00,1,-1,-1,-1
63,-1,409.00,90.00,59.00,179.00,1,-1,-1,-1
63,-1,581.00,108.00,41.00,132.00,1,-1,-1,-1
64,-1,181.00,96.00,43.00,155.00,1,-1,-1,-1
65,-1,435.00,95.00,60.00,192.00,1,-1,-1,-1
65,-1,181.00,96.00,43.00,155.00,1,-1,-1,-1
65,-1,551.00,86.00,65.00,211.00,1,-1,-1,-1
66,-1,554.00,86.00,64.00,211.00,1,-1,-1,-1
66,-1,406.00,106.00,39.00,132.00,1,-1,-1,-1
66,-1,401.00,91.00,58.00,179.00,1,-1,-1,-1
66,-1,577.00,108.00,42.00,133.00,1,-1,-1,-1
67,-1,181.00,96.00,43.00,155.00,1,-1,-1,-1
67,-1,557.00,86.00,64.00,210.00,1,-1,-1,-1
67,-1,404.00,106.00,39.00,132.00,1,-1,-1,-1
67,-1,398.00,91.00,58.00,178.00,1,-1,-1,-1
67,-1,576.00,109.00,42.00,133.00,1,-1,-1,-1
68,-1,446.00,96.00,59.00,190.00,1,-1,-1,-1
68,-1,181.00,96.00,43.00,155.00,1,-1,-1,-1
68,-1,560.00,86.00,64.00,210.00,1,-1,-1,-1
68,-1,403.00,105.00,39.00,132.00,1,-1,-1,-1
68,-1,575.00,109.00,42.00,133.00,1,-1,-1,-1
69,-1,450.00,96.00,59.00,190.00,1,-1,-1,-1
69,-1,181.00,96.00,44.00,155.00,1,-1,-1,-1
69,-1,563.00,86.00,64.00,209.00,1,-1,-1,-1
69,-1,401.00,105.00,39.00,133.00,1,-1,-1,-1
70,-1,453.00,96.00,59.00,189.00,1,-1,-1,-1
70,-1,181.00,96.00,44.00,155.00,1,-1,-1,-1
70,-1,566.00,86.00,64.00,209.00,1,-1,-1,-1
70,-1,400.00,105.00,39.00,133.00,1,-1,-1,-1
70,-1,572.00,109.00,43.00,133.00,1,-1,-1,-1
71,-1,181.00,96.00,44.00,155.00,1,-1,-1,-1
71,-1,569.00,86.00,64.00,208.00,1,-1,-1,-1
71,-1,399.00,105.00,39.00,133.00,1,-1,-1,-1
71,-1,387.00,91.00,58.00,177.00,1,-1,-1,-1
71,-1,571.00,109.00,43.00,133.00,1,-1,-1,-1
72,-1,181.00,96.00,44.00,155.00,1,-1,-1,-1
72,-1,397.00,105.00,39.00,133.00,1,-1,-1,-1
72,-1,385.00,91.00,58.00,177.00,1,-1,-1,-1
72,-1,570.00,109.00,43.00,133.00,1,-1,-1,-1
73,-1,464.00,96.00,58.00,188.00,1,-1,-1,-1
73,-1,396.00,105.00,39.00,133.00,1,-1,-1,-1
73,-1,568.00,109.00,44.00,133.00,1,-1,-1,-1
74,-1,181.00,96.00,44.00,155.00,1,-1,-1,-1
74,-1,578.00,86.00,61.00,207.00,1,-1,-1,-1
74,-1,395.00,105.00,39.00,133.00,1,-1,-1,-1
74,-1,379.00,91.00,58.00,177.00,1,-1,-1,-1
74,-1,567.00,110.00,44.00,134.00,1,-1,-1,-1
75,-1,471.00,96.00,57.00,187.00,1,-1,-1,-1
75,-1,181.00,96.00,44.00,155.00,1,-1,-1,-1
75,-1,395.00,105.00,39.00,133.00,1,-1,-1,-1
75,-1,601.00,109.00,37.00,160.00,1,-1,-1,-1
76,-1,475.00,96.00,57.00,186.00,1,-1,-1,-1
76,-1,181.00,96.00,44.00,155.00,1,-1,-1,-1
76,-1,374.00,92.00,58.00,176.00,1,-1,-1,-1
76,-1,565.00,110.00,45.00,134.00,1,-1,-1,-1
76,-1,596.00,109.00,40.00,160.00,1,-1,-1,-1
77,-1,478.00,96.00,57.00,186.00,1,-1,-1,-1
77,-1,182.00,96.00,44.00,155.00,1,-1,-1,-1
77,-1,586.00,86.00,54.00,206.00,1,-1,-1,-1
77,-1,394.00,105.00,39.00,134.00,1,-1,-1,-1
77,-1,563.00,110.00,45.00,134.00,1,-1,-1,-1
77,-1,592.00,110.00,43.00,159.00,1,-1,-1,-1
78,-1,482.00,96.00,57.00,185.00,1,-1,-1,-1
78,-1,182.00,96.00,44.00,155.00,1,-1,-1,-1
78,-1,394.00,105.00,39.00,134.00,1,-1,-1,-1
78,-1,368.00,92.00,58.00,175.00,1,-1,-1,-1
78,-1,562.00,110.00,45.00,134.00,1,-1,-1,-1
78,-1,587.00,110.00,46.00,159.00,1,-1,-1,-1
79,-1,182.00,96.00,44.00,155.00,1,-1,-1,-1
79,-1,591.00,86.00,49.00,205.00,1,-1,-1,-1
79,-1,394.00,105.00,39.00,134.00,1,-1,-1,-1
79,-1,561.00,110.00,45.00,134.00,1,-1,-1,-1
79,-1,582.00,111.00,49.00,158.00,1,-1,-1,-1
80,-1,489.00,97.00,56.00,184.00,1,-1,-1,-1
80,-1,394.00,105.00,39.00,134.00,1,-1,-1,-1
80,-1,363.00,92.00,58.00,175.00,1,-1,-1,-1
80,-1,559.00,110.00,46.00,134.00,1,-1,-1,-1
80,-1,577.00,111.00,52.00,158.00,1,-1,-1,-1
81,-1,493.00,97.00,56.00,183.00,1,-1,-1,-1
81,-1,183.00,96.00,44.00,155.00,1,-1,-1,-1
81,-1,394.00,105.00,39.00,134.00,1,-1,-1,-1
81,-1,558.00,111.00,46.00,134.00,1,-1,-1,-1
81,-1,573.00,112.00,55.00,157.00,1,-1,-1,-1
82,-1,496.00,97.00,56.00,183.00,1,-1,-1,-1
82,-1,184.00,96.00,44.00,155.00,1,-1,-1,-1
82,-1,394.00,105.00,39.00,135.00,1,-1,-1,-1
82,-1,357.00,92.00,58.00,174.00,1,-1,-1,-1
83,-1,500.00,97.00,55.00,182.00,1,-1,-1,-1
83,-1,602.00,86.00,38.00,203.00,1,-1,-1,-1
83,-1,394.00,105.00,39.00,135.00,1,-1,-1,-1
83,-1,355.00,92.00,58.00,174.00,1,-1,-1,-1
83,-1,555.00,111.00,46.00,135.00,1,-1,-1,-1
83,-1,565.00,112.00,57.00,157.00,1,-1,-1,-1
84,-1,185.00,96.00,44.00,155.00,1,-1,-1,-1
84,-1,352.00,92.00,57.00,174.00,1,-1,-1,-1
84,-1,554.00,111.00,46.00,135.00,1,-1,-1,-1
84,-1,561.00,112.00,57.00,157.00,1,-1,-1,-1
85,-1,507.00,97.00,55.00,181.00,1,-1,-1,-1
85,-1,185.00,96.00,44.00,155.00,1,-1,-1,-1
85,-1,610.00,86.00,30.00,202.00,1,-1,-1,-1
85,-1,394.00,105.00,39.00,135.00,1,-1,-1,-1
85,-1,553.00,111.00,46.00,135.00,1,-1,-1,-1
86,-1,510.00,97.00,55.00,181.00,1,-1,-1,-1
86,-1,186.00,96.00,44.00,155.00,1,-1,-1,-1
86,-1,614.00,86.00,26.00,201.00,1,-1,-1,-1
86,-1,347.00,93.00,57.00,173.00,1,-1,-1,-1
86,-1,551.00,111.00,47.00,135.00,1,-1,-1,-1
86,-1,555.00,113.00,57.00,156.00,1,-1,-1,-1
87,-1,514.00,97.00,54.00,180.00,1,-1,-1,-1
87,-1,186.00,96.00,44.00,155.00,1,-1,-1,-1
87,-1,393.00,105.00,39.00,135.00,1,-1,-1,-1
87,-1,344.00,93.00,57.00,173.00,1,-1,-1,-1
87,-1,551.00,113.00,57.00,156.00,1,-1,-1,-1
88,-1,518.00,97.00,54.00,180.00,1,-1,-1,-1
88,-1,621.00,86.00,19.00,200.00,1,-1,-1,-1
88,-1,393.00,105.00,39.00,135.00,1,-1,-1,-1
88,-1,341.00,93.00,57.00,173.00,1,-1,-1,-1
88,-1,548.00,111.00,47.00,135.00,1,-1,-1,-1
88,-1,548.00,113.00,56.00,156.00,1,-1,-1,-1
89,-1,521.00,97.00,54.00,179.00,1,-1,-1,-1
89,-1,187.00,95.00,44.00,155.00,1,-1,-1,-1
89,-1,624.00,86.00,16.00,199.00,1,-1,-1,-1
89,-1,393.00,105.00,40.00,136.00,1,-1,-1,-1
89,-1,339.00,93.00,57.00,173.00,1,-1,-1,-1
89,-1,547.00,111.00,47.00,135.00,1,-1,-1,-1
89,-1,545.00,113.00,56.00,155.00,1,-1,-1,-1
90,-1,187.00,95.00,44.00,155.00,1,-1,-1,-1
90,-1,337.00,93.00,57.00,172.00,1,-1,-1,-1
90,-1,545.00,111.00,47.00,135.00,1,-1,-1,-1
91,-1,528.00,97.00,53.00,178.00,1,-1,-1,-1
91,-1,188.00,95.00,44.00,155.00,1,-1,-1,-1
91,-1,393.00,105.00,40.00,136.00,1,-1,-1,-1
91,-1,335.00,93.00,57.00,172.00,1,-1,-1,-1
91,-1,544.00,111.00,47.00,135.00,1,-1,-1,-1
91,-1,538.00,113.00,56.00,155.00,1,-1,-1,-1
92,-1,532.00,98.00,53.00,177.00,1,-1,-1,-1
92,-1,542.00,111.00,47.00,136.00,1,-1,-1,-1
92,-1,535.00,113.00,55.00,155.00,1,-1,-1,-1
93,-1,536.00,98.00,53.00,177.00,1,-1,-1,-1
93,-1,189.00,95.00,44.00,155.00,1,-1,-1,-1
93,-1,333.00,93.00,57.00,172.00,1,-1,-1,-1
93,-1,541.00,111.00,47.00,136.00,1,-1,-1,-1
94,-1,539.00,98.00,53.00,176.00,1,-1,-1,-1
94,-1,393.00,106.00,40.00,136.00,1,-1,-1,-1
94,-1,331.00,93.00,57.00,171.00,1,-1,-1,-1
94,-1,539.00,111.00,47.00,136.00,1,-1,-1,-1
94,-1,528.00,113.00,55.00,154.00,1,-1,-1,-1
95,-1,190.00,95.00,44.00,155.00,1,-1,-1,-1
95,-1,393.00,106.00,40.00,136.00,1,-1,-1,-1
95,-1,538.00,111.00,47.00,136.00,1,-1,-1,-1
95,-1,525.00,113.00,55.00,154.00,1,-1,-1,-1
96,-1,190.00,95.00,44.00,155.00,1,-1,-1,-1
96,-1,393.00,106.00,40.00,137.00,1,-1,-1,-1
96,-1,329.00,93.00,57.00,171.00,1,-1,-1,-1
96,-1,536.00,111.00,47.00,136.00,1,-1,-1,-1
96,-1,522.00,113.00,54.00,154.00,1,-1,-1,-1
97,-1,550.00,98.00,52.00,175.00,1,-1,-1,-1
97,-1,190.00,95.00,44.00,155.00,1,-1,-1,-1
97,-1,535.00,111.00,47.00,136.00,1,-1,-1,-1
98,-1,553.00,98.00,52.00,174.00,1,-1,-1,-1
98,-1,191.00,95.00,44.00,155.00,1,-1,-1,-1
98,-1,392.00,106.00,40.00,137.00,1,-1,-1,-1
98,-1,533.00,111.00,47.00,136.00,1,-1,-1,-1
99,-1,557.00,98.00,51.00,173.00,1,-1,-1,-1
99,-1,392.00,106.00,40.00,137.00,1,-1,-1,-1
99,-1,325.00,93.00,57.00,170.00,1,-1,-1,-1
99,-1,532.00,111.00,47.00,136.00,1,-1,-1,-1
99,-1,512.00,114.00,54.00,153.00,1,-1,-1,-1
100,-1,561.00,98.00,51.00,173.00,1,-1,-1,-1
100,-1,192.00,95.00,44.00,155.00,1,-1,-1,-1
100,-1,530.00,111.00,47.00,137.00,1,-1,-1,-1
100,-1,508.00,114.00,53.00,153.00,1,-1,-1,-1
101,-1,192.00,95.00,44.00,155.00,1,-1,-1,-1
101,-1,322.00,93.00,57.00,169.00,1,-1,-1,-1
101,-1,529.00,111.00,47.00,137.00,1,-1,-1,-1
101,-1,505.00,114.00,53.00,153.00,1,-1,-1,-1
102,-1,568.00,98.00,51.00,172.00,1,-1,-1,-1
102,-1,321.00,93.00,57.00,169.00,1,-1,-1,-1
102,-1,527.00,111.00,47.00,137.00,1,-1,-1,-1
102,-1,502.00,114.00,53.00,153.00,1,-1,-1,-1
103,-1,571.00,98.00,50.00,171.00,1,-1,-1,-1
103,-1,193.00,94.00,44.00,155.00,1,-1,-1,-1
103,-1,320.00,93.00,57.00,169.00,1,-1,-1,-1
103,-1,526.00,111.00,47.00,137.00,1,-1,-1,-1
103,-1,498.00,114.00,53.00,152.00,1,-1,-1,-1
104,-1,575.00,98.00,50.00,171.00,1,-1,-1,-1
104,-1,392.00,106.00,40.00,138.00,1,-1,-1,-1
104,-1,319.00,93.00,56.00,169.00,1,-1,-1,-1
104,-1,524.00,111.00,47.00,137.00,1,-1,-1,-1
104,-1,495.00,114.00,52.00,152.00,1,-1,-1,-1
105,-1,578.00,99.00,50.00,170.00,1,-1,-1,-1
105,-1,317.00,93.00,56.00,168.00,1,-1,-1,-1
105,-1,523.00,111.00,48.00,137.00,1,-1,-1,-1
105,-1,492.00,114.00,52.00,152.00,1,-1,-1,-1
106,-1,582.00,99.00,50.00,170.00,1,-1,-1,-1
106,-1,194.00,94.00,43.00,155.00,1,-1,-1,-1
106,-1,392.00,106.00,40.00,138.00,1,-1,-1,-1
106,-1,316.00,93.00,56.00,168.00,1,-1,-1,-1
106,-1,521.00,111.00,48.00,137.00,1,-1,-1,-1
106,-1,489.00,114.00,52.00,152.00,1,-1,-1,-1
107,-1,585.00,99.00,49.00,169.00,1,-1,-1,-1
107,-1,392.00,106.00,40.00,138.00,1,-1,-1,-1
107,-1,520.00,111.00,48.00,137.00,1,-1,-1,-1
108,-1,589.00,99.00,48.00,169.00,1,-1,-1,-1
108,-1,195.00,94.00,43.00,155.00,1,-1,-1,-1
108,-1,392.00,106.00,40.00,138.00,1,-1,-1,-1
108,-1,313.00,93.00,56.00,168.00,1,-1,-1,-1
108,-1,482.00,114.00,51.00,151.00,1,-1,-1,-1
109,-1,592.00,99.00,47.00,168.00,1,-1,-1,-1
109,-1,196.00,94.00,43.00,155.00,1,-1,-1,-1
109,-1,392.00,106.00,40.00,139.00,1,-1,-1,-1
109,-1,312.00,93.00,56.00,167.00,1,-1,-1,-1
109,-1,517.00,111.00,48.00,138.00,1,-1,-1,-1
110,-1,392.00,106.00,40.00,139.00,1,-1,-1,-1
110,-1,475.00,114.00,51.00,151.00,1,-1,-1,-1
111,-1,197.00,94.00,43.00,155.00,1,-1,-1,-1
111,-1,310.00,93.00,56.00,167.00,1,-1,-1,-1
112,-1,601.00,99.00,40.00,168.00,1,-1,-1,-1
112,-1,197.00,94.00,43.00,155.00,1,-1,-1,-1
112,-1,393.00,106.00,40.00,139.00,1,-1,-1,-1
112,-1,512.00,111.00,48.00,138.00,1,-1,-1,-1
112,-1,469.00,114.00,51.00,151.00,1,-1,-1,-1
113,-1,394.00,107.00,40.00,139.00,1,-1,-1,-1
113,-1,307.00,93.00,56.00,166.00,1,-1,-1,-1
113,-1,511.00,111.00,48.00,138.00,1,-1,-1,-1
113,-1,466.00,114.00,51.00,150.00,1,-1,-1,-1
114,-1,198.00,94.00,43.00,155.00,1,-1,-1,-1
114,-1,394.00,107.00,40.00,139.00,1,-1,-1,-1
114,-1,306.00,93.00,56.00,166.00,1,-1,-1,-1
114,-1,509.00,111.00,48.00,138.00,1,-1,-1,-1
114,-1,463.00,114.00,51.00,150.00,1,-1,-1,-1
115,-1,609.00,99.00,31.00,167.00,1,-1,-1,-1
115,-1,198.00,94.00,43.00,155.00,1,-1,-1,-1
115,-1,304.00,93.00,56.00,166.00,1,-1,-1,-1
116,-1,198.00,93.00,43.00,155.00,1,-1,-1,-1
116,-1,395.00,107.00,40.00,139.00,1,-1,-1,-1
116,-1,506.00,111.00,48.00,138.00,1,-1,-1,-1
116,-1,456.00,114.00,51.00,150.00,1,-1,-1,-1
117,-1,614.00,99.00,26.00,166.00,1,-1,-1,-1
117,-1,396.00,107.00,40.00,139.00,1,-1,-1,-1
117,-1,505.00,111.00,48.00,138.00,1,-1,-1,-1
117,-1,453.00,114.00,51.00,150.00,1,-1,-1,-1
118,-1,198.00,93.00,43.00,155.00,1,-1,-1,-1
118,-1,396.00,107.00,40.00,139.00,1,-1,-1,-1
118,-1,503.00,111.00,48.00,139.00,1,-1,-1,-1
119,-1,618.00,99.00,22.00,166.00,1,-1,-1,-1
119,-1,198.00,93.00,43.00,155.00,1,-1,-1,-1
119,-1,397.00,107.00,41.00,139.00,1,-1,-1,-1
119,-1,299.00,93.00,56.00,165.00,1,-1,-1,-1
119,-1,502.00,111.00,48.00,139.00,1,-1,-1,-1
119,-1,447.00,114.00,51.00,149.00,1,-1,-1,-1
120,-1,620.00,99.00,20.00,166.00,1,-1,-1,-1
120,-1,198.00,93.00,43.00,155.00,1,-1,-1,-1
120,-1,397.00,108.00,41.00,139.00,1,-1,-1,-1
120,-1,298.00,93.00,56.00,164.00,1,-1,-1,-1
121,-1,198.00,93.00,43.00,155.00,1,-1,-1,-1
121,-1,398.00,108.00,41.00,139.00,1,-1,-1,-1
121,-1,499.00,111.00,48.00,139.00,1,-1,-1,-1
122,-1,398.00,108.00,41.00,140.00,1,-1,-1,-1
122,-1,295.00,93.00,56.00,164.00,1,-1,-1,-1
122,-1,497.00,111.00,48.00,139.00,1,-1,-1,-1
123,-1,198.00,93.00,43.00,155.00,1,-1,-1,-1
123,-1,398.00,108.00,41.00,140.00,1,-1,-1,-1
124,-1,198.00,93.00,43.00,155.00,1,-1,-1,-1
124,-1,399.00,108.00,41.00,140.00,1,-1,-1,-1
124,-1,293.00,93.00,55.00,163.00,1,-1,-1,-1
124,-1,431.00,114.00,51.00,148.00,1,-1,-1,-1
125,-1,198.00,93.00,43.00,155.00,1,-1,-1,-1
125,-1,399.00,108.00,41.00,140.00,1,-1,-1,-1
125,-1,428.00,114.00,50.00,148.00,1,-1,-1,-1
126,-1,400.00,108.00,41.00,140.00,1,-1,-1,-1
126,-1,290.00,94.00,55.00,163.00,1,-1,-1,-1
126,-1,491.00,111.00,49.00,139.00,1,-1,-1,-1
126,-1,425.00,114.00,50.00,148.00,1,-1,-1,-1
127,-1,198.00,93.00,43.00,154.00,1,-1,-1,-1
127,-1,289.00,94.00,55.00,163.00,1,-1,-1,-1
127,-1,490.00,111.00,49.00,140.00,1,-1,-1,-1
127,-1,422.00,114.00,50.00,148.00,1,-1,-1,-1
128,-1,401.00,109.00,41.00,140.00,1,-1,-1,-1
128,-1,288.00,94.00,55.00,162.00,1,-1,-1,-1
128,-1,488.00,111.00,49.00,140.00,1,-1,-1,-1
128,-1,419.00,114.00,50.00,148.00,1,-1,-1,-1
129,-1,198.00,93.00,43.00,154.00,1,-1,-1,-1
129,-1,401.00,109.00,41.00,140.00,1,-1,-1,-1
129,-1,287.00,94.00,55.00,162.00,1,-1,-1,-1
129,-1,487.00,111.00,49.00,140.00,1,-1,-1,-1
129,-1,416.00,114.00,50.00,148.00,1,-1,-1,-1
130,-1,198.00,93.00,43.00,154.00,1,-1,-1,-1
130,-1,402.00,109.00,41.00,140.00,1,-1,-1,-1
130,-1,285.00,94.00,55.00,162.00,1,-1,-1,-1
130,-1,485.00,111.00,49.00,140.00,1,-1,-1,-1
131,-1,198.00,93.00,43.00,154.00,1,-1,-1,-1
131,-1,284.00,93.00,55.00,162.00,1,-1,-1,-1
131,-1,484.00,111.00,49.00,140.00,1,-1,-1,-1
131,-1,411.00,114.00,49.00,147.00,1,-1,-1,-1
132,-1,403.00,109.00,41.00,140.00,1,-1,-1,-1
132,-1,284.00,93.00,55.00,162.00,1,-1,-1,-1
132,-1,483.00,111.00,49.00,141.00,1,-1,-1,-1
132,-1,409.00,114.00,48.00,147.00,1,-1,-1,-1
133,-1,198.00,93.00,43.00,154.00,1,-1,-1,-1
133,-1,283.00,93.00,54.00,162.00,1,-1,-1,-1
133,-1,482.00,111.00,49.00,141.00,1,-1,-1,-1
134,-1,198.00,93.00,43.00,154.00,1,-1,-1,-1
134,-1,404.00,110.00,41.00,141.00,1,-1,-1,-1
134,-1,282.00,93.00,54.00,162.00,1,-1,-1,-1
134,-1,404.00,113.00,47.00,147.00,1,-1,-1,-1
134,-1,0.00,119.00,30.00,172.00,1,-1,-1,-1
135,-1,198.00,93.00,43.00,154.00,1,-1,-1,-1
135,-1,281.00,93.00,54.00,162.00,1,-1,-1,-1
135,-1,479.00,111.00,49.00,141.00,1,-1,-1,-1
136,-1,198.00,92.00,43.00,154.00,1,-1,-1,-1
136,-1,405.00,110.00,41.00,141.00,1,-1,-1,-1
136,-1,478.00,111.00,49.00,142.00,1,-1,-1,-1
137,-1,198.00,92.00,43.00,154.00,1,-1,-1,-1
137,-1,405.00,110.00,41.00,141.00,1,-1,-1,-1
137,-1,0.00,115.00,39.00,175.00,1,-1,-1,-1
138,-1,198.00,92.00,42.00,154.00,1,-1,-1,-1
138,-1,406.00,110.00,41.00,141.00,1,-1,-1,-1
138,-1,279.00,93.00,53.00,161.00,1,-1,-1,-1
138,-1,395.00,113.00,45.00,146.00,1,-1,-1,-1
138,-1,0.00,114.00,42.00,177.00,1,-1,-1,-1
139,-1,198.00,92.00,42.00,154.00,1,-1,-1,-1
139,-1,406.00,110.00,41.00,141.00,1,-1,-1,-1
139,-1,474.00,111.00,49.00,142.00,1,-1,-1,-1
139,-1,393.00,113.00,45.00,146.00,1,-1,-1,-1
140,-1,198.00,92.00,42.00,154.00,1,-1,-1,-1
140,-1,278.00,92.00,52.00,161.00,1,-1,-1,-1
140,-1,0.00,112.00,46.00,178.00,1,-1,-1,-1
141,-1,197.00,92.00,42.00,154.00,1,-1,-1,-1
141,-1,407.00,111.00,41.00,141.00,1,-1,-1,-1
141,-1,277.00,92.00,52.00,161.00,1,-1,-1,-1
141,-1,472.00,111.00,49.00,143.00,1,-1,-1,-1
142,-1,197.00,92.00,42.00,154.00,1,-1,-1,-1
142,-1,408.00,111.00,41.00,141.00,1,-1,-1,-1
142,-1,277.00,92.00,52.00,161.00,1,-1,-1,-1
142,-1,471.00,110.00,49.00,143.00,1,-1,-1,-1
142,-1,386.00,113.00,43.00,145.00,1,-1,-1,-1
142,-1,11.00,112.00,48.00,177.00,1,-1,-1,-1
143,-1,197.00,92.00,42.00,154.00,1,-1,-1,-1
143,-1,384.00,112.00,42.00,145.00,1,-1,-1,-1
143,-1,15.00,112.00,49.00,177.00,1,-1,-1,-1
144,-1,197.00,92.00,42.00,154.00,1,-1,-1,-1
144,-1,409.00,111.00,41.00,141.00,1,-1,-1,-1
144,-1,275.00,92.00,51.00,161.00,1,-1,-1,-1
144,-1,381.00,112.00,42.00,145.00,1,-1,-1,-1
144,-1,19.00,112.00,49.00,176.00,1,-1,-1,-1
145,-1,197.00,92.00,42.00,154.00,1,-1,-1,-1
145,-1,275.00,92.00,51.00,161.00,1,-1,-1,-1
145,-1,467.00,110.00,49.00,144.00,1,-1,-1,-1
145,-1,379.00,112.00,41.00,145.00,1,-1,-1,-1
145,-1,23.00,112.00,49.00,176.00,1,-1,-1,-1
146,-1,197.00,92.00,42.00,154.00,1,-1,-1,-1
146,-1,410.00,111.00,41.00,141.00,1,-1,-1,-1
146,-1,274.00,92.00,51.00,161.00,1,-1,-1,-1
146,-1,466.00,110.00,48.00,144.00,1,-1,-1,-1
146,-1,27.00,112.00,50.00,175.00,1,-1,-1,-1
147,-1,197.00,92.00,42.00,154.00,1,-1,-1,-1
147,-1,464.00,110.00,48.00,145.00,1,-1,-1,-1
147,-1,374.00,112.00,40.00,145.00,1,-1,-1,-1
148,-1,411.00,112.00,41.00,142.00,1,-1,-1,-1
148,-1,273.00,92.00,50.00,161.00,1,-1,-1,-1
148,-1,463.00,110.00,48.00,145.00,1,-1,-1,-1
148,-1,35.00,112.00,50.00,174.00,1,-1,-1,-1
149,-1,411.00,112.00,42.00,142.00,1,-1,-1,-1
149,-1,272.00,91.00,50.00,161.00,1,-1,-1,-1
149,-1,370.00,112.00,39.00,144.00,1,-1,-1,-1
150,-1,197.00,92.00,42.00,154.00,1,-1,-1,-1
150,-1,411.00,112.00,42.00,142.00,1,-1,-1,-1
150,-1,271.00,91.00,50.00,161.00,1,-1,-1,-1
150,-1,461.00,110.00,48.00,145.00,1,-1,-1,-1
151,-1,197.00,92.00,42.00,154.00,1,-1,-1,-1
151,-1,411.00,112.00,42.00,142.00,1,-1,-1,-1
151,-1,270.00,91.00,49.00,161.00,1,-1,-1,-1
151,-1,365.00,112.00,38.00,144.00,1,-1,-1,-1
151,-1,47.00,113.00,51.00,172.00,1,-1,-1,-1
152,-1,270.00,91.00,49.00,161.00,1,-1,-1,-1
152,-1,51.00,113.00,51.00,172.00,1,-1,-1,-1
153,-1,197.00,92.00,42.00,154.00,1,-1,-1,-1
153,-1,410.00,112.00,42.00,143.00,1,-1,-1,-1
153,-1,269.00,91.00,49.00,161.00,1,-1,-1,-1
153,-1,457.00,110.00,48.00,146.00,1,-1,-1,-1
153,-1,362.00,111.00,38.00,143.00,1,-1,-1,-1
153,-1,56.00,113.00,51.00,171.00,1,-1,-1,-1
154,-1,409.00,112.00,42.00,143.00,1,-1,-1,-1
154,-1,456.00,110.00,48.00,147.00,1,-1,-1,-1
154,-1,360.00,111.00,38.00,143.00,1,-1,-1,-1
154,-1,60.00,113.00,51.00,171.00,1,-1,-1,-1
155,-1,197.00,92.00,42.00,154.00,1,-1,-1,-1
155,-1,409.00,112.00,42.00,144.00,1,-1,-1,-1
155,-1,455.00,110.00,48.00,147.00,1,-1,-1,-1
155,-1,359.00,111.00,38.00,143.00,1,-1,-1,-1
156,-1,197.00,92.00,42.00,154.00,1,-1,-1,-1
156,-1,408.00,112.00,42.00,144.00,1,-1,-1,-1
156,-1,267.00,91.00,48.00,161.00,1,-1,-1,-1
156,-1,453.00,110.00,48.00,147.00,1,-1,-1,-1
156,-1,357.00,111.00,38.00,143.00,1,-1,-1,-1
156,-1,68.00,113.00,52.00,169.00,1,-1,-1,-1
157,-1,197.00,91.00,42.00,154.00,1,-1,-1,-1
157,-1,408.00,112.00,42.00,144.00,1,-1,-1,-1
157,-1,266.00,91.00,48.00,161.00,1,-1,-1,-1
157,-1,452.00,110.00,48.00,147.00,1,-1,-1,-1
157,-1,356.00,111.00,38.00,143.00,1,-1,-1,-1
157,-1,72.00,113.00,52.00,169.00,1,-1,-1,-1
158,-1,197.00,91.00,42.00,154.00,1,-1,-1,-1
158,-1,266.00,90.00,47.00,161.00,1,-1,-1,-1
158,-1,451.00,110.00,48.00,148.00,1,-1,-1,-1
158,-1,354.00,111.00,38.00,142.00,1,-1,-1,-1
158,-1,76.00,113.00,52.00,168.00,1,-1,-1,-1
159,-1,407.00,112.00,42.00,145.00,1,-1,-1,-1
159,-1,265.00,90.00,47.00,161.00,1,-1,-1,-1
159,-1,450.00,110.00,48.00,148.00,1,-1,-1,-1
159,-1,353.00,111.00,38.00,142.00,1,-1,-1,-1
160,-1,406.00,112.00,42.00,146.00,1,-1,-1,-1
160,-1,264.00,90.00,47.00,161.00,1,-1,-1,-1
160,-1,448.00,110.00,48.00,148.00,1,-1,-1,-1
160,-1,351.00,111.00,38.00,142.00,1,-1,-1,-1
161,-1,264.00,90.00,46.00,161.00,1,-1,-1,-1
161,-1,350.00,111.00,38.00,142.00,1,-1,-1,-1
162,-1,197.00,91.00,42.00,154.00,1,-1,-1,-1
162,-1,263.00,90.00,46.00,161.00,1,-1,-1,-1
162,-1,93.00,114.00,53.00,166.00,1,-1,-1,-1
163,-1,197.00,91.00,42.00,154.00,1,-1,-1,-1
163,-1,262.00,90.00,46.00,161.00,1,-1,-1,-1
163,-1,445.00,110.00,48.00,149.00,1,-1,-1,-1
163,-1,97.00,114.00,54.00,165.00,1,-1,-1,-1
164,-1,262.00,90.00,46.00,161.00,1,-1,-1,-1
164,-1,345.00,111.00,38.00,141.00,1,-1,-1,-1
164,-1,101.00,114.00,54.00,165.00,1,-1,-1,-1
165,-1,196.00,91.00,42.00,154.00,1,-1,-1,-1
165,-1,401.00,112.00,42.00,147.00,1,-1,-1,-1
165,-1,261.00,90.00,45.00,161.00,1,-1,-1,-1
165,-1,442.00,110.00,48.00,150.00,1,-1,-1,-1
165,-1,105.00,114.00,54.00,164.00,1,-1,-1,-1
166,-1,196.00,91.00,42.00,154.00,1,-1,-1,-1
166,-1,260.00,90.00,45.00,161.00,1,-1,-1,-1
166,-1,441.00,110.00,48.00,150.00,1,-1,-1,-1
166,-1,342.00,110.00,39.00,141.00,1,-1,-1,-1
166,-1,109.00,114.00,54.00,164.00,1,-1,-1,-1
167,-1,260.00,90.00,45.00,160.00,1,-1,-1,-1
167,-1,341.00,110.00,39.00,140.00,1,-1,-1,-1
167,-1,113.00,114.00,55.00,163.00,1,-1,-1,-1
168,-1,196.00,91.00,42.00,154.00,1,-1,-1,-1
168,-1,395.00,113.00,42.00,148.00,1,-1,-1,-1
168,-1,260.00,89.00,45.00,160.00,1,-1,-1,-1
168,-1,439.00,110.00,48.00,150.00,1,-1,-1,-1
168,-1,339.00,110.00,39.00,140.00,1,-1,-1,-1
168,-1,117.00,114.00,55.00,162.00,1,-1,-1,-1
169,-1,196.00,91.00,42.00,154.00,1,-1,-1,-1
169,-1,260.00,90.00,45.00,160.00,1,-1,-1,-1
169,-1,437.00,110.00,48.00,151.00,1,-1,-1,-1
169,-1,338.00,110.00,39.00,140.00,1,-1,-1,-1
169,-1,121.00,115.00,55.00,162.00,1,-1,-1,-1
170,-1,196.00,91.00,42.00,154.00,1,-1,-1,-1
170,-1,391.00,113.00,42.00,148.00,1,-1,-1,-1
170,-1,260.00,90.00,45.00,160.00,1,-1,-1,-1
170,-1,436.00,110.00,48.00,151.00,1,-1,-1,-1
170,-1,125.00,115.00,55.00,161.00,1,-1,-1,-1
171,-1,196.00,91.00,42.00,154.00,1,-1,-1,-1
171,-1,389.00,113.00,42.00,148.00,1,-1,-1,-1
171,-1,260.00,90.00,44.00,160.00,1,-1,-1,-1
171,-1,435.00,110.00,48.00,151.00,1,-1,-1,-1
171,-1,130.00,115.00,56.00,161.00,1,-1,-1,-1
172,-1,196.00,91.00,42.00,154.00,1,-1,-1,-1
172,-1,387.00,113.00,42.00,148.00,1,-1,-1,-1
172,-1,260.00,90.00,44.00,159.00,1,-1,-1,-1
172,-1,333.00,110.00,39.00,139.00,1,-1,-1,-1
172,-1,134.00,115.00,56.00,160.00,1,-1,-1,-1
173,-1,196.00,91.00,41.00,154.00,1,-1,-1,-1
173,-1,260.00,90.00,44.00,159.00,1,-1,-1,-1
173,-1,332.00,110.00,39.00,139.00,1,-1,-1,-1
173,-1,138.00,115.00,56.00,160.00,1,-1,-1,-1
174,-1,383.00,113.00,42.00,148.00,1,-1,-1,-1
174,-1,260.00,90.00,44.00,159.00,1,-1,-1,-1
174,-1,142.00,115.00,56.00,159.00,1,-1,-1,-1
175,-1,196.00,91.00,41.00,154.00,1,-1,-1,-1
175,-1,381.00,113.00,42.00,149.00,1,-1,-1,-1
175,-1,260.00,90.00,44.00,159.00,1,-1,-1,-1
175,-1,430.00,110.00,48.00,152.00,1,-1,-1,-1
175,-1,146.00,115.00,57.00,158.00,1,-1,-1,-1
176,-1,196.00,91.00,41.00,154.00,1,-1,-1,-1
176,-1,379.00,113.00,42.00,149.00,1,-1,-1,-1
176,-1,260.00,90.00,44.00,159.00,1,-1,-1,-1
176,-1,429.00,110.00,48.00,153.00,1,-1,-1,-1
176,-1,150.00,115.00,57.00,158.00,1,-1,-1,-1
177,-1,196.00,91.00,41.00,154.00,1,-1,-1,-1
177,-1,377.00,113.00,42.00,149.00,1,-1,-1,-1
177,-1,260.00,90.00,44.00,158.00,1,-1,-1,-1
177,-1,326.00,110.00,39.00,138.00,1,-1,-1,-1
177,-1,154.00,115.00,57.00,157.00,1,-1,-1,-1
178,-1,196.00,90.00,41.00,154.00,1,-1,-1,-1
178,-1,427.00,110.00,48.00,153.00,1,-1,-1,-1
178,-1,325.00,110.00,39.00,138.00,1,-1,-1,-1
178,-1,157.00,115.00,57.00,157.00,1,-1,-1,-1
179,-1,196.00,90.00,41.00,154.00,1,-1,-1,-1
179,-1,426.00,110.00,48.00,153.00,1,-1,-1,-1
179,-1,159.00,116.00,57.00,157.00,1,-1,-1,-1
