1,59,1292,459,70,202,1,1,-1,-1
2,59,1293,458,71,203,1,1,-1,-1
3,59,1295,457,72,204,1,1,-1,-1
3,105,264,449,102,263,1,1,-1,-1
4,59,1297,456,73,205,1,1,-1,-1
4,105,266,448,102,264,1,1,-1,-1
5,59,1298,455,75,206,1,1,-1,-1
5,105,268,448,102,264,1,1,-1,-1
6,105,270,448,102,264,1,1,-1,-1
8,10,274,448,103,264,1,1,-1,-1
9,10,276,448,104,264,1,1,-1,-1
10,10,278,447,104,265,1,1,-1,-1
11,10,280,447,105,265,1,1,-1,-1
12,10,282,446,105,266,1,1,-1,-1
13,10,284,446,106,266,1,1,-1,-1
13,60,1790,440,75,185,1,1,-1,-1
14,10,286,446,106,266,1,1,-1,-1
14,60,1794,441,74,184,1,1,-1,-1
15,10,289,446,106,266,1,1,-1,-1
15,60,1798,442,74,184,1,1,-1,-1
16,10,291,446,106,266,1,1,-1,-1
16,60,1799,441,74,184,1,1,-1,-1
17,10,294,446,106,266,1,1,-1,-1
17,60,1801,441,73,184,1,1,-1,-1
18,10,299,447,103,262,1,1,-1,-1
23,61,1812,440,70,184,1,1,-1,-1
24,61,1813,440,70,183,1,1,-1,-1
25,61,1815,440,69,183,1,1,-1,-1
26,61,1816,440,69,182,1,1,-1,-1
27,61,1818,440,68,182,1,1,-1,-1
29,39,1822,440,67,182,1,1,-1,-1
30,39,1824,440,66,182,1,1,-1,-1
31,39,1826,440,66,182,1,1,-1,-1
32,39,1827,440,66,182,1,1,-1,-1
33,39,1829,440,65,182,1,1,-1,-1
33,62,1310,534,52,130,1,1,-1,-1
34,39,1830,440,65,182,1,1,-1,-1
34,62,1311,534,52,130,1,1,-1,-1
35,62,1313,534,52,130,1,1,-1,-1
36,62,1313,534,51,129,1,1,-1,-1
37,62,1313,534,51,129,1,1,-1,-1
48,40,1313,534,51,129,1,1,-1,-1
49,40,1313,534,51,129,1,1,-1,-1
50,40,1313,534,51,129,1,1,-1,-1
51,40,1313,534,51,129,1,1,-1,-1
52,40,1313,534,51,129,1,1,-1,-1
53,40,1313,534,51,129,1,1,-1,-1
62,26,1313,534,50,128,1,1,-1,-1
63,26,1313,534,50,128,1,1,-1,-1
64,26,1313,534,50,128,1,1,-1,-1
65,26,1313,534,50,128,1,1,-1,-1
66,26,1313,534,50,128,1,1,-1,-1
67,26,1313,534,50,128,1,1,-1,-1
68,26,1313,534,50,128,1,1,-1,-1
73,19,740,278,217,537,1,1,-1,-1
74,19,760,277,200,536,1,1,-1,-1
75,19,780,277,184,534,1,1,-1,-1
76,19,786,280,199,529,1,1,-1,-1
77,19,792,284,214,524,1,1,-1,-1
78,19,799,288,229,519,1,1,-1,-1
78,41,1339,458,81,210,1,1,-1,-1
79,19,805,291,244,514,1,1,-1,-1
79,41,1339,458,81,210,1,1,-1,-1
80,19,811,295,259,509,1,1,-1,-1
80,41,1339,458,81,210,1,1,-1,-1
81,41,1339,458,81,210,1,1,-1,-1
82,41,1339,458,81,210,1,1,-1,-1
83,41,1339,458,81,210,1,1,-1,-1
94,63,1381,316,234,556,1,1,-1,-1
95,63,1379,315,230,560,1,1,-1,-1
96,63,1378,314,226,564,1,1,-1,-1
97,63,1376,312,222,569,1,1,-1,-1
98,42,1314,534,54,131,1,1,-1,-1
98,63,1374,311,218,573,1,1,-1,-1
99,42,1314,534,54,131,1,1,-1,-1
100,42,1314,534,54,132,1,1,-1,-1
101,42,1314,534,54,132,1,1,-1,-1
102,42,1314,534,55,132,1,1,-1,-1
103,42,1314,534,55,132,1,1,-1,-1
119,27,1215,337,165,391,1,1,-1,-1
120,27,1223,338,164,390,1,1,-1,-1
121,27,1230,340,164,387,1,1,-1,-1
122,27,1238,341,163,386,1,1,-1,-1
123,27,1246,342,162,384,1,1,-1,-1
124,27,1253,343,162,383,1,1,-1,-1
124,43,1310,534,58,136,1,1,-1,-1
125,27,1261,344,161,381,1,1,-1,-1
125,43,1310,534,58,136,1,1,-1,-1
126,43,1310,534,58,136,1,1,-1,-1
127,43,1310,534,58,137,1,1,-1,-1
128,43,1309,534,59,137,1,1,-1,-1
129,43,1309,534,59,137,1,1,-1,-1
131,64,1309,534,59,137,1,1,-1,-1
132,64,1309,534,59,138,1,1,-1,-1
133,64,1308,534,60,138,1,1,-1,-1
134,64,1308,534,60,138,1,1,-1,-1
135,64,1308,534,60,138,1,1,-1,-1
138,65,-122,267,272,682,1,1,-1,-1
139,65,-100,269,280,677,1,1,-1,-1
140,65,-78,271,288,672,1,1,-1,-1
141,65,-64,271,278,673,1,1,-1,-1
142,65,-50,272,268,673,1,1,-1,-1
150,44,442,386,141,364,1,1,-1,-1
151,44,442,384,140,365,1,1,-1,-1
152,44,442,382,139,366,1,1,-1,-1
152,66,1433,365,147,328,1,1,-1,-1
153,44,444,382,141,369,1,1,-1,-1
153,66,1438,366,148,326,1,1,-1,-1
154,44,446,383,144,372,1,1,-1,-1
154,66,1444,368,148,324,1,1,-1,-1
155,44,448,384,146,374,1,1,-1,-1
155,66,1450,367,146,323,1,1,-1,-1
156,66,1456,367,144,321,1,1,-1,-1
161,67,1322,531,67,146,1,1,-1,-1
162,67,1323,531,67,146,1,1,-1,-1
163,67,1347,540,67,143,1,1,-1,-1
164,67,1324,532,67,146,1,1,-1,-1
165,67,1324,532,68,146,1,1,-1,-1
169,28,344,408,144,372,1,1,-1,-1
170,28,342,409,145,374,1,1,-1,-1
171,20,1347,422,98,236,1,1,-1,-1
171,28,341,410,145,376,1,1,-1,-1
172,20,1352,422,98,236,1,1,-1,-1
172,28,373,395,228,467,1,1,-1,-1
173,20,1383,445,93,233,1,1,-1,-1
173,28,381,399,243,465,1,1,-1,-1
174,20,1370,424,108,234,1,1,-1,-1
174,28,351,407,145,387,1,1,-1,-1
175,20,1380,425,112,234,1,1,-1,-1
175,28,355,406,145,390,1,1,-1,-1
176,20,1382,424,109,234,1,1,-1,-1
177,20,1387,443,94,237,1,1,-1,-1
177,68,460,132,438,1093,1,1,-1,-1
178,20,1388,442,95,238,1,1,-1,-1
178,68,434,132,461,1101,1,1,-1,-1
179,68,408,132,483,1109,1,1,-1,-1
180,68,382,132,505,1117,1,1,-1,-1
181,68,353,121,510,1088,1,1,-1,-1
184,16,1571,389,125,271,1,1,-1,-1
185,6,1396,439,96,244,1,1,-1,-1
185,16,1575,390,125,269,1,1,-1,-1
186,6,1397,438,96,246,1,1,-1,-1
186,16,1580,391,124,268,1,1,-1,-1
186,45,532,375,167,407,1,1,-1,-1
187,6,1398,438,96,246,1,1,-1,-1
187,16,1582,392,125,266,1,1,-1,-1
187,45,533,375,167,408,1,1,-1,-1
188,6,1399,437,97,247,1,1,-1,-1
188,16,1595,365,140,297,1,1,-1,-1
188,45,533,375,168,408,1,1,-1,-1
189,6,1438,422,96,234,1,1,-1,-1
189,16,1588,394,125,264,1,1,-1,-1
189,45,534,375,168,409,1,1,-1,-1
190,6,1401,436,97,249,1,1,-1,-1
190,16,1591,395,125,263,1,1,-1,-1
190,45,542,374,167,410,1,1,-1,-1
191,6,1442,424,110,233,1,1,-1,-1
191,16,1593,396,126,261,1,1,-1,-1
191,45,550,373,167,411,1,1,-1,-1
192,6,1403,435,98,251,1,1,-1,-1
192,16,1596,397,126,260,1,1,-1,-1
193,6,1446,426,123,232,1,1,-1,-1
194,6,1448,427,130,232,1,1,-1,-1
195,6,1456,426,122,232,1,1,-1,-1
196,6,1465,425,114,233,1,1,-1,-1
199,29,765,400,165,399,1,1,-1,-1
200,29,789,400,155,398,1,1,-1,-1
201,29,812,399,146,397,1,1,-1,-1
202,29,836,399,136,396,1,1,-1,-1
203,29,841,401,155,392,1,1,-1,-1
203,30,1516,422,82,232,1,1,-1,-1
204,29,846,403,174,388,1,1,-1,-1
204,30,1522,422,82,232,1,1,-1,-1
205,29,851,405,193,384,1,1,-1,-1
205,30,1524,423,89,232,1,1,-1,-1
206,30,1526,424,97,232,1,1,-1,-1
207,30,1529,425,103,232,1,1,-1,-1
208,30,1531,426,111,232,1,1,-1,-1
209,30,1534,427,118,232,1,1,-1,-1
215,46,936,410,158,374,1,1,-1,-1
216,46,953,411,152,369,1,1,-1,-1
217,46,970,412,147,365,1,1,-1,-1
217,69,53,268,327,748,1,1,-1,-1
218,46,987,413,142,361,1,1,-1,-1
218,69,33,302,266,651,1,1,-1,-1
219,46,999,412,137,358,1,1,-1,-1
219,69,60,303,256,651,1,1,-1,-1
219,70,1508,437,81,223,1,1,-1,-1
220,46,1011,412,133,355,1,1,-1,-1
220,69,149,280,366,723,1,1,-1,-1
220,70,1468,426,99,268,1,1,-1,-1
221,69,161,281,367,717,1,1,-1,-1
221,70,1472,426,100,268,1,1,-1,-1
222,47,522,288,231,580,1,1,-1,-1
222,70,1475,426,102,268,1,1,-1,-1
222,71,1035,412,125,348,1,1,-1,-1
223,47,530,292,247,576,1,1,-1,-1
223,70,1479,426,104,269,1,1,-1,-1
223,71,1048,412,120,345,1,1,-1,-1
224,47,546,291,235,573,1,1,-1,-1
224,71,1053,413,124,343,1,1,-1,-1
225,47,563,291,222,570,1,1,-1,-1
225,71,1059,415,128,341,1,1,-1,-1
226,47,597,299,200,544,1,1,-1,-1
226,48,1469,536,67,167,1,1,-1,-1
226,71,1065,416,132,339,1,1,-1,-1
227,47,597,291,197,563,1,1,-1,-1
227,48,1472,535,67,168,1,1,-1,-1
228,48,1475,535,68,168,1,1,-1,-1
229,48,1479,535,68,168,1,1,-1,-1
229,49,1500,426,115,271,1,1,-1,-1
230,48,1482,534,68,169,1,1,-1,-1
230,49,1503,425,112,272,1,1,-1,-1
231,48,1485,534,69,169,1,1,-1,-1
231,49,1506,425,110,272,1,1,-1,-1
232,49,1509,425,107,273,1,1,-1,-1
232,72,433,294,257,656,1,1,-1,-1
233,49,1512,424,105,274,1,1,-1,-1
233,72,448,298,266,650,1,1,-1,-1
234,49,1515,424,102,274,1,1,-1,-1
234,72,463,302,275,644,1,1,-1,-1
235,72,479,307,283,638,1,1,-1,-1
236,72,384,315,247,582,1,1,-1,-1
238,73,1269,353,160,400,1,1,-1,-1
239,73,1273,353,161,398,1,1,-1,-1
240,73,1278,354,161,396,1,1,-1,-1
241,73,1283,354,161,394,1,1,-1,-1
242,73,1288,355,161,392,1,1,-1,-1
244,50,1538,421,85,280,1,1,-1,-1
244,74,1556,531,91,178,1,1,-1,-1
245,21,573,323,142,552,1,1,-1,-1
245,50,1538,421,86,280,1,1,-1,-1
245,74,1562,530,89,179,1,1,-1,-1
246,21,579,324,179,547,1,1,-1,-1
246,50,1539,421,85,280,1,1,-1,-1
246,74,1569,530,86,179,1,1,-1,-1
247,21,585,325,217,543,1,1,-1,-1
247,50,1539,420,86,281,1,1,-1,-1
247,74,1575,530,84,179,1,1,-1,-1
248,21,591,326,255,539,1,1,-1,-1
248,22,1776,407,101,224,1,1,-1,-1
248,50,1521,383,103,339,1,1,-1,-1
248,74,1582,530,82,180,1,1,-1,-1
249,21,694,317,277,579,1,1,-1,-1
249,22,1779,407,101,224,1,1,-1,-1
249,50,1540,420,86,282,1,1,-1,-1
249,75,958,368,128,392,1,1,-1,-1
250,21,723,318,256,576,1,1,-1,-1
250,22,1782,407,101,224,1,1,-1,-1
250,75,964,368,128,391,1,1,-1,-1
251,21,753,318,235,574,1,1,-1,-1
251,22,1778,423,117,214,1,1,-1,-1
251,75,971,368,128,390,1,1,-1,-1
252,21,782,319,214,571,1,1,-1,-1
252,22,1788,408,100,222,1,1,-1,-1
252,75,977,368,128,389,1,1,-1,-1
253,22,1787,422,109,215,1,1,-1,-1
253,75,982,395,105,317,1,1,-1,-1
254,22,1792,422,104,216,1,1,-1,-1
255,22,1797,421,100,217,1,1,-1,-1
261,76,1173,384,140,347,1,1,-1,-1
262,76,1118,402,134,339,1,1,-1,-1
263,76,1124,402,134,338,1,1,-1,-1
264,76,1130,402,134,337,1,1,-1,-1
265,76,1137,402,133,337,1,1,-1,-1
266,77,1068,370,124,372,1,1,-1,-1
267,77,1075,371,124,370,1,1,-1,-1
268,5,1826,417,94,206,1,1,-1,-1
268,77,1042,330,148,458,1,1,-1,-1
269,5,1844,423,82,211,1,1,-1,-1
269,77,1026,333,212,506,1,1,-1,-1
270,5,1831,418,93,203,1,1,-1,-1
270,77,1035,334,219,502,1,1,-1,-1
271,5,1800,407,111,242,1,1,-1,-1
272,5,1835,418,93,201,1,1,-1,-1
273,5,1850,425,83,206,1,1,-1,-1
274,5,1851,425,84,205,1,1,-1,-1
275,5,1841,419,92,197,1,1,-1,-1
275,13,1127,374,123,358,1,1,-1,-1
276,5,1843,419,92,196,1,1,-1,-1
276,13,1108,334,146,444,1,1,-1,-1
277,5,1856,427,85,202,1,1,-1,-1
277,13,1137,340,175,484,1,1,-1,-1
278,5,1847,419,91,194,1,1,-1,-1
278,13,1126,338,144,437,1,1,-1,-1
279,5,1849,419,91,193,1,1,-1,-1
279,13,1135,341,144,433,1,1,-1,-1
280,5,1851,419,91,192,1,1,-1,-1
280,13,1140,340,144,433,1,1,-1,-1
280,78,1465,378,113,334,1,1,-1,-1
281,5,1865,423,77,204,1,1,-1,-1
281,13,1145,340,144,432,1,1,-1,-1
281,78,1468,383,112,326,1,1,-1,-1
282,13,1151,340,143,431,1,1,-1,-1
282,78,1471,387,111,318,1,1,-1,-1
283,13,1188,345,189,473,1,1,-1,-1
283,78,1475,392,110,310,1,1,-1,-1
284,13,1162,340,142,430,1,1,-1,-1
284,78,1481,388,110,315,1,1,-1,-1
284,79,1861,420,89,189,1,1,-1,-1
285,79,1874,421,72,204,1,1,-1,-1
286,23,1218,348,186,466,1,1,-1,-1
286,79,1866,420,88,189,1,1,-1,-1
287,23,1177,342,131,420,1,1,-1,-1
287,79,1878,421,72,204,1,1,-1,-1
288,23,1211,377,120,340,1,1,-1,-1
288,79,1880,421,72,204,1,1,-1,-1
289,23,1187,344,125,413,1,1,-1,-1
290,23,1192,345,128,411,1,1,-1,-1
291,23,1198,347,131,408,1,1,-1,-1
292,23,1237,378,119,335,1,1,-1,-1
293,23,1209,351,138,403,1,1,-1,-1
295,80,1198,410,124,299,1,1,-1,-1
296,80,1263,379,118,330,1,1,-1,-1
296,81,1457,436,99,250,1,1,-1,-1
297,80,1230,352,139,397,1,1,-1,-1
297,81,1460,437,103,249,1,1,-1,-1
298,80,1227,388,134,386,1,1,-1,-1
298,81,1464,436,101,249,1,1,-1,-1
299,80,1240,351,138,395,1,1,-1,-1
299,81,1469,436,98,248,1,1,-1,-1
300,81,1474,436,95,247,1,1,-1,-1
307,51,1185,404,129,311,1,1,-1,-1
308,51,1184,404,130,312,1,1,-1,-1
309,51,1175,370,123,388,1,1,-1,-1
309,82,1604,390,99,291,1,1,-1,-1
310,51,1174,371,129,387,1,1,-1,-1
310,82,1609,391,99,285,1,1,-1,-1
311,51,1173,373,135,386,1,1,-1,-1
311,82,1580,331,123,351,1,1,-1,-1
311,83,1409,361,166,412,1,1,-1,-1
311,84,1885,430,64,191,1,1,-1,-1
312,51,1178,402,132,316,1,1,-1,-1
312,82,1618,392,98,282,1,1,-1,-1
312,83,1410,361,166,411,1,1,-1,-1
312,84,1886,430,64,191,1,1,-1,-1
313,82,1585,474,113,232,1,1,-1,-1
313,83,1417,357,147,376,1,1,-1,-1
313,84,1887,431,64,190,1,1,-1,-1
314,83,1419,357,146,375,1,1,-1,-1
314,84,1887,431,64,189,1,1,-1,-1
315,83,1415,363,163,406,1,1,-1,-1
315,84,1887,431,65,189,1,1,-1,-1
318,14,1311,369,126,362,1,1,-1,-1
319,14,1313,369,129,360,1,1,-1,-1
319,85,1200,381,145,371,1,1,-1,-1
320,14,1316,370,132,358,1,1,-1,-1
320,85,1205,381,144,370,1,1,-1,-1
321,14,1313,369,132,356,1,1,-1,-1
321,24,1583,448,105,261,1,1,-1,-1
321,85,1173,400,122,323,1,1,-1,-1
322,14,1311,368,131,354,1,1,-1,-1
322,24,1562,437,78,235,1,1,-1,-1
322,31,1445,370,162,390,1,1,-1,-1
322,85,1170,399,127,324,1,1,-1,-1
323,14,1319,350,154,416,1,1,-1,-1
323,24,1566,438,78,234,1,1,-1,-1
323,31,1437,363,143,360,1,1,-1,-1
323,85,1167,397,131,326,1,1,-1,-1
324,14,1311,368,131,351,1,1,-1,-1
324,24,1570,438,77,233,1,1,-1,-1
324,31,1439,364,143,358,1,1,-1,-1
324,86,1887,430,68,187,1,1,-1,-1
325,14,1314,369,131,349,1,1,-1,-1
325,24,1574,438,77,233,1,1,-1,-1
325,31,1440,370,170,384,1,1,-1,-1
325,86,1888,430,67,186,1,1,-1,-1
326,14,1317,371,130,346,1,1,-1,-1
326,24,1590,428,100,278,1,1,-1,-1
326,31,1443,365,142,355,1,1,-1,-1
326,86,1888,430,66,186,1,1,-1,-1
326,87,1679,399,122,272,1,1,-1,-1
327,14,1320,372,130,345,1,1,-1,-1
327,24,1582,438,76,232,1,1,-1,-1
327,31,1496,358,148,393,1,1,-1,-1
327,86,1888,430,65,185,1,1,-1,-1
327,87,1683,399,116,271,1,1,-1,-1
328,24,1586,438,76,231,1,1,-1,-1
328,31,1444,373,163,378,1,1,-1,-1
328,86,1889,430,64,185,1,1,-1,-1
328,87,1688,400,110,269,1,1,-1,-1
329,87,1692,400,104,268,1,1,-1,-1
330,87,1697,401,98,266,1,1,-1,-1
333,32,1445,381,149,369,1,1,-1,-1
334,32,1449,372,140,341,1,1,-1,-1
335,32,1443,382,148,367,1,1,-1,-1
336,32,1445,383,147,366,1,1,-1,-1
337,32,1451,375,139,335,1,1,-1,-1
338,32,1472,408,102,273,1,1,-1,-1
339,32,1477,408,102,273,1,1,-1,-1
344,17,1478,379,133,325,1,1,-1,-1
344,52,1140,386,146,348,1,1,-1,-1
345,17,1457,390,139,349,1,1,-1,-1
345,52,1137,386,147,351,1,1,-1,-1
346,17,1460,392,138,348,1,1,-1,-1
346,33,1656,403,133,305,1,1,-1,-1
346,52,1134,387,148,354,1,1,-1,-1
347,17,1460,392,141,344,1,1,-1,-1
347,33,1662,401,130,307,1,1,-1,-1
347,52,1131,387,149,358,1,1,-1,-1
348,17,1460,392,144,340,1,1,-1,-1
348,33,1669,400,126,308,1,1,-1,-1
348,52,1128,388,150,361,1,1,-1,-1
349,17,1503,382,128,317,1,1,-1,-1
349,33,1676,399,122,310,1,1,-1,-1
349,52,1126,386,151,363,1,1,-1,-1
349,88,1346,404,132,314,1,1,-1,-1
350,17,1508,383,127,315,1,1,-1,-1
350,33,1683,398,118,311,1,1,-1,-1
350,88,1351,404,131,313,1,1,-1,-1
351,17,1513,384,126,313,1,1,-1,-1
351,33,1690,397,114,313,1,1,-1,-1
351,88,1356,405,131,311,1,1,-1,-1
352,17,1467,394,147,330,1,1,-1,-1
352,33,1694,396,112,314,1,1,-1,-1
352,34,1678,442,72,217,1,1,-1,-1
352,88,1361,405,130,310,1,1,-1,-1
353,34,1682,442,72,217,1,1,-1,-1
353,88,1380,386,123,313,1,1,-1,-1
354,34,1673,528,91,203,1,1,-1,-1
355,34,1690,442,72,216,1,1,-1,-1
356,34,1636,421,102,255,1,1,-1,-1
357,34,1638,426,102,248,1,1,-1,-1
358,34,1640,431,102,241,1,1,-1,-1
363,4,1587,412,93,257,1,1,-1,-1
364,4,1516,401,130,315,1,1,-1,-1
364,89,1417,413,127,289,1,1,-1,-1
365,4,1570,387,123,302,1,1,-1,-1
365,89,1411,382,96,309,1,1,-1,-1
366,4,1600,412,92,255,1,1,-1,-1
366,35,1096,363,162,411,1,1,-1,-1
366,89,1408,384,104,310,1,1,-1,-1
367,4,1533,402,129,310,1,1,-1,-1
367,35,1097,360,160,414,1,1,-1,-1
367,89,1406,386,111,311,1,1,-1,-1
368,4,1583,388,121,299,1,1,-1,-1
368,35,1097,357,159,417,1,1,-1,-1
368,89,1404,388,118,312,1,1,-1,-1
369,4,1543,403,128,306,1,1,-1,-1
369,35,1098,355,157,420,1,1,-1,-1
370,4,1591,388,121,298,1,1,-1,-1
370,35,1094,356,158,422,1,1,-1,-1
371,3,1425,395,106,299,1,1,-1,-1
371,4,1553,404,127,303,1,1,-1,-1
371,35,1090,357,159,425,1,1,-1,-1
372,3,1432,397,102,295,1,1,-1,-1
372,4,1560,405,128,301,1,1,-1,-1
372,35,1086,358,160,427,1,1,-1,-1
373,3,1439,400,99,290,1,1,-1,-1
373,4,1568,406,128,299,1,1,-1,-1
373,90,1786,385,146,337,1,1,-1,-1
374,3,1443,399,98,289,1,1,-1,-1
374,4,1633,414,87,249,1,1,-1,-1
374,90,1839,396,87,307,1,1,-1,-1
374,91,1803,516,99,228,1,1,-1,-1
375,3,1448,398,96,289,1,1,-1,-1
375,4,1611,389,121,294,1,1,-1,-1
375,90,1797,382,139,340,1,1,-1,-1
375,91,1814,516,96,229,1,1,-1,-1
376,3,1453,398,94,288,1,1,-1,-1
376,4,1616,390,120,293,1,1,-1,-1
376,90,1802,381,136,341,1,1,-1,-1
376,91,1816,516,102,229,1,1,-1,-1
377,3,1456,398,97,287,1,1,-1,-1
377,4,1591,409,128,292,1,1,-1,-1
377,90,1808,380,132,342,1,1,-1,-1
377,91,1819,516,107,229,1,1,-1,-1
378,3,1459,398,100,287,1,1,-1,-1
378,91,1821,516,113,229,1,1,-1,-1
379,3,1462,398,103,286,1,1,-1,-1
380,3,1476,380,146,335,1,1,-1,-1
381,1,1604,409,126,288,1,1,-1,-1
381,3,1486,416,120,274,1,1,-1,-1
382,1,1608,409,126,287,1,1,-1,-1
382,3,1490,416,119,273,1,1,-1,-1
383,1,1612,409,126,286,1,1,-1,-1
383,3,1474,399,113,282,1,1,-1,-1
384,1,1616,409,126,286,1,1,-1,-1
384,3,1499,416,117,272,1,1,-1,-1
385,1,1655,419,98,238,1,1,-1,-1
385,3,1482,401,111,278,1,1,-1,-1
386,1,1624,410,126,284,1,1,-1,-1
386,3,1508,416,115,271,1,1,-1,-1
387,1,1661,392,117,284,1,1,-1,-1
387,3,1498,359,120,300,1,1,-1,-1
387,25,381,291,269,621,1,1,-1,-1
388,1,1665,392,117,284,1,1,-1,-1
388,3,1494,404,108,272,1,1,-1,-1
388,25,386,296,285,612,1,1,-1,-1
389,1,1678,414,82,242,1,1,-1,-1
389,3,1498,404,108,272,1,1,-1,-1
389,25,391,302,301,602,1,1,-1,-1
390,1,1681,414,81,241,1,1,-1,-1
390,18,985,338,201,484,1,1,-1,-1
390,25,419,302,277,596,1,1,-1,-1
391,1,1649,409,124,280,1,1,-1,-1
391,18,975,335,204,489,1,1,-1,-1
391,25,448,302,253,590,1,1,-1,-1
391,92,1528,418,113,267,1,1,-1,-1
392,1,1650,410,124,279,1,1,-1,-1
392,18,966,332,206,494,1,1,-1,-1
392,25,477,302,229,584,1,1,-1,-1
392,92,1510,404,108,272,1,1,-1,-1
393,1,1690,414,80,240,1,1,-1,-1
393,18,957,330,208,499,1,1,-1,-1
393,25,506,302,205,578,1,1,-1,-1
393,92,1515,404,103,270,1,1,-1,-1
394,1,1652,412,124,278,1,1,-1,-1
394,18,948,327,210,504,1,1,-1,-1
394,25,535,302,181,572,1,1,-1,-1
394,92,1540,418,112,265,1,1,-1,-1
395,1,1655,412,124,277,1,1,-1,-1
395,18,939,324,212,509,1,1,-1,-1
395,92,1525,404,94,268,1,1,-1,-1
396,1,1659,413,123,275,1,1,-1,-1
396,18,930,322,214,514,1,1,-1,-1
397,1,1702,395,115,276,1,1,-1,-1
397,18,923,321,216,517,1,1,-1,-1
398,1,1705,414,79,237,1,1,-1,-1
398,18,916,320,218,520,1,1,-1,-1
398,53,1820,452,60,184,1,1,-1,-1
399,1,1674,411,122,272,1,1,-1,-1
399,53,1822,452,60,184,1,1,-1,-1
400,1,1711,414,78,236,1,1,-1,-1
400,53,1824,452,60,184,1,1,-1,-1
401,1,1719,396,114,273,1,1,-1,-1
401,53,1826,452,60,184,1,1,-1,-1
402,1,1717,414,77,235,1,1,-1,-1
402,53,1828,452,60,184,1,1,-1,-1
403,1,1727,395,114,271,1,1,-1,-1
403,53,1830,452,60,184,1,1,-1,-1
404,1,1692,411,121,268,1,1,-1,-1
405,1,1693,412,120,267,1,1,-1,-1
407,54,1732,415,76,232,1,1,-1,-1
408,54,1702,413,120,264,1,1,-1,-1
409,54,1706,412,120,263,1,1,-1,-1
410,54,1710,412,120,262,1,1,-1,-1
411,54,1714,412,120,261,1,1,-1,-1
412,54,1742,417,75,227,1,1,-1,-1
416,11,1776,395,123,259,1,1,-1,-1
417,11,1779,396,123,257,1,1,-1,-1
418,11,1783,396,121,257,1,1,-1,-1
419,11,1738,418,117,253,1,1,-1,-1
420,11,1742,418,117,253,1,1,-1,-1
421,11,1746,418,116,252,1,1,-1,-1
422,11,1750,418,116,252,1,1,-1,-1
423,11,1753,418,116,251,1,1,-1,-1
423,93,918,346,146,445,1,1,-1,-1
424,11,1757,419,116,250,1,1,-1,-1
424,36,1663,422,97,242,1,1,-1,-1
424,93,922,349,155,441,1,1,-1,-1
425,11,1764,424,70,220,1,1,-1,-1
425,36,1639,410,100,251,1,1,-1,-1
425,93,926,353,164,437,1,1,-1,-1
426,11,1764,420,116,248,1,1,-1,-1
426,36,1643,411,99,250,1,1,-1,-1
426,93,930,356,173,433,1,1,-1,-1
427,36,1646,411,99,249,1,1,-1,-1
427,93,935,360,181,429,1,1,-1,-1
428,36,1680,422,96,239,1,1,-1,-1
429,2,1824,402,106,247,1,1,-1,-1
429,36,1684,422,96,238,1,1,-1,-1
430,2,1827,402,106,247,1,1,-1,-1
430,36,1656,413,98,245,1,1,-1,-1
431,2,1783,420,114,245,1,1,-1,-1
432,2,1833,402,106,246,1,1,-1,-1
432,15,1662,414,98,242,1,1,-1,-1
433,2,1836,402,106,245,1,1,-1,-1
433,15,1665,414,98,241,1,1,-1,-1
434,2,1794,422,114,240,1,1,-1,-1
434,15,1706,422,94,235,1,1,-1,-1
434,37,1328,455,86,192,1,1,-1,-1
434,38,1023,359,140,408,1,1,-1,-1
435,2,1799,421,111,239,1,1,-1,-1
435,15,1672,414,98,240,1,1,-1,-1
435,37,1334,454,78,192,1,1,-1,-1
435,38,1034,360,137,404,1,1,-1,-1
436,2,1804,420,108,238,1,1,-1,-1
436,15,1715,422,93,234,1,1,-1,-1
436,37,1341,453,70,193,1,1,-1,-1
436,38,1045,361,134,401,1,1,-1,-1
437,2,1784,428,66,212,1,1,-1,-1
437,15,1720,422,92,234,1,1,-1,-1
437,37,1348,452,62,194,1,1,-1,-1
437,38,1048,363,139,398,1,1,-1,-1
438,2,1786,428,65,211,1,1,-1,-1
438,15,1683,415,97,238,1,1,-1,-1
438,37,1352,452,62,194,1,1,-1,-1
438,38,1051,366,144,395,1,1,-1,-1
438,94,471,232,285,750,1,1,-1,-1
439,2,1788,428,65,211,1,1,-1,-1
439,15,1728,422,91,233,1,1,-1,-1
439,37,1356,452,62,194,1,1,-1,-1
439,38,1054,368,149,392,1,1,-1,-1
439,94,456,229,287,757,1,1,-1,-1
440,2,1807,422,111,237,1,1,-1,-1
440,15,1690,416,96,236,1,1,-1,-1
440,37,1360,452,62,194,1,1,-1,-1
440,38,1090,406,130,327,1,1,-1,-1
440,94,442,226,288,764,1,1,-1,-1
441,2,1806,423,113,237,1,1,-1,-1
441,15,1693,416,95,235,1,1,-1,-1
441,94,426,222,291,771,1,1,-1,-1
442,2,1853,388,92,289,1,1,-1,-1
442,94,411,218,293,778,1,1,-1,-1
443,2,1875,402,105,244,1,1,-1,-1
444,2,1841,390,91,289,1,1,-1,-1
445,2,1835,391,91,289,1,1,-1,-1
446,2,1830,393,90,288,1,1,-1,-1
447,2,1811,394,110,287,1,1,-1,-1
448,2,1792,395,130,286,1,1,-1,-1
449,2,1773,396,150,285,1,1,-1,-1
449,12,1770,422,88,226,1,1,-1,-1
450,2,1850,418,108,236,1,1,-1,-1
450,12,1773,422,88,225,1,1,-1,-1
451,2,1849,380,97,289,1,1,-1,-1
451,12,1777,422,87,225,1,1,-1,-1
451,95,1719,418,91,230,1,1,-1,-1
452,2,1841,380,106,289,1,1,-1,-1
452,12,1780,422,87,224,1,1,-1,-1
452,95,1722,418,90,230,1,1,-1,-1
453,2,1856,420,104,232,1,1,-1,-1
453,12,1784,422,86,224,1,1,-1,-1
453,95,1724,418,90,229,1,1,-1,-1
454,12,1816,428,61,201,1,1,-1,-1
454,95,1726,419,90,228,1,1,-1,-1
455,12,1788,422,85,224,1,1,-1,-1
455,55,1419,451,63,194,1,1,-1,-1
455,95,1744,397,120,284,1,1,-1,-1
455,96,113,278,237,641,1,1,-1,-1
456,12,1790,422,84,224,1,1,-1,-1
456,55,1422,450,64,194,1,1,-1,-1
456,96,142,280,224,638,1,1,-1,-1
457,12,1809,416,73,242,1,1,-1,-1
457,55,1426,450,64,194,1,1,-1,-1
457,96,148,282,232,635,1,1,-1,-1
458,12,1798,386,112,289,1,1,-1,-1
458,55,1429,449,90,195,1,1,-1,-1
458,96,154,284,240,632,1,1,-1,-1
458,97,1720,398,102,282,1,1,-1,-1
459,12,1792,387,99,289,1,1,-1,-1
459,55,1433,449,91,195,1,1,-1,-1
459,96,160,286,248,630,1,1,-1,-1
459,97,1705,399,114,281,1,1,-1,-1
460,55,1437,449,93,195,1,1,-1,-1
460,97,1697,391,116,260,1,1,-1,-1
461,97,1676,402,137,279,1,1,-1,-1
462,97,1662,404,148,278,1,1,-1,-1
464,56,1887,431,90,216,1,1,-1,-1
465,56,1889,430,90,217,1,1,-1,-1
466,56,1892,429,89,218,1,1,-1,-1
467,56,1894,429,90,218,1,1,-1,-1
468,56,1897,428,89,219,1,1,-1,-1
468,57,1686,397,153,274,1,1,-1,-1
469,56,1899,427,89,220,1,1,-1,-1
469,57,1708,417,138,226,1,1,-1,-1
470,57,1683,396,153,275,1,1,-1,-1
471,57,1687,397,138,274,1,1,-1,-1
472,57,1676,398,145,276,1,1,-1,-1
473,57,1677,401,120,273,1,1,-1,-1
477,98,1843,434,76,206,1,1,-1,-1
478,98,1843,432,76,202,1,1,-1,-1
479,98,1844,431,78,204,1,1,-1,-1
480,98,1865,431,59,183,1,1,-1,-1
481,98,1846,429,82,208,1,1,-1,-1
481,99,1539,413,114,261,1,1,-1,-1
482,99,1536,413,106,261,1,1,-1,-1
483,99,1532,413,100,261,1,1,-1,-1
484,99,1529,413,93,261,1,1,-1,-1
485,99,1520,414,96,260,1,1,-1,-1
485,100,1831,431,91,251,1,1,-1,-1
486,100,1852,434,74,204,1,1,-1,-1
487,58,-100,230,357,789,1,1,-1,-1
487,100,1853,434,75,203,1,1,-1,-1
488,58,-75,227,337,782,1,1,-1,-1
488,100,1854,434,75,202,1,1,-1,-1
488,101,1496,417,103,258,1,1,-1,-1
489,58,-62,188,354,864,1,1,-1,-1
489,100,1882,434,54,184,1,1,-1,-1
489,101,1488,418,105,257,1,1,-1,-1
490,58,-25,221,297,767,1,1,-1,-1
490,101,1440,396,108,309,1,1,-1,-1
490,102,1825,436,64,169,1,1,-1,-1
491,58,22,222,306,762,1,1,-1,-1
491,101,1474,421,107,254,1,1,-1,-1
491,102,1804,424,80,210,1,1,-1,-1
492,58,88,224,241,753,1,1,-1,-1
492,101,1468,422,107,253,1,1,-1,-1
492,102,1806,424,80,210,1,1,-1,-1
493,102,1834,423,74,193,1,1,-1,-1
494,7,1463,398,107,309,1,1,-1,-1
494,102,1853,384,80,234,1,1,-1,-1
495,7,1449,424,101,249,1,1,-1,-1
496,7,1473,399,105,306,1,1,-1,-1
497,7,1478,400,104,304,1,1,-1,-1
498,7,1505,421,100,251,1,1,-1,-1
499,7,1499,422,100,250,1,1,-1,-1
500,7,1483,412,107,272,1,1,-1,-1
501,7,1486,424,100,248,1,1,-1,-1
501,103,220,247,347,707,1,1,-1,-1
502,7,1480,424,99,247,1,1,-1,-1
502,103,266,245,307,702,1,1,-1,-1
503,7,1505,400,101,298,1,1,-1,-1
503,8,1825,424,72,205,1,1,-1,-1
503,103,311,243,267,697,1,1,-1,-1
504,7,1468,425,97,245,1,1,-1,-1
504,8,1829,425,69,204,1,1,-1,-1
504,103,357,241,227,692,1,1,-1,-1
505,7,1514,400,100,296,1,1,-1,-1
505,8,1828,425,72,205,1,1,-1,-1
505,103,403,240,187,686,1,1,-1,-1
506,8,1827,426,76,205,1,1,-1,-1
507,8,1826,427,79,205,1,1,-1,-1
508,8,1826,428,82,205,1,1,-1,-1
509,8,1824,437,95,242,1,1,-1,-1
510,8,1830,425,80,205,1,1,-1,-1
510,9,1350,451,67,196,1,1,-1,-1
511,8,1832,423,79,206,1,1,-1,-1
511,9,1354,452,71,196,1,1,-1,-1
512,8,1834,422,78,206,1,1,-1,-1
512,9,1345,439,79,225,1,1,-1,-1
513,8,1834,424,77,203,1,1,-1,-1
513,9,1362,454,79,196,1,1,-1,-1
514,8,1835,426,75,200,1,1,-1,-1
514,9,1390,429,91,235,1,1,-1,-1
515,9,1370,456,87,196,1,1,-1,-1
516,9,1384,432,90,234,1,1,-1,-1
517,9,1379,458,94,196,1,1,-1,-1
518,9,1361,435,90,235,1,1,-1,-1
519,9,1356,435,93,233,1,1,-1,-1
519,104,1844,376,125,310,1,1,-1,-1
520,9,1398,460,94,198,1,1,-1,-1
520,104,1840,376,125,311,1,1,-1,-1
521,9,1405,459,94,198,1,1,-1,-1
521,104,1836,376,125,311,1,1,-1,-1
522,104,1832,376,125,312,1,1,-1,-1
523,104,1828,376,125,312,1,1,-1,-1
