1,251,17,150,77,191,1,1,-1,-1
2,251,24,134,69,191,1,1,-1,-1
3,10,248,197,25,66,1,1,-1,-1
3,251,23,147,79,199,1,1,-1,-1
4,10,253,192,26,69,1,1,-1,-1
4,251,26,146,79,202,1,1,-1,-1
5,10,265,201,23,64,1,1,-1,-1
5,104,220,204,21,63,1,1,-1,-1
6,10,271,201,24,64,1,1,-1,-1
6,104,225,203,22,64,1,1,-1,-1
6,105,33,142,81,210,1,1,-1,-1
7,10,278,201,24,65,1,1,-1,-1
7,104,231,202,23,65,1,1,-1,-1
7,105,44,129,73,202,1,1,-1,-1
8,10,285,201,24,66,1,1,-1,-1
8,104,237,202,23,65,1,1,-1,-1
8,105,40,140,82,217,1,1,-1,-1
9,10,286,188,20,69,1,1,-1,-1
9,104,242,201,24,66,1,1,-1,-1
9,105,53,128,79,205,1,1,-1,-1
10,10,277,198,24,69,1,1,-1,-1
10,104,250,202,24,65,1,1,-1,-1
10,105,61,127,79,208,1,1,-1,-1
11,10,285,200,24,68,1,1,-1,-1
11,105,58,138,85,227,1,1,-1,-1
12,10,294,200,23,68,1,1,-1,-1
13,2,72,136,86,234,1,1,-1,-1
13,10,302,201,23,67,1,1,-1,-1
14,2,89,122,77,219,1,1,-1,-1
14,10,310,199,23,69,1,1,-1,-1
15,2,78,132,88,243,1,1,-1,-1
16,2,87,127,89,247,1,1,-1,-1
17,2,88,125,90,251,1,1,-1,-1
17,175,45,191,28,69,1,1,-1,-1
18,2,82,124,92,258,1,1,-1,-1
18,175,45,191,28,69,1,1,-1,-1
19,2,81,122,95,264,1,1,-1,-1
19,175,45,191,28,69,1,1,-1,-1
20,2,96,103,85,243,1,1,-1,-1
20,175,43,188,28,69,1,1,-1,-1
21,2,75,108,99,277,1,1,-1,-1
21,175,46,192,26,67,1,1,-1,-1
22,2,97,101,89,252,1,1,-1,-1
23,2,46,109,101,283,1,1,-1,-1
23,176,222,123,111,265,1,1,-1,-1
24,2,71,105,107,300,1,1,-1,-1
24,176,223,119,113,273,1,1,-1,-1
25,2,54,86,109,308,1,1,-1,-1
25,176,225,116,115,281,1,1,-1,-1
26,2,67,98,112,316,1,1,-1,-1
26,176,227,113,116,289,1,1,-1,-1
27,2,65,95,116,325,1,1,-1,-1
27,176,229,109,118,298,1,1,-1,-1
28,2,64,92,119,333,1,1,-1,-1
29,2,62,88,122,342,1,1,-1,-1
29,106,405,189,26,77,1,1,-1,-1
30,2,49,82,131,349,1,1,-1,-1
30,106,402,188,26,78,1,1,-1,-1
31,2,56,78,129,359,1,1,-1,-1
31,13,354,186,28,78,1,1,-1,-1
31,106,396,174,27,86,1,1,-1,-1
32,2,56,76,132,367,1,1,-1,-1
32,13,358,185,29,78,1,1,-1,-1
32,106,402,173,26,87,1,1,-1,-1
33,2,61,72,133,374,1,1,-1,-1
33,13,362,185,29,78,1,1,-1,-1
33,106,396,186,21,77,1,1,-1,-1
33,177,419,186,26,80,1,1,-1,-1
34,13,369,187,28,80,1,1,-1,-1
34,106,403,186,22,79,1,1,-1,-1
34,177,430,186,26,82,1,1,-1,-1
35,13,375,190,30,80,1,1,-1,-1
35,177,438,186,27,83,1,1,-1,-1
36,13,389,185,27,83,1,1,-1,-1
36,177,446,186,27,85,1,1,-1,-1
37,13,391,185,26,84,1,1,-1,-1
37,177,441,171,28,93,1,1,-1,-1
38,13,395,189,25,80,1,1,-1,-1
39,13,399,193,24,76,1,1,-1,-1
39,107,268,183,28,83,1,1,-1,-1
40,13,403,196,23,72,1,1,-1,-1
40,59,472,184,23,98,1,1,-1,-1
40,107,268,187,31,80,1,1,-1,-1
40,108,134,66,101,335,1,1,-1,-1
41,59,466,184,28,90,1,1,-1,-1
41,107,269,186,30,81,1,1,-1,-1
41,108,136,64,100,339,1,1,-1,-1
42,59,468,184,29,90,1,1,-1,-1
42,107,266,183,30,85,1,1,-1,-1
42,108,119,32,127,419,1,1,-1,-1
43,59,470,184,29,90,1,1,-1,-1
43,107,264,182,31,86,1,1,-1,-1
43,108,128,57,108,350,1,1,-1,-1
44,59,471,184,30,90,1,1,-1,-1
44,107,269,181,37,86,1,1,-1,-1
44,108,124,54,112,355,1,1,-1,-1
45,59,473,185,30,90,1,1,-1,-1
45,108,120,51,116,360,1,1,-1,-1
46,14,244,-10,270,571,1,1,-1,-1
46,59,475,186,31,89,1,1,-1,-1
47,14,285,38,224,471,1,1,-1,-1
47,109,117,47,123,367,1,1,-1,-1
48,14,286,34,228,478,1,1,-1,-1
48,109,115,44,127,371,1,1,-1,-1
48,110,526,203,21,45,1,1,-1,-1
49,14,261,20,246,509,1,1,-1,-1
49,109,131,30,137,393,1,1,-1,-1
49,110,529,204,21,45,1,1,-1,-1
50,14,287,28,238,490,1,1,-1,-1
50,109,114,38,130,379,1,1,-1,-1
50,110,533,190,24,49,1,1,-1,-1
51,14,287,25,243,496,1,1,-1,-1
51,109,77,60,136,349,1,1,-1,-1
51,110,535,203,22,46,1,1,-1,-1
52,14,288,22,247,502,1,1,-1,-1
52,109,115,31,129,388,1,1,-1,-1
52,110,538,202,22,47,1,1,-1,-1
53,14,289,19,252,508,1,1,-1,-1
53,110,540,202,22,47,1,1,-1,-1
54,14,291,16,256,514,1,1,-1,-1
55,14,294,13,259,520,1,1,-1,-1
55,178,545,200,22,48,1,1,-1,-1
56,178,548,200,22,48,1,1,-1,-1
57,178,550,199,23,48,1,1,-1,-1
58,178,553,198,22,49,1,1,-1,-1
58,179,-13,-18,246,620,1,1,-1,-1
59,178,555,198,23,49,1,1,-1,-1
59,179,-13,-17,246,619,1,1,-1,-1
60,179,-13,-18,246,620,1,1,-1,-1
61,179,-13,-18,246,620,1,1,-1,-1
62,179,-14,-18,246,620,1,1,-1,-1
62,180,563,196,23,50,1,1,-1,-1
63,180,563,196,24,51,1,1,-1,-1
64,180,565,195,24,52,1,1,-1,-1
65,180,567,195,25,52,1,1,-1,-1
66,180,569,195,25,52,1,1,-1,-1
69,111,576,194,26,54,1,1,-1,-1
70,15,304,175,27,88,1,1,-1,-1
70,111,579,194,25,55,1,1,-1,-1
71,15,304,176,27,87,1,1,-1,-1
71,111,581,194,26,55,1,1,-1,-1
72,15,303,177,26,86,1,1,-1,-1
72,111,583,194,26,55,1,1,-1,-1
73,15,304,178,25,84,1,1,-1,-1
73,111,586,193,26,57,1,1,-1,-1
74,15,304,177,25,84,1,1,-1,-1
74,111,588,193,26,57,1,1,-1,-1
75,15,291,178,26,80,1,1,-1,-1
75,181,-16,-19,249,621,1,1,-1,-1
75,182,556,200,23,43,1,1,-1,-1
76,15,291,179,26,79,1,1,-1,-1
76,112,497,177,35,98,1,1,-1,-1
76,181,-16,-19,249,621,1,1,-1,-1
76,182,556,200,23,43,1,1,-1,-1
77,15,302,176,26,83,1,1,-1,-1
77,112,497,177,35,98,1,1,-1,-1
77,181,-16,-19,249,621,1,1,-1,-1
77,182,556,199,23,44,1,1,-1,-1
78,15,301,177,26,84,1,1,-1,-1
78,112,497,177,35,98,1,1,-1,-1
78,181,-16,-20,249,622,1,1,-1,-1
78,182,557,199,23,45,1,1,-1,-1
79,15,301,177,27,85,1,1,-1,-1
79,60,312,-16,282,587,1,1,-1,-1
79,112,497,177,35,98,1,1,-1,-1
79,113,136,9,129,428,1,1,-1,-1
79,181,-17,-19,250,621,1,1,-1,-1
79,182,557,199,23,45,1,1,-1,-1
80,60,312,-16,281,588,1,1,-1,-1
80,112,497,177,35,98,1,1,-1,-1
80,113,138,8,127,429,1,1,-1,-1
81,60,312,-16,280,588,1,1,-1,-1
81,112,497,177,35,98,1,1,-1,-1
81,113,141,7,125,429,1,1,-1,-1
82,60,312,-16,280,588,1,1,-1,-1
82,113,135,11,133,423,1,1,-1,-1
83,6,300,178,27,87,1,1,-1,-1
83,60,312,-16,279,589,1,1,-1,-1
83,113,148,13,125,373,1,1,-1,-1
84,6,300,177,27,88,1,1,-1,-1
84,60,312,-16,278,589,1,1,-1,-1
84,113,123,17,148,412,1,1,-1,-1
85,6,299,177,27,88,1,1,-1,-1
85,60,312,-16,277,590,1,1,-1,-1
85,183,558,199,23,46,1,1,-1,-1
86,6,290,178,23,72,1,1,-1,-1
86,183,559,199,23,47,1,1,-1,-1
86,184,-18,-20,251,622,1,1,-1,-1
87,6,289,178,24,74,1,1,-1,-1
87,183,558,198,23,48,1,1,-1,-1
87,184,-19,-20,252,622,1,1,-1,-1
88,6,299,176,27,88,1,1,-1,-1
88,183,558,198,23,48,1,1,-1,-1
88,184,-19,-20,252,622,1,1,-1,-1
89,6,299,176,27,88,1,1,-1,-1
89,183,558,198,23,48,1,1,-1,-1
89,184,-19,-20,252,622,1,1,-1,-1
90,6,299,175,27,89,1,1,-1,-1
90,184,-20,-21,252,623,1,1,-1,-1
91,6,288,178,25,81,1,1,-1,-1
92,6,287,178,25,82,1,1,-1,-1
92,185,548,209,19,46,1,1,-1,-1
93,6,287,178,25,84,1,1,-1,-1
93,114,329,174,28,92,1,1,-1,-1
93,185,543,201,17,42,1,1,-1,-1
94,6,288,179,24,83,1,1,-1,-1
94,114,330,174,27,91,1,1,-1,-1
94,185,543,201,17,42,1,1,-1,-1
95,6,298,175,27,90,1,1,-1,-1
95,114,331,174,26,91,1,1,-1,-1
95,185,543,201,17,42,1,1,-1,-1
96,6,306,177,23,81,1,1,-1,-1
96,114,333,174,25,90,1,1,-1,-1
96,185,543,201,17,42,1,1,-1,-1
97,43,-20,-21,253,623,1,1,-1,-1
97,114,334,174,24,89,1,1,-1,-1
98,16,290,180,23,83,1,1,-1,-1
98,43,-20,-22,253,624,1,1,-1,-1
98,114,344,166,28,99,1,1,-1,-1
99,16,290,180,23,84,1,1,-1,-1
99,43,-21,-21,254,623,1,1,-1,-1
100,16,289,178,24,86,1,1,-1,-1
100,43,-21,-22,254,624,1,1,-1,-1
101,16,289,177,24,87,1,1,-1,-1
101,43,-21,-22,254,624,1,1,-1,-1
101,115,327,175,28,90,1,1,-1,-1
102,16,289,177,24,87,1,1,-1,-1
102,43,-22,-22,254,624,1,1,-1,-1
102,115,327,174,28,90,1,1,-1,-1
103,16,289,177,24,88,1,1,-1,-1
103,43,-22,-22,255,624,1,1,-1,-1
103,115,328,175,27,89,1,1,-1,-1
104,16,290,177,23,88,1,1,-1,-1
104,43,-22,-22,255,624,1,1,-1,-1
104,115,328,174,27,89,1,1,-1,-1
105,16,298,176,29,91,1,1,-1,-1
105,115,329,174,26,88,1,1,-1,-1
106,16,298,176,29,91,1,1,-1,-1
106,115,329,174,26,88,1,1,-1,-1
107,16,289,177,24,88,1,1,-1,-1
110,116,539,200,17,42,1,1,-1,-1
111,116,538,200,17,42,1,1,-1,-1
112,116,538,200,17,42,1,1,-1,-1
112,186,328,174,27,89,1,1,-1,-1
113,116,538,200,17,42,1,1,-1,-1
113,186,328,174,27,89,1,1,-1,-1
114,116,532,193,17,43,1,1,-1,-1
114,186,328,174,27,89,1,1,-1,-1
115,116,537,200,17,42,1,1,-1,-1
115,186,328,174,27,89,1,1,-1,-1
116,186,328,174,27,89,1,1,-1,-1
119,23,298,176,29,91,1,1,-1,-1
120,23,292,178,23,87,1,1,-1,-1
120,117,545,192,23,60,1,1,-1,-1
121,23,298,176,29,91,1,1,-1,-1
121,117,544,192,24,60,1,1,-1,-1
122,23,293,178,23,87,1,1,-1,-1
122,117,543,192,24,60,1,1,-1,-1
123,23,298,176,29,91,1,1,-1,-1
123,117,543,192,23,61,1,1,-1,-1
124,23,293,178,23,87,1,1,-1,-1
124,117,542,192,24,61,1,1,-1,-1
125,23,293,178,23,87,1,1,-1,-1
125,117,541,192,24,61,1,1,-1,-1
126,23,293,178,23,87,1,1,-1,-1
126,61,142,18,145,415,1,1,-1,-1
127,23,293,178,23,87,1,1,-1,-1
127,61,142,18,145,416,1,1,-1,-1
128,61,144,57,119,340,1,1,-1,-1
129,61,143,19,145,416,1,1,-1,-1
130,61,143,19,145,416,1,1,-1,-1
130,62,293,178,24,87,1,1,-1,-1
131,11,556,197,21,48,1,1,-1,-1
131,61,143,19,145,416,1,1,-1,-1
131,62,298,176,29,91,1,1,-1,-1
132,11,555,196,22,49,1,1,-1,-1
132,61,143,19,145,416,1,1,-1,-1
132,62,294,178,23,87,1,1,-1,-1
133,11,555,196,22,49,1,1,-1,-1
133,62,298,176,29,91,1,1,-1,-1
134,11,555,196,22,49,1,1,-1,-1
134,62,294,178,23,87,1,1,-1,-1
135,11,554,195,23,50,1,1,-1,-1
135,62,294,178,23,87,1,1,-1,-1
135,118,328,174,27,91,1,1,-1,-1
136,11,554,195,23,50,1,1,-1,-1
136,62,298,176,29,91,1,1,-1,-1
136,118,328,174,27,91,1,1,-1,-1
137,11,554,195,23,51,1,1,-1,-1
137,118,328,174,27,91,1,1,-1,-1
138,11,552,196,25,50,1,1,-1,-1
138,118,327,174,28,91,1,1,-1,-1
139,11,551,197,26,49,1,1,-1,-1
139,118,328,174,28,91,1,1,-1,-1
140,11,550,198,27,49,1,1,-1,-1
140,118,328,174,28,91,1,1,-1,-1
141,11,549,198,27,49,1,1,-1,-1
142,11,549,198,26,49,1,1,-1,-1
148,24,496,178,35,97,1,1,-1,-1
149,24,496,178,35,97,1,1,-1,-1
150,24,496,178,35,97,1,1,-1,-1
150,119,-22,-13,250,553,1,1,-1,-1
151,24,496,178,35,98,1,1,-1,-1
151,119,-25,-18,253,594,1,1,-1,-1
152,17,144,19,145,416,1,1,-1,-1
152,24,496,178,34,98,1,1,-1,-1
152,119,-29,-23,255,625,1,1,-1,-1
153,17,144,19,145,416,1,1,-1,-1
153,24,496,178,34,98,1,1,-1,-1
153,119,-32,-27,257,629,1,1,-1,-1
154,17,144,20,145,416,1,1,-1,-1
154,24,496,178,34,98,1,1,-1,-1
154,119,-32,-27,257,629,1,1,-1,-1
155,17,143,21,145,416,1,1,-1,-1
155,24,496,178,34,98,1,1,-1,-1
155,44,289,177,26,88,1,1,-1,-1
155,119,-33,-27,258,629,1,1,-1,-1
156,17,143,21,145,416,1,1,-1,-1
156,24,496,178,34,98,1,1,-1,-1
156,44,288,177,26,88,1,1,-1,-1
157,17,142,22,145,416,1,1,-1,-1
157,44,288,177,26,88,1,1,-1,-1
157,63,577,200,19,44,1,1,-1,-1
158,17,142,22,145,416,1,1,-1,-1
158,44,298,176,29,91,1,1,-1,-1
158,63,577,200,19,44,1,1,-1,-1
159,17,142,21,145,416,1,1,-1,-1
159,44,288,177,27,88,1,1,-1,-1
159,63,577,200,18,44,1,1,-1,-1
160,17,141,21,145,416,1,1,-1,-1
160,44,298,176,29,91,1,1,-1,-1
160,63,576,200,19,44,1,1,-1,-1
161,17,146,16,155,444,1,1,-1,-1
161,44,287,177,27,88,1,1,-1,-1
161,63,576,200,19,44,1,1,-1,-1
162,44,287,177,27,88,1,1,-1,-1
162,63,576,200,19,45,1,1,-1,-1
163,63,575,200,19,44,1,1,-1,-1
170,25,-36,-29,260,631,1,1,-1,-1
171,25,-36,-29,261,631,1,1,-1,-1
172,7,496,178,34,98,1,1,-1,-1
172,25,-36,-29,261,631,1,1,-1,-1
172,187,572,200,18,42,1,1,-1,-1
173,7,496,178,34,98,1,1,-1,-1
173,25,-36,-29,261,631,1,1,-1,-1
173,187,571,200,18,42,1,1,-1,-1
174,7,496,178,34,98,1,1,-1,-1
174,25,-36,-29,261,631,1,1,-1,-1
174,187,571,200,18,42,1,1,-1,-1
175,7,496,178,35,98,1,1,-1,-1
175,25,-37,-29,262,631,1,1,-1,-1
175,187,570,200,18,43,1,1,-1,-1
176,7,496,179,35,97,1,1,-1,-1
176,25,-37,-29,262,631,1,1,-1,-1
176,187,570,200,18,43,1,1,-1,-1
177,7,496,179,35,97,1,1,-1,-1
177,25,-37,-29,262,631,1,1,-1,-1
177,45,517,191,26,66,1,1,-1,-1
177,120,293,-55,221,618,1,1,-1,-1
178,7,496,179,35,97,1,1,-1,-1
178,25,-37,-29,263,631,1,1,-1,-1
178,45,517,191,26,66,1,1,-1,-1
178,120,294,-53,220,614,1,1,-1,-1
179,7,496,179,35,97,1,1,-1,-1
179,45,517,191,26,66,1,1,-1,-1
179,120,295,-52,219,611,1,1,-1,-1
180,7,496,179,35,97,1,1,-1,-1
180,45,518,191,25,66,1,1,-1,-1
180,120,296,-50,218,607,1,1,-1,-1
181,7,496,179,35,97,1,1,-1,-1
181,45,518,191,25,66,1,1,-1,-1
181,120,297,-49,217,604,1,1,-1,-1
182,7,496,179,35,97,1,1,-1,-1
182,45,519,190,25,67,1,1,-1,-1
182,120,299,-47,214,600,1,1,-1,-1
183,7,496,179,35,97,1,1,-1,-1
183,45,521,190,25,68,1,1,-1,-1
183,64,136,12,152,436,1,1,-1,-1
183,188,566,200,18,46,1,1,-1,-1
184,7,496,179,34,97,1,1,-1,-1
184,45,522,190,24,68,1,1,-1,-1
184,64,136,12,152,436,1,1,-1,-1
184,188,566,200,18,46,1,1,-1,-1
185,7,496,179,34,97,1,1,-1,-1
185,64,136,12,152,436,1,1,-1,-1
185,188,566,200,18,46,1,1,-1,-1
186,64,136,12,152,436,1,1,-1,-1
186,65,524,189,24,69,1,1,-1,-1
186,188,565,201,19,45,1,1,-1,-1
187,64,136,12,152,436,1,1,-1,-1
187,65,525,188,24,70,1,1,-1,-1
187,188,565,201,19,45,1,1,-1,-1
188,64,136,12,152,436,1,1,-1,-1
188,65,526,188,23,70,1,1,-1,-1
189,64,136,12,152,436,1,1,-1,-1
189,65,527,188,23,70,1,1,-1,-1
190,65,527,188,24,71,1,1,-1,-1
191,65,527,186,25,73,1,1,-1,-1
191,189,-40,-31,266,633,1,1,-1,-1
191,190,564,202,19,44,1,1,-1,-1
192,65,528,186,25,74,1,1,-1,-1
192,189,-40,-31,266,633,1,1,-1,-1
192,190,564,203,19,44,1,1,-1,-1
193,26,288,177,25,88,1,1,-1,-1
193,189,-17,28,240,571,1,1,-1,-1
193,190,563,202,19,45,1,1,-1,-1
194,26,296,176,29,91,1,1,-1,-1
194,189,-40,-31,267,633,1,1,-1,-1
194,190,562,202,19,45,1,1,-1,-1
195,26,296,176,29,91,1,1,-1,-1
195,189,-40,-32,267,634,1,1,-1,-1
195,190,562,202,19,45,1,1,-1,-1
196,26,293,177,28,90,1,1,-1,-1
197,26,287,175,27,90,1,1,-1,-1
198,26,293,176,28,90,1,1,-1,-1
198,46,492,180,34,98,1,1,-1,-1
198,66,128,12,152,437,1,1,-1,-1
199,26,294,176,28,91,1,1,-1,-1
199,46,492,180,35,98,1,1,-1,-1
199,66,124,11,152,437,1,1,-1,-1
200,26,290,178,27,87,1,1,-1,-1
200,46,492,181,35,97,1,1,-1,-1
200,66,122,12,151,436,1,1,-1,-1
200,191,528,184,28,81,1,1,-1,-1
201,26,289,179,26,85,1,1,-1,-1
201,46,492,181,35,97,1,1,-1,-1
201,66,118,11,151,436,1,1,-1,-1
201,191,529,183,28,82,1,1,-1,-1
202,46,492,181,35,97,1,1,-1,-1
202,66,116,12,151,430,1,1,-1,-1
202,67,-42,-32,268,634,1,1,-1,-1
202,191,522,212,32,73,1,1,-1,-1
203,46,492,181,35,98,1,1,-1,-1
203,66,112,14,152,424,1,1,-1,-1
203,67,-42,-32,267,634,1,1,-1,-1
203,191,530,184,25,83,1,1,-1,-1
204,46,492,181,34,98,1,1,-1,-1
204,66,110,16,152,417,1,1,-1,-1
204,67,-42,-32,266,634,1,1,-1,-1
204,191,529,183,24,84,1,1,-1,-1
205,46,492,181,34,98,1,1,-1,-1
205,67,-42,-32,265,634,1,1,-1,-1
206,67,-42,-32,261,634,1,1,-1,-1
207,67,-42,-32,257,634,1,1,-1,-1
208,67,-42,-32,252,634,1,1,-1,-1
209,192,491,182,34,97,1,1,-1,-1
210,121,536,193,25,60,1,1,-1,-1
210,192,490,182,34,97,1,1,-1,-1
211,121,535,193,25,60,1,1,-1,-1
211,192,490,182,34,97,1,1,-1,-1
212,121,534,193,25,60,1,1,-1,-1
212,192,489,182,34,97,1,1,-1,-1
213,121,533,193,25,60,1,1,-1,-1
213,192,489,182,34,97,1,1,-1,-1
214,121,532,193,25,60,1,1,-1,-1
215,121,532,193,25,60,1,1,-1,-1
217,193,291,-15,215,594,1,1,-1,-1
218,193,292,-7,212,587,1,1,-1,-1
219,193,292,2,210,579,1,1,-1,-1
220,47,508,182,32,87,1,1,-1,-1
220,193,293,11,207,571,1,1,-1,-1
221,47,506,183,34,86,1,1,-1,-1
221,193,294,20,204,563,1,1,-1,-1
222,47,506,184,33,86,1,1,-1,-1
223,47,505,185,32,87,1,1,-1,-1
224,47,505,186,31,87,1,1,-1,-1
225,18,218,97,88,272,1,1,-1,-1
225,47,505,187,30,87,1,1,-1,-1
226,18,224,100,87,264,1,1,-1,-1
226,47,506,186,29,89,1,1,-1,-1
227,18,230,101,86,257,1,1,-1,-1
227,47,506,186,29,90,1,1,-1,-1
228,18,237,104,84,249,1,1,-1,-1
229,18,244,106,83,241,1,1,-1,-1
229,122,293,159,35,106,1,1,-1,-1
230,18,247,109,83,237,1,1,-1,-1
230,122,279,171,32,98,1,1,-1,-1
231,18,251,114,82,232,1,1,-1,-1
231,122,277,170,32,98,1,1,-1,-1
232,18,254,117,82,228,1,1,-1,-1
232,122,275,169,32,97,1,1,-1,-1
233,18,258,121,81,223,1,1,-1,-1
233,122,274,169,31,96,1,1,-1,-1
234,18,265,121,78,220,1,1,-1,-1
234,122,272,168,31,95,1,1,-1,-1
234,194,-43,108,76,242,1,1,-1,-1
235,194,-23,119,78,248,1,1,-1,-1
235,195,521,180,34,103,1,1,-1,-1
236,194,-15,111,76,242,1,1,-1,-1
236,195,525,178,37,105,1,1,-1,-1
237,194,10,113,74,240,1,1,-1,-1
237,195,530,176,39,107,1,1,-1,-1
238,194,20,114,72,228,1,1,-1,-1
238,195,535,176,37,109,1,1,-1,-1
239,27,526,179,48,154,1,1,-1,-1
239,195,541,175,35,111,1,1,-1,-1
240,27,495,145,63,162,1,1,-1,-1
241,27,497,142,68,171,1,1,-1,-1
242,27,502,138,68,177,1,1,-1,-1
242,196,28,164,55,93,1,1,-1,-1
243,27,508,135,69,183,1,1,-1,-1
243,196,20,165,55,93,1,1,-1,-1
244,27,513,131,69,189,1,1,-1,-1
244,48,51,1,234,511,1,1,-1,-1
244,196,13,165,54,95,1,1,-1,-1
245,27,523,133,75,211,1,1,-1,-1
245,48,57,2,230,512,1,1,-1,-1
245,196,4,164,52,93,1,1,-1,-1
246,27,526,124,67,201,1,1,-1,-1
246,48,59,1,228,513,1,1,-1,-1
246,196,-10,161,50,95,1,1,-1,-1
247,27,532,122,66,206,1,1,-1,-1
247,48,73,5,216,511,1,1,-1,-1
248,48,76,4,214,515,1,1,-1,-1
249,48,95,2,199,515,1,1,-1,-1
249,197,83,172,35,87,1,1,-1,-1
250,48,101,5,206,514,1,1,-1,-1
250,49,480,84,130,367,1,1,-1,-1
250,197,92,173,56,100,1,1,-1,-1
250,198,322,125,66,189,1,1,-1,-1
251,48,112,3,197,510,1,1,-1,-1
251,49,492,84,130,368,1,1,-1,-1
251,197,77,176,47,95,1,1,-1,-1
251,198,327,127,66,187,1,1,-1,-1
252,49,504,84,129,369,1,1,-1,-1
252,197,60,175,43,95,1,1,-1,-1
252,198,332,129,66,186,1,1,-1,-1
253,49,516,85,129,370,1,1,-1,-1
253,123,128,149,58,150,1,1,-1,-1
253,197,67,182,56,97,1,1,-1,-1
253,198,337,131,66,184,1,1,-1,-1
254,49,519,86,129,371,1,1,-1,-1
254,123,118,146,58,155,1,1,-1,-1
254,198,338,132,65,182,1,1,-1,-1
254,199,135,25,201,504,1,1,-1,-1
255,49,523,88,128,372,1,1,-1,-1
255,68,501,144,43,156,1,1,-1,-1
255,123,79,126,101,185,1,1,-1,-1
255,199,151,34,199,504,1,1,-1,-1
256,49,526,89,128,374,1,1,-1,-1
256,68,499,144,47,154,1,1,-1,-1
256,69,335,121,64,180,1,1,-1,-1
256,123,78,149,82,149,1,1,-1,-1
256,124,435,135,73,199,1,1,-1,-1
256,199,156,24,196,499,1,1,-1,-1
257,49,530,91,127,375,1,1,-1,-1
257,68,496,165,49,150,1,1,-1,-1
257,69,341,135,62,176,1,1,-1,-1
257,123,60,150,81,148,1,1,-1,-1
257,124,427,133,86,203,1,1,-1,-1
257,199,165,27,196,495,1,1,-1,-1
258,68,487,165,55,154,1,1,-1,-1
258,69,337,138,61,175,1,1,-1,-1
258,123,59,132,70,176,1,1,-1,-1
258,124,415,132,74,214,1,1,-1,-1
258,199,156,23,201,499,1,1,-1,-1
259,68,478,165,62,158,1,1,-1,-1
259,69,333,140,61,174,1,1,-1,-1
259,124,395,129,81,223,1,1,-1,-1
260,68,470,164,69,162,1,1,-1,-1
260,69,329,144,60,172,1,1,-1,-1
260,70,141,17,200,502,1,1,-1,-1
260,124,402,166,56,193,1,1,-1,-1
261,68,461,164,75,166,1,1,-1,-1
261,69,326,146,59,171,1,1,-1,-1
261,70,130,14,206,505,1,1,-1,-1
261,124,362,124,111,239,1,1,-1,-1
262,69,324,146,59,170,1,1,-1,-1
262,70,120,-1,226,556,1,1,-1,-1
263,70,103,4,205,515,1,1,-1,-1
263,125,458,135,69,190,1,1,-1,-1
264,70,92,3,206,524,1,1,-1,-1
264,125,444,157,77,175,1,1,-1,-1
264,126,321,145,58,168,1,1,-1,-1
265,70,86,4,211,528,1,1,-1,-1
265,125,439,154,77,178,1,1,-1,-1
265,126,320,145,57,167,1,1,-1,-1
266,70,75,2,216,535,1,1,-1,-1
266,125,443,95,69,189,1,1,-1,-1
266,126,317,141,56,166,1,1,-1,-1
267,125,440,99,76,206,1,1,-1,-1
267,126,314,138,56,164,1,1,-1,-1
268,125,435,127,72,199,1,1,-1,-1
268,126,312,133,55,163,1,1,-1,-1
269,126,310,130,54,161,1,1,-1,-1
270,28,417,67,81,220,1,1,-1,-1
271,28,411,37,84,225,1,1,-1,-1
271,127,306,87,55,158,1,1,-1,-1
272,28,409,54,82,216,1,1,-1,-1
272,127,304,54,53,163,1,1,-1,-1
273,28,403,3,86,235,1,1,-1,-1
273,127,314,41,64,192,1,1,-1,-1
274,28,395,22,84,230,1,1,-1,-1
274,50,571,7,123,335,1,1,-1,-1
274,127,309,68,51,161,1,1,-1,-1
275,28,403,77,94,224,1,1,-1,-1
275,50,570,18,123,331,1,1,-1,-1
275,127,280,59,62,190,1,1,-1,-1
276,28,398,76,79,220,1,1,-1,-1
276,50,569,28,123,328,1,1,-1,-1
276,127,289,99,71,210,1,1,-1,-1
277,28,410,118,101,229,1,1,-1,-1
277,50,568,39,123,324,1,1,-1,-1
278,28,378,85,84,226,1,1,-1,-1
278,50,567,49,123,321,1,1,-1,-1
278,71,316,134,55,146,1,1,-1,-1
279,50,567,58,125,325,1,1,-1,-1
279,71,292,134,74,175,1,1,-1,-1
280,50,511,54,151,388,1,1,-1,-1
280,71,296,152,55,146,1,1,-1,-1
280,128,352,85,126,288,1,1,-1,-1
281,50,512,55,121,312,1,1,-1,-1
281,71,269,138,56,144,1,1,-1,-1
281,128,318,62,105,259,1,1,-1,-1
282,71,251,149,55,142,1,1,-1,-1
282,128,317,64,105,268,1,1,-1,-1
283,71,261,161,51,142,1,1,-1,-1
283,128,289,84,106,278,1,1,-1,-1
284,71,271,164,48,142,1,1,-1,-1
284,72,189,142,78,215,1,1,-1,-1
284,128,291,83,107,286,1,1,-1,-1
284,200,146,108,94,277,1,1,-1,-1
285,72,198,145,68,193,1,1,-1,-1
285,128,302,74,106,296,1,1,-1,-1
285,200,155,102,92,282,1,1,-1,-1
286,72,213,148,65,190,1,1,-1,-1
286,200,162,101,93,291,1,1,-1,-1
287,72,228,151,63,188,1,1,-1,-1
287,200,168,105,96,293,1,1,-1,-1
288,72,242,154,60,185,1,1,-1,-1
288,200,174,98,95,306,1,1,-1,-1
289,72,258,157,57,182,1,1,-1,-1
290,72,276,158,59,183,1,1,-1,-1
290,73,431,41,156,443,1,1,-1,-1
291,73,451,20,178,484,1,1,-1,-1
292,73,469,11,199,519,1,1,-1,-1
293,73,495,-6,226,558,1,1,-1,-1
294,73,515,-10,227,569,1,1,-1,-1
295,73,534,-18,226,615,1,1,-1,-1
296,73,560,-27,219,626,1,1,-1,-1
296,129,218,190,44,120,1,1,-1,-1
297,129,226,190,47,120,1,1,-1,-1
297,201,449,164,55,142,1,1,-1,-1
298,129,229,189,47,121,1,1,-1,-1
298,201,454,165,52,139,1,1,-1,-1
299,129,230,188,48,123,1,1,-1,-1
299,201,460,167,49,135,1,1,-1,-1
300,129,233,187,48,124,1,1,-1,-1
300,130,2,148,63,169,1,1,-1,-1
300,201,465,168,46,132,1,1,-1,-1
301,129,235,186,49,125,1,1,-1,-1
301,130,3,149,61,167,1,1,-1,-1
301,201,471,170,43,128,1,1,-1,-1
302,130,3,146,65,170,1,1,-1,-1
303,130,4,143,68,174,1,1,-1,-1
304,130,5,140,71,178,1,1,-1,-1
305,130,4,142,75,174,1,1,-1,-1
306,74,30,9,178,515,1,1,-1,-1
307,74,109,50,182,445,1,1,-1,-1
307,202,17,145,65,171,1,1,-1,-1
308,74,117,50,179,445,1,1,-1,-1
308,202,26,143,65,173,1,1,-1,-1
308,203,244,146,61,163,1,1,-1,-1
309,74,121,46,176,445,1,1,-1,-1
309,202,29,142,62,174,1,1,-1,-1
309,203,238,143,61,165,1,1,-1,-1
310,74,126,46,166,445,1,1,-1,-1
310,202,37,138,56,180,1,1,-1,-1
310,203,242,161,50,135,1,1,-1,-1
311,74,125,45,165,445,1,1,-1,-1
311,202,29,134,72,184,1,1,-1,-1
311,203,256,175,53,143,1,1,-1,-1
312,29,355,187,62,139,1,1,-1,-1
312,74,119,47,163,465,1,1,-1,-1
312,203,256,175,53,146,1,1,-1,-1
313,29,355,184,59,141,1,1,-1,-1
314,29,325,173,64,161,1,1,-1,-1
315,3,397,158,71,166,1,1,-1,-1
315,29,313,151,72,190,1,1,-1,-1
316,3,373,188,77,146,1,1,-1,-1
316,29,283,162,75,186,1,1,-1,-1
317,3,376,187,87,152,1,1,-1,-1
317,29,257,172,66,161,1,1,-1,-1
317,204,126,54,185,457,1,1,-1,-1
318,3,416,153,75,173,1,1,-1,-1
318,29,271,160,73,173,1,1,-1,-1
318,204,128,50,181,455,1,1,-1,-1
319,3,433,147,71,182,1,1,-1,-1
319,29,284,158,74,174,1,1,-1,-1
319,204,132,55,185,461,1,1,-1,-1
320,3,447,142,66,187,1,1,-1,-1
320,29,297,155,76,175,1,1,-1,-1
320,204,145,50,185,474,1,1,-1,-1
321,3,460,175,52,162,1,1,-1,-1
321,204,144,51,214,458,1,1,-1,-1
322,3,469,164,64,167,1,1,-1,-1
323,3,484,161,89,175,1,1,-1,-1
324,3,491,157,100,176,1,1,-1,-1
325,3,508,123,114,192,1,1,-1,-1
326,3,516,119,112,197,1,1,-1,-1
327,3,520,139,66,158,1,1,-1,-1
328,3,509,135,63,164,1,1,-1,-1
328,205,372,134,96,194,1,1,-1,-1
328,206,534,112,109,206,1,1,-1,-1
329,3,507,131,63,168,1,1,-1,-1
329,205,378,133,101,196,1,1,-1,-1
329,206,543,108,107,211,1,1,-1,-1
330,3,500,128,63,172,1,1,-1,-1
330,205,388,131,96,202,1,1,-1,-1
330,206,545,107,106,216,1,1,-1,-1
331,3,493,126,62,176,1,1,-1,-1
331,205,398,130,90,208,1,1,-1,-1
331,206,548,106,105,220,1,1,-1,-1
332,3,506,138,53,165,1,1,-1,-1
332,205,409,128,85,214,1,1,-1,-1
332,206,551,105,103,225,1,1,-1,-1
333,3,481,122,61,183,1,1,-1,-1
333,51,233,198,20,49,1,1,-1,-1
334,51,225,195,20,49,1,1,-1,-1
335,51,218,193,20,49,1,1,-1,-1
336,30,460,115,60,194,1,1,-1,-1
336,51,210,191,20,48,1,1,-1,-1
337,30,418,118,104,221,1,1,-1,-1
337,51,203,189,20,48,1,1,-1,-1
338,30,432,119,92,222,1,1,-1,-1
338,51,198,190,20,48,1,1,-1,-1
339,30,447,119,79,223,1,1,-1,-1
339,51,194,191,20,48,1,1,-1,-1
340,30,438,107,62,211,1,1,-1,-1
340,51,190,192,20,48,1,1,-1,-1
341,30,433,106,63,215,1,1,-1,-1
341,75,231,168,37,94,1,1,-1,-1
342,30,432,105,68,222,1,1,-1,-1
342,75,225,167,40,96,1,1,-1,-1
343,30,433,102,72,230,1,1,-1,-1
343,75,220,167,43,97,1,1,-1,-1
344,30,433,101,77,237,1,1,-1,-1
344,75,213,166,46,98,1,1,-1,-1
345,75,208,166,49,99,1,1,-1,-1
345,131,4,102,85,192,1,1,-1,-1
346,75,208,167,49,102,1,1,-1,-1
346,131,49,119,73,165,1,1,-1,-1
347,75,207,168,49,104,1,1,-1,-1
347,131,53,111,83,182,1,1,-1,-1
348,131,36,126,60,174,1,1,-1,-1
348,207,470,87,80,270,1,1,-1,-1
349,131,48,127,56,175,1,1,-1,-1
349,207,483,82,79,279,1,1,-1,-1
350,131,54,128,61,169,1,1,-1,-1
350,207,491,74,88,302,1,1,-1,-1
351,31,110,127,76,171,1,1,-1,-1
351,207,499,66,97,326,1,1,-1,-1
352,12,65,129,71,157,1,1,-1,-1
352,31,122,124,72,173,1,1,-1,-1
352,207,491,39,116,386,1,1,-1,-1
353,12,71,130,76,151,1,1,-1,-1
353,31,144,108,69,178,1,1,-1,-1
353,208,-73,46,125,310,1,1,-1,-1
354,12,84,129,70,154,1,1,-1,-1
354,31,141,121,70,175,1,1,-1,-1
354,208,-76,44,142,313,1,1,-1,-1
355,12,97,129,65,157,1,1,-1,-1
355,31,148,121,72,175,1,1,-1,-1
355,208,-78,43,159,315,1,1,-1,-1
356,12,110,128,59,160,1,1,-1,-1
356,31,155,120,74,175,1,1,-1,-1
356,208,-61,42,155,315,1,1,-1,-1
357,12,123,127,53,163,1,1,-1,-1
357,31,157,124,79,169,1,1,-1,-1
357,208,-56,41,165,315,1,1,-1,-1
358,12,120,136,61,163,1,1,-1,-1
358,31,161,127,77,175,1,1,-1,-1
358,209,191,202,23,50,1,1,-1,-1
359,12,114,156,69,162,1,1,-1,-1
359,31,177,154,57,170,1,1,-1,-1
359,52,480,5,139,402,1,1,-1,-1
359,209,192,226,23,50,1,1,-1,-1
360,12,115,154,76,162,1,1,-1,-1
360,52,505,38,154,406,1,1,-1,-1
360,209,196,230,24,51,1,1,-1,-1
361,12,113,163,84,161,1,1,-1,-1
361,52,500,18,168,425,1,1,-1,-1
361,209,187,225,23,51,1,1,-1,-1
362,12,122,143,90,188,1,1,-1,-1
362,52,512,1,156,441,1,1,-1,-1
362,209,179,220,22,51,1,1,-1,-1
363,52,525,-3,153,458,1,1,-1,-1
364,52,528,-19,167,505,1,1,-1,-1
365,52,533,-33,193,538,1,1,-1,-1
366,52,574,10,171,506,1,1,-1,-1
366,210,353,10,205,522,1,1,-1,-1
367,210,358,7,211,525,1,1,-1,-1
368,76,137,151,85,155,1,1,-1,-1
368,210,372,3,211,544,1,1,-1,-1
369,76,163,164,65,141,1,1,-1,-1
369,210,382,13,206,543,1,1,-1,-1
370,76,172,162,62,151,1,1,-1,-1
370,210,366,-36,241,612,1,1,-1,-1
371,76,185,159,59,152,1,1,-1,-1
372,76,195,158,57,155,1,1,-1,-1
373,76,194,137,64,168,1,1,-1,-1
374,76,215,147,67,156,1,1,-1,-1
376,132,418,222,12,36,1,1,-1,-1
377,132,417,221,12,36,1,1,-1,-1
377,211,39,83,127,306,1,1,-1,-1
378,132,415,221,12,36,1,1,-1,-1
378,211,51,123,114,283,1,1,-1,-1
379,132,414,221,11,36,1,1,-1,-1
379,211,41,78,124,316,1,1,-1,-1
380,77,435,169,31,84,1,1,-1,-1
380,132,420,223,10,34,1,1,-1,-1
380,211,42,76,122,321,1,1,-1,-1
381,77,430,196,35,96,1,1,-1,-1
381,132,418,224,11,34,1,1,-1,-1
381,211,44,73,120,326,1,1,-1,-1
382,77,442,201,30,78,1,1,-1,-1
382,212,17,22,152,419,1,1,-1,-1
383,77,440,199,29,78,1,1,-1,-1
383,212,23,68,120,338,1,1,-1,-1
384,77,449,198,30,88,1,1,-1,-1
384,212,13,67,120,343,1,1,-1,-1
385,1,432,197,26,76,1,1,-1,-1
385,77,448,195,30,87,1,1,-1,-1
385,212,3,64,120,349,1,1,-1,-1
386,1,429,198,26,76,1,1,-1,-1
386,77,440,193,36,89,1,1,-1,-1
386,212,18,89,113,338,1,1,-1,-1
387,1,423,197,27,76,1,1,-1,-1
388,1,418,198,27,76,1,1,-1,-1
388,32,-36,53,147,363,1,1,-1,-1
388,78,436,192,28,86,1,1,-1,-1
389,1,413,201,26,76,1,1,-1,-1
389,32,-39,60,143,370,1,1,-1,-1
389,78,428,202,28,85,1,1,-1,-1
390,1,405,198,27,78,1,1,-1,-1
390,32,-59,56,154,379,1,1,-1,-1
390,78,426,199,25,76,1,1,-1,-1
391,1,398,197,26,79,1,1,-1,-1
391,32,-112,55,194,401,1,1,-1,-1
391,78,411,200,30,86,1,1,-1,-1
392,1,390,196,26,81,1,1,-1,-1
392,32,-99,56,171,407,1,1,-1,-1
392,78,404,198,30,87,1,1,-1,-1
393,1,384,195,25,82,1,1,-1,-1
393,32,-117,55,165,410,1,1,-1,-1
393,78,396,197,31,87,1,1,-1,-1
394,1,381,195,25,81,1,1,-1,-1
394,32,-121,70,169,410,1,1,-1,-1
394,78,390,197,33,87,1,1,-1,-1
394,79,257,168,54,150,1,1,-1,-1
395,1,376,214,25,76,1,1,-1,-1
395,32,-29,78,68,346,1,1,-1,-1
395,79,255,168,56,152,1,1,-1,-1
396,1,378,198,36,87,1,1,-1,-1
396,32,-42,84,68,346,1,1,-1,-1
396,79,230,171,56,147,1,1,-1,-1
397,1,373,198,37,87,1,1,-1,-1
397,79,204,170,56,144,1,1,-1,-1
398,1,371,199,34,85,1,1,-1,-1
398,79,203,168,54,146,1,1,-1,-1
399,1,364,199,27,73,1,1,-1,-1
399,79,202,166,52,148,1,1,-1,-1
400,1,360,199,27,72,1,1,-1,-1
400,79,202,164,49,150,1,1,-1,-1
401,1,357,200,27,70,1,1,-1,-1
402,1,363,200,26,80,1,1,-1,-1
403,1,353,196,27,72,1,1,-1,-1
404,1,350,195,27,72,1,1,-1,-1
405,1,348,193,27,73,1,1,-1,-1
406,1,355,192,30,82,1,1,-1,-1
407,1,344,190,29,75,1,1,-1,-1
408,1,343,189,29,75,1,1,-1,-1
409,1,351,189,32,81,1,1,-1,-1
410,1,347,188,31,81,1,1,-1,-1
410,133,337,187,28,75,1,1,-1,-1
411,1,342,187,30,81,1,1,-1,-1
411,133,333,188,26,73,1,1,-1,-1
412,133,329,187,24,72,1,1,-1,-1
413,133,325,188,22,70,1,1,-1,-1
414,133,318,189,23,71,1,1,-1,-1
415,133,321,191,28,79,1,1,-1,-1
416,53,169,167,50,140,1,1,-1,-1
417,53,166,169,51,140,1,1,-1,-1
418,53,161,168,51,139,1,1,-1,-1
419,53,155,167,52,137,1,1,-1,-1
420,33,285,190,27,69,1,1,-1,-1
420,53,150,166,52,136,1,1,-1,-1
421,33,277,193,28,67,1,1,-1,-1
421,53,146,165,52,134,1,1,-1,-1
422,33,274,190,26,67,1,1,-1,-1
422,53,143,165,52,133,1,1,-1,-1
423,33,271,190,22,67,1,1,-1,-1
423,53,150,148,50,128,1,1,-1,-1
424,33,261,187,27,67,1,1,-1,-1
425,33,256,185,24,67,1,1,-1,-1
426,33,251,185,21,68,1,1,-1,-1
427,33,256,185,22,72,1,1,-1,-1
427,213,413,41,158,386,1,1,-1,-1
428,33,250,185,22,72,1,1,-1,-1
428,213,403,41,140,378,1,1,-1,-1
429,213,382,55,105,318,1,1,-1,-1
430,134,239,183,24,73,1,1,-1,-1
430,213,373,43,136,362,1,1,-1,-1
431,134,228,178,26,72,1,1,-1,-1
431,213,354,45,149,354,1,1,-1,-1
432,80,411,118,76,207,1,1,-1,-1
432,134,225,176,26,73,1,1,-1,-1
433,80,404,120,74,204,1,1,-1,-1
433,134,225,177,29,77,1,1,-1,-1
434,80,397,122,73,201,1,1,-1,-1
434,134,220,176,30,77,1,1,-1,-1
435,80,390,124,71,198,1,1,-1,-1
435,134,212,175,25,72,1,1,-1,-1
436,80,383,126,69,195,1,1,-1,-1
437,8,199,194,24,58,1,1,-1,-1
437,34,88,148,50,125,1,1,-1,-1
437,80,376,128,68,192,1,1,-1,-1
437,135,149,145,46,129,1,1,-1,-1
438,8,198,177,25,68,1,1,-1,-1
438,34,88,149,49,125,1,1,-1,-1
438,80,369,130,66,189,1,1,-1,-1
438,135,147,146,46,128,1,1,-1,-1
439,8,197,179,24,66,1,1,-1,-1
439,34,87,149,49,125,1,1,-1,-1
439,135,147,147,45,127,1,1,-1,-1
439,214,-139,-48,221,639,1,1,-1,-1
440,8,202,178,30,74,1,1,-1,-1
440,34,86,150,48,125,1,1,-1,-1
440,135,145,148,45,126,1,1,-1,-1
440,214,-137,-42,222,632,1,1,-1,-1
441,8,194,182,23,64,1,1,-1,-1
441,34,87,150,47,125,1,1,-1,-1
441,135,144,149,44,125,1,1,-1,-1
441,214,-134,-37,222,626,1,1,-1,-1
442,8,192,184,23,62,1,1,-1,-1
442,34,86,151,46,125,1,1,-1,-1
442,135,149,155,55,154,1,1,-1,-1
442,214,-131,-32,223,620,1,1,-1,-1
443,8,198,179,29,74,1,1,-1,-1
443,34,85,151,46,125,1,1,-1,-1
443,214,-132,-64,237,651,1,1,-1,-1
444,8,191,185,22,61,1,1,-1,-1
444,34,85,152,45,125,1,1,-1,-1
445,8,195,180,28,73,1,1,-1,-1
445,34,85,152,44,125,1,1,-1,-1
445,136,483,84,129,316,1,1,-1,-1
446,8,196,181,28,72,1,1,-1,-1
446,81,143,154,41,120,1,1,-1,-1
446,136,484,85,123,313,1,1,-1,-1
447,8,191,185,22,61,1,1,-1,-1
447,81,147,155,39,119,1,1,-1,-1
447,136,485,88,116,309,1,1,-1,-1
448,8,200,183,27,70,1,1,-1,-1
448,81,149,156,38,119,1,1,-1,-1
448,136,485,89,110,306,1,1,-1,-1
449,8,202,184,27,69,1,1,-1,-1
449,81,153,157,36,118,1,1,-1,-1
449,136,485,99,108,316,1,1,-1,-1
449,215,100,161,49,116,1,1,-1,-1
450,8,200,185,22,61,1,1,-1,-1
450,81,161,158,37,116,1,1,-1,-1
450,136,517,97,128,304,1,1,-1,-1
450,215,108,158,49,117,1,1,-1,-1
451,54,234,58,116,332,1,1,-1,-1
451,81,168,160,38,114,1,1,-1,-1
451,215,115,156,49,118,1,1,-1,-1
452,54,234,59,117,333,1,1,-1,-1
452,81,176,161,39,112,1,1,-1,-1
452,215,123,153,48,119,1,1,-1,-1
453,54,231,67,120,340,1,1,-1,-1
453,137,234,180,23,72,1,1,-1,-1
453,215,131,150,48,120,1,1,-1,-1
454,35,191,163,40,110,1,1,-1,-1
454,54,247,59,119,337,1,1,-1,-1
454,137,241,182,22,71,1,1,-1,-1
455,35,198,164,40,110,1,1,-1,-1
455,54,254,59,120,339,1,1,-1,-1
455,82,150,159,46,113,1,1,-1,-1
455,137,237,187,21,62,1,1,-1,-1
456,35,207,165,39,109,1,1,-1,-1
456,54,260,59,121,341,1,1,-1,-1
456,82,160,162,44,110,1,1,-1,-1
456,137,243,188,20,61,1,1,-1,-1
457,19,-18,-1,219,555,1,1,-1,-1
457,35,214,166,39,109,1,1,-1,-1
457,54,267,59,122,343,1,1,-1,-1
457,82,170,167,43,106,1,1,-1,-1
457,137,251,190,19,60,1,1,-1,-1
458,19,-13,-4,218,557,1,1,-1,-1
458,35,220,168,39,107,1,1,-1,-1
458,54,274,59,123,346,1,1,-1,-1
458,82,179,167,42,108,1,1,-1,-1
458,137,256,190,19,61,1,1,-1,-1
459,19,-8,-6,217,559,1,1,-1,-1
459,35,226,168,39,106,1,1,-1,-1
459,82,188,166,40,111,1,1,-1,-1
459,83,492,78,122,334,1,1,-1,-1
459,138,593,81,86,310,1,1,-1,-1
460,19,-3,-8,216,561,1,1,-1,-1
460,35,232,170,38,104,1,1,-1,-1
460,82,198,165,39,113,1,1,-1,-1
460,83,498,78,118,332,1,1,-1,-1
460,138,594,85,76,301,1,1,-1,-1
461,19,2,-11,215,564,1,1,-1,-1
461,35,238,171,38,102,1,1,-1,-1
461,82,207,165,37,115,1,1,-1,-1
461,83,505,79,114,330,1,1,-1,-1
461,138,600,83,71,304,1,1,-1,-1
462,19,7,-13,214,566,1,1,-1,-1
462,35,238,170,38,103,1,1,-1,-1
462,83,499,82,115,332,1,1,-1,-1
462,138,618,65,79,323,1,1,-1,-1
463,19,12,-15,213,567,1,1,-1,-1
463,83,493,86,115,334,1,1,-1,-1
463,138,591,83,79,309,1,1,-1,-1
463,139,277,54,125,357,1,1,-1,-1
464,19,17,-18,212,570,1,1,-1,-1
464,83,486,90,116,335,1,1,-1,-1
464,138,586,83,83,312,1,1,-1,-1
464,139,273,55,126,359,1,1,-1,-1
465,19,22,-20,211,572,1,1,-1,-1
465,83,480,93,116,337,1,1,-1,-1
465,139,269,56,126,361,1,1,-1,-1
466,19,27,-22,210,574,1,1,-1,-1
466,139,265,57,127,363,1,1,-1,-1
467,139,239,34,145,416,1,1,-1,-1
468,139,217,-5,163,466,1,1,-1,-1
469,216,249,41,129,368,1,1,-1,-1
470,216,253,39,130,370,1,1,-1,-1
471,216,258,37,130,372,1,1,-1,-1
472,216,263,35,131,375,1,1,-1,-1
473,216,242,8,138,395,1,1,-1,-1
476,217,405,107,74,283,1,1,-1,-1
477,140,459,86,93,329,1,1,-1,-1
477,217,442,110,61,242,1,1,-1,-1
478,140,441,58,118,387,1,1,-1,-1
478,217,425,134,53,199,1,1,-1,-1
479,140,443,85,106,324,1,1,-1,-1
479,217,422,133,55,199,1,1,-1,-1
479,218,540,73,117,324,1,1,-1,-1
480,84,51,-57,246,631,1,1,-1,-1
480,140,436,83,113,322,1,1,-1,-1
480,217,417,134,58,198,1,1,-1,-1
480,218,534,73,116,332,1,1,-1,-1
481,84,46,-60,249,636,1,1,-1,-1
481,140,418,106,96,258,1,1,-1,-1
481,218,528,71,115,341,1,1,-1,-1
482,84,42,-63,251,640,1,1,-1,-1
482,140,421,87,119,321,1,1,-1,-1
482,218,524,75,111,338,1,1,-1,-1
483,84,37,-67,254,646,1,1,-1,-1
483,218,520,79,107,335,1,1,-1,-1
484,84,32,-70,257,650,1,1,-1,-1
485,84,27,-74,260,656,1,1,-1,-1
485,219,400,145,62,203,1,1,-1,-1
486,84,22,-77,263,660,1,1,-1,-1
486,219,393,144,65,203,1,1,-1,-1
487,219,387,116,65,199,1,1,-1,-1
488,219,380,140,70,204,1,1,-1,-1
489,219,374,139,72,204,1,1,-1,-1
497,20,-32,-104,315,699,1,1,-1,-1
498,20,-24,-105,313,699,1,1,-1,-1
499,20,-15,-106,311,700,1,1,-1,-1
500,20,-6,-107,309,700,1,1,-1,-1
501,20,3,-108,306,701,1,1,-1,-1
502,20,12,-108,304,701,1,1,-1,-1
502,141,355,137,78,212,1,1,-1,-1
503,20,21,-109,302,701,1,1,-1,-1
503,85,473,82,113,337,1,1,-1,-1
503,141,355,136,76,214,1,1,-1,-1
504,20,30,-110,299,702,1,1,-1,-1
504,85,476,82,114,335,1,1,-1,-1
504,141,356,134,75,216,1,1,-1,-1
505,20,40,-90,257,609,1,1,-1,-1
505,85,477,70,131,383,1,1,-1,-1
505,141,356,133,73,218,1,1,-1,-1
506,20,48,-112,295,703,1,1,-1,-1
506,85,480,80,115,337,1,1,-1,-1
506,141,356,136,73,227,1,1,-1,-1
507,85,479,78,117,341,1,1,-1,-1
507,141,358,129,68,217,1,1,-1,-1
508,85,479,77,118,344,1,1,-1,-1
509,36,361,125,62,215,1,1,-1,-1
509,85,479,75,119,348,1,1,-1,-1
510,36,364,128,61,217,1,1,-1,-1
511,36,367,130,61,219,1,1,-1,-1
512,36,370,133,60,220,1,1,-1,-1
513,36,374,136,59,222,1,1,-1,-1
514,36,380,127,53,195,1,1,-1,-1
515,36,373,135,61,224,1,1,-1,-1
516,36,374,135,61,224,1,1,-1,-1
517,36,375,136,61,224,1,1,-1,-1
518,220,179,28,166,455,1,1,-1,-1
519,55,373,145,57,209,1,1,-1,-1
519,220,173,25,166,458,1,1,-1,-1
520,55,385,135,61,224,1,1,-1,-1
520,220,167,23,167,461,1,1,-1,-1
521,55,390,134,61,224,1,1,-1,-1
521,220,171,19,166,461,1,1,-1,-1
522,55,376,132,75,261,1,1,-1,-1
522,220,160,3,178,496,1,1,-1,-1
523,55,393,101,94,322,1,1,-1,-1
524,55,392,101,94,322,1,1,-1,-1
525,55,392,101,94,323,1,1,-1,-1
526,55,391,102,94,323,1,1,-1,-1
526,142,474,97,122,329,1,1,-1,-1
527,142,472,97,120,328,1,1,-1,-1
527,221,140,164,38,137,1,1,-1,-1
528,142,471,97,119,327,1,1,-1,-1
528,221,134,166,42,141,1,1,-1,-1
529,142,469,97,117,326,1,1,-1,-1
529,221,128,168,47,145,1,1,-1,-1
530,142,466,97,116,325,1,1,-1,-1
530,221,116,165,51,151,1,1,-1,-1
531,142,464,97,114,324,1,1,-1,-1
531,221,102,161,56,158,1,1,-1,-1
533,222,82,172,62,164,1,1,-1,-1
534,222,52,145,74,183,1,1,-1,-1
535,222,45,138,72,190,1,1,-1,-1
536,86,183,9,168,469,1,1,-1,-1
536,222,30,130,75,200,1,1,-1,-1
537,86,136,-53,209,568,1,1,-1,-1
537,222,14,121,79,210,1,1,-1,-1
538,86,180,1,176,465,1,1,-1,-1
538,143,124,146,48,140,1,1,-1,-1
539,86,191,-4,171,480,1,1,-1,-1
539,143,124,145,51,144,1,1,-1,-1
540,86,202,-8,167,494,1,1,-1,-1
540,143,124,142,53,149,1,1,-1,-1
541,86,212,-4,165,495,1,1,-1,-1
541,143,124,141,55,153,1,1,-1,-1
541,144,415,125,64,231,1,1,-1,-1
541,223,-26,111,97,264,1,1,-1,-1
542,86,223,1,163,495,1,1,-1,-1
542,143,119,140,60,157,1,1,-1,-1
542,144,420,125,67,233,1,1,-1,-1
542,223,-33,101,101,277,1,1,-1,-1
543,143,115,138,66,162,1,1,-1,-1
543,144,425,126,70,235,1,1,-1,-1
543,223,-32,89,95,294,1,1,-1,-1
544,144,431,127,72,236,1,1,-1,-1
544,223,-38,82,94,305,1,1,-1,-1
545,144,437,127,75,238,1,1,-1,-1
545,223,-44,76,94,316,1,1,-1,-1
546,144,446,126,73,240,1,1,-1,-1
546,224,471,74,136,370,1,1,-1,-1
547,224,478,66,136,371,1,1,-1,-1
548,224,498,66,135,376,1,1,-1,-1
549,224,511,68,136,375,1,1,-1,-1
550,224,517,46,130,399,1,1,-1,-1
552,87,178,115,74,191,1,1,-1,-1
553,87,169,117,83,196,1,1,-1,-1
553,145,261,-23,190,529,1,1,-1,-1
554,87,165,117,86,203,1,1,-1,-1
554,145,259,-27,191,531,1,1,-1,-1
554,146,412,116,61,209,1,1,-1,-1
555,87,169,114,77,214,1,1,-1,-1
555,145,257,-31,192,533,1,1,-1,-1
555,146,404,103,75,254,1,1,-1,-1
555,225,345,59,120,376,1,1,-1,-1
556,87,164,112,79,224,1,1,-1,-1
556,145,255,-34,193,535,1,1,-1,-1
556,146,405,119,66,216,1,1,-1,-1
556,225,339,57,120,379,1,1,-1,-1
557,87,159,110,81,234,1,1,-1,-1
557,145,258,-22,196,539,1,1,-1,-1
557,146,402,120,69,220,1,1,-1,-1
557,225,334,54,119,382,1,1,-1,-1
558,87,151,103,84,245,1,1,-1,-1
558,145,255,-25,198,543,1,1,-1,-1
558,146,403,111,72,229,1,1,-1,-1
558,225,328,52,119,385,1,1,-1,-1
558,226,0,85,108,271,1,1,-1,-1
559,146,406,101,75,239,1,1,-1,-1
559,225,323,48,119,389,1,1,-1,-1
559,226,-35,73,150,326,1,1,-1,-1
560,226,-39,70,123,295,1,1,-1,-1
561,226,-45,62,117,312,1,1,-1,-1
562,226,-50,46,119,314,1,1,-1,-1
564,147,293,36,118,404,1,1,-1,-1
565,147,287,33,118,407,1,1,-1,-1
566,147,279,34,119,402,1,1,-1,-1
567,147,271,35,120,398,1,1,-1,-1
568,147,263,36,120,393,1,1,-1,-1
569,147,256,37,121,388,1,1,-1,-1
574,88,290,62,118,361,1,1,-1,-1
575,88,296,67,118,356,1,1,-1,-1
576,88,304,72,117,351,1,1,-1,-1
577,88,310,77,116,345,1,1,-1,-1
578,88,317,82,116,340,1,1,-1,-1
579,88,324,87,115,335,1,1,-1,-1
580,88,331,92,115,329,1,1,-1,-1
582,148,213,148,48,142,1,1,-1,-1
583,148,209,149,48,146,1,1,-1,-1
584,148,204,158,51,147,1,1,-1,-1
585,148,202,153,48,152,1,1,-1,-1
585,227,537,118,71,255,1,1,-1,-1
586,148,195,151,63,159,1,1,-1,-1
586,227,525,100,96,280,1,1,-1,-1
587,148,189,146,61,163,1,1,-1,-1
587,227,497,115,101,254,1,1,-1,-1
588,149,373,93,147,344,1,1,-1,-1
588,227,482,120,104,255,1,1,-1,-1
588,228,-153,-118,251,717,1,1,-1,-1
589,149,388,98,128,298,1,1,-1,-1
589,227,462,122,104,255,1,1,-1,-1
589,228,-159,-118,252,715,1,1,-1,-1
590,149,377,100,118,292,1,1,-1,-1
590,228,-159,-119,247,716,1,1,-1,-1
591,149,367,102,108,287,1,1,-1,-1
591,228,-159,-119,242,716,1,1,-1,-1
592,149,416,104,92,305,1,1,-1,-1
592,228,-159,-119,237,716,1,1,-1,-1
593,149,401,65,95,331,1,1,-1,-1
593,229,171,137,58,142,1,1,-1,-1
594,150,-159,-119,228,716,1,1,-1,-1
594,229,189,155,54,136,1,1,-1,-1
595,150,-159,-119,223,716,1,1,-1,-1
595,151,50,116,86,234,1,1,-1,-1
595,229,160,167,63,160,1,1,-1,-1
596,150,-159,-119,218,716,1,1,-1,-1
596,151,34,110,91,246,1,1,-1,-1
596,229,173,154,56,144,1,1,-1,-1
597,150,-159,-119,213,716,1,1,-1,-1
597,151,17,103,96,258,1,1,-1,-1
597,229,166,153,57,148,1,1,-1,-1
598,150,-159,-119,208,716,1,1,-1,-1
598,151,-1,101,99,263,1,1,-1,-1
599,150,-159,-119,204,716,1,1,-1,-1
599,151,-6,100,91,267,1,1,-1,-1
600,151,-32,99,104,270,1,1,-1,-1
612,230,-159,-84,221,666,1,1,-1,-1
613,89,143,159,49,131,1,1,-1,-1
613,230,-159,-80,226,661,1,1,-1,-1
614,89,137,155,51,138,1,1,-1,-1
614,230,-157,-76,229,654,1,1,-1,-1
615,89,132,152,53,144,1,1,-1,-1
615,230,-154,-72,231,648,1,1,-1,-1
616,89,129,144,53,148,1,1,-1,-1
616,230,-189,-177,295,808,1,1,-1,-1
617,89,124,138,52,153,1,1,-1,-1
617,152,-149,-63,236,634,1,1,-1,-1
618,89,115,138,57,157,1,1,-1,-1
618,152,-146,-59,238,628,1,1,-1,-1
619,89,104,138,61,160,1,1,-1,-1
619,152,-144,-55,241,622,1,1,-1,-1
620,152,-141,-50,243,614,1,1,-1,-1
621,152,-139,-46,246,608,1,1,-1,-1
622,152,-136,-42,248,602,1,1,-1,-1
625,231,297,164,35,136,1,1,-1,-1
626,231,298,162,37,137,1,1,-1,-1
627,231,300,161,39,138,1,1,-1,-1
628,231,301,159,40,139,1,1,-1,-1
629,231,303,157,42,140,1,1,-1,-1
639,153,294,166,35,129,1,1,-1,-1
640,90,22,-18,226,535,1,1,-1,-1
640,153,270,139,46,151,1,1,-1,-1
641,90,17,-17,230,530,1,1,-1,-1
641,153,275,153,47,159,1,1,-1,-1
642,90,11,-8,233,522,1,1,-1,-1
642,153,270,145,49,156,1,1,-1,-1
643,90,5,1,236,514,1,1,-1,-1
643,153,264,147,53,156,1,1,-1,-1
644,90,7,6,235,507,1,1,-1,-1
644,153,259,148,56,156,1,1,-1,-1
645,90,45,29,166,427,1,1,-1,-1
646,90,49,-5,190,503,1,1,-1,-1
646,154,210,129,65,228,1,1,-1,-1
647,154,208,131,64,227,1,1,-1,-1
648,154,206,135,63,225,1,1,-1,-1
649,154,204,138,62,223,1,1,-1,-1
650,154,200,136,65,224,1,1,-1,-1
651,154,203,123,65,210,1,1,-1,-1
652,37,233,156,47,156,1,1,-1,-1
653,37,211,176,52,165,1,1,-1,-1
654,37,225,155,50,154,1,1,-1,-1
655,37,222,153,51,152,1,1,-1,-1
656,37,220,151,51,150,1,1,-1,-1
657,37,216,149,52,148,1,1,-1,-1
658,37,215,149,52,147,1,1,-1,-1
658,155,387,-102,257,679,1,1,-1,-1
659,37,215,147,51,147,1,1,-1,-1
659,155,392,-102,258,680,1,1,-1,-1
660,37,214,147,51,146,1,1,-1,-1
660,155,397,-102,258,680,1,1,-1,-1
661,155,402,-102,259,681,1,1,-1,-1
662,155,407,-102,259,681,1,1,-1,-1
663,155,412,-102,260,682,1,1,-1,-1
668,91,82,2,168,484,1,1,-1,-1
668,156,405,108,89,257,1,1,-1,-1
668,157,437,-102,262,684,1,1,-1,-1
669,91,80,1,176,465,1,1,-1,-1
669,156,403,100,92,269,1,1,-1,-1
669,157,442,-102,262,684,1,1,-1,-1
670,91,74,-7,191,504,1,1,-1,-1
670,156,405,103,90,271,1,1,-1,-1
670,157,447,-101,263,684,1,1,-1,-1
671,91,81,4,207,495,1,1,-1,-1
671,156,407,106,88,274,1,1,-1,-1
671,157,450,-102,264,684,1,1,-1,-1
672,91,59,40,209,460,1,1,-1,-1
672,156,412,124,86,277,1,1,-1,-1
672,157,454,-103,264,684,1,1,-1,-1
673,91,64,30,207,459,1,1,-1,-1
673,156,412,112,83,278,1,1,-1,-1
673,157,458,-103,265,684,1,1,-1,-1
674,91,83,20,175,475,1,1,-1,-1
674,92,220,149,48,152,1,1,-1,-1
675,92,221,149,47,153,1,1,-1,-1
675,232,455,-104,265,685,1,1,-1,-1
676,92,222,149,47,153,1,1,-1,-1
676,93,392,115,92,272,1,1,-1,-1
676,232,454,-104,265,685,1,1,-1,-1
677,92,222,149,47,154,1,1,-1,-1
677,93,386,116,95,270,1,1,-1,-1
677,232,452,-105,267,685,1,1,-1,-1
678,92,223,148,48,164,1,1,-1,-1
678,93,383,117,97,271,1,1,-1,-1
678,232,450,-105,269,685,1,1,-1,-1
679,92,225,149,48,173,1,1,-1,-1
679,93,380,118,99,272,1,1,-1,-1
679,232,454,-104,269,685,1,1,-1,-1
680,92,227,148,49,183,1,1,-1,-1
680,93,377,120,100,272,1,1,-1,-1
681,93,375,121,102,273,1,1,-1,-1
682,38,52,156,55,161,1,1,-1,-1
682,93,373,117,100,276,1,1,-1,-1
683,38,42,158,55,161,1,1,-1,-1
684,38,46,140,59,181,1,1,-1,-1
685,38,44,135,54,187,1,1,-1,-1
685,233,488,-113,279,687,1,1,-1,-1
686,38,38,129,61,199,1,1,-1,-1
686,233,496,-116,280,686,1,1,-1,-1
687,38,15,123,70,206,1,1,-1,-1
687,94,367,105,88,285,1,1,-1,-1
687,233,491,-116,281,686,1,1,-1,-1
688,38,8,107,76,230,1,1,-1,-1
688,94,367,104,85,285,1,1,-1,-1
688,233,486,-116,283,687,1,1,-1,-1
689,38,-16,104,84,220,1,1,-1,-1
689,94,366,102,81,286,1,1,-1,-1
689,158,72,144,53,164,1,1,-1,-1
689,233,481,-115,284,687,1,1,-1,-1
690,38,-17,98,85,254,1,1,-1,-1
690,94,361,102,86,287,1,1,-1,-1
690,158,63,142,63,190,1,1,-1,-1
690,159,314,165,43,129,1,1,-1,-1
691,94,358,100,91,289,1,1,-1,-1
691,158,56,138,59,175,1,1,-1,-1
691,159,309,148,51,147,1,1,-1,-1
692,94,354,100,95,290,1,1,-1,-1
692,158,48,134,62,181,1,1,-1,-1
692,159,310,150,51,151,1,1,-1,-1
693,94,350,99,100,291,1,1,-1,-1
693,158,40,131,65,186,1,1,-1,-1
693,159,316,144,52,154,1,1,-1,-1
694,158,31,127,71,196,1,1,-1,-1
694,159,322,139,55,161,1,1,-1,-1
695,159,324,133,56,163,1,1,-1,-1
707,95,121,35,146,415,1,1,-1,-1
708,95,123,32,141,420,1,1,-1,-1
709,95,120,33,144,426,1,1,-1,-1
710,95,117,34,148,433,1,1,-1,-1
710,160,236,142,54,170,1,1,-1,-1
710,234,37,111,65,225,1,1,-1,-1
711,95,114,35,152,439,1,1,-1,-1
711,160,238,143,51,167,1,1,-1,-1
711,234,31,107,69,229,1,1,-1,-1
712,39,360,-118,317,695,1,1,-1,-1
712,95,111,37,156,445,1,1,-1,-1
712,160,238,144,49,163,1,1,-1,-1
712,161,271,93,111,291,1,1,-1,-1
712,234,24,102,74,233,1,1,-1,-1
713,39,354,-118,319,695,1,1,-1,-1
713,95,106,32,156,440,1,1,-1,-1
713,160,239,145,46,160,1,1,-1,-1
713,161,268,89,110,291,1,1,-1,-1
713,234,18,97,78,237,1,1,-1,-1
714,39,349,-119,320,696,1,1,-1,-1
714,160,246,123,55,183,1,1,-1,-1
714,161,273,91,109,291,1,1,-1,-1
714,234,15,92,85,245,1,1,-1,-1
715,39,343,-119,322,696,1,1,-1,-1
715,160,247,142,48,157,1,1,-1,-1
715,161,277,92,108,291,1,1,-1,-1
716,39,338,-119,323,696,1,1,-1,-1
716,161,282,94,106,291,1,1,-1,-1
717,39,340,-119,323,696,1,1,-1,-1
717,161,287,95,105,291,1,1,-1,-1
718,39,342,-119,323,696,1,1,-1,-1
718,162,105,191,19,51,1,1,-1,-1
719,39,345,-119,322,697,1,1,-1,-1
719,162,111,192,19,51,1,1,-1,-1
719,163,5,64,109,316,1,1,-1,-1
720,39,347,-119,322,697,1,1,-1,-1
720,162,116,193,19,51,1,1,-1,-1
720,163,-3,68,109,321,1,1,-1,-1
721,162,122,194,19,52,1,1,-1,-1
721,163,-27,47,135,350,1,1,-1,-1
721,235,238,156,46,150,1,1,-1,-1
722,162,128,195,19,52,1,1,-1,-1
722,163,-32,47,140,358,1,1,-1,-1
722,235,242,157,47,149,1,1,-1,-1
722,236,352,-119,322,698,1,1,-1,-1
723,162,134,197,19,52,1,1,-1,-1
723,163,-32,40,142,371,1,1,-1,-1
723,235,247,158,47,149,1,1,-1,-1
723,236,357,-151,368,801,1,1,-1,-1
724,163,-24,32,129,385,1,1,-1,-1
724,235,250,158,48,149,1,1,-1,-1
724,236,357,-119,321,699,1,1,-1,-1
725,235,255,159,48,148,1,1,-1,-1
725,236,359,-119,321,699,1,1,-1,-1
726,236,362,-119,320,700,1,1,-1,-1
744,164,266,164,45,146,1,1,-1,-1
745,96,229,146,49,145,1,1,-1,-1
745,164,270,162,47,152,1,1,-1,-1
746,96,234,148,47,145,1,1,-1,-1
746,164,273,164,48,149,1,1,-1,-1
747,96,238,150,46,144,1,1,-1,-1
747,164,277,166,49,145,1,1,-1,-1
748,96,243,152,44,144,1,1,-1,-1
748,164,269,184,48,139,1,1,-1,-1
749,40,316,110,107,296,1,1,-1,-1
749,96,249,154,42,143,1,1,-1,-1
749,164,284,170,50,138,1,1,-1,-1
750,5,95,194,24,63,1,1,-1,-1
750,40,319,108,107,297,1,1,-1,-1
750,96,254,153,43,144,1,1,-1,-1
750,165,171,81,103,335,1,1,-1,-1
751,5,99,192,24,64,1,1,-1,-1
751,40,321,107,108,297,1,1,-1,-1
751,96,259,153,44,145,1,1,-1,-1
751,165,176,81,102,330,1,1,-1,-1
751,237,3,167,37,104,1,1,-1,-1
752,5,102,191,25,65,1,1,-1,-1
752,40,324,105,108,298,1,1,-1,-1
752,165,180,81,101,325,1,1,-1,-1
752,237,-9,145,42,123,1,1,-1,-1
753,5,105,189,25,66,1,1,-1,-1
753,40,328,104,108,298,1,1,-1,-1
753,165,185,81,100,320,1,1,-1,-1
753,237,-3,164,31,113,1,1,-1,-1
754,5,107,188,26,67,1,1,-1,-1
754,40,343,130,91,252,1,1,-1,-1
754,165,190,81,99,315,1,1,-1,-1
754,237,-17,158,43,119,1,1,-1,-1
755,5,111,185,26,69,1,1,-1,-1
755,40,334,102,109,298,1,1,-1,-1
755,165,195,83,98,317,1,1,-1,-1
755,166,33,165,47,95,1,1,-1,-1
755,237,-20,155,43,125,1,1,-1,-1
756,5,115,191,32,84,1,1,-1,-1
756,40,337,100,109,298,1,1,-1,-1
756,166,39,166,45,94,1,1,-1,-1
757,5,109,183,25,69,1,1,-1,-1
757,40,340,99,109,298,1,1,-1,-1
757,166,40,168,51,94,1,1,-1,-1
758,5,108,181,25,70,1,1,-1,-1
758,166,67,174,38,83,1,1,-1,-1
758,167,210,82,96,323,1,1,-1,-1
759,5,107,180,25,70,1,1,-1,-1
759,166,73,175,37,82,1,1,-1,-1
759,167,202,81,105,319,1,1,-1,-1
760,5,105,178,24,71,1,1,-1,-1
760,166,62,194,32,73,1,1,-1,-1
760,167,195,80,113,316,1,1,-1,-1
761,5,104,177,24,71,1,1,-1,-1
761,167,189,78,124,316,1,1,-1,-1
762,5,86,175,35,83,1,1,-1,-1
762,167,184,77,134,315,1,1,-1,-1
762,238,127,170,29,77,1,1,-1,-1
763,5,80,158,37,86,1,1,-1,-1
763,167,182,76,134,311,1,1,-1,-1
763,238,125,165,29,78,1,1,-1,-1
763,239,50,151,42,97,1,1,-1,-1
764,5,86,161,36,90,1,1,-1,-1
764,238,123,168,29,77,1,1,-1,-1
764,239,54,155,40,98,1,1,-1,-1
765,5,87,171,28,79,1,1,-1,-1
765,238,124,171,29,78,1,1,-1,-1
765,239,58,159,38,99,1,1,-1,-1
765,240,210,87,115,305,1,1,-1,-1
765,241,352,159,39,124,1,1,-1,-1
765,242,457,-119,310,715,1,1,-1,-1
766,238,118,171,29,80,1,1,-1,-1
766,239,56,158,39,103,1,1,-1,-1
766,240,216,84,111,303,1,1,-1,-1
766,241,352,160,39,123,1,1,-1,-1
766,242,459,-119,310,716,1,1,-1,-1
767,41,91,166,33,96,1,1,-1,-1
767,168,185,188,21,47,1,1,-1,-1
767,239,53,157,40,106,1,1,-1,-1
767,240,219,80,102,302,1,1,-1,-1
767,241,352,162,38,121,1,1,-1,-1
767,242,462,-119,309,716,1,1,-1,-1
768,41,78,172,30,85,1,1,-1,-1
768,168,186,188,21,47,1,1,-1,-1
768,240,222,76,94,302,1,1,-1,-1
768,241,351,162,38,120,1,1,-1,-1
768,242,464,-119,309,716,1,1,-1,-1
769,41,75,171,31,87,1,1,-1,-1
769,168,187,188,21,47,1,1,-1,-1
769,240,219,78,96,303,1,1,-1,-1
769,241,352,164,37,118,1,1,-1,-1
769,242,466,-119,309,717,1,1,-1,-1
770,41,91,166,29,97,1,1,-1,-1
770,168,188,188,21,47,1,1,-1,-1
771,41,91,167,29,97,1,1,-1,-1
771,97,351,164,37,118,1,1,-1,-1
771,168,184,186,21,47,1,1,-1,-1
772,41,91,169,28,91,1,1,-1,-1
772,97,350,165,37,117,1,1,-1,-1
772,168,181,184,21,47,1,1,-1,-1
773,41,88,168,28,93,1,1,-1,-1
773,97,350,165,37,117,1,1,-1,-1
773,98,505,26,166,432,1,1,-1,-1
774,41,91,167,31,97,1,1,-1,-1
774,97,349,165,37,117,1,1,-1,-1
774,98,467,21,168,442,1,1,-1,-1
774,243,64,150,52,140,1,1,-1,-1
775,41,90,168,32,97,1,1,-1,-1
775,97,348,166,37,117,1,1,-1,-1
775,98,452,16,175,431,1,1,-1,-1
775,243,49,151,46,116,1,1,-1,-1
776,97,348,167,36,116,1,1,-1,-1
776,98,421,29,205,401,1,1,-1,-1
776,243,53,152,47,137,1,1,-1,-1
777,97,347,167,36,116,1,1,-1,-1
777,98,474,29,156,378,1,1,-1,-1
777,243,47,154,44,135,1,1,-1,-1
778,98,468,28,160,387,1,1,-1,-1
778,243,41,156,46,136,1,1,-1,-1
779,98,389,23,197,433,1,1,-1,-1
779,99,65,157,44,117,1,1,-1,-1
779,100,131,130,60,185,1,1,-1,-1
780,99,69,159,43,117,1,1,-1,-1
780,100,129,127,62,191,1,1,-1,-1
781,99,64,169,35,101,1,1,-1,-1
781,100,127,124,63,197,1,1,-1,-1
782,99,61,169,37,102,1,1,-1,-1
782,100,116,121,70,207,1,1,-1,-1
783,99,58,170,39,103,1,1,-1,-1
783,100,105,118,78,217,1,1,-1,-1
784,99,55,171,40,103,1,1,-1,-1
784,100,95,116,85,226,1,1,-1,-1
784,169,106,171,44,103,1,1,-1,-1
785,99,52,172,42,104,1,1,-1,-1
785,100,84,113,92,236,1,1,-1,-1
785,169,104,173,44,103,1,1,-1,-1
786,169,104,174,43,103,1,1,-1,-1
787,169,102,175,43,104,1,1,-1,-1
787,170,533,-69,253,594,1,1,-1,-1
788,169,101,177,43,104,1,1,-1,-1
788,170,494,-118,305,719,1,1,-1,-1
789,169,99,179,43,104,1,1,-1,-1
789,170,495,-118,304,719,1,1,-1,-1
790,170,496,-117,303,718,1,1,-1,-1
791,170,496,-117,303,718,1,1,-1,-1
792,170,497,-117,302,718,1,1,-1,-1
793,171,234,199,24,75,1,1,-1,-1
794,171,230,197,23,75,1,1,-1,-1
795,56,233,117,77,238,1,1,-1,-1
795,171,226,196,22,74,1,1,-1,-1
796,56,231,117,77,237,1,1,-1,-1
796,57,199,188,21,69,1,1,-1,-1
796,171,223,194,21,74,1,1,-1,-1
796,172,333,108,90,266,1,1,-1,-1
797,56,229,117,77,236,1,1,-1,-1
797,57,194,186,22,70,1,1,-1,-1
797,171,219,193,20,73,1,1,-1,-1
797,172,330,108,90,266,1,1,-1,-1
798,56,227,118,78,235,1,1,-1,-1
798,57,190,185,23,73,1,1,-1,-1
798,171,215,191,22,76,1,1,-1,-1
798,172,327,109,90,266,1,1,-1,-1
798,244,109,173,38,104,1,1,-1,-1
799,56,226,119,65,234,1,1,-1,-1
799,57,186,185,24,75,1,1,-1,-1
799,172,324,109,90,266,1,1,-1,-1
799,244,104,170,37,109,1,1,-1,-1
800,56,228,120,68,232,1,1,-1,-1
800,57,185,179,25,78,1,1,-1,-1
800,172,321,109,90,266,1,1,-1,-1
800,244,89,137,43,130,1,1,-1,-1
801,56,230,121,71,230,1,1,-1,-1
801,57,179,184,26,80,1,1,-1,-1
801,172,318,110,90,266,1,1,-1,-1
801,244,81,146,45,146,1,1,-1,-1
802,56,232,123,75,227,1,1,-1,-1
802,57,180,183,27,81,1,1,-1,-1
802,101,55,155,38,135,1,1,-1,-1
802,244,88,165,38,118,1,1,-1,-1
803,57,179,185,27,83,1,1,-1,-1
803,101,58,156,37,134,1,1,-1,-1
804,101,59,156,36,134,1,1,-1,-1
805,21,206,187,31,84,1,1,-1,-1
805,101,61,157,35,133,1,1,-1,-1
806,21,212,187,30,86,1,1,-1,-1
806,101,75,162,45,125,1,1,-1,-1
807,21,219,186,29,88,1,1,-1,-1
807,101,72,159,40,134,1,1,-1,-1
808,21,220,182,29,90,1,1,-1,-1
808,101,78,160,43,135,1,1,-1,-1
809,21,208,179,27,93,1,1,-1,-1
809,102,474,28,127,426,1,1,-1,-1
809,245,366,104,90,266,1,1,-1,-1
809,246,232,186,27,91,1,1,-1,-1
810,21,214,181,27,94,1,1,-1,-1
810,102,483,30,129,428,1,1,-1,-1
810,173,88,159,45,139,1,1,-1,-1
810,245,368,104,90,266,1,1,-1,-1
810,246,236,186,31,93,1,1,-1,-1
811,21,214,179,27,96,1,1,-1,-1
811,102,356,43,240,414,1,1,-1,-1
811,173,102,161,49,154,1,1,-1,-1
811,245,371,104,90,266,1,1,-1,-1
811,246,238,181,34,96,1,1,-1,-1
812,21,207,165,44,119,1,1,-1,-1
812,102,357,42,245,421,1,1,-1,-1
812,103,66,145,49,161,1,1,-1,-1
812,173,94,153,46,148,1,1,-1,-1
812,245,373,104,90,266,1,1,-1,-1
812,246,236,182,35,96,1,1,-1,-1
812,247,266,194,25,85,1,1,-1,-1
813,21,184,168,54,140,1,1,-1,-1
813,102,368,40,248,430,1,1,-1,-1
813,103,44,151,45,145,1,1,-1,-1
813,173,69,145,52,162,1,1,-1,-1
813,245,375,104,90,266,1,1,-1,-1
813,246,223,180,43,110,1,1,-1,-1
813,247,269,193,25,87,1,1,-1,-1
814,21,181,166,54,144,1,1,-1,-1
814,102,370,32,236,451,1,1,-1,-1
814,103,39,149,45,148,1,1,-1,-1
814,173,65,143,53,166,1,1,-1,-1
814,247,268,191,27,90,1,1,-1,-1
815,4,215,174,30,100,1,1,-1,-1
815,22,299,131,75,215,1,1,-1,-1
815,102,380,30,221,455,1,1,-1,-1
815,103,35,148,45,151,1,1,-1,-1
815,173,60,140,54,170,1,1,-1,-1
815,247,266,189,29,93,1,1,-1,-1
815,248,380,104,90,266,1,1,-1,-1
816,4,214,173,32,100,1,1,-1,-1
816,22,304,130,75,215,1,1,-1,-1
816,103,30,146,45,154,1,1,-1,-1
816,247,265,188,31,95,1,1,-1,-1
816,248,382,104,90,266,1,1,-1,-1
817,4,211,168,33,101,1,1,-1,-1
817,22,309,129,75,215,1,1,-1,-1
817,103,26,144,45,157,1,1,-1,-1
817,248,385,104,90,266,1,1,-1,-1
818,4,207,168,34,101,1,1,-1,-1
818,22,315,128,74,215,1,1,-1,-1
818,103,20,142,42,161,1,1,-1,-1
818,248,384,104,91,267,1,1,-1,-1
819,4,209,169,34,102,1,1,-1,-1
819,22,314,129,74,214,1,1,-1,-1
819,248,384,104,91,268,1,1,-1,-1
820,4,200,168,35,102,1,1,-1,-1
820,22,313,130,74,214,1,1,-1,-1
820,249,222,170,37,122,1,1,-1,-1
821,4,197,168,35,102,1,1,-1,-1
821,22,312,131,74,214,1,1,-1,-1
821,249,218,168,37,126,1,1,-1,-1
822,4,189,167,37,108,1,1,-1,-1
822,22,311,132,74,214,1,1,-1,-1
822,58,22,126,58,193,1,1,-1,-1
822,174,269,180,36,96,1,1,-1,-1
822,249,212,166,38,131,1,1,-1,-1
823,4,184,172,39,113,1,1,-1,-1
823,22,310,133,74,214,1,1,-1,-1
823,58,16,124,57,199,1,1,-1,-1
823,174,265,179,36,99,1,1,-1,-1
823,249,205,164,40,136,1,1,-1,-1
824,4,179,164,40,119,1,1,-1,-1
824,22,292,118,93,267,1,1,-1,-1
824,58,9,120,57,206,1,1,-1,-1
824,174,260,176,37,103,1,1,-1,-1
824,249,200,162,41,141,1,1,-1,-1
825,4,173,160,42,124,1,1,-1,-1
825,9,235,182,41,123,1,1,-1,-1
825,58,0,118,59,211,1,1,-1,-1
825,174,255,175,37,106,1,1,-1,-1
826,4,184,156,44,153,1,1,-1,-1
826,9,230,180,41,128,1,1,-1,-1
826,58,-11,116,62,214,1,1,-1,-1
826,174,253,174,36,109,1,1,-1,-1
827,4,173,147,51,177,1,1,-1,-1
827,9,225,178,41,133,1,1,-1,-1
827,58,-21,114,64,219,1,1,-1,-1
827,174,252,174,34,111,1,1,-1,-1
827,250,299,207,38,91,1,1,-1,-1
828,4,165,149,48,166,1,1,-1,-1
828,9,220,177,41,137,1,1,-1,-1
828,58,-27,111,62,222,1,1,-1,-1
828,250,286,173,43,104,1,1,-1,-1
829,4,156,147,49,165,1,1,-1,-1
829,9,215,175,41,142,1,1,-1,-1
829,42,382,174,37,112,1,1,-1,-1
829,58,-6,119,76,254,1,1,-1,-1
829,250,288,171,39,103,1,1,-1,-1
830,4,146,142,53,179,1,1,-1,-1
830,9,207,172,43,148,1,1,-1,-1
830,42,377,173,39,110,1,1,-1,-1
830,250,290,176,40,102,1,1,-1,-1
831,4,145,139,51,159,1,1,-1,-1
831,9,198,167,46,155,1,1,-1,-1
831,42,373,172,40,109,1,1,-1,-1
831,250,286,174,41,102,1,1,-1,-1
832,4,127,135,57,192,1,1,-1,-1
832,9,190,164,48,161,1,1,-1,-1
832,42,370,171,41,108,1,1,-1,-1
833,4,117,131,59,199,1,1,-1,-1
833,9,183,160,50,167,1,1,-1,-1
833,42,366,170,42,106,1,1,-1,-1
834,9,177,156,53,179,1,1,-1,-1
834,42,369,170,40,105,1,1,-1,-1
835,9,165,155,54,190,1,1,-1,-1
835,42,374,170,37,104,1,1,-1,-1
836,9,162,150,58,201,1,1,-1,-1
836,42,377,170,35,103,1,1,-1,-1
837,9,160,145,61,213,1,1,-1,-1
837,42,381,170,32,102,1,1,-1,-1
