1,49,659,416,97,84,1,7,-1,-1
1,72,220,862,56,81,1,1,-1,-1
1,132,274,1010,42,58,1,1,-1,-1
1,133,835,939,130,130,1,7,-1,-1
1,134,820,453,39,52,1,2,-1,-1
1,242,889,829,36,100,1,1,-1,-1
2,27,868,403,28,70,1,1,-1,-1
2,28,1064,484,47,70,1,1,-1,-1
2,29,1475,120,150,72,1,4,-1,-1
2,49,654,381,94,82,1,7,-1,-1
2,72,216,865,56,81,1,1,-1,-1
2,132,271,1013,42,55,1,1,-1,-1
2,133,832,940,130,129,1,7,-1,-1
2,134,829,446,37,49,1,2,-1,-1
2,135,1272,734,20,52,1,2,-1,-1
2,242,886,829,36,100,1,1,-1,-1
3,27,866,403,28,70,1,1,-1,-1
3,28,1038,474,56,84,1,1,-1,-1
3,29,1481,120,145,69,1,4,-1,-1
3,49,651,417,98,86,1,7,-1,-1
3,72,231,887,48,87,1,1,-1,-1
3,73,61,760,56,85,1,1,-1,-1
3,132,269,1016,42,52,1,1,-1,-1
3,133,830,942,129,127,1,7,-1,-1
3,134,814,455,39,52,1,2,-1,-1
3,135,1270,735,20,52,1,2,-1,-1
3,242,883,830,36,100,1,1,-1,-1
4,27,863,403,28,70,1,1,-1,-1
4,28,1050,487,49,72,1,1,-1,-1
4,29,1477,119,144,68,1,4,-1,-1
4,49,647,418,98,87,1,7,-1,-1
4,72,208,872,56,81,1,1,-1,-1
4,73,65,769,53,81,1,1,-1,-1
4,132,266,1019,43,49,1,1,-1,-1
4,133,827,943,130,126,1,7,-1,-1
4,134,821,469,38,50,1,2,-1,-1
4,135,1268,735,20,53,1,2,-1,-1
4,136,724,957,48,93,1,1,-1,-1
4,242,881,831,36,100,1,1,-1,-1
5,17,810,853,32,76,1,1,-1,-1
5,27,861,403,28,70,1,1,-1,-1
5,28,1041,473,44,67,1,1,-1,-1
5,29,1473,118,144,68,1,4,-1,-1
5,30,1053,406,23,76,1,1,-1,-1
5,49,643,418,99,89,1,7,-1,-1
5,72,222,893,48,87,1,1,-1,-1
5,73,56,762,55,84,1,1,-1,-1
5,74,976,619,47,54,1,2,-1,-1
5,75,1212,191,22,42,1,1,-1,-1
5,76,1378,167,27,48,1,1,-1,-1
5,132,264,1022,43,46,1,1,-1,-1
5,133,825,945,129,124,1,7,-1,-1
5,134,803,465,43,57,1,2,-1,-1
5,135,1266,736,19,52,1,2,-1,-1
5,136,724,962,48,93,1,1,-1,-1
5,137,1014,332,62,59,1,10,-1,-1
6,17,807,821,45,91,1,1,-1,-1
6,27,868,390,25,57,1,1,-1,-1
6,28,1036,489,50,75,1,1,-1,-1
6,29,1469,117,144,68,1,4,-1,-1
6,30,1055,400,26,86,1,1,-1,-1
6,31,867,494,27,39,1,2,-1,-1
6,49,639,419,99,90,1,7,-1,-1
6,72,201,879,55,81,1,1,-1,-1
6,73,53,762,55,85,1,1,-1,-1
6,74,976,616,47,53,1,2,-1,-1
6,75,1209,190,23,42,1,1,-1,-1
6,76,1376,166,28,49,1,1,-1,-1
6,77,807,853,32,76,1,1,-1,-1
6,78,854,358,35,81,1,1,-1,-1
6,135,1264,737,19,52,1,2,-1,-1
6,136,725,967,47,93,1,1,-1,-1
6,137,1008,335,56,53,1,10,-1,-1
6,138,953,500,24,64,1,1,-1,-1
7,17,804,821,45,92,1,1,-1,-1
7,27,878,387,23,54,1,1,-1,-1
7,28,1029,491,51,76,1,1,-1,-1
7,29,1465,117,144,68,1,4,-1,-1
7,30,1047,409,23,76,1,1,-1,-1
7,31,854,485,32,47,1,2,-1,-1
7,32,1348,164,27,56,1,1,-1,-1
7,49,698,417,44,74,1,1,-1,-1
7,73,59,758,53,81,1,1,-1,-1
7,74,976,613,46,52,1,2,-1,-1
7,75,1207,188,23,43,1,1,-1,-1
7,76,1374,165,28,49,1,1,-1,-1
7,77,805,852,32,76,1,1,-1,-1
7,78,850,388,29,72,1,1,-1,-1
7,79,1303,933,43,67,1,2,-1,-1
7,136,723,972,47,89,1,1,-1,-1
7,137,1019,354,48,45,1,10,-1,-1
7,138,950,500,24,65,1,1,-1,-1
7,139,1040,647,45,79,1,1,-1,-1
8,4,1192,164,23,44,1,1,-1,-1
8,13,1540,14,14,47,1,1,-1,-1
8,17,802,852,32,76,1,1,-1,-1
8,27,878,379,20,49,1,1,-1,-1
8,28,1022,492,52,77,1,1,-1,-1
8,29,1462,117,144,68,1,4,-1,-1
8,30,1045,419,20,66,1,1,-1,-1
8,31,851,486,32,47,1,2,-1,-1
8,32,1345,164,27,55,1,1,-1,-1
8,73,47,764,56,84,1,1,-1,-1
8,74,976,610,46,51,1,2,-1,-1
8,75,1205,187,23,44,1,1,-1,-1
8,76,1373,164,27,50,1,1,-1,-1
8,77,794,859,30,78,1,1,-1,-1
8,78,849,404,30,75,1,1,-1,-1
8,79,1302,934,43,67,1,2,-1,-1
8,80,194,885,54,82,1,1,-1,-1
8,81,588,871,48,84,1,1,-1,-1
8,82,631,420,100,92,1,7,-1,-1
8,136,721,977,47,86,1,1,-1,-1
8,137,1002,337,55,52,1,10,-1,-1
8,138,947,501,24,64,1,1,-1,-1
8,139,1038,648,45,79,1,1,-1,-1
8,140,726,743,31,74,1,1,-1,-1
8,141,1554,48,116,69,1,4,-1,-1
9,4,1188,165,22,44,1,1,-1,-1
9,13,1537,13,14,47,1,1,-1,-1
9,17,800,851,32,76,1,1,-1,-1
9,27,875,380,20,48,1,1,-1,-1
9,28,1015,493,52,79,1,1,-1,-1
9,29,1426,115,169,80,1,4,-1,-1
9,30,1042,413,23,76,1,1,-1,-1
9,31,849,487,32,47,1,2,-1,-1
9,32,1342,163,27,56,1,1,-1,-1
9,74,996,601,52,59,1,2,-1,-1
9,75,1203,186,22,44,1,1,-1,-1
9,76,1371,163,27,51,1,1,-1,-1
9,77,789,887,47,87,1,1,-1,-1
9,78,851,404,28,69,1,1,-1,-1
9,79,1300,936,44,67,1,2,-1,-1
9,80,208,910,48,87,1,1,-1,-1
9,81,593,876,48,84,1,1,-1,-1
9,82,692,419,42,75,1,1,-1,-1
9,83,1363,685,29,38,1,2,-1,-1
9,137,999,338,55,52,1,10,-1,-1
9,138,945,502,24,64,1,1,-1,-1
9,139,1036,649,45,79,1,1,-1,-1
9,140,733,758,26,63,1,1,-1,-1
9,141,1550,48,114,69,1,4,-1,-1
9,142,523,986,31,63,1,2,-1,-1
10,4,1183,166,22,44,1,1,-1,-1
10,13,1534,12,14,47,1,1,-1,-1
10,17,795,824,44,92,1,1,-1,-1
10,30,1039,414,23,76,1,1,-1,-1
10,31,846,487,32,47,1,2,-1,-1
10,32,1335,141,31,63,1,1,-1,-1
10,33,3,774,60,91,1,1,-1,-1
10,50,870,748,33,88,1,1,-1,-1
10,74,978,604,45,51,1,2,-1,-1
10,75,1201,184,22,45,1,1,-1,-1
10,76,1369,162,27,52,1,1,-1,-1
10,77,786,888,48,87,1,1,-1,-1
10,78,851,392,24,56,1,1,-1,-1
10,79,1299,937,44,67,1,2,-1,-1
10,80,186,892,54,82,1,1,-1,-1
10,81,590,878,48,84,1,1,-1,-1
10,82,689,420,42,75,1,1,-1,-1
10,83,1369,670,35,45,1,2,-1,-1
10,138,942,502,24,64,1,1,-1,-1
10,139,1033,650,45,79,1,1,-1,-1
10,140,726,731,33,78,1,1,-1,-1
10,141,1547,48,111,69,1,4,-1,-1
10,142,521,989,31,62,1,2,-1,-1
10,143,866,836,35,100,1,1,-1,-1
11,4,1178,167,23,44,1,1,-1,-1
11,13,1531,12,14,47,1,1,-1,-1
11,17,795,850,32,76,1,1,-1,-1
11,30,1036,416,23,76,1,1,-1,-1
11,31,843,488,32,47,1,2,-1,-1
11,32,1337,162,27,56,1,1,-1,-1
11,33,2,773,60,91,1,1,-1,-1
11,50,868,750,33,88,1,1,-1,-1
11,77,784,888,48,87,1,1,-1,-1
11,78,846,404,28,69,1,1,-1,-1
11,79,1301,948,40,62,1,2,-1,-1
11,80,183,896,54,82,1,1,-1,-1
11,81,587,881,48,84,1,1,-1,-1
11,82,686,421,41,75,1,1,-1,-1
11,83,1368,670,35,45,1,2,-1,-1
11,139,1031,652,45,79,1,1,-1,-1
11,140,723,733,33,78,1,1,-1,-1
11,141,1543,48,116,69,1,4,-1,-1
11,142,519,992,31,61,1,2,-1,-1
11,143,863,837,35,100,1,1,-1,-1
11,144,868,381,20,48,1,1,-1,-1
11,145,883,229,124,78,1,4,-1,-1
11,146,1409,960,56,88,1,1,-1,-1
12,4,1174,168,22,45,1,1,-1,-1
12,13,1527,11,15,47,1,1,-1,-1
12,17,789,826,44,92,1,1,-1,-1
12,30,1033,418,23,76,1,1,-1,-1
12,31,839,492,29,42,1,2,-1,-1
12,32,1334,161,27,56,1,1,-1,-1
12,33,1,773,58,91,1,1,-1,-1
12,34,1235,965,47,85,1,1,-1,-1
12,50,866,754,33,88,1,1,-1,-1
12,79,1296,940,44,67,1,2,-1,-1
12,80,198,922,48,87,1,1,-1,-1
12,81,587,911,49,85,1,1,-1,-1
12,82,683,422,40,75,1,1,-1,-1
12,83,1366,671,35,45,1,2,-1,-1
12,140,720,735,33,78,1,1,-1,-1
12,141,1539,48,122,69,1,4,-1,-1
12,142,517,995,31,60,1,2,-1,-1
12,143,861,838,35,100,1,1,-1,-1
12,144,865,382,20,48,1,1,-1,-1
12,145,879,229,125,78,1,4,-1,-1
12,146,1410,959,56,88,1,1,-1,-1
12,147,1091,614,55,57,1,2,-1,-1
12,148,1355,838,35,48,1,2,-1,-1
12,149,1460,26,13,43,1,1,-1,-1
12,150,1048,558,40,81,1,1,-1,-1
13,4,1169,169,23,45,1,1,-1,-1
13,13,1532,21,15,49,1,1,-1,-1
13,14,613,427,101,95,1,7,-1,-1
13,17,790,852,32,76,1,1,-1,-1
13,31,837,490,32,47,1,2,-1,-1
13,32,1332,160,27,56,1,1,-1,-1
13,33,1,773,55,91,1,1,-1,-1
13,34,1231,945,39,76,1,1,-1,-1
13,50,863,753,33,88,1,1,-1,-1
13,51,807,416,21,60,1,1,-1,-1
13,80,198,922,48,87,1,1,-1,-1
13,81,581,886,48,84,1,1,-1,-1
13,82,680,423,40,75,1,1,-1,-1
13,83,1365,671,35,45,1,2,-1,-1
13,142,515,998,31,59,1,2,-1,-1
13,143,852,868,38,85,1,1,-1,-1
13,144,863,383,20,48,1,1,-1,-1
13,145,820,216,150,94,1,4,-1,-1
13,146,1410,958,56,88,1,1,-1,-1
13,147,1089,615,54,57,1,2,-1,-1
13,148,1353,839,35,49,1,2,-1,-1
13,149,1458,25,13,43,1,1,-1,-1
13,150,1046,559,40,81,1,1,-1,-1
13,151,1265,808,54,105,1,2,-1,-1
14,4,1164,170,23,45,1,1,-1,-1
14,13,1529,20,15,49,1,1,-1,-1
14,14,609,429,102,95,1,7,-1,-1
14,32,1330,160,27,56,1,1,-1,-1
14,33,1,773,52,91,1,1,-1,-1
14,34,1242,959,38,79,1,1,-1,-1
14,50,861,754,33,88,1,1,-1,-1
14,51,805,418,22,61,1,1,-1,-1
14,83,1363,672,35,45,1,2,-1,-1
14,84,1414,21,19,43,1,1,-1,-1
14,143,857,842,36,99,1,1,-1,-1
14,144,861,385,20,48,1,1,-1,-1
14,145,872,229,124,79,1,4,-1,-1
14,146,1411,957,56,88,1,1,-1,-1
14,147,1087,615,53,57,1,2,-1,-1
14,148,1351,840,35,49,1,2,-1,-1
14,149,1455,25,13,43,1,1,-1,-1
14,150,1044,560,40,81,1,1,-1,-1
14,151,1236,813,58,112,1,2,-1,-1
14,152,715,739,33,78,1,1,-1,-1
14,153,1546,690,34,40,1,2,-1,-1
14,154,1628,919,72,68,1,2,-1,-1
14,155,879,504,33,82,1,1,-1,-1
15,4,1156,160,26,51,1,1,-1,-1
15,13,1526,19,15,49,1,1,-1,-1
15,14,606,431,102,95,1,7,-1,-1
15,33,1,773,50,91,1,1,-1,-1
15,34,1233,968,47,96,1,1,-1,-1
15,50,859,756,33,88,1,1,-1,-1
15,51,804,421,22,61,1,1,-1,-1
15,84,1411,20,19,43,1,1,-1,-1
15,85,225,916,48,88,1,1,-1,-1
15,144,859,386,20,48,1,1,-1,-1
15,145,868,229,125,79,1,4,-1,-1
15,146,1407,947,62,98,1,1,-1,-1
15,147,1108,599,36,64,1,2,-1,-1
15,148,1349,842,35,49,1,2,-1,-1
15,149,1453,24,13,43,1,1,-1,-1
15,150,1042,561,40,81,1,1,-1,-1
15,151,1234,815,58,112,1,2,-1,-1
15,152,712,741,33,78,1,1,-1,-1
15,153,1561,692,35,41,1,2,-1,-1
15,154,1626,920,72,68,1,2,-1,-1
15,155,887,528,30,74,1,1,-1,-1
15,156,1178,624,63,45,1,2,-1,-1
16,4,1161,169,29,50,1,1,-1,-1
16,13,1523,18,15,49,1,1,-1,-1
16,14,602,433,102,95,1,7,-1,-1
16,33,0,773,48,91,1,1,-1,-1
16,34,1232,971,47,94,1,1,-1,-1
16,50,856,758,33,88,1,1,-1,-1
16,51,802,423,23,62,1,1,-1,-1
16,84,1409,20,19,43,1,1,-1,-1
16,85,210,905,57,103,1,1,-1,-1
16,86,946,682,37,81,1,1,-1,-1
16,147,1106,600,36,64,1,2,-1,-1
16,148,1348,843,35,49,1,2,-1,-1
16,149,1451,24,13,43,1,1,-1,-1
16,150,1050,558,49,98,1,1,-1,-1
16,151,1257,808,57,110,1,2,-1,-1
16,152,710,743,33,78,1,1,-1,-1
16,153,1559,693,35,41,1,2,-1,-1
16,154,1581,907,89,84,1,2,-1,-1
16,155,874,506,33,82,1,1,-1,-1
16,156,1177,625,63,45,1,2,-1,-1
16,157,813,972,129,98,1,7,-1,-1
17,4,1160,173,33,55,1,1,-1,-1
17,13,1521,17,15,49,1,1,-1,-1
17,14,599,435,102,95,1,7,-1,-1
17,33,21,779,55,84,1,1,-1,-1
17,34,1230,975,47,90,1,1,-1,-1
17,51,801,426,23,62,1,1,-1,-1
17,52,105,356,184,103,1,4,-1,-1
17,53,1020,427,23,76,1,1,-1,-1
17,84,1405,19,19,43,1,1,-1,-1
17,85,192,929,48,87,1,1,-1,-1
17,86,945,683,37,81,1,1,-1,-1
17,87,1486,849,52,65,1,2,-1,-1
17,151,1230,819,58,112,1,2,-1,-1
17,152,707,745,33,78,1,1,-1,-1
17,153,1554,702,34,40,1,2,-1,-1
17,154,1624,921,72,68,1,2,-1,-1
17,155,871,507,33,82,1,1,-1,-1
17,156,1175,626,63,45,1,2,-1,-1
17,157,811,975,129,95,1,7,-1,-1
17,158,1460,748,27,69,1,2,-1,-1
18,1,1514,48,107,62,1,4,-1,-1
18,4,1166,164,23,48,1,1,-1,-1
18,10,1120,543,35,60,1,1,-1,-1
18,14,595,437,103,95,1,7,-1,-1
18,34,1229,978,47,88,1,1,-1,-1
18,35,0,773,42,91,1,1,-1,-1
18,51,799,428,23,62,1,1,-1,-1
18,52,123,347,181,102,1,4,-1,-1
18,53,1024,435,22,72,1,1,-1,-1
18,84,1397,17,24,53,1,1,-1,-1
18,85,178,913,67,102,1,1,-1,-1
18,86,943,683,37,81,1,1,-1,-1
18,87,1484,850,51,66,1,2,-1,-1
18,88,1372,965,105,60,1,3,-1,-1
18,89,1445,20,19,45,1,1,-1,-1
18,152,704,747,33,78,1,1,-1,-1
18,153,1557,697,35,41,1,2,-1,-1
18,154,1623,922,72,68,1,2,-1,-1
18,155,865,465,40,99,1,1,-1,-1
18,156,1174,626,63,45,1,2,-1,-1
18,157,809,978,129,92,1,7,-1,-1
18,158,1458,749,27,69,1,2,-1,-1
18,159,298,643,104,97,1,7,-1,-1
19,1,1512,45,113,66,1,4,-1,-1
19,4,1160,178,19,39,1,1,-1,-1
19,10,1118,545,35,60,1,1,-1,-1
19,14,592,439,103,95,1,7,-1,-1
19,34,1227,982,47,84,1,1,-1,-1
19,35,15,783,55,84,1,1,-1,-1
19,51,798,431,23,62,1,1,-1,-1
19,52,141,339,178,101,1,4,-1,-1
19,53,1027,425,21,60,1,1,-1,-1
19,54,608,957,59,105,1,1,-1,-1
19,84,1403,18,25,57,1,1,-1,-1
19,85,181,947,57,101,1,1,-1,-1
19,86,954,666,36,86,1,1,-1,-1
19,87,1491,877,43,56,1,2,-1,-1
19,88,1370,966,106,60,1,3,-1,-1
19,89,1441,22,16,43,1,1,-1,-1
19,156,1172,627,63,45,1,2,-1,-1
19,157,807,982,129,88,1,7,-1,-1
19,158,1457,750,27,69,1,2,-1,-1
19,159,294,645,104,97,1,7,-1,-1
20,1,1508,45,111,65,1,4,-1,-1
20,4,1156,183,20,33,1,1,-1,-1
20,10,1117,546,35,60,1,1,-1,-1
20,14,588,441,103,95,1,7,-1,-1
20,15,874,467,36,40,1,2,-1,-1
20,35,13,784,55,84,1,1,-1,-1
20,52,160,331,175,100,1,4,-1,-1
20,53,1025,428,21,60,1,1,-1,-1
20,54,617,974,48,85,1,1,-1,-1
20,55,543,702,48,51,1,2,-1,-1
20,85,194,904,64,118,1,1,-1,-1
20,86,948,662,33,72,1,1,-1,-1
20,87,1479,852,52,67,1,2,-1,-1
20,88,1369,968,106,60,1,3,-1,-1
20,89,1438,21,19,45,1,1,-1,-1
20,157,786,1004,141,93,1,7,-1,-1
20,158,1455,751,27,69,1,2,-1,-1
20,159,291,648,104,97,1,7,-1,-1
20,160,597,955,48,86,1,1,-1,-1
20,161,1134,964,44,88,1,1,-1,-1
21,1,1503,44,113,65,1,4,-1,-1
21,10,1115,548,35,60,1,1,-1,-1
21,14,585,443,103,95,1,7,-1,-1
21,15,872,468,36,40,1,2,-1,-1
21,35,11,785,55,84,1,1,-1,-1
21,52,175,324,173,100,1,4,-1,-1
21,53,1023,430,21,60,1,1,-1,-1
21,54,625,958,43,71,1,1,-1,-1
21,55,540,704,48,51,1,2,-1,-1
21,56,912,514,25,64,1,1,-1,-1
21,86,939,686,37,81,1,1,-1,-1
21,87,1476,853,52,68,1,2,-1,-1
21,88,1368,970,106,60,1,3,-1,-1
21,89,1435,22,18,43,1,1,-1,-1
21,158,1454,752,27,69,1,2,-1,-1
21,159,287,650,104,98,1,7,-1,-1
21,160,603,930,52,80,1,1,-1,-1
21,161,1134,968,44,86,1,1,-1,-1
21,162,203,940,48,88,1,1,-1,-1
22,1,1499,44,114,64,1,4,-1,-1
22,5,770,848,44,75,1,1,-1,-1
22,10,1113,550,35,60,1,1,-1,-1
22,14,554,441,122,111,1,7,-1,-1
22,15,871,470,36,39,1,2,-1,-1
22,35,9,787,55,84,1,1,-1,-1
22,52,166,328,169,98,1,4,-1,-1
22,53,1021,433,21,60,1,1,-1,-1
22,54,635,978,40,70,1,1,-1,-1
22,55,537,706,48,51,1,2,-1,-1
22,56,910,515,25,64,1,1,-1,-1
22,57,762,835,32,82,1,1,-1,-1
22,87,1474,854,52,69,1,2,-1,-1
22,88,1366,972,107,59,1,3,-1,-1
22,89,1429,16,19,45,1,1,-1,-1
22,159,284,653,104,98,1,7,-1,-1
22,160,599,932,44,68,1,1,-1,-1
22,161,1134,972,45,85,1,1,-1,-1
22,162,200,944,48,88,1,1,-1,-1
22,163,658,731,31,69,1,1,-1,-1
23,1,1495,44,115,64,1,4,-1,-1
23,5,768,877,32,76,1,1,-1,-1
23,10,1111,551,35,60,1,1,-1,-1
23,15,864,470,37,41,1,2,-1,-1
23,35,7,788,55,84,1,1,-1,-1
23,52,206,310,170,100,1,4,-1,-1
23,53,1019,435,21,60,1,1,-1,-1
23,54,627,965,41,72,1,1,-1,-1
23,55,534,708,48,51,1,2,-1,-1
23,56,908,517,25,64,1,1,-1,-1
23,57,769,850,43,73,1,1,-1,-1
23,88,1365,973,107,60,1,3,-1,-1
23,89,1425,16,19,45,1,1,-1,-1
23,90,1336,157,28,52,1,1,-1,-1
23,160,597,938,52,80,1,1,-1,-1
23,161,1134,976,46,84,1,1,-1,-1
23,162,196,949,48,88,1,1,-1,-1
23,163,655,733,31,69,1,1,-1,-1
23,164,807,763,33,99,1,1,-1,-1
23,165,934,689,37,81,1,1,-1,-1
23,166,1174,169,22,52,1,1,-1,-1
24,1,1491,43,117,64,1,4,-1,-1
24,5,751,897,50,91,1,1,-1,-1
24,10,1110,553,35,60,1,1,-1,-1
24,15,868,473,36,39,1,2,-1,-1
24,35,5,789,55,84,1,1,-1,-1
24,54,633,1001,35,62,1,1,-1,-1
24,55,531,710,48,52,1,2,-1,-1
24,56,906,518,25,64,1,1,-1,-1
24,57,767,853,43,71,1,1,-1,-1
24,58,791,444,24,63,1,1,-1,-1
24,90,1334,157,27,52,1,1,-1,-1
24,91,1549,708,35,41,1,2,-1,-1
24,160,595,943,52,80,1,1,-1,-1
24,161,1134,980,47,82,1,1,-1,-1
24,162,192,954,48,88,1,1,-1,-1
24,163,653,736,31,69,1,1,-1,-1
24,164,808,769,41,122,1,1,-1,-1
24,165,932,691,37,81,1,1,-1,-1
24,166,1176,169,25,58,1,1,-1,-1
24,167,692,759,33,79,1,1,-1,-1
24,168,812,503,32,47,1,2,-1,-1
24,169,854,516,33,82,1,1,-1,-1
25,1,1488,57,96,52,1,4,-1,-1
25,5,743,903,48,87,1,1,-1,-1
25,10,1118,553,35,60,1,1,-1,-1
25,15,867,474,36,39,1,2,-1,-1
25,35,3,791,55,84,1,1,-1,-1
25,36,1219,1002,47,67,1,1,-1,-1
25,54,629,975,41,72,1,1,-1,-1
25,55,529,712,48,52,1,2,-1,-1
25,56,904,520,25,64,1,1,-1,-1
25,57,765,855,43,69,1,1,-1,-1
25,58,789,446,25,64,1,1,-1,-1
25,90,1331,157,28,52,1,1,-1,-1
25,91,1548,710,35,41,1,2,-1,-1
25,162,189,959,48,88,1,1,-1,-1
25,163,651,737,31,69,1,1,-1,-1
25,164,795,732,46,137,1,1,-1,-1
25,165,930,693,37,81,1,1,-1,-1
25,166,1170,169,22,51,1,1,-1,-1
25,167,699,763,38,79,1,1,-1,-1
25,168,810,505,32,47,1,2,-1,-1
25,169,851,518,33,82,1,1,-1,-1
25,170,1419,16,19,45,1,1,-1,-1
25,171,1448,756,27,69,1,2,-1,-1
26,1,1499,60,121,64,1,4,-1,-1
26,5,740,904,48,87,1,1,-1,-1
26,10,1106,556,35,60,1,1,-1,-1
26,15,866,476,35,38,1,2,-1,-1
26,36,1218,1006,47,64,1,1,-1,-1
26,55,528,715,48,52,1,2,-1,-1
26,56,902,522,25,64,1,1,-1,-1
26,57,763,857,43,68,1,1,-1,-1
26,58,788,449,25,64,1,1,-1,-1
26,90,1329,156,27,52,1,1,-1,-1
26,91,1547,712,35,41,1,2,-1,-1
26,163,649,739,31,69,1,1,-1,-1
26,164,801,777,38,115,1,1,-1,-1
26,165,928,695,36,81,1,1,-1,-1
26,166,1169,168,22,52,1,1,-1,-1
26,167,713,769,43,91,1,1,-1,-1
26,168,808,506,32,47,1,2,-1,-1
26,169,849,520,33,82,1,1,-1,-1
26,170,1416,16,19,45,1,1,-1,-1
26,171,1447,758,27,69,1,2,-1,-1
26,172,1290,648,33,25,1,2,-1,-1
26,173,1377,12,19,43,1,1,-1,-1
26,174,1431,631,28,41,1,2,-1,-1
26,175,1465,633,27,44,1,2,-1,-1
26,176,1493,2,15,47,1,1,-1,-1
27,1,1479,43,121,63,1,4,-1,-1
27,5,737,905,48,87,1,1,-1,-1
27,10,1105,558,35,60,1,1,-1,-1
27,15,864,477,36,38,1,2,-1,-1
27,18,1404,119,144,68,1,4,-1,-1
27,36,1217,1008,47,61,1,1,-1,-1
27,56,900,523,25,64,1,1,-1,-1
27,57,761,859,43,66,1,1,-1,-1
27,58,786,451,26,65,1,1,-1,-1
27,90,1326,156,28,52,1,1,-1,-1
27,91,1546,714,35,41,1,2,-1,-1
27,92,565,438,106,98,1,7,-1,-1
27,93,903,333,37,60,1,10,-1,-1
27,94,5,790,55,85,1,1,-1,-1
27,164,801,774,33,99,1,1,-1,-1
27,165,926,697,36,81,1,1,-1,-1
27,166,1167,168,22,51,1,1,-1,-1
27,167,712,773,43,90,1,1,-1,-1
27,168,806,508,32,47,1,2,-1,-1
27,169,836,524,41,101,1,1,-1,-1
27,170,1411,28,19,43,1,1,-1,-1
27,171,1446,760,27,69,1,2,-1,-1
27,172,1289,650,33,25,1,2,-1,-1
27,173,1375,12,19,43,1,1,-1,-1
27,174,1433,640,27,39,1,2,-1,-1
27,175,1464,632,27,45,1,2,-1,-1
27,176,1491,12,15,49,1,1,-1,-1
27,177,727,382,30,69,1,1,-1,-1
27,178,40,701,212,183,1,8,-1,-1
28,1,1475,43,133,65,1,4,-1,-1
28,5,734,907,48,87,1,1,-1,-1
28,10,1103,560,35,60,1,1,-1,-1
28,15,863,479,36,38,1,2,-1,-1
28,18,1402,119,144,68,1,4,-1,-1
28,36,1217,1010,47,59,1,1,-1,-1
28,57,779,860,30,71,1,1,-1,-1
28,58,785,454,26,65,1,1,-1,-1
28,59,689,761,42,88,1,1,-1,-1
28,90,1323,156,28,52,1,1,-1,-1
28,91,1547,731,29,34,1,2,-1,-1
28,92,595,466,96,89,1,7,-1,-1
28,93,900,334,37,60,1,10,-1,-1
28,94,6,790,55,85,1,1,-1,-1
28,167,710,776,43,90,1,1,-1,-1
28,168,804,509,32,47,1,2,-1,-1
28,169,819,501,46,115,1,1,-1,-1
28,170,1409,27,19,43,1,1,-1,-1
28,171,1446,763,27,69,1,2,-1,-1
28,172,1288,652,33,25,1,2,-1,-1
28,173,1373,11,19,43,1,1,-1,-1
28,174,1433,641,27,39,1,2,-1,-1
28,175,1462,631,27,45,1,2,-1,-1
28,176,1489,2,15,47,1,1,-1,-1
28,177,724,393,32,74,1,1,-1,-1
28,178,75,717,195,169,1,8,-1,-1
29,1,1472,43,145,67,1,4,-1,-1
29,5,732,908,48,87,1,1,-1,-1
29,15,843,476,39,42,1,2,-1,-1
29,18,1413,117,123,58,1,4,-1,-1
29,36,1217,1012,47,57,1,1,-1,-1
29,58,784,457,26,65,1,1,-1,-1
29,59,683,770,33,79,1,1,-1,-1
29,60,829,406,20,48,1,1,-1,-1
29,91,1544,720,35,41,1,2,-1,-1
29,92,566,455,104,96,1,7,-1,-1
29,93,897,335,37,60,1,10,-1,-1
29,94,7,790,55,85,1,1,-1,-1
29,170,1407,27,19,43,1,1,-1,-1
29,171,1445,766,27,69,1,2,-1,-1
29,172,1295,647,36,27,1,2,-1,-1
29,173,1371,11,19,43,1,1,-1,-1
29,174,1432,643,27,39,1,2,-1,-1
29,175,1461,630,27,46,1,2,-1,-1
29,176,1490,9,15,49,1,1,-1,-1
29,177,725,383,30,69,1,1,-1,-1
29,178,40,707,219,189,1,8,-1,-1
29,179,565,970,21,51,1,2,-1,-1
30,1,1463,71,127,71,1,4,-1,-1
30,5,730,910,48,87,1,1,-1,-1
30,18,1400,121,144,68,1,4,-1,-1
30,36,1217,1014,47,55,1,1,-1,-1
30,58,782,459,26,65,1,1,-1,-1
30,59,682,773,33,79,1,1,-1,-1
30,60,827,408,20,48,1,1,-1,-1
30,92,564,457,104,96,1,7,-1,-1
30,93,894,336,37,60,1,10,-1,-1
30,94,9,794,56,86,1,1,-1,-1
30,95,1296,158,29,59,1,1,-1,-1
30,172,1287,655,33,25,1,2,-1,-1
30,173,1370,10,19,43,1,1,-1,-1
30,174,1431,644,27,39,1,2,-1,-1
30,175,1460,629,27,46,1,2,-1,-1
30,176,1486,2,15,47,1,1,-1,-1
30,177,724,383,30,69,1,1,-1,-1
30,178,37,709,220,190,1,8,-1,-1
30,179,565,974,21,51,1,2,-1,-1
30,180,1335,858,35,49,1,2,-1,-1
31,1,1469,43,118,65,1,4,-1,-1
31,5,728,911,48,87,1,1,-1,-1
31,6,804,417,28,68,1,1,-1,-1
31,18,1399,121,144,68,1,4,-1,-1
31,36,1217,1016,47,53,1,1,-1,-1
31,59,680,775,33,79,1,1,-1,-1
31,60,825,409,20,48,1,1,-1,-1
31,61,796,784,33,99,1,1,-1,-1
31,92,563,458,104,96,1,7,-1,-1
31,93,893,337,37,60,1,10,-1,-1
31,94,9,790,55,85,1,1,-1,-1
31,95,1292,152,27,55,1,1,-1,-1
31,177,724,384,30,69,1,1,-1,-1
31,178,34,706,244,210,1,8,-1,-1
31,179,565,978,21,51,1,2,-1,-1
31,180,1333,858,35,49,1,2,-1,-1
31,181,1376,790,31,55,1,2,-1,-1
31,182,1212,851,58,105,1,2,-1,-1
32,1,1468,44,120,65,1,4,-1,-1
32,5,727,913,48,87,1,1,-1,-1
32,6,802,418,28,68,1,1,-1,-1
32,18,1392,120,163,77,1,4,-1,-1
32,19,1607,941,72,68,1,2,-1,-1
32,36,1217,1018,47,51,1,1,-1,-1
32,59,678,777,33,79,1,1,-1,-1
32,60,823,411,20,48,1,1,-1,-1
32,61,794,787,33,99,1,1,-1,-1
32,92,561,459,104,96,1,7,-1,-1
32,93,903,325,35,56,1,10,-1,-1
32,94,4,778,45,69,1,1,-1,-1
32,95,1292,151,27,55,1,1,-1,-1
32,96,832,795,33,88,1,1,-1,-1
32,97,982,463,28,76,1,1,-1,-1
32,179,565,982,21,51,1,2,-1,-1
32,180,1332,859,35,49,1,2,-1,-1
32,181,1375,793,31,55,1,2,-1,-1
32,182,1211,854,58,104,1,2,-1,-1
32,183,1375,567,33,47,1,2,-1,-1
33,5,725,915,48,87,1,1,-1,-1
33,6,801,394,27,64,1,1,-1,-1
33,7,738,490,32,50,1,2,-1,-1
33,18,1397,123,144,68,1,4,-1,-1
33,19,1608,944,72,68,1,2,-1,-1
33,59,677,779,33,79,1,1,-1,-1
33,60,821,412,20,48,1,1,-1,-1
33,61,793,790,33,99,1,1,-1,-1
33,95,1292,151,27,55,1,1,-1,-1
33,96,839,806,27,72,1,1,-1,-1
33,97,981,465,29,76,1,1,-1,-1
33,98,1482,1,15,47,1,1,-1,-1
33,179,568,964,23,55,1,2,-1,-1
33,180,1330,859,35,49,1,2,-1,-1
33,181,1374,795,31,55,1,2,-1,-1
33,182,1210,857,58,103,1,2,-1,-1
33,183,1377,568,33,47,1,2,-1,-1
33,184,616,519,46,42,1,2,-1,-1
34,5,715,934,49,90,1,1,-1,-1
34,6,800,395,27,64,1,1,-1,-1
34,7,736,491,31,50,1,2,-1,-1
34,18,1396,123,144,68,1,4,-1,-1
34,19,1608,947,72,68,1,2,-1,-1
34,37,379,234,142,91,1,4,-1,-1
34,38,1467,46,122,64,1,4,-1,-1
34,59,675,781,33,79,1,1,-1,-1
34,60,811,408,22,54,1,1,-1,-1
34,61,799,809,31,92,1,1,-1,-1
34,95,1292,150,27,56,1,1,-1,-1
34,96,829,800,33,88,1,1,-1,-1
34,97,981,468,28,76,1,1,-1,-1
34,98,1489,5,15,49,1,1,-1,-1
34,180,1329,859,35,49,1,2,-1,-1
34,181,1373,797,31,55,1,2,-1,-1
34,182,1210,859,58,103,1,2,-1,-1
34,183,1379,569,33,47,1,2,-1,-1
34,184,613,520,46,42,1,2,-1,-1
35,6,797,421,28,68,1,1,-1,-1
35,7,735,498,30,47,1,2,-1,-1
35,18,1395,124,144,68,1,4,-1,-1
35,19,1609,950,72,68,1,2,-1,-1
35,37,392,228,141,90,1,4,-1,-1
35,38,1466,47,124,63,1,4,-1,-1
35,39,453,724,28,56,1,1,-1,-1
35,40,1283,664,33,25,1,2,-1,-1
35,60,817,415,20,48,1,1,-1,-1
35,61,790,795,33,99,1,1,-1,-1
35,62,568,774,40,88,1,1,-1,-1
35,95,1292,150,27,56,1,1,-1,-1
35,96,828,803,33,88,1,1,-1,-1
35,97,980,471,29,76,1,1,-1,-1
35,98,1482,1,15,47,1,1,-1,-1
35,99,387,521,153,118,1,5,-1,-1
35,100,889,632,30,64,1,1,-1,-1
35,181,1373,800,31,55,1,2,-1,-1
35,182,1200,835,69,121,1,2,-1,-1
35,183,1381,570,33,47,1,2,-1,-1
35,184,611,522,46,42,1,2,-1,-1
36,6,795,422,28,68,1,1,-1,-1
36,7,732,494,31,49,1,2,-1,-1
36,19,1610,954,72,68,1,2,-1,-1
36,37,406,222,140,89,1,4,-1,-1
36,38,1466,48,124,63,1,4,-1,-1
36,39,452,726,28,56,1,1,-1,-1
36,40,1283,666,33,25,1,2,-1,-1
36,61,789,798,33,99,1,1,-1,-1
36,62,567,777,40,88,1,1,-1,-1
36,63,829,539,33,82,1,1,-1,-1
36,96,827,806,33,88,1,1,-1,-1
36,97,979,473,29,76,1,1,-1,-1
36,98,1482,1,15,47,1,1,-1,-1
36,99,386,546,156,120,1,5,-1,-1
36,100,890,632,30,64,1,1,-1,-1
36,101,1220,786,19,53,1,2,-1,-1
36,183,1383,572,33,47,1,2,-1,-1
36,184,609,524,46,42,1,2,-1,-1
37,6,794,423,28,68,1,1,-1,-1
37,7,731,496,31,49,1,2,-1,-1
37,19,1610,957,72,68,1,2,-1,-1
37,37,419,216,140,88,1,4,-1,-1
37,38,1465,48,126,63,1,4,-1,-1
37,39,451,728,28,56,1,1,-1,-1
37,40,1283,667,33,25,1,2,-1,-1
37,61,787,800,33,99,1,1,-1,-1
37,62,567,779,39,88,1,1,-1,-1
37,63,828,541,34,82,1,1,-1,-1
37,96,826,808,33,88,1,1,-1,-1
37,97,979,476,28,76,1,1,-1,-1
37,98,1482,1,15,46,1,1,-1,-1
37,99,359,520,193,148,1,5,-1,-1
37,100,891,632,30,64,1,1,-1,-1
37,101,1219,788,19,53,1,2,-1,-1
37,102,1201,643,25,51,1,2,-1,-1
37,184,607,525,46,42,1,2,-1,-1
38,6,794,401,27,64,1,1,-1,-1
38,7,734,504,34,54,1,2,-1,-1
38,19,1633,963,85,80,1,2,-1,-1
38,37,433,210,139,87,1,4,-1,-1
38,38,1464,49,128,63,1,4,-1,-1
38,39,450,731,28,56,1,1,-1,-1
38,40,1283,669,33,25,1,2,-1,-1
38,62,567,782,39,88,1,1,-1,-1
38,63,828,543,33,82,1,1,-1,-1
38,64,1453,636,27,49,1,2,-1,-1
38,98,1482,1,15,46,1,1,-1,-1
38,99,358,523,194,147,1,5,-1,-1
38,100,891,633,30,64,1,1,-1,-1
38,101,1217,790,21,54,1,2,-1,-1
38,102,1200,644,25,51,1,2,-1,-1
38,185,1089,578,35,60,1,1,-1,-1
39,6,793,403,27,64,1,1,-1,-1
39,7,729,500,31,49,1,2,-1,-1
39,19,1611,963,72,68,1,2,-1,-1
39,37,447,204,138,86,1,4,-1,-1
39,38,1464,50,128,62,1,4,-1,-1
39,39,448,734,28,56,1,1,-1,-1
39,40,1283,671,33,25,1,2,-1,-1
39,62,565,785,39,88,1,1,-1,-1
39,63,817,533,35,84,1,1,-1,-1
39,64,1455,638,27,49,1,2,-1,-1
39,99,357,525,194,147,1,5,-1,-1
39,100,892,633,30,64,1,1,-1,-1
39,101,1216,793,23,54,1,2,-1,-1
39,102,1199,646,25,51,1,2,-1,-1
39,103,1441,824,27,70,1,2,-1,-1
39,104,1461,906,52,59,1,2,-1,-1
39,185,1088,580,35,60,1,1,-1,-1
40,6,791,405,27,64,1,1,-1,-1
40,7,728,502,31,49,1,2,-1,-1
40,19,1612,966,72,68,1,2,-1,-1
40,37,460,198,137,85,1,4,-1,-1
40,38,1463,51,130,62,1,4,-1,-1
40,39,446,738,28,55,1,1,-1,-1
40,40,1283,673,33,25,1,2,-1,-1
40,62,563,788,39,88,1,1,-1,-1
40,63,826,548,34,82,1,1,-1,-1
40,64,1457,658,31,45,1,2,-1,-1
40,65,387,776,44,49,1,2,-1,-1
40,66,1140,180,24,41,1,1,-1,-1
40,99,356,527,194,148,1,5,-1,-1
40,100,893,633,30,64,1,1,-1,-1
40,101,1215,820,20,45,1,2,-1,-1
40,102,1197,647,25,51,1,2,-1,-1
40,103,1442,794,27,69,1,2,-1,-1
40,104,1461,910,52,57,1,2,-1,-1
40,185,1087,582,35,60,1,1,-1,-1
41,6,788,429,28,68,1,1,-1,-1
41,7,721,484,38,60,1,2,-1,-1
41,37,474,192,136,84,1,4,-1,-1
41,38,1462,52,132,62,1,4,-1,-1
41,39,444,742,28,54,1,1,-1,-1
41,40,1283,674,33,25,1,2,-1,-1
41,62,562,791,39,88,1,1,-1,-1
41,63,826,550,33,82,1,1,-1,-1
41,64,1457,640,27,49,1,2,-1,-1
41,65,385,778,44,49,1,2,-1,-1
41,66,1140,180,24,41,1,1,-1,-1
41,67,2,928,67,91,1,1,-1,-1
41,101,1214,798,26,56,1,2,-1,-1
41,102,1196,648,25,51,1,2,-1,-1
41,103,1441,796,27,69,1,2,-1,-1
41,104,1461,914,52,56,1,2,-1,-1
41,105,872,610,42,82,1,1,-1,-1
41,185,1086,584,35,60,1,1,-1,-1
42,6,787,430,28,68,1,1,-1,-1
42,7,726,506,31,49,1,2,-1,-1
42,39,442,745,28,54,1,1,-1,-1
42,40,1283,676,33,25,1,2,-1,-1
42,41,527,977,48,84,1,1,-1,-1
42,63,825,552,34,82,1,1,-1,-1
42,64,1459,642,27,49,1,2,-1,-1
42,65,383,781,44,49,1,2,-1,-1
42,66,1140,180,24,41,1,1,-1,-1
42,67,1,931,65,91,1,1,-1,-1
42,102,1201,657,23,48,1,2,-1,-1
42,103,1441,798,27,69,1,2,-1,-1
42,104,1461,918,52,54,1,2,-1,-1
42,105,868,615,42,82,1,1,-1,-1
42,185,1086,587,35,60,1,1,-1,-1
42,186,1131,647,63,66,1,2,-1,-1
43,6,786,411,27,64,1,1,-1,-1
43,7,724,508,31,49,1,2,-1,-1
43,16,1045,667,52,56,1,2,-1,-1
43,41,524,979,48,82,1,1,-1,-1
43,64,1452,641,27,49,1,2,-1,-1
43,65,380,783,44,49,1,2,-1,-1
43,66,1140,180,24,41,1,1,-1,-1
43,67,1,934,63,91,1,1,-1,-1
43,103,1441,800,27,69,1,2,-1,-1
43,104,1461,923,52,52,1,2,-1,-1
43,105,864,620,42,82,1,1,-1,-1
43,106,1198,890,57,96,1,2,-1,-1
43,186,1129,648,63,68,1,2,-1,-1
44,7,723,510,31,49,1,2,-1,-1
44,16,1045,669,51,56,1,2,-1,-1
44,41,516,962,44,74,1,1,-1,-1
44,64,1445,640,27,49,1,2,-1,-1
44,65,378,786,44,49,1,2,-1,-1
44,66,1140,180,24,41,1,1,-1,-1
44,67,25,920,67,100,1,1,-1,-1
44,103,1440,803,27,69,1,2,-1,-1
44,104,1459,925,52,52,1,2,-1,-1
44,105,860,625,42,82,1,1,-1,-1
44,106,1196,894,58,95,1,2,-1,-1
44,186,1128,649,63,70,1,2,-1,-1
44,187,234,705,105,112,1,7,-1,-1
44,188,896,635,30,64,1,1,-1,-1
45,16,1044,671,52,56,1,2,-1,-1
45,20,753,503,28,67,1,1,-1,-1
45,41,520,985,48,77,1,1,-1,-1
45,65,376,789,44,49,1,2,-1,-1
45,66,1140,180,24,41,1,1,-1,-1
45,67,1,940,59,91,1,1,-1,-1
45,105,857,628,41,84,1,1,-1,-1
45,106,1195,898,57,94,1,2,-1,-1
45,107,783,543,18,43,1,1,-1,-1
45,186,1127,650,63,73,1,2,-1,-1
45,187,232,707,106,112,1,7,-1,-1
45,188,896,635,33,71,1,1,-1,-1
45,189,1292,861,35,49,1,2,-1,-1
46,16,1043,673,52,56,1,2,-1,-1
46,20,751,506,28,67,1,1,-1,-1
46,41,517,988,48,75,1,1,-1,-1
46,65,374,791,44,49,1,2,-1,-1
46,66,1140,180,24,41,1,1,-1,-1
46,67,0,943,58,91,1,1,-1,-1
46,68,1279,684,33,25,1,2,-1,-1
46,105,867,607,37,77,1,1,-1,-1
46,106,1193,902,57,93,1,2,-1,-1
46,107,775,538,32,47,1,2,-1,-1
46,108,721,514,31,49,1,2,-1,-1
46,109,39,783,55,84,1,1,-1,-1
46,186,1125,652,61,73,1,2,-1,-1
46,187,229,709,107,112,1,7,-1,-1
46,188,896,641,30,64,1,1,-1,-1
46,189,1288,863,35,49,1,2,-1,-1
46,190,1049,554,45,52,1,2,-1,-1
47,16,1043,675,52,56,1,2,-1,-1
47,20,748,509,29,67,1,1,-1,-1
47,41,515,990,48,74,1,1,-1,-1
47,67,0,946,56,91,1,1,-1,-1
47,68,1278,687,33,25,1,2,-1,-1
47,106,1192,906,57,93,1,2,-1,-1
47,107,774,540,32,47,1,2,-1,-1
47,108,720,516,31,49,1,2,-1,-1
47,109,41,783,55,84,1,1,-1,-1
47,187,214,703,105,109,1,7,-1,-1
47,188,897,645,30,64,1,1,-1,-1
47,189,1285,864,35,49,1,2,-1,-1
47,190,1052,554,45,52,1,2,-1,-1
48,16,1042,677,52,56,1,2,-1,-1
48,20,746,513,29,67,1,1,-1,-1
48,41,513,993,48,71,1,1,-1,-1
48,68,1276,689,33,25,1,2,-1,-1
48,106,1190,910,57,93,1,2,-1,-1
48,107,772,542,32,47,1,2,-1,-1
48,108,719,518,31,49,1,2,-1,-1
48,109,43,783,55,84,1,1,-1,-1
48,187,225,714,108,112,1,7,-1,-1
48,188,898,645,30,64,1,1,-1,-1
48,189,1281,866,35,49,1,2,-1,-1
48,190,1051,555,45,52,1,2,-1,-1
48,191,656,593,31,54,1,1,-1,-1
49,16,1064,662,36,64,1,2,-1,-1
49,20,744,516,28,67,1,1,-1,-1
49,41,500,990,60,87,1,1,-1,-1
49,68,1274,691,33,25,1,2,-1,-1
49,107,771,543,32,47,1,2,-1,-1
49,108,718,520,31,49,1,2,-1,-1
49,109,46,783,55,84,1,1,-1,-1
49,189,1278,868,35,49,1,2,-1,-1
49,190,1050,556,45,52,1,2,-1,-1
49,191,651,596,32,54,1,1,-1,-1
49,192,605,563,52,47,1,2,-1,-1
49,193,1382,133,144,68,1,4,-1,-1
49,194,722,844,40,100,1,1,-1,-1
50,2,775,441,28,68,1,1,-1,-1
50,16,1063,663,36,64,1,2,-1,-1
50,20,741,519,29,67,1,1,-1,-1
50,68,1273,694,33,25,1,2,-1,-1
50,107,769,545,32,47,1,2,-1,-1
50,108,717,522,31,49,1,2,-1,-1
50,109,49,783,55,84,1,1,-1,-1
50,110,798,438,20,48,1,1,-1,-1
50,111,1399,20,22,52,1,1,-1,-1
50,190,1049,557,45,52,1,2,-1,-1
50,191,647,598,31,55,1,1,-1,-1
50,192,597,556,45,41,1,2,-1,-1
50,193,1382,133,144,68,1,4,-1,-1
50,194,722,844,40,100,1,1,-1,-1
50,195,1214,632,31,57,1,2,-1,-1
50,196,508,999,48,66,1,1,-1,-1
51,2,774,427,27,64,1,1,-1,-1
51,16,1063,665,36,64,1,2,-1,-1
51,20,739,522,29,67,1,1,-1,-1
51,42,1338,722,42,54,1,2,-1,-1
51,68,1271,696,33,25,1,2,-1,-1
51,69,905,750,36,82,1,1,-1,-1
51,108,716,523,31,49,1,2,-1,-1
51,109,24,786,63,96,1,1,-1,-1
51,110,797,439,20,48,1,1,-1,-1
51,111,1395,16,19,43,1,1,-1,-1
51,191,642,601,32,55,1,1,-1,-1
51,192,590,550,45,42,1,2,-1,-1
51,193,1381,134,144,68,1,4,-1,-1
51,194,722,845,40,100,1,1,-1,-1
51,195,1212,634,31,57,1,2,-1,-1
51,196,506,1001,48,65,1,1,-1,-1
51,197,837,527,29,26,1,2,-1,-1
52,2,772,429,27,64,1,1,-1,-1
52,11,1443,4,15,42,1,1,-1,-1
52,16,1063,666,36,64,1,2,-1,-1
52,20,737,525,29,67,1,1,-1,-1
52,21,163,967,123,83,1,10,-1,-1
52,42,1330,735,35,45,1,2,-1,-1
52,68,1270,699,33,25,1,2,-1,-1
52,69,905,753,36,82,1,1,-1,-1
52,110,796,441,20,48,1,1,-1,-1
52,111,1391,10,15,45,1,1,-1,-1
52,191,638,603,31,56,1,1,-1,-1
52,192,589,552,45,42,1,2,-1,-1
52,193,1380,135,144,68,1,4,-1,-1
52,194,722,845,40,100,1,1,-1,-1
52,195,1211,636,31,57,1,2,-1,-1
52,196,503,1004,48,63,1,1,-1,-1
52,197,832,515,35,32,1,2,-1,-1
52,198,1439,668,40,57,1,2,-1,-1
53,2,771,431,27,64,1,1,-1,-1
53,11,1442,4,15,42,1,1,-1,-1
53,20,735,529,29,67,1,1,-1,-1
53,21,161,971,123,82,1,10,-1,-1
53,42,1329,737,35,45,1,2,-1,-1
53,69,904,755,36,82,1,1,-1,-1
53,110,795,443,20,48,1,1,-1,-1
53,111,1391,10,15,45,1,1,-1,-1
53,112,214,726,112,112,1,7,-1,-1
53,113,1442,947,52,52,1,2,-1,-1
53,192,587,553,46,42,1,2,-1,-1
53,193,1380,135,144,68,1,4,-1,-1
53,194,705,843,39,98,1,1,-1,-1
53,195,1210,638,31,57,1,2,-1,-1
53,196,501,1007,48,60,1,1,-1,-1
53,197,831,516,35,32,1,2,-1,-1
53,198,1437,668,27,49,1,2,-1,-1
53,199,1603,1001,72,59,1,2,-1,-1
53,200,880,517,24,49,1,2,-1,-1
54,2,770,447,28,68,1,1,-1,-1
54,11,1442,5,14,42,1,1,-1,-1
54,21,159,974,123,82,1,10,-1,-1
54,42,1328,739,35,45,1,2,-1,-1
54,69,904,758,36,82,1,1,-1,-1
54,110,796,466,18,43,1,1,-1,-1
54,111,1391,10,15,45,1,1,-1,-1
54,112,198,709,92,91,1,7,-1,-1
54,113,1441,950,52,52,1,2,-1,-1
54,195,1209,640,31,57,1,2,-1,-1
54,196,508,1015,46,55,1,1,-1,-1
54,197,830,517,35,32,1,2,-1,-1
54,198,1435,668,27,49,1,2,-1,-1
54,199,1603,1003,72,59,1,2,-1,-1
54,200,879,519,24,48,1,2,-1,-1
54,201,811,572,34,82,1,1,-1,-1
54,202,1029,716,54,58,1,2,-1,-1
54,203,1074,609,34,61,1,1,-1,-1
55,2,776,441,28,67,1,1,-1,-1
55,11,1437,5,15,43,1,1,-1,-1
55,21,133,986,104,69,1,10,-1,-1
55,42,1327,741,35,45,1,2,-1,-1
55,69,904,761,36,82,1,1,-1,-1
55,110,793,445,20,48,1,1,-1,-1
55,111,1391,10,15,45,1,1,-1,-1
55,112,209,730,114,112,1,7,-1,-1
55,113,1440,954,52,52,1,2,-1,-1
55,114,600,487,39,76,1,1,-1,-1
55,197,829,518,35,32,1,2,-1,-1
55,198,1434,669,27,49,1,2,-1,-1
55,199,1602,1006,72,58,1,2,-1,-1
55,200,878,520,24,48,1,2,-1,-1
55,201,810,574,34,82,1,1,-1,-1
55,202,1036,691,52,56,1,2,-1,-1
55,203,1073,611,34,61,1,1,-1,-1
55,204,831,680,40,88,1,1,-1,-1
55,205,944,538,31,73,1,1,-1,-1
55,206,1197,829,33,59,1,2,-1,-1
55,207,754,667,29,46,1,1,-1,-1
56,2,769,436,27,64,1,1,-1,-1
56,11,1441,6,14,43,1,1,-1,-1
56,21,155,981,123,81,1,10,-1,-1
56,42,1326,743,35,45,1,2,-1,-1
56,69,903,764,36,82,1,1,-1,-1
56,112,207,733,114,112,1,7,-1,-1
56,113,1439,957,52,52,1,2,-1,-1
56,114,599,489,39,76,1,1,-1,-1
56,115,620,829,36,86,1,1,-1,-1
56,116,1352,852,31,59,1,2,-1,-1
56,198,1432,670,27,49,1,2,-1,-1
56,199,1601,1008,72,58,1,2,-1,-1
56,200,877,522,24,47,1,2,-1,-1
56,201,809,575,34,82,1,1,-1,-1
56,202,1035,693,52,56,1,2,-1,-1
56,203,1072,612,33,62,1,1,-1,-1
56,204,829,686,40,88,1,1,-1,-1
56,205,942,541,32,73,1,1,-1,-1
56,206,1196,831,33,59,1,2,-1,-1
56,207,753,668,28,46,1,1,-1,-1
56,208,712,532,31,49,1,2,-1,-1
56,209,821,353,36,53,1,2,-1,-1
57,2,768,437,27,64,1,1,-1,-1
57,8,801,257,124,86,1,4,-1,-1
57,11,1440,7,15,43,1,1,-1,-1
57,12,1400,26,15,46,1,1,-1,-1
57,21,153,984,123,81,1,10,-1,-1
57,42,1325,745,35,45,1,2,-1,-1
57,69,903,767,36,82,1,1,-1,-1
57,112,205,735,115,112,1,7,-1,-1
57,113,1438,960,52,52,1,2,-1,-1
57,114,598,491,39,76,1,1,-1,-1
57,115,629,843,33,79,1,1,-1,-1
57,116,1351,853,31,59,1,2,-1,-1
57,117,0,784,213,211,1,8,-1,-1
57,199,1600,1011,72,57,1,2,-1,-1
57,200,885,506,28,55,1,2,-1,-1
57,201,808,577,34,82,1,1,-1,-1
57,202,1060,694,28,50,1,2,-1,-1
57,203,1071,614,33,62,1,1,-1,-1
57,204,818,715,37,81,1,1,-1,-1
57,205,941,545,31,71,1,1,-1,-1
57,206,1195,833,33,59,1,2,-1,-1
57,207,751,669,28,47,1,1,-1,-1
57,208,712,534,31,49,1,2,-1,-1
57,209,820,355,36,53,1,2,-1,-1
57,210,721,829,50,123,1,1,-1,-1
58,2,764,452,28,68,1,1,-1,-1
58,8,800,257,124,87,1,4,-1,-1
58,11,1440,8,14,43,1,1,-1,-1
58,12,1393,16,19,43,1,1,-1,-1
58,21,151,988,123,81,1,10,-1,-1
58,42,1324,747,35,45,1,2,-1,-1
58,112,203,738,116,112,1,7,-1,-1
58,113,1437,963,52,52,1,2,-1,-1
58,114,596,492,39,76,1,1,-1,-1
58,115,628,844,33,79,1,1,-1,-1
58,116,1351,854,31,59,1,2,-1,-1
58,117,23,803,175,175,1,8,-1,-1
58,201,806,578,34,82,1,1,-1,-1
58,202,1033,697,52,56,1,2,-1,-1
58,203,1069,615,34,62,1,1,-1,-1
58,204,815,724,36,80,1,1,-1,-1
58,205,939,548,32,70,1,1,-1,-1
58,206,1194,834,33,59,1,2,-1,-1
58,207,749,670,29,47,1,1,-1,-1
58,208,711,535,31,49,1,2,-1,-1
58,209,819,356,36,53,1,2,-1,-1
58,210,726,847,40,99,1,1,-1,-1
59,2,763,454,28,68,1,1,-1,-1
59,8,799,257,124,88,1,4,-1,-1
59,11,1439,8,15,43,1,1,-1,-1
59,12,1395,21,18,41,1,1,-1,-1
59,21,150,989,123,80,1,10,-1,-1
59,70,678,919,48,88,1,1,-1,-1
59,114,595,494,39,76,1,1,-1,-1
59,115,626,846,33,79,1,1,-1,-1
59,116,1351,855,31,59,1,2,-1,-1
59,117,0,789,210,212,1,8,-1,-1
59,204,821,703,40,88,1,1,-1,-1
59,205,938,551,31,70,1,1,-1,-1
59,206,1193,836,33,59,1,2,-1,-1
59,207,751,669,29,49,1,1,-1,-1
59,208,710,537,31,49,1,2,-1,-1
59,209,819,357,35,54,1,2,-1,-1
59,210,727,847,40,99,1,1,-1,-1
60,2,761,454,28,68,1,1,-1,-1
60,8,814,241,103,74,1,4,-1,-1
60,11,1439,9,14,43,1,1,-1,-1
60,12,1391,10,15,45,1,1,-1,-1
60,21,149,991,123,78,1,10,-1,-1
60,70,677,919,48,88,1,1,-1,-1
60,114,594,495,39,76,1,1,-1,-1
60,115,624,847,33,79,1,1,-1,-1
60,116,1351,856,31,59,1,2,-1,-1
60,117,0,791,209,212,1,8,-1,-1
60,118,854,367,43,62,1,10,-1,-1
60,208,710,539,31,49,1,2,-1,-1
60,209,818,358,35,54,1,2,-1,-1
60,210,728,848,40,99,1,1,-1,-1
60,211,873,528,24,45,1,2,-1,-1
60,212,1494,2,15,48,1,1,-1,-1
61,2,760,455,28,68,1,1,-1,-1
61,3,1375,140,144,68,1,4,-1,-1
61,8,797,258,124,90,1,4,-1,-1
61,11,1438,10,15,43,1,1,-1,-1
61,12,1391,10,15,45,1,1,-1,-1
61,43,1191,840,33,59,1,2,-1,-1
61,70,677,918,47,88,1,1,-1,-1
61,115,622,849,33,79,1,1,-1,-1
61,116,1350,858,31,59,1,2,-1,-1
61,117,0,793,207,212,1,8,-1,-1
61,118,867,372,41,59,1,10,-1,-1
61,210,708,865,49,121,1,1,-1,-1
61,211,872,529,24,45,1,2,-1,-1
61,212,1495,2,14,48,1,1,-1,-1
62,2,759,456,28,68,1,1,-1,-1
62,3,1375,140,144,68,1,4,-1,-1
62,8,797,259,123,90,1,4,-1,-1
62,11,1438,10,14,44,1,1,-1,-1
62,12,1391,10,15,45,1,1,-1,-1
62,43,1190,842,33,59,1,2,-1,-1
62,70,678,917,46,88,1,1,-1,-1
62,117,0,795,206,212,1,8,-1,-1
62,118,866,373,41,59,1,10,-1,-1
62,211,872,530,24,45,1,2,-1,-1
62,212,1495,2,14,47,1,1,-1,-1
62,213,696,318,111,104,1,4,-1,-1
62,214,1364,560,24,53,1,2,-1,-1
63,2,764,447,27,64,1,1,-1,-1
63,3,1379,151,159,75,1,4,-1,-1
63,8,796,259,123,91,1,4,-1,-1
63,12,1393,15,19,43,1,1,-1,-1
63,43,1189,844,33,59,1,2,-1,-1
63,70,678,916,45,88,1,1,-1,-1
63,118,865,374,41,59,1,10,-1,-1
63,119,744,677,28,48,1,1,-1,-1
63,211,857,538,33,41,1,2,-1,-1
63,212,1495,2,14,47,1,1,-1,-1
63,213,695,319,111,104,1,4,-1,-1
63,214,1365,560,25,53,1,2,-1,-1
63,215,59,769,43,91,1,1,-1,-1
63,216,619,852,33,79,1,1,-1,-1
64,3,1373,142,144,68,1,4,-1,-1
64,8,795,260,123,92,1,4,-1,-1
64,12,1391,10,15,45,1,1,-1,-1
64,43,1188,845,33,59,1,2,-1,-1
64,70,679,916,44,88,1,1,-1,-1
64,118,864,375,41,59,1,10,-1,-1
64,119,755,673,20,48,1,1,-1,-1
64,211,870,533,24,44,1,2,-1,-1
64,212,1495,2,15,47,1,1,-1,-1
64,213,693,320,111,104,1,4,-1,-1
64,214,1365,559,26,53,1,2,-1,-1
64,215,63,769,44,90,1,1,-1,-1
64,216,617,853,33,79,1,1,-1,-1
64,217,145,999,123,70,1,10,-1,-1
64,218,756,966,46,64,1,1,-1,-1
65,3,1373,142,144,68,1,4,-1,-1
65,8,794,260,123,93,1,4,-1,-1
65,12,1385,11,18,40,1,1,-1,-1
65,43,1188,847,33,59,1,2,-1,-1
65,44,763,451,27,64,1,1,-1,-1
65,70,679,915,44,88,1,1,-1,-1
65,118,863,376,41,59,1,10,-1,-1
65,119,747,681,28,48,1,1,-1,-1
65,213,689,316,99,92,1,4,-1,-1
65,214,1366,558,26,54,1,2,-1,-1
65,215,67,768,44,90,1,1,-1,-1
65,216,616,836,35,85,1,1,-1,-1
65,217,144,1001,123,68,1,10,-1,-1
65,218,773,977,42,59,1,1,-1,-1
66,3,1372,143,144,68,1,4,-1,-1
66,8,793,260,123,94,1,4,-1,-1
66,12,1377,11,17,41,1,1,-1,-1
66,22,1026,713,52,56,1,2,-1,-1
66,23,1105,699,49,73,1,2,-1,-1
66,43,1188,849,33,59,1,2,-1,-1
66,44,754,460,28,68,1,1,-1,-1
66,119,749,682,28,48,1,1,-1,-1
66,213,691,322,111,104,1,4,-1,-1
66,214,1367,557,26,54,1,2,-1,-1
66,215,71,767,45,90,1,1,-1,-1
66,216,614,858,33,79,1,1,-1,-1
66,217,137,997,109,58,1,10,-1,-1
66,218,753,971,45,64,1,1,-1,-1
66,219,763,452,27,64,1,1,-1,-1
66,220,1293,157,27,56,1,1,-1,-1
67,3,1372,143,144,68,1,4,-1,-1
67,8,792,261,123,94,1,4,-1,-1
67,12,1377,11,17,41,1,1,-1,-1
67,22,1025,714,52,56,1,2,-1,-1
67,23,1105,701,49,73,1,2,-1,-1
67,43,1173,854,36,64,1,2,-1,-1
67,44,752,461,28,68,1,1,-1,-1
67,119,750,684,28,48,1,1,-1,-1
67,215,75,766,45,90,1,1,-1,-1
67,216,611,856,39,92,1,1,-1,-1
67,217,142,1005,123,64,1,10,-1,-1
67,218,751,973,46,64,1,1,-1,-1
67,219,764,454,27,64,1,1,-1,-1
67,220,1283,158,25,51,1,1,-1,-1
67,221,568,512,39,75,1,1,-1,-1
67,222,793,437,33,68,1,1,-1,-1
68,3,1371,144,144,68,1,4,-1,-1
68,8,791,261,123,95,1,4,-1,-1
68,22,1024,716,52,56,1,2,-1,-1
68,23,1105,702,49,73,1,2,-1,-1
68,43,1173,873,35,59,1,2,-1,-1
68,44,764,456,27,64,1,1,-1,-1
68,119,752,686,28,48,1,1,-1,-1
68,120,683,913,36,79,1,1,-1,-1
68,217,141,1007,123,62,1,10,-1,-1
68,218,749,976,46,64,1,1,-1,-1
68,219,751,443,30,72,1,1,-1,-1
68,220,1294,157,27,56,1,1,-1,-1
68,221,583,507,39,76,1,1,-1,-1
68,222,791,438,33,68,1,1,-1,-1
68,223,688,324,111,104,1,4,-1,-1
68,224,1257,93,19,31,1,2,-1,-1
68,225,1446,68,143,60,1,4,-1,-1
69,3,1371,145,144,68,1,4,-1,-1
69,9,0,810,197,212,1,8,-1,-1
69,22,1024,718,52,56,1,2,-1,-1
69,23,1105,703,49,73,1,2,-1,-1
69,44,765,458,27,64,1,1,-1,-1
69,45,465,818,48,52,1,2,-1,-1
69,120,681,912,40,88,1,1,-1,-1
69,219,750,462,28,68,1,1,-1,-1
69,220,1294,157,27,56,1,1,-1,-1
69,221,582,509,39,76,1,1,-1,-1
69,222,789,439,33,68,1,1,-1,-1
69,223,687,326,111,104,1,4,-1,-1
69,224,1256,93,20,31,1,2,-1,-1
69,225,1446,69,143,59,1,4,-1,-1
69,226,867,539,24,44,1,2,-1,-1
69,227,330,844,44,61,1,2,-1,-1
70,3,1371,145,144,68,1,4,-1,-1
70,9,0,812,195,212,1,8,-1,-1
70,22,1023,720,52,56,1,2,-1,-1
70,23,1105,704,49,73,1,2,-1,-1
70,24,815,16,97,55,1,4,-1,-1
70,44,766,460,27,64,1,1,-1,-1
70,45,463,819,48,52,1,2,-1,-1
70,46,975,938,52,82,1,1,-1,-1
70,120,682,912,39,88,1,1,-1,-1
70,219,748,463,28,68,1,1,-1,-1
70,220,1294,157,27,56,1,1,-1,-1
70,221,580,510,39,76,1,1,-1,-1
70,222,788,439,33,68,1,1,-1,-1
70,223,686,326,111,104,1,4,-1,-1
70,224,1255,94,20,31,1,2,-1,-1
70,225,1445,69,143,60,1,4,-1,-1
70,226,866,540,24,44,1,2,-1,-1
70,227,329,846,44,61,1,2,-1,-1
70,228,86,764,45,90,1,1,-1,-1
70,229,568,572,51,47,1,2,-1,-1
70,230,1188,857,33,59,1,2,-1,-1
70,231,1303,717,33,55,1,2,-1,-1
71,3,1371,146,144,68,1,4,-1,-1
71,9,0,814,193,212,1,8,-1,-1
71,22,1044,713,28,50,1,2,-1,-1
71,23,1105,706,49,73,1,2,-1,-1
71,24,830,35,107,61,1,4,-1,-1
71,44,766,462,27,64,1,1,-1,-1
71,45,462,821,48,52,1,2,-1,-1
71,46,974,940,52,82,1,1,-1,-1
71,120,680,862,42,94,1,1,-1,-1
71,121,0,39,176,107,1,6,-1,-1
71,221,579,512,39,76,1,1,-1,-1
71,222,786,440,33,68,1,1,-1,-1
71,223,647,329,129,120,1,4,-1,-1
71,224,1254,94,20,31,1,2,-1,-1
71,225,1445,70,143,60,1,4,-1,-1
71,226,851,528,36,45,1,2,-1,-1
71,227,328,848,44,61,1,2,-1,-1
71,228,89,763,45,90,1,1,-1,-1
71,229,565,582,45,42,1,2,-1,-1
71,230,1188,859,33,59,1,2,-1,-1
71,231,1300,720,33,55,1,2,-1,-1
71,232,1478,0,14,42,1,1,-1,-1
72,3,1390,143,143,68,1,4,-1,-1
72,9,0,816,191,212,1,8,-1,-1
72,22,1022,723,52,56,1,2,-1,-1
72,23,1105,707,49,73,1,2,-1,-1
72,24,841,31,105,60,1,4,-1,-1
72,44,767,464,27,64,1,1,-1,-1
72,45,461,823,48,52,1,2,-1,-1
72,46,973,942,52,82,1,1,-1,-1
72,120,678,867,42,94,1,1,-1,-1
72,121,0,39,175,107,1,6,-1,-1
72,223,685,328,111,104,1,4,-1,-1
72,224,1254,95,20,31,1,2,-1,-1
72,225,1445,70,142,60,1,4,-1,-1
72,226,865,542,24,45,1,2,-1,-1
72,227,327,850,44,61,1,2,-1,-1
72,228,92,763,46,90,1,1,-1,-1
72,229,564,584,45,42,1,2,-1,-1
72,230,1188,861,33,59,1,2,-1,-1
72,231,1297,724,33,55,1,2,-1,-1
72,232,1478,0,14,42,1,1,-1,-1
73,3,1371,147,144,68,1,4,-1,-1
73,9,-17,819,216,243,1,8,-1,-1
73,22,1022,725,52,56,1,2,-1,-1
73,23,1105,708,49,73,1,2,-1,-1
73,24,851,27,104,59,1,4,-1,-1
73,45,460,825,48,52,1,2,-1,-1
73,46,979,965,45,71,1,1,-1,-1
73,120,675,869,42,94,1,1,-1,-1
73,121,0,40,174,107,1,6,-1,-1
73,226,864,544,24,44,1,2,-1,-1
73,227,310,852,54,75,1,2,-1,-1
73,228,95,762,46,90,1,1,-1,-1
73,229,563,584,45,42,1,2,-1,-1
73,230,1188,863,33,59,1,2,-1,-1
73,231,1294,727,33,55,1,2,-1,-1
73,232,1478,0,14,42,1,1,-1,-1
73,233,743,988,46,61,1,1,-1,-1
74,3,1371,147,144,68,1,4,-1,-1
74,9,0,820,187,212,1,8,-1,-1
74,22,1021,727,52,56,1,2,-1,-1
74,23,1105,710,49,73,1,2,-1,-1
74,24,862,23,102,58,1,4,-1,-1
74,45,459,827,48,52,1,2,-1,-1
74,46,971,946,52,82,1,1,-1,-1
74,47,1141,183,24,41,1,1,-1,-1
74,121,0,40,173,107,1,6,-1,-1
74,122,1207,665,27,62,1,2,-1,-1
74,228,98,761,46,90,1,1,-1,-1
74,229,562,585,45,42,1,2,-1,-1
74,230,1188,865,33,59,1,2,-1,-1
74,231,1291,731,33,55,1,2,-1,-1
74,232,1478,0,14,42,1,1,-1,-1
74,233,732,980,55,74,1,1,-1,-1
74,234,609,920,46,82,1,1,-1,-1
74,235,719,893,34,63,1,1,-1,-1
74,236,768,468,27,64,1,1,-1,-1
75,9,0,822,185,212,1,8,-1,-1
75,24,872,19,101,58,1,4,-1,-1
75,45,449,839,41,44,1,2,-1,-1
75,46,970,948,52,82,1,1,-1,-1
75,47,1141,183,24,41,1,1,-1,-1
75,121,0,41,172,107,1,6,-1,-1
75,122,1207,665,27,63,1,2,-1,-1
75,123,325,857,44,61,1,2,-1,-1
75,124,807,375,36,56,1,2,-1,-1
75,125,893,838,36,82,1,1,-1,-1
75,232,1478,0,14,42,1,1,-1,-1
75,233,742,993,46,60,1,1,-1,-1
75,234,608,923,46,82,1,1,-1,-1
75,235,721,892,34,63,1,1,-1,-1
75,236,769,470,27,64,1,1,-1,-1
75,237,699,563,31,49,1,2,-1,-1
76,9,5,799,189,219,1,8,-1,-1
76,24,883,15,99,57,1,4,-1,-1
76,25,168,778,124,111,1,7,-1,-1
76,45,457,830,48,52,1,2,-1,-1
76,46,945,941,61,97,1,1,-1,-1
76,47,1141,183,24,41,1,1,-1,-1
76,121,0,41,171,107,1,6,-1,-1
76,122,1218,661,34,64,1,2,-1,-1
76,123,324,859,44,61,1,2,-1,-1
76,124,807,376,35,56,1,2,-1,-1
76,125,891,810,36,82,1,1,-1,-1
76,126,1371,148,144,68,1,4,-1,-1
76,127,1480,-15,19,57,1,1,-1,-1
76,233,741,995,46,59,1,1,-1,-1
76,234,607,925,46,82,1,1,-1,-1
76,235,722,891,34,63,1,1,-1,-1
76,236,769,472,27,64,1,1,-1,-1
76,237,698,564,31,49,1,2,-1,-1
76,238,817,807,39,88,1,1,-1,-1
77,9,0,827,181,212,1,8,-1,-1
77,24,893,11,98,56,1,4,-1,-1
77,25,157,808,101,89,1,7,-1,-1
77,26,908,608,29,65,1,1,-1,-1
77,46,917,922,72,114,1,1,-1,-1
77,47,1142,192,27,47,1,1,-1,-1
77,71,1187,870,33,59,1,2,-1,-1
77,122,1207,666,27,64,1,2,-1,-1
77,123,324,862,44,61,1,2,-1,-1
77,124,806,377,36,56,1,2,-1,-1
77,125,892,790,30,72,1,1,-1,-1
77,126,1351,143,156,74,1,4,-1,-1
77,127,1474,-16,16,49,1,1,-1,-1
77,128,1307,24,14,41,1,1,-1,-1
77,129,130,765,66,82,1,1,-1,-1
77,233,740,997,46,59,1,1,-1,-1
77,234,606,927,46,82,1,1,-1,-1
77,235,723,890,34,63,1,1,-1,-1
77,236,758,464,28,67,1,1,-1,-1
77,237,697,565,31,49,1,2,-1,-1
77,238,817,813,39,88,1,1,-1,-1
77,239,733,429,29,69,1,1,-1,-1
77,240,943,647,30,64,1,1,-1,-1
78,9,-16,855,143,170,1,8,-1,-1
78,24,911,-8,84,48,1,4,-1,-1
78,25,149,811,119,106,1,7,-1,-1
78,26,906,611,29,65,1,1,-1,-1
78,47,1141,183,24,41,1,1,-1,-1
78,48,1399,441,43,55,1,2,-1,-1
78,71,1187,872,33,59,1,2,-1,-1
78,122,1201,666,31,74,1,2,-1,-1
78,123,323,864,44,61,1,2,-1,-1
78,124,806,394,36,56,1,2,-1,-1
78,125,889,814,36,82,1,1,-1,-1
78,126,1371,149,144,68,1,4,-1,-1
78,127,1478,0,14,41,1,1,-1,-1
78,128,1306,25,14,41,1,1,-1,-1
78,129,126,744,50,97,1,1,-1,-1
78,130,382,832,33,48,1,2,-1,-1
78,131,1391,10,15,45,1,1,-1,-1
78,234,605,929,46,82,1,1,-1,-1
78,235,724,888,34,63,1,1,-1,-1
78,236,770,476,27,64,1,1,-1,-1
78,237,696,565,31,49,1,2,-1,-1
78,238,817,820,39,88,1,1,-1,-1
78,239,734,429,28,69,1,1,-1,-1
78,240,945,646,30,64,1,1,-1,-1
78,241,792,475,28,47,1,1,-1,-1
79,9,0,831,177,212,1,8,-1,-1
79,25,163,783,125,111,1,7,-1,-1
79,26,904,614,29,66,1,1,-1,-1
79,47,1141,183,24,41,1,1,-1,-1
79,48,1399,442,43,55,1,2,-1,-1
79,71,1187,874,33,59,1,2,-1,-1
79,122,1207,668,27,64,1,2,-1,-1
79,123,314,880,46,64,1,2,-1,-1
79,124,805,378,36,56,1,2,-1,-1
79,125,888,816,36,82,1,1,-1,-1
79,126,1371,150,144,68,1,4,-1,-1
79,127,1478,0,14,41,1,1,-1,-1
79,128,1306,25,14,41,1,1,-1,-1
79,129,110,753,46,90,1,1,-1,-1
79,130,381,834,33,48,1,2,-1,-1
79,131,1391,10,15,45,1,1,-1,-1
79,237,695,566,31,49,1,2,-1,-1
79,238,833,823,35,79,1,1,-1,-1
79,239,734,430,29,69,1,1,-1,-1
79,240,947,646,30,64,1,1,-1,-1
79,241,793,476,28,48,1,1,-1,-1
80,9,0,833,175,212,1,8,-1,-1
80,25,162,784,125,111,1,7,-1,-1
80,26,902,617,29,66,1,1,-1,-1
80,47,1141,183,24,41,1,1,-1,-1
80,48,1399,443,43,55,1,2,-1,-1
80,71,1187,876,33,59,1,2,-1,-1
80,123,321,868,44,61,1,2,-1,-1
80,124,804,379,36,56,1,2,-1,-1
80,125,886,796,30,72,1,1,-1,-1
80,126,1371,150,144,68,1,4,-1,-1
80,127,1478,0,14,41,1,1,-1,-1
80,128,1305,26,14,41,1,1,-1,-1
80,129,111,751,46,90,1,1,-1,-1
80,130,380,836,33,48,1,2,-1,-1
80,131,1391,10,15,45,1,1,-1,-1
80,238,817,832,40,88,1,1,-1,-1
80,239,735,430,28,69,1,1,-1,-1
80,240,949,646,30,64,1,1,-1,-1
80,241,794,478,29,47,1,1,-1,-1
81,25,161,785,125,111,1,7,-1,-1
81,26,900,620,29,67,1,1,-1,-1
81,47,1141,183,24,41,1,1,-1,-1
81,48,1400,445,43,55,1,2,-1,-1
81,71,1187,878,33,59,1,2,-1,-1
81,126,1371,151,144,68,1,4,-1,-1
81,127,1478,0,14,41,1,1,-1,-1
81,128,1304,27,14,41,1,1,-1,-1
81,129,113,748,46,90,1,1,-1,-1
81,130,379,838,33,48,1,2,-1,-1
81,131,1391,10,15,45,1,1,-1,-1
81,239,736,430,28,69,1,1,-1,-1
81,240,951,646,30,64,1,1,-1,-1
81,241,795,479,29,47,1,1,-1,-1
82,25,163,774,126,112,1,7,-1,-1
82,26,898,623,29,67,1,1,-1,-1
82,48,1400,446,43,55,1,2,-1,-1
82,71,1195,894,27,48,1,2,-1,-1
82,128,1304,28,14,41,1,1,-1,-1
82,129,99,730,47,91,1,1,-1,-1
82,130,378,840,33,48,1,2,-1,-1
82,131,1395,10,19,44,1,1,-1,-1
82,241,795,480,30,48,1,1,-1,-1
83,25,159,786,125,111,1,7,-1,-1
83,26,896,626,29,68,1,1,-1,-1
83,48,1400,448,43,55,1,2,-1,-1
83,71,1205,895,23,41,1,2,-1,-1
83,130,377,842,33,48,1,2,-1,-1
83,131,1395,10,19,44,1,1,-1,-1
84,25,158,787,125,111,1,7,-1,-1
84,26,894,615,41,78,1,1,-1,-1
84,48,1400,449,43,55,1,2,-1,-1
85,26,893,632,28,69,1,1,-1,-1
85,48,1401,451,43,55,1,2,-1,-1
