1,19,615.00,226.00,40.00,67.00,1,1,-1,-1
1,18,1090.00,494.00,44.00,63.00,1,2,-1,-1
1,17,420.00,246.00,13.00,28.00,1,1,-1,-1
1,16,551.00,219.00,23.00,59.00,1,1,-1,-1
1,15,1083.00,457.00,41.00,71.00,1,2,-1,-1
1,14,1081.00,456.00,68.00,97.00,1,2,-1,-1
1,13,730.00,192.00,26.00,41.00,1,2,-1,-1
1,12,728.00,205.00,31.00,40.00,1,10,-1,-1
1,11,669.00,171.00,21.00,47.00,1,1,-1,-1
1,10,617.00,252.00,36.00,66.00,1,1,-1,-1
1,9,591.00,224.00,58.00,46.00,1,10,-1,-1
1,8,583.00,298.00,23.00,47.00,1,1,-1,-1
1,7,574.00,221.00,34.00,57.00,1,1,-1,-1
1,6,537.00,183.00,25.00,22.00,1,2,-1,-1
1,5,410.00,242.00,19.00,41.00,1,1,-1,-1
1,4,407.00,225.00,22.00,47.00,1,1,-1,-1
1,3,366.00,262.00,29.00,59.00,1,1,-1,-1
1,2,204.00,621.00,77.00,82.00,1,2,-1,-1
2,23,810.00,133.00,44.00,55.00,1,8,-1,-1
2,22,783.00,125.00,30.00,38.00,1,8,-1,-1
2,21,682.00,215.00,23.00,49.00,1,10,-1,-1
2,20,689.00,189.00,22.00,48.00,1,10,-1,-1
2,18,1075.06,475.64,79.88,107.71,1,2,-1,-1
2,16,550.05,237.88,22.91,58.24,1,1,-1,-1
2,15,1084.00,456.00,41.00,71.00,1,2,-1,-1
2,14,1082.00,455.00,68.00,97.00,1,2,-1,-1
2,13,732.92,193.12,26.15,41.76,1,2,-1,-1
2,12,730.95,206.07,36.10,46.86,1,10,-1,-1
2,11,670.07,170.86,21.87,48.29,1,1,-1,-1
2,10,617.00,253.00,36.00,66.00,1,1,-1,-1
2,9,592.00,225.00,58.00,46.00,1,10,-1,-1
2,8,584.68,279.71,33.63,71.59,1,1,-1,-1
2,6,537.00,183.00,25.00,22.00,1,2,-1,-1
2,5,409.95,242.12,19.11,41.76,1,1,-1,-1
2,4,406.94,225.12,22.11,47.76,1,1,-1,-1
2,3,365.06,262.88,28.88,58.24,1,1,-1,-1
2,2,198.88,629.13,76.24,81.74,1,2,-1,-1
3,28,557.00,219.00,18.00,47.00,1,1,-1,-1
3,27,565.00,229.00,22.00,37.00,1,1,-1,-1
3,26,382.00,232.00,21.00,45.00,1,1,-1,-1
3,25,584.00,300.00,23.00,47.00,1,1,-1,-1
3,24,582.00,274.00,28.00,64.00,1,1,-1,-1
3,22,785.00,125.00,30.00,38.00,1,8,-1,-1
3,18,1073.61,473.57,85.01,112.34,1,2,-1,-1
3,16,549.99,240.00,22.91,58.06,1,1,-1,-1
3,15,1085.00,455.94,41.00,71.00,1,2,-1,-1
3,14,1083.00,454.94,68.00,97.00,1,2,-1,-1
3,13,735.86,195.17,26.28,42.53,1,2,-1,-1
3,12,732.35,207.52,33.01,43.56,1,10,-1,-1
3,11,671.95,171.76,22.03,48.43,1,1,-1,-1
3,9,593.94,226.00,58.00,46.00,1,10,-1,-1
3,8,584.50,273.86,37.65,82.57,1,1,-1,-1
3,7,574.00,223.00,34.00,57.00,1,1,-1,-1
3,6,537.00,183.00,25.00,22.00,1,2,-1,-1
3,5,409.95,243.01,19.10,41.93,1,1,-1,-1
3,4,406.95,226.00,22.11,47.93,1,1,-1,-1
4,18,1073.99,472.47,86.19,112.72,1,2,-1,-1
4,16,550.80,240.95,23.00,58.52,1,1,-1,-1
4,15,1086.00,455.96,41.00,71.00,1,2,-1,-1
4,14,1084.00,454.11,68.00,97.00,1,2,-1,-1
4,13,738.80,196.44,26.40,43.34,1,2,-1,-1
4,12,734.49,209.01,32.65,43.66,1,10,-1,-1
4,11,673.89,172.09,22.17,48.93,1,1,-1,-1
4,9,595.11,227.00,58.00,46.00,1,10,-1,-1
4,5,409.96,243.98,19.09,41.99,1,1,-1,-1
4,4,406.96,226.98,22.09,47.99,1,1,-1,-1
5,14,1085.00,453.91,68.00,97.00,1,2,-1,-1
5,12,737.33,211.07,32.57,44.19,1,10,-1,-1
5,11,676.04,172.71,22.66,49.49,1,1,-1,-1
5,9,596.80,228.16,58.21,46.46,1,10,-1,-1
5,7,573.94,225.14,34.12,57.80,1,1,-1,-1
5,5,409.96,244.97,19.07,42.02,1,1,-1,-1
5,4,407.05,227.33,22.69,49.30,1,1,-1,-1
6,25,585.06,303.87,23.09,47.99,1,1,-1,-1
6,14,1086.00,453.13,68.00,97.00,1,2,-1,-1
6,12,739.55,212.63,32.68,45.33,1,10,-1,-1
6,10,618.84,257.18,37.04,68.50,1,1,-1,-1
6,9,597.99,229.15,58.27,46.71,1,10,-1,-1
6,7,573.90,226.26,34.20,58.35,1,1,-1,-1
6,4,407.02,228.03,22.97,49.92,1,1,-1,-1
6,3,361.08,267.88,28.83,57.24,1,1,-1,-1
6,2,178.73,661.39,76.51,84.18,1,2,-1,-1
7,25,585.87,305.07,23.08,48.02,1,1,-1,-1
7,14,1082.46,468.65,74.22,102.61,1,2,-1,-1
7,12,742.32,214.52,32.74,46.39,1,10,-1,-1
7,10,619.03,258.12,37.19,68.93,1,1,-1,-1
7,9,599.75,230.11,58.27,46.85,1,10,-1,-1
7,7,574.46,227.32,33.82,58.46,1,1,-1,-1
7,6,537.87,184.08,25.24,22.91,1,2,-1,-1
7,3,360.08,268.99,28.84,57.09,1,1,-1,-1
7,2,173.69,669.48,76.59,84.95,1,2,-1,-1
8,16,552.64,244.59,22.73,59.55,1,1,-1,-1
8,15,1097.03,449.07,36.03,62.40,1,2,-1,-1
8,14,1081.15,473.66,77.85,105.33,1,2,-1,-1
8,12,744.70,215.90,33.24,47.94,1,10,-1,-1
8,10,619.74,259.19,37.30,69.54,1,1,-1,-1
8,7,574.87,228.21,33.95,58.74,1,1,-1,-1
8,6,537.90,184.28,25.33,23.35,1,2,-1,-1
8,2,169.18,676.07,76.33,82.46,1,2,-1,-1
9,21,689.34,231.40,26.23,49.40,1,10,-1,-1
9,15,1094.28,453.19,37.82,65.51,1,2,-1,-1
9,14,1080.19,475.10,80.07,106.69,1,2,-1,-1
9,12,747.45,217.65,33.53,49.26,1,10,-1,-1
9,11,680.18,174.77,23.18,50.29,1,1,-1,-1
9,10,619.96,260.13,37.35,69.91,1,1,-1,-1
9,7,574.97,229.29,34.07,59.27,1,1,-1,-1
9,6,537.90,184.28,25.35,23.63,1,2,-1,-1
9,5,409.98,248.97,19.04,42.04,1,1,-1,-1
10,24,581.63,281.92,28.73,73.38,1,1,-1,-1
10,22,796.17,126.18,30.81,39.51,1,8,-1,-1
10,21,690.28,234.22,26.58,49.23,1,10,-1,-1
10,15,1093.67,454.40,38.90,67.38,1,2,-1,-1
10,11,681.12,175.16,23.24,50.74,1,1,-1,-1
10,10,620.19,261.66,37.71,70.27,1,1,-1,-1
10,7,574.99,230.24,34.13,59.61,1,1,-1,-1
10,6,537.90,184.22,25.34,23.81,1,2,-1,-1
10,5,409.98,249.97,19.03,42.04,1,1,-1,-1
11,25,588.78,310.81,23.13,48.89,1,1,-1,-1
11,24,581.62,283.00,28.75,74.95,1,1,-1,-1
11,22,797.93,126.17,30.97,39.78,1,8,-1,-1
11,21,691.37,236.48,27.15,49.19,1,10,-1,-1
11,15,1093.00,449.01,43.46,71.06,1,2,-1,-1
11,11,682.08,175.89,23.27,51.02,1,1,-1,-1
11,10,620.86,262.98,37.97,70.81,1,1,-1,-1
11,9,603.98,233.09,58.39,47.84,1,10,-1,-1
11,7,574.97,231.34,34.20,60.16,1,1,-1,-1
11,6,538.58,184.84,25.32,23.93,1,2,-1,-1
11,3,356.09,274.00,28.81,56.10,1,1,-1,-1
12,46,1092.00,450.89,68.00,97.00,1,2,-1,-1
12,24,581.61,284.12,28.78,76.64,1,1,-1,-1
12,22,799.84,126.80,31.06,39.95,1,8,-1,-1
12,21,692.47,239.22,27.87,49.22,1,10,-1,-1
12,16,554.70,248.60,22.53,61.17,1,1,-1,-1
12,15,1084.95,448.97,41.29,68.54,1,2,-1,-1
12,13,761.52,211.31,28.31,51.94,1,2,-1,-1
12,11,683.04,176.77,23.29,51.21,1,1,-1,-1
12,10,621.06,264.02,38.13,71.14,1,1,-1,-1
12,9,604.98,234.03,58.36,47.95,1,10,-1,-1
12,7,575.45,232.33,33.90,60.42,1,1,-1,-1
12,6,538.83,185.04,25.30,24.01,1,2,-1,-1
12,4,407.64,232.99,24.16,52.69,1,1,-1,-1
13,46,1093.00,450.88,68.00,97.00,1,2,-1,-1
13,22,800.47,127.00,31.12,40.06,1,8,-1,-1
13,16,554.94,249.51,22.38,61.41,1,1,-1,-1
13,15,1092.17,451.82,41.26,69.26,1,2,-1,-1
13,13,764.47,214.10,28.15,52.88,1,2,-1,-1
13,10,621.75,265.15,38.25,71.67,1,1,-1,-1
13,9,605.98,234.99,58.33,48.02,1,10,-1,-1
13,6,538.90,185.26,25.33,24.37,1,2,-1,-1
13,4,408.40,244.36,22.46,49.49,1,1,-1,-1
14,46,1094.00,450.15,68.00,97.00,1,2,-1,-1
14,22,801.30,127.05,31.15,40.12,1,8,-1,-1
14,16,555.69,250.59,22.30,61.89,1,1,-1,-1
14,15,1095.54,452.79,41.22,69.77,1,2,-1,-1
14,9,606.98,235.96,58.30,48.07,1,10,-1,-1
14,6,538.92,185.28,25.33,24.63,1,2,-1,-1
14,4,408.29,249.08,21.29,47.25,1,1,-1,-1
15,58,767.10,234.84,33.65,50.28,1,10,-1,-1
15,16,555.98,251.52,22.24,62.24,1,1,-1,-1
15,15,1097.45,453.08,41.18,70.14,1,2,-1,-1
15,14,1083.06,472.13,82.65,107.43,1,2,-1,-1
15,9,607.31,236.95,58.28,48.10,1,10,-1,-1
15,4,407.77,251.33,20.48,45.98,1,1,-1,-1
15,3,352.08,279.83,28.85,55.69,1,1,-1,-1
16,58,769.09,237.80,33.87,50.38,1,10,-1,-1
16,15,1098.80,453.13,41.15,70.40,1,2,-1,-1
16,14,1083.87,471.86,82.26,107.21,1,2,-1,-1
16,11,686.95,179.07,23.33,52.73,1,1,-1,-1
16,9,607.40,237.94,58.26,48.11,1,10,-1,-1
17,58,771.17,240.85,34.50,51.01,1,10,-1,-1
17,25,591.20,326.26,23.19,50.77,1,1,-1,-1
17,15,1099.94,452.45,41.13,70.59,1,2,-1,-1
17,14,1084.89,471.57,81.97,106.75,1,2,-1,-1
17,10,623.67,269.22,38.69,73.78,1,1,-1,-1
17,9,607.41,238.93,58.24,48.12,1,10,-1,-1
18,58,773.25,243.91,35.31,51.86,1,10,-1,-1
18,25,591.18,328.98,23.19,51.23,1,1,-1,-1
18,22,805.09,127.18,31.20,40.52,1,8,-1,-1
18,15,1100.99,452.17,41.11,70.73,1,2,-1,-1
18,14,1085.78,471.04,81.46,106.68,1,2,-1,-1
18,10,624.05,270.74,38.93,74.13,1,1,-1,-1
18,6,539.92,186.29,25.32,25.35,1,2,-1,-1
19,75,697.92,260.20,27.04,46.56,1,10,-1,-1
19,58,775.30,246.94,36.21,52.82,1,10,-1,-1
19,25,591.15,331.35,23.21,51.85,1,1,-1,-1
19,22,805.58,127.16,31.52,40.78,1,8,-1,-1
19,16,557.36,256.28,22.14,63.56,1,1,-1,-1
19,15,1102.01,452.04,41.09,70.83,1,2,-1,-1
19,14,1086.84,470.82,81.08,106.61,1,2,-1,-1
19,10,624.14,271.88,39.09,74.36,1,1,-1,-1
19,6,539.94,186.29,25.32,25.61,1,2,-1,-1
19,3,347.86,285.29,28.61,56.45,1,1,-1,-1
20,75,698.96,263.20,26.96,46.56,1,10,-1,-1
20,58,777.86,250.02,36.81,53.70,1,10,-1,-1
20,25,591.77,334.22,23.22,52.59,1,1,-1,-1
20,22,806.33,127.11,31.74,40.95,1,8,-1,-1
20,16,557.21,257.45,22.13,64.04,1,1,-1,-1
20,11,688.51,181.85,23.63,54.09,1,1,-1,-1
20,10,624.79,273.07,39.21,74.80,1,1,-1,-1
20,3,346.84,287.00,28.41,56.54,1,1,-1,-1
21,58,780.15,253.57,37.50,54.32,1,10,-1,-1
21,46,1107.01,442.94,64.52,99.98,1,2,-1,-1
21,25,591.33,336.60,23.24,53.40,1,1,-1,-1
21,22,807.20,127.06,31.88,41.06,1,8,-1,-1
21,16,556.49,258.43,22.12,64.38,1,1,-1,-1
21,11,689.00,182.78,23.52,54.21,1,1,-1,-1
21,9,607.27,244.60,58.19,48.13,1,10,-1,-1
21,3,344.56,288.24,28.27,56.60,1,1,-1,-1
22,85,784.66,238.03,33.44,63.93,1,2,-1,-1
22,70,577.05,242.20,33.90,64.70,1,1,-1,-1
22,69,396.92,239.22,24.22,57.57,1,1,-1,-1
22,58,782.80,256.87,37.98,55.00,1,10,-1,-1
22,46,1104.87,444.88,65.52,99.14,1,2,-1,-1
22,25,590.67,339.21,23.55,54.06,1,1,-1,-1
22,22,808.11,127.02,31.99,41.14,1,8,-1,-1
22,16,556.21,259.53,22.12,64.91,1,1,-1,-1
22,11,689.17,183.27,23.45,54.59,1,1,-1,-1
22,3,342.44,289.96,28.17,56.65,1,1,-1,-1
23,85,786.07,241.85,31.66,63.31,1,2,-1,-1
23,58,778.97,266.30,34.88,55.95,1,10,-1,-1
23,46,1104.51,445.76,66.22,98.55,1,2,-1,-1
23,25,590.18,341.54,23.47,54.73,1,1,-1,-1
23,22,809.05,127.17,32.08,41.48,1,8,-1,-1
23,16,556.10,260.47,22.12,65.29,1,1,-1,-1
23,11,689.39,184.18,23.70,55.21,1,1,-1,-1
23,6,540.92,187.30,25.32,26.57,1,2,-1,-1
23,3,339.74,291.87,28.09,56.69,1,1,-1,-1
24,85,788.21,245.85,29.00,62.30,1,2,-1,-1
24,75,703.78,275.44,29.83,51.88,1,10,-1,-1
24,58,786.10,266.06,36.40,56.89,1,10,-1,-1
24,46,1104.88,445.54,66.72,98.13,1,2,-1,-1
24,25,589.53,344.15,23.71,55.29,1,1,-1,-1
24,22,810.01,127.17,32.14,41.72,1,8,-1,-1
24,16,555.39,261.55,22.12,65.85,1,1,-1,-1
24,11,689.41,185.05,23.87,55.64,1,1,-1,-1
24,10,626.68,277.22,39.65,76.79,1,1,-1,-1
24,3,346.44,299.57,27.74,56.39,1,1,-1,-1
25,88,498.96,182.97,14.00,34.00,1,1,-1,-1
25,85,790.59,248.76,27.51,62.77,1,2,-1,-1
25,75,705.04,278.54,30.58,53.48,1,10,-1,-1
25,58,790.60,268.01,37.82,58.16,1,10,-1,-1
25,25,589.05,346.49,23.59,55.90,1,1,-1,-1
25,22,810.98,127.12,32.17,41.89,1,8,-1,-1
25,16,555.12,262.48,22.12,66.25,1,1,-1,-1
25,14,1092.02,468.44,78.77,105.66,1,2,-1,-1
25,11,689.84,185.96,23.70,55.89,1,1,-1,-1
25,10,627.06,278.27,39.90,77.42,1,1,-1,-1
25,9,608.07,249.91,58.15,48.12,1,10,-1,-1
25,3,338.70,291.12,30.58,62.57,1,1,-1,-1
26,88,499.88,183.42,14.05,34.39,1,1,-1,-1
26,75,706.18,281.64,31.44,55.26,1,10,-1,-1
26,69,390.85,242.18,24.25,59.22,1,1,-1,-1
26,58,794.77,271.39,39.15,59.67,1,10,-1,-1
26,25,588.42,349.12,23.79,56.40,1,1,-1,-1
26,22,811.49,127.06,32.49,42.04,1,8,-1,-1
26,16,555.02,264.03,22.12,66.54,1,1,-1,-1
26,11,690.19,186.40,23.87,56.40,1,1,-1,-1
26,10,627.80,279.84,40.07,77.85,1,1,-1,-1
26,9,608.14,251.00,58.14,48.11,1,10,-1,-1
27,103,577.01,313.42,27.08,90.88,1,1,-1,-1
27,88,500.16,184.18,14.06,34.64,1,1,-1,-1
27,71,593.74,317.61,78.88,58.72,1,10,-1,-1
27,69,388.93,243.19,23.91,59.45,1,1,-1,-1
27,58,798.82,274.80,40.45,61.64,1,10,-1,-1
27,25,587.96,351.47,23.64,56.99,1,1,-1,-1
27,22,812.25,127.01,32.71,42.14,1,8,-1,-1
27,16,554.33,265.17,22.12,66.75,1,1,-1,-1
27,11,690.27,187.10,23.99,56.76,1,1,-1,-1
27,10,628.04,281.63,40.18,78.15,1,1,-1,-1
27,9,608.16,252.69,58.13,48.10,1,10,-1,-1
28,107,327.12,300.09,27.80,58.70,1,1,-1,-1
28,103,575.95,316.32,27.17,91.88,1,1,-1,-1
28,88,500.92,185.07,14.07,34.79,1,1,-1,-1
28,71,592.88,320.05,79.57,58.87,1,10,-1,-1
28,69,386.99,244.14,23.67,59.63,1,1,-1,-1
28,58,804.60,281.37,42.76,65.39,1,10,-1,-1
28,46,1108.94,445.42,61.34,91.89,1,2,-1,-1
28,25,587.34,354.11,23.82,57.46,1,1,-1,-1
28,22,813.12,126.97,32.87,42.20,1,8,-1,-1
28,16,553.41,266.37,22.12,67.19,1,1,-1,-1
28,11,690.26,187.94,24.07,57.02,1,1,-1,-1
28,10,628.75,283.52,40.26,78.36,1,1,-1,-1
29,103,575.65,318.61,27.23,92.84,1,1,-1,-1
29,88,501.85,186.01,14.07,34.89,1,1,-1,-1
29,71,592.64,322.82,80.35,58.99,1,10,-1,-1
29,69,385.52,245.15,23.19,59.65,1,1,-1,-1
29,58,806.67,282.87,43.62,67.16,1,10,-1,-1
29,46,1110.48,445.23,63.27,93.48,1,2,-1,-1
29,25,587.08,357.10,23.96,58.08,1,1,-1,-1
29,22,814.04,127.12,32.99,42.53,1,8,-1,-1
29,16,552.41,267.82,22.11,67.21,1,1,-1,-1
29,14,1096.03,466.94,76.75,105.00,1,2,-1,-1
29,11,690.88,189.02,24.14,57.48,1,1,-1,-1
30,103,574.87,321.43,27.27,93.79,1,1,-1,-1
30,88,502.84,186.98,14.07,34.96,1,1,-1,-1
30,75,714.99,296.28,37.92,62.41,1,10,-1,-1
30,71,592.09,325.23,81.57,59.43,1,10,-1,-1
30,69,383.78,246.14,22.85,59.69,1,1,-1,-1
30,58,811.55,293.20,41.43,64.44,1,10,-1,-1
30,46,1111.38,444.94,64.61,94.53,1,2,-1,-1
30,22,814.99,127.12,33.08,42.77,1,8,-1,-1
30,16,551.38,269.17,22.11,67.52,1,1,-1,-1
30,14,1097.00,466.73,76.08,104.86,1,2,-1,-1
30,6,541.93,188.36,25.33,28.45,1,2,-1,-1
31,121,1111.19,439.98,49.66,86.08,1,2,-1,-1
31,112,579.32,250.97,34.43,70.85,1,1,-1,-1
31,88,503.17,187.29,14.06,35.00,1,1,-1,-1
31,75,717.62,300.93,38.70,63.08,1,10,-1,-1
31,71,591.84,327.46,82.78,60.07,1,10,-1,-1
31,69,382.40,247.36,22.31,59.92,1,1,-1,-1
31,58,814.41,294.26,43.59,67.52,1,10,-1,-1
31,46,1112.13,444.03,65.56,95.26,1,2,-1,-1
31,22,815.95,127.08,33.14,42.93,1,8,-1,-1
31,16,551.00,270.89,22.11,67.73,1,1,-1,-1
31,6,542.59,188.95,25.31,28.69,1,2,-1,-1
32,126,820.05,276.41,34.53,73.18,1,2,-1,-1
32,125,723.94,300.46,26.98,50.23,1,2,-1,-1
32,121,1114.76,444.87,45.30,78.50,1,2,-1,-1
32,112,578.94,251.82,33.91,70.11,1,1,-1,-1
32,88,503.27,187.37,14.06,35.03,1,1,-1,-1
32,75,720.57,305.90,39.55,63.85,1,10,-1,-1
32,71,591.72,329.59,83.98,60.83,1,10,-1,-1
32,69,380.22,248.34,22.23,60.21,1,1,-1,-1
32,58,817.86,298.61,45.35,69.64,1,10,-1,-1
32,46,1112.87,443.58,66.24,95.76,1,2,-1,-1
32,22,816.93,127.03,33.18,43.05,1,8,-1,-1
32,16,549.75,272.74,22.39,67.93,1,1,-1,-1
32,6,542.18,189.12,25.30,28.85,1,2,-1,-1
33,126,824.84,281.42,34.77,73.94,1,2,-1,-1
33,121,1117.94,447.15,43.37,74.63,1,2,-1,-1
33,112,579.54,253.00,33.64,70.05,1,1,-1,-1
33,88,503.94,187.53,14.07,35.36,1,1,-1,-1
33,75,721.96,310.37,39.83,64.59,1,10,-1,-1
33,71,591.18,332.14,85.41,61.39,1,10,-1,-1
33,58,821.57,304.37,46.87,71.10,1,10,-1,-1
33,46,1114.31,443.33,66.73,96.11,1,2,-1,-1
33,25,583.62,369.05,25.43,60.54,1,1,-1,-1
33,22,817.44,126.98,33.49,43.15,1,8,-1,-1
33,16,548.57,274.86,22.60,68.36,1,1,-1,-1
33,11,693.21,193.00,24.55,58.83,1,1,-1,-1
33,6,541.56,189.79,25.57,28.99,1,2,-1,-1
34,126,825.94,282.11,33.74,71.69,1,2,-1,-1
34,112,579.24,254.83,33.86,70.55,1,1,-1,-1
34,108,384.85,269.47,18.88,41.31,1,1,-1,-1
34,107,310.72,312.78,28.38,61.19,1,1,-1,-1
34,103,571.29,329.74,30.25,99.31,1,1,-1,-1
34,88,504.17,187.52,14.08,35.59,1,1,-1,-1
34,75,723.02,314.61,40.02,65.37,1,10,-1,-1
34,71,590.91,334.42,86.75,62.10,1,10,-1,-1
34,58,825.41,310.75,48.22,72.11,1,10,-1,-1
34,25,582.70,372.09,25.99,61.25,1,1,-1,-1
34,22,818.20,127.13,33.72,43.50,1,8,-1,-1
34,16,547.64,277.01,23.04,69.00,1,1,-1,-1
34,14,1107.05,467.15,75.68,106.01,1,2,-1,-1
34,11,693.97,193.93,24.76,59.08,1,1,-1,-1
35,126,829.94,287.85,32.88,68.06,1,2,-1,-1
35,112,578.57,256.82,34.37,71.36,1,1,-1,-1
35,108,383.91,271.00,18.92,41.50,1,1,-1,-1
35,107,307.39,315.85,28.72,62.06,1,1,-1,-1
35,88,504.23,187.45,14.08,35.76,1,1,-1,-1
35,75,723.80,318.78,39.84,66.15,1,10,-1,-1
35,71,590.74,336.56,88.03,62.90,1,10,-1,-1
35,58,829.32,317.62,49.47,73.10,1,10,-1,-1
35,22,819.07,127.12,33.89,43.75,1,8,-1,-1
35,16,546.56,279.16,23.36,69.73,1,1,-1,-1
35,14,1109.05,467.95,75.29,105.57,1,2,-1,-1
35,11,694.86,195.05,24.91,59.54,1,1,-1,-1
36,126,834.84,294.69,32.93,67.24,1,2,-1,-1
36,125,725.21,299.61,35.30,66.12,1,2,-1,-1
36,112,578.25,259.42,34.69,71.86,1,1,-1,-1
36,108,382.27,272.83,18.94,41.63,1,1,-1,-1
36,107,303.69,318.90,29.29,63.06,1,1,-1,-1
36,88,504.89,187.55,14.09,36.17,1,1,-1,-1
36,75,724.71,323.09,39.72,67.26,1,10,-1,-1
36,71,590.84,339.10,89.51,63.50,1,10,-1,-1
36,69,372.28,254.94,22.64,61.40,1,1,-1,-1
36,58,834.56,325.67,50.69,74.68,1,10,-1,-1
36,22,820.00,127.08,34.01,43.93,1,8,-1,-1
36,16,545.65,281.08,23.88,70.30,1,1,-1,-1
36,14,1111.14,468.32,75.02,105.25,1,2,-1,-1
36,11,695.33,196.00,25.30,59.89,1,1,-1,-1
37,125,725.51,303.34,37.27,69.76,1,2,-1,-1
37,121,1127.88,447.02,46.42,78.43,1,2,-1,-1
37,108,380.36,274.95,18.97,42.04,1,1,-1,-1
37,107,300.34,321.98,29.69,64.02,1,1,-1,-1
37,88,505.12,187.50,14.10,36.47,1,1,-1,-1
37,75,726.03,328.64,40.22,68.71,1,10,-1,-1
37,71,590.12,342.21,90.93,64.51,1,10,-1,-1
37,69,370.25,256.81,22.77,61.64,1,1,-1,-1
37,58,840.49,334.05,52.16,76.70,1,10,-1,-1
37,22,820.95,127.03,34.09,44.06,1,8,-1,-1
37,16,544.57,283.16,24.25,70.98,1,1,-1,-1
37,14,1113.90,469.17,74.82,105.02,1,2,-1,-1
37,11,696.08,196.93,25.58,60.14,1,1,-1,-1
37,6,539.32,192.79,25.85,29.89,1,2,-1,-1
38,145,846.76,308.89,38.59,84.33,1,2,-1,-1
38,135,732.44,329.01,31.45,60.03,1,2,-1,-1
38,125,727.51,307.87,38.81,72.64,1,2,-1,-1
38,121,1131.59,447.34,45.04,75.62,1,2,-1,-1
38,108,378.36,276.96,18.99,42.33,1,1,-1,-1
38,107,296.64,325.01,30.28,65.07,1,1,-1,-1
38,103,568.89,345.73,29.75,99.62,1,1,-1,-1
38,88,505.19,187.42,14.10,36.68,1,1,-1,-1
38,75,727.58,334.59,41.45,70.43,1,10,-1,-1
38,69,368.20,258.74,22.86,61.81,1,1,-1,-1
38,58,846.64,342.94,53.79,78.74,1,10,-1,-1
38,22,821.92,126.98,34.14,44.15,1,8,-1,-1
38,16,543.65,285.24,24.81,71.79,1,1,-1,-1
38,6,539.07,193.74,25.97,30.01,1,2,-1,-1
39,149,633.92,312.46,43.42,85.24,1,1,-1,-1
39,145,851.58,314.71,39.52,87.48,1,2,-1,-1
39,135,734.24,333.55,32.06,61.43,1,2,-1,-1
39,125,730.34,312.68,40.44,75.23,1,2,-1,-1
39,121,1135.08,447.86,44.14,73.77,1,2,-1,-1
39,108,376.31,278.63,19.05,43.14,1,1,-1,-1
39,107,293.28,328.07,30.69,66.07,1,1,-1,-1
39,103,567.83,350.17,29.74,102.21,1,1,-1,-1
39,69,366.34,260.21,23.22,62.28,1,1,-1,-1
39,58,852.66,351.56,55.27,81.05,1,10,-1,-1
39,46,1139.98,461.85,62.71,89.98,1,2,-1,-1
39,22,822.90,127.60,34.18,44.21,1,8,-1,-1
39,16,542.57,287.33,25.22,72.65,1,1,-1,-1
39,6,538.30,194.25,26.06,30.38,1,2,-1,-1
40,149,634.03,316.18,44.01,86.58,1,1,-1,-1
40,145,859.40,322.41,42.23,92.22,1,2,-1,-1
40,126,856.75,321.54,35.24,75.72,1,2,-1,-1
40,125,733.27,317.67,41.83,77.50,1,2,-1,-1
40,112,575.75,268.91,36.92,74.60,1,1,-1,-1
40,108,374.27,280.38,19.08,43.72,1,1,-1,-1
40,107,289.59,331.08,31.29,67.12,1,1,-1,-1
40,103,566.99,354.04,30.03,104.49,1,1,-1,-1
40,69,364.32,261.95,23.48,62.61,1,1,-1,-1
40,46,1134.31,454.30,64.93,93.05,1,2,-1,-1
40,6,537.99,195.01,26.13,30.64,1,2,-1,-1
41,145,868.47,331.59,45.41,97.00,1,2,-1,-1
41,126,862.59,327.88,36.14,79.07,1,2,-1,-1
41,125,736.43,323.36,43.38,79.69,1,2,-1,-1
41,112,575.31,271.52,37.44,75.15,1,1,-1,-1
41,107,286.23,334.60,31.70,67.83,1,1,-1,-1
41,103,566.17,357.75,30.52,106.50,1,1,-1,-1
41,71,582.49,346.75,101.65,73.73,1,10,-1,-1
41,46,1130.88,467.92,69.47,97.11,1,2,-1,-1
41,25,576.90,403.47,31.32,67.13,1,1,-1,-1
41,11,699.62,203.63,25.97,59.33,1,1,-1,-1
41,6,537.22,195.71,26.16,30.54,1,2,-1,-1
42,145,874.00,340.27,49.57,101.60,1,2,-1,-1
42,126,870.99,321.44,40.27,88.88,1,2,-1,-1
42,125,738.80,330.69,44.74,81.72,1,2,-1,-1
42,112,574.58,273.81,38.11,75.88,1,1,-1,-1
42,107,282.55,337.84,32.29,68.66,1,1,-1,-1
42,103,565.81,361.52,30.86,108.17,1,1,-1,-1
42,75,736.52,362.98,48.09,77.44,1,10,-1,-1
42,71,585.14,356.02,101.13,73.89,1,10,-1,-1
42,46,1133.55,456.26,69.70,98.25,1,2,-1,-1
42,25,576.41,409.08,31.96,67.74,1,1,-1,-1
42,11,699.79,203.97,26.65,60.35,1,1,-1,-1
42,6,536.93,196.62,26.19,30.48,1,2,-1,-1
43,145,882.12,349.99,52.55,105.02,1,2,-1,-1
43,140,701.98,136.45,20.02,34.16,1,10,-1,-1
43,135,740.89,360.77,33.85,64.01,1,2,-1,-1
43,126,876.57,340.42,41.88,91.62,1,2,-1,-1
43,125,740.89,338.80,45.98,83.99,1,2,-1,-1
43,121,1146.94,451.39,42.86,71.71,1,2,-1,-1
43,107,279.20,340.98,32.72,69.52,1,1,-1,-1
43,103,564.86,364.72,31.99,110.24,1,1,-1,-1
43,75,739.56,371.08,50.03,79.39,1,10,-1,-1
43,71,586.40,361.73,101.09,74.59,1,10,-1,-1
43,58,880.46,393.90,61.53,91.09,1,10,-1,-1
43,46,1136.61,452.24,70.13,99.11,1,2,-1,-1
43,25,575.66,414.42,32.71,68.48,1,1,-1,-1
44,169,1133.51,476.72,76.02,101.97,1,10,-1,-1
44,166,598.87,277.92,73.14,52.11,1,10,-1,-1
44,149,635.53,331.27,45.71,92.37,1,1,-1,-1
44,145,891.27,360.70,53.53,108.09,1,2,-1,-1
44,140,702.63,137.02,19.72,34.09,1,10,-1,-1
44,126,883.20,350.86,44.92,95.55,1,2,-1,-1
44,125,743.06,347.11,47.45,86.49,1,2,-1,-1
44,121,1149.77,452.77,42.42,71.45,1,2,-1,-1
44,107,275.52,344.06,33.31,70.45,1,1,-1,-1
44,103,564.22,368.17,33.69,112.19,1,1,-1,-1
44,71,587.06,366.46,101.34,75.37,1,10,-1,-1
44,58,887.66,398.24,63.16,93.97,1,10,-1,-1
44,25,575.26,420.11,33.23,68.99,1,1,-1,-1
45,171,628.36,353.15,65.68,69.33,1,1,-1,-1
45,169,1135.61,478.91,77.24,103.42,1,10,-1,-1
45,166,598.92,279.93,74.03,52.82,1,10,-1,-1
45,149,635.87,334.65,46.21,93.94,1,1,-1,-1
45,145,899.20,372.19,54.89,112.16,1,2,-1,-1
45,140,702.88,137.39,19.55,34.37,1,10,-1,-1
45,126,892.75,360.44,45.39,95.78,1,2,-1,-1
45,125,745.89,355.44,49.08,89.15,1,2,-1,-1
45,121,1152.79,454.62,42.12,71.28,1,2,-1,-1
45,103,563.46,373.77,33.44,113.88,1,1,-1,-1
45,71,587.42,370.34,101.84,76.51,1,10,-1,-1
45,58,895.32,409.38,66.62,97.12,1,10,-1,-1
46,174,758.12,395.83,38.64,69.48,1,2,-1,-1
46,173,362.95,291.13,19.10,48.84,1,1,-1,-1
46,171,627.54,359.83,68.26,65.84,1,1,-1,-1
46,169,1138.29,480.95,78.55,104.96,1,10,-1,-1
46,166,598.93,281.26,75.03,53.67,1,10,-1,-1
46,149,635.91,338.38,46.52,95.25,1,1,-1,-1
46,145,910.32,381.01,57.14,117.13,1,2,-1,-1
46,140,703.65,138.11,19.42,34.58,1,10,-1,-1
46,126,902.13,371.86,44.76,94.85,1,2,-1,-1
46,125,753.01,351.72,48.57,87.71,1,2,-1,-1
46,121,1155.37,455.96,42.21,71.24,1,2,-1,-1
46,103,563.48,377.92,34.75,116.74,1,1,-1,-1
46,71,587.66,374.29,102.47,77.61,1,10,-1,-1
46,58,903.30,423.11,71.10,100.33,1,10,-1,-1
46,16,534.15,298.23,31.23,85.27,1,1,-1,-1
46,11,702.97,211.15,27.82,63.51,1,1,-1,-1
46,6,534.88,199.82,26.47,31.04,1,2,-1,-1
47,174,762.09,406.57,39.69,70.79,1,2,-1,-1
47,173,361.70,293.25,19.16,49.40,1,1,-1,-1
47,171,626.96,365.76,71.38,64.91,1,1,-1,-1
47,169,1140.91,482.05,78.89,105.34,1,10,-1,-1
47,166,598.93,283.08,76.05,54.58,1,10,-1,-1
47,149,636.53,342.26,46.72,96.41,1,1,-1,-1
47,145,919.25,389.05,57.11,118.01,1,2,-1,-1
47,140,703.93,138.51,19.35,35.03,1,10,-1,-1
47,126,910.53,384.97,47.51,99.36,1,2,-1,-1
47,125,754.60,368.60,51.05,91.53,1,2,-1,-1
47,121,1158.03,457.78,41.99,71.17,1,2,-1,-1
47,103,562.46,384.03,35.36,118.28,1,1,-1,-1
47,75,754.94,410.11,49.68,87.88,1,10,-1,-1
47,71,587.81,379.58,103.20,78.70,1,10,-1,-1
47,58,914.33,437.94,74.03,103.30,1,10,-1,-1
47,16,533.58,301.82,31.00,84.37,1,1,-1,-1
47,11,703.89,212.56,27.98,64.43,1,1,-1,-1
47,6,534.26,200.32,26.70,31.40,1,2,-1,-1
48,183,514.16,193.75,13.52,34.49,1,1,-1,-1
48,178,833.10,133.23,35.73,46.67,1,8,-1,-1
48,174,765.52,417.36,41.10,72.17,1,2,-1,-1
48,173,359.17,295.37,19.22,50.12,1,1,-1,-1
48,171,626.29,371.32,74.21,64.96,1,1,-1,-1
48,169,1143.65,483.46,78.63,104.77,1,10,-1,-1
48,166,598.99,284.89,76.95,55.15,1,10,-1,-1
48,145,933.13,404.51,58.57,118.50,1,2,-1,-1
48,140,704.70,139.21,19.30,35.36,1,10,-1,-1
48,126,920.73,397.94,49.13,102.83,1,2,-1,-1
48,125,757.69,380.46,53.35,94.77,1,2,-1,-1
48,107,261.43,356.35,35.40,75.03,1,1,-1,-1
48,75,758.81,421.65,48.76,89.61,1,10,-1,-1
48,71,587.92,385.38,104.01,79.76,1,10,-1,-1
48,16,532.95,304.75,31.12,84.03,1,1,-1,-1
48,11,704.84,214.39,28.09,65.37,1,1,-1,-1
48,6,533.99,201.08,26.86,31.66,1,2,-1,-1
49,183,515.15,194.70,13.76,34.60,1,1,-1,-1
49,178,834.11,133.79,35.90,46.58,1,8,-1,-1
49,174,769.31,428.29,42.31,73.31,1,2,-1,-1
49,171,625.59,376.11,76.88,65.88,1,1,-1,-1
49,169,1147.16,485.07,78.05,103.66,1,10,-1,-1
49,166,599.00,286.90,77.93,55.88,1,10,-1,-1
49,140,705.64,140.06,19.25,35.59,1,10,-1,-1
49,125,760.54,391.80,55.26,97.55,1,2,-1,-1
49,107,258.09,359.81,35.81,75.82,1,1,-1,-1
49,71,587.99,391.55,104.89,81.10,1,10,-1,-1
49,46,1156.05,454.85,72.85,101.68,1,2,-1,-1
49,6,533.22,201.95,26.98,31.84,1,2,-1,-1
50,189,443.16,202.11,27.27,46.19,1,1,-1,-1
50,183,516.11,195.71,13.90,34.58,1,1,-1,-1
50,178,835.21,134.05,36.48,47.04,1,8,-1,-1
50,174,773.19,438.75,43.48,74.71,1,2,-1,-1
50,171,625.12,381.18,79.69,67.37,1,1,-1,-1
50,169,1150.55,485.86,78.15,103.45,1,10,-1,-1
50,166,598.89,289.51,78.49,56.30,1,10,-1,-1
50,140,706.65,140.97,19.22,35.76,1,10,-1,-1
50,125,778.12,412.10,54.18,94.25,1,2,-1,-1
50,107,254.42,363.01,36.40,76.70,1,1,-1,-1
50,71,588.04,397.63,105.80,82.34,1,10,-1,-1
50,46,1159.68,455.95,73.27,102.19,1,2,-1,-1
50,6,532.93,202.70,27.05,31.69,1,2,-1,-1
51,189,443.04,206.30,25.87,43.26,1,1,-1,-1
51,183,517.76,196.89,14.02,34.93,1,1,-1,-1
51,174,770.97,450.81,58.97,107.66,1,2,-1,-1
51,172,342.16,280.71,26.70,65.46,1,1,-1,-1
51,171,624.64,386.16,82.03,68.73,1,1,-1,-1
51,169,1153.98,486.19,78.99,103.89,1,10,-1,-1
51,166,598.73,292.52,78.90,56.88,1,10,-1,-1
51,140,707.67,142.10,19.20,36.17,1,10,-1,-1
51,125,772.68,418.56,56.14,98.20,1,2,-1,-1
51,107,251.08,366.12,36.81,77.58,1,1,-1,-1
51,103,560.66,412.27,37.21,121.02,1,1,-1,-1
51,71,588.07,403.87,106.76,83.80,1,10,-1,-1
51,58,967.26,503.55,81.94,115.50,1,10,-1,-1
51,46,1162.39,457.09,73.87,102.86,1,2,-1,-1
51,25,570.70,462.97,37.85,74.46,1,1,-1,-1
51,6,532.16,203.17,27.11,31.86,1,2,-1,-1
52,189,443.07,208.79,24.64,41.38,1,1,-1,-1
52,174,774.43,467.59,58.43,111.50,1,2,-1,-1
52,173,350.17,304.67,19.06,52.63,1,1,-1,-1
52,172,340.11,282.63,26.89,65.57,1,1,-1,-1
52,171,624.17,390.60,84.15,70.35,1,1,-1,-1
52,169,1157.81,487.01,79.97,104.61,1,10,-1,-1
52,166,598.79,295.46,79.44,57.28,1,10,-1,-1
52,125,775.10,429.11,58.09,101.88,1,2,-1,-1
52,112,568.53,297.89,45.12,83.13,1,1,-1,-1
52,107,247.41,369.18,37.40,78.52,1,1,-1,-1
52,75,777.56,459.30,49.39,92.60,1,10,-1,-1
52,71,588.11,410.40,107.70,84.86,1,10,-1,-1
52,58,978.13,522.64,88.57,120.73,1,10,-1,-1
52,46,1165.20,458.70,74.29,103.33,1,2,-1,-1
52,25,570.24,471.71,38.38,75.57,1,1,-1,-1
52,11,708.77,221.71,28.30,68.48,1,1,-1,-1
52,6,531.87,203.95,27.15,31.98,1,2,-1,-1
53,206,1174.85,468.01,41.44,70.82,1,2,-1,-1
53,189,442.55,210.70,23.95,40.60,1,1,-1,-1
53,174,778.83,481.59,59.00,116.30,1,2,-1,-1
53,173,347.96,307.21,19.13,53.25,1,1,-1,-1
53,172,338.21,284.02,27.37,66.11,1,1,-1,-1
53,171,624.47,395.30,85.98,71.82,1,1,-1,-1
53,169,1160.44,487.96,81.04,105.51,1,10,-1,-1
53,166,598.70,298.59,79.84,57.85,1,10,-1,-1
53,125,780.52,441.43,60.06,105.67,1,2,-1,-1
53,112,568.13,300.54,45.63,83.58,1,1,-1,-1
53,75,782.51,467.46,49.43,88.52,1,10,-1,-1
53,58,988.44,542.17,97.04,126.68,1,10,-1,-1
53,25,569.51,480.24,39.05,76.95,1,1,-1,-1
53,11,709.77,223.52,28.32,69.41,1,1,-1,-1
53,6,531.30,204.85,27.46,32.08,1,2,-1,-1
54,189,441.98,212.02,23.87,40.28,1,1,-1,-1
54,178,840.06,136.92,37.03,47.99,1,8,-1,-1
54,174,783.56,494.26,64.69,124.67,1,2,-1,-1
54,173,345.70,309.56,18.86,53.80,1,1,-1,-1
54,172,336.18,285.75,27.68,66.41,1,1,-1,-1
54,171,624.40,399.63,87.68,73.50,1,1,-1,-1
54,169,1162.81,489.41,82.42,106.26,1,10,-1,-1
54,166,598.62,301.58,80.07,58.22,1,10,-1,-1
54,149,638.83,367.81,49.37,106.66,1,1,-1,-1
54,145,1003.54,490.23,58.50,116.17,1,2,-1,-1
54,125,787.72,454.87,62.03,109.23,1,2,-1,-1
54,58,1012.46,534.29,90.75,131.88,1,10,-1,-1
54,25,569.14,488.47,39.52,78.19,1,1,-1,-1
54,11,710.77,225.49,28.34,70.35,1,1,-1,-1
55,189,441.13,213.15,23.83,40.08,1,1,-1,-1
55,183,519.10,198.80,18.27,38.68,1,1,-1,-1
55,178,841.04,137.81,37.15,48.16,1,8,-1,-1
55,173,343.65,311.75,18.67,54.51,1,1,-1,-1
55,172,334.11,287.62,27.89,66.59,1,1,-1,-1
55,171,624.25,404.27,89.20,75.00,1,1,-1,-1
55,169,1165.49,491.27,83.75,107.13,1,10,-1,-1
55,166,599.22,305.20,80.18,58.46,1,10,-1,-1
55,149,639.06,371.46,49.91,108.10,1,1,-1,-1
55,145,1021.45,508.69,58.86,113.46,1,2,-1,-1
55,140,711.75,146.17,19.19,37.42,1,10,-1,-1
55,125,792.35,471.08,61.98,112.56,1,2,-1,-1
55,58,1036.67,546.42,88.17,138.01,1,10,-1,-1
56,189,440.17,214.88,23.82,39.96,1,1,-1,-1
56,183,519.23,199.39,19.74,39.33,1,1,-1,-1
56,178,842.16,138.23,37.59,48.65,1,8,-1,-1
56,173,341.18,314.26,18.85,55.18,1,1,-1,-1
56,171,624.25,409.22,90.97,76.74,1,1,-1,-1
56,169,1167.83,492.59,85.34,108.14,1,10,-1,-1
56,166,599.43,308.42,80.24,58.61,1,10,-1,-1
56,125,798.56,503.28,60.61,103.52,1,2,-1,-1
56,71,588.15,435.29,111.64,90.13,1,10,-1,-1
56,46,1177.06,464.84,75.57,105.36,1,2,-1,-1
57,223,522.23,338.59,36.64,88.75,1,1,-1,-1
57,189,439.35,216.11,24.14,39.98,1,1,-1,-1
57,183,519.85,200.32,21.07,40.05,1,1,-1,-1
57,178,843.14,138.95,37.87,48.97,1,8,-1,-1
57,173,338.81,316.58,18.67,55.80,1,1,-1,-1
57,171,624.09,413.60,92.58,78.58,1,1,-1,-1
57,169,1170.47,494.36,86.79,109.17,1,10,-1,-1
57,166,599.48,311.67,80.29,58.99,1,10,-1,-1
57,125,804.92,511.38,64.21,109.52,1,2,-1,-1
57,112,566.21,313.49,48.48,87.01,1,1,-1,-1
57,71,588.16,441.92,112.63,91.42,1,10,-1,-1
57,46,1179.99,466.20,75.81,105.98,1,2,-1,-1
57,6,529.15,207.94,27.80,32.91,1,2,-1,-1
58,229,1111.74,608.90,89.08,153.99,1,2,-1,-1
58,223,520.85,342.01,37.15,90.11,1,1,-1,-1
58,189,438.35,217.17,24.37,39.98,1,1,-1,-1
58,183,520.51,201.09,21.94,40.07,1,1,-1,-1
58,178,844.74,139.81,38.06,49.17,1,8,-1,-1
58,174,811.00,574.56,79.93,144.00,1,2,-1,-1
58,171,623.93,418.23,94.02,80.20,1,1,-1,-1
58,169,1172.78,496.27,88.46,110.27,1,10,-1,-1
58,166,599.68,314.70,80.60,59.28,1,10,-1,-1
58,125,813.78,528.35,68.71,114.57,1,2,-1,-1
58,112,565.66,317.54,49.50,88.15,1,1,-1,-1
58,71,587.69,448.97,113.92,92.91,1,10,-1,-1
58,46,1190.68,460.02,82.03,114.96,1,2,-1,-1
58,25,567.12,522.86,41.58,83.78,1,1,-1,-1
58,11,715.14,233.99,29.20,74.45,1,1,-1,-1
59,233,1191.20,477.31,41.75,72.38,1,2,-1,-1
59,229,1127.23,614.92,73.03,127.30,1,2,-1,-1
59,189,437.78,218.40,24.25,40.22,1,1,-1,-1
59,183,521.42,202.01,22.85,40.07,1,1,-1,-1
59,178,845.93,140.09,38.18,49.30,1,8,-1,-1
59,174,819.35,594.64,84.71,148.97,1,2,-1,-1
59,172,326.08,294.59,28.97,67.67,1,1,-1,-1
59,171,623.97,422.98,95.63,81.68,1,1,-1,-1
59,169,1175.40,498.25,89.96,111.36,1,10,-1,-1
59,125,821.07,549.12,73.36,119.01,1,2,-1,-1
59,71,593.63,446.57,107.36,87.57,1,10,-1,-1
59,46,1187.93,465.23,80.81,112.99,1,2,-1,-1
59,25,566.44,533.05,42.20,85.12,1,1,-1,-1
59,11,716.96,237.09,29.85,76.63,1,1,-1,-1
60,239,424.91,206.27,24.09,51.52,1,1,-1,-1
60,233,1193.90,479.19,42.14,73.40,1,2,-1,-1
60,189,437.13,219.39,24.48,40.47,1,1,-1,-1
60,183,522.73,203.35,23.16,39.32,1,1,-1,-1
60,178,846.98,140.80,38.25,49.38,1,8,-1,-1
60,174,827.78,612.15,89.30,148.14,1,2,-1,-1
60,172,324.20,296.52,29.39,67.81,1,1,-1,-1
60,171,623.86,427.34,97.12,83.33,1,1,-1,-1
60,169,1177.68,499.76,91.66,112.79,1,10,-1,-1
60,125,828.18,571.91,77.81,122.68,1,2,-1,-1
60,71,590.39,461.31,111.92,91.12,1,10,-1,-1
60,46,1188.30,469.48,79.91,111.54,1,2,-1,-1
60,25,566.09,544.02,42.64,86.62,1,1,-1,-1
61,246,699.00,93.00,17.00,21.00,1,10,-1,-1
61,239,423.75,208.23,23.65,51.41,1,1,-1,-1
61,233,1196.76,481.22,42.37,74.33,1,2,-1,-1
61,189,436.22,220.99,24.64,40.64,1,1,-1,-1
61,183,523.98,204.61,23.66,38.79,1,1,-1,-1
61,178,848.14,141.20,38.63,49.77,1,8,-1,-1
61,174,834.13,630.96,90.14,137.93,1,2,-1,-1
61,173,328.42,327.75,18.93,58.50,1,1,-1,-1
61,172,321.03,299.28,30.01,68.25,1,1,-1,-1
61,171,623.74,431.99,98.47,84.81,1,1,-1,-1
61,169,1180.30,501.52,93.19,114.10,1,10,-1,-1
61,125,835.25,595.55,82.14,125.81,1,2,-1,-1
61,103,550.72,489.35,45.57,143.11,1,1,-1,-1
61,71,588.11,471.55,115.71,93.91,1,10,-1,-1
61,46,1189.99,473.27,79.52,110.48,1,2,-1,-1
61,25,565.89,555.05,42.96,87.97,1,1,-1,-1
61,6,526.20,214.05,28.11,32.20,1,2,-1,-1
62,251,408.71,223.10,28.54,49.61,1,1,-1,-1
62,246,699.00,93.78,17.00,21.00,1,10,-1,-1
62,245,685.80,123.86,16.09,30.35,1,2,-1,-1
62,223,514.77,360.28,39.31,95.97,1,1,-1,-1
62,189,435.22,222.18,24.75,40.76,1,1,-1,-1
62,183,525.65,206.29,24.00,38.07,1,1,-1,-1
62,173,325.35,330.83,19.02,58.85,1,1,-1,-1
62,172,317.82,302.35,30.44,68.84,1,1,-1,-1
62,171,624.27,436.96,99.76,86.44,1,1,-1,-1
62,169,1182.59,503.39,94.87,115.36,1,10,-1,-1
62,125,845.96,620.99,86.91,127.68,1,2,-1,-1
62,107,201.98,405.77,45.57,90.02,1,1,-1,-1
62,103,549.88,498.56,46.91,146.52,1,1,-1,-1
62,71,586.49,479.71,119.28,96.48,1,10,-1,-1
62,46,1192.10,476.99,79.52,109.99,1,2,-1,-1
62,25,565.95,566.29,43.47,89.52,1,1,-1,-1
62,6,525.38,216.07,28.42,31.93,1,2,-1,-1
63,251,407.05,224.98,28.87,50.06,1,1,-1,-1
63,246,699.00,94.02,17.00,21.00,1,10,-1,-1
63,223,513.60,366.38,39.59,97.42,1,1,-1,-1
63,183,525.53,207.67,24.23,37.55,1,1,-1,-1
63,173,322.29,334.46,19.08,59.10,1,1,-1,-1
63,171,623.93,443.99,101.29,88.23,1,1,-1,-1
63,169,1185.21,505.32,96.38,116.56,1,10,-1,-1
63,125,855.04,644.25,91.34,119.09,1,2,-1,-1
63,107,195.88,410.14,46.87,91.54,1,1,-1,-1
63,103,539.11,538.80,49.42,137.15,1,1,-1,-1
63,71,585.64,487.57,122.39,98.59,1,10,-1,-1
63,46,1194.12,480.40,79.51,109.63,1,2,-1,-1
64,257,685.16,135.27,18.86,25.66,1,10,-1,-1
64,251,405.68,227.03,28.61,50.02,1,1,-1,-1
64,246,699.00,94.08,17.00,21.00,1,10,-1,-1
64,183,524.76,209.57,24.39,37.16,1,1,-1,-1
64,173,319.23,337.85,19.13,59.55,1,1,-1,-1
64,171,623.88,452.41,102.99,90.11,1,1,-1,-1
64,169,1187.33,507.28,97.76,117.71,1,10,-1,-1
64,112,563.26,342.43,54.35,96.89,1,1,-1,-1
64,107,189.94,414.20,48.36,92.92,1,1,-1,-1
64,103,543.70,535.46,50.04,143.44,1,1,-1,-1
64,46,1191.97,469.26,70.80,104.85,1,2,-1,-1
65,269,412.77,238.10,19.41,40.64,1,1,-1,-1
65,264,724.03,157.10,19.09,41.00,1,10,-1,-1
65,257,686.77,130.17,18.18,26.95,1,10,-1,-1
65,251,404.04,229.10,28.89,50.60,1,1,-1,-1
65,246,699.00,94.79,17.00,21.00,1,10,-1,-1
65,239,418.69,214.29,23.76,53.30,1,1,-1,-1
65,233,1207.71,488.59,44.15,80.37,1,2,-1,-1
65,183,524.23,211.64,24.19,36.85,1,1,-1,-1
65,173,316.37,341.37,19.44,59.64,1,1,-1,-1
65,171,623.91,461.34,104.81,92.06,1,1,-1,-1
65,169,1199.30,505.30,91.43,109.72,1,10,-1,-1
65,149,643.79,447.32,63.28,124.76,1,1,-1,-1
65,112,562.72,346.36,55.45,98.41,1,1,-1,-1
65,107,183.83,418.36,49.71,94.47,1,1,-1,-1
65,46,1198.88,482.31,73.44,106.27,1,2,-1,-1
65,11,724.80,253.65,32.13,80.23,1,1,-1,-1
66,274,686.00,103.85,13.00,30.00,1,10,-1,-1
66,264,725.07,158.88,19.08,41.03,1,10,-1,-1
66,257,688.12,129.01,17.66,27.85,1,10,-1,-1
66,251,402.65,231.14,28.68,50.76,1,1,-1,-1
66,246,699.69,95.03,17.00,21.00,1,10,-1,-1
66,183,523.56,213.28,24.34,36.93,1,1,-1,-1
66,172,304.57,315.86,32.65,72.05,1,1,-1,-1
66,169,1196.24,512.55,94.85,113.47,1,10,-1,-1
66,149,645.63,454.60,62.28,128.49,1,1,-1,-1
66,112,562.33,350.47,56.23,100.02,1,1,-1,-1
66,107,178.34,423.00,50.96,95.85,1,1,-1,-1
66,46,1214.44,508.21,71.95,98.16,1,2,-1,-1
66,25,561.78,619.75,43.20,94.27,1,1,-1,-1
66,6,522.88,221.70,28.97,31.49,1,2,-1,-1
67,264,726.10,160.66,19.01,40.65,1,10,-1,-1
67,251,401.05,233.05,28.88,51.02,1,1,-1,-1
67,223,508.83,390.52,41.84,102.95,1,1,-1,-1
67,172,301.09,319.41,33.53,72.81,1,1,-1,-1
67,149,647.30,461.58,61.85,132.13,1,1,-1,-1
67,112,562.25,355.08,57.07,101.47,1,1,-1,-1
67,107,171.98,429.79,52.42,97.14,1,1,-1,-1
67,71,583.96,533.10,133.49,106.70,1,10,-1,-1
67,46,1210.91,502.90,74.38,101.69,1,2,-1,-1
67,25,560.60,633.63,42.77,95.40,1,1,-1,-1
68,284,665.90,203.94,41.01,61.22,1,7,-1,-1
68,264,727.26,162.57,19.36,40.60,1,10,-1,-1
68,223,507.75,396.05,42.26,104.44,1,1,-1,-1
68,178,856.05,145.83,40.03,51.57,1,8,-1,-1
68,172,297.75,322.70,34.15,73.61,1,1,-1,-1
68,149,648.17,468.92,61.81,135.40,1,1,-1,-1
68,112,560.76,360.10,57.68,103.05,1,1,-1,-1
68,107,165.91,438.06,54.04,98.36,1,1,-1,-1
68,103,542.15,576.04,51.94,161.63,1,1,-1,-1
68,71,583.89,545.21,136.38,108.82,1,10,-1,-1
68,46,1220.87,508.36,74.05,101.57,1,2,-1,-1
69,290,689.11,138.28,18.94,29.65,1,10,-1,-1
69,284,666.23,206.57,41.57,61.54,1,7,-1,-1
69,269,406.20,246.85,20.48,42.13,1,1,-1,-1
69,264,728.24,164.05,19.63,40.91,1,10,-1,-1
69,239,406.45,226.04,26.90,56.79,1,1,-1,-1
69,223,506.66,402.01,42.55,106.04,1,1,-1,-1
69,173,304.19,355.47,20.00,60.44,1,1,-1,-1
69,172,294.49,325.88,34.59,74.45,1,1,-1,-1
69,171,623.75,496.91,111.52,99.49,1,1,-1,-1
69,149,649.31,476.66,62.06,138.66,1,1,-1,-1
69,112,559.45,365.71,58.11,104.45,1,1,-1,-1
69,107,159.74,446.43,55.50,99.79,1,1,-1,-1
69,103,540.22,588.48,52.00,163.81,1,1,-1,-1
69,71,583.09,557.85,138.98,110.60,1,10,-1,-1
69,46,1216.90,506.94,76.15,104.42,1,2,-1,-1
69,11,731.86,267.04,33.32,82.94,1,1,-1,-1
70,290,689.83,139.13,19.27,30.55,1,10,-1,-1
70,284,666.36,208.82,42.36,62.24,1,7,-1,-1
70,269,404.25,248.89,20.77,42.38,1,1,-1,-1
70,264,729.20,165.68,19.76,40.72,1,10,-1,-1
70,246,700.05,96.13,17.00,21.00,1,10,-1,-1
70,239,403.92,232.36,28.15,58.53,1,1,-1,-1
70,183,521.15,220.50,23.66,37.45,1,1,-1,-1
70,173,301.33,359.34,20.36,60.56,1,1,-1,-1
70,172,291.49,329.64,35.20,75.36,1,1,-1,-1
70,171,623.75,505.91,113.27,101.43,1,1,-1,-1
70,169,1200.64,525.81,103.60,122.10,1,10,-1,-1
70,149,650.51,483.91,62.51,141.89,1,1,-1,-1
70,112,557.77,371.74,58.70,106.03,1,1,-1,-1
70,107,153.76,455.08,57.10,100.82,1,1,-1,-1
70,103,539.03,600.51,52.31,160.44,1,1,-1,-1
70,71,582.23,570.90,141.70,112.45,1,10,-1,-1
70,46,1217.07,507.96,77.93,106.75,1,2,-1,-1
70,11,734.01,270.78,33.94,84.72,1,1,-1,-1
70,6,520.99,227.57,29.65,31.33,1,2,-1,-1
71,301,692.54,105.75,12.64,27.84,1,2,-1,-1
71,296,692.90,203.14,22.08,59.80,1,1,-1,-1
71,290,690.71,139.43,19.48,31.40,1,10,-1,-1
71,284,667.00,210.84,42.80,62.55,1,7,-1,-1
71,283,598.25,371.61,96.52,67.78,1,10,-1,-1
71,269,402.87,251.04,20.98,42.85,1,1,-1,-1
71,264,730.16,167.60,19.86,40.58,1,10,-1,-1
71,251,394.98,240.29,29.29,53.19,1,1,-1,-1
71,246,700.05,96.80,17.00,21.00,1,10,-1,-1
71,239,402.80,240.11,25.13,54.17,1,1,-1,-1
71,183,520.76,222.44,23.33,37.54,1,1,-1,-1
71,173,297.65,363.96,20.61,60.63,1,1,-1,-1
71,171,623.81,515.00,115.10,103.39,1,1,-1,-1
71,169,1203.12,528.62,105.30,123.76,1,10,-1,-1
71,149,651.52,491.46,62.83,144.77,1,1,-1,-1
71,112,554.50,351.62,66.15,121.11,1,1,-1,-1
71,107,147.63,463.60,58.55,102.12,1,1,-1,-1
71,103,538.21,613.54,53.22,152.63,1,1,-1,-1
71,46,1218.71,510.48,79.21,108.41,1,2,-1,-1
71,11,736.17,274.77,34.66,86.56,1,1,-1,-1
71,6,520.39,229.02,30.10,31.60,1,2,-1,-1
72,301,693.94,106.53,12.52,27.96,1,2,-1,-1
72,296,693.32,204.92,22.51,60.27,1,1,-1,-1
72,290,691.52,140.19,19.14,31.68,1,10,-1,-1
72,284,667.28,212.91,43.48,63.19,1,7,-1,-1
72,283,598.30,376.63,98.17,68.51,1,10,-1,-1
72,269,401.06,253.02,21.10,43.14,1,1,-1,-1
72,251,393.72,242.20,29.32,53.60,1,1,-1,-1
72,246,703.50,92.56,17.35,21.37,1,10,-1,-1
72,233,1231.49,514.93,47.39,90.94,1,2,-1,-1
72,183,520.00,223.76,23.09,37.60,1,1,-1,-1
72,178,860.98,148.25,40.83,52.62,1,8,-1,-1
72,171,623.86,524.11,116.98,105.38,1,1,-1,-1
72,169,1196.28,527.57,99.77,121.89,1,10,-1,-1
72,149,652.66,499.16,63.32,147.45,1,1,-1,-1
72,112,552.54,371.11,64.56,119.34,1,1,-1,-1
72,107,141.66,472.49,60.16,103.34,1,1,-1,-1
72,46,1237.47,495.45,70.00,104.26,1,2,-1,-1
72,6,519.64,230.79,30.70,31.80,1,2,-1,-1
73,311,421.82,242.26,25.36,42.62,1,1,-1,-1
73,301,695.09,106.73,12.49,28.15,1,2,-1,-1
73,296,694.07,206.98,22.79,60.86,1,1,-1,-1
73,290,692.49,141.23,18.95,32.23,1,10,-1,-1
73,284,667.27,215.55,43.89,63.53,1,7,-1,-1
73,283,597.86,382.35,100.32,69.40,1,10,-1,-1
73,269,399.27,255.59,21.51,43.42,1,1,-1,-1
73,251,391.98,244.10,29.33,53.88,1,1,-1,-1
73,246,701.95,95.37,17.25,21.27,1,10,-1,-1
73,233,1234.68,518.42,47.66,92.51,1,2,-1,-1
73,223,501.75,425.92,44.46,111.64,1,1,-1,-1
73,178,862.05,148.98,41.02,52.91,1,8,-1,-1
73,171,624.89,535.71,119.55,108.27,1,1,-1,-1
73,169,1207.08,534.22,103.38,124.57,1,10,-1,-1
73,149,653.81,507.14,63.96,150.24,1,1,-1,-1
73,112,551.45,382.83,63.37,118.26,1,1,-1,-1
73,107,133.58,481.70,61.60,104.77,1,1,-1,-1
73,46,1231.73,510.66,73.73,107.09,1,2,-1,-1
73,6,519.27,232.70,31.13,31.93,1,2,-1,-1
74,317,407.79,227.61,23.32,56.88,1,1,-1,-1
74,311,420.17,244.12,25.66,42.92,1,1,-1,-1
74,301,696.30,106.61,12.88,28.62,1,2,-1,-1
74,296,694.96,208.94,22.95,61.18,1,1,-1,-1
74,290,692.99,141.57,19.20,33.10,1,10,-1,-1
74,284,667.86,217.74,44.14,63.70,1,7,-1,-1
74,269,397.76,257.81,21.45,43.48,1,1,-1,-1
74,251,390.71,246.19,29.34,54.38,1,1,-1,-1
74,246,701.36,97.11,17.18,21.19,1,10,-1,-1
74,233,1237.87,522.33,48.16,94.24,1,2,-1,-1
74,223,500.82,432.03,44.98,113.21,1,1,-1,-1
74,178,863.04,149.84,41.15,53.11,1,8,-1,-1
74,172,277.92,346.49,37.78,78.70,1,1,-1,-1
74,169,1213.40,539.54,105.38,126.35,1,10,-1,-1
74,149,655.15,518.28,64.93,150.88,1,1,-1,-1
74,46,1230.94,518.55,76.69,109.05,1,2,-1,-1
74,6,518.60,234.66,31.72,32.04,1,2,-1,-1
75,311,423.71,253.62,23.72,39.74,1,1,-1,-1
75,301,697.85,107.31,12.78,28.70,1,2,-1,-1
75,290,693.80,142.21,19.33,33.65,1,10,-1,-1
75,284,668.18,219.91,44.66,64.20,1,7,-1,-1
75,269,396.10,260.00,21.75,43.91,1,1,-1,-1
75,264,740.42,181.22,20.40,41.31,1,10,-1,-1
75,223,498.63,440.12,45.64,114.93,1,1,-1,-1
75,178,864.18,150.28,41.54,53.56,1,8,-1,-1
75,172,274.53,350.67,38.35,79.55,1,1,-1,-1
75,169,1218.27,544.46,106.23,127.56,1,10,-1,-1
75,149,656.49,531.03,66.18,149.85,1,1,-1,-1
75,46,1232.84,523.75,79.12,110.42,1,2,-1,-1
75,11,743.22,293.25,37.28,92.63,1,1,-1,-1
75,6,518.26,236.83,32.16,32.39,1,2,-1,-1
76,301,699.06,107.52,12.73,28.79,1,2,-1,-1
76,290,694.69,142.68,19.46,34.64,1,10,-1,-1
76,284,668.87,221.90,45.00,64.49,1,7,-1,-1
76,269,392.01,250.66,22.97,45.75,1,1,-1,-1
76,264,742.13,183.92,20.65,41.68,1,10,-1,-1
76,172,271.46,355.25,39.04,80.17,1,1,-1,-1
76,149,658.23,545.17,67.37,147.29,1,1,-1,-1
76,11,744.60,298.63,37.91,93.67,1,1,-1,-1
76,6,517.60,238.85,32.75,32.65,1,2,-1,-1
77,327,276.03,394.68,23.84,60.65,1,1,-1,-1
77,301,700.14,107.56,12.71,28.90,1,2,-1,-1
77,290,695.66,143.34,19.51,35.31,1,10,-1,-1
77,284,669.24,224.49,45.53,64.73,1,7,-1,-1
77,269,391.82,259.59,22.82,45.78,1,1,-1,-1
77,264,743.34,186.12,20.82,41.91,1,10,-1,-1
77,172,268.31,359.76,39.54,81.16,1,1,-1,-1
77,149,659.67,559.61,68.80,143.92,1,1,-1,-1
77,107,98.31,520.94,66.35,110.00,1,1,-1,-1
77,11,746.26,304.48,38.36,94.69,1,1,-1,-1
77,6,517.26,240.83,33.17,32.83,1,2,-1,-1
78,334,697.82,139.00,16.48,31.00,1,2,-1,-1
78,330,415.08,252.08,25.84,45.10,1,1,-1,-1
78,327,272.34,399.50,24.41,60.99,1,1,-1,-1
78,301,701.33,108.14,13.03,29.15,1,2,-1,-1
78,290,696.64,144.28,19.55,36.08,1,10,-1,-1
78,284,669.43,226.81,46.23,65.23,1,7,-1,-1
78,269,390.70,264.69,23.00,45.53,1,1,-1,-1
78,264,744.36,188.14,20.93,42.07,1,10,-1,-1
78,251,384.71,253.65,29.61,56.07,1,1,-1,-1
78,246,701.03,99.02,17.06,21.06,1,10,-1,-1
78,233,1251.89,538.20,50.00,99.96,1,2,-1,-1
78,172,264.69,363.96,40.19,82.17,1,1,-1,-1
78,149,660.95,574.46,70.40,140.29,1,1,-1,-1
78,107,89.78,531.11,67.50,111.52,1,1,-1,-1
78,11,748.07,310.50,38.68,95.68,1,1,-1,-1
78,6,516.61,242.33,33.77,33.25,1,2,-1,-1
79,339,742.13,175.84,23.00,39.33,1,2,-1,-1
79,334,698.82,140.07,16.26,30.85,1,2,-1,-1
79,330,413.25,254.11,26.27,45.42,1,1,-1,-1
79,327,269.08,405.22,24.71,61.04,1,1,-1,-1
79,290,697.65,145.14,19.56,36.60,1,10,-1,-1
79,284,670.03,228.86,46.71,65.54,1,7,-1,-1
79,269,388.99,268.08,23.13,45.64,1,1,-1,-1
79,264,745.51,190.74,21.31,42.23,1,10,-1,-1
79,251,383.10,255.32,29.83,56.55,1,1,-1,-1
79,246,701.03,99.12,17.04,21.04,1,10,-1,-1
79,233,1255.59,542.31,50.38,101.54,1,2,-1,-1
79,223,487.94,477.93,48.30,121.17,1,1,-1,-1
79,178,869.67,153.93,42.21,54.60,1,8,-1,-1
79,172,261.53,368.52,40.93,82.91,1,1,-1,-1
79,149,662.60,589.78,71.85,135.88,1,1,-1,-1
79,112,543.28,431.56,73.27,126.55,1,1,-1,-1
79,107,77.78,542.94,68.87,112.61,1,1,-1,-1
79,11,750.78,315.91,39.19,96.70,1,1,-1,-1
79,6,515.80,244.08,34.47,33.56,1,2,-1,-1
80,339,743.29,177.73,23.48,39.54,1,2,-1,-1
80,334,699.28,140.97,16.56,31.06,1,2,-1,-1
80,333,515.93,238.16,20.38,38.57,1,1,-1,-1
80,330,411.79,256.80,26.01,44.91,1,1,-1,-1
80,327,263.97,411.23,25.32,61.65,1,1,-1,-1
80,284,670.35,231.46,47.33,65.77,1,7,-1,-1
80,283,608.66,423.88,101.02,67.63,1,10,-1,-1
80,269,387.72,270.58,23.21,45.71,1,1,-1,-1
80,264,746.96,192.96,21.28,42.28,1,10,-1,-1
80,251,381.66,257.33,29.70,57.12,1,1,-1,-1
80,233,1259.28,545.10,50.31,102.02,1,2,-1,-1
80,223,485.45,487.91,48.87,122.88,1,1,-1,-1
80,178,871.07,154.90,42.58,54.91,1,8,-1,-1
80,172,258.33,372.81,41.46,83.70,1,1,-1,-1
80,149,663.95,604.94,73.46,131.20,1,1,-1,-1
80,112,543.58,444.97,75.02,126.20,1,1,-1,-1
80,107,64.63,556.11,70.69,113.41,1,1,-1,-1
80,6,515.38,246.13,35.00,34.06,1,2,-1,-1
81,353,1257.48,551.14,83.77,116.36,1,2,-1,-1
81,352,1248.67,574.87,91.69,125.35,1,10,-1,-1
81,339,745.00,179.71,23.74,39.57,1,2,-1,-1
81,334,700.08,141.93,16.74,31.15,1,2,-1,-1
81,333,515.74,239.43,20.23,38.62,1,1,-1,-1
81,330,410.65,259.31,25.88,44.91,1,1,-1,-1
81,327,258.75,417.41,25.73,62.28,1,1,-1,-1
81,317,398.86,238.23,23.49,59.36,1,1,-1,-1
81,283,599.51,421.86,116.69,77.80,1,10,-1,-1
81,269,385.96,272.93,23.28,46.03,1,1,-1,-1
81,264,748.11,195.03,21.26,42.30,1,10,-1,-1
81,251,380.06,259.21,29.90,57.58,1,1,-1,-1
81,223,482.68,498.04,49.56,124.70,1,1,-1,-1
81,172,254.69,376.96,42.13,84.56,1,1,-1,-1
81,149,665.16,620.06,75.20,126.35,1,1,-1,-1
81,112,543.33,455.93,77.11,126.28,1,1,-1,-1
81,107,50.78,569.84,72.56,113.96,1,1,-1,-1
81,6,514.68,248.07,35.65,34.42,1,2,-1,-1
82,353,1261.06,555.71,81.64,116.11,1,2,-1,-1
82,352,1253.38,579.39,88.22,124.29,1,10,-1,-1
82,339,746.37,182.20,24.22,39.31,1,2,-1,-1
82,334,700.83,143.00,16.48,31.00,1,2,-1,-1
82,333,515.03,241.16,20.14,38.67,1,1,-1,-1
82,330,409.11,261.44,26.12,45.02,1,1,-1,-1
82,301,706.30,109.29,13.16,29.41,1,2,-1,-1
82,283,597.93,440.17,119.41,79.25,1,10,-1,-1
82,269,384.21,274.98,23.62,46.30,1,1,-1,-1
82,264,749.34,197.67,21.53,42.36,1,10,-1,-1
82,251,378.64,261.11,29.74,57.85,1,1,-1,-1
82,223,479.97,508.84,50.63,126.62,1,1,-1,-1
82,172,251.52,381.52,42.89,85.18,1,1,-1,-1
82,112,542.79,466.54,79.45,126.63,1,1,-1,-1
82,107,37.33,583.81,74.47,114.35,1,1,-1,-1
82,6,514.32,250.00,36.12,34.68,1,2,-1,-1
83,361,1265.66,562.88,93.88,137.57,1,10,-1,-1
83,353,1264.94,560.48,79.52,115.46,1,2,-1,-1
83,352,1258.15,583.85,84.67,123.34,1,10,-1,-1
83,339,747.41,184.44,24.53,39.08,1,2,-1,-1
83,334,701.79,144.04,16.31,30.92,1,2,-1,-1
83,333,514.64,243.15,19.72,38.55,1,1,-1,-1
83,330,407.72,263.55,25.92,44.92,1,1,-1,-1
83,301,707.81,109.36,13.06,29.43,1,2,-1,-1
83,283,597.24,452.10,121.90,80.55,1,10,-1,-1
83,269,382.89,277.60,23.85,46.48,1,1,-1,-1
83,264,750.36,199.89,21.73,42.39,1,10,-1,-1
83,251,377.05,263.19,29.92,58.38,1,1,-1,-1
83,223,477.22,519.22,51.97,128.62,1,1,-1,-1
83,172,248.32,385.81,43.44,85.90,1,1,-1,-1
83,112,541.27,477.80,81.70,127.47,1,1,-1,-1
83,107,25.34,600.49,76.40,114.62,1,1,-1,-1
83,11,764.94,337.65,41.96,100.21,1,1,-1,-1
83,6,513.64,251.93,36.73,34.87,1,2,-1,-1
84,368,702.28,229.79,25.60,63.47,1,1,-1,-1
84,361,1286.92,588.76,72.92,110.77,1,10,-1,-1
84,353,1269.11,563.67,76.30,114.42,1,2,-1,-1
84,351,717.76,207.54,28.47,63.92,1,1,-1,-1
84,339,749.03,186.57,24.73,38.90,1,2,-1,-1
84,334,702.30,144.99,16.54,31.03,1,2,-1,-1
84,333,514.37,242.25,23.95,36.16,1,1,-1,-1
84,301,709.02,110.03,12.98,29.46,1,2,-1,-1
84,284,671.43,240.61,49.26,67.40,1,7,-1,-1
84,283,596.90,461.60,124.23,81.75,1,10,-1,-1
84,269,380.44,279.80,24.02,46.59,1,1,-1,-1
84,264,751.32,201.96,21.86,42.41,1,10,-1,-1
84,251,375.63,265.15,29.76,58.71,1,1,-1,-1
84,233,1276.25,557.92,47.86,98.23,1,2,-1,-1
84,223,474.42,530.07,53.50,130.65,1,1,-1,-1
84,172,245.33,390.63,44.11,86.70,1,1,-1,-1
84,112,544.12,514.78,79.62,121.92,1,1,-1,-1
84,107,13.92,618.21,78.36,114.81,1,1,-1,-1
84,11,767.93,343.69,42.41,101.09,1,1,-1,-1
84,6,513.48,254.07,37.47,35.30,1,2,-1,-1
85,368,703.02,231.87,25.90,64.07,1,1,-1,-1
85,353,1265.58,556.32,68.14,110.34,1,2,-1,-1
85,351,719.68,209.57,28.50,64.85,1,1,-1,-1
85,334,703.09,145.96,16.69,31.08,1,2,-1,-1
85,333,513.09,246.12,22.53,36.84,1,1,-1,-1
85,327,238.36,442.69,26.94,65.00,1,1,-1,-1
85,317,393.62,245.01,23.57,60.75,1,1,-1,-1
85,301,710.28,110.23,13.24,29.56,1,2,-1,-1
85,290,700.70,152.55,18.85,34.61,1,10,-1,-1
85,284,672.02,242.78,49.72,67.64,1,7,-1,-1
85,283,595.20,468.59,126.24,83.45,1,10,-1,-1
85,269,378.23,282.50,24.13,46.65,1,1,-1,-1
85,264,752.74,203.99,21.67,42.38,1,10,-1,-1
85,251,374.05,267.05,29.92,58.98,1,1,-1,-1
85,233,1280.48,561.65,46.93,96.52,1,2,-1,-1
85,11,771.06,350.42,43.01,102.01,1,1,-1,-1
85,6,513.06,254.42,37.83,36.90,1,2,-1,-1
86,376,880.76,162.09,43.52,56.92,1,8,-1,-1
86,368,703.93,233.86,26.04,64.32,1,1,-1,-1
86,351,721.65,211.61,28.52,65.79,1,1,-1,-1
86,334,704.00,146.95,16.80,31.10,1,2,-1,-1
86,333,512.20,248.66,21.52,37.45,1,1,-1,-1
86,317,391.51,246.90,23.75,60.97,1,1,-1,-1
86,290,701.44,155.65,18.32,33.26,1,10,-1,-1
86,283,593.06,475.00,127.96,85.22,1,10,-1,-1
86,264,754.10,206.64,21.82,42.39,1,10,-1,-1
86,251,372.81,269.15,30.04,59.46,1,1,-1,-1
86,233,1285.21,565.48,45.97,94.71,1,2,-1,-1
86,11,773.36,358.72,43.44,102.94,1,1,-1,-1
86,6,511.40,257.16,37.70,36.75,1,2,-1,-1
87,376,882.66,163.25,43.49,57.40,1,8,-1,-1
87,368,704.89,235.84,26.10,64.43,1,1,-1,-1
87,351,723.65,213.63,28.53,66.74,1,1,-1,-1
87,330,401.97,272.89,25.54,45.00,1,1,-1,-1
87,317,389.41,248.84,23.87,61.11,1,1,-1,-1
87,290,702.44,157.66,17.95,32.32,1,10,-1,-1
87,283,591.66,483.14,129.77,87.07,1,10,-1,-1
87,264,755.19,208.87,21.92,42.39,1,10,-1,-1
87,251,370.41,271.30,30.14,60.08,1,1,-1,-1
87,233,1288.83,569.29,44.98,93.66,1,2,-1,-1
87,6,510.16,259.47,37.61,36.65,1,2,-1,-1
88,376,884.10,164.88,43.85,57.85,1,8,-1,-1
88,339,753.57,192.00,27.03,39.96,1,2,-1,-1
88,290,703.70,159.02,17.96,31.34,1,10,-1,-1
88,283,591.15,492.10,131.68,89.25,1,10,-1,-1
88,264,756.20,210.95,22.00,42.38,1,10,-1,-1
88,251,367.76,273.87,30.49,60.56,1,1,-1,-1
88,233,1292.49,573.17,43.70,93.40,1,2,-1,-1
88,223,461.46,583.14,58.39,137.59,1,1,-1,-1
88,172,222.70,413.09,46.84,91.33,1,1,-1,-1
88,6,509.25,261.80,37.82,36.84,1,2,-1,-1
89,376,885.89,166.03,44.03,58.08,1,8,-1,-1
89,301,715.28,111.30,13.27,29.65,1,2,-1,-1
89,290,704.81,160.30,17.97,30.66,1,10,-1,-1
89,284,673.34,251.89,51.53,69.08,1,7,-1,-1
89,283,590.81,501.13,133.32,91.37,1,10,-1,-1
89,269,369.34,293.50,24.31,46.73,1,1,-1,-1
89,264,757.83,213.63,22.05,42.38,1,10,-1,-1
89,251,364.78,276.66,30.73,60.89,1,1,-1,-1
89,246,702.95,102.15,17.00,21.00,1,10,-1,-1
89,233,1296.23,577.21,42.20,93.15,1,2,-1,-1
89,172,216.97,418.91,47.14,92.57,1,1,-1,-1
89,6,508.89,263.89,37.97,36.99,1,2,-1,-1
90,376,887.25,167.14,44.58,58.70,1,8,-1,-1
90,334,706.89,150.06,17.02,31.86,1,2,-1,-1
90,333,510.50,255.07,19.26,39.36,1,1,-1,-1
90,301,716.32,111.94,13.46,29.71,1,2,-1,-1
90,290,705.86,161.34,17.97,29.87,1,10,-1,-1
90,284,673.94,253.94,51.91,69.39,1,7,-1,-1
90,283,590.75,510.37,135.09,93.75,1,10,-1,-1
90,246,703.03,102.81,17.00,21.00,1,10,-1,-1
90,233,1300.03,581.06,40.55,93.42,1,2,-1,-1
90,172,211.13,424.85,47.64,93.75,1,1,-1,-1
90,112,532.21,567.62,90.14,130.51,1,1,-1,-1
90,6,508.27,266.09,38.36,37.37,1,2,-1,-1
91,368,707.94,244.44,27.02,65.59,1,1,-1,-1
91,334,707.69,151.04,16.73,31.88,1,2,-1,-1
91,333,510.22,256.72,18.56,39.59,1,1,-1,-1
91,330,395.05,281.97,26.60,45.90,1,1,-1,-1
91,327,208.07,480.14,28.27,69.50,1,1,-1,-1
91,317,381.38,258.24,24.36,61.04,1,1,-1,-1
91,283,589.68,500.21,139.78,97.93,1,10,-1,-1
91,246,703.06,103.05,17.00,21.00,1,10,-1,-1
91,233,1303.88,585.20,38.79,93.81,1,2,-1,-1
91,172,205.22,430.36,48.29,95.17,1,1,-1,-1
91,112,530.45,573.71,92.93,134.31,1,1,-1,-1
91,6,507.98,268.29,38.66,37.92,1,2,-1,-1
92,400,793.67,394.43,50.62,117.98,1,1,-1,-1
92,368,707.71,247.43,27.46,66.11,1,1,-1,-1
92,333,509.77,258.49,18.37,39.88,1,1,-1,-1
92,330,392.43,284.57,27.77,46.31,1,1,-1,-1
92,327,203.01,486.24,28.37,70.35,1,1,-1,-1
92,283,589.48,523.02,141.12,99.91,1,10,-1,-1
92,246,703.07,103.13,17.00,21.00,1,10,-1,-1
92,233,1306.00,589.61,37.24,94.58,1,2,-1,-1
92,172,199.27,436.14,49.03,96.49,1,1,-1,-1
92,112,528.41,583.28,95.44,137.54,1,1,-1,-1
92,6,506.54,270.08,38.86,38.05,1,2,-1,-1
93,400,796.77,403.65,52.08,120.00,1,1,-1,-1
93,368,707.69,250.51,28.09,66.86,1,1,-1,-1
93,333,509.47,259.93,17.95,40.30,1,1,-1,-1
93,327,198.13,492.93,28.75,71.31,1,1,-1,-1
93,283,589.23,538.82,143.25,102.22,1,10,-1,-1
93,246,703.06,103.80,17.00,21.00,1,10,-1,-1
93,172,193.57,442.07,49.28,97.67,1,1,-1,-1
93,112,526.50,595.36,98.06,140.13,1,1,-1,-1
93,6,505.32,271.98,39.00,38.14,1,2,-1,-1
94,411,721.77,258.08,34.31,56.73,1,10,-1,-1
94,410,523.10,266.92,15.91,31.16,1,2,-1,-1
94,400,799.66,413.78,53.39,122.34,1,1,-1,-1
94,368,707.73,253.59,28.85,67.75,1,1,-1,-1
94,352,1279.20,621.55,62.36,113.51,1,10,-1,-1
94,339,770.54,208.57,27.80,38.80,1,2,-1,-1
94,327,190.66,501.32,29.32,72.63,1,1,-1,-1
94,301,721.25,113.15,13.60,29.77,1,2,-1,-1
94,283,588.65,551.88,145.64,104.74,1,10,-1,-1
94,246,703.06,104.05,17.00,21.00,1,10,-1,-1
94,172,187.77,448.03,49.74,98.82,1,1,-1,-1
94,112,525.08,608.50,100.49,142.26,1,1,-1,-1
94,6,504.20,273.93,39.10,38.20,1,2,-1,-1
95,410,522.21,268.81,16.49,31.60,1,2,-1,-1
95,385,738.01,229.98,29.47,72.11,1,10,-1,-1
95,368,707.77,256.65,29.70,68.72,1,1,-1,-1
95,339,773.56,210.72,27.94,38.69,1,2,-1,-1
95,334,710.91,154.95,16.97,32.07,1,2,-1,-1
95,327,182.83,510.77,30.03,73.89,1,1,-1,-1
95,317,372.73,267.30,25.21,61.07,1,1,-1,-1
95,283,588.10,564.29,148.48,107.15,1,10,-1,-1
95,269,355.98,310.51,24.32,46.65,1,1,-1,-1
95,246,703.05,104.13,17.00,21.00,1,10,-1,-1
95,172,181.90,453.55,50.36,100.22,1,1,-1,-1
95,112,519.26,621.84,102.86,138.05,1,1,-1,-1
96,418,711.95,170.45,18.00,26.52,1,10,-1,-1
96,410,521.17,271.50,16.79,31.72,1,2,-1,-1
96,385,740.04,232.27,29.18,73.42,1,10,-1,-1
96,376,897.08,175.84,43.76,59.08,1,8,-1,-1
96,339,776.74,213.43,28.34,38.64,1,2,-1,-1
96,334,711.24,155.94,17.00,32.09,1,2,-1,-1
96,330,382.27,294.43,32.53,47.64,1,1,-1,-1
96,317,370.46,269.52,25.49,60.90,1,1,-1,-1
96,284,676.15,268.63,55.05,71.93,1,7,-1,-1
96,246,703.70,104.81,17.00,21.00,1,10,-1,-1
96,112,522.82,631.80,100.75,130.53,1,1,-1,-1
97,423,680.00,107.11,18.00,30.00,1,10,-1,-1
97,418,712.88,170.62,18.17,27.19,1,10,-1,-1
97,410,520.27,273.64,17.35,31.91,1,2,-1,-1
97,385,742.06,235.72,28.98,74.66,1,10,-1,-1
97,376,899.06,176.00,44.29,59.86,1,8,-1,-1
97,339,778.44,216.71,28.66,39.20,1,2,-1,-1
97,334,711.99,156.94,17.02,32.10,1,2,-1,-1
97,333,507.57,266.69,16.76,41.54,1,1,-1,-1
97,330,379.07,297.49,33.19,48.10,1,1,-1,-1
97,317,368.30,271.81,25.69,61.07,1,1,-1,-1
97,246,703.94,105.05,17.00,21.00,1,10,-1,-1
97,112,524.03,646.23,100.94,120.69,1,1,-1,-1
98,423,680.00,107.91,18.00,30.00,1,10,-1,-1
98,418,713.82,170.71,18.31,27.97,1,10,-1,-1
98,411,719.48,264.29,35.80,58.92,1,10,-1,-1
98,410,519.19,275.84,17.74,32.33,1,2,-1,-1
98,385,744.23,239.51,29.16,76.00,1,10,-1,-1
98,376,900.50,177.19,44.95,60.43,1,8,-1,-1
98,339,780.25,220.78,28.92,40.16,1,2,-1,-1
98,334,712.90,157.93,17.03,32.11,1,2,-1,-1
98,330,376.31,300.66,33.36,48.67,1,1,-1,-1
98,317,366.38,274.35,26.12,60.92,1,1,-1,-1
98,251,339.37,301.87,33.85,64.81,1,1,-1,-1
98,246,704.03,105.13,17.00,21.00,1,10,-1,-1
99,423,680.00,108.13,18.00,30.00,1,10,-1,-1
99,418,714.77,171.47,18.42,28.80,1,10,-1,-1
99,410,518.30,278.33,18.29,32.29,1,2,-1,-1
99,385,746.90,243.49,29.28,77.22,1,10,-1,-1
99,376,902.19,178.35,45.42,61.11,1,8,-1,-1
99,368,706.78,269.79,33.64,72.70,1,1,-1,-1
99,334,713.87,158.93,17.04,32.11,1,2,-1,-1
99,330,373.33,303.18,33.49,49.36,1,1,-1,-1
99,327,149.05,550.47,33.52,79.52,1,1,-1,-1
99,317,364.34,276.58,26.42,60.81,1,1,-1,-1
99,283,593.18,616.31,158.58,113.58,1,10,-1,-1
99,269,347.20,321.57,24.29,46.56,1,1,-1,-1
99,251,336.53,304.29,34.31,65.41,1,1,-1,-1
99,246,704.06,105.15,17.00,21.00,1,10,-1,-1
100,418,714.37,172.28,18.44,29.33,1,10,-1,-1
100,385,749.28,247.49,29.67,78.49,1,10,-1,-1
100,334,714.86,159.93,17.04,32.11,1,2,-1,-1
100,330,370.76,305.91,33.28,49.81,1,1,-1,-1
100,269,344.95,323.92,24.27,46.53,1,1,-1,-1
100,246,704.07,105.80,17.00,21.00,1,10,-1,-1
101,440,730.01,116.20,14.00,27.01,1,10,-1,-1
101,385,751.34,252.02,29.93,79.35,1,10,-1,-1
101,334,715.22,160.94,17.05,32.11,1,2,-1,-1
101,333,505.10,274.79,16.14,41.90,1,1,-1,-1
101,269,342.87,326.70,24.26,46.51,1,1,-1,-1
102,442,138.02,497.10,55.38,111.08,1,1,-1,-1
102,428,790.90,258.56,32.54,54.70,1,10,-1,-1
102,400,841.87,495.87,62.06,142.18,1,1,-1,-1
102,385,753.95,256.32,30.12,80.23,1,10,-1,-1
102,333,504.15,276.97,16.06,41.81,1,1,-1,-1
102,269,340.84,329.62,24.25,46.49,1,1,-1,-1
103,444,682.67,295.44,55.66,80.05,1,7,-1,-1
103,428,794.43,262.80,33.18,55.93,1,10,-1,-1
103,423,681.21,111.78,18.36,30.13,1,10,-1,-1
103,410,515.10,287.74,18.94,32.69,1,2,-1,-1
103,400,846.36,509.32,63.51,147.23,1,1,-1,-1
103,385,756.30,260.47,30.55,81.22,1,10,-1,-1
103,376,908.30,182.83,46.52,62.94,1,8,-1,-1
103,333,503.18,279.52,15.99,41.46,1,1,-1,-1
103,327,115.36,590.41,37.44,85.24,1,1,-1,-1
103,317,356.10,285.63,26.95,60.78,1,1,-1,-1
103,251,325.31,315.37,35.79,67.27,1,1,-1,-1
104,455,798.76,246.64,31.58,52.77,1,2,-1,-1
104,444,683.63,299.43,55.74,81.03,1,7,-1,-1
104,428,797.71,266.85,33.93,57.10,1,10,-1,-1
104,423,681.74,112.82,18.25,30.08,1,10,-1,-1
104,418,716.69,178.59,18.33,30.06,1,10,-1,-1
104,400,850.95,523.34,65.77,152.85,1,1,-1,-1
104,376,909.84,183.99,46.51,63.13,1,8,-1,-1
104,330,360.76,320.46,29.37,48.66,1,1,-1,-1
104,327,106.60,599.93,38.48,86.77,1,1,-1,-1
104,251,322.47,318.06,36.27,67.75,1,1,-1,-1
104,246,704.96,107.04,17.00,21.00,1,10,-1,-1
105,455,802.77,251.50,32.37,54.82,1,2,-1,-1
105,444,683.99,302.81,56.28,82.55,1,7,-1,-1
105,440,735.27,117.48,13.54,28.35,1,10,-1,-1
105,437,741.74,299.65,33.90,55.44,1,10,-1,-1
105,428,800.88,270.84,34.75,58.23,1,10,-1,-1
105,423,681.96,114.35,18.15,29.71,1,10,-1,-1
105,418,717.04,180.40,18.26,29.80,1,10,-1,-1
105,400,856.48,538.53,67.86,156.71,1,1,-1,-1
105,368,704.90,288.92,40.61,78.56,1,1,-1,-1
105,330,359.63,321.54,28.81,49.42,1,1,-1,-1
105,327,98.28,609.89,39.51,88.43,1,1,-1,-1
105,251,319.44,320.88,36.61,68.08,1,1,-1,-1
105,246,705.04,107.12,17.00,21.00,1,10,-1,-1
106,455,806.70,256.40,32.74,56.23,1,2,-1,-1
106,444,684.71,306.57,56.60,83.80,1,7,-1,-1
106,440,736.28,117.60,13.59,28.65,1,10,-1,-1
106,437,743.80,303.64,33.96,55.48,1,10,-1,-1
106,428,804.65,274.98,35.65,59.65,1,10,-1,-1
106,400,862.84,554.61,69.58,159.61,1,1,-1,-1
106,368,704.71,292.47,41.65,79.40,1,1,-1,-1
106,330,357.88,323.70,28.12,49.96,1,1,-1,-1
106,327,89.48,619.81,40.53,89.90,1,1,-1,-1
106,269,330.09,344.03,25.06,47.03,1,1,-1,-1
106,251,316.53,323.75,37.13,68.32,1,1,-1,-1
106,246,705.07,107.80,17.00,21.00,1,10,-1,-1
106,6,491.70,301.86,37.68,43.10,1,2,-1,-1
107,455,811.31,261.53,32.99,57.76,1,2,-1,-1
107,444,685.58,310.48,56.79,84.92,1,7,-1,-1
107,437,743.16,307.12,34.07,55.87,1,10,-1,-1
107,400,869.74,571.61,71.35,161.63,1,1,-1,-1
107,385,765.51,277.81,32.15,85.23,1,10,-1,-1
107,368,704.64,295.71,42.67,80.27,1,1,-1,-1
107,334,720.88,170.92,17.05,32.10,1,2,-1,-1
107,333,500.00,289.52,16.56,40.24,1,1,-1,-1
107,330,356.09,326.48,27.63,50.63,1,1,-1,-1
107,327,81.15,629.74,41.54,91.23,1,1,-1,-1
107,317,342.27,296.67,28.64,61.52,1,1,-1,-1
107,269,326.77,349.08,25.40,47.46,1,1,-1,-1
107,251,314.11,326.86,37.51,68.77,1,1,-1,-1
107,246,705.07,108.04,17.00,21.00,1,10,-1,-1
107,6,490.74,304.39,37.59,43.73,1,2,-1,-1
108,455,815.44,266.17,33.21,59.73,1,2,-1,-1
108,444,686.48,313.94,56.96,86.31,1,7,-1,-1
108,400,876.47,589.13,72.57,162.91,1,1,-1,-1
108,385,768.11,281.88,32.59,86.27,1,10,-1,-1
108,376,916.75,188.88,47.23,64.74,1,8,-1,-1
108,368,704.14,298.81,43.98,81.22,1,1,-1,-1
108,334,721.89,172.69,17.05,32.09,1,2,-1,-1
108,333,498.54,292.69,16.66,40.39,1,1,-1,-1
108,330,352.77,330.15,27.00,51.35,1,1,-1,-1
108,327,73.01,639.88,42.55,92.75,1,1,-1,-1
108,317,338.22,300.68,29.13,62.44,1,1,-1,-1
108,269,323.10,353.61,25.94,48.07,1,1,-1,-1
108,251,311.44,330.66,38.07,69.39,1,1,-1,-1
108,6,489.77,307.13,37.52,44.18,1,2,-1,-1
109,455,819.47,270.91,33.30,61.33,1,2,-1,-1
109,444,687.44,317.70,57.05,87.55,1,7,-1,-1
109,423,683.11,119.45,18.53,29.67,1,10,-1,-1
109,400,885.09,605.68,74.24,157.71,1,1,-1,-1
109,385,770.24,286.41,32.89,86.97,1,10,-1,-1
109,376,918.88,190.86,47.62,65.33,1,8,-1,-1
109,368,703.90,301.87,45.20,82.16,1,1,-1,-1
109,334,722.90,174.63,17.05,32.09,1,2,-1,-1
109,330,349.08,334.12,26.54,52.17,1,1,-1,-1
109,327,61.86,652.20,43.84,90.13,1,1,-1,-1
109,317,334.90,305.41,29.76,63.40,1,1,-1,-1
109,269,319.91,358.56,26.61,48.81,1,1,-1,-1
109,251,308.63,334.69,38.76,70.13,1,1,-1,-1
110,455,823.62,275.83,33.70,63.18,1,2,-1,-1
110,444,688.42,321.58,57.09,88.70,1,7,-1,-1
110,442,65.70,580.25,67.05,125.95,1,1,-1,-1
110,440,741.24,120.06,13.71,29.20,1,10,-1,-1
110,428,817.95,291.08,38.86,64.77,1,10,-1,-1
110,410,508.87,304.48,21.82,33.73,1,2,-1,-1
110,385,772.41,290.67,33.40,87.80,1,10,-1,-1
110,376,921.06,192.95,48.19,66.05,1,8,-1,-1
110,368,703.78,304.91,46.36,83.12,1,1,-1,-1
110,334,723.25,176.63,17.04,32.09,1,2,-1,-1
110,330,345.05,338.66,25.91,52.74,1,1,-1,-1
110,327,49.05,664.37,49.57,91.79,1,1,-1,-1
110,317,331.84,310.39,30.50,64.40,1,1,-1,-1
110,251,306.22,339.26,39.25,70.66,1,1,-1,-1
111,455,827.59,280.37,33.99,65.33,1,2,-1,-1
111,444,689.40,325.04,57.14,90.10,1,7,-1,-1
111,442,56.74,590.44,68.69,127.76,1,1,-1,-1
111,440,742.73,121.08,13.41,29.20,1,10,-1,-1
111,410,507.36,307.56,22.03,34.05,1,2,-1,-1
111,385,775.02,294.82,33.76,88.65,1,10,-1,-1
111,368,703.71,308.59,47.48,84.08,1,1,-1,-1
111,334,724.01,178.65,17.04,32.08,1,2,-1,-1
111,330,341.09,342.98,25.46,53.44,1,1,-1,-1
111,327,35.82,679.98,50.68,80.90,1,1,-1,-1
111,317,328.67,315.48,31.03,65.38,1,1,-1,-1
111,251,303.53,343.60,39.89,71.32,1,1,-1,-1
111,246,705.71,109.14,17.00,21.00,1,10,-1,-1
112,478,449.76,245.58,22.50,46.96,1,1,-1,-1
112,455,831.72,284.96,34.47,67.22,1,2,-1,-1
112,444,690.39,328.78,57.16,91.38,1,7,-1,-1
112,442,47.65,601.08,70.09,129.24,1,1,-1,-1
112,418,724.25,194.65,18.32,31.68,1,10,-1,-1
112,410,505.64,311.37,22.48,34.60,1,2,-1,-1
112,385,777.35,298.91,34.31,89.58,1,10,-1,-1
112,334,724.93,181.33,17.04,32.08,1,2,-1,-1
112,333,494.19,308.42,16.82,40.63,1,1,-1,-1
112,330,337.14,347.85,25.14,54.23,1,1,-1,-1
112,251,301.17,348.29,40.35,71.79,1,1,-1,-1
112,246,705.95,109.81,17.00,21.00,1,10,-1,-1
113,478,449.02,248.19,22.76,47.51,1,1,-1,-1
113,455,835.68,289.87,34.80,69.08,1,2,-1,-1
113,444,691.40,332.65,57.16,92.56,1,7,-1,-1
113,442,38.71,611.39,71.68,130.91,1,1,-1,-1
113,423,684.21,124.06,18.72,29.79,1,10,-1,-1
113,418,724.47,197.94,18.58,31.60,1,10,-1,-1
113,410,504.28,317.60,20.86,36.19,1,2,-1,-1
113,334,725.90,183.60,17.04,32.08,1,2,-1,-1
113,330,332.71,352.41,25.20,55.41,1,1,-1,-1
113,269,305.30,377.77,29.28,51.35,1,1,-1,-1
113,251,297.85,353.33,40.97,72.42,1,1,-1,-1
113,246,706.04,110.05,17.00,21.00,1,10,-1,-1
114,484,418.92,265.10,24.00,29.00,1,2,-1,-1
114,478,448.05,250.47,22.96,48.19,1,1,-1,-1
114,455,840.27,294.89,35.01,70.95,1,2,-1,-1
114,418,725.14,202.24,18.75,31.22,1,10,-1,-1
114,410,502.49,320.03,22.20,36.48,1,2,-1,-1
114,334,726.90,186.37,17.04,32.08,1,2,-1,-1
114,330,328.21,357.23,25.80,56.64,1,1,-1,-1
114,269,301.98,382.77,30.17,52.07,1,1,-1,-1
114,251,294.60,358.66,41.42,73.43,1,1,-1,-1
115,500,764.65,359.38,34.66,66.46,1,10,-1,-1
115,484,417.86,267.87,24.00,29.00,1,2,-1,-1
115,478,447.55,253.23,22.71,48.43,1,1,-1,-1
115,418,725.99,204.88,18.89,31.55,1,10,-1,-1
115,410,500.48,323.10,23.47,37.31,1,2,-1,-1
115,334,727.90,188.67,17.04,32.07,1,2,-1,-1
115,317,316.68,335.18,33.92,70.79,1,1,-1,-1
115,269,298.24,387.21,31.09,52.86,1,1,-1,-1
115,251,290.94,364.48,42.03,74.45,1,1,-1,-1
116,505,470.85,242.00,19.00,55.00,1,1,-1,-1
116,500,758.57,323.94,48.70,102.72,1,10,-1,-1
116,484,416.17,270.12,24.00,29.00,1,2,-1,-1
116,428,846.83,328.22,43.22,70.79,1,10,-1,-1
116,418,726.91,207.06,18.99,31.79,1,10,-1,-1
116,410,498.41,326.65,24.67,37.89,1,2,-1,-1
116,385,790.00,320.43,35.50,95.33,1,10,-1,-1
116,334,728.91,191.45,17.04,32.07,1,2,-1,-1
116,333,489.95,323.81,16.20,41.32,1,1,-1,-1
116,317,313.68,340.15,34.66,72.04,1,1,-1,-1
116,269,294.79,392.08,31.76,53.70,1,1,-1,-1
116,251,287.57,369.85,42.47,75.45,1,1,-1,-1
117,508,750.02,127.22,13.00,29.56,1,10,-1,-1
117,505,470.06,245.00,19.00,55.00,1,1,-1,-1
117,500,763.99,352.10,43.40,90.91,1,10,-1,-1
117,484,414.93,272.87,24.00,29.00,1,2,-1,-1
117,442,3.47,660.17,66.68,108.10,1,1,-1,-1
117,418,727.86,208.80,19.08,32.52,1,10,-1,-1
117,410,496.33,330.59,25.82,38.59,1,2,-1,-1
117,385,794.06,330.15,35.56,96.87,1,10,-1,-1
117,333,488.98,327.80,16.12,41.44,1,1,-1,-1
117,317,310.73,345.13,35.48,73.23,1,1,-1,-1
117,269,291.03,396.91,32.51,54.31,1,1,-1,-1
118,508,751.81,128.19,12.98,29.63,1,10,-1,-1
118,505,469.85,248.00,19.00,55.00,1,1,-1,-1
118,484,413.86,275.80,24.00,29.00,1,2,-1,-1
118,442,-4.58,674.91,63.38,95.29,1,1,-1,-1
118,418,729.48,210.76,19.16,33.32,1,10,-1,-1
118,410,494.72,334.68,26.66,39.35,1,2,-1,-1
118,385,798.11,338.36,35.62,98.53,1,10,-1,-1
118,368,723.94,349.38,43.43,93.86,1,1,-1,-1
118,333,488.00,331.98,16.07,41.80,1,1,-1,-1
118,330,310.54,375.55,30.30,62.56,1,1,-1,-1
118,317,308.25,350.33,36.08,74.63,1,1,-1,-1
118,269,287.80,401.95,33.34,55.03,1,1,-1,-1
