1,1,1189,361,85,119,1,2,-1,-1
1,4,1063,228,42,104,1,1,-1,-1
1,10,650,235,37,66,1,2,-1,-1
1,17,697,288,43,132,1,1,-1,-1
1,18,822,300,33,80,1,2,-1,-1
1,25,569,183,24,27,1,2,-1,-1
1,26,837,320,28,58,1,1,-1,-1
2,1,1176,390,109,123,1,10,-1,-1
2,4,1068,233,43,105,1,1,-1,-1
2,10,650,239,37,65,1,2,-1,-1
2,17,698,291,46,135,1,1,-1,-1
2,18,821,305,40,81,1,2,-1,-1
2,25,569,184,24,27,1,2,-1,-1
2,26,841,329,28,59,1,1,-1,-1
3,1,1189,369,84,116,1,2,-1,-1
3,4,1074,238,43,106,1,1,-1,-1
3,10,650,243,37,64,1,2,-1,-1
3,17,698,298,49,138,1,1,-1,-1
3,18,816,300,40,70,1,2,-1,-1
3,25,569,185,24,27,1,2,-1,-1
3,26,845,339,28,60,1,2,-1,-1
3,37,1106,246,42,99,1,1,-1,-1
3,56,741,151,19,59,1,1,-1,-1
4,1,1162,381,74,102,1,2,-1,-1
4,4,1079,243,45,108,1,1,-1,-1
4,10,650,247,37,64,1,2,-1,-1
4,17,699,306,51,140,1,1,-1,-1
4,18,823,319,47,84,1,2,-1,-1
4,25,569,186,24,28,1,2,-1,-1
4,26,849,348,28,62,1,2,-1,-1
4,37,1113,251,42,100,1,1,-1,-1
4,56,742,152,19,60,1,1,-1,-1
5,1,1177,396,108,127,1,10,-1,-1
5,4,1085,248,45,109,1,1,-1,-1
5,5,1217,389,66,90,1,2,-1,-1
5,10,650,251,37,63,1,2,-1,-1
5,17,699,313,54,143,1,1,-1,-1
5,18,827,329,46,85,1,2,-1,-1
5,25,568,188,24,28,1,2,-1,-1
5,26,854,358,27,62,1,2,-1,-1
5,37,1119,256,43,101,1,1,-1,-1
5,38,345,621,47,59,1,2,-1,-1
5,39,728,166,18,40,1,1,-1,-1
5,56,743,154,20,60,1,1,-1,-1
6,1,1177,402,108,126,1,10,-1,-1
6,4,1090,253,46,110,1,1,-1,-1
6,5,1198,391,47,90,1,2,-1,-1
6,10,650,255,38,63,1,2,-1,-1
6,17,700,321,56,145,1,1,-1,-1
6,18,831,338,46,87,1,2,-1,-1
6,25,568,190,23,29,1,2,-1,-1
6,26,858,367,28,64,1,2,-1,-1
6,37,1126,261,43,102,1,1,-1,-1
6,38,338,637,47,58,1,2,-1,-1
6,39,728,168,18,40,1,1,-1,-1
6,56,743,155,20,61,1,1,-1,-1
7,1,1178,409,107,124,1,10,-1,-1
7,4,1096,259,47,111,1,1,-1,-1
7,5,1189,386,83,111,1,2,-1,-1
7,10,650,259,38,63,1,2,-1,-1
7,11,661,254,43,48,1,10,-1,-1
7,17,701,329,58,147,1,1,-1,-1
7,18,835,348,45,88,1,2,-1,-1
7,37,1133,267,43,103,1,1,-1,-1
7,38,332,653,46,57,1,2,-1,-1
7,39,729,171,18,40,1,1,-1,-1
8,1,1178,416,108,122,1,10,-1,-1
8,4,1103,266,48,113,1,1,-1,-1
8,5,1189,390,83,110,1,2,-1,-1
8,10,650,263,38,63,1,2,-1,-1
8,11,661,258,43,47,1,10,-1,-1
8,38,325,670,47,55,1,2,-1,-1
8,39,730,173,18,40,1,1,-1,-1
9,1,1189,394,83,109,1,2,-1,-1
9,4,1111,273,48,115,1,1,-1,-1
9,5,1196,402,47,90,1,2,-1,-1
9,10,650,268,39,63,1,2,-1,-1
9,11,662,262,43,47,1,10,-1,-1
9,38,319,686,46,54,1,2,-1,-1
9,39,731,176,18,40,1,1,-1,-1
9,40,585,204,27,51,1,1,-1,-1
9,41,780,339,45,132,1,1,-1,-1
10,1,1189,399,83,107,1,2,-1,-1
10,4,1118,281,49,116,1,1,-1,-1
10,5,1208,416,46,87,1,2,-1,-1
10,11,662,266,43,47,1,10,-1,-1
10,40,586,205,27,51,1,1,-1,-1
10,41,783,349,46,134,1,1,-1,-1
11,1,1180,434,106,118,1,10,-1,-1
11,2,1177,325,33,79,1,1,-1,-1
11,4,1126,288,50,119,1,1,-1,-1
11,5,1196,409,47,90,1,2,-1,-1
11,11,663,270,43,47,1,10,-1,-1
11,40,587,207,28,51,1,1,-1,-1
11,41,786,359,47,136,1,1,-1,-1
11,42,678,171,18,63,1,1,-1,-1
12,1,1181,438,105,118,1,10,-1,-1
12,2,1178,325,39,93,1,1,-1,-1
12,4,1133,295,51,121,1,1,-1,-1
12,5,1196,413,47,90,1,2,-1,-1
12,11,663,274,43,47,1,10,-1,-1
12,40,587,209,29,52,1,1,-1,-1
12,41,789,369,48,138,1,1,-1,-1
12,42,679,173,18,63,1,1,-1,-1
12,43,650,282,39,65,1,2,-1,-1
12,44,734,183,18,40,1,1,-1,-1
13,1,1182,442,103,118,1,10,-1,-1
13,2,1191,312,44,106,1,1,-1,-1
13,4,1141,303,51,122,1,1,-1,-1
13,5,1190,411,84,111,1,2,-1,-1
13,11,664,278,43,47,1,10,-1,-1
13,40,588,211,29,53,1,1,-1,-1
13,41,793,379,49,140,1,1,-1,-1
13,42,679,175,18,63,1,1,-1,-1
13,43,650,287,39,66,1,2,-1,-1
13,44,735,186,18,40,1,1,-1,-1
14,1,1190,415,84,110,1,2,-1,-1
14,2,1200,320,45,106,1,1,-1,-1
14,4,1148,310,52,124,1,1,-1,-1
14,5,1196,420,47,90,1,2,-1,-1
14,11,665,282,43,47,1,10,-1,-1
14,42,679,177,18,64,1,1,-1,-1
14,43,650,292,39,67,1,2,-1,-1
14,44,736,189,18,40,1,1,-1,-1
15,1,1183,450,101,118,1,10,-1,-1
15,2,1210,327,45,107,1,1,-1,-1
15,4,1156,318,53,126,1,1,-1,-1
15,5,1197,424,47,90,1,2,-1,-1
15,11,665,286,43,47,1,10,-1,-1
15,19,890,436,38,106,1,2,-1,-1
15,42,679,179,18,64,1,1,-1,-1
15,43,649,296,40,69,1,2,-1,-1
15,44,736,192,17,39,1,1,-1,-1
16,1,1192,423,82,109,1,2,-1,-1
16,2,1220,335,45,107,1,1,-1,-1
16,4,1165,324,54,126,1,1,-1,-1
16,5,1197,428,47,90,1,2,-1,-1
16,19,871,435,41,100,1,2,-1,-1
16,43,649,300,40,71,1,2,-1,-1
16,44,736,195,17,39,1,1,-1,-1
17,1,1182,459,100,118,1,10,-1,-1
17,2,1230,343,45,108,1,1,-1,-1
17,4,1157,329,54,123,1,1,-1,-1
17,5,1197,431,47,90,1,2,-1,-1
17,19,872,446,43,103,1,2,-1,-1
18,1,1180,463,100,118,1,10,-1,-1
18,2,1235,348,45,112,1,1,-1,-1
18,5,1194,431,80,107,1,2,-1,-1
18,19,874,458,45,106,1,2,-1,-1
19,1,1179,467,100,119,1,10,-1,-1
19,2,1241,354,44,116,1,1,-1,-1
19,5,1195,436,79,106,1,2,-1,-1
19,19,876,469,47,110,1,2,-1,-1
19,45,734,201,18,40,1,1,-1,-1
20,1,1173,464,100,119,1,10,-1,-1
20,2,1224,329,52,141,1,1,-1,-1
20,5,1190,436,79,107,1,2,-1,-1
20,12,635,318,41,72,1,2,-1,-1
20,19,878,481,48,112,1,2,-1,-1
20,45,726,201,18,41,1,1,-1,-1
21,1,1185,436,80,108,1,2,-1,-1
21,2,1202,357,58,130,1,1,-1,-1
21,7,565,232,31,58,1,1,-1,-1
21,12,629,322,42,72,1,2,-1,-1
21,19,880,492,50,116,1,2,-1,-1
21,45,719,202,18,42,1,1,-1,-1
22,1,1162,460,100,119,1,10,-1,-1
22,2,1213,363,59,135,1,1,-1,-1
22,7,565,234,35,62,1,1,-1,-1
22,12,629,325,42,74,1,2,-1,-1
22,45,719,202,18,43,1,1,-1,-1
22,46,1180,440,47,90,1,2,-1,-1
23,1,1164,459,100,120,1,10,-1,-1
23,2,1223,369,61,140,1,1,-1,-1
23,6,890,515,54,123,1,2,-1,-1
23,7,563,235,35,62,1,1,-1,-1
23,12,629,327,43,76,1,2,-1,-1
23,45,720,203,18,43,1,1,-1,-1
23,46,1182,436,80,109,1,2,-1,-1
23,47,688,181,21,69,1,1,-1,-1
24,1,1167,459,100,120,1,10,-1,-1
24,2,1234,375,62,145,1,1,-1,-1
24,6,898,527,56,126,1,2,-1,-1
24,7,562,236,35,63,1,1,-1,-1
24,12,630,329,44,78,1,2,-1,-1
24,20,813,516,56,170,1,1,-1,-1
24,27,731,187,23,66,1,1,-1,-1
24,46,1183,435,80,110,1,2,-1,-1
24,47,688,182,22,70,1,1,-1,-1
25,1,1170,459,100,121,1,10,-1,-1
25,2,1245,381,63,151,1,1,-1,-1
25,6,906,539,59,130,1,2,-1,-1
25,7,560,237,35,63,1,1,-1,-1
25,12,630,332,45,79,1,2,-1,-1
25,20,825,504,62,194,1,1,-1,-1
25,27,731,188,24,66,1,1,-1,-1
25,46,1184,434,81,111,1,2,-1,-1
25,47,689,183,22,70,1,1,-1,-1
25,48,722,205,17,44,1,1,-1,-1
26,1,1173,459,100,121,1,10,-1,-1
26,2,1259,387,65,155,1,1,-1,-1
26,6,914,553,61,133,1,2,-1,-1
26,7,559,238,35,64,1,1,-1,-1
26,12,631,334,46,81,1,2,-1,-1
26,20,831,516,63,195,1,1,-1,-1
26,27,732,189,24,66,1,1,-1,-1
26,46,1185,433,81,113,1,2,-1,-1
26,47,689,184,23,70,1,1,-1,-1
26,48,722,205,18,45,1,1,-1,-1
27,1,1176,458,100,122,1,10,-1,-1
27,2,1273,394,67,159,1,1,-1,-1
27,6,933,513,75,148,1,1,-1,-1
27,7,558,239,35,65,1,1,-1,-1
27,12,632,337,47,83,1,2,-1,-1
27,20,837,529,65,195,1,1,-1,-1
27,27,733,190,24,66,1,1,-1,-1
27,47,690,185,23,71,1,1,-1,-1
27,48,723,206,17,45,1,1,-1,-1
28,2,1286,407,55,159,1,1,-1,-1
28,6,943,526,77,150,1,1,-1,-1
28,7,558,240,33,66,1,1,-1,-1
28,12,631,340,48,84,1,2,-1,-1
28,20,843,542,67,195,1,1,-1,-1
28,27,741,190,24,55,1,1,-1,-1
28,48,724,207,17,45,1,1,-1,-1
29,3,1182,458,100,123,1,10,-1,-1
29,6,940,595,68,142,1,2,-1,-1
29,7,558,242,31,66,1,1,-1,-1
29,20,849,555,69,188,1,1,-1,-1
29,27,735,192,24,68,1,1,-1,-1
29,28,654,330,46,55,1,10,-1,-1
29,29,1194,438,47,90,1,2,-1,-1
29,48,725,208,17,46,1,1,-1,-1
30,3,1185,458,100,123,1,10,-1,-1
30,6,949,609,70,146,1,2,-1,-1
30,7,557,243,31,67,1,1,-1,-1
30,20,855,568,72,181,1,1,-1,-1
30,28,655,333,46,56,1,10,-1,-1
30,29,1199,437,47,90,1,2,-1,-1
30,30,538,221,23,38,1,2,-1,-1
30,31,631,347,48,87,1,2,-1,-1
31,3,1188,458,100,124,1,10,-1,-1
31,6,963,628,70,127,1,2,-1,-1
31,7,556,245,31,67,1,1,-1,-1
31,21,737,194,24,69,1,1,-1,-1
31,28,656,336,47,57,1,10,-1,-1
31,29,1204,437,47,90,1,2,-1,-1
31,30,538,221,23,38,1,2,-1,-1
31,31,632,350,49,89,1,2,-1,-1
31,49,727,210,17,48,1,1,-1,-1
32,3,1191,458,99,124,1,10,-1,-1
32,6,978,647,70,108,1,2,-1,-1
32,7,556,247,31,67,1,1,-1,-1
32,8,692,190,26,73,1,1,-1,-1
32,21,739,195,24,70,1,1,-1,-1
32,28,657,339,48,58,1,10,-1,-1
32,29,1209,437,47,90,1,2,-1,-1
32,30,538,221,23,38,1,2,-1,-1
32,31,633,354,50,90,1,2,-1,-1
32,49,728,211,17,49,1,1,-1,-1
33,3,1204,430,84,119,1,2,-1,-1
33,6,968,644,100,127,1,2,-1,-1
33,8,692,191,27,73,1,1,-1,-1
33,21,740,196,24,70,1,1,-1,-1
33,28,658,342,48,59,1,10,-1,-1
33,29,1214,436,47,90,1,2,-1,-1
33,30,537,222,23,38,1,2,-1,-1
33,31,635,358,50,91,1,2,-1,-1
33,49,729,212,17,50,1,1,-1,-1
34,3,1197,459,97,123,1,10,-1,-1
34,6,999,629,82,116,1,1,-1,-1
34,8,693,192,27,73,1,1,-1,-1
34,21,748,195,26,59,1,1,-1,-1
34,28,659,345,49,60,1,10,-1,-1
34,29,1219,436,47,90,1,2,-1,-1
34,30,536,223,24,39,1,2,-1,-1
34,31,635,361,50,91,1,2,-1,-1
34,49,730,213,17,51,1,1,-1,-1
35,3,1200,459,96,123,1,10,-1,-1
35,6,1020,634,95,115,1,1,-1,-1
35,8,693,193,28,74,1,1,-1,-1
35,21,742,198,25,70,1,1,-1,-1
35,30,536,225,24,39,1,2,-1,-1
35,31,636,365,50,91,1,2,-1,-1
35,49,732,214,17,52,1,1,-1,-1
36,3,1211,433,83,119,1,2,-1,-1
36,8,694,194,28,74,1,1,-1,-1
36,21,743,199,26,70,1,1,-1,-1
36,50,1230,436,47,90,1,2,-1,-1
37,3,1207,461,94,123,1,10,-1,-1
37,8,695,195,28,75,1,1,-1,-1
37,21,744,200,27,70,1,1,-1,-1
37,50,1230,437,47,90,1,2,-1,-1
38,3,1211,462,93,123,1,10,-1,-1
38,8,694,195,29,75,1,1,-1,-1
38,32,536,229,24,38,1,2,-1,-1
38,50,1231,438,47,90,1,2,-1,-1
39,3,1216,464,91,122,1,10,-1,-1
39,8,694,195,29,76,1,1,-1,-1
39,32,537,231,24,38,1,2,-1,-1
39,50,1232,440,47,90,1,2,-1,-1
40,3,1218,465,91,122,1,10,-1,-1
40,8,693,196,30,77,1,1,-1,-1
40,22,747,203,25,73,1,1,-1,-1
40,23,791,177,26,44,1,10,-1,-1
40,32,535,232,25,38,1,2,-1,-1
40,33,592,373,78,143,1,2,-1,-1
40,50,1223,400,51,98,1,2,-1,-1
40,51,669,207,18,73,1,1,-1,-1
41,3,1221,467,90,122,1,10,-1,-1
41,8,693,198,30,77,1,1,-1,-1
41,22,747,204,25,74,1,1,-1,-1
41,23,792,178,26,45,1,10,-1,-1
41,32,533,233,26,38,1,2,-1,-1
41,33,627,415,64,117,1,2,-1,-1
41,34,1236,442,47,90,1,2,-1,-1
41,51,668,209,18,73,1,1,-1,-1
42,3,1224,469,90,122,1,10,-1,-1
42,22,747,206,25,74,1,1,-1,-1
42,23,792,180,27,45,1,10,-1,-1
42,32,532,235,27,38,1,2,-1,-1
42,33,640,401,54,101,1,2,-1,-1
42,34,1239,443,47,90,1,2,-1,-1
42,51,668,211,18,74,1,1,-1,-1
43,3,1233,436,83,118,1,2,-1,-1
43,22,745,207,24,74,1,1,-1,-1
43,23,793,181,27,46,1,10,-1,-1
43,32,528,236,27,38,1,2,-1,-1
43,33,640,407,55,103,1,2,-1,-1
43,34,1238,443,47,90,1,2,-1,-1
43,51,660,210,20,83,1,1,-1,-1
43,52,729,227,19,58,1,1,-1,-1
44,3,1231,437,83,117,1,2,-1,-1
44,22,754,206,26,65,1,1,-1,-1
44,23,794,183,27,46,1,10,-1,-1
44,33,637,413,55,105,1,2,-1,-1
44,34,1237,443,47,90,1,2,-1,-1
44,51,664,215,18,76,1,1,-1,-1
44,52,726,229,19,58,1,1,-1,-1
45,3,1224,467,88,120,1,10,-1,-1
45,22,752,208,26,64,1,1,-1,-1
45,23,790,179,27,50,1,10,-1,-1
45,24,741,209,24,76,1,1,-1,-1
45,33,635,419,55,107,1,2,-1,-1
45,34,1248,468,46,87,1,2,-1,-1
45,52,723,231,19,58,1,1,-1,-1
46,3,1228,438,83,116,1,2,-1,-1
46,22,750,210,27,63,1,1,-1,-1
46,23,786,176,27,53,1,10,-1,-1
46,24,739,210,24,77,1,1,-1,-1
46,34,1236,444,47,90,1,2,-1,-1
46,35,531,273,32,75,1,1,-1,-1
46,52,720,233,19,58,1,1,-1,-1
47,24,733,212,24,77,1,1,-1,-1
47,35,520,276,32,76,1,1,-1,-1
47,52,713,234,20,58,1,1,-1,-1
48,24,740,214,25,62,1,1,-1,-1
48,35,510,279,32,77,1,1,-1,-1
48,53,616,441,57,112,1,2,-1,-1
49,9,699,237,20,58,1,1,-1,-1
49,13,634,224,21,79,1,1,-1,-1
49,24,735,216,24,62,1,1,-1,-1
49,35,500,282,31,78,1,1,-1,-1
49,53,609,449,58,115,1,2,-1,-1
50,9,691,239,20,58,1,1,-1,-1
50,13,626,226,21,79,1,1,-1,-1
50,14,882,308,48,127,1,1,-1,-1
50,24,726,218,24,63,1,1,-1,-1
50,35,490,285,31,79,1,1,-1,-1
50,53,603,456,59,117,1,2,-1,-1
51,9,684,241,20,58,1,1,-1,-1
51,13,618,228,21,80,1,1,-1,-1
51,14,879,312,50,129,1,1,-1,-1
51,15,700,222,25,80,1,1,-1,-1
51,16,1192,436,83,113,1,2,-1,-1
51,24,718,220,24,65,1,1,-1,-1
51,35,480,289,31,79,1,1,-1,-1
51,53,598,463,59,119,1,2,-1,-1
51,54,1202,440,46,90,1,2,-1,-1
52,9,681,243,20,57,1,1,-1,-1
52,13,614,230,21,80,1,1,-1,-1
52,14,877,317,51,131,1,1,-1,-1
52,15,697,224,26,80,1,1,-1,-1
52,16,1190,436,83,111,1,2,-1,-1
52,53,593,470,59,121,1,2,-1,-1
52,54,1201,440,46,90,1,2,-1,-1
53,9,678,245,21,57,1,1,-1,-1
53,13,610,233,22,80,1,1,-1,-1
53,14,880,323,52,132,1,1,-1,-1
53,15,695,226,26,81,1,1,-1,-1
53,16,1187,435,83,110,1,2,-1,-1
53,36,467,296,34,78,1,1,-1,-1
53,54,1200,440,46,89,1,2,-1,-1
53,55,462,252,27,37,1,2,-1,-1
54,9,675,247,21,57,1,1,-1,-1
54,13,606,235,23,81,1,1,-1,-1
54,14,883,329,53,134,1,1,-1,-1
54,15,693,228,26,81,1,1,-1,-1
54,16,1185,435,83,108,1,2,-1,-1
54,36,465,299,35,78,1,1,-1,-1
54,54,1199,440,46,89,1,2,-1,-1
54,55,460,255,27,37,1,2,-1,-1
55,9,673,249,21,57,1,1,-1,-1
55,13,603,238,23,81,1,1,-1,-1
55,14,886,336,54,134,1,1,-1,-1
55,15,691,230,26,82,1,1,-1,-1
55,16,1194,462,75,116,1,10,-1,-1
55,36,463,302,37,79,1,1,-1,-1
55,54,1198,441,46,88,1,2,-1,-1
55,55,458,257,27,37,1,2,-1,-1
56,9,683,259,17,46,1,1,-1,-1
56,13,602,241,24,81,1,1,-1,-1
56,14,889,342,55,136,1,1,-1,-1
56,15,691,232,26,82,1,1,-1,-1
56,16,1186,435,83,108,1,2,-1,-1
56,36,461,305,38,79,1,1,-1,-1
56,55,456,260,27,37,1,2,-1,-1
57,9,673,255,21,57,1,1,-1,-1
57,13,601,244,25,81,1,1,-1,-1
57,14,893,349,55,137,1,1,-1,-1
57,15,691,234,27,83,1,1,-1,-1
57,16,1189,435,84,110,1,2,-1,-1
57,36,459,308,40,80,1,1,-1,-1
57,55,454,262,27,37,1,2,-1,-1
58,9,673,258,21,57,1,1,-1,-1
58,14,896,357,56,139,1,1,-1,-1
58,15,691,236,28,84,1,1,-1,-1
58,16,1193,466,82,117,1,10,-1,-1
58,36,458,312,41,80,1,1,-1,-1
