1,100,644.00,872.00,36.00,53.00,1,1,-1,-1
1,99,831.00,404.00,20.00,38.00,1,2,-1,-1
1,98,772.00,729.00,61.00,128.00,1,1,-1,-1
1,97,1481.00,28.00,19.00,46.00,1,1,-1,-1
1,96,1240.00,193.00,19.00,32.00,1,1,-1,-1
1,95,943.00,478.00,25.00,68.00,1,1,-1,-1
1,94,-2.00,65.00,124.00,130.00,1,6,-1,-1
1,93,1374.00,74.00,6.00,17.00,1,2,-1,-1
1,92,1354.00,759.00,18.00,42.00,1,2,-1,-1
1,91,1295.00,596.00,23.00,47.00,1,2,-1,-1
1,90,962.00,496.00,14.00,39.00,1,1,-1,-1
1,89,941.00,613.00,13.00,35.00,1,1,-1,-1
1,88,851.00,393.00,13.00,35.00,1,1,-1,-1
1,87,1402.00,802.00,50.00,71.00,1,2,-1,-1
1,86,1278.00,606.00,28.00,58.00,1,2,-1,-1
1,85,258.00,1031.00,51.00,70.00,1,1,-1,-1
1,84,1292.00,562.00,28.00,45.00,1,2,-1,-1
1,83,1464.00,21.00,20.00,50.00,1,1,-1,-1
1,82,633.00,958.00,24.00,56.00,1,2,-1,-1
1,81,1645.00,913.00,72.00,68.00,1,2,-1,-1
1,80,1581.00,49.00,105.00,67.00,1,4,-1,-1
1,79,1573.00,30.00,15.00,49.00,1,1,-1,-1
1,78,1516.00,843.00,54.00,55.00,1,2,-1,-1
1,77,1491.00,740.00,26.00,68.00,1,2,-1,-1
1,76,1489.00,123.00,146.00,69.00,1,4,-1,-1
1,75,1477.00,36.00,16.00,40.00,1,1,-1,-1
1,74,1473.00,606.00,21.00,47.00,1,2,-1,-1
1,73,1465.00,638.00,27.00,43.00,1,2,-1,-1
1,72,1439.00,602.00,32.00,46.00,1,2,-1,-1
1,71,1431.00,784.00,30.00,54.00,1,2,-1,-1
1,70,1431.00,22.00,16.00,44.00,1,1,-1,-1
1,69,1403.00,983.00,58.00,86.00,1,1,-1,-1
1,68,1395.00,80.00,22.00,28.00,1,2,-1,-1
1,67,1385.00,171.00,28.00,45.00,1,1,-1,-1
1,66,1373.00,72.00,11.00,31.00,1,2,-1,-1
1,65,1365.00,169.00,27.00,55.00,1,1,-1,-1
1,64,1329.00,584.00,22.00,42.00,1,2,-1,-1
1,63,1312.00,924.00,43.00,67.00,1,2,-1,-1
1,62,1275.00,734.00,20.00,52.00,1,2,-1,-1
1,61,1250.00,805.00,69.00,112.00,1,2,-1,-1
1,60,1241.00,141.00,24.00,46.00,1,1,-1,-1
1,59,1225.00,156.00,22.00,45.00,1,1,-1,-1
1,58,1211.00,616.00,74.00,30.00,1,2,-1,-1
1,57,1204.00,199.00,23.00,41.00,1,1,-1,-1
1,56,1167.00,544.00,35.00,60.00,1,1,-1,-1
1,55,1163.00,373.00,28.00,60.00,1,1,-1,-1
1,54,1126.00,817.00,44.00,77.00,1,1,-1,-1
1,53,1113.00,609.00,64.00,60.00,1,2,-1,-1
1,52,1071.00,483.00,47.00,69.00,1,1,-1,-1
1,51,1062.00,780.00,53.00,82.00,1,1,-1,-1
1,50,1052.00,643.00,45.00,80.00,1,1,-1,-1
1,49,1025.00,332.00,56.00,53.00,1,10,-1,-1
1,48,982.00,677.00,37.00,82.00,1,1,-1,-1
1,47,976.00,632.00,49.00,56.00,1,2,-1,-1
1,46,961.00,448.00,30.00,39.00,1,2,-1,-1
1,45,938.00,676.00,44.00,92.00,1,1,-1,-1
1,44,938.00,604.00,23.00,64.00,1,1,-1,-1
1,43,925.00,451.00,35.00,40.00,1,2,-1,-1
1,42,919.00,231.00,125.00,73.00,1,4,-1,-1
1,41,905.00,407.00,27.00,56.00,1,1,-1,-1
1,40,903.00,377.00,21.00,50.00,1,1,-1,-1
1,39,892.00,734.00,33.00,88.00,1,1,-1,-1
1,38,889.00,829.00,36.00,100.00,1,1,-1,-1
1,37,889.00,540.00,23.00,67.00,1,1,-1,-1
1,36,880.00,361.00,28.00,64.00,1,1,-1,-1
1,35,872.00,481.00,32.00,47.00,1,2,-1,-1
1,34,871.00,403.00,28.00,70.00,1,1,-1,-1
1,33,837.00,382.00,23.00,44.00,1,2,-1,-1
1,32,835.00,939.00,130.00,130.00,1,7,-1,-1
1,31,823.00,817.00,46.00,91.00,1,1,-1,-1
1,30,820.00,856.00,32.00,76.00,1,1,-1,-1
1,29,820.00,453.00,39.00,52.00,1,2,-1,-1
1,28,819.00,264.00,113.00,93.00,1,4,-1,-1
1,27,808.00,885.00,47.00,87.00,1,1,-1,-1
1,26,785.00,521.00,31.00,47.00,1,1,-1,-1
1,25,750.00,713.00,33.00,78.00,1,1,-1,-1
1,24,724.00,944.00,48.00,93.00,1,1,-1,-1
1,23,716.00,683.00,30.00,69.00,1,1,-1,-1
1,22,716.00,411.00,48.00,74.00,1,1,-1,-1
1,21,707.00,468.00,46.00,42.00,1,2,-1,-1
1,20,659.00,416.00,97.00,84.00,1,7,-1,-1
1,19,652.00,703.00,41.00,81.00,1,1,-1,-1
1,18,631.00,912.00,20.00,50.00,1,2,-1,-1
1,17,628.00,949.00,32.00,75.00,1,2,-1,-1
1,16,622.00,857.00,37.00,81.00,1,1,-1,-1
1,15,609.00,914.00,20.00,44.00,1,2,-1,-1
1,14,603.00,665.00,49.00,51.00,1,2,-1,-1
1,13,575.00,948.00,41.00,65.00,1,2,-1,-1
1,12,561.00,985.00,70.00,84.00,1,1,-1,-1
1,11,525.00,649.00,30.00,63.00,1,1,-1,-1
1,10,493.00,685.00,43.00,50.00,1,2,-1,-1
1,9,472.00,457.00,180.00,150.00,1,5,-1,-1
1,8,443.00,979.00,116.00,79.00,1,3,-1,-1
1,7,309.00,803.00,119.00,85.00,1,10,-1,-1
1,6,274.00,1010.00,42.00,58.00,1,1,-1,-1
1,5,220.00,862.00,56.00,81.00,1,1,-1,-1
1,4,156.00,631.00,209.00,188.00,1,8,-1,-1
1,3,150.00,786.00,58.00,91.00,1,1,-1,-1
1,2,19.00,783.00,60.00,91.00,1,1,-1,-1
2,146,600.00,926.00,18.00,39.00,1,2,-1,-1
2,145,529.00,664.00,16.00,33.00,1,1,-1,-1
2,144,1512.00,41.00,14.00,47.00,1,1,-1,-1
2,143,825.00,941.00,133.00,132.00,1,7,-1,-1
2,142,561.00,933.00,29.00,47.00,1,2,-1,-1
2,141,1030.00,306.00,53.00,50.00,1,10,-1,-1
2,140,503.00,664.00,24.00,49.00,1,1,-1,-1
2,139,829.00,960.00,113.00,112.00,1,7,-1,-1
2,138,936.00,414.00,46.00,53.00,1,2,-1,-1
2,137,945.00,670.00,40.00,83.00,1,1,-1,-1
2,136,605.00,949.00,16.00,38.00,1,2,-1,-1
2,135,284.00,842.00,55.00,113.00,1,1,-1,-1
2,134,1330.00,753.00,21.00,51.00,1,2,-1,-1
2,133,888.00,689.00,65.00,137.00,1,1,-1,-1
2,132,1366.00,644.00,28.00,21.00,1,2,-1,-1
2,131,1404.00,684.00,26.00,34.00,1,2,-1,-1
2,130,660.00,875.00,66.00,118.00,1,1,-1,-1
2,129,1605.00,677.00,34.00,40.00,1,2,-1,-1
2,128,1499.00,35.00,19.00,45.00,1,1,-1,-1
2,127,1476.00,633.00,43.00,23.00,1,2,-1,-1
2,126,1447.00,27.00,19.00,42.00,1,1,-1,-1
2,125,1395.00,664.00,34.00,44.00,1,2,-1,-1
2,124,1391.00,946.00,106.00,62.00,1,3,-1,-1
2,123,1363.00,753.00,20.00,48.00,1,2,-1,-1
2,122,1342.00,627.00,32.00,24.00,1,2,-1,-1
2,121,1224.00,947.00,48.00,80.00,1,1,-1,-1
2,120,1175.00,868.00,51.00,55.00,1,2,-1,-1
2,119,1132.00,893.00,43.00,115.00,1,1,-1,-1
2,118,1076.00,402.00,22.00,62.00,1,1,-1,-1
2,117,1070.00,548.00,42.00,78.00,1,1,-1,-1
2,116,1061.00,400.00,23.00,76.00,1,1,-1,-1
2,115,1004.00,680.00,32.00,73.00,1,1,-1,-1
2,114,974.00,315.00,46.00,62.00,1,10,-1,-1
2,113,964.00,497.00,24.00,65.00,1,1,-1,-1
2,112,933.00,301.00,36.00,54.00,1,2,-1,-1
2,111,913.00,492.00,33.00,82.00,1,1,-1,-1
2,110,855.00,727.00,34.00,99.00,1,1,-1,-1
2,109,846.00,848.00,39.00,87.00,1,1,-1,-1
2,108,779.00,857.00,39.00,100.00,1,1,-1,-1
2,107,770.00,376.00,30.00,68.00,1,1,-1,-1
2,106,662.00,919.00,48.00,86.00,1,1,-1,-1
2,105,570.00,953.00,41.00,65.00,1,2,-1,-1
2,104,545.00,966.00,30.00,64.00,1,2,-1,-1
2,103,280.00,870.00,45.00,92.00,1,1,-1,-1
2,102,237.00,885.00,48.00,87.00,1,1,-1,-1
2,101,64.00,759.00,56.00,85.00,1,1,-1,-1
2,99,821.92,400.70,24.17,54.59,1,2,-1,-1
2,97,1486.45,34.65,14.09,39.69,1,1,-1,-1
2,86,1277.98,609.03,24.04,49.94,1,2,-1,-1
2,81,1643.00,913.00,72.00,68.00,1,2,-1,-1
2,80,1577.05,47.97,106.90,68.06,1,4,-1,-1
2,79,1569.00,30.00,15.00,49.00,1,1,-1,-1
2,78,1514.00,843.00,54.00,55.00,1,2,-1,-1
2,76,1484.88,121.06,145.24,68.89,1,4,-1,-1
2,75,1473.00,35.00,16.00,40.00,1,1,-1,-1
2,74,1470.00,607.00,21.00,47.00,1,2,-1,-1
2,73,1467.00,638.00,27.00,43.00,1,2,-1,-1
2,68,1390.00,79.00,22.00,28.00,1,2,-1,-1
2,67,1383.00,170.00,28.00,45.00,1,1,-1,-1
2,65,1362.00,168.00,27.00,55.00,1,1,-1,-1
2,64,1327.00,584.00,22.00,42.00,1,2,-1,-1
2,63,1310.00,925.00,43.00,67.00,1,2,-1,-1
2,60,1236.00,142.00,24.00,46.00,1,1,-1,-1
2,58,1207.30,616.30,74.40,31.40,1,2,-1,-1
2,57,1202.00,198.00,23.00,41.00,1,1,-1,-1
2,53,1110.88,609.11,63.24,59.77,1,2,-1,-1
2,52,1063.92,484.12,47.16,69.76,1,1,-1,-1
2,51,1059.88,781.19,52.24,81.63,1,1,-1,-1
2,50,1050.00,643.00,45.00,80.00,1,1,-1,-1
2,48,974.05,659.90,40.90,90.20,1,1,-1,-1
2,47,975.88,628.14,48.24,55.72,1,2,-1,-1
2,45,934.00,676.00,44.00,92.00,1,1,-1,-1
2,43,922.00,451.00,35.00,40.00,1,2,-1,-1
2,42,914.80,230.12,125.41,73.76,1,4,-1,-1
2,39,889.00,735.00,33.00,88.00,1,1,-1,-1
2,38,886.00,829.00,36.00,100.00,1,1,-1,-1
2,37,885.96,540.12,23.08,67.76,1,1,-1,-1
2,34,868.00,403.00,28.00,70.00,1,1,-1,-1
2,33,837.00,382.00,23.00,44.00,1,2,-1,-1
2,32,832.12,939.88,129.76,129.24,1,7,-1,-1
2,30,817.00,855.00,32.00,76.00,1,1,-1,-1
2,28,815.00,264.00,113.00,93.00,1,4,-1,-1
2,27,805.00,885.00,47.00,87.00,1,1,-1,-1
2,26,782.00,522.00,31.00,47.00,1,1,-1,-1
2,24,724.00,948.00,48.00,93.00,1,1,-1,-1
2,23,713.00,685.00,30.00,69.00,1,1,-1,-1
2,22,712.88,412.19,47.24,73.63,1,1,-1,-1
2,19,647.94,704.12,41.12,81.76,1,1,-1,-1
2,17,625.00,953.00,32.00,75.00,1,2,-1,-1
2,14,599.88,666.13,48.24,50.75,1,2,-1,-1
2,13,574.03,950.95,39.94,63.10,1,2,-1,-1
2,11,521.06,649.88,29.89,62.24,1,1,-1,-1
2,10,489.00,686.00,43.00,50.00,1,2,-1,-1
2,9,467.00,458.00,180.00,150.00,1,5,-1,-1
2,7,305.00,805.00,119.00,85.00,1,10,-1,-1
2,6,271.26,1012.65,41.48,55.69,1,1,-1,-1
2,5,216.00,865.00,56.00,81.00,1,1,-1,-1
3,166,1077.00,637.00,53.00,51.00,1,2,-1,-1
3,165,907.00,442.00,40.00,46.00,1,2,-1,-1
3,164,1145.00,828.00,25.00,44.00,1,1,-1,-1
3,163,151.00,949.00,63.00,104.00,1,1,-1,-1
3,162,1226.00,201.00,20.00,35.00,1,1,-1,-1
3,161,659.00,744.00,31.00,63.00,1,1,-1,-1
3,160,1226.00,194.00,29.00,51.00,1,1,-1,-1
3,159,1183.00,600.00,79.00,36.00,1,2,-1,-1
3,158,1091.00,421.00,12.00,39.00,1,1,-1,-1
3,157,1034.00,327.00,68.00,64.00,1,10,-1,-1
3,156,8.00,60.00,97.00,111.00,1,6,-1,-1
3,155,1299.00,634.00,44.00,33.00,1,2,-1,-1
3,154,1431.00,585.00,31.00,69.00,1,2,-1,-1
3,153,1552.00,11.00,14.00,46.00,1,1,-1,-1
3,152,993.00,340.00,35.00,48.00,1,10,-1,-1
3,151,930.00,512.00,19.00,48.00,1,1,-1,-1
3,150,971.00,458.00,27.00,53.00,1,2,-1,-1
3,149,849.00,575.00,30.00,47.00,1,1,-1,-1
3,148,356.00,612.00,103.00,92.00,1,7,-1,-1
3,147,148.00,967.00,48.00,79.00,1,1,-1,-1
3,146,601.96,920.08,20.07,43.84,1,2,-1,-1
3,130,646.06,880.32,50.88,82.36,1,1,-1,-1
3,129,1594.07,675.92,31.87,37.16,1,2,-1,-1
3,127,1475.00,633.00,43.00,23.00,1,2,-1,-1
3,125,1392.00,665.00,34.00,44.00,1,2,-1,-1
3,124,1390.00,947.00,106.00,62.00,1,3,-1,-1
3,123,1361.00,754.00,20.00,48.00,1,2,-1,-1
3,122,1340.00,627.00,32.00,24.00,1,2,-1,-1
3,121,1225.00,949.00,48.00,80.00,1,1,-1,-1
3,120,1173.00,869.00,51.00,55.00,1,2,-1,-1
3,119,1132.01,896.96,41.97,112.08,1,1,-1,-1
3,118,1073.00,403.00,22.00,62.00,1,1,-1,-1
3,117,1068.00,549.00,42.00,78.00,1,1,-1,-1
3,115,1002.00,681.00,32.00,73.00,1,1,-1,-1
3,114,971.00,316.00,46.00,62.00,1,10,-1,-1
3,113,961.00,498.00,24.00,65.00,1,1,-1,-1
3,112,930.08,301.88,35.84,53.24,1,2,-1,-1
3,111,910.00,493.00,33.00,82.00,1,1,-1,-1
3,110,853.00,729.00,34.00,99.00,1,1,-1,-1
3,109,842.02,854.95,31.97,71.11,1,1,-1,-1
3,108,778.00,857.00,39.00,100.00,1,1,-1,-1
3,107,767.00,376.00,30.00,68.00,1,1,-1,-1
3,103,276.00,873.00,45.00,92.00,1,1,-1,-1
3,101,61.00,760.00,56.00,85.00,1,1,-1,-1
3,99,820.41,400.34,23.53,57.80,1,2,-1,-1
3,98,771.01,719.97,42.98,90.06,1,1,-1,-1
3,94,-1.29,30.45,125.58,138.10,1,6,-1,-1
3,86,1276.34,610.62,23.33,48.52,1,2,-1,-1
3,84,1292.02,568.98,29.97,48.05,1,2,-1,-1
3,79,1565.00,30.00,15.00,49.00,1,1,-1,-1
3,76,1437.02,123.99,193.38,91.96,1,4,-1,-1
3,75,1469.17,33.72,16.61,40.55,1,1,-1,-1
3,73,1469.00,638.94,27.00,43.00,1,2,-1,-1
3,72,1431.00,600.00,32.00,46.00,1,2,-1,-1
3,69,1403.89,978.17,57.23,85.66,1,1,-1,-1
3,67,1380.93,169.17,28.14,45.61,1,1,-1,-1
3,64,1325.00,584.94,22.00,42.00,1,2,-1,-1
3,63,1308.94,926.94,43.00,67.00,1,2,-1,-1
3,62,1270.00,735.00,20.00,52.00,1,2,-1,-1
3,61,1247.77,805.38,67.45,111.25,1,2,-1,-1
3,60,1231.94,143.00,24.00,46.00,1,1,-1,-1
3,58,1203.96,617.35,74.07,32.24,1,2,-1,-1
3,57,1200.00,197.00,23.00,41.00,1,1,-1,-1
3,56,1161.00,543.00,35.00,60.00,1,1,-1,-1
3,55,1154.95,376.11,28.11,60.77,1,1,-1,-1
3,54,1122.00,821.00,44.00,77.00,1,1,-1,-1
3,53,1108.89,609.99,62.21,58.96,1,2,-1,-1
3,51,1057.94,782.18,52.07,81.64,1,1,-1,-1
3,50,1048.00,643.94,45.00,80.00,1,1,-1,-1
3,49,1018.00,333.00,56.00,53.00,1,10,-1,-1
3,46,955.00,449.00,30.00,39.00,1,2,-1,-1
3,45,930.94,676.00,44.00,92.00,1,1,-1,-1
3,43,919.00,451.94,35.00,40.00,1,2,-1,-1
3,42,910.81,230.00,125.39,73.93,1,4,-1,-1
3,41,899.00,407.00,27.00,56.00,1,1,-1,-1
3,39,886.94,736.94,33.00,88.00,1,1,-1,-1
3,38,883.00,829.94,36.00,100.00,1,1,-1,-1
3,36,872.89,362.27,27.23,63.47,1,1,-1,-1
3,33,837.00,382.00,23.00,44.00,1,2,-1,-1
3,32,830.12,941.66,128.71,127.61,1,7,-1,-1
3,31,816.00,818.00,46.00,91.00,1,1,-1,-1
3,30,814.94,854.00,32.00,76.00,1,1,-1,-1
3,29,814.00,455.00,39.00,52.00,1,2,-1,-1
3,28,811.94,264.94,113.00,93.00,1,4,-1,-1
3,27,802.94,885.00,47.00,87.00,1,1,-1,-1
3,26,779.00,523.00,31.00,47.00,1,1,-1,-1
3,22,709.77,413.36,46.45,73.28,1,1,-1,-1
3,21,700.00,471.00,46.00,42.00,1,2,-1,-1
3,20,650.85,417.13,98.30,85.74,1,7,-1,-1
3,17,622.94,957.94,32.00,75.00,1,2,-1,-1
3,12,554.36,989.58,68.28,79.84,1,1,-1,-1
3,11,517.83,651.18,29.28,61.59,1,1,-1,-1
3,10,485.00,687.94,43.00,50.00,1,2,-1,-1
3,9,463.08,459.78,179.73,149.39,1,5,-1,-1
3,8,436.50,985.67,115.00,76.66,1,3,-1,-1
3,7,301.94,807.00,119.00,85.00,1,10,-1,-1
3,6,269.45,1015.35,40.98,53.29,1,1,-1,-1
3,4,147.00,635.00,209.00,188.00,1,8,-1,-1
3,3,140.00,793.00,58.00,91.00,1,1,-1,-1
3,2,13.00,781.00,60.00,91.00,1,1,-1,-1
4,99,819.00,401.19,23.51,59.68,1,2,-1,-1
4,75,1465.78,33.09,16.40,40.66,1,1,-1,-1
4,67,1378.86,168.30,28.28,46.35,1,1,-1,-1
4,64,1323.00,585.96,22.00,42.00,1,2,-1,-1
4,63,1307.11,928.11,43.00,67.00,1,2,-1,-1
4,57,1198.05,196.69,22.89,40.48,1,1,-1,-1
4,53,1127.67,599.52,48.46,54.65,1,2,-1,-1
4,51,1055.98,783.15,52.00,81.70,1,1,-1,-1
4,50,1046.05,644.79,44.89,79.48,1,1,-1,-1
4,45,927.15,676.68,43.91,91.48,1,1,-1,-1
4,43,916.16,452.85,35.52,40.22,1,2,-1,-1
4,42,907.68,229.98,125.33,73.99,1,4,-1,-1
4,33,836.89,382.02,22.38,43.11,1,2,-1,-1
4,32,827.59,942.69,128.77,126.73,1,7,-1,-1
4,27,800.27,885.67,47.52,87.36,1,1,-1,-1
4,9,459.11,460.97,179.69,149.16,1,5,-1,-1
5,146,595.38,925.13,20.93,45.16,1,2,-1,-1
5,125,1384.89,667.00,34.00,44.00,1,2,-1,-1
5,121,1227.08,953.98,47.85,79.16,1,1,-1,-1
5,119,1132.18,904.57,40.75,106.87,1,1,-1,-1
5,117,1063.13,551.22,41.78,78.40,1,1,-1,-1
5,110,847.89,731.89,34.00,99.00,1,1,-1,-1
5,108,776.00,857.00,39.00,100.00,1,1,-1,-1
5,107,762.11,376.00,30.00,68.00,1,1,-1,-1
5,103,267.45,877.88,43.17,86.21,1,1,-1,-1
5,101,55.75,761.98,55.35,84.19,1,1,-1,-1
5,99,817.87,402.14,22.89,60.10,1,2,-1,-1
5,84,1285.83,571.96,30.90,49.28,1,2,-1,-1
5,64,1321.00,586.97,22.00,42.00,1,2,-1,-1
5,63,1305.91,929.91,43.00,67.00,1,2,-1,-1
5,61,1245.64,806.69,65.72,110.77,1,2,-1,-1
5,57,1196.02,196.08,22.96,40.69,1,1,-1,-1
5,56,1155.00,542.13,35.00,60.00,1,1,-1,-1
5,53,1131.75,597.71,41.81,53.43,1,2,-1,-1
5,51,1054.00,784.91,51.98,81.75,1,1,-1,-1
5,50,1044.07,645.82,44.87,79.23,1,1,-1,-1
5,46,949.17,450.85,30.48,39.19,1,2,-1,-1
5,45,923.92,677.07,43.96,91.69,1,1,-1,-1
5,43,913.77,453.92,35.31,40.09,1,2,-1,-1
5,42,903.79,230.13,125.55,74.48,1,4,-1,-1
5,33,836.76,382.24,21.65,42.45,1,2,-1,-1
5,27,797.89,885.99,47.31,87.14,1,1,-1,-1
5,21,692.87,473.87,46.00,42.00,1,2,-1,-1
5,9,455.21,462.66,179.52,148.59,1,5,-1,-1
6,149,840.00,578.00,30.00,47.00,1,1,-1,-1
6,121,1228.07,956.82,47.86,79.05,1,1,-1,-1
6,119,1132.31,908.37,40.28,104.27,1,1,-1,-1
6,117,1069.73,557.61,38.40,72.52,1,1,-1,-1
6,108,774.63,877.92,29.60,76.12,1,1,-1,-1
6,107,759.87,376.16,30.07,68.46,1,1,-1,-1
6,104,530.15,976.85,30.90,65.24,1,2,-1,-1
6,84,1285.19,572.21,30.69,49.00,1,2,-1,-1
6,74,1459.02,612.02,21.00,47.00,1,2,-1,-1
6,68,1372.86,77.81,23.12,29.23,1,2,-1,-1
6,63,1304.87,931.87,43.00,67.00,1,2,-1,-1
6,61,1244.57,807.60,64.85,110.53,1,2,-1,-1
6,57,1197.77,202.97,19.89,35.54,1,1,-1,-1
6,53,1132.13,597.67,38.13,53.30,1,2,-1,-1
6,51,1052.01,786.12,51.96,81.79,1,1,-1,-1
6,42,888.27,215.97,153.11,91.22,1,4,-1,-1
6,27,795.82,886.09,47.19,87.05,1,1,-1,-1
6,23,701.00,693.00,30.00,69.00,1,1,-1,-1
6,21,696.79,456.99,44.29,46.95,1,2,-1,-1
6,9,424.50,439.50,206.32,170.49,1,5,-1,-1
7,178,1478.97,742.16,26.05,68.67,1,2,-1,-1
7,169,636.87,894.19,52.16,78.61,1,1,-1,-1
7,153,1543.54,15.57,13.53,46.86,1,1,-1,-1
7,150,959.02,461.48,25.90,44.76,1,2,-1,-1
7,148,339.98,620.13,103.85,93.61,1,7,-1,-1
7,122,1329.73,626.10,32.57,24.79,1,2,-1,-1
7,120,1165.06,873.59,50.88,54.56,1,2,-1,-1
7,119,1132.24,911.89,39.66,102.21,1,1,-1,-1
7,117,1062.24,555.84,39.53,75.08,1,1,-1,-1
7,115,994.00,685.00,32.00,73.00,1,1,-1,-1
7,79,1551.08,28.57,15.00,49.00,1,1,-1,-1
7,74,1456.08,613.08,21.00,47.00,1,2,-1,-1
7,69,1406.64,969.14,56.69,86.55,1,1,-1,-1
7,68,1369.56,77.80,23.16,29.25,1,2,-1,-1
7,63,1303.16,933.16,43.00,67.00,1,2,-1,-1
7,61,1243.52,807.95,63.96,110.32,1,2,-1,-1
7,57,1193.95,198.07,21.43,37.55,1,1,-1,-1
7,53,1130.36,597.72,36.15,54.26,1,2,-1,-1
7,42,888.48,222.60,143.29,85.54,1,4,-1,-1
7,30,804.90,852.08,32.00,76.00,1,1,-1,-1
7,9,419.60,440.13,219.35,181.06,1,5,-1,-1
7,6,260.46,1025.67,40.51,43.77,1,1,-1,-1
7,2,6.66,777.00,60.00,91.00,1,1,-1,-1
8,200,1635.15,916.11,72.00,68.00,1,2,-1,-1
8,199,1461.85,116.96,144.00,68.00,1,4,-1,-1
8,198,1098.83,612.20,58.38,57.71,1,2,-1,-1
8,196,612.90,913.83,21.11,50.84,1,2,-1,-1
8,178,1477.00,742.81,26.00,68.38,1,2,-1,-1
8,172,878.00,379.31,20.20,48.50,1,1,-1,-1
8,169,634.91,897.18,52.05,78.64,1,1,-1,-1
8,153,1540.27,14.31,13.74,47.15,1,1,-1,-1
8,122,1327.08,625.97,32.86,24.98,1,2,-1,-1
8,119,1132.28,915.83,39.32,100.76,1,1,-1,-1
8,118,1058.04,409.01,21.92,61.08,1,1,-1,-1
8,117,1058.06,555.70,39.74,76.29,1,1,-1,-1
8,115,992.00,686.00,32.00,73.00,1,1,-1,-1
8,113,947.12,500.82,23.95,64.38,1,1,-1,-1
8,79,1547.85,27.38,15.00,49.00,1,1,-1,-1
8,69,1407.09,966.52,56.87,87.10,1,1,-1,-1
8,63,1301.93,934.23,43.00,67.00,1,2,-1,-1
8,57,1191.60,195.71,22.05,38.80,1,1,-1,-1
8,42,887.28,225.96,137.15,82.28,1,4,-1,-1
8,34,853.13,403.00,28.00,70.00,1,1,-1,-1
8,32,824.60,948.64,127.53,122.01,1,7,-1,-1
8,30,802.13,851.85,32.00,76.00,1,1,-1,-1
8,6,257.46,1026.28,40.63,42.62,1,1,-1,-1
8,5,198.28,890.98,52.99,81.84,1,1,-1,-1
8,2,4.99,776.00,60.00,91.00,1,1,-1,-1
9,228,1361.34,833.87,34.48,48.42,1,2,-1,-1
9,225,1187.90,165.11,22.20,43.89,1,1,-1,-1
9,222,957.00,677.00,37.00,81.00,1,1,-1,-1
9,218,786.23,259.75,140.01,115.65,1,4,-1,-1
9,216,626.81,715.31,39.28,85.28,1,1,-1,-1
9,200,1633.94,916.91,72.00,68.00,1,2,-1,-1
9,199,1458.84,116.97,144.00,68.00,1,4,-1,-1
9,198,1096.73,613.14,57.58,57.41,1,2,-1,-1
9,196,610.92,915.77,21.10,50.95,1,2,-1,-1
9,178,1474.98,743.18,26.03,68.64,1,2,-1,-1
9,174,1041.77,412.89,23.00,76.00,1,1,-1,-1
9,172,870.94,368.99,21.75,54.65,1,1,-1,-1
9,169,632.95,900.90,52.00,78.68,1,1,-1,-1
9,122,1324.85,625.92,33.02,25.08,1,2,-1,-1
9,119,1132.37,919.70,39.10,99.22,1,1,-1,-1
9,117,1054.71,556.17,40.28,77.66,1,1,-1,-1
9,115,990.54,687.11,31.63,72.78,1,1,-1,-1
9,86,1261.48,617.51,24.18,50.01,1,2,-1,-1
9,79,1544.79,26.28,15.00,49.00,1,1,-1,-1
9,57,1189.39,194.03,22.41,39.58,1,1,-1,-1
9,42,885.67,227.67,132.80,80.13,1,4,-1,-1
9,34,850.90,403.53,27.97,69.63,1,1,-1,-1
9,33,837.97,384.01,16.88,39.59,1,2,-1,-1
9,30,799.88,851.11,32.00,76.00,1,1,-1,-1
9,20,638.05,427.38,97.54,88.43,1,7,-1,-1
9,2,3.78,775.00,60.00,91.00,1,1,-1,-1
10,263,1120.50,590.73,41.51,75.29,1,2,-1,-1
10,255,1448.11,29.11,17.00,41.00,1,1,-1,-1
10,249,676.15,482.15,46.00,42.00,1,2,-1,-1
10,247,531.89,1008.10,67.23,61.68,1,1,-1,-1
10,228,1359.06,835.03,34.83,48.87,1,2,-1,-1
10,223,1007.97,494.82,52.99,79.35,1,1,-1,-1
10,200,1632.89,917.13,72.00,68.00,1,2,-1,-1
10,199,1455.12,116.97,144.00,68.00,1,4,-1,-1
10,179,1467.77,26.99,19.00,45.00,1,1,-1,-1
10,178,1472.98,743.25,26.04,68.79,1,2,-1,-1
10,172,869.49,375.26,21.00,52.08,1,1,-1,-1
10,168,573.74,881.88,57.92,103.81,1,1,-1,-1
10,124,1381.45,954.99,105.20,61.07,1,3,-1,-1
10,123,1349.09,762.22,20.94,49.29,1,2,-1,-1
10,122,1322.08,626.58,33.11,25.13,1,2,-1,-1
10,119,1132.43,923.72,38.98,97.96,1,1,-1,-1
10,86,1259.22,618.45,24.38,50.22,1,2,-1,-1
10,84,1276.93,574.81,31.26,49.58,1,2,-1,-1
10,57,1183.44,201.45,24.86,45.56,1,1,-1,-1
10,41,878.95,409.13,27.00,56.00,1,1,-1,-1
10,38,866.39,837.79,33.95,96.30,1,1,-1,-1
10,34,848.16,403.77,27.95,69.40,1,1,-1,-1
10,33,838.25,384.48,15.57,38.90,1,2,-1,-1
10,30,797.13,850.86,32.00,76.00,1,1,-1,-1
10,20,627.37,425.06,99.36,90.76,1,7,-1,-1
10,7,276.50,827.72,120.13,84.90,1,10,-1,-1
10,2,2.74,774.00,60.00,91.00,1,1,-1,-1
11,279,1345.00,68.89,11.00,31.00,1,2,-1,-1
11,276,932.16,454.77,31.52,39.24,1,2,-1,-1
11,275,909.00,608.89,22.00,64.00,1,1,-1,-1
11,249,672.94,483.94,46.00,42.00,1,2,-1,-1
11,247,528.39,1010.84,66.65,59.20,1,1,-1,-1
11,231,1542.90,48.24,114.44,68.55,1,4,-1,-1
11,228,1360.88,827.72,42.68,59.79,1,2,-1,-1
11,179,1465.57,25.98,19.00,45.00,1,1,-1,-1
11,178,1470.98,743.92,26.05,68.89,1,2,-1,-1
11,172,867.19,378.55,20.55,50.49,1,1,-1,-1
11,168,580.15,879.38,54.77,97.49,1,1,-1,-1
11,148,324.63,628.19,103.79,94.69,1,7,-1,-1
11,123,1347.13,762.35,21.01,49.34,1,2,-1,-1
11,122,1319.81,627.50,33.16,25.15,1,2,-1,-1
11,86,1257.11,620.07,24.51,50.36,1,2,-1,-1
11,84,1274.91,575.78,31.29,49.57,1,2,-1,-1
11,61,1239.37,810.28,60.26,109.66,1,2,-1,-1
11,57,1183.40,194.36,24.30,43.89,1,1,-1,-1
11,47,978.83,601.76,44.47,50.54,1,2,-1,-1
11,38,863.43,838.15,34.33,97.57,1,1,-1,-1
11,34,845.91,403.89,27.95,69.24,1,1,-1,-1
11,30,794.87,850.12,32.00,76.00,1,1,-1,-1
11,20,621.30,424.68,100.51,92.55,1,7,-1,-1
11,7,272.94,830.88,120.14,84.96,1,10,-1,-1
11,2,1.75,773.00,60.00,91.00,1,1,-1,-1
12,303,770.85,858.85,39.00,100.00,1,1,-1,-1
12,279,1341.22,68.09,11.00,31.00,1,2,-1,-1
12,276,929.77,455.83,31.31,39.10,1,2,-1,-1
12,275,906.62,610.12,21.54,63.52,1,1,-1,-1
12,249,669.89,485.89,46.00,42.00,1,2,-1,-1
12,247,525.34,1013.07,66.29,57.01,1,1,-1,-1
12,243,-17.21,33.30,90.05,149.63,1,6,-1,-1
12,231,1540.16,47.94,117.39,69.13,1,4,-1,-1
12,220,840.09,488.91,32.00,47.00,1,2,-1,-1
12,179,1462.87,24.29,19.00,45.00,1,1,-1,-1
12,178,1468.98,744.13,26.04,68.95,1,2,-1,-1
12,148,320.73,630.14,103.66,94.86,1,7,-1,-1
12,122,1317.06,628.51,33.18,25.16,1,2,-1,-1
12,107,744.09,377.19,30.05,68.68,1,1,-1,-1
12,104,516.77,994.27,30.79,61.63,1,2,-1,-1
12,86,1255.06,620.60,24.60,50.45,1,2,-1,-1
12,84,1265.38,577.14,30.91,48.82,1,2,-1,-1
12,47,979.88,599.07,44.39,50.41,1,2,-1,-1
12,34,843.17,403.96,27.95,69.13,1,1,-1,-1
12,32,822.63,957.93,126.52,113.65,1,7,-1,-1
12,30,792.80,849.86,32.00,76.00,1,1,-1,-1
12,27,781.90,888.69,47.96,87.25,1,1,-1,-1
12,20,616.37,425.57,101.20,93.72,1,7,-1,-1
13,325,1457.89,25.04,13.00,43.00,1,1,-1,-1
13,304,781.68,815.38,46.98,97.45,1,1,-1,-1
13,303,768.50,858.28,39.00,100.00,1,1,-1,-1
13,288,485.25,667.13,28.74,57.50,1,1,-1,-1
13,279,1337.98,67.13,11.00,31.00,1,2,-1,-1
13,276,926.97,456.87,31.19,39.03,1,2,-1,-1
13,274,828.87,744.97,33.37,98.97,1,1,-1,-1
13,247,528.85,1003.46,55.99,54.72,1,1,-1,-1
13,243,-9.05,38.69,80.68,140.17,1,6,-1,-1
13,231,1537.72,47.68,121.06,69.66,1,4,-1,-1
13,220,837.09,489.91,32.00,47.00,1,2,-1,-1
13,198,1088.66,615.26,54.75,56.13,1,2,-1,-1
13,197,854.93,551.11,25.17,76.00,1,1,-1,-1
13,179,1459.97,23.05,19.00,45.00,1,1,-1,-1
13,178,1466.98,744.86,26.04,68.99,1,2,-1,-1
13,174,1034.86,418.68,19.56,64.13,1,1,-1,-1
13,148,316.92,632.23,103.97,95.37,1,7,-1,-1
13,122,1314.79,629.55,33.19,25.16,1,2,-1,-1
13,104,514.83,997.24,30.75,60.67,1,2,-1,-1
13,86,1253.95,627.10,21.50,43.78,1,2,-1,-1
13,84,1266.79,577.36,31.03,49.02,1,2,-1,-1
13,47,980.94,596.88,44.35,50.34,1,2,-1,-1
13,42,874.53,228.80,126.84,78.51,1,4,-1,-1
13,27,779.20,889.62,47.99,87.23,1,1,-1,-1
14,350,1478.00,639.11,27.00,43.00,1,2,-1,-1
14,348,1191.77,179.42,22.35,46.96,1,1,-1,-1
14,344,836.00,373.00,27.00,64.00,1,1,-1,-1
14,343,819.05,859.95,39.00,87.00,1,1,-1,-1
14,341,630.00,955.00,48.00,85.00,1,1,-1,-1
14,325,1455.09,24.81,13.00,43.00,1,1,-1,-1
14,306,1493.12,846.17,52.01,62.29,1,2,-1,-1
14,304,782.74,824.38,45.62,93.91,1,1,-1,-1
14,288,483.24,670.08,28.72,57.45,1,1,-1,-1
14,276,924.20,457.12,31.51,39.14,1,2,-1,-1
14,274,826.24,746.10,33.62,99.18,1,1,-1,-1
14,247,530.29,1002.09,49.48,53.38,1,1,-1,-1
14,244,123.77,3.44,170.07,87.60,1,6,-1,-1
14,243,-17.30,30.27,86.73,158.75,1,6,-1,-1
14,220,834.08,490.23,32.00,47.00,1,2,-1,-1
14,179,1457.68,21.96,19.00,45.00,1,1,-1,-1
14,174,1030.02,422.44,20.75,68.18,1,1,-1,-1
14,148,312.95,634.18,104.15,95.70,1,7,-1,-1
14,124,1390.03,962.91,86.52,60.90,1,3,-1,-1
14,118,1040.04,416.87,21.92,60.33,1,1,-1,-1
14,104,512.88,1000.21,30.72,59.71,1,2,-1,-1
14,99,805.03,417.51,21.75,61.07,1,2,-1,-1
14,86,1251.86,625.51,22.53,45.91,1,2,-1,-1
14,56,1129.05,539.97,35.00,60.00,1,1,-1,-1
14,42,871.10,229.07,126.04,78.64,1,4,-1,-1
14,27,776.29,890.62,48.02,87.21,1,1,-1,-1
15,367,814.11,590.95,30.00,45.00,1,1,-1,-1
15,344,833.00,374.00,27.00,64.00,1,1,-1,-1
15,343,816.16,861.94,39.53,87.82,1,1,-1,-1
15,341,627.00,958.78,48.00,85.00,1,1,-1,-1
15,323,1399.74,779.85,31.00,55.00,1,2,-1,-1
15,306,1490.67,847.30,51.95,63.05,1,2,-1,-1
15,304,782.04,828.96,44.75,91.03,1,1,-1,-1
15,288,481.30,673.12,28.67,57.36,1,1,-1,-1
15,276,921.22,457.87,31.71,39.18,1,2,-1,-1
15,274,821.44,732.23,38.90,115.05,1,1,-1,-1
15,253,1179.43,154.94,27.09,54.67,1,1,-1,-1
15,244,118.71,3.51,171.20,88.72,1,6,-1,-1
15,243,-10.79,37.21,75.72,146.75,1,6,-1,-1
15,228,1348.27,840.42,36.84,51.59,1,2,-1,-1
15,218,773.97,270.87,113.94,96.31,1,4,-1,-1
15,216,612.28,722.81,35.84,80.56,1,1,-1,-1
15,179,1454.94,20.94,19.00,45.00,1,1,-1,-1
15,174,1026.17,424.63,21.49,70.71,1,1,-1,-1
15,172,858.50,385.56,19.97,48.31,1,1,-1,-1
15,148,308.93,636.11,104.26,95.92,1,7,-1,-1
15,125,1361.31,672.09,35.10,45.21,1,2,-1,-1
15,124,1383.32,961.98,91.78,60.69,1,3,-1,-1
15,118,1037.04,417.99,21.92,60.18,1,1,-1,-1
15,117,1041.77,561.39,40.16,80.33,1,1,-1,-1
15,104,510.93,1003.20,30.68,58.72,1,2,-1,-1
15,99,803.82,420.26,21.92,61.34,1,2,-1,-1
15,57,1177.44,188.75,23.84,41.60,1,1,-1,-1
15,27,773.29,891.65,48.04,87.19,1,1,-1,-1
16,367,811.91,592.97,30.00,45.00,1,1,-1,-1
16,344,830.00,375.00,27.00,64.00,1,1,-1,-1
16,343,804.23,875.12,36.15,80.52,1,1,-1,-1
16,341,624.74,962.02,48.00,85.00,1,1,-1,-1
16,323,1396.98,779.08,31.00,55.00,1,2,-1,-1
16,288,479.37,675.50,28.63,57.26,1,1,-1,-1
16,276,918.19,458.80,31.84,39.19,1,2,-1,-1
16,275,902.54,615.97,21.04,63.42,1,1,-1,-1
16,253,1174.38,158.29,25.76,52.47,1,1,-1,-1
16,244,113.60,3.70,172.45,90.15,1,6,-1,-1
16,243,-7.42,43.02,66.57,137.09,1,6,-1,-1
16,229,1384.85,9.85,17.00,45.00,1,1,-1,-1
16,216,609.67,729.19,36.93,83.10,1,1,-1,-1
16,179,1452.70,19.93,19.00,45.00,1,1,-1,-1
16,174,1022.74,426.36,21.97,72.36,1,1,-1,-1
16,172,856.56,387.47,19.92,48.08,1,1,-1,-1
16,169,622.09,911.56,47.63,73.17,1,1,-1,-1
16,146,568.67,954.67,21.26,45.57,1,2,-1,-1
16,125,1360.27,672.83,35.11,45.20,1,2,-1,-1
16,124,1394.98,964.94,81.97,64.46,1,3,-1,-1
16,118,1034.04,419.04,21.93,60.08,1,1,-1,-1
16,117,1039.79,562.28,40.13,80.55,1,1,-1,-1
16,104,508.97,1006.19,30.65,57.73,1,2,-1,-1
16,79,1522.86,18.06,15.00,49.00,1,1,-1,-1
16,57,1175.72,188.35,23.59,41.12,1,1,-1,-1
17,397,1512.32,9.31,14.66,46.50,1,1,-1,-1
17,396,1393.00,583.19,33.00,47.00,1,2,-1,-1
17,371,934.54,327.34,37.65,59.11,1,10,-1,-1
17,367,809.13,594.97,30.00,45.00,1,1,-1,-1
17,344,827.00,376.00,27.00,64.00,1,1,-1,-1
17,343,807.88,871.57,37.25,83.00,1,1,-1,-1
17,342,671.27,718.70,30.41,69.26,1,1,-1,-1
17,341,622.70,965.08,48.00,85.00,1,1,-1,-1
17,323,1394.06,778.84,31.00,55.00,1,2,-1,-1
17,322,1244.86,750.94,19.00,53.00,1,2,-1,-1
17,303,757.35,855.19,39.00,100.00,1,1,-1,-1
17,288,477.44,678.32,28.58,57.16,1,1,-1,-1
17,275,902.29,617.21,21.00,63.48,1,1,-1,-1
17,253,1176.28,160.01,23.48,47.22,1,1,-1,-1
17,229,1382.09,9.09,17.00,45.00,1,1,-1,-1
17,216,606.67,732.51,37.61,84.71,1,1,-1,-1
17,179,1449.31,19.60,19.00,45.00,1,1,-1,-1
17,174,1020.16,428.02,22.29,73.48,1,1,-1,-1
17,172,854.62,388.84,19.89,47.94,1,1,-1,-1
17,169,617.49,916.25,49.02,75.34,1,1,-1,-1
17,168,565.98,886.10,45.78,80.59,1,1,-1,-1
17,146,566.68,957.59,21.24,45.53,1,2,-1,-1
17,125,1358.64,673.09,35.12,45.20,1,2,-1,-1
17,124,1384.81,963.49,88.35,63.01,1,3,-1,-1
17,122,1304.80,634.71,33.18,25.14,1,2,-1,-1
17,118,1031.52,420.79,21.62,59.91,1,1,-1,-1
17,117,1037.81,563.20,40.11,80.71,1,1,-1,-1
17,104,507.01,1009.19,30.62,56.72,1,2,-1,-1
17,101,21.13,778.20,54.90,83.81,1,1,-1,-1
17,57,1174.03,187.62,23.72,40.84,1,1,-1,-1
17,50,1016.02,660.98,44.94,78.69,1,1,-1,-1
17,5,160.42,916.64,53.48,81.38,1,1,-1,-1
18,438,964.55,514.67,46.79,80.44,1,1,-1,-1
18,433,593.00,935.00,21.00,51.00,1,2,-1,-1
18,418,1426.17,623.84,20.81,42.19,1,2,-1,-1
18,396,1391.00,581.96,33.00,47.00,1,2,-1,-1
18,393,411.89,485.89,180.00,148.00,1,5,-1,-1
18,375,1402.13,18.13,19.00,43.00,1,1,-1,-1
18,374,1349.29,158.86,27.42,52.21,1,1,-1,-1
18,371,931.13,327.64,37.30,59.10,1,10,-1,-1
18,367,799.90,588.16,31.11,46.94,1,1,-1,-1
18,348,1180.37,173.77,23.66,52.14,1,1,-1,-1
18,343,807.31,871.30,38.32,85.08,1,1,-1,-1
18,323,1391.08,778.10,31.00,55.00,1,2,-1,-1
18,322,1243.17,752.26,19.00,53.00,1,2,-1,-1
18,303,754.38,854.24,39.00,100.00,1,1,-1,-1
18,275,901.61,618.95,20.97,63.53,1,1,-1,-1
18,253,1168.12,163.24,23.31,47.35,1,1,-1,-1
18,216,604.23,735.45,38.06,85.76,1,1,-1,-1
18,199,1424.07,114.16,155.33,73.30,1,4,-1,-1
18,172,852.68,390.67,19.88,47.85,1,1,-1,-1
18,169,614.26,927.19,46.77,71.54,1,1,-1,-1
18,125,1357.44,673.17,35.12,45.19,1,2,-1,-1
18,117,1035.84,564.14,40.10,80.82,1,1,-1,-1
18,104,505.05,1012.19,30.59,55.71,1,2,-1,-1
18,101,18.11,781.25,54.90,83.82,1,1,-1,-1
18,57,1176.42,180.78,21.13,37.49,1,1,-1,-1
18,56,1119.62,542.12,35.00,60.00,1,1,-1,-1
18,50,1013.27,662.62,44.93,78.45,1,1,-1,-1
18,5,155.67,920.80,53.62,81.55,1,1,-1,-1
19,461,1172.11,626.89,63.00,45.00,1,2,-1,-1
19,460,876.15,465.97,35.85,40.07,1,2,-1,-1
19,455,140.94,339.02,178.08,100.65,1,4,-1,-1
19,438,959.52,517.80,45.84,80.16,1,1,-1,-1
19,418,1423.23,624.74,20.76,41.60,1,2,-1,-1
19,415,917.18,510.85,24.80,64.31,1,1,-1,-1
19,393,408.90,487.90,180.00,148.00,1,5,-1,-1
19,375,1399.05,17.83,19.00,43.00,1,1,-1,-1
19,374,1346.83,158.85,27.28,52.11,1,1,-1,-1
19,371,928.02,328.38,37.09,59.14,1,10,-1,-1
19,348,1179.68,172.09,23.17,51.78,1,1,-1,-1
19,339,210.75,931.93,48.00,88.00,1,1,-1,-1
19,322,1241.94,754.02,19.00,53.00,1,2,-1,-1
19,306,1480.89,851.42,52.44,65.93,1,2,-1,-1
19,304,776.04,839.86,42.71,82.45,1,1,-1,-1
19,303,751.35,853.91,39.00,100.00,1,1,-1,-1
19,275,900.75,620.21,20.95,63.57,1,1,-1,-1
19,274,809.25,746.64,34.84,103.80,1,1,-1,-1
19,199,1422.13,115.12,151.82,71.66,1,4,-1,-1
19,125,1355.75,673.84,35.12,45.18,1,2,-1,-1
19,117,1033.85,565.10,40.08,80.89,1,1,-1,-1
19,101,15.09,783.00,54.90,83.83,1,1,-1,-1
19,57,1172.21,184.75,21.96,38.30,1,1,-1,-1
19,56,1117.63,544.02,35.00,60.00,1,1,-1,-1
19,5,151.36,925.51,53.72,81.66,1,1,-1,-1
20,485,1239.00,625.96,25.00,51.00,1,2,-1,-1
20,483,853.87,412.74,28.05,58.36,1,1,-1,-1
20,480,732.31,538.96,32.00,48.00,1,1,-1,-1
20,479,430.00,725.11,43.00,49.00,1,2,-1,-1
20,461,1170.91,627.88,63.00,45.00,1,2,-1,-1
20,460,873.90,466.96,35.92,40.09,1,2,-1,-1
20,455,159.57,331.11,175.40,99.46,1,4,-1,-1
20,431,66.26,850.75,63.08,91.48,1,1,-1,-1
20,418,1420.96,625.79,20.75,41.27,1,2,-1,-1
20,398,1553.75,700.90,35.00,41.00,1,2,-1,-1
20,395,1076.03,622.85,48.39,60.03,1,2,-1,-1
20,393,405.22,489.21,180.00,148.00,1,5,-1,-1
20,375,1395.33,17.06,19.00,43.00,1,1,-1,-1
20,369,879.90,697.06,45.00,91.00,1,1,-1,-1
20,339,207.01,935.94,48.00,88.00,1,1,-1,-1
20,322,1240.87,755.94,19.00,53.00,1,2,-1,-1
20,275,899.82,621.94,20.94,63.61,1,1,-1,-1
20,274,809.82,752.46,34.23,102.18,1,1,-1,-1
20,227,1316.81,155.79,27.02,56.01,1,1,-1,-1
20,125,1354.52,674.08,35.12,45.17,1,2,-1,-1
20,117,1031.87,566.07,40.07,80.95,1,1,-1,-1
20,101,12.74,784.26,54.90,83.83,1,1,-1,-1
20,57,1169.22,185.52,22.55,38.84,1,1,-1,-1
20,56,1116.31,545.39,35.00,60.00,1,1,-1,-1
20,5,146.57,929.77,53.78,81.74,1,1,-1,-1
21,508,1225.47,987.23,45.96,80.69,1,1,-1,-1
21,504,846.40,857.48,36.20,96.30,1,1,-1,-1
21,486,1278.81,603.07,23.00,43.00,1,2,-1,-1
21,485,1236.22,626.19,25.00,51.00,1,2,-1,-1
21,481,750.12,389.73,38.81,54.65,1,2,-1,-1
21,480,728.32,540.75,32.00,48.00,1,1,-1,-1
21,478,236.97,865.80,123.00,84.13,1,10,-1,-1
21,460,871.84,467.96,35.97,40.08,1,2,-1,-1
21,455,175.50,324.07,173.30,98.81,1,4,-1,-1
21,431,68.02,851.80,60.45,86.38,1,1,-1,-1
21,418,1416.77,625.45,20.76,41.08,1,2,-1,-1
21,398,1552.71,702.23,35.00,41.00,1,2,-1,-1
21,393,401.98,490.98,180.00,148.00,1,5,-1,-1
21,369,876.14,699.07,45.00,91.00,1,1,-1,-1
21,342,660.74,728.00,30.37,69.13,1,1,-1,-1
21,341,620.95,962.26,45.84,79.54,1,1,-1,-1
21,322,1239.19,757.92,19.00,53.00,1,2,-1,-1
21,275,899.52,623.86,20.93,63.65,1,1,-1,-1
21,274,808.89,756.16,33.82,101.10,1,1,-1,-1
21,255,1414.38,23.17,17.22,42.39,1,1,-1,-1
21,228,1343.55,849.89,35.24,49.34,1,2,-1,-1
21,227,1307.75,151.30,25.96,53.60,1,1,-1,-1
21,179,1433.71,18.53,19.00,45.00,1,1,-1,-1
21,146,558.10,968.63,21.20,45.44,1,2,-1,-1
21,117,1030.54,567.04,40.06,80.98,1,1,-1,-1
21,107,731.13,379.73,30.04,69.04,1,1,-1,-1
21,101,10.64,785.34,54.90,83.84,1,1,-1,-1
21,57,1166.74,185.10,22.97,39.21,1,1,-1,-1
21,34,822.84,407.56,27.93,68.09,1,1,-1,-1
21,5,142.25,934.53,53.83,81.80,1,1,-1,-1
22,509,1246.89,584.17,31.09,49.47,1,2,-1,-1
22,504,844.97,859.69,36.05,95.68,1,1,-1,-1
22,488,1617.85,926.11,74.77,70.55,1,2,-1,-1
22,485,1233.98,626.96,25.00,51.00,1,2,-1,-1
22,478,233.96,869.03,123.03,84.11,1,10,-1,-1
22,460,870.60,469.52,35.89,39.68,1,2,-1,-1
22,455,190.77,317.19,171.82,98.50,1,4,-1,-1
22,431,61.02,857.20,62.55,88.19,1,1,-1,-1
22,418,1411.94,625.32,20.78,40.96,1,2,-1,-1
22,393,398.91,492.23,180.00,148.00,1,5,-1,-1
22,372,936.45,686.92,37.00,81.00,1,1,-1,-1
22,369,872.88,701.07,45.00,91.00,1,1,-1,-1
22,342,658.13,730.71,30.59,69.20,1,1,-1,-1
22,341,623.37,961.26,44.12,75.99,1,1,-1,-1
22,322,1237.94,759.92,19.00,53.00,1,2,-1,-1
22,276,907.23,466.29,32.08,43.45,1,2,-1,-1
22,274,807.38,758.98,33.54,100.35,1,1,-1,-1
22,228,1342.65,851.71,35.15,49.21,1,2,-1,-1
22,216,594.19,745.09,38.76,87.43,1,1,-1,-1
22,179,1426.67,19.75,17.47,41.33,1,1,-1,-1
22,169,603.09,929.25,58.18,89.42,1,1,-1,-1
22,117,1030.73,561.53,42.74,71.08,1,1,-1,-1
22,107,730.43,379.98,30.03,69.05,1,1,-1,-1
22,104,497.85,1023.16,30.41,50.04,1,2,-1,-1
22,101,8.63,787.00,54.90,83.84,1,1,-1,-1
22,34,820.85,408.60,27.94,68.03,1,1,-1,-1
22,5,137.47,938.81,53.87,81.84,1,1,-1,-1
23,557,1488.82,40.53,121.05,68.65,1,4,-1,-1
23,555,1321.00,74.00,23.00,29.00,1,2,-1,-1
23,550,871.11,314.00,36.00,52.00,1,2,-1,-1
23,509,1245.61,585.33,31.21,50.15,1,2,-1,-1
23,504,843.30,861.65,36.41,95.71,1,1,-1,-1
23,488,1615.87,927.41,73.53,69.40,1,2,-1,-1
23,485,1231.20,627.90,25.00,51.00,1,2,-1,-1
23,478,230.96,872.81,123.05,84.10,1,10,-1,-1
23,460,869.42,470.82,35.49,39.33,1,2,-1,-1
23,455,206.33,310.34,170.27,98.29,1,4,-1,-1
23,431,56.48,861.52,64.22,89.33,1,1,-1,-1
23,393,395.89,493.96,180.00,148.00,1,5,-1,-1
23,372,934.28,688.59,37.00,81.00,1,1,-1,-1
23,369,869.14,703.06,45.00,91.00,1,1,-1,-1
23,348,1173.36,168.89,22.47,52.09,1,1,-1,-1
23,342,655.23,732.96,30.74,69.23,1,1,-1,-1
23,322,1236.87,761.92,19.00,53.00,1,2,-1,-1
23,303,740.24,851.11,39.00,100.00,1,1,-1,-1
23,276,903.65,466.36,32.07,42.13,1,2,-1,-1
23,228,1342.38,853.02,35.08,49.11,1,2,-1,-1
23,179,1419.67,21.00,17.26,41.03,1,1,-1,-1
23,117,1027.78,568.42,42.09,73.55,1,1,-1,-1
23,107,729.56,380.73,30.03,69.05,1,1,-1,-1
23,34,818.87,409.65,27.94,67.99,1,1,-1,-1
23,5,132.51,943.57,53.90,81.87,1,1,-1,-1
24,579,1216.90,831.84,57.90,111.48,1,2,-1,-1
24,577,959.16,347.02,55.52,52.18,1,10,-1,-1
24,576,919.97,474.33,24.29,55.34,1,2,-1,-1
24,574,792.14,883.08,39.87,87.99,1,1,-1,-1
24,557,1489.27,41.58,118.70,66.59,1,4,-1,-1
24,555,1319.78,74.78,23.00,29.00,1,2,-1,-1
24,550,868.12,315.00,36.00,52.00,1,2,-1,-1
24,528,1081.45,616.97,40.36,60.44,1,2,-1,-1
24,509,1243.81,586.45,31.31,50.93,1,2,-1,-1
24,504,841.90,864.37,36.19,94.97,1,1,-1,-1
24,483,847.66,418.61,27.94,58.01,1,1,-1,-1
24,479,418.00,734.85,43.00,49.00,1,2,-1,-1
24,478,227.96,876.06,123.05,84.08,1,10,-1,-1
24,460,867.93,472.60,35.60,39.21,1,2,-1,-1
24,375,1382.01,13.31,20.46,46.24,1,1,-1,-1
24,372,932.20,690.52,37.00,81.00,1,1,-1,-1
24,369,865.88,705.72,45.00,91.00,1,1,-1,-1
24,348,1171.68,168.62,22.37,52.13,1,1,-1,-1
24,342,652.89,735.70,30.84,69.24,1,1,-1,-1
24,322,1235.85,763.93,19.00,53.00,1,2,-1,-1
24,303,737.90,850.18,39.00,100.00,1,1,-1,-1
24,125,1348.89,677.37,35.11,45.15,1,2,-1,-1
24,34,816.88,410.69,27.94,67.96,1,1,-1,-1
25,601,1393.44,960.76,36.66,50.68,1,1,-1,-1
25,598,1135.00,908.04,51.00,54.00,1,2,-1,-1
25,596,795.09,607.98,29.83,44.16,1,1,-1,-1
25,593,753.94,480.87,36.02,51.12,1,2,-1,-1
25,579,1215.95,834.48,57.79,110.77,1,2,-1,-1
25,577,957.15,347.79,55.77,52.22,1,10,-1,-1
25,574,789.76,885.83,39.43,87.28,1,1,-1,-1
25,557,1484.86,41.49,128.14,71.25,1,4,-1,-1
25,554,1293.45,69.24,16.07,32.51,1,2,-1,-1
25,550,865.11,316.00,36.00,52.00,1,2,-1,-1
25,509,1242.58,588.08,31.34,51.41,1,2,-1,-1
25,504,840.30,866.43,36.41,94.39,1,1,-1,-1
25,478,224.96,879.82,123.06,84.07,1,10,-1,-1
25,415,903.77,519.65,25.02,64.22,1,1,-1,-1
25,375,1379.37,12.30,20.02,45.25,1,1,-1,-1
25,369,863.47,707.79,44.98,90.68,1,1,-1,-1
25,342,654.29,735.94,27.83,62.06,1,1,-1,-1
25,323,1379.47,787.17,31.00,55.00,1,2,-1,-1
25,303,735.13,849.85,39.00,100.00,1,1,-1,-1
25,199,1408.15,117.73,145.29,68.60,1,4,-1,-1
25,146,549.14,982.61,21.17,45.36,1,2,-1,-1
25,34,814.90,411.73,27.95,67.94,1,1,-1,-1
26,621,1302.97,153.18,26.97,55.68,1,1,-1,-1
26,620,1158.00,631.89,63.00,45.00,1,2,-1,-1
26,619,1113.69,203.25,23.00,44.00,1,1,-1,-1
26,618,905.96,332.96,37.00,60.00,1,10,-1,-1
26,596,794.03,609.20,29.95,44.51,1,1,-1,-1
26,593,751.84,482.20,35.42,50.66,1,2,-1,-1
26,574,787.11,888.11,39.68,87.68,1,1,-1,-1
26,557,1481.61,41.27,124.37,68.20,1,4,-1,-1
26,551,1011.91,442.90,21.00,60.00,1,1,-1,-1
26,539,835.98,773.16,36.12,96.24,1,1,-1,-1
26,509,1240.83,589.38,31.39,52.07,1,2,-1,-1
26,504,838.90,868.65,36.21,93.78,1,1,-1,-1
26,478,221.96,883.08,123.06,84.06,1,10,-1,-1
26,415,901.79,521.59,25.03,64.20,1,1,-1,-1
26,375,1376.57,11.44,19.71,44.57,1,1,-1,-1
26,323,1379.10,781.96,31.00,55.00,1,2,-1,-1
26,303,732.20,849.09,39.00,100.00,1,1,-1,-1
26,146,546.90,986.40,21.15,45.33,1,2,-1,-1
26,124,1362.20,978.45,105.44,59.60,1,3,-1,-1
26,101,2.70,791.07,54.93,84.17,1,1,-1,-1
26,34,813.56,412.77,27.95,67.92,1,1,-1,-1
26,27,758.16,883.33,35.01,79.20,1,1,-1,-1
27,648,1217.68,1007.35,45.64,62.82,1,1,-1,-1
27,644,894.33,626.33,25.35,65.64,1,1,-1,-1
27,639,645.96,441.11,39.00,76.00,1,1,-1,-1
27,621,1301.01,152.84,26.92,55.36,1,1,-1,-1
27,620,1155.22,632.88,63.00,45.00,1,2,-1,-1
27,619,1109.34,195.83,23.00,44.00,1,1,-1,-1
27,618,902.97,333.19,37.00,60.00,1,10,-1,-1
27,593,749.88,483.31,35.12,50.49,1,2,-1,-1
27,583,1490.82,11.91,15.00,49.00,1,1,-1,-1
27,578,956.16,699.12,30.49,72.75,1,1,-1,-1
27,574,784.18,890.14,39.82,87.89,1,1,-1,-1
27,557,1487.93,30.29,121.59,65.89,1,4,-1,-1
27,551,1009.91,445.13,21.00,60.00,1,1,-1,-1
27,539,836.53,778.83,34.70,92.48,1,1,-1,-1
27,504,837.29,870.72,36.43,93.57,1,1,-1,-1
27,488,1611.18,932.65,72.03,68.01,1,2,-1,-1
27,478,218.97,886.83,123.05,84.05,1,10,-1,-1
27,455,268.48,282.36,167.36,98.03,1,4,-1,-1
27,433,571.12,962.04,21.71,52.67,1,2,-1,-1
27,415,899.80,522.93,25.03,64.18,1,1,-1,-1
27,375,1374.36,11.25,19.50,44.10,1,1,-1,-1
27,303,729.21,848.17,39.00,100.00,1,1,-1,-1
27,276,894.80,471.34,32.07,40.23,1,2,-1,-1
27,228,1339.14,858.45,34.98,48.97,1,2,-1,-1
27,174,992.40,449.74,25.93,76.60,1,1,-1,-1
27,146,544.83,989.70,21.14,45.31,1,2,-1,-1
27,34,811.82,413.15,27.95,67.92,1,1,-1,-1
28,677,1396.31,965.26,68.19,89.17,1,1,-1,-1
28,675,1137.67,995.87,46.66,73.43,1,1,-1,-1
28,672,835.00,233.11,124.00,81.00,1,4,-1,-1
28,669,685.11,768.04,33.00,79.00,1,1,-1,-1
28,665,524.89,719.89,48.00,52.00,1,2,-1,-1
28,644,893.86,627.33,25.27,65.22,1,1,-1,-1
28,639,643.19,442.12,39.00,76.00,1,1,-1,-1
28,622,1352.74,6.00,17.00,45.00,1,1,-1,-1
28,621,1298.28,152.79,26.91,55.18,1,1,-1,-1
28,620,1152.98,633.89,63.00,45.00,1,2,-1,-1
28,618,899.97,333.96,37.00,60.00,1,10,-1,-1
28,602,1466.98,868.08,52.00,69.00,1,2,-1,-1
28,595,785.02,453.66,25.77,65.49,1,1,-1,-1
28,593,747.78,484.42,34.56,50.27,1,2,-1,-1
28,581,1371.00,565.09,33.00,47.00,1,2,-1,-1
28,578,954.19,700.05,30.67,72.90,1,1,-1,-1
28,571,262.92,668.81,104.87,99.15,1,7,-1,-1
28,557,1480.58,37.86,125.62,66.11,1,4,-1,-1
28,551,1007.92,447.88,21.00,60.00,1,1,-1,-1
28,528,1084.14,617.74,37.31,62.48,1,2,-1,-1
28,522,52.95,3.43,186.42,107.58,1,6,-1,-1
28,504,836.06,873.30,36.56,93.07,1,1,-1,-1
28,478,215.97,890.10,123.05,84.05,1,10,-1,-1
28,460,862.95,478.66,35.51,38.20,1,2,-1,-1
28,375,1372.36,10.63,19.35,43.77,1,1,-1,-1
28,372,923.48,698.70,36.58,80.89,1,1,-1,-1
28,348,1164.94,167.39,22.16,51.63,1,1,-1,-1
28,303,726.86,847.84,39.00,100.00,1,1,-1,-1
28,276,892.79,472.72,32.08,40.20,1,2,-1,-1
28,228,1338.01,858.65,34.97,48.95,1,2,-1,-1
28,172,838.63,411.02,19.42,46.61,1,1,-1,-1
28,146,542.81,993.48,21.14,45.29,1,2,-1,-1
28,34,805.61,422.26,31.34,76.07,1,1,-1,-1
29,694,1272.89,968.27,44.13,67.52,1,2,-1,-1
29,692,1101.05,561.15,35.00,60.00,1,1,-1,-1
29,690,1018.89,578.11,40.00,81.00,1,1,-1,-1
29,677,1394.39,967.28,68.68,89.13,1,1,-1,-1
29,676,1287.87,653.94,33.00,25.00,1,2,-1,-1
29,675,1138.91,999.56,46.18,70.02,1,1,-1,-1
29,672,819.55,224.30,157.92,103.34,1,4,-1,-1
29,665,523.09,722.88,48.00,52.00,1,2,-1,-1
29,644,893.18,627.51,25.64,65.28,1,1,-1,-1
29,640,731.74,908.02,48.00,87.00,1,1,-1,-1
29,621,1296.04,152.10,26.91,55.08,1,1,-1,-1
29,602,1465.98,870.85,52.00,69.00,1,2,-1,-1
29,595,783.90,456.55,25.96,65.65,1,1,-1,-1
29,593,745.82,485.45,34.22,50.20,1,2,-1,-1
29,581,1369.00,563.78,33.00,47.00,1,2,-1,-1
29,573,625.79,512.79,46.00,42.00,1,2,-1,-1
29,571,259.10,671.26,105.08,99.55,1,7,-1,-1
29,522,50.66,3.87,186.61,108.20,1,6,-1,-1
29,504,834.96,875.76,36.68,93.06,1,1,-1,-1
29,478,213.64,893.17,123.05,84.04,1,10,-1,-1
29,460,861.72,479.99,35.28,38.04,1,2,-1,-1
29,348,1163.64,166.78,22.13,51.48,1,1,-1,-1
29,303,725.40,847.08,39.00,100.00,1,1,-1,-1
29,276,890.80,473.86,32.08,40.18,1,2,-1,-1
29,228,1336.31,858.68,34.96,48.94,1,2,-1,-1
29,34,805.72,416.54,30.45,73.92,1,1,-1,-1
29,5,107.81,967.30,54.81,82.75,1,1,-1,-1
30,720,1485.85,2.00,15.00,47.00,1,1,-1,-1
30,715,1114.00,184.68,24.90,48.48,1,1,-1,-1
30,714,839.96,526.95,33.00,82.00,1,1,-1,-1
30,713,837.04,416.10,31.18,64.91,1,1,-1,-1
30,694,1272.16,970.89,44.05,67.30,1,2,-1,-1
30,692,1099.03,562.94,35.00,60.00,1,1,-1,-1
30,690,1017.09,579.91,40.00,81.00,1,1,-1,-1
30,676,1287.08,655.19,33.00,25.00,1,2,-1,-1
30,675,1140.12,1004.07,45.76,66.44,1,1,-1,-1
30,665,521.87,725.15,48.00,52.00,1,2,-1,-1
30,646,1013.73,831.04,52.00,82.00,1,1,-1,-1
30,644,892.38,628.17,26.25,65.47,1,1,-1,-1
30,621,1293.97,151.90,26.92,55.02,1,1,-1,-1
30,602,1464.99,873.11,52.00,69.00,1,2,-1,-1
30,595,782.16,458.84,26.06,65.71,1,1,-1,-1
30,594,759.89,412.83,28.00,40.00,1,2,-1,-1
30,581,1369.73,564.07,33.00,47.00,1,2,-1,-1
30,571,255.80,674.02,105.19,99.80,1,7,-1,-1
30,522,48.11,-5.52,207.13,120.79,1,6,-1,-1
30,504,833.91,878.60,36.76,93.04,1,1,-1,-1
30,322,1227.86,774.93,19.00,53.00,1,2,-1,-1
30,303,724.93,846.82,39.00,100.00,1,1,-1,-1
30,228,1335.05,858.66,34.95,48.94,1,2,-1,-1
30,101,7.79,795.09,51.64,79.32,1,1,-1,-1
30,34,804.69,415.38,29.79,72.33,1,1,-1,-1
30,5,107.13,970.65,54.56,81.93,1,1,-1,-1
31,743,1131.04,922.04,51.00,54.00,1,2,-1,-1
31,742,1056.00,642.89,51.00,56.00,1,2,-1,-1
31,736,127.25,998.50,48.19,71.56,1,1,-1,-1
31,717,1313.01,781.66,24.80,49.41,1,2,-1,-1
31,714,837.19,528.97,33.00,82.00,1,1,-1,-1
31,713,835.16,416.10,31.75,65.92,1,1,-1,-1
31,690,1017.09,581.87,38.31,77.29,1,1,-1,-1
31,673,987.09,681.08,45.00,78.00,1,1,-1,-1
31,665,520.11,727.92,48.00,52.00,1,2,-1,-1
31,646,1012.97,833.10,52.00,82.00,1,1,-1,-1
31,644,891.51,629.01,26.99,65.68,1,1,-1,-1
31,621,1291.95,151.85,26.92,54.98,1,1,-1,-1
31,595,780.89,461.60,26.13,65.72,1,1,-1,-1
31,594,758.81,414.08,28.00,40.00,1,2,-1,-1
31,571,252.70,676.91,105.25,99.96,1,7,-1,-1
31,522,43.66,-0.56,200.78,117.17,1,6,-1,-1
31,488,1597.38,931.81,81.29,76.71,1,2,-1,-1
31,322,1226.20,776.28,19.00,53.00,1,2,-1,-1
31,303,724.84,846.55,38.99,99.71,1,1,-1,-1
31,228,1333.31,858.61,34.95,48.93,1,2,-1,-1
31,101,8.76,793.13,52.62,80.96,1,1,-1,-1
31,34,803.19,415.85,29.30,71.15,1,1,-1,-1
31,5,106.78,974.29,48.99,73.34,1,1,-1,-1
32,767,904.95,484.84,24.11,58.31,1,2,-1,-1
32,766,815.05,582.89,25.00,75.00,1,1,-1,-1
32,765,802.00,392.85,27.00,64.00,1,1,-1,-1
32,764,796.00,515.11,32.00,47.00,1,2,-1,-1
32,761,750.28,899.52,31.66,71.95,1,1,-1,-1
32,745,1387.00,13.87,17.00,41.00,1,1,-1,-1
32,744,1211.26,853.57,57.61,104.71,1,2,-1,-1
32,714,834.96,530.97,33.00,82.00,1,1,-1,-1
32,693,1132.59,188.20,25.87,45.37,1,1,-1,-1
32,674,1048.94,430.23,28.76,65.97,1,1,-1,-1
32,673,985.08,682.14,45.00,78.00,1,1,-1,-1
32,665,518.87,730.86,48.00,52.00,1,2,-1,-1
32,620,1144.93,636.90,63.00,45.00,1,2,-1,-1
32,594,757.13,415.15,28.00,40.00,1,2,-1,-1
32,571,250.31,679.36,105.33,100.39,1,7,-1,-1
32,522,41.82,2.08,196.28,114.90,1,6,-1,-1
32,431,17.00,899.36,68.67,93.32,1,1,-1,-1
32,322,1224.95,778.03,19.00,53.00,1,2,-1,-1
32,228,1332.03,859.21,34.95,48.93,1,2,-1,-1
32,101,9.66,792.10,53.29,82.09,1,1,-1,-1
32,34,801.46,416.87,28.94,70.28,1,1,-1,-1
32,5,106.00,978.36,50.37,74.93,1,1,-1,-1
33,792,777.94,906.10,40.27,88.70,1,1,-1,-1
33,773,1397.00,122.94,144.00,68.00,1,4,-1,-1
33,772,1371.73,621.52,21.42,44.91,1,2,-1,-1
33,766,813.03,584.88,25.00,75.00,1,1,-1,-1
33,765,801.00,394.06,27.00,64.00,1,1,-1,-1
33,764,794.00,516.91,32.00,47.00,1,2,-1,-1
33,763,786.01,618.97,29.99,43.20,1,1,-1,-1
33,761,749.12,901.64,31.58,70.93,1,1,-1,-1
33,744,1210.28,856.47,57.53,103.84,1,2,-1,-1
33,719,1429.01,648.90,27.00,39.00,1,2,-1,-1
33,714,832.90,532.98,33.00,82.00,1,1,-1,-1
33,677,1386.30,978.98,68.79,86.59,1,1,-1,-1
33,674,1046.99,432.33,29.65,66.25,1,1,-1,-1
33,673,983.75,683.83,45.00,78.00,1,1,-1,-1
33,670,703.87,792.93,41.73,88.24,1,1,-1,-1
33,649,1260.88,617.76,23.00,43.00,1,2,-1,-1
33,620,1142.93,637.89,63.00,45.00,1,2,-1,-1
33,582,1443.73,776.62,27.00,69.00,1,2,-1,-1
33,573,615.90,518.90,46.00,42.00,1,2,-1,-1
33,522,41.36,4.10,193.05,113.26,1,6,-1,-1
33,485,1206.80,637.96,25.00,51.00,1,2,-1,-1
33,478,208.98,905.72,121.11,82.77,1,10,-1,-1
33,431,15.31,901.23,68.30,92.80,1,1,-1,-1
33,415,888.92,532.78,25.04,64.12,1,1,-1,-1
33,101,10.58,791.50,53.76,82.89,1,1,-1,-1
33,34,799.63,418.04,28.68,69.64,1,1,-1,-1
34,811,1294.96,78.00,23.00,29.00,1,2,-1,-1
34,810,1000.19,464.48,22.51,61.04,1,1,-1,-1
34,809,892.18,340.05,36.68,59.90,1,10,-1,-1
34,806,27.21,719.02,223.80,193.07,1,8,-1,-1
34,791,562.57,987.57,21.00,51.00,1,2,-1,-1
34,773,1396.00,123.19,144.00,68.00,1,4,-1,-1
34,772,1370.74,621.22,21.42,45.51,1,2,-1,-1
34,766,811.77,586.89,25.00,75.00,1,1,-1,-1
34,761,747.37,904.38,31.52,69.96,1,1,-1,-1
34,744,1210.00,858.86,57.53,103.35,1,2,-1,-1
34,719,1428.08,650.13,27.00,39.00,1,2,-1,-1
34,714,830.89,534.98,33.00,82.00,1,1,-1,-1
34,674,1045.26,434.92,30.93,66.61,1,1,-1,-1
34,670,702.11,795.60,41.89,88.90,1,1,-1,-1
34,649,1259.79,619.00,23.00,43.00,1,2,-1,-1
34,619,1086.31,204.97,23.00,44.00,1,1,-1,-1
34,602,1461.03,884.12,51.92,68.32,1,2,-1,-1
34,582,1443.68,778.98,27.00,69.00,1,2,-1,-1
34,573,613.15,520.15,46.00,42.00,1,2,-1,-1
34,485,1204.79,638.97,25.00,51.00,1,2,-1,-1
34,455,377.26,233.71,145.95,91.24,1,4,-1,-1
34,431,13.55,903.20,68.04,92.44,1,1,-1,-1
34,342,642.06,754.28,30.06,68.59,1,1,-1,-1
34,34,796.07,415.70,27.92,67.75,1,1,-1,-1
35,840,826.74,800.77,34.68,92.07,1,1,-1,-1
35,835,1023.01,559.22,46.85,54.05,1,2,-1,-1
35,833,1161.45,166.91,24.09,57.21,1,1,-1,-1
35,829,733.93,492.89,31.04,49.07,1,2,-1,-1
35,809,892.00,341.00,36.82,60.00,1,10,-1,-1
35,806,24.98,721.87,224.85,193.94,1,8,-1,-1
35,791,560.36,989.36,21.00,51.00,1,2,-1,-1
35,790,555.77,463.11,104.00,96.00,1,7,-1,-1
35,773,1395.00,123.96,144.00,68.00,1,4,-1,-1
35,772,1369.71,620.67,21.50,46.62,1,2,-1,-1
35,766,810.00,588.91,25.00,75.00,1,1,-1,-1
35,761,745.60,906.47,31.86,69.24,1,1,-1,-1
35,719,1427.09,651.88,27.00,39.00,1,2,-1,-1
35,689,695.18,563.98,32.05,51.03,1,1,-1,-1
35,674,1043.39,437.60,32.08,66.46,1,1,-1,-1
35,670,700.31,798.48,42.35,89.81,1,1,-1,-1
35,666,566.81,774.18,41.17,87.75,1,1,-1,-1
35,649,1259.45,620.75,23.00,43.00,1,2,-1,-1
35,646,1009.06,842.79,52.00,82.00,1,1,-1,-1
35,602,1460.73,887.84,51.85,67.54,1,2,-1,-1
35,582,1443.03,781.76,27.00,69.00,1,2,-1,-1
35,573,610.89,521.89,46.00,42.00,1,2,-1,-1
35,455,391.75,227.61,143.15,90.00,1,4,-1,-1
35,342,640.81,756.86,30.04,68.71,1,1,-1,-1
36,869,396.39,765.61,42.93,48.08,1,2,-1,-1
36,857,1383.00,571.85,33.00,47.00,1,2,-1,-1
36,856,1337.00,705.85,35.00,45.00,1,2,-1,-1
36,851,944.11,359.89,56.00,52.00,1,10,-1,-1
36,850,530.96,1013.95,21.00,45.00,1,2,-1,-1
36,833,1161.72,165.57,23.00,54.55,1,1,-1,-1
36,813,1399.10,19.90,19.00,43.00,1,1,-1,-1
36,812,1365.87,10.00,19.00,43.00,1,1,-1,-1
36,806,22.42,724.66,226.16,194.56,1,8,-1,-1
36,790,554.00,464.82,104.00,96.00,1,7,-1,-1
36,773,1394.00,124.90,144.00,68.00,1,4,-1,-1
36,766,808.06,591.09,25.03,75.37,1,1,-1,-1
36,761,744.17,909.10,31.66,67.80,1,1,-1,-1
36,689,693.89,566.14,32.08,51.38,1,1,-1,-1
36,666,566.23,776.93,40.78,87.70,1,1,-1,-1
36,646,1008.06,845.04,52.00,82.00,1,1,-1,-1
36,602,1460.69,891.56,51.76,66.36,1,2,-1,-1
36,582,1442.80,784.71,27.00,69.00,1,2,-1,-1
36,573,608.81,523.81,46.00,42.00,1,2,-1,-1
36,571,245.61,688.12,105.03,103.88,1,7,-1,-1
36,455,406.19,221.64,140.88,88.84,1,4,-1,-1
36,342,639.09,759.71,30.03,68.79,1,1,-1,-1
36,322,1219.86,785.92,19.00,53.00,1,2,-1,-1
36,228,1326.00,859.42,34.95,48.93,1,2,-1,-1
37,894,722.10,389.05,28.60,65.88,1,1,-1,-1
37,882,1072.00,632.85,36.00,64.00,1,2,-1,-1
37,877,826.90,898.16,37.20,96.68,1,1,-1,-1
37,869,394.14,768.41,42.99,48.06,1,2,-1,-1
37,856,1336.78,707.28,35.00,45.00,1,2,-1,-1
37,852,1090.00,576.00,35.00,60.00,1,1,-1,-1
37,850,529.97,1016.97,21.00,45.00,1,2,-1,-1
37,848,156.56,990.25,55.89,80.57,1,1,-1,-1
37,814,1446.52,619.41,29.92,53.41,1,2,-1,-1
37,813,1398.87,18.84,19.00,43.00,1,1,-1,-1
37,806,20.02,727.02,227.01,195.21,1,8,-1,-1
37,773,1393.00,125.20,144.00,68.00,1,4,-1,-1
37,769,1227.75,605.87,31.22,57.10,1,2,-1,-1
37,766,806.08,593.62,25.02,75.25,1,1,-1,-1
37,689,692.13,568.15,32.10,51.61,1,1,-1,-1
37,646,1007.72,847.79,52.00,82.00,1,1,-1,-1
37,602,1460.72,895.52,51.68,65.22,1,2,-1,-1
37,582,1442.74,787.71,27.00,69.00,1,2,-1,-1
37,573,606.79,525.13,46.00,42.00,1,2,-1,-1
37,455,420.07,215.69,139.27,87.75,1,4,-1,-1
37,415,884.54,540.75,25.03,64.09,1,1,-1,-1
37,342,637.83,762.67,30.02,68.85,1,1,-1,-1
37,322,1218.85,787.93,19.00,53.00,1,2,-1,-1
37,228,1324.90,860.04,34.95,48.93,1,2,-1,-1
38,901,978.14,478.19,28.68,75.83,1,1,-1,-1
38,900,910.12,720.00,35.97,81.15,1,1,-1,-1
38,899,884.00,596.15,42.00,82.00,1,1,-1,-1
38,898,811.85,419.89,20.00,48.00,1,1,-1,-1
38,894,722.18,389.88,28.73,66.14,1,1,-1,-1
38,881,1048.07,657.00,51.00,56.00,1,2,-1,-1
38,879,941.81,713.93,30.00,73.00,1,1,-1,-1
38,856,1336.76,709.09,35.00,45.00,1,2,-1,-1
38,853,1139.96,179.98,24.08,41.01,1,1,-1,-1
38,852,1089.00,578.00,35.00,60.00,1,1,-1,-1
38,850,528.97,1019.97,21.00,45.00,1,2,-1,-1
38,848,154.70,992.82,55.60,78.24,1,1,-1,-1
38,828,531.42,960.89,47.39,82.95,1,1,-1,-1
38,814,1449.79,629.54,28.98,51.98,1,2,-1,-1
38,813,1398.82,17.14,19.00,43.00,1,1,-1,-1
38,806,17.37,729.82,228.31,196.08,1,8,-1,-1
38,773,1392.00,125.96,144.00,68.00,1,4,-1,-1
38,766,804.07,596.01,25.04,75.52,1,1,-1,-1
38,689,690.20,570.79,32.10,51.76,1,1,-1,-1
38,646,1006.30,850.72,52.00,82.00,1,1,-1,-1
38,602,1460.80,899.88,51.58,63.48,1,2,-1,-1
38,573,605.46,526.89,46.00,42.00,1,2,-1,-1
38,485,1199.53,643.99,25.00,51.00,1,2,-1,-1
38,431,7.10,914.39,67.59,91.82,1,1,-1,-1
38,342,636.10,766.32,30.02,68.89,1,1,-1,-1
39,917,190.96,924.85,123.00,84.00,1,10,-1,-1
39,901,977.18,480.91,28.82,76.00,1,1,-1,-1
39,899,880.00,600.94,42.00,82.00,1,1,-1,-1
39,894,721.92,391.39,28.87,66.44,1,1,-1,-1
39,880,1008.02,597.85,40.00,81.00,1,1,-1,-1
39,879,941.04,715.89,30.00,73.00,1,1,-1,-1
39,862,784.52,805.52,33.62,99.92,1,1,-1,-1
39,853,1139.96,179.98,24.07,41.03,1,1,-1,-1
39,852,1088.00,580.00,35.00,60.00,1,1,-1,-1
39,848,152.81,994.99,55.39,76.12,1,1,-1,-1
39,835,1032.41,557.41,46.28,53.45,1,2,-1,-1
39,813,1399.26,15.71,16.75,40.65,1,1,-1,-1
39,809,889.48,342.06,37.63,62.10,1,10,-1,-1
39,806,14.94,732.15,229.17,196.91,1,8,-1,-1
39,791,550.38,997.44,21.00,51.00,1,2,-1,-1
39,773,1391.00,126.88,144.00,68.00,1,4,-1,-1
39,766,802.74,598.61,25.02,75.37,1,1,-1,-1
39,743,1126.16,943.43,51.00,54.00,1,2,-1,-1
39,689,693.11,578.69,28.91,46.45,1,1,-1,-1
39,670,693.45,820.77,37.42,82.15,1,1,-1,-1
39,431,5.22,918.30,67.51,91.70,1,1,-1,-1
39,342,634.19,769.58,30.01,68.92,1,1,-1,-1
40,948,1350.85,3.96,17.00,45.00,1,1,-1,-1
40,947,1296.85,80.04,23.00,29.00,1,2,-1,-1
40,918,723.69,294.12,111.75,101.83,1,4,-1,-1
40,917,188.19,928.06,123.00,84.00,1,10,-1,-1
40,899,876.00,605.89,42.00,82.00,1,1,-1,-1
40,894,722.19,392.58,28.59,66.42,1,1,-1,-1
40,862,782.87,808.48,33.55,99.97,1,1,-1,-1
40,855,1316.97,152.88,28.00,52.00,1,1,-1,-1
40,853,1139.97,179.97,24.06,41.04,1,1,-1,-1
40,852,1087.00,582.00,35.00,60.00,1,1,-1,-1
40,851,941.85,365.88,56.00,52.00,1,10,-1,-1
40,835,1035.16,557.22,46.17,53.33,1,2,-1,-1
40,813,1398.68,15.06,17.45,41.53,1,1,-1,-1
40,806,12.35,734.75,230.35,197.52,1,8,-1,-1
40,773,1390.00,127.20,144.00,68.00,1,4,-1,-1
40,761,737.69,919.09,31.93,63.50,1,1,-1,-1
40,743,1125.16,946.68,51.00,54.00,1,2,-1,-1
40,714,825.86,547.81,33.60,82.22,1,1,-1,-1
40,689,688.55,578.74,29.88,48.15,1,1,-1,-1
40,670,692.63,819.07,38.87,85.03,1,1,-1,-1
40,342,632.86,772.69,30.01,68.94,1,1,-1,-1
41,968,1360.11,597.11,21.00,49.00,1,2,-1,-1
41,967,1256.89,631.89,23.00,43.00,1,2,-1,-1
41,964,743.85,428.11,28.00,40.00,1,2,-1,-1
41,947,1297.06,80.81,23.00,29.00,1,2,-1,-1
41,945,1283.00,674.19,33.00,25.00,1,2,-1,-1
41,917,185.96,931.11,123.00,84.00,1,10,-1,-1
41,894,722.36,393.42,28.83,66.79,1,1,-1,-1
41,882,1069.08,642.17,36.00,64.00,1,2,-1,-1
41,855,1317.04,153.66,28.00,52.00,1,1,-1,-1
41,853,1139.97,179.97,24.05,41.04,1,1,-1,-1
41,851,941.09,367.12,56.00,52.00,1,10,-1,-1
41,806,9.94,737.05,231.17,198.20,1,8,-1,-1
41,773,1389.00,127.95,144.00,68.00,1,4,-1,-1
41,761,736.33,921.37,32.06,62.44,1,1,-1,-1
41,743,1124.16,950.45,51.00,54.00,1,2,-1,-1
41,718,1401.12,11.35,14.80,44.03,1,1,-1,-1
41,714,825.38,549.93,33.42,82.13,1,1,-1,-1
41,713,822.97,421.10,32.32,67.91,1,1,-1,-1
41,670,690.20,820.53,39.84,86.92,1,1,-1,-1
41,455,475.35,191.89,134.12,83.60,1,4,-1,-1
41,342,631.11,775.75,30.01,68.96,1,1,-1,-1
42,995,1348.92,1017.51,99.33,56.14,1,3,-1,-1
42,988,1360.21,1010.12,66.50,60.92,1,1,-1,-1
42,985,892.10,499.66,23.81,55.63,1,2,-1,-1
42,968,1358.12,592.91,21.00,49.00,1,2,-1,-1
42,967,1256.09,633.88,23.00,43.00,1,2,-1,-1
42,966,893.93,634.07,30.00,64.00,1,1,-1,-1
42,964,742.06,429.91,28.00,40.00,1,2,-1,-1
42,947,1297.11,81.04,23.00,29.00,1,2,-1,-1
42,917,183.90,934.11,123.00,84.00,1,10,-1,-1
42,900,908.92,729.27,36.02,81.40,1,1,-1,-1
42,894,722.28,394.94,29.01,67.07,1,1,-1,-1
42,882,1068.77,644.85,36.00,64.00,1,2,-1,-1
42,876,759.85,493.66,28.21,67.08,1,1,-1,-1
42,855,1317.74,153.94,28.00,52.00,1,1,-1,-1
42,853,1139.98,179.97,24.05,41.04,1,1,-1,-1
42,851,940.16,368.19,56.00,52.00,1,10,-1,-1
42,828,527.00,977.03,47.92,83.48,1,1,-1,-1
42,806,13.84,756.66,219.35,188.09,1,8,-1,-1
42,761,734.55,923.97,32.12,61.07,1,1,-1,-1
42,718,1400.14,11.31,14.80,44.13,1,1,-1,-1
42,714,824.78,551.94,33.61,82.18,1,1,-1,-1
42,713,822.04,421.86,32.63,68.19,1,1,-1,-1
42,670,687.22,822.66,40.50,88.20,1,1,-1,-1
42,666,560.13,794.65,39.20,87.52,1,1,-1,-1
42,485,1194.57,649.68,25.00,51.00,1,2,-1,-1
42,455,489.27,185.92,133.03,82.61,1,4,-1,-1
42,369,809.67,750.07,42.21,87.84,1,1,-1,-1
42,342,629.18,779.43,30.00,68.97,1,1,-1,-1
42,323,1364.88,814.95,31.00,55.00,1,2,-1,-1
43,995,1352.44,1019.03,99.61,52.11,1,3,-1,-1
43,985,891.10,500.95,23.80,55.28,1,2,-1,-1
43,967,1255.87,635.89,23.00,43.00,1,2,-1,-1
43,966,894.89,634.11,30.00,64.00,1,1,-1,-1
43,964,740.11,431.13,28.00,40.00,1,2,-1,-1
43,917,181.19,937.10,123.00,84.00,1,10,-1,-1
43,894,722.65,396.13,28.81,67.11,1,1,-1,-1
43,882,1068.01,647.08,36.00,64.00,1,2,-1,-1
43,880,1005.12,607.07,40.00,81.00,1,1,-1,-1
43,879,937.76,722.20,30.00,73.00,1,1,-1,-1
43,855,1317.99,154.71,28.00,52.00,1,1,-1,-1
43,853,1139.98,179.97,24.04,41.04,1,1,-1,-1
43,851,939.17,369.20,56.00,52.00,1,10,-1,-1
43,848,150.18,999.37,55.29,71.11,1,1,-1,-1
43,828,524.65,979.38,47.93,83.03,1,1,-1,-1
43,809,887.19,349.22,37.10,60.22,1,10,-1,-1
43,806,9.43,750.23,224.18,192.29,1,8,-1,-1
43,761,733.27,926.90,32.16,59.81,1,1,-1,-1
43,718,1399.14,10.63,14.80,44.21,1,1,-1,-1
43,713,821.02,422.75,32.84,68.36,1,1,-1,-1
43,582,1440.79,800.18,27.00,69.00,1,2,-1,-1
43,485,1192.93,650.95,25.00,51.00,1,2,-1,-1
43,455,502.76,180.12,132.27,81.91,1,4,-1,-1
43,431,-1.04,933.94,65.71,91.38,1,1,-1,-1
43,369,804.64,753.06,42.14,88.92,1,1,-1,-1
44,1032,1537.41,763.00,35.00,41.00,1,2,-1,-1
44,1027,1127.18,649.70,64.42,68.64,1,2,-1,-1
44,995,1354.23,1021.05,99.92,49.13,1,3,-1,-1
44,985,890.13,502.65,23.75,54.66,1,2,-1,-1
44,984,842.00,503.12,34.76,33.91,1,2,-1,-1
44,967,1255.11,637.91,23.00,43.00,1,2,-1,-1
44,948,1352.06,3.28,17.00,45.00,1,1,-1,-1
44,919,772.92,652.76,30.00,43.00,1,1,-1,-1
44,917,178.95,940.08,123.00,84.00,1,10,-1,-1
44,898,804.89,428.88,20.00,48.00,1,1,-1,-1
44,894,722.76,397.14,28.68,67.20,1,1,-1,-1
44,882,1067.09,649.82,36.00,64.00,1,2,-1,-1
44,880,1004.80,609.82,40.00,81.00,1,1,-1,-1
44,875,549.75,479.75,91.02,98.24,1,1,-1,-1
44,855,1318.08,154.99,28.00,52.00,1,1,-1,-1
44,853,1139.98,179.97,24.04,41.04,1,1,-1,-1
44,852,1084.04,591.04,35.00,60.00,1,1,-1,-1
44,828,522.52,981.83,47.88,82.06,1,1,-1,-1
44,813,1397.42,10.66,18.54,42.68,1,1,-1,-1
44,806,5.49,748.99,228.05,195.19,1,8,-1,-1
44,769,1223.02,619.89,31.11,57.15,1,2,-1,-1
44,761,731.51,927.46,32.20,58.96,1,1,-1,-1
44,744,1196.84,893.28,56.77,95.87,1,2,-1,-1
44,718,1398.14,10.36,14.81,44.28,1,1,-1,-1
44,713,819.15,423.13,33.99,70.24,1,1,-1,-1
44,455,516.52,174.16,131.44,81.13,1,4,-1,-1
44,431,-1.43,937.07,64.37,91.24,1,1,-1,-1
44,228,1307.81,860.02,32.10,47.96,1,2,-1,-1
45,1047,1209.40,807.23,32.09,60.29,1,2,-1,-1
45,1032,1536.22,766.78,35.00,41.00,1,2,-1,-1
45,1022,436.10,756.78,27.79,52.19,1,1,-1,-1
45,1005,1019.11,467.00,41.00,64.00,1,1,-1,-1
45,995,1354.76,1023.14,100.18,46.64,1,3,-1,-1
45,985,889.13,503.94,23.75,54.31,1,2,-1,-1
45,984,840.35,504.75,34.66,33.47,1,2,-1,-1
45,919,767.60,639.18,34.59,49.49,1,1,-1,-1
45,917,176.88,943.75,123.00,84.00,1,10,-1,-1
45,898,803.88,430.13,20.00,48.00,1,1,-1,-1
45,894,722.93,398.68,28.94,67.46,1,1,-1,-1
45,882,1066.11,652.08,36.00,64.00,1,2,-1,-1
45,875,542.62,480.78,99.51,100.72,1,1,-1,-1
45,855,1318.77,155.75,28.00,52.00,1,1,-1,-1
45,853,1139.98,179.98,24.03,41.04,1,1,-1,-1
45,852,1083.05,593.05,35.00,60.00,1,1,-1,-1
45,813,1397.11,11.18,18.68,42.80,1,1,-1,-1
45,806,2.32,750.11,231.05,197.50,1,8,-1,-1
45,791,537.92,1022.70,20.83,47.54,1,2,-1,-1
45,769,1222.70,621.90,31.10,57.14,1,2,-1,-1
45,765,781.49,410.31,33.06,76.61,1,1,-1,-1
45,761,730.22,927.25,32.26,58.69,1,1,-1,-1
45,744,1195.34,897.20,56.64,95.00,1,2,-1,-1
45,718,1397.13,10.25,14.81,44.33,1,1,-1,-1
45,713,818.46,423.49,33.80,69.80,1,1,-1,-1
45,571,231.95,707.28,105.79,111.87,1,7,-1,-1
45,431,-1.65,940.15,62.85,91.10,1,1,-1,-1
46,1078,789.39,613.10,26.22,79.81,1,1,-1,-1
46,1067,1455.00,929.00,52.00,52.00,1,2,-1,-1
46,1062,610.71,469.20,40.18,78.34,1,1,-1,-1
46,1061,509.84,760.84,56.82,61.55,1,2,-1,-1
46,1047,1207.50,809.38,32.75,60.61,1,2,-1,-1
46,1032,1535.14,770.76,35.00,41.00,1,2,-1,-1
46,1022,434.10,760.10,27.80,52.04,1,1,-1,-1
46,1005,1016.82,470.00,41.00,64.00,1,1,-1,-1
46,995,1354.89,1025.23,100.35,44.39,1,3,-1,-1
46,985,888.14,505.60,23.72,53.72,1,2,-1,-1
46,984,839.13,506.01,34.62,33.21,1,2,-1,-1
46,919,767.21,649.19,33.22,47.86,1,1,-1,-1
46,917,174.87,946.99,123.00,84.00,1,10,-1,-1
46,898,802.89,431.87,20.00,48.00,1,1,-1,-1
46,894,722.91,399.81,29.13,67.65,1,1,-1,-1
46,862,776.22,826.52,33.65,99.92,1,1,-1,-1
46,855,1319.01,156.02,28.00,52.00,1,1,-1,-1
46,853,1139.99,179.98,24.03,41.04,1,1,-1,-1
46,852,1082.05,595.05,35.00,60.00,1,1,-1,-1
46,813,1396.99,12.06,18.78,42.88,1,1,-1,-1
46,806,0.38,752.09,232.49,198.99,1,8,-1,-1
46,769,1221.29,623.91,31.09,57.14,1,2,-1,-1
46,765,780.20,412.90,31.33,73.06,1,1,-1,-1
46,761,728.46,927.15,32.32,58.51,1,1,-1,-1
46,744,1193.53,901.17,56.53,94.09,1,2,-1,-1
46,713,817.61,423.68,33.66,69.48,1,1,-1,-1
46,689,666.16,589.07,31.65,51.33,1,1,-1,-1
46,571,229.46,709.20,106.38,112.17,1,7,-1,-1
46,323,1358.94,824.27,31.01,55.52,1,2,-1,-1
47,1087,1284.89,864.15,35.00,49.00,1,2,-1,-1
47,1086,1289.15,154.11,27.00,56.00,1,1,-1,-1
47,1080,810.00,250.00,124.00,81.00,1,4,-1,-1
47,1061,499.81,766.01,52.92,57.33,1,2,-1,-1
47,1047,1206.13,811.43,33.08,60.62,1,2,-1,-1
47,1030,1334.20,723.91,35.00,45.00,1,2,-1,-1
47,1029,1304.20,824.30,27.00,49.00,1,2,-1,-1
47,1022,432.12,763.75,27.76,51.56,1,1,-1,-1
47,1005,1014.05,473.00,41.00,64.00,1,1,-1,-1
47,989,1459.39,56.39,137.21,61.07,1,4,-1,-1
47,985,887.16,507.44,23.68,52.98,1,2,-1,-1
47,984,838.07,507.80,34.62,33.05,1,2,-1,-1
47,919,766.50,653.81,31.96,46.68,1,1,-1,-1
47,917,172.87,950.07,123.00,84.00,1,10,-1,-1
47,898,801.90,433.12,20.00,48.00,1,1,-1,-1
47,894,723.32,400.86,28.95,67.69,1,1,-1,-1
47,853,1139.99,179.98,24.03,41.04,1,1,-1,-1
47,852,1081.05,597.05,35.00,60.00,1,1,-1,-1
47,813,1396.94,12.41,18.85,42.93,1,1,-1,-1
47,713,817.35,424.44,33.56,69.23,1,1,-1,-1
47,689,661.31,591.37,31.79,51.86,1,1,-1,-1
47,571,227.36,711.75,107.08,112.39,1,7,-1,-1
47,369,785.63,762.65,47.76,105.00,1,1,-1,-1
47,323,1357.90,827.65,31.03,55.95,1,2,-1,-1
48,1116,1382.63,133.27,140.98,66.53,1,4,-1,-1
48,1109,1266.60,1022.65,43.02,46.76,1,2,-1,-1
48,1108,1066.72,1000.67,41.39,68.57,1,1,-1,-1
48,1102,550.85,814.00,39.00,88.00,1,1,-1,-1
48,1086,1288.94,154.12,27.00,56.00,1,1,-1,-1
48,1085,1276.07,689.07,33.00,25.00,1,2,-1,-1
48,1083,992.94,885.32,52.00,82.00,1,1,-1,-1
48,1080,808.28,262.44,130.91,85.46,1,4,-1,-1
48,1061,495.50,770.22,50.79,55.02,1,2,-1,-1
48,1047,1204.96,813.47,33.26,60.52,1,2,-1,-1
48,1033,1607.47,987.42,71.21,63.97,1,2,-1,-1
48,1031,1492.06,3.95,14.64,48.02,1,1,-1,-1
48,1030,1333.19,725.92,35.00,45.00,1,2,-1,-1
48,1029,1303.19,826.28,27.00,49.00,1,2,-1,-1
48,1027,1120.62,658.45,60.57,71.53,1,2,-1,-1
48,1022,430.15,767.56,27.71,50.88,1,1,-1,-1
48,1005,1011.80,476.00,41.00,64.00,1,1,-1,-1
48,989,1458.95,57.28,138.10,60.51,1,4,-1,-1
48,984,836.37,509.10,34.64,32.95,1,2,-1,-1
48,919,765.17,656.96,31.07,45.86,1,1,-1,-1
48,917,170.92,953.58,122.93,83.68,1,10,-1,-1
48,898,802.91,433.37,19.98,47.68,1,1,-1,-1
48,880,1000.11,617.14,40.00,81.00,1,1,-1,-1
48,852,1080.05,599.05,35.00,60.00,1,1,-1,-1
48,813,1396.92,13.22,18.89,42.96,1,1,-1,-1
48,689,656.74,593.60,31.60,52.47,1,1,-1,-1
48,323,1356.89,831.40,31.03,56.26,1,2,-1,-1
49,1129,967.00,730.00,45.00,78.00,1,1,-1,-1
49,1124,618.85,800.32,30.08,69.52,1,1,-1,-1
49,1109,1266.53,1024.29,42.75,45.29,1,2,-1,-1
49,1102,549.06,817.78,39.00,88.00,1,1,-1,-1
49,1100,10.94,773.00,40.00,91.00,1,1,-1,-1
49,1086,1288.89,154.85,27.00,56.00,1,1,-1,-1
49,1085,1274.11,691.11,33.00,25.00,1,2,-1,-1
49,1080,806.91,255.51,128.11,83.65,1,4,-1,-1
49,1047,1203.89,816.20,33.35,60.39,1,2,-1,-1
49,1033,1606.48,989.82,71.21,63.48,1,2,-1,-1
49,1030,1332.16,727.93,35.00,45.00,1,2,-1,-1
49,1022,428.15,770.91,27.69,50.46,1,1,-1,-1
49,989,1458.30,58.32,139.40,60.17,1,4,-1,-1
49,984,835.15,510.71,34.59,32.55,1,2,-1,-1
49,882,1060.88,664.02,38.86,62.52,1,2,-1,-1
49,880,999.08,619.11,40.00,81.00,1,1,-1,-1
49,852,1079.70,601.70,35.00,60.00,1,1,-1,-1
49,813,1396.91,14.20,18.93,42.99,1,1,-1,-1
49,718,1394.12,10.18,14.83,44.46,1,1,-1,-1
49,689,652.04,596.20,31.75,52.95,1,1,-1,-1
49,323,1355.89,834.85,31.04,56.76,1,2,-1,-1
50,1150,1158.96,166.00,22.00,52.00,1,1,-1,-1
50,1149,1047.93,555.86,47.08,54.41,1,2,-1,-1
50,1129,966.00,733.00,45.00,78.00,1,1,-1,-1
50,1128,900.00,645.24,30.00,64.00,1,1,-1,-1
50,1126,773.00,928.94,44.00,64.00,1,1,-1,-1
50,1124,617.04,803.09,30.10,69.76,1,1,-1,-1
50,1109,1265.89,1026.10,42.48,43.64,1,2,-1,-1
50,1102,547.85,821.02,39.00,88.00,1,1,-1,-1
50,1100,13.95,773.00,40.00,91.00,1,1,-1,-1
50,1086,1288.18,155.08,27.00,56.00,1,1,-1,-1
50,1085,1272.83,693.83,33.00,25.00,1,2,-1,-1
50,1080,806.81,254.62,126.50,82.61,1,4,-1,-1
50,1062,606.93,477.94,39.04,76.09,1,1,-1,-1
50,1049,1481.34,-0.05,14.94,45.01,1,1,-1,-1
50,1047,1202.85,818.49,33.39,60.25,1,2,-1,-1
50,1033,1606.21,992.38,71.08,62.46,1,2,-1,-1
50,1032,1531.05,785.81,35.00,41.00,1,2,-1,-1
50,1022,426.17,774.60,27.66,49.84,1,1,-1,-1
50,989,1458.02,59.40,140.63,59.94,1,4,-1,-1
50,942,764.77,952.38,40.77,94.65,1,1,-1,-1
50,880,994.74,624.50,45.34,91.95,1,1,-1,-1
50,862,771.87,838.55,34.08,99.87,1,1,-1,-1
50,852,1078.29,603.29,35.00,60.00,1,1,-1,-1
50,813,1396.25,14.59,18.95,43.00,1,1,-1,-1
50,806,-2.52,763.62,230.34,203.26,1,8,-1,-1
50,718,1393.13,10.16,14.84,44.50,1,1,-1,-1
51,1173,1365.11,609.95,33.00,47.00,1,2,-1,-1
51,1172,1364.09,10.85,19.00,43.00,1,1,-1,-1
51,1171,1351.94,2.96,17.00,45.00,1,1,-1,-1
51,1145,48.41,779.00,60.04,91.59,1,1,-1,-1
51,1128,901.00,645.94,30.00,64.00,1,1,-1,-1
51,1126,772.00,931.95,44.00,64.00,1,1,-1,-1
51,1124,615.85,805.84,30.04,69.48,1,1,-1,-1
51,1109,1265.72,1027.42,42.34,42.29,1,2,-1,-1
51,1102,546.09,824.08,39.00,88.00,1,1,-1,-1
51,1100,16.40,773.60,40.40,91.25,1,1,-1,-1
51,1086,1287.94,155.83,27.00,56.00,1,1,-1,-1
51,1085,1271.06,696.06,33.00,25.00,1,2,-1,-1
51,1082,863.02,567.22,30.01,64.51,1,1,-1,-1
51,1080,806.24,254.51,125.68,82.35,1,4,-1,-1
51,1062,605.28,479.95,38.97,75.95,1,1,-1,-1
51,1032,1529.37,788.47,35.00,41.00,1,2,-1,-1
51,1022,424.19,778.43,27.62,49.09,1,1,-1,-1
51,989,1457.05,59.82,141.48,59.77,1,4,-1,-1
51,880,994.87,621.81,43.88,88.96,1,1,-1,-1
51,862,770.85,842.24,34.12,99.81,1,1,-1,-1
51,852,1077.13,605.13,35.00,60.00,1,1,-1,-1
51,813,1395.35,15.40,18.97,43.01,1,1,-1,-1
51,713,813.84,427.49,33.37,68.78,1,1,-1,-1
52,1189,1114.00,988.00,51.00,54.00,1,2,-1,-1
52,1188,948.99,527.62,31.97,75.61,1,1,-1,-1
52,1187,930.85,738.00,30.00,73.00,1,1,-1,-1
52,1171,1351.13,3.97,17.00,45.00,1,1,-1,-1
52,1152,1356.11,569.11,21.00,49.00,1,2,-1,-1
52,1148,721.96,845.09,40.09,99.95,1,1,-1,-1
52,1145,52.00,780.61,56.94,86.89,1,1,-1,-1
52,1128,902.17,646.02,30.40,64.24,1,1,-1,-1
52,1109,1265.05,1029.10,42.17,40.70,1,2,-1,-1
52,1102,538.67,835.38,42.99,97.23,1,1,-1,-1
52,1100,19.16,773.80,40.64,91.36,1,1,-1,-1
52,1085,1269.82,698.82,33.00,25.00,1,2,-1,-1
52,1083,988.98,896.32,52.00,82.00,1,1,-1,-1
52,1081,804.11,844.05,33.00,88.00,1,1,-1,-1
52,1080,805.44,254.62,125.26,82.55,1,4,-1,-1
52,1062,604.05,481.98,38.93,75.87,1,1,-1,-1
52,1032,1527.45,790.66,35.00,41.00,1,2,-1,-1
52,1031,1492.64,3.00,14.56,47.90,1,1,-1,-1
52,989,1455.84,60.16,142.18,59.95,1,4,-1,-1
52,880,994.55,622.52,42.82,86.78,1,1,-1,-1
52,862,769.19,844.85,34.15,99.77,1,1,-1,-1
52,852,1076.05,606.59,35.02,60.30,1,1,-1,-1
52,813,1394.36,16.37,18.98,43.02,1,1,-1,-1
53,1207,724.11,446.11,28.00,40.00,1,2,-1,-1
53,1190,1431.93,824.88,31.53,71.40,1,2,-1,-1
53,1188,946.99,531.69,31.99,75.46,1,1,-1,-1
53,1187,930.06,739.22,30.00,73.00,1,1,-1,-1
53,1171,1350.90,5.71,17.00,45.00,1,1,-1,-1
53,1169,857.98,509.13,32.00,40.00,1,2,-1,-1
53,1152,1359.96,564.20,22.57,52.67,1,2,-1,-1
53,1128,903.17,646.02,30.64,64.34,1,1,-1,-1
53,1125,689.08,923.22,48.01,87.74,1,1,-1,-1
53,1085,1268.08,701.08,33.00,25.00,1,2,-1,-1
53,1062,602.98,483.33,38.90,75.82,1,1,-1,-1
53,1032,1526.10,792.67,35.00,41.00,1,2,-1,-1
53,1030,1329.02,736.89,35.00,45.00,1,2,-1,-1
53,989,1455.32,60.72,142.56,59.76,1,4,-1,-1
53,882,1062.23,668.53,36.95,63.43,1,2,-1,-1
53,880,993.99,624.41,42.05,85.20,1,1,-1,-1
53,862,763.86,849.50,38.40,111.89,1,1,-1,-1
53,813,1393.34,17.39,18.99,43.02,1,1,-1,-1
53,769,1209.92,637.94,31.06,57.10,1,2,-1,-1
53,571,214.37,725.43,111.01,112.89,1,7,-1,-1
53,323,1352.55,849.66,31.07,58.32,1,2,-1,-1
54,1230,794.00,444.15,20.00,48.00,1,1,-1,-1
54,1229,773.79,634.84,36.94,101.10,1,1,-1,-1
54,1228,769.96,446.85,28.00,68.00,1,1,-1,-1
54,1227,756.03,665.18,29.16,45.84,1,1,-1,-1
54,1225,585.86,554.86,45.32,42.06,1,2,-1,-1
54,1223,356.91,811.21,44.17,49.52,1,2,-1,-1
54,1214,524.58,499.33,113.36,94.96,1,7,-1,-1
54,1207,722.91,447.91,28.00,40.00,1,2,-1,-1
54,1190,1429.86,828.40,33.19,71.94,1,2,-1,-1
54,1188,945.01,534.86,31.95,74.93,1,1,-1,-1
54,1174,1429.41,694.68,27.00,39.00,1,2,-1,-1
54,1171,1350.85,5.54,17.00,45.00,1,1,-1,-1
54,1169,856.92,510.89,32.00,40.00,1,2,-1,-1
54,1130,1049.99,236.77,24.00,48.00,1,1,-1,-1
54,1129,958.65,745.31,45.14,79.02,1,1,-1,-1
54,1128,904.13,646.00,30.80,64.36,1,1,-1,-1
54,1125,686.80,938.07,40.22,73.43,1,1,-1,-1
54,1104,731.52,531.22,29.04,67.22,1,1,-1,-1
54,1030,1328.09,738.98,35.00,45.00,1,2,-1,-1
54,989,1454.37,61.12,142.91,59.92,1,4,-1,-1
54,942,753.95,964.06,39.28,89.44,1,1,-1,-1
54,882,1061.75,670.31,36.68,63.57,1,2,-1,-1
54,813,1392.97,17.13,19.00,43.02,1,1,-1,-1
54,809,873.34,364.76,40.32,59.53,1,10,-1,-1
54,769,1208.88,639.94,31.05,57.10,1,2,-1,-1
54,718,1390.68,10.15,14.87,44.59,1,1,-1,-1
54,670,651.39,863.44,42.71,90.13,1,1,-1,-1
54,571,212.43,722.99,128.11,129.43,1,7,-1,-1
55,1253,1441.14,6.04,14.68,41.82,1,1,-1,-1
55,1250,1028.93,254.43,21.25,48.41,1,1,-1,-1
55,1246,716.05,921.30,33.21,61.51,1,1,-1,-1
55,1232,1246.06,652.94,23.00,43.00,1,2,-1,-1
55,1229,771.03,633.85,33.57,90.68,1,1,-1,-1
55,1228,768.19,448.06,28.00,68.00,1,1,-1,-1
55,1227,754.05,666.90,29.15,45.95,1,1,-1,-1
55,1226,705.13,310.06,111.00,104.00,1,4,-1,-1
55,1225,584.82,556.88,45.18,42.00,1,2,-1,-1
55,1223,354.82,813.35,44.36,50.22,1,2,-1,-1
55,1214,522.53,500.37,113.57,95.63,1,7,-1,-1
55,1207,722.66,426.27,31.60,50.95,1,2,-1,-1
55,1190,1428.33,830.17,34.14,71.95,1,2,-1,-1
55,1188,943.60,537.92,31.50,73.95,1,1,-1,-1
55,1174,1428.22,695.54,27.00,39.00,1,2,-1,-1
55,1169,855.91,512.14,32.00,40.00,1,2,-1,-1
55,1128,905.60,646.74,30.55,64.21,1,1,-1,-1
55,1125,686.72,929.78,42.95,78.51,1,1,-1,-1
55,1124,609.85,816.94,30.06,69.94,1,1,-1,-1
55,1082,857.75,573.74,30.20,63.90,1,1,-1,-1
55,1030,1327.11,741.01,35.00,45.00,1,2,-1,-1
55,813,1392.84,17.03,19.00,43.03,1,1,-1,-1
55,809,872.25,365.89,40.56,59.45,1,10,-1,-1
55,765,768.54,433.45,27.41,64.95,1,1,-1,-1
55,713,809.89,429.69,33.27,68.57,1,1,-1,-1
55,571,205.84,726.48,139.23,139.78,1,7,-1,-1
56,1250,1026.00,257.19,21.12,48.47,1,1,-1,-1
56,1246,714.87,920.90,33.13,61.33,1,1,-1,-1
56,1232,1245.05,654.95,23.00,43.00,1,2,-1,-1
56,1229,769.15,636.78,31.67,84.81,1,1,-1,-1
56,1228,766.96,449.11,28.00,68.00,1,1,-1,-1
56,1227,752.62,668.20,28.71,45.78,1,1,-1,-1
56,1226,703.92,311.05,111.00,104.00,1,4,-1,-1
56,1223,352.74,815.45,44.52,51.01,1,2,-1,-1
56,1214,520.41,501.38,113.89,96.50,1,7,-1,-1
56,1207,722.78,418.27,32.50,57.57,1,2,-1,-1
56,1189,1111.60,1003.11,47.04,49.83,1,2,-1,-1
56,1188,942.02,540.92,31.60,73.61,1,1,-1,-1
56,1174,1426.44,696.44,27.00,39.00,1,2,-1,-1
56,1169,854.92,513.89,32.00,40.00,1,2,-1,-1
56,1167,712.06,531.86,31.00,49.00,1,2,-1,-1
56,1148,724.77,846.18,40.02,99.58,1,1,-1,-1
56,1125,685.09,925.39,44.65,81.68,1,1,-1,-1
56,1102,537.58,835.25,42.24,91.16,1,1,-1,-1
56,1082,856.69,575.54,30.20,63.78,1,1,-1,-1
56,1030,1326.11,743.02,35.00,45.00,1,2,-1,-1
56,852,1071.67,612.69,34.03,60.96,1,1,-1,-1
56,813,1392.80,16.99,19.00,43.03,1,1,-1,-1
56,765,768.26,435.51,27.28,64.64,1,1,-1,-1
57,1281,759.11,556.89,32.00,47.00,1,2,-1,-1
57,1280,412.19,791.68,29.51,48.63,1,2,-1,-1
57,1278,1.55,787.50,210.14,203.88,1,8,-1,-1
57,1275,618.82,619.05,32.85,59.84,1,1,-1,-1
57,1268,926.00,386.00,56.00,52.00,1,10,-1,-1
57,1264,153.15,983.94,122.69,81.20,1,10,-1,-1
57,1232,1244.04,656.96,23.00,43.00,1,2,-1,-1
57,1226,702.87,312.04,111.00,104.00,1,4,-1,-1
57,1223,350.68,817.53,44.65,51.86,1,2,-1,-1
57,1214,530.81,519.92,110.39,94.19,1,7,-1,-1
57,1207,723.69,415.99,32.53,61.96,1,2,-1,-1
57,1189,1110.10,1003.96,48.54,51.42,1,2,-1,-1
57,1187,926.10,746.76,29.96,72.62,1,1,-1,-1
57,1174,1425.16,697.36,27.00,39.00,1,2,-1,-1
57,1167,711.75,533.86,31.00,49.00,1,2,-1,-1
57,1152,1359.77,563.43,22.27,51.35,1,2,-1,-1
57,1149,1051.10,557.30,43.80,50.43,1,2,-1,-1
57,1148,725.72,846.73,40.00,99.39,1,1,-1,-1
57,1082,857.33,571.14,35.55,75.11,1,1,-1,-1
57,1061,481.47,791.53,49.18,53.29,1,2,-1,-1
57,1030,1325.10,745.02,35.00,45.00,1,2,-1,-1
57,852,1064.30,628.49,34.06,61.84,1,1,-1,-1
57,765,767.57,436.94,27.18,64.42,1,1,-1,-1
57,323,1350.86,853.86,31.07,58.86,1,2,-1,-1
58,1301,1410.27,415.91,44.52,43.19,1,2,-1,-1
58,1300,1377.11,138.15,144.00,68.00,1,4,-1,-1
58,1294,795.50,857.78,34.47,91.33,1,1,-1,-1
58,1280,410.82,793.64,29.23,47.93,1,2,-1,-1
58,1270,1033.00,697.00,52.00,56.00,1,2,-1,-1
58,1264,151.16,987.78,122.69,81.08,1,10,-1,-1
58,1260,1170.38,683.40,25.71,52.48,1,2,-1,-1
58,1254,1437.00,963.10,52.00,52.00,1,2,-1,-1
58,1232,1243.03,658.26,23.00,43.00,1,2,-1,-1
58,1226,701.16,313.03,111.00,104.00,1,4,-1,-1
58,1223,349.37,820.12,44.66,52.39,1,2,-1,-1
58,1207,724.16,414.61,32.26,64.97,1,2,-1,-1
58,1189,1108.73,1005.31,49.45,52.38,1,2,-1,-1
58,1174,1423.37,698.31,27.00,39.00,1,2,-1,-1
58,1171,1350.91,5.09,16.97,44.64,1,1,-1,-1
58,1167,710.99,535.20,31.00,49.00,1,2,-1,-1
58,1149,1051.61,556.95,44.12,50.54,1,2,-1,-1
58,1148,726.06,846.95,39.99,99.26,1,1,-1,-1
58,1132,1264.79,88.02,19.26,31.07,1,2,-1,-1
58,1104,717.49,541.03,29.06,67.39,1,1,-1,-1
58,1083,982.99,914.87,52.00,82.00,1,1,-1,-1
58,1082,853.73,574.49,34.07,71.86,1,1,-1,-1
58,1061,480.45,793.77,48.69,52.75,1,2,-1,-1
58,1030,1311.36,748.38,37.48,48.18,1,2,-1,-1
58,852,1066.80,620.81,34.05,61.89,1,1,-1,-1
59,1322,1320.19,4.55,12.46,41.64,1,1,-1,-1
59,1318,760.15,863.95,34.00,99.00,1,1,-1,-1
59,1316,326.85,564.00,196.00,148.00,1,5,-1,-1
59,1301,1409.89,416.96,44.31,43.07,1,2,-1,-1
59,1300,1376.12,138.94,144.00,68.00,1,4,-1,-1
59,1298,1314.56,160.89,31.27,58.30,1,1,-1,-1
59,1294,795.38,862.50,32.99,87.27,1,1,-1,-1
59,1270,1032.00,699.00,52.00,56.00,1,2,-1,-1
59,1266,798.13,962.38,41.64,101.25,1,1,-1,-1
59,1260,1170.43,685.38,25.71,52.47,1,2,-1,-1
59,1232,1242.02,660.02,23.00,43.00,1,2,-1,-1
59,1226,699.93,314.02,111.00,104.00,1,4,-1,-1
59,1212,1376.80,13.28,17.00,41.00,1,1,-1,-1
59,1204,701.50,91.14,119.79,69.54,1,4,-1,-1
59,1189,1107.48,1006.91,50.04,52.99,1,2,-1,-1
59,1167,710.08,536.96,31.00,49.00,1,2,-1,-1
59,1149,1052.24,556.16,44.03,50.55,1,2,-1,-1
59,1148,726.84,847.04,39.99,99.17,1,1,-1,-1
59,1132,1263.98,88.26,19.18,31.04,1,2,-1,-1
59,1124,603.86,825.28,30.05,70.04,1,1,-1,-1
59,1104,714.19,543.39,29.07,67.62,1,1,-1,-1
59,1083,981.99,918.62,52.00,82.00,1,1,-1,-1
59,1082,852.01,577.58,32.99,69.51,1,1,-1,-1
59,1061,478.89,795.93,48.35,52.38,1,2,-1,-1
59,1033,1599.23,1014.78,71.52,56.78,1,2,-1,-1
59,852,1067.14,619.10,34.04,61.92,1,1,-1,-1
59,571,196.76,735.16,125.00,122.46,1,7,-1,-1
60,1343,1157.00,166.00,22.00,52.00,1,1,-1,-1
60,1339,720.11,814.89,42.00,94.00,1,1,-1,-1
60,1322,1318.33,5.24,13.17,42.24,1,1,-1,-1
60,1321,1108.00,688.06,49.00,73.00,1,2,-1,-1
60,1318,758.94,866.19,34.00,99.00,1,1,-1,-1
60,1315,47.17,771.42,41.73,90.97,1,1,-1,-1
60,1300,1400.62,142.08,134.41,63.62,1,4,-1,-1
60,1298,1319.78,159.50,29.95,55.78,1,1,-1,-1
60,1294,793.96,865.53,32.31,85.39,1,1,-1,-1
60,1270,1031.00,701.00,52.00,56.00,1,2,-1,-1
60,1260,1170.48,687.39,25.68,52.41,1,2,-1,-1
60,1250,1020.55,266.06,19.56,43.69,1,1,-1,-1
60,1232,1241.02,661.94,23.00,43.00,1,2,-1,-1
60,1204,712.46,86.02,119.12,68.97,1,4,-1,-1
60,1149,1052.64,555.82,44.30,50.65,1,2,-1,-1
60,1148,728.39,850.11,36.11,89.74,1,1,-1,-1
60,1132,1263.06,88.98,19.13,31.02,1,2,-1,-1
60,1129,942.69,764.84,44.17,83.13,1,1,-1,-1
60,1125,677.18,911.86,52.23,95.79,1,1,-1,-1
60,1124,602.11,827.25,30.04,70.05,1,1,-1,-1
60,1104,710.41,545.46,29.07,67.78,1,1,-1,-1
60,1083,980.99,921.90,52.00,82.00,1,1,-1,-1
60,1061,477.74,798.04,48.12,52.13,1,2,-1,-1
60,1033,1599.11,1016.40,71.28,55.38,1,2,-1,-1
60,813,1392.84,15.97,19.01,43.03,1,1,-1,-1
60,571,195.88,738.34,123.08,119.80,1,7,-1,-1
61,1362,1061.00,681.15,36.00,64.00,1,2,-1,-1
61,1358,803.09,433.89,33.00,68.00,1,1,-1,-1
61,1357,592.15,496.89,39.00,76.00,1,1,-1,-1
61,1344,1478.00,-0.00,15.00,44.00,1,1,-1,-1
61,1339,715.91,819.09,42.00,94.00,1,1,-1,-1
61,1322,1317.02,6.95,13.56,42.34,1,1,-1,-1
61,1318,757.89,868.96,34.00,99.00,1,1,-1,-1
61,1315,51.30,770.53,42.26,90.99,1,1,-1,-1
61,1278,0.82,796.48,205.47,205.82,1,8,-1,-1
61,1270,1030.00,703.00,52.00,56.00,1,2,-1,-1
61,1260,1170.53,689.42,25.64,52.32,1,2,-1,-1
61,1249,901.87,777.94,36.00,82.00,1,1,-1,-1
61,1204,723.32,80.91,118.31,68.25,1,4,-1,-1
61,1152,1362.97,560.72,23.76,52.37,1,2,-1,-1
61,1148,729.63,849.08,37.27,92.52,1,1,-1,-1
61,1132,1262.26,89.20,19.40,31.08,1,2,-1,-1
61,1129,940.10,768.36,44.21,83.81,1,1,-1,-1
61,1104,707.12,548.09,29.07,67.89,1,1,-1,-1
61,1083,979.99,925.66,52.00,82.00,1,1,-1,-1
61,1047,1190.84,839.80,33.27,59.51,1,2,-1,-1
61,813,1392.86,15.95,19.01,43.03,1,1,-1,-1
61,571,194.64,741.23,121.67,117.89,1,7,-1,-1
62,1389,1495.01,2.26,14.10,46.63,1,1,-1,-1
62,1388,1425.00,678.80,27.00,49.00,1,2,-1,-1
62,1362,1060.22,682.94,36.00,64.00,1,2,-1,-1
62,1361,1027.06,257.93,24.00,48.00,1,1,-1,-1
62,1358,801.07,434.09,33.00,68.00,1,1,-1,-1
62,1357,590.94,498.09,39.00,76.00,1,1,-1,-1
62,1344,1478.02,-0.16,14.96,43.57,1,1,-1,-1
62,1338,620.77,850.13,33.00,79.00,1,1,-1,-1
62,1318,756.18,871.90,34.00,99.00,1,1,-1,-1
62,1278,0.73,798.21,204.41,206.30,1,8,-1,-1
62,1270,1029.00,705.00,52.00,56.00,1,2,-1,-1
62,1264,147.56,994.41,121.36,76.37,1,10,-1,-1
62,1260,1170.57,691.45,25.60,52.23,1,2,-1,-1
62,1247,816.00,361.17,35.99,53.82,1,2,-1,-1
62,1204,734.19,75.82,117.40,67.43,1,4,-1,-1
62,1174,1420.53,703.76,27.00,39.00,1,2,-1,-1
62,1152,1363.89,559.91,23.95,52.81,1,2,-1,-1
62,1148,730.56,846.94,38.07,94.43,1,1,-1,-1
62,1132,1261.28,89.91,19.60,31.10,1,2,-1,-1
62,1104,703.35,550.28,29.07,67.96,1,1,-1,-1
62,1083,978.99,927.63,52.00,82.00,1,1,-1,-1
62,1032,1511.26,811.73,40.06,46.94,1,2,-1,-1
63,1408,1172.27,980.80,54.46,77.48,1,2,-1,-1
63,1407,984.00,644.15,40.00,81.00,1,1,-1,-1
63,1406,920.04,757.98,29.92,72.00,1,1,-1,-1
63,1405,920.00,392.00,56.00,52.00,1,10,-1,-1
63,1362,1059.98,684.89,36.00,64.00,1,2,-1,-1
63,1361,1024.05,260.89,24.00,48.00,1,1,-1,-1
63,1358,799.79,434.87,33.00,68.00,1,1,-1,-1
63,1357,589.89,499.87,39.00,76.00,1,1,-1,-1
63,1344,1478.03,-0.16,14.94,43.32,1,1,-1,-1
63,1319,755.81,963.26,47.35,67.37,1,1,-1,-1
63,1318,754.94,874.19,34.00,99.00,1,1,-1,-1
63,1316,320.17,571.03,196.00,148.00,1,5,-1,-1
63,1270,1028.00,707.00,52.00,56.00,1,2,-1,-1
63,1266,794.04,972.89,41.78,96.64,1,1,-1,-1
63,1260,1170.61,693.49,25.56,52.14,1,2,-1,-1
63,1247,815.00,362.35,36.08,54.27,1,2,-1,-1
63,1152,1365.01,559.53,24.38,53.18,1,2,-1,-1
63,1148,732.08,844.52,38.63,95.75,1,1,-1,-1
63,1104,700.06,552.98,29.07,68.02,1,1,-1,-1
63,1083,978.65,928.92,52.00,82.00,1,1,-1,-1
63,1032,1513.64,813.04,38.66,45.30,1,2,-1,-1
63,852,1061.49,614.76,36.28,68.70,1,1,-1,-1
63,323,1348.09,862.89,31.07,59.06,1,2,-1,-1
64,1429,930.21,566.85,30.79,66.16,1,1,-1,-1
64,1409,1292.13,157.00,27.00,56.00,1,1,-1,-1
64,1408,1171.31,983.66,54.38,76.68,1,2,-1,-1
64,1407,983.00,645.94,40.00,81.00,1,1,-1,-1
64,1406,919.03,760.00,29.93,71.98,1,1,-1,-1
64,1404,794.66,260.27,123.74,91.13,1,4,-1,-1
64,1402,621.13,896.74,44.79,83.54,1,1,-1,-1
64,1362,1059.92,686.18,36.00,64.00,1,2,-1,-1
64,1361,1021.76,263.17,24.00,48.00,1,1,-1,-1
64,1344,1478.03,-0.12,14.93,43.17,1,1,-1,-1
64,1321,1104.70,697.36,49.00,73.00,1,2,-1,-1
64,1319,755.30,965.39,46.83,66.20,1,1,-1,-1
64,1316,318.85,572.96,196.00,148.00,1,5,-1,-1
64,1260,1170.65,694.86,25.51,52.05,1,2,-1,-1
64,1247,814.49,363.38,35.80,54.49,1,2,-1,-1
64,1171,1351.21,4.46,15.76,41.32,1,1,-1,-1
64,1152,1365.52,558.69,24.98,53.47,1,2,-1,-1
64,1125,676.69,914.58,47.07,90.28,1,1,-1,-1
64,1124,596.10,835.15,30.03,70.06,1,1,-1,-1
64,1104,696.30,555.21,29.07,68.05,1,1,-1,-1
64,1083,977.90,929.97,52.00,82.00,1,1,-1,-1
64,852,1061.29,620.33,35.08,67.43,1,1,-1,-1
64,323,1347.12,865.59,31.06,59.07,1,2,-1,-1
65,1409,1292.15,157.00,27.00,56.00,1,1,-1,-1
65,1408,1170.88,986.09,53.98,76.07,1,2,-1,-1
65,1406,918.77,762.01,29.94,71.96,1,1,-1,-1
65,1404,793.56,260.57,123.92,91.98,1,4,-1,-1
65,1402,618.30,900.34,45.20,83.14,1,1,-1,-1
65,1387,1286.08,860.03,27.00,49.00,1,2,-1,-1
65,1386,1140.00,182.03,24.00,41.00,1,1,-1,-1
65,1344,1478.03,-0.08,14.94,43.07,1,1,-1,-1
65,1341,820.07,530.07,35.00,32.00,1,2,-1,-1
65,1322,1311.91,13.05,14.85,42.37,1,1,-1,-1
65,1319,754.39,968.31,46.15,65.36,1,1,-1,-1
65,1316,317.08,574.93,196.00,148.00,1,5,-1,-1
65,1260,1170.68,695.98,25.47,51.97,1,2,-1,-1
65,1249,900.87,789.94,36.00,82.00,1,1,-1,-1
65,1247,813.71,365.00,35.60,54.65,1,2,-1,-1
65,1125,677.24,914.29,46.12,89.48,1,1,-1,-1
65,1124,594.85,837.13,30.03,70.06,1,1,-1,-1
65,852,1060.80,623.94,34.23,66.50,1,1,-1,-1
65,813,1393.81,14.94,19.01,43.02,1,1,-1,-1
65,323,1346.12,867.85,31.06,59.08,1,2,-1,-1
66,1468,1275.99,96.16,23.11,29.67,1,2,-1,-1
66,1463,467.99,809.48,50.18,54.42,1,2,-1,-1
66,1449,753.94,460.00,28.00,68.00,1,1,-1,-1
66,1409,1292.87,157.00,27.00,56.00,1,1,-1,-1
66,1408,1170.14,988.82,53.70,75.37,1,2,-1,-1
66,1406,916.58,764.01,29.95,71.96,1,1,-1,-1
66,1404,773.15,261.06,150.33,112.53,1,4,-1,-1
66,1387,1285.85,861.09,27.00,49.00,1,2,-1,-1
66,1384,847.83,524.65,32.05,40.29,1,2,-1,-1
66,1360,869.06,535.14,23.93,44.76,1,2,-1,-1
66,1344,1478.03,-0.05,14.94,43.01,1,1,-1,-1
66,1341,819.08,531.08,35.00,32.00,1,2,-1,-1
66,1338,614.02,857.49,33.00,79.00,1,1,-1,-1
66,1322,1310.86,13.72,14.98,42.23,1,1,-1,-1
66,1316,315.15,576.93,196.00,148.00,1,5,-1,-1
66,1298,1322.94,158.09,29.98,55.76,1,1,-1,-1
66,1278,0.39,805.60,200.03,207.25,1,8,-1,-1
66,1260,1170.71,697.01,25.44,51.89,1,2,-1,-1
66,1249,900.20,791.63,36.00,82.00,1,1,-1,-1
66,1247,812.83,366.19,35.45,54.77,1,2,-1,-1
66,1223,334.66,837.64,44.80,57.73,1,2,-1,-1
66,1204,778.65,55.82,114.16,64.08,1,4,-1,-1
66,1167,704.98,548.97,31.38,49.58,1,2,-1,-1
66,1125,677.94,913.72,44.86,88.84,1,1,-1,-1
66,852,1060.14,626.72,33.61,65.81,1,1,-1,-1
66,813,1393.90,14.45,19.02,43.31,1,1,-1,-1
67,1492,1204.94,660.03,27.12,58.84,1,2,-1,-1
67,1486,713.16,903.88,33.67,63.25,1,1,-1,-1
67,1485,569.96,575.89,45.00,42.00,1,2,-1,-1
67,1468,1275.75,96.97,23.13,29.84,1,2,-1,-1
67,1466,797.03,590.64,33.94,81.52,1,1,-1,-1
67,1449,755.86,437.52,31.32,75.34,1,1,-1,-1
67,1427,783.56,459.88,20.70,48.43,1,1,-1,-1
67,1408,1169.28,991.67,53.50,74.60,1,2,-1,-1
67,1406,914.46,766.71,29.96,71.95,1,1,-1,-1
67,1404,780.51,258.46,141.46,106.50,1,4,-1,-1
67,1387,1285.11,862.10,27.00,49.00,1,2,-1,-1
67,1384,847.77,526.46,32.03,40.19,1,2,-1,-1
67,1358,792.77,437.14,33.00,68.00,1,1,-1,-1
67,1348,8.94,40.37,184.04,110.07,1,6,-1,-1
67,1338,612.10,860.41,33.00,79.00,1,1,-1,-1
67,1316,313.83,578.94,196.00,148.00,1,5,-1,-1
67,1270,1024.92,714.34,52.00,56.00,1,2,-1,-1
67,1266,790.21,982.26,41.49,87.54,1,1,-1,-1
67,1249,899.30,793.48,36.00,82.00,1,1,-1,-1
67,1232,1237.78,670.54,24.49,45.91,1,2,-1,-1
67,1229,748.71,681.76,27.85,53.06,1,1,-1,-1
67,1223,332.68,839.70,44.78,58.61,1,2,-1,-1
67,1204,788.93,51.01,113.02,63.59,1,4,-1,-1
67,1167,704.64,550.77,31.27,49.41,1,2,-1,-1
67,1032,1515.99,823.15,36.25,42.47,1,2,-1,-1
67,1030,1321.26,747.98,32.83,53.85,1,2,-1,-1
67,942,740.31,998.54,38.02,72.95,1,1,-1,-1
67,852,1059.38,628.50,33.16,65.31,1,1,-1,-1
67,571,184.62,756.85,120.72,113.43,1,7,-1,-1
68,1515,1365.02,6.51,19.00,43.08,1,1,-1,-1
68,1492,1204.94,660.97,27.11,58.95,1,2,-1,-1
68,1468,1274.98,97.17,23.13,29.93,1,2,-1,-1
68,1449,761.20,447.63,29.59,70.86,1,1,-1,-1
68,1429,924.35,579.64,30.54,62.86,1,1,-1,-1
68,1408,1169.05,994.57,53.36,73.76,1,2,-1,-1
68,1407,981.01,651.91,40.00,81.00,1,1,-1,-1
68,1406,912.38,768.96,29.97,71.95,1,1,-1,-1
68,1404,783.87,258.53,135.64,102.83,1,4,-1,-1
68,1387,1284.86,863.78,27.00,49.00,1,2,-1,-1
68,1358,791.01,437.90,33.00,68.00,1,1,-1,-1
68,1348,10.30,44.31,182.39,109.29,1,6,-1,-1
68,1338,610.79,864.10,33.00,79.00,1,1,-1,-1
68,1316,312.07,580.94,196.00,148.00,1,5,-1,-1
68,1266,789.25,984.93,41.42,84.85,1,1,-1,-1
68,1264,142.52,1005.75,119.72,65.04,1,10,-1,-1
68,1232,1238.11,674.14,24.06,45.06,1,2,-1,-1
68,1223,330.69,841.75,44.78,59.53,1,2,-1,-1
68,1204,799.49,46.66,111.58,62.93,1,4,-1,-1
68,1167,703.90,552.73,31.19,49.29,1,2,-1,-1
68,1104,682.23,565.79,29.06,68.10,1,1,-1,-1
68,942,742.40,996.59,37.17,64.62,1,1,-1,-1
68,571,183.32,759.31,120.74,113.23,1,7,-1,-1
69,1533,914.00,398.00,56.00,52.00,1,10,-1,-1
69,1530,747.02,885.51,36.40,105.89,1,1,-1,-1
69,1508,591.81,679.00,32.00,57.00,1,1,-1,-1
69,1492,1205.66,661.37,27.16,59.42,1,2,-1,-1
69,1468,1274.04,97.92,23.12,29.98,1,2,-1,-1
69,1449,763.93,453.34,28.50,68.06,1,1,-1,-1
69,1429,923.12,583.29,30.51,62.01,1,1,-1,-1
69,1410,1305.42,713.94,33.75,54.32,1,2,-1,-1
69,1408,1169.03,996.16,53.25,72.89,1,2,-1,-1
69,1406,909.81,771.64,30.31,72.13,1,1,-1,-1
69,1404,785.32,259.92,131.79,100.70,1,4,-1,-1
69,1338,609.03,867.39,33.00,79.00,1,1,-1,-1
69,1266,788.29,987.25,41.35,82.38,1,1,-1,-1
69,1223,329.35,844.25,44.75,60.17,1,2,-1,-1
69,1204,809.72,42.51,110.25,62.17,1,4,-1,-1
69,1104,678.96,568.77,29.06,68.10,1,1,-1,-1
70,1533,913.62,399.08,55.54,51.85,1,10,-1,-1
70,1468,1273.75,98.14,23.10,30.01,1,2,-1,-1
70,1429,921.21,586.72,30.17,61.33,1,1,-1,-1
70,1410,1302.45,717.60,33.69,54.74,1,2,-1,-1
70,1408,1169.09,997.78,53.13,71.63,1,2,-1,-1
70,1406,907.52,773.87,30.55,72.21,1,1,-1,-1
70,1278,-0.05,814.12,195.28,207.87,1,8,-1,-1
70,1247,806.65,366.06,39.00,61.41,1,2,-1,-1
70,1223,328.26,846.32,44.72,60.62,1,2,-1,-1
70,1204,820.30,38.45,108.69,61.32,1,4,-1,-1
70,1148,740.72,831.49,39.82,99.25,1,1,-1,-1
70,1104,675.87,571.78,29.05,68.10,1,1,-1,-1
71,1578,1391.00,10.00,15.00,45.00,1,1,-1,-1
71,1575,1140.00,182.00,24.00,41.00,1,1,-1,-1
71,1555,1254.06,94.13,20.00,31.00,1,2,-1,-1
71,1485,564.91,581.88,45.00,42.00,1,2,-1,-1
71,1410,1299.50,720.71,33.63,55.03,1,2,-1,-1
71,1406,905.19,776.68,30.39,72.12,1,1,-1,-1
71,1384,845.89,530.97,32.00,40.05,1,2,-1,-1
71,1278,-0.25,816.10,193.77,208.05,1,8,-1,-1
71,1249,895.25,801.27,36.00,82.00,1,1,-1,-1
71,1247,807.27,368.65,38.20,59.95,1,2,-1,-1
71,1229,755.97,691.60,26.80,47.53,1,1,-1,-1
71,1148,741.94,829.68,39.88,99.48,1,1,-1,-1
71,1104,672.19,574.79,29.05,68.10,1,1,-1,-1
71,852,1058.71,635.04,32.37,64.40,1,1,-1,-1
71,323,1340.05,882.22,31.06,59.62,1,2,-1,-1
72,1599,779.92,889.49,34.54,90.70,1,1,-1,-1
72,1581,1491.07,451.00,33.00,64.00,1,2,-1,-1
72,1578,1391.00,10.00,15.00,45.00,1,1,-1,-1
72,1577,1371.00,146.13,144.00,68.00,1,4,-1,-1
72,1555,1253.81,94.92,20.00,31.00,1,2,-1,-1
72,1551,684.74,328.00,111.00,104.00,1,4,-1,-1
72,1512,965.07,543.26,41.00,64.00,1,1,-1,-1
72,1485,563.90,583.81,45.00,42.00,1,2,-1,-1
72,1410,1298.43,722.66,35.12,57.84,1,2,-1,-1
72,1409,1295.09,157.00,27.00,56.00,1,1,-1,-1
72,1406,902.59,778.93,30.59,72.18,1,1,-1,-1
72,1384,845.15,531.99,32.00,40.03,1,2,-1,-1
72,1365,1437.15,15.64,14.52,45.40,1,1,-1,-1
72,1358,786.08,465.41,25.19,51.00,1,1,-1,-1
72,1322,1310.39,19.78,14.41,41.54,1,1,-1,-1
72,1298,1325.74,159.84,28.14,52.29,1,1,-1,-1
72,1249,894.23,803.24,36.00,82.00,1,1,-1,-1
72,1232,1238.62,681.90,23.35,43.67,1,2,-1,-1
72,1229,757.47,693.78,26.72,46.95,1,1,-1,-1
72,1104,668.94,577.81,29.05,68.10,1,1,-1,-1
73,1621,1397.49,434.52,43.91,53.84,1,2,-1,-1
73,1615,919.96,817.11,43.00,88.00,1,1,-1,-1
73,1599,779.20,892.11,34.49,90.67,1,1,-1,-1
73,1581,1491.87,453.00,33.00,64.00,1,2,-1,-1
73,1578,1391.00,10.00,15.00,45.00,1,1,-1,-1
73,1556,1377.00,8.87,17.00,41.00,1,1,-1,-1
73,1555,1253.77,95.14,20.00,31.00,1,2,-1,-1
73,1554,1072.00,544.00,46.00,52.00,1,2,-1,-1
73,1553,841.28,603.77,31.45,64.64,1,1,-1,-1
73,1552,759.00,669.04,31.00,76.00,1,1,-1,-1
73,1530,744.98,893.63,34.13,99.74,1,1,-1,-1
73,1512,963.08,545.93,41.00,64.00,1,1,-1,-1
73,1485,562.91,584.45,45.00,42.00,1,2,-1,-1
73,1410,1294.04,726.40,34.62,57.20,1,2,-1,-1
73,1409,1295.83,157.00,27.00,56.00,1,1,-1,-1
73,1406,900.32,781.67,30.73,72.20,1,1,-1,-1
73,1384,844.88,533.00,32.00,40.02,1,2,-1,-1
73,1358,787.46,467.91,24.23,48.90,1,1,-1,-1
73,1322,1309.81,20.15,14.32,41.46,1,1,-1,-1
73,1298,1326.03,159.95,28.04,52.08,1,1,-1,-1
73,1249,893.21,805.22,36.00,82.00,1,1,-1,-1
73,1232,1238.69,683.76,23.25,43.48,1,2,-1,-1
73,813,1393.98,12.85,19.01,43.23,1,1,-1,-1
74,1640,1438.80,1013.85,54.17,53.15,1,2,-1,-1
74,1617,1021.13,726.94,52.00,56.00,1,2,-1,-1
74,1615,918.97,821.90,43.00,88.00,1,1,-1,-1
74,1599,778.33,894.53,34.37,90.44,1,1,-1,-1
74,1593,816.18,794.86,39.48,87.80,1,1,-1,-1
74,1581,1492.11,454.27,33.00,64.00,1,2,-1,-1
74,1580,1445.46,70.20,141.65,59.87,1,4,-1,-1
74,1556,1377.00,8.17,17.00,41.00,1,1,-1,-1
74,1554,1074.00,543.00,46.00,52.00,1,2,-1,-1
74,1553,840.81,605.72,31.31,64.44,1,1,-1,-1
74,1512,961.08,548.15,41.00,64.00,1,1,-1,-1
74,1429,913.24,599.52,29.84,61.81,1,1,-1,-1
74,1406,898.19,783.93,30.83,72.21,1,1,-1,-1
74,1341,811.69,540.73,35.00,32.00,1,2,-1,-1
74,1322,1308.98,20.93,14.25,41.40,1,1,-1,-1
74,1249,892.18,807.19,36.00,82.00,1,1,-1,-1
74,1232,1238.75,685.74,23.18,43.34,1,2,-1,-1
75,1657,1517.00,844.15,35.00,41.00,1,2,-1,-1
75,1656,1366.17,4.00,19.55,43.85,1,1,-1,-1
75,1653,599.85,888.11,33.00,79.00,1,1,-1,-1
75,1618,1154.00,166.00,22.00,52.00,1,1,-1,-1
75,1617,1020.92,728.95,52.00,56.00,1,2,-1,-1
75,1615,917.97,826.87,43.00,88.00,1,1,-1,-1
75,1599,777.41,896.85,34.25,90.16,1,1,-1,-1
75,1593,816.21,801.03,39.67,87.95,1,1,-1,-1
75,1581,1492.16,455.32,33.00,64.00,1,2,-1,-1
75,1556,1377.00,7.94,17.00,41.00,1,1,-1,-1
75,1554,1076.00,542.00,46.00,52.00,1,2,-1,-1
75,1553,840.15,607.13,31.63,64.85,1,1,-1,-1
75,1512,959.74,550.21,41.00,64.00,1,1,-1,-1
75,1491,1187.32,866.58,32.94,58.91,1,2,-1,-1
75,1429,911.21,602.66,29.85,62.32,1,1,-1,-1
75,1322,1308.04,21.86,14.21,41.36,1,1,-1,-1
75,1278,-0.46,829.72,174.58,194.53,1,8,-1,-1
75,1249,891.82,809.18,36.00,82.00,1,1,-1,-1
75,1232,1238.79,687.11,23.13,43.25,1,2,-1,-1
76,1678,1497.85,0.88,14.26,46.20,1,1,-1,-1
76,1673,898.89,409.82,76.45,73.77,1,10,-1,-1
76,1671,722.11,891.00,34.00,63.00,1,1,-1,-1
76,1670,504.00,520.89,117.00,111.00,1,7,-1,-1
76,1657,1517.00,846.94,35.00,41.00,1,2,-1,-1
76,1656,1366.20,3.72,19.70,43.63,1,1,-1,-1
76,1655,1206.97,666.10,27.17,62.79,1,2,-1,-1
76,1599,776.47,899.81,34.13,89.88,1,1,-1,-1
76,1581,1492.16,456.30,33.00,64.00,1,2,-1,-1
76,1569,574.86,516.57,39.04,76.38,1,1,-1,-1
76,1553,839.21,608.89,31.82,65.08,1,1,-1,-1
76,1551,682.12,330.90,111.57,104.10,1,4,-1,-1
76,1508,591.43,709.49,36.03,64.21,1,1,-1,-1
76,1429,909.20,605.62,29.84,62.68,1,1,-1,-1
76,1407,977.15,664.32,39.84,80.68,1,1,-1,-1
76,1322,1307.71,22.84,14.17,41.33,1,1,-1,-1
76,1278,1.33,830.43,176.26,198.51,1,8,-1,-1
77,1702,1351.96,0.98,16.07,43.99,1,1,-1,-1
77,1699,1057.89,644.89,32.00,64.00,1,1,-1,-1
77,1693,323.85,861.85,44.00,61.00,1,2,-1,-1
77,1671,723.12,890.00,34.00,63.00,1,1,-1,-1
77,1670,503.78,522.09,117.00,111.00,1,7,-1,-1
77,1657,1517.00,849.15,35.00,41.00,1,2,-1,-1
77,1655,1206.94,666.40,27.22,63.37,1,2,-1,-1
77,1599,775.53,902.27,34.02,89.62,1,1,-1,-1
77,1594,942.90,647.18,30.14,63.62,1,1,-1,-1
77,1553,838.87,610.79,31.95,65.21,1,1,-1,-1
77,1530,740.44,893.49,36.22,94.60,1,1,-1,-1
77,1508,593.05,713.46,34.78,61.98,1,1,-1,-1
77,1449,770.23,473.77,26.80,63.59,1,1,-1,-1
77,1410,1284.19,738.92,33.74,56.07,1,2,-1,-1
77,1407,971.83,658.28,38.86,78.42,1,1,-1,-1
77,1384,842.89,537.01,32.00,40.00,1,2,-1,-1
77,1278,1.44,831.98,176.81,201.25,1,8,-1,-1
77,1148,752.65,827.19,38.73,92.63,1,1,-1,-1
78,1720,1432.85,30.89,14.00,44.00,1,1,-1,-1
78,1719,1273.00,100.00,23.00,30.00,1,2,-1,-1
78,1714,132.95,763.89,66.00,82.00,1,1,-1,-1
78,1702,1352.00,0.81,16.00,43.56,1,1,-1,-1
78,1675,1116.12,855.59,31.90,53.52,1,2,-1,-1
78,1671,724.11,888.26,34.00,63.00,1,1,-1,-1
78,1670,503.02,523.13,117.00,111.00,1,7,-1,-1
78,1655,1206.92,667.11,27.22,63.71,1,2,-1,-1
78,1599,774.57,904.53,33.92,89.39,1,1,-1,-1
78,1553,838.57,612.13,31.70,65.18,1,1,-1,-1
78,1449,770.49,475.86,26.77,63.50,1,1,-1,-1
78,1410,1284.86,739.37,33.60,55.88,1,2,-1,-1
78,1407,974.42,665.32,39.20,79.18,1,1,-1,-1
79,1734,1438.57,700.47,28.20,35.86,1,2,-1,-1
79,1719,1273.00,100.00,23.00,30.00,1,2,-1,-1
79,1717,804.87,377.93,36.00,56.00,1,2,-1,-1
79,1714,135.19,762.09,66.00,82.00,1,1,-1,-1
79,1702,1352.01,0.82,15.97,43.32,1,1,-1,-1
79,1697,703.13,477.00,28.00,40.00,1,2,-1,-1
79,1671,725.09,887.02,34.00,63.00,1,1,-1,-1
79,1670,502.08,524.84,117.00,111.00,1,7,-1,-1
79,1655,1206.92,667.98,27.21,63.90,1,2,-1,-1
79,1636,739.56,470.36,28.00,68.00,1,1,-1,-1
79,1617,1018.90,735.93,52.00,56.00,1,2,-1,-1
79,1599,774.28,907.38,33.84,89.17,1,1,-1,-1
79,1593,817.02,826.14,39.12,87.74,1,1,-1,-1
79,1449,771.21,477.93,26.75,63.45,1,1,-1,-1
79,1358,793.42,477.44,25.57,45.58,1,1,-1,-1
79,1249,888.14,816.11,36.00,82.00,1,1,-1,-1
79,1204,914.77,2.94,94.81,54.51,1,4,-1,-1
79,1104,645.84,598.88,29.04,68.09,1,1,-1,-1
80,1751,1391.00,10.00,15.00,45.00,1,1,-1,-1
80,1749,1332.89,903.11,31.00,61.00,1,2,-1,-1
80,1748,977.11,318.00,21.00,48.00,1,1,-1,-1
80,1746,738.42,1004.69,45.06,56.47,1,1,-1,-1
80,1734,1444.41,688.16,28.61,39.36,1,2,-1,-1
80,1717,804.08,378.89,36.00,56.00,1,2,-1,-1
80,1714,137.96,760.87,66.00,82.00,1,1,-1,-1
80,1702,1352.00,0.30,16.00,43.58,1,1,-1,-1
80,1681,165.22,786.90,119.12,106.17,1,7,-1,-1
80,1671,726.77,885.94,34.00,63.00,1,1,-1,-1
80,1670,501.09,526.07,117.00,111.00,1,7,-1,-1
80,1656,1367.02,2.22,19.70,43.70,1,1,-1,-1
80,1655,1207.60,668.40,27.23,64.38,1,2,-1,-1
80,1640,1444.06,1018.81,51.93,50.24,1,2,-1,-1
80,1617,1018.14,737.92,52.00,56.00,1,2,-1,-1
80,1599,774.23,908.42,33.76,88.99,1,1,-1,-1
80,1593,817.22,832.15,39.39,87.88,1,1,-1,-1
80,1581,1492.10,460.17,33.00,64.00,1,2,-1,-1
80,1551,679.72,333.90,111.42,104.05,1,4,-1,-1
80,1449,772.11,479.98,26.75,63.43,1,1,-1,-1
80,1341,806.05,547.73,35.00,32.00,1,2,-1,-1
80,1322,1304.99,25.95,14.11,41.26,1,1,-1,-1
80,1298,1327.21,160.14,27.84,51.71,1,1,-1,-1
80,1249,887.31,818.06,36.29,82.04,1,1,-1,-1
80,1204,920.80,0.73,93.52,53.47,1,4,-1,-1
81,1775,1321.65,777.40,34.00,57.35,1,2,-1,-1
81,1772,963.94,958.89,52.00,82.00,1,1,-1,-1
81,1768,95.78,715.65,60.02,117.21,1,1,-1,-1
81,1767,-0.32,43.31,167.64,106.59,1,6,-1,-1
81,1754,1423.81,887.13,35.00,69.00,1,2,-1,-1
81,1751,1391.00,10.00,15.00,45.00,1,1,-1,-1
81,1746,737.47,1006.74,45.16,55.80,1,1,-1,-1
81,1734,1451.17,677.70,28.52,41.52,1,2,-1,-1
81,1717,803.86,379.90,36.00,56.00,1,2,-1,-1
81,1700,1141.00,183.00,24.00,41.00,1,1,-1,-1
81,1693,314.96,866.02,48.95,67.86,1,2,-1,-1
81,1681,144.30,770.11,125.41,111.74,1,7,-1,-1
81,1671,728.01,884.92,34.00,63.00,1,1,-1,-1
81,1670,513.51,523.48,92.89,102.55,1,7,-1,-1
81,1657,1517.00,859.13,35.00,41.00,1,2,-1,-1
81,1640,1444.17,1018.77,51.87,50.10,1,2,-1,-1
81,1617,1017.88,739.25,52.00,56.00,1,2,-1,-1
81,1599,774.26,908.79,33.70,88.82,1,1,-1,-1
81,1581,1492.10,461.65,32.98,63.67,1,2,-1,-1
81,1551,679.12,334.88,111.61,104.07,1,4,-1,-1
81,1508,605.46,724.99,30.83,54.82,1,1,-1,-1
81,1384,835.63,546.26,32.00,40.00,1,2,-1,-1
81,1341,805.05,548.97,35.00,32.00,1,2,-1,-1
81,1322,1304.08,26.87,14.10,41.24,1,1,-1,-1
81,1204,925.61,-0.15,92.56,52.15,1,4,-1,-1
82,1793,692.00,568.15,31.00,49.00,1,2,-1,-1
82,1772,962.91,960.88,52.00,82.00,1,1,-1,-1
82,1768,107.80,732.48,53.61,104.74,1,1,-1,-1
82,1767,-0.40,43.38,166.80,106.49,1,6,-1,-1
82,1754,1424.04,889.92,35.00,69.00,1,2,-1,-1
82,1746,737.01,1008.92,44.86,55.25,1,1,-1,-1
82,1732,907.39,412.12,59.17,60.10,1,10,-1,-1
82,1718,1105.00,719.79,49.00,73.00,1,2,-1,-1
82,1717,803.10,380.91,36.00,56.00,1,2,-1,-1
82,1700,1141.00,183.00,24.00,41.00,1,1,-1,-1
82,1681,154.42,780.41,123.92,110.32,1,7,-1,-1
82,1671,729.09,883.92,34.00,63.00,1,1,-1,-1
82,1670,507.93,528.35,100.32,106.04,1,7,-1,-1
82,1657,1517.00,861.88,35.00,41.00,1,2,-1,-1
82,1640,1444.87,1018.71,51.84,50.01,1,2,-1,-1
82,1617,1017.14,741.01,52.00,56.00,1,2,-1,-1
82,1553,835.51,618.33,33.60,70.16,1,1,-1,-1
82,1552,756.91,676.79,34.24,83.79,1,1,-1,-1
82,1508,607.70,729.91,31.15,55.42,1,1,-1,-1
82,1410,1289.36,740.05,33.36,55.55,1,2,-1,-1
82,1322,1303.76,27.85,14.09,41.23,1,1,-1,-1
83,1812,1154.00,166.00,22.00,52.00,1,1,-1,-1
83,1811,858.89,558.89,24.00,44.00,1,2,-1,-1
83,1772,961.76,963.00,51.58,81.78,1,1,-1,-1
83,1768,113.11,738.13,50.04,97.81,1,1,-1,-1
83,1754,1424.10,892.14,35.00,69.00,1,2,-1,-1
83,1746,736.28,1011.43,44.54,54.17,1,1,-1,-1
83,1719,1273.00,100.00,23.00,30.00,1,2,-1,-1
83,1718,1105.00,721.03,49.00,73.00,1,2,-1,-1
83,1699,1056.90,654.14,32.00,64.00,1,1,-1,-1
83,1681,157.74,785.05,123.06,109.48,1,7,-1,-1
83,1671,730.10,882.93,34.00,63.00,1,1,-1,-1
83,1670,497.95,541.95,92.07,94.46,1,7,-1,-1
83,1657,1517.00,864.14,35.00,41.00,1,2,-1,-1
83,1640,1445.13,1018.65,51.82,49.95,1,2,-1,-1
83,1617,1016.88,742.93,52.00,56.00,1,2,-1,-1
83,1556,1375.29,11.84,17.78,42.92,1,1,-1,-1
83,1509,736.86,431.30,28.28,68.66,1,1,-1,-1
84,1830,1371.00,152.11,144.00,68.00,1,4,-1,-1
84,1828,1288.69,888.26,29.24,53.23,1,2,-1,-1
84,1814,1254.00,95.00,20.00,31.00,1,2,-1,-1
84,1812,1154.00,166.00,22.00,52.00,1,1,-1,-1
84,1811,858.09,560.88,24.00,44.00,1,2,-1,-1
84,1790,376.00,844.00,33.00,48.00,1,2,-1,-1
84,1749,1330.88,913.12,31.00,61.00,1,2,-1,-1
84,1746,735.38,1013.74,44.40,53.52,1,1,-1,-1
84,1714,149.91,756.87,66.00,82.00,1,1,-1,-1
84,1699,1056.89,655.90,32.00,64.00,1,1,-1,-1
84,1681,158.44,787.49,122.59,109.00,1,7,-1,-1
84,1670,500.89,538.57,99.85,100.24,1,7,-1,-1
84,1657,1517.00,866.88,35.00,41.00,1,2,-1,-1
84,1640,1445.21,1018.60,51.82,49.91,1,2,-1,-1
84,1617,1016.14,744.90,52.00,56.00,1,2,-1,-1
84,1556,1376.23,7.14,17.55,42.35,1,1,-1,-1
84,1509,737.75,431.34,28.19,68.73,1,1,-1,-1
84,1298,1327.23,159.15,28.32,53.48,1,1,-1,-1
85,1845,798.25,484.58,31.39,47.59,1,1,-1,-1
85,1828,1287.44,896.31,28.22,51.33,1,2,-1,-1
85,1811,857.87,562.89,24.00,44.00,1,2,-1,-1
85,1790,375.00,846.00,33.00,48.00,1,2,-1,-1
85,1749,1323.40,928.31,31.41,61.53,1,2,-1,-1
85,1734,1482.29,641.52,27.53,42.85,1,2,-1,-1
85,1729,572.89,876.81,30.00,70.00,1,1,-1,-1
85,1699,1056.90,657.82,32.00,64.00,1,1,-1,-1
85,1670,500.93,537.85,105.06,103.83,1,7,-1,-1
85,1657,1518.35,877.13,33.63,39.59,1,2,-1,-1
85,1652,447.24,847.14,47.44,51.47,1,2,-1,-1
85,1640,1445.91,1019.03,51.78,49.57,1,2,-1,-1
85,1617,1015.87,746.90,52.00,56.00,1,2,-1,-1
85,1509,738.73,431.98,28.13,68.78,1,1,-1,-1
85,1384,827.43,556.63,32.03,40.53,1,2,-1,-1
85,1298,1328.42,159.46,28.19,53.00,1,1,-1,-1
85,1204,941.00,-1.70,90.42,44.77,1,4,-1,-1
