1,23,823.88,158.46,17.25,40.44,1,1,-1,-1
1,22,846.32,299.99,19.96,41.35,1,1,-1,-1
1,21,661.05,219.14,45.66,52.03,1,1,-1,-1
1,20,661.42,158.49,16.40,57.88,1,1,-1,-1
1,19,353.06,536.38,43.98,80.79,1,1,-1,-1
1,18,845.95,305.23,24.26,50.26,1,1,-1,-1
1,17,653.48,219.43,47.82,54.49,1,1,-1,-1
1,16,737.06,188.96,13.20,29.33,1,1,-1,-1
1,15,639.18,408.08,65.65,86.57,1,1,-1,-1
1,14,773.36,298.49,34.78,92.20,1,1,-1,-1
1,13,764.70,303.72,34.62,91.78,1,1,-1,-1
1,12,853.84,335.88,15.72,32.57,1,1,-1,-1
1,11,1188.30,362.42,86.35,116.15,1,1,-1,-1
1,10,1089.40,238.04,48.29,92.93,1,1,-1,-1
1,9,1061.90,227.56,44.12,104.88,1,1,-1,-1
1,8,834.96,319.26,32.08,59.48,1,1,-1,-1
1,7,828.59,272.30,41.82,104.41,1,1,-1,-1
1,6,821.83,298.91,33.35,82.19,1,1,-1,-1
1,5,764.55,284.68,41.90,112.63,1,1,-1,-1
1,4,723.76,161.31,14.49,41.38,1,1,-1,-1
1,3,373.84,569.75,41.32,55.51,1,1,-1,-1
1,2,239.78,649.90,78.44,103.21,1,1,-1,-1
2,36,701.21,279.92,64.73,189.97,1,1,-1,-1
2,35,844.24,349.32,18.86,39.75,1,1,-1,-1
2,34,588.99,153.68,29.57,53.45,1,1,-1,-1
2,33,1044.60,224.49,63.81,155.82,1,1,-1,-1
2,32,666.33,125.86,19.92,70.32,1,1,-1,-1
2,31,1096.80,289.16,24.82,57.92,1,1,-1,-1
2,30,635.18,452.47,54.22,71.71,1,1,-1,-1
2,29,760.84,131.63,20.96,65.09,1,1,-1,-1
2,28,799.07,147.35,47.51,112.83,1,1,-1,-1
2,27,862.79,326.65,29.24,61.61,1,1,-1,-1
2,26,1103.30,255.89,31.51,73.54,1,1,-1,-1
2,25,678.95,151.20,13.09,63.60,1,1,-1,-1
2,24,569.94,180.24,22.11,34.51,1,1,-1,-1
2,21,659.32,235.86,44.36,49.28,1,1,-1,-1
2,20,659.00,170.44,25.21,88.97,1,1,-1,-1
2,17,644.97,239.82,47.05,63.37,1,1,-1,-1
2,11,1190.72,367.61,80.56,111.77,1,1,-1,-1
2,10,1096.26,239.70,47.40,100.60,1,1,-1,-1
2,9,1066.66,232.58,45.67,105.84,1,1,-1,-1
2,8,837.83,328.74,34.34,59.52,1,1,-1,-1
2,7,831.83,280.11,40.33,102.77,1,1,-1,-1
2,4,725.38,165.09,13.24,35.84,1,1,-1,-1
3,46,728.99,131.55,24.56,76.27,1,1,-1,-1
3,45,1126.90,283.97,32.64,76.94,1,1,-1,-1
3,44,571.45,188.21,14.30,16.09,1,1,-1,-1
3,43,575.51,181.68,25.80,44.92,1,1,-1,-1
3,42,327.04,611.26,36.78,48.52,1,1,-1,-1
3,41,1118.90,237.70,56.57,133.34,1,1,-1,-1
3,40,816.61,279.59,48.85,122.69,1,1,-1,-1
3,39,809.93,170.33,28.15,72.34,1,1,-1,-1
3,38,744.03,149.43,12.95,62.13,1,1,-1,-1
3,37,584.09,190.56,30.82,49.88,1,1,-1,-1
3,36,697.44,309.05,65.08,186.88,1,1,-1,-1
3,28,782.20,151.30,45.91,109.78,1,1,-1,-1
3,24,569.12,183.67,23.76,29.67,1,1,-1,-1
3,22,842.33,287.09,23.59,54.03,1,1,-1,-1
3,10,1103.78,246.20,46.34,98.61,1,1,-1,-1
3,9,1071.59,237.65,47.80,106.70,1,1,-1,-1
3,8,843.18,339.20,31.63,59.48,1,1,-1,-1
3,7,834.32,285.65,42.24,106.62,1,1,-1,-1
3,6,821.67,306.19,43.66,90.62,1,1,-1,-1
3,5,746.59,300.16,56.62,159.30,1,1,-1,-1
3,3,367.27,588.26,55.04,73.21,1,1,-1,-1
3,2,216.66,685.28,78.69,72.44,1,1,-1,-1
4,10,1112.28,253.57,43.39,94.86,1,1,-1,-1
4,9,1077.66,242.00,47.62,109.84,1,1,-1,-1
4,7,834.66,299.94,42.16,106.09,1,1,-1,-1
5,36,701.63,313.99,46.79,135.18,1,1,-1,-1
5,9,1085.81,249.94,43.36,105.20,1,1,-1,-1
5,7,838.99,304.14,55.12,138.23,1,1,-1,-1
5,6,826.39,326.84,46.93,88.03,1,1,-1,-1
5,3,360.02,597.60,61.34,84.94,1,1,-1,-1
5,2,199.79,723.41,66.14,36.19,1,1,-1,-1
6,36,701.30,320.73,51.11,137.91,1,1,-1,-1
6,25,678.98,163.40,16.23,57.06,1,1,-1,-1
6,9,1091.19,255.31,43.92,105.49,1,1,-1,-1
6,7,841.46,307.64,51.98,130.11,1,1,-1,-1
6,6,819.84,296.23,61.49,124.17,1,1,-1,-1
6,4,730.28,168.00,14.22,39.46,1,1,-1,-1
6,3,368.62,621.11,62.35,83.28,1,1,-1,-1
7,48,650.66,579.42,110.62,145.41,1,1,-1,-1
7,47,332.98,654.56,43.99,53.70,1,1,-1,-1
7,41,1081.38,260.78,55.92,132.28,1,1,-1,-1
7,36,703.12,328.81,51.71,140.40,1,1,-1,-1
7,9,1105.92,271.79,49.63,119.11,1,1,-1,-1
7,6,828.04,327.03,56.43,112.74,1,1,-1,-1
8,54,619.51,498.95,102.46,134.90,1,1,-1,-1
8,41,1080.18,246.18,60.09,141.95,1,1,-1,-1
8,36,703.39,338.55,54.07,142.11,1,1,-1,-1
8,9,1110.82,258.28,56.95,135.95,1,1,-1,-1
8,6,834.05,347.08,53.67,104.25,1,1,-1,-1
9,67,744.89,161.51,18.91,59.73,1,1,-1,-1
9,65,872.00,396.05,25.11,66.93,1,1,-1,-1
9,54,618.76,510.01,104.49,139.87,1,1,-1,-1
9,36,697.13,366.71,44.72,117.65,1,1,-1,-1
9,11,1196.46,400.92,60.47,93.50,1,1,-1,-1
9,6,828.35,357.06,53.77,106.23,1,1,-1,-1
10,67,744.86,160.94,19.67,64.94,1,1,-1,-1
10,65,875.38,404.87,26.37,69.29,1,1,-1,-1
10,54,618.33,522.65,105.65,141.19,1,1,-1,-1
10,36,706.26,372.09,40.99,107.79,1,1,-1,-1
10,6,840.99,371.61,48.46,100.84,1,1,-1,-1
11,83,1185.44,436.99,96.44,111.86,1,1,-1,-1
11,54,618.17,535.50,106.85,142.54,1,1,-1,-1
11,48,633.22,637.78,130.59,130.38,1,1,-1,-1
11,6,847.13,382.16,48.05,101.10,1,1,-1,-1
12,80,824.95,190.16,36.44,89.31,1,1,-1,-1
12,66,735.23,185.24,17.57,37.52,1,1,-1,-1
12,54,616.33,550.01,110.87,144.17,1,1,-1,-1
13,79,651.69,287.31,35.65,65.12,1,1,-1,-1
13,66,736.32,188.24,16.94,36.46,1,1,-1,-1
13,54,616.38,568.30,111.62,139.43,1,1,-1,-1
14,105,1208.23,440.75,58.90,85.16,1,1,-1,-1
14,67,743.45,169.24,25.94,65.12,1,1,-1,-1
15,90,1185.05,413.23,80.20,112.48,1,1,-1,-1
15,67,742.92,171.89,27.48,65.45,1,1,-1,-1
16,120,689.66,399.42,75.51,220.01,1,1,-1,-1
16,90,1186.95,408.77,72.05,99.47,1,1,-1,-1
16,67,742.99,175.83,27.46,64.18,1,1,-1,-1
18,83,1179.88,465.27,101.67,113.95,1,1,-1,-1
19,139,878.45,476.51,41.03,96.79,1,1,-1,-1
19,128,830.04,209.35,35.15,100.88,1,1,-1,-1
19,83,1178.97,470.37,101.07,112.27,1,1,-1,-1
20,140,1198.17,441.23,77.42,104.26,1,1,-1,-1
20,139,880.46,487.29,42.49,100.82,1,1,-1,-1
20,128,826.68,211.90,34.59,101.42,1,1,-1,-1
20,83,1175.05,470.40,100.08,111.08,1,1,-1,-1
20,11,1206.91,445.73,40.80,69.21,1,1,-1,-1
21,152,1192.48,372.72,78.17,111.36,1,1,-1,-1
21,140,1189.08,438.98,78.06,105.65,1,1,-1,-1
21,139,882.08,496.96,45.20,107.14,1,1,-1,-1
21,128,821.63,216.55,34.01,97.66,1,1,-1,-1
21,11,1211.86,459.69,41.33,72.41,1,1,-1,-1
22,140,1182.61,439.44,79.54,104.83,1,1,-1,-1
22,138,714.15,518.17,59.26,167.72,1,1,-1,-1
23,140,1176.27,432.35,79.11,105.23,1,1,-1,-1
23,138,710.04,520.10,66.38,182.57,1,1,-1,-1
24,140,1180.25,434.39,78.82,108.10,1,1,-1,-1
25,140,1178.26,435.04,67.45,101.10,1,1,-1,-1
26,197,958.65,593.10,45.54,104.39,1,1,-1,-1
26,196,911.62,556.43,61.82,134.43,1,1,-1,-1
26,194,734.26,196.01,19.79,57.64,1,1,-1,-1
26,140,1194.67,433.95,60.44,96.26,1,1,-1,-1
27,197,987.34,601.98,52.28,111.43,1,1,-1,-1
27,196,920.35,571.70,63.42,136.32,1,1,-1,-1
27,194,734.63,193.22,20.75,61.43,1,1,-1,-1
27,147,630.50,336.85,47.42,83.07,1,1,-1,-1
27,139,898.26,537.36,72.80,158.89,1,1,-1,-1
28,196,929.06,586.15,65.74,137.37,1,1,-1,-1
28,194,735.25,191.75,21.43,65.85,1,1,-1,-1
28,187,1184.85,427.13,89.43,116.99,1,1,-1,-1
28,147,631.00,339.83,47.01,84.25,1,1,-1,-1
29,217,849.95,552.11,67.09,194.83,1,1,-1,-1
29,196,938.43,597.91,67.45,143.47,1,1,-1,-1
29,194,739.46,189.88,22.14,62.83,1,1,-1,-1
29,187,1186.50,429.94,71.11,103.71,1,1,-1,-1
29,147,630.57,342.28,48.13,87.08,1,1,-1,-1
29,83,1158.33,424.98,115.05,144.45,1,1,-1,-1
30,223,534.49,219.97,24.34,39.27,1,1,-1,-1
30,217,857.47,564.55,66.85,189.00,1,1,-1,-1
30,213,851.66,239.91,33.66,99.90,1,1,-1,-1
30,196,933.92,576.55,84.51,178.78,1,1,-1,-1
30,194,741.19,189.76,24.56,61.33,1,1,-1,-1
30,187,1191.92,429.74,77.25,109.49,1,1,-1,-1
30,147,629.95,346.73,49.52,86.78,1,1,-1,-1
30,83,1172.88,442.42,110.38,138.04,1,1,-1,-1
31,228,971.86,558.67,85.87,169.27,1,1,-1,-1
31,223,538.67,222.61,19.75,34.87,1,1,-1,-1
31,217,864.68,578.20,68.13,180.56,1,1,-1,-1
31,213,856.37,243.28,31.54,99.39,1,1,-1,-1
31,194,742.10,191.63,27.43,58.34,1,1,-1,-1
31,187,1202.99,442.08,64.79,98.86,1,1,-1,-1
31,147,629.86,349.77,51.78,88.96,1,1,-1,-1
31,83,1179.13,443.76,110.71,138.14,1,1,-1,-1
32,247,1207.47,428.29,68.78,119.29,1,1,-1,-1
32,240,785.43,165.09,26.10,40.71,1,1,-1,-1
32,228,983.94,576.33,82.32,159.65,1,1,-1,-1
32,213,860.67,245.56,31.39,101.61,1,1,-1,-1
32,187,1211.37,458.43,56.41,84.02,1,1,-1,-1
32,147,630.73,353.70,52.84,89.88,1,1,-1,-1
32,83,1185.99,451.14,105.43,133.09,1,1,-1,-1
33,247,1205.48,424.25,82.83,130.79,1,1,-1,-1
33,240,785.67,167.16,26.08,39.77,1,1,-1,-1
33,228,997.55,593.38,81.07,149.10,1,1,-1,-1
33,147,632.43,357.98,53.13,90.29,1,1,-1,-1
33,83,1184.36,455.49,99.14,124.60,1,1,-1,-1
34,247,1205.46,425.36,88.27,130.90,1,1,-1,-1
34,228,1012.34,613.55,75.17,127.67,1,1,-1,-1
34,147,633.46,361.38,52.46,90.54,1,1,-1,-1
34,83,1188.72,431.21,99.51,129.01,1,1,-1,-1
35,247,1202.51,445.00,95.27,135.06,1,1,-1,-1
35,228,1026.43,625.41,85.94,131.42,1,1,-1,-1
35,224,553.92,245.28,37.61,78.55,1,1,-1,-1
35,83,1199.63,430.54,93.43,123.96,1,1,-1,-1
36,247,1202.36,452.44,98.86,136.46,1,1,-1,-1
36,224,552.63,252.71,38.94,81.72,1,1,-1,-1
36,213,874.94,255.74,37.08,107.58,1,1,-1,-1
36,83,1218.13,424.77,79.64,115.23,1,1,-1,-1
37,247,1201.42,441.65,107.47,150.34,1,1,-1,-1
37,240,790.79,172.83,22.28,41.50,1,1,-1,-1
37,213,878.87,258.92,37.32,107.98,1,1,-1,-1
38,247,1200.90,430.45,100.28,141.66,1,1,-1,-1
38,225,692.31,193.45,33.14,78.79,1,1,-1,-1
39,270,732.97,218.37,17.62,57.29,1,1,-1,-1
39,247,1200.36,439.55,98.49,137.15,1,1,-1,-1
40,289,662.42,369.38,51.93,64.41,1,1,-1,-1
40,284,666.08,199.86,26.07,86.15,1,1,-1,-1
40,270,731.66,220.03,17.18,59.01,1,1,-1,-1
40,247,1210.78,452.91,97.74,136.02,1,1,-1,-1
40,83,1231.17,432.64,76.90,114.08,1,1,-1,-1
41,289,663.49,375.30,51.27,62.15,1,1,-1,-1
41,284,666.63,204.43,21.25,80.29,1,1,-1,-1
41,270,731.29,220.40,18.21,62.70,1,1,-1,-1
42,297,756.14,203.30,24.40,62.30,1,1,-1,-1
42,289,662.06,377.54,55.38,66.83,1,1,-1,-1
42,225,692.81,198.82,31.50,79.24,1,1,-1,-1
43,301,527.51,236.64,28.96,36.94,1,1,-1,-1
43,297,744.32,206.62,27.49,74.07,1,1,-1,-1
43,225,688.30,188.40,36.61,92.09,1,1,-1,-1
44,301,523.10,237.51,29.83,38.78,1,1,-1,-1
44,247,1222.46,464.85,94.97,130.19,1,1,-1,-1
44,83,1233.28,436.73,84.39,117.01,1,1,-1,-1
45,301,517.63,238.02,32.63,40.21,1,1,-1,-1
45,284,662.60,217.24,18.73,75.86,1,1,-1,-1
45,247,1222.00,464.69,95.30,128.82,1,1,-1,-1
45,83,1230.80,436.98,84.40,116.75,1,1,-1,-1
46,301,514.70,240.07,30.34,39.63,1,1,-1,-1
46,284,658.75,221.95,16.83,70.51,1,1,-1,-1
46,247,1223.14,464.56,92.66,127.58,1,1,-1,-1
46,83,1238.24,453.44,80.97,111.31,1,1,-1,-1
47,322,777.74,175.87,30.86,52.99,1,1,-1,-1
47,301,507.60,240.83,29.45,40.60,1,1,-1,-1
47,297,735.47,215.57,19.85,70.97,1,1,-1,-1
47,247,1218.88,464.08,89.73,126.45,1,1,-1,-1
48,335,634.86,405.35,63.12,82.87,1,1,-1,-1
48,320,1200.29,431.73,100.71,143.24,1,1,-1,-1
48,297,734.75,225.69,18.43,64.09,1,1,-1,-1
48,247,1219.27,451.58,96.18,134.43,1,1,-1,-1
49,339,656.57,205.21,35.24,98.91,1,1,-1,-1
49,335,638.05,393.91,74.18,96.61,1,1,-1,-1
49,320,1182.15,433.55,114.26,160.67,1,1,-1,-1
50,350,1186.49,446.30,81.57,112.61,1,1,-1,-1
50,345,881.96,305.63,48.09,131.61,1,1,-1,-1
50,339,653.64,210.68,33.36,88.93,1,1,-1,-1
50,335,624.31,410.01,70.66,91.96,1,1,-1,-1
50,320,1169.50,434.10,119.81,167.71,1,1,-1,-1
51,351,617.75,229.27,21.46,77.26,1,1,-1,-1
51,350,1189.48,435.23,80.60,113.81,1,1,-1,-1
51,345,893.43,326.83,38.80,104.30,1,1,-1,-1
51,339,647.60,213.71,33.42,86.63,1,1,-1,-1
51,320,1193.30,466.53,109.30,153.50,1,1,-1,-1
52,356,1186.41,415.42,104.06,162.18,1,1,-1,-1
52,350,1183.29,437.57,81.25,112.93,1,1,-1,-1
52,345,886.11,326.93,39.15,103.86,1,1,-1,-1
52,339,642.07,215.68,32.50,86.61,1,1,-1,-1
52,320,1185.86,458.66,104.78,143.30,1,1,-1,-1
53,360,679.36,245.55,18.37,53.05,1,1,-1,-1
53,356,1184.21,422.51,111.27,170.08,1,1,-1,-1
53,345,883.49,329.62,43.76,115.21,1,1,-1,-1
53,339,632.17,205.53,33.98,92.30,1,1,-1,-1
53,320,1185.72,456.78,96.74,136.32,1,1,-1,-1
54,367,711.21,222.81,25.59,74.45,1,1,-1,-1
54,366,694.99,232.28,21.98,72.55,1,1,-1,-1
54,339,630.30,214.64,35.95,90.42,1,1,-1,-1
54,322,739.81,179.35,29.06,51.38,1,1,-1,-1
54,320,1185.83,457.40,92.23,130.16,1,1,-1,-1
55,374,1202.03,445.30,37.92,79.20,1,1,-1,-1
55,371,460.75,299.66,36.53,83.75,1,1,-1,-1
55,368,739.66,215.68,26.34,40.46,1,1,-1,-1
55,367,709.99,226.31,24.02,73.25,1,1,-1,-1
55,339,629.90,219.83,35.30,89.36,1,1,-1,-1
55,322,739.64,188.78,26.38,48.77,1,1,-1,-1
55,320,1200.70,457.19,85.12,123.04,1,1,-1,-1
56,374,1199.66,441.61,43.73,87.59,1,1,-1,-1
56,373,1208.05,444.01,74.63,114.77,1,1,-1,-1
56,371,461.56,305.57,35.37,78.06,1,1,-1,-1
56,367,703.99,231.97,25.06,77.14,1,1,-1,-1
56,339,630.00,223.70,35.03,88.28,1,1,-1,-1
57,374,1200.03,442.20,44.92,88.91,1,1,-1,-1
57,373,1199.53,461.68,68.29,103.42,1,1,-1,-1
57,371,459.97,308.34,37.42,79.25,1,1,-1,-1
57,339,632.07,227.20,31.95,86.93,1,1,-1,-1
58,383,600.74,245.31,25.00,85.04,1,1,-1,-1
58,374,1199.91,442.75,48.05,90.76,1,1,-1,-1
58,339,633.11,230.03,31.90,87.21,1,1,-1,-1
