1,-1,1145,276,208,146,1,4,-1,0
1,-1,2288,350,315,126,1,4,-1,1
2,-1,2203,332,329,133,1,4,-1,1
2,-1,2234,390,198,80,1,4,-1,1
2,-1,809,1247,62,140,1,1,-1,0
3,-1,2169,372,198,81,1,4,-1,1
3,-1,2122,338,348,142,1,4,-1,1
4,-1,830,1312,83,149,1,1,-1,0
4,-1,2090,342,220,90,1,4,-1,1
4,-1,1203,357,256,173,1,4,-1,0
5,-1,1267,457,291,195,1,4,-1,0
5,-1,1982,394,284,119,1,4,-1,1
5,-1,1242,428,325,218,1,4,-1,0
6,-1,1314,592,309,206,1,4,-1,0
6,-1,1246,554,461,307,1,4,-1,0
7,-1,1368,703,329,218,1,4,-1,0
7,-1,1866,546,252,113,1,4,-1,1
7,-1,1362,700,342,227,1,4,-1,0
7,-1,1923,533,170,76,1,4,-1,1
8,-1,325,283,47,47,1,4,-1,0
8,-1,1430,757,353,227,1,4,-1,0
8,-1,1821,546,235,108,1,4,-1,1
8,-1,329,310,49,49,1,4,-1,0
8,-1,1855,557,194,89,1,4,-1,1
9,-1,1452,754,491,319,1,4,-1,0
9,-1,351,288,78,95,1,4,-1,0
10,-1,331,283,52,58,1,4,-1,0
10,-1,1566,815,413,272,1,4,-1,0
10,-1,1731,547,203,98,1,4,-1,1
10,-1,355,278,30,34,1,4,-1,0
10,-1,1756,550,206,100,1,4,-1,1
11,-1,336,290,51,50,1,4,-1,0
11,-1,1641,858,432,296,1,4,-1,0
11,-1,1686,535,199,97,1,4,-1,1
11,-1,1719,553,102,49,1,4,-1,1
11,-1,368,288,44,43,1,4,-1,0
12,-1,341,297,50,42,1,4,-1,0
12,-1,1821,941,310,203,1,4,-1,0
12,-1,1624,847,723,475,1,4,-1,0
13,-1,346,304,49,34,1,4,-1,0
13,-1,1597,513,190,93,1,4,-1,1
13,-1,1832,951,548,347,1,4,-1,0
13,-1,310,298,54,38,1,4,-1,0
13,-1,1846,988,479,303,1,4,-1,0
14,-1,1561,502,184,92,1,4,-1,1
14,-1,1940,1008,596,386,1,4,-1,0
14,-1,2431,654,255,147,1,4,-1,1
14,-1,1824,930,810,525,1,4,-1,0
14,-1,1801,926,836,541,1,4,-1,0
15,-1,353,301,54,41,1,4,-1,0
15,-1,1525,491,178,91,1,4,-1,1
15,-1,2125,1111,494,350,1,4,-1,0
15,-1,369,301,37,28,1,4,-1,0
16,-1,2293,626,160,70,1,4,-1,1
16,-1,380,281,51,41,1,4,-1,0
17,-1,361,303,58,44,1,4,-1,0
17,-1,2109,573,390,157,1,4,-1,1
17,-1,2126,556,324,130,1,4,-1,1
18,-1,366,306,59,43,1,4,-1,0
18,-1,1434,463,159,86,1,4,-1,1
18,-1,2047,572,278,116,1,4,-1,1
18,-1,383,343,31,23,1,4,-1,0
18,-1,366,296,51,38,1,4,-1,0
19,-1,370,309,61,43,1,4,-1,0
19,-1,1407,455,151,84,1,4,-1,1
19,-1,1417,435,143,80,1,4,-1,1
19,-1,1398,430,159,88,1,4,-1,1
20,-1,1380,446,144,83,1,4,-1,1
20,-1,1912,537,233,103,1,4,-1,1
20,-1,1367,426,183,105,1,4,-1,1
20,-1,1337,430,190,110,1,4,-1,1
21,-1,379,315,63,42,1,4,-1,0
21,-1,1353,438,137,81,1,4,-1,1
21,-1,1846,523,221,105,1,4,-1,1
21,-1,1788,492,314,149,1,4,-1,1
21,-1,1372,446,129,76,1,4,-1,1
22,-1,1322,431,136,81,1,4,-1,1
22,-1,1351,457,92,55,1,4,-1,1
22,-1,1285,433,173,103,1,4,-1,1
23,-1,411,290,56,38,1,4,-1,0
23,-1,1733,492,196,101,1,4,-1,1
23,-1,218,269,36,29,1,4,-1,0
23,-1,1303,432,89,53,1,4,-1,1
23,-1,361,326,95,60,1,4,-1,0
24,-1,227,269,36,29,1,4,-1,0
24,-1,415,291,56,38,1,4,-1,0
24,-1,1268,426,134,68,1,4,-1,1
24,-1,404,291,44,30,1,4,-1,0
24,-1,403,326,57,37,1,4,-1,0
24,-1,425,291,40,27,1,4,-1,0
25,-1,228,270,36,29,1,4,-1,0
25,-1,407,321,60,40,1,4,-1,0
25,-1,1265,419,76,40,1,4,-1,1
25,-1,246,289,35,28,1,4,-1,0
26,-1,407,330,69,47,1,4,-1,0
26,-1,425,295,54,37,1,4,-1,0
26,-1,1224,414,143,77,1,4,-1,1
26,-1,1585,459,176,89,1,4,-1,1
26,-1,439,301,31,21,1,4,-1,0
26,-1,1560,439,240,121,1,4,-1,1
26,-1,1225,413,142,76,1,4,-1,1
27,-1,1539,449,167,83,1,4,-1,1
27,-1,1166,374,184,101,1,4,-1,1
27,-1,434,308,36,25,1,4,-1,0
27,-1,1236,400,107,59,1,4,-1,1
28,-1,231,271,36,29,1,4,-1,0
28,-1,1184,402,125,71,1,4,-1,1
28,-1,1499,441,159,79,1,4,-1,1
28,-1,1478,441,199,99,1,4,-1,1
28,-1,415,296,41,28,1,4,-1,0
28,-1,1159,410,174,99,1,4,-1,1
29,-1,1164,396,116,68,1,4,-1,1
29,-1,447,363,51,37,1,4,-1,0
29,-1,1477,422,117,58,1,4,-1,1
29,-1,426,338,62,45,1,4,-1,0
30,-1,1145,397,116,62,1,4,-1,1
30,-1,220,288,35,27,1,4,-1,0
30,-1,245,284,21,17,1,4,-1,0
30,-1,1413,436,150,68,1,4,-1,1
31,-1,234,291,37,28,1,4,-1,0
31,-1,451,323,52,37,1,4,-1,0
31,-1,1395,424,134,65,1,4,-1,1
31,-1,1384,424,150,73,1,4,-1,1
31,-1,1132,411,114,62,1,4,-1,1
31,-1,428,366,82,58,1,4,-1,0
32,-1,457,345,52,38,1,4,-1,0
32,-1,433,395,88,63,1,4,-1,0
32,-1,1127,425,64,35,1,4,-1,1
32,-1,227,303,37,29,1,4,-1,0
33,-1,240,331,36,28,1,4,-1,0
33,-1,463,368,52,39,1,4,-1,0
33,-1,1089,440,112,62,1,4,-1,1
33,-1,471,382,94,66,1,4,-1,0
33,-1,1351,493,68,34,1,4,-1,1
33,-1,1304,447,131,66,1,4,-1,1
34,-1,241,347,36,28,1,4,-1,0
34,-1,469,432,87,62,1,4,-1,0
34,-1,1059,466,122,65,1,4,-1,1
34,-1,1295,471,124,61,1,4,-1,1
34,-1,256,371,39,31,1,4,-1,0
34,-1,453,416,124,88,1,4,-1,0
34,-1,271,357,35,28,1,4,-1,0
35,-1,478,452,89,63,1,4,-1,0
35,-1,1264,481,125,60,1,4,-1,1
35,-1,485,474,63,45,1,4,-1,0
35,-1,1279,492,120,58,1,4,-1,1
36,-1,475,406,54,42,1,4,-1,0
36,-1,1080,472,56,35,1,4,-1,1
36,-1,1029,459,117,73,1,4,-1,1
37,-1,481,409,56,42,1,4,-1,0
37,-1,500,466,91,65,1,4,-1,0
37,-1,1033,459,96,61,1,4,-1,1
37,-1,1009,428,121,77,1,4,-1,1
37,-1,1010,479,99,63,1,4,-1,1
38,-1,1020,458,93,59,1,4,-1,1
38,-1,1190,464,111,60,1,4,-1,1
38,-1,534,446,67,47,1,4,-1,0
38,-1,484,459,134,94,1,4,-1,0
39,-1,1165,458,108,60,1,4,-1,1
39,-1,999,449,105,65,1,4,-1,1
39,-1,528,435,52,38,1,4,-1,0
39,-1,1143,462,150,84,1,4,-1,1
40,-1,247,369,37,28,1,4,-1,0
40,-1,991,451,91,55,1,4,-1,1
40,-1,1145,454,102,60,1,4,-1,1
40,-1,505,408,47,34,1,4,-1,0
40,-1,1133,481,113,67,1,4,-1,1
40,-1,569,509,71,52,1,4,-1,0
41,-1,552,496,102,77,1,4,-1,0
41,-1,993,475,93,55,1,4,-1,1
41,-1,542,496,86,65,1,4,-1,0
41,-1,503,471,147,111,1,4,-1,0
42,-1,514,424,65,47,1,4,-1,0
42,-1,566,503,104,81,1,4,-1,0
42,-1,963,444,88,51,1,4,-1,1
42,-1,956,451,88,51,1,4,-1,1
42,-1,507,428,80,58,1,4,-1,0
42,-1,223,362,42,32,1,4,-1,0
43,-1,250,371,38,29,1,4,-1,0
43,-1,520,427,67,47,1,4,-1,0
43,-1,580,510,107,85,1,4,-1,0
43,-1,950,441,89,49,1,4,-1,1
43,-1,1080,444,96,54,1,4,-1,1
43,-1,964,416,71,39,1,4,-1,1
43,-1,1071,415,106,60,1,4,-1,1
43,-1,914,439,132,73,1,4,-1,1
44,-1,251,371,39,30,1,4,-1,0
44,-1,594,518,110,89,1,4,-1,0
44,-1,1028,411,128,74,1,4,-1,1
44,-1,529,419,47,33,1,4,-1,0
44,-1,509,417,95,66,1,4,-1,0
45,-1,252,372,39,29,1,4,-1,0
45,-1,533,433,71,49,1,4,-1,0
45,-1,522,430,65,45,1,4,-1,0
45,-1,637,521,134,108,1,4,-1,0
45,-1,603,517,102,83,1,4,-1,0
46,-1,634,545,118,95,1,4,-1,0
46,-1,916,432,83,47,1,4,-1,1
46,-1,1029,432,82,51,1,4,-1,1
46,-1,866,452,117,66,1,4,-1,1
46,-1,1051,439,58,36,1,4,-1,1
46,-1,1028,424,116,72,1,4,-1,1
47,-1,254,373,40,30,1,4,-1,0
47,-1,654,559,122,98,1,4,-1,0
47,-1,1011,429,83,47,1,4,-1,1
47,-1,234,371,59,44,1,4,-1,0
47,-1,910,414,62,35,1,4,-1,1
47,-1,512,416,107,73,1,4,-1,0
48,-1,553,442,77,52,1,4,-1,0
48,-1,994,427,83,47,1,4,-1,0
48,-1,584,438,90,61,1,4,-1,0
48,-1,236,363,56,43,1,4,-1,0
48,-1,852,440,116,69,1,4,-1,1
49,-1,562,445,80,54,1,4,-1,0
49,-1,696,586,148,111,1,4,-1,0
49,-1,886,425,80,48,1,4,-1,1
49,-1,548,430,65,44,1,4,-1,0
49,-1,987,408,96,58,1,4,-1,0
49,-1,274,351,50,38,1,4,-1,0
50,-1,876,422,79,49,1,4,-1,1
50,-1,963,419,80,51,1,4,-1,0
50,-1,242,365,56,41,1,4,-1,0
50,-1,575,443,97,66,1,4,-1,0
50,-1,950,430,65,41,1,4,-1,0
51,-1,949,416,75,46,1,4,-1,0
51,-1,948,381,86,53,1,4,-1,0
51,-1,779,632,121,86,1,4,-1,0
51,-1,933,413,57,35,1,4,-1,0
52,-1,592,457,88,59,1,4,-1,0
52,-1,857,418,75,48,1,4,-1,1
52,-1,939,417,71,43,1,4,-1,0
52,-1,937,398,98,59,1,4,-1,0
52,-1,228,365,60,43,1,4,-1,0
52,-1,581,462,51,34,1,4,-1,0
53,-1,604,462,90,61,1,4,-1,0
53,-1,849,416,72,48,1,4,-1,1
53,-1,922,413,74,43,1,4,-1,0
53,-1,750,626,298,220,1,4,-1,0
53,-1,958,423,66,38,1,4,-1,0
53,-1,948,394,54,31,1,4,-1,0
54,-1,616,468,92,62,1,4,-1,0
54,-1,831,679,219,165,1,4,-1,0
54,-1,840,414,70,47,1,4,-1,1
54,-1,283,368,22,17,1,4,-1,0
54,-1,764,619,296,223,1,4,-1,0
54,-1,918,397,60,41,1,4,-1,0
55,-1,627,473,95,64,1,4,-1,0
55,-1,255,379,65,47,1,4,-1,0
55,-1,622,466,98,66,1,4,-1,0
55,-1,823,417,60,42,1,4,-1,1
56,-1,639,478,97,67,1,4,-1,0
56,-1,815,411,75,50,1,4,-1,1
56,-1,885,404,66,46,1,4,-1,0
56,-1,922,722,246,188,1,4,-1,0
56,-1,668,497,102,71,1,4,-1,0
56,-1,255,369,43,30,1,4,-1,0
56,-1,875,692,354,270,1,4,-1,0
57,-1,651,484,99,68,1,4,-1,0
57,-1,818,409,63,47,1,4,-1,1
57,-1,873,399,59,46,1,4,-1,1
57,-1,965,798,273,197,1,4,-1,0
57,-1,856,404,56,44,1,4,-1,1
57,-1,796,399,58,43,1,4,-1,1
58,-1,662,489,102,70,1,4,-1,0
58,-1,1023,778,314,251,1,4,-1,0
58,-1,855,383,35,26,1,4,-1,1
58,-1,252,389,53,39,1,4,-1,0
58,-1,253,410,59,43,1,4,-1,0
59,-1,854,400,58,42,1,4,-1,1
59,-1,1093,830,332,266,1,4,-1,0
59,-1,856,404,50,37,1,4,-1,1
59,-1,660,519,119,82,1,4,-1,0
59,-1,782,425,82,49,1,4,-1,1
60,-1,840,395,59,43,1,4,-1,1
60,-1,779,430,76,40,1,4,-1,1
60,-1,796,378,52,27,1,4,-1,1
60,-1,842,398,85,62,1,4,-1,1
61,-1,271,386,47,34,1,4,-1,0
61,-1,703,508,110,76,1,4,-1,0
61,-1,832,394,57,41,1,4,-1,1
61,-1,1370,1000,262,206,1,4,-1,0
61,-1,831,391,37,27,1,4,-1,1
61,-1,880,395,39,28,1,4,-1,1
62,-1,720,516,115,78,1,4,-1,0
62,-1,778,402,63,36,1,4,-1,1
62,-1,811,391,54,38,1,4,-1,1
62,-1,789,422,70,40,1,4,-1,1
62,-1,1355,951,567,441,1,4,-1,0
63,-1,273,388,48,34,1,4,-1,0
63,-1,818,394,51,35,1,4,-1,1
63,-1,1516,1104,561,402,1,4,-1,0
63,-1,816,411,43,30,1,4,-1,1
63,-1,781,402,66,40,1,4,-1,1
63,-1,785,410,44,27,1,4,-1,1
64,-1,1692,1195,614,314,1,4,-1,0
64,-1,286,412,30,21,1,4,-1,0
64,-1,814,407,52,38,1,4,-1,1
64,-1,815,385,58,42,1,4,-1,1
65,-1,771,541,130,85,1,4,-1,0
65,-1,761,359,86,51,1,4,-1,1
65,-1,274,370,30,22,1,4,-1,0
66,-1,277,391,49,35,1,4,-1,0
66,-1,776,388,59,38,1,4,-1,1
66,-1,789,366,62,40,1,4,-1,1
66,-1,765,370,81,52,1,4,-1,1
67,-1,860,580,67,53,1,4,-1,0
67,-1,795,382,72,47,1,4,-1,1
68,-1,735,393,59,43,1,4,-1,1
68,-1,832,569,138,102,1,4,-1,0
68,-1,840,587,151,112,1,4,-1,0
68,-1,757,404,71,43,1,4,-1,1
69,-1,281,394,50,36,1,4,-1,0
69,-1,752,387,53,33,1,4,-1,1
69,-1,852,581,149,105,1,4,-1,0
69,-1,803,541,216,152,1,4,-1,0
69,-1,757,395,65,41,1,4,-1,1
70,-1,282,395,51,36,1,4,-1,0
70,-1,725,395,57,36,1,4,-1,1
70,-1,743,384,53,38,1,4,-1,1
70,-1,878,594,160,107,1,4,-1,0
70,-1,897,618,84,56,1,4,-1,0
70,-1,299,385,69,49,1,4,-1,0
71,-1,283,396,52,36,1,4,-1,0
71,-1,905,607,170,109,1,4,-1,0
71,-1,735,392,65,48,1,4,-1,1
71,-1,761,377,26,19,1,4,-1,1
72,-1,2381,784,300,144,1,4,-1,1
72,-1,298,395,71,50,1,4,-1,0
72,-1,2313,753,445,214,1,4,-1,1
72,-1,937,626,137,84,1,4,-1,0
73,-1,286,398,52,37,1,4,-1,0
73,-1,283,419,73,52,1,4,-1,0
73,-1,718,411,84,49,1,4,-1,1
73,-1,297,395,29,21,1,4,-1,0
74,-1,702,391,58,33,1,4,-1,1
74,-1,714,374,53,30,1,4,-1,1
74,-1,982,622,221,150,1,4,-1,0
74,-1,293,384,50,36,1,4,-1,0
75,-1,1039,665,200,141,1,4,-1,0
75,-1,2079,707,331,137,1,4,-1,1
75,-1,712,384,49,38,1,4,-1,1
75,-1,259,405,78,56,1,4,-1,0
75,-1,2056,713,369,153,1,4,-1,1
76,-1,290,401,54,39,1,4,-1,0
76,-1,696,379,46,30,1,4,-1,1
76,-1,1091,689,220,154,1,4,-1,0
76,-1,643,384,81,45,1,4,-1,1
76,-1,2042,689,253,108,1,4,-1,1
76,-1,722,374,68,44,1,4,-1,1
77,-1,291,403,55,39,1,4,-1,0
77,-1,1143,713,240,167,1,4,-1,0
77,-1,290,389,34,24,1,4,-1,0
77,-1,307,411,42,30,1,4,-1,0
77,-1,679,370,70,40,1,4,-1,1
78,-1,679,387,59,34,1,4,-1,1
78,-1,1195,738,261,179,1,4,-1,0
78,-1,1166,725,368,253,1,4,-1,0
78,-1,306,407,45,32,1,4,-1,0
78,-1,1871,642,207,96,1,4,-1,1
79,-1,294,405,55,40,1,4,-1,0
79,-1,1772,628,233,113,1,4,-1,1
79,-1,671,394,55,35,1,4,-1,1
79,-1,1787,639,209,101,1,4,-1,1
79,-1,663,379,63,43,1,4,-1,1
80,-1,677,379,43,31,1,4,-1,1
80,-1,677,385,50,34,1,4,-1,1
80,-1,1714,614,220,106,1,4,-1,1
80,-1,1297,775,334,227,1,4,-1,0
80,-1,676,388,67,46,1,4,-1,1
80,-1,1344,837,205,139,1,4,-1,0
81,-1,296,407,57,42,1,4,-1,0
81,-1,1351,811,322,218,1,4,-1,0
81,-1,1656,600,207,100,1,4,-1,1
81,-1,1308,737,423,286,1,4,-1,0
81,-1,323,428,30,22,1,4,-1,0
81,-1,303,395,55,41,1,4,-1,0
82,-1,298,409,57,42,1,4,-1,0
82,-1,1403,836,343,231,1,4,-1,0
82,-1,311,412,74,54,1,4,-1,0
82,-1,292,397,39,29,1,4,-1,0
82,-1,278,409,57,42,1,4,-1,0
83,-1,299,411,58,42,1,4,-1,0
83,-1,650,372,45,36,1,4,-1,1
83,-1,1503,882,392,262,1,4,-1,0
83,-1,1558,577,185,91,1,4,-1,1
83,-1,278,430,78,57,1,4,-1,0
83,-1,1590,572,107,52,1,4,-1,1
83,-1,1570,593,129,63,1,4,-1,1
84,-1,1517,568,178,89,1,4,-1,1
84,-1,1506,540,193,97,1,4,-1,1
84,-1,295,415,62,46,1,4,-1,0
84,-1,665,375,42,28,1,4,-1,1
85,-1,303,416,58,43,1,4,-1,0
85,-1,655,382,46,31,1,4,-1,1
85,-1,1476,559,170,87,1,4,-1,1
85,-1,1705,976,488,323,1,4,-1,0
85,-1,1714,970,452,299,1,4,-1,0
85,-1,684,437,29,20,1,4,-1,1
85,-1,639,357,51,41,1,4,-1,1
86,-1,640,371,39,38,1,4,-1,1
86,-1,1435,550,163,85,1,4,-1,1
86,-1,1806,1023,537,354,1,4,-1,0
86,-1,647,373,44,43,1,4,-1,1
86,-1,329,409,51,39,1,4,-1,0
86,-1,1888,1079,400,264,1,4,-1,0
87,-1,631,374,43,31,1,4,-1,1
87,-1,647,381,44,31,1,4,-1,1
87,-1,1395,541,155,83,1,4,-1,1
87,-1,1996,1092,509,317,1,4,-1,0
87,-1,2036,1129,419,261,1,4,-1,0
87,-1,662,362,27,19,1,4,-1,1
88,-1,624,373,43,30,1,4,-1,1
88,-1,647,378,59,41,1,4,-1,1
88,-1,315,425,69,51,1,4,-1,0
89,-1,1313,523,143,77,1,4,-1,1
89,-1,1302,505,165,89,1,4,-1,1
89,-1,314,417,60,45,1,4,-1,0
90,-1,612,371,42,28,1,4,-1,1
90,-1,1305,553,67,37,1,4,-1,1
90,-1,663,387,27,19,1,4,-1,1
91,-1,633,381,40,29,1,4,-1,1
91,-1,580,353,56,36,1,4,-1,1
91,-1,328,438,35,26,1,4,-1,0
92,-1,317,431,61,47,1,4,-1,0
92,-1,1226,508,143,77,1,4,-1,1
92,-1,1224,501,135,72,1,4,-1,1
92,-1,620,382,38,28,1,4,-1,1
93,-1,320,433,62,48,1,4,-1,0
93,-1,626,378,43,33,1,4,-1,1
93,-1,1203,502,136,75,1,4,-1,1
93,-1,626,372,52,40,1,4,-1,1
93,-1,623,380,44,34,1,4,-1,1
94,-1,323,435,63,49,1,4,-1,0
94,-1,623,377,45,35,1,4,-1,1
94,-1,597,394,32,29,1,4,-1,1
94,-1,619,367,50,39,1,4,-1,1
95,-1,1157,490,122,71,1,4,-1,1
95,-1,578,363,27,26,1,4,-1,1
95,-1,358,474,32,25,1,4,-1,0
96,-1,330,438,63,51,1,4,-1,0
96,-1,587,366,35,35,1,4,-1,1
96,-1,2524,738,164,137,1,4,-1,1
96,-1,332,469,52,42,1,4,-1,0
96,-1,1160,512,137,82,1,4,-1,1
96,-1,599,407,27,27,1,4,-1,1
97,-1,1112,478,108,68,1,4,-1,1
97,-1,2443,730,241,153,1,4,-1,1
97,-1,316,413,89,73,1,4,-1,0
97,-1,603,360,66,55,1,4,-1,1
97,-1,622,376,26,29,1,4,-1,1
98,-1,577,364,36,36,1,4,-1,1
98,-1,609,375,49,39,1,4,-1,1
98,-1,600,365,66,52,1,4,-1,1
98,-1,1078,501,87,49,1,4,-1,1
98,-1,337,450,45,37,1,4,-1,0
99,-1,339,444,65,53,1,4,-1,0
99,-1,605,378,48,35,1,4,-1,1
99,-1,2303,709,320,134,1,4,-1,1
99,-1,613,372,25,18,1,4,-1,1
99,-1,343,447,67,55,1,4,-1,0
99,-1,1048,508,82,47,1,4,-1,1
100,-1,343,446,65,54,1,4,-1,0
100,-1,569,366,36,33,1,4,-1,0
100,-1,602,381,46,31,1,4,-1,1
100,-1,2226,697,307,121,1,4,-1,1
100,-1,1054,467,55,32,1,4,-1,1
100,-1,1045,457,136,78,1,4,-1,1
100,-1,2207,687,321,126,1,4,-1,1
101,-1,599,380,45,31,1,4,-1,1
101,-1,1032,459,94,54,1,4,-1,1
101,-1,345,459,59,48,1,4,-1,0
101,-1,646,370,44,30,1,4,-1,1
101,-1,573,383,33,30,1,4,-1,0
102,-1,597,380,44,30,1,4,-1,1
102,-1,1014,455,96,56,1,4,-1,1
102,-1,2102,669,283,116,1,4,-1,1
102,-1,560,335,53,48,1,4,-1,0
102,-1,338,439,80,64,1,4,-1,0
102,-1,2150,670,213,87,1,4,-1,1
103,-1,594,379,44,30,1,4,-1,1
103,-1,564,365,42,39,1,4,-1,0
103,-1,2023,668,282,117,1,4,-1,1
103,-1,593,369,41,28,1,4,-1,1
104,-1,592,379,43,30,1,4,-1,1
104,-1,977,447,100,59,1,4,-1,1
104,-1,1985,646,260,110,1,4,-1,1
104,-1,1981,622,236,100,1,4,-1,1
104,-1,979,438,90,53,1,4,-1,1
104,-1,603,383,35,24,1,4,-1,1
105,-1,360,464,69,53,1,4,-1,0
105,-1,550,366,36,34,1,4,-1,0
105,-1,589,378,43,30,1,4,-1,1
105,-1,1934,636,248,107,1,4,-1,1
105,-1,559,359,40,37,1,4,-1,0
105,-1,562,362,31,21,1,4,-1,1
105,-1,597,382,39,27,1,4,-1,1
106,-1,363,467,71,55,1,4,-1,0
106,-1,546,366,36,34,1,4,-1,0
106,-1,587,378,42,29,1,4,-1,1
106,-1,1885,624,236,104,1,4,-1,1
106,-1,389,457,51,39,1,4,-1,0
106,-1,951,432,91,54,1,4,-1,1
106,-1,1894,662,235,103,1,4,-1,1
107,-1,584,377,42,30,1,4,-1,1
107,-1,1805,582,290,131,1,4,-1,1
107,-1,585,393,38,27,1,4,-1,1
107,-1,381,493,41,32,1,4,-1,0
108,-1,369,473,74,58,1,4,-1,0
108,-1,538,366,36,34,1,4,-1,0
108,-1,2235,726,358,141,1,4,-1,1
108,-1,897,466,117,73,1,4,-1,1
108,-1,336,483,73,57,1,4,-1,0
109,-1,534,366,36,34,1,4,-1,0
109,-1,905,434,82,52,1,4,-1,1
109,-1,1755,596,207,95,1,4,-1,1
109,-1,2118,727,323,131,1,4,-1,1
109,-1,388,463,65,51,1,4,-1,0
109,-1,534,375,45,43,1,4,-1,0
109,-1,940,411,70,45,1,4,-1,1
110,-1,531,366,36,35,1,4,-1,0
110,-1,894,433,74,48,1,4,-1,1
110,-1,2025,707,301,116,1,4,-1,1
110,-1,2051,698,271,104,1,4,-1,1
110,-1,895,449,76,49,1,4,-1,1
110,-1,1686,575,243,111,1,4,-1,1
111,-1,380,483,78,62,1,4,-1,0
111,-1,530,364,37,41,1,4,-1,0
111,-1,882,430,72,49,1,4,-1,1
111,-1,578,408,60,48,1,4,-1,1
111,-1,524,358,54,59,1,4,-1,0
111,-1,580,389,39,31,1,4,-1,1
111,-1,267,369,55,52,1,4,-1,0
112,-1,289,378,46,43,1,4,-1,0
112,-1,526,364,37,39,1,4,-1,0
112,-1,870,428,70,49,1,4,-1,1
112,-1,1643,574,185,86,1,4,-1,1
112,-1,1641,570,137,64,1,4,-1,1
112,-1,1856,657,225,89,1,4,-1,1
112,-1,1856,641,280,111,1,4,-1,1
112,-1,852,428,73,51,1,4,-1,1
113,-1,291,380,47,44,1,4,-1,0
113,-1,523,364,36,38,1,4,-1,0
113,-1,858,425,68,51,1,4,-1,1
113,-1,1611,568,172,80,1,4,-1,1
113,-1,1792,648,239,103,1,4,-1,1
113,-1,1799,666,196,84,1,4,-1,1
113,-1,516,364,19,21,1,4,-1,0
113,-1,575,396,29,20,1,4,-1,1
113,-1,533,362,45,47,1,4,-1,0
114,-1,293,382,49,44,1,4,-1,0
114,-1,394,495,83,65,1,4,-1,0
114,-1,520,365,36,36,1,4,-1,0
114,-1,846,423,66,51,1,4,-1,1
114,-1,1574,563,173,80,1,4,-1,1
114,-1,588,376,24,15,1,4,-1,1
114,-1,823,439,72,55,1,4,-1,1
114,-1,1557,563,255,118,1,4,-1,1
114,-1,541,375,22,22,1,4,-1,0
115,-1,296,384,49,45,1,4,-1,0
115,-1,562,375,40,24,1,4,-1,1
115,-1,835,421,64,52,1,4,-1,1
115,-1,1725,665,131,59,1,4,-1,1
115,-1,479,374,37,36,1,4,-1,0
115,-1,424,513,68,53,1,4,-1,0
115,-1,1621,592,285,129,1,4,-1,1
116,-1,298,386,51,45,1,4,-1,0
116,-1,404,502,85,68,1,4,-1,0
116,-1,513,366,36,33,1,4,-1,0
116,-1,1508,544,164,75,1,4,-1,1
116,-1,1605,635,157,72,1,4,-1,1
116,-1,273,395,67,59,1,4,-1,0
116,-1,599,386,34,20,1,4,-1,1
116,-1,1660,640,125,57,1,4,-1,1
117,-1,300,388,52,46,1,4,-1,0
117,-1,795,412,79,58,1,4,-1,1
117,-1,1479,541,155,72,1,4,-1,1
117,-1,1481,535,158,73,1,4,-1,1
117,-1,781,427,70,52,1,4,-1,1
117,-1,1535,599,164,84,1,4,-1,1
117,-1,291,382,47,41,1,4,-1,0
118,-1,303,390,53,47,1,4,-1,0
118,-1,506,367,36,30,1,4,-1,0
118,-1,555,376,36,26,1,4,-1,1
118,-1,788,412,75,54,1,4,-1,1
118,-1,1510,580,175,98,1,4,-1,1
118,-1,291,394,54,48,1,4,-1,0
118,-1,1447,525,157,66,1,4,-1,1
118,-1,385,520,91,72,1,4,-1,0
118,-1,801,423,71,51,1,4,-1,1
119,-1,305,390,55,47,1,4,-1,0
119,-1,418,514,90,71,1,4,-1,0
119,-1,503,367,35,29,1,4,-1,0
119,-1,780,413,72,49,1,4,-1,1
119,-1,1425,527,155,68,1,4,-1,1
119,-1,1470,570,167,91,1,4,-1,1
119,-1,1428,524,237,129,1,4,-1,1
119,-1,1472,534,129,57,1,4,-1,1
119,-1,541,373,35,26,1,4,-1,1
119,-1,782,453,39,27,1,4,-1,1
120,-1,500,368,35,27,1,4,-1,0
120,-1,773,413,68,45,1,4,-1,1
120,-1,1400,523,147,68,1,4,-1,1
120,-1,1430,561,161,89,1,4,-1,1
120,-1,382,497,125,99,1,4,-1,0
120,-1,547,356,46,39,1,4,-1,1
120,-1,1410,534,209,116,1,4,-1,1
120,-1,1395,538,162,75,1,4,-1,1
121,-1,497,371,34,23,1,4,-1,0
121,-1,549,375,32,29,1,4,-1,1
121,-1,1375,519,140,68,1,4,-1,1
121,-1,1390,552,156,87,1,4,-1,1
121,-1,1357,562,189,106,1,4,-1,1
121,-1,321,399,86,68,1,4,-1,0
121,-1,1361,527,208,116,1,4,-1,1
121,-1,560,382,18,17,1,4,-1,1
122,-1,543,375,36,31,1,4,-1,1
122,-1,755,413,66,39,1,4,-1,1
122,-1,1350,543,151,86,1,4,-1,1
122,-1,399,500,114,92,1,4,-1,0
122,-1,410,515,97,78,1,4,-1,0
122,-1,511,350,47,41,1,4,-1,1
122,-1,1348,520,166,84,1,4,-1,1
123,-1,441,531,93,77,1,4,-1,0
123,-1,541,375,36,32,1,4,-1,1
123,-1,745,413,67,37,1,4,-1,1
123,-1,1310,534,146,84,1,4,-1,1
123,-1,522,364,47,42,1,4,-1,1
123,-1,743,394,56,31,1,4,-1,1
123,-1,1304,540,152,78,1,4,-1,1
124,-1,735,412,68,35,1,4,-1,1
124,-1,1302,509,129,67,1,4,-1,1
124,-1,422,525,141,118,1,4,-1,0
124,-1,333,391,50,38,1,4,-1,0
124,-1,747,388,94,48,1,4,-1,1
125,-1,453,543,100,83,1,4,-1,0
125,-1,536,376,36,30,1,4,-1,1
125,-1,725,412,70,33,1,4,-1,1
125,-1,463,560,66,54,1,4,-1,0
125,-1,496,595,67,56,1,4,-1,0
125,-1,1332,503,80,42,1,4,-1,1
126,-1,460,549,102,86,1,4,-1,0
126,-1,716,410,69,33,1,4,-1,1
126,-1,1217,516,128,77,1,4,-1,1
126,-1,1263,501,125,67,1,4,-1,1
126,-1,728,381,50,24,1,4,-1,1
126,-1,711,429,62,30,1,4,-1,1
126,-1,515,364,34,32,1,4,-1,1
127,-1,329,403,66,48,1,4,-1,0
127,-1,466,555,106,89,1,4,-1,0
127,-1,531,378,39,28,1,4,-1,1
127,-1,714,378,99,49,1,4,-1,1
127,-1,316,373,96,70,1,4,-1,0
127,-1,1268,507,77,43,1,4,-1,1
128,-1,333,406,67,49,1,4,-1,0
128,-1,473,562,109,91,1,4,-1,0
128,-1,700,407,65,33,1,4,-1,1
128,-1,1224,493,121,68,1,4,-1,1
128,-1,1199,553,59,36,1,4,-1,1
128,-1,506,581,57,47,1,4,-1,0
128,-1,1201,476,168,94,1,4,-1,1
129,-1,479,568,112,94,1,4,-1,0
129,-1,530,378,39,28,1,4,-1,1
129,-1,692,406,63,33,1,4,-1,1
129,-1,678,390,71,37,1,4,-1,1
129,-1,659,402,74,39,1,4,-1,1
129,-1,715,408,37,19,1,4,-1,1
130,-1,337,407,71,50,1,4,-1,0
130,-1,1187,487,116,64,1,4,-1,1
130,-1,1169,472,171,94,1,4,-1,1
130,-1,1152,479,158,87,1,4,-1,1
130,-1,493,565,137,115,1,4,-1,0
131,-1,340,408,73,51,1,4,-1,0
131,-1,492,580,118,100,1,4,-1,0
131,-1,525,376,38,28,1,4,-1,1
131,-1,675,403,60,33,1,4,-1,1
131,-1,1086,493,110,60,1,4,-1,1
131,-1,593,373,39,29,1,4,-1,1
131,-1,1171,481,125,66,1,4,-1,1
131,-1,333,417,106,74,1,4,-1,0
132,-1,346,412,74,51,1,4,-1,0
132,-1,667,401,58,33,1,4,-1,1
132,-1,1061,488,107,56,1,4,-1,1
132,-1,1151,481,112,56,1,4,-1,1
132,-1,566,356,27,20,1,4,-1,1
132,-1,533,381,30,22,1,4,-1,1
132,-1,681,400,53,30,1,4,-1,1
133,-1,659,400,56,33,1,4,-1,1
133,-1,1082,492,70,35,1,4,-1,1
133,-1,1103,473,127,62,1,4,-1,1
133,-1,1049,517,61,30,1,4,-1,1
134,-1,359,420,77,51,1,4,-1,0
134,-1,515,603,129,108,1,4,-1,0
134,-1,518,376,37,27,1,4,-1,1
134,-1,483,592,145,122,1,4,-1,0
134,-1,397,412,61,40,1,4,-1,0
134,-1,1047,500,61,31,1,4,-1,1
135,-1,516,378,36,26,1,4,-1,1
135,-1,526,613,132,111,1,4,-1,0
135,-1,999,476,94,50,1,4,-1,1
135,-1,1104,472,98,53,1,4,-1,1
135,-1,1117,451,103,56,1,4,-1,1
135,-1,1015,444,123,65,1,4,-1,1
135,-1,1006,501,87,46,1,4,-1,1
136,-1,363,426,77,51,1,4,-1,0
136,-1,514,377,36,27,1,4,-1,1
136,-1,639,399,60,37,1,4,-1,1
136,-1,666,402,40,24,1,4,-1,1
136,-1,380,438,50,33,1,4,-1,0
136,-1,359,418,91,61,1,4,-1,0
137,-1,371,426,77,51,1,4,-1,0
137,-1,512,377,36,27,1,4,-1,1
137,-1,632,399,59,36,1,4,-1,1
137,-1,963,468,89,50,1,4,-1,1
137,-1,1075,466,92,53,1,4,-1,1
137,-1,535,347,31,23,1,4,-1,1
137,-1,370,436,87,58,1,4,-1,0
137,-1,359,415,80,53,1,4,-1,0
138,-1,379,432,77,51,1,4,-1,0
138,-1,511,376,36,29,1,4,-1,1
138,-1,1069,435,112,64,1,4,-1,1
138,-1,547,644,186,155,1,4,-1,0
138,-1,629,403,46,28,1,4,-1,1
139,-1,509,376,36,29,1,4,-1,1
139,-1,618,399,57,33,1,4,-1,1
139,-1,928,461,90,49,1,4,-1,1
139,-1,932,443,71,39,1,4,-1,1
139,-1,930,475,73,40,1,4,-1,1
139,-1,516,378,53,43,1,4,-1,1
140,-1,391,440,77,51,1,4,-1,0
140,-1,508,376,36,30,1,4,-1,1
140,-1,611,399,56,32,1,4,-1,1
140,-1,911,458,90,48,1,4,-1,1
140,-1,934,467,72,38,1,4,-1,1
140,-1,380,432,107,71,1,4,-1,0
140,-1,612,397,49,28,1,4,-1,1
141,-1,500,375,41,27,1,4,-1,1
141,-1,590,676,154,127,1,4,-1,0
141,-1,604,399,55,31,1,4,-1,1
141,-1,896,461,85,36,1,4,-1,1
141,-1,1019,462,80,45,1,4,-1,1
141,-1,920,463,45,19,1,4,-1,1
141,-1,602,391,72,41,1,4,-1,1
141,-1,403,440,83,55,1,4,-1,0
142,-1,498,375,41,28,1,4,-1,1
142,-1,881,458,83,37,1,4,-1,1
142,-1,1007,460,79,44,1,4,-1,1
142,-1,436,450,74,49,1,4,-1,0
142,-1,847,481,82,36,1,4,-1,1
142,-1,604,392,42,27,1,4,-1,1
143,-1,615,696,170,141,1,4,-1,0
143,-1,866,455,82,39,1,4,-1,1
143,-1,867,477,68,32,1,4,-1,1
143,-1,407,459,88,58,1,4,-1,0
143,-1,484,347,29,21,1,4,-1,1
144,-1,584,397,49,34,1,4,-1,1
144,-1,633,712,178,148,1,4,-1,0
144,-1,984,457,43,24,1,4,-1,0
144,-1,962,457,66,37,1,4,-1,0
144,-1,855,458,74,36,1,4,-1,1
145,-1,580,397,48,32,1,4,-1,1
145,-1,652,729,186,154,1,4,-1,0
145,-1,972,454,77,44,1,4,-1,0
145,-1,519,400,48,35,1,4,-1,1
145,-1,436,463,70,46,1,4,-1,0
145,-1,491,332,54,40,1,4,-1,1
146,-1,436,459,78,52,1,4,-1,0
146,-1,671,746,193,161,1,4,-1,0
146,-1,415,490,40,27,1,4,-1,0
146,-1,450,438,77,51,1,4,-1,0
146,-1,464,464,56,37,1,4,-1,0
147,-1,488,376,41,29,1,4,-1,1
147,-1,949,450,75,44,1,4,-1,0
147,-1,422,459,108,75,1,4,-1,0
147,-1,494,390,37,26,1,4,-1,1
147,-1,940,442,100,59,1,4,-1,0
148,-1,458,469,78,56,1,4,-1,0
148,-1,568,395,47,29,1,4,-1,1
148,-1,806,443,78,39,1,4,-1,1
148,-1,937,448,75,44,1,4,-1,0
148,-1,662,724,293,245,1,4,-1,0
148,-1,916,444,108,63,1,4,-1,0
148,-1,659,745,264,221,1,4,-1,0
149,-1,564,395,46,27,1,4,-1,1
149,-1,926,446,74,44,1,4,-1,0
149,-1,548,387,55,32,1,4,-1,1
149,-1,466,494,67,49,1,4,-1,0
149,-1,472,395,26,19,1,4,-1,1
150,-1,480,480,78,59,1,4,-1,0
150,-1,745,813,225,188,1,4,-1,0
150,-1,782,439,76,39,1,4,-1,1
150,-1,929,437,65,39,1,4,-1,0
150,-1,757,837,205,171,1,4,-1,0
150,-1,709,808,244,204,1,4,-1,0
151,-1,491,485,78,61,1,4,-1,0
151,-1,554,394,44,28,1,4,-1,1
151,-1,771,437,75,39,1,4,-1,1
151,-1,903,442,72,44,1,4,-1,0
151,-1,554,398,65,41,1,4,-1,1
151,-1,775,449,49,25,1,4,-1,1
151,-1,718,792,321,267,1,4,-1,0
152,-1,503,491,77,62,1,4,-1,0
152,-1,783,847,241,201,1,4,-1,0
152,-1,2448,830,267,137,1,4,-1,1
152,-1,530,364,34,25,1,4,-1,1
152,-1,728,811,302,252,1,4,-1,0
153,-1,519,496,77,64,1,4,-1,0
153,-1,544,393,42,32,1,4,-1,1
153,-1,746,430,71,38,1,4,-1,1
153,-1,2315,784,356,137,1,4,-1,1
153,-1,541,379,46,35,1,4,-1,1
153,-1,892,455,39,24,1,4,-1,0
153,-1,2290,768,400,154,1,4,-1,1
154,-1,536,502,77,65,1,4,-1,0
154,-1,540,392,42,34,1,4,-1,1
154,-1,734,425,75,45,1,4,-1,1
154,-1,832,897,280,237,1,4,-1,0
154,-1,559,482,79,67,1,4,-1,0
154,-1,536,391,57,46,1,4,-1,1
154,-1,899,438,43,28,1,4,-1,0
155,-1,546,509,82,68,1,4,-1,0
155,-1,857,923,300,254,1,4,-1,0
155,-1,2131,744,308,130,1,4,-1,1
155,-1,536,500,107,89,1,4,-1,0
155,-1,884,944,231,195,1,4,-1,0
155,-1,532,462,81,67,1,4,-1,0
156,-1,531,390,43,39,1,4,-1,1
156,-1,561,516,86,71,1,4,-1,0
156,-1,718,429,68,37,1,4,-1,1
156,-1,897,960,319,271,1,4,-1,0
156,-1,538,398,42,38,1,4,-1,1
156,-1,545,506,115,95,1,4,-1,0
156,-1,560,410,39,35,1,4,-1,1
157,-1,526,389,45,41,1,4,-1,1
157,-1,577,524,90,73,1,4,-1,0
157,-1,710,428,66,37,1,4,-1,1
157,-1,844,431,68,45,1,4,-1,0
157,-1,1955,706,272,117,1,4,-1,1
157,-1,509,391,61,56,1,4,-1,1
157,-1,576,495,126,102,1,4,-1,0
157,-1,1965,714,236,101,1,4,-1,1
158,-1,522,388,45,44,1,4,-1,1
158,-1,977,1034,358,306,1,4,-1,0
158,-1,1868,687,254,111,1,4,-1,1
158,-1,827,449,82,55,1,4,-1,0
158,-1,1030,1070,271,232,1,4,-1,0
158,-1,708,401,74,43,1,4,-1,1
159,-1,517,387,46,46,1,4,-1,1
159,-1,695,425,60,37,1,4,-1,1
159,-1,827,428,67,46,1,4,-1,0
159,-1,1814,673,237,104,1,4,-1,1
159,-1,840,469,53,37,1,4,-1,0
159,-1,611,540,83,67,1,4,-1,0
159,-1,1790,662,247,108,1,4,-1,1
160,-1,513,386,46,48,1,4,-1,1
160,-1,625,549,106,81,1,4,-1,0
160,-1,687,423,57,37,1,4,-1,1
160,-1,819,427,66,46,1,4,-1,0
160,-1,1070,1115,415,317,1,4,-1,0
160,-1,1760,659,221,98,1,4,-1,1
160,-1,1786,650,192,85,1,4,-1,1
160,-1,1778,637,212,94,1,4,-1,1
160,-1,589,513,157,120,1,4,-1,0
161,-1,509,385,47,51,1,4,-1,1
161,-1,642,559,114,84,1,4,-1,0
161,-1,810,426,66,46,1,4,-1,0
161,-1,661,433,73,49,1,4,-1,1
161,-1,683,564,60,44,1,4,-1,0
161,-1,1169,1147,378,260,1,4,-1,0
162,-1,660,569,122,87,1,4,-1,0
162,-1,672,421,52,37,1,4,-1,1
162,-1,802,425,65,47,1,4,-1,0
162,-1,1176,1205,490,303,1,4,-1,0
162,-1,672,434,65,46,1,4,-1,1
162,-1,805,429,51,37,1,4,-1,0
162,-1,1175,1203,501,310,1,4,-1,0
163,-1,650,419,63,48,1,4,-1,1
163,-1,791,427,68,44,1,4,-1,0
163,-1,1599,622,184,81,1,4,-1,1
163,-1,486,410,22,18,1,4,-1,1
163,-1,488,389,48,38,1,4,-1,1
163,-1,490,390,26,20,1,4,-1,1
164,-1,629,418,74,59,1,4,-1,1
164,-1,713,589,119,95,1,4,-1,0
164,-1,784,427,64,42,1,4,-1,0
164,-1,1599,603,105,44,1,4,-1,1
164,-1,1550,615,160,68,1,4,-1,1
164,-1,793,446,59,38,1,4,-1,0
165,-1,495,393,41,32,1,4,-1,1
165,-1,629,416,67,53,1,4,-1,1
165,-1,740,601,134,102,1,4,-1,0
165,-1,1493,601,176,71,1,4,-1,1
165,-1,683,564,199,151,1,4,-1,0
165,-1,480,389,48,37,1,4,-1,1
165,-1,729,595,149,113,1,4,-1,0
166,-1,1451,595,176,71,1,4,-1,1
166,-1,614,412,62,47,1,4,-1,1
166,-1,782,610,130,94,1,4,-1,0
166,-1,759,438,52,36,1,4,-1,0
167,-1,762,424,58,40,1,4,-1,0
167,-1,466,389,33,26,1,4,-1,1
167,-1,858,652,86,62,1,4,-1,0
167,-1,446,401,50,40,1,4,-1,1
168,-1,629,413,47,32,1,4,-1,1
168,-1,845,652,166,122,1,4,-1,0
168,-1,884,651,105,78,1,4,-1,0
168,-1,1379,570,203,82,1,4,-1,1
168,-1,484,419,30,24,1,4,-1,1
169,-1,621,412,47,33,1,4,-1,1
169,-1,747,423,59,38,1,4,-1,0
169,-1,1340,575,166,71,1,4,-1,1
169,-1,1299,555,207,89,1,4,-1,1
169,-1,625,427,58,41,1,4,-1,1
169,-1,612,407,43,30,1,4,-1,1
170,-1,740,423,61,37,1,4,-1,0
170,-1,923,690,182,136,1,4,-1,0
170,-1,929,694,128,96,1,4,-1,0
170,-1,727,416,83,50,1,4,-1,0
171,-1,607,412,48,33,1,4,-1,1
171,-1,734,422,58,37,1,4,-1,0
171,-1,962,709,191,143,1,4,-1,0
171,-1,1286,560,146,71,1,4,-1,1
171,-1,584,400,44,30,1,4,-1,1
171,-1,946,681,217,162,1,4,-1,0
172,-1,728,421,56,38,1,4,-1,0
172,-1,1259,552,136,71,1,4,-1,1
172,-1,1024,761,217,152,1,4,-1,0
172,-1,730,414,79,54,1,4,-1,0
173,-1,723,421,53,38,1,4,-1,0
173,-1,1233,545,125,71,1,4,-1,1
173,-1,2396,829,285,159,1,4,-1,1
173,-1,2436,863,197,110,1,4,-1,1
173,-1,2466,870,167,93,1,4,-1,1
173,-1,588,382,50,34,1,4,-1,1
174,-1,716,421,56,36,1,4,-1,0
174,-1,1130,787,251,176,1,4,-1,0
174,-1,2290,792,369,157,1,4,-1,1
174,-1,718,420,59,38,1,4,-1,0
174,-1,2286,695,413,153,1,4,-1,1
174,-1,2324,695,308,114,1,4,-1,1
175,-1,588,406,47,41,1,4,-1,1
175,-1,584,415,45,39,1,4,-1,1
175,-1,699,422,69,58,1,4,-1,0
175,-1,1164,764,385,263,1,4,-1,0
176,-1,576,410,49,33,1,4,-1,1
176,-1,610,396,40,27,1,4,-1,1
176,-1,1196,812,480,321,1,4,-1,0
176,-1,1188,523,61,35,1,4,-1,1
177,-1,571,409,47,33,1,4,-1,1
177,-1,695,420,56,35,1,4,-1,0
177,-1,1379,910,359,236,1,4,-1,0
177,-1,2000,728,292,128,1,4,-1,1
177,-1,2106,658,260,101,1,4,-1,1
177,-1,2435,751,252,149,1,5,-1,1
177,-1,1122,541,116,68,1,4,-1,1
177,-1,2073,649,321,125,1,4,-1,1
177,-1,692,428,53,33,1,4,-1,0
177,-1,715,428,39,24,1,4,-1,0
178,-1,1500,968,424,278,1,4,-1,0
178,-1,2042,646,242,95,1,4,-1,1
178,-1,668,395,61,39,1,4,-1,0
178,-1,2027,648,299,117,1,4,-1,1
178,-1,1147,529,51,31,1,4,-1,1
178,-1,1948,720,195,98,1,4,-1,1
179,-1,561,409,43,32,1,4,-1,1
179,-1,1622,1027,488,320,1,4,-1,0
179,-1,1978,635,225,89,1,4,-1,1
179,-1,566,409,49,36,1,4,-1,1
179,-1,692,430,35,23,1,4,-1,0
179,-1,571,434,45,33,1,4,-1,1
179,-1,543,423,53,40,1,4,-1,1
180,-1,557,409,41,32,1,4,-1,1
180,-1,680,416,53,37,1,4,-1,0
180,-1,1775,1111,584,371,1,4,-1,0
180,-1,1781,672,233,100,1,4,-1,1
180,-1,1915,624,207,83,1,4,-1,1
180,-1,2196,706,301,127,1,5,-1,1
180,-1,2261,758,162,68,1,5,-1,1
180,-1,1079,509,103,63,1,4,-1,1
180,-1,1918,636,181,73,1,4,-1,1
180,-1,1770,1131,562,357,1,4,-1,0
181,-1,674,416,54,37,1,4,-1,0
181,-1,1721,654,216,101,1,4,-1,1
181,-1,1859,613,201,83,1,4,-1,1
181,-1,1988,1207,698,302,1,4,-1,0
181,-1,2162,683,232,100,1,5,-1,1
181,-1,1922,1166,837,362,1,4,-1,0
181,-1,668,440,52,36,1,4,-1,0
181,-1,1860,614,235,97,1,4,-1,1
182,-1,548,409,48,32,1,4,-1,1
182,-1,668,417,55,36,1,4,-1,0
182,-1,1661,636,199,103,1,4,-1,1
182,-1,2066,676,275,122,1,5,-1,1
182,-1,2078,678,242,108,1,5,-1,1
182,-1,1807,590,183,78,1,4,-1,1
182,-1,646,411,64,42,1,4,-1,0
183,-1,1010,498,91,58,1,4,-1,1
183,-1,1601,619,182,104,1,4,-1,1
183,-1,1749,593,188,81,1,4,-1,0
183,-1,2015,665,261,122,1,5,-1,1
183,-1,997,502,80,51,1,4,-1,1
183,-1,1966,640,342,160,1,5,-1,1
183,-1,627,416,84,52,1,4,-1,0
184,-1,539,409,50,32,1,4,-1,1
184,-1,1554,612,182,98,1,4,-1,1
184,-1,1964,655,248,122,1,5,-1,1
184,-1,998,520,49,32,1,4,-1,1
184,-1,1538,618,178,96,1,4,-1,1
184,-1,1008,519,88,56,1,4,-1,1
185,-1,652,417,54,35,1,4,-1,0
185,-1,973,492,87,57,1,4,-1,1
185,-1,1651,577,177,79,1,4,-1,0
185,-1,1662,557,144,64,1,4,-1,0
185,-1,1504,578,168,85,1,4,-1,1
185,-1,545,433,32,20,1,4,-1,1
186,-1,529,410,50,30,1,4,-1,1
186,-1,647,417,53,35,1,4,-1,0
186,-1,958,490,83,49,1,4,-1,1
186,-1,1582,580,221,100,1,4,-1,0
186,-1,1447,608,162,77,1,4,-1,1
186,-1,521,416,39,23,1,4,-1,1
187,-1,524,411,50,29,1,4,-1,1
187,-1,1415,592,182,80,1,4,-1,1
187,-1,1811,625,209,122,1,5,-1,1
187,-1,1826,629,152,89,1,5,-1,1
187,-1,1766,603,290,170,1,5,-1,1
187,-1,1427,578,175,77,1,4,-1,1
188,-1,637,417,51,35,1,4,-1,0
188,-1,918,483,87,50,1,4,-1,1
188,-1,1533,560,158,75,1,4,-1,0
188,-1,1538,536,186,88,1,4,-1,0
188,-1,940,488,52,30,1,4,-1,1
188,-1,656,448,38,26,1,4,-1,0
189,-1,633,417,49,35,1,4,-1,0
189,-1,899,480,89,51,1,4,-1,1
189,-1,1341,570,145,81,1,4,-1,1
189,-1,1548,582,106,52,1,4,-1,0
189,-1,1391,591,88,49,1,4,-1,1
189,-1,630,412,26,18,1,4,-1,0
190,-1,510,411,48,27,1,4,-1,1
190,-1,1309,563,140,78,1,4,-1,1
190,-1,1468,548,135,65,1,4,-1,0
190,-1,633,420,33,28,1,4,-1,0
190,-1,1334,566,114,63,1,4,-1,1
190,-1,637,408,52,45,1,4,-1,0
191,-1,506,410,47,28,1,4,-1,1
191,-1,623,412,50,41,1,4,-1,0
191,-1,1436,542,133,63,1,4,-1,0
191,-1,877,494,75,39,1,4,-1,1
191,-1,1432,552,116,55,1,4,-1,0
191,-1,1679,623,94,63,1,5,-1,1
192,-1,619,412,48,40,1,4,-1,0
192,-1,509,410,63,41,1,4,-1,1
192,-1,1261,560,88,49,1,4,-1,1
192,-1,488,412,44,29,1,4,-1,1
193,-1,499,408,43,30,1,4,-1,1
193,-1,616,413,46,39,1,4,-1,0
193,-1,495,398,50,35,1,4,-1,1
193,-1,493,424,52,36,1,4,-1,1
193,-1,1195,544,166,94,1,4,-1,1
194,-1,613,414,44,38,1,4,-1,0
194,-1,839,467,90,40,1,4,-1,1
194,-1,1183,536,121,68,1,4,-1,1
194,-1,1525,589,110,63,1,5,-1,1
194,-1,602,410,34,29,1,4,-1,0
194,-1,480,404,44,33,1,4,-1,1
195,-1,492,407,42,30,1,4,-1,1
195,-1,1317,522,119,59,1,4,-1,0
195,-1,1486,567,153,88,1,5,-1,1
195,-1,1489,580,151,87,1,5,-1,1
195,-1,482,390,41,29,1,4,-1,1
195,-1,510,411,22,16,1,4,-1,1
196,-1,489,407,42,30,1,4,-1,1
196,-1,600,412,50,38,1,4,-1,0
196,-1,815,462,84,43,1,4,-1,1
196,-1,1280,517,125,62,1,4,-1,0
196,-1,1459,562,150,86,1,5,-1,1
196,-1,1264,491,162,81,1,4,-1,0
196,-1,1280,536,113,56,1,4,-1,0
196,-1,511,415,25,18,1,4,-1,1
197,-1,1114,518,106,72,1,4,-1,1
197,-1,1264,511,121,62,1,4,-1,0
197,-1,1432,557,147,83,1,5,-1,1
197,-1,1393,511,185,104,1,5,-1,1
197,-1,1137,518,119,81,1,4,-1,1
197,-1,1113,510,71,48,1,4,-1,1
198,-1,482,407,43,30,1,4,-1,1
198,-1,792,457,77,46,1,4,-1,1
198,-1,789,438,101,60,1,4,-1,1
198,-1,577,405,73,53,1,4,-1,0
198,-1,1383,527,214,120,1,5,-1,1
199,-1,782,456,76,45,1,4,-1,1
199,-1,1071,509,87,68,1,4,-1,1
199,-1,573,434,42,30,1,4,-1,0
199,-1,764,481,93,55,1,4,-1,1
200,-1,583,414,49,34,1,4,-1,0
200,-1,773,456,75,43,1,4,-1,1
200,-1,1055,505,93,78,1,4,-1,1
200,-1,1351,541,137,77,1,5,-1,1
200,-1,609,416,60,42,1,4,-1,0
200,-1,1348,538,123,69,1,5,-1,1
200,-1,752,460,80,46,1,4,-1,1
201,-1,579,413,47,33,1,4,-1,0
201,-1,764,456,74,41,1,4,-1,1
201,-1,1037,502,89,80,1,4,-1,1
201,-1,1324,536,134,74,1,5,-1,1
201,-1,1208,505,55,34,1,4,-1,0
201,-1,1345,549,87,48,1,5,-1,1
201,-1,1155,492,123,75,1,4,-1,0
202,-1,576,413,45,31,1,4,-1,0
202,-1,1157,493,95,59,1,4,-1,0
202,-1,1297,531,131,72,1,5,-1,1
202,-1,771,446,56,30,1,4,-1,1
202,-1,558,390,24,17,1,4,-1,0
202,-1,998,483,126,106,1,4,-1,1
203,-1,994,494,88,71,1,4,-1,1
203,-1,730,438,78,41,1,4,-1,1
203,-1,726,430,90,48,1,4,-1,1
203,-1,579,427,37,25,1,4,-1,0
204,-1,570,409,51,31,1,4,-1,0
204,-1,973,491,88,66,1,4,-1,1
204,-1,598,417,40,24,1,4,-1,0
204,-1,1135,499,76,48,1,4,-1,0
204,-1,724,456,71,37,1,4,-1,1
205,-1,564,411,49,33,1,4,-1,0
205,-1,552,417,42,28,1,4,-1,0
205,-1,1098,481,70,44,1,4,-1,0
205,-1,1199,501,161,88,1,5,-1,1
206,-1,941,487,88,63,1,4,-1,1
206,-1,1179,500,149,82,1,5,-1,1
206,-1,699,447,72,40,1,4,-1,1
206,-1,587,405,52,39,1,4,-1,0
207,-1,556,413,45,35,1,4,-1,0
207,-1,925,485,88,61,1,4,-1,1
207,-1,948,477,88,61,1,4,-1,1
207,-1,1219,516,59,33,1,5,-1,1
207,-1,668,461,72,42,1,4,-1,1
208,-1,1164,509,114,64,1,5,-1,1
208,-1,1118,493,167,94,1,5,-1,1
208,-1,903,459,126,86,1,4,-1,1
208,-1,720,462,40,25,1,4,-1,1
209,-1,552,418,33,27,1,4,-1,0
209,-1,691,446,60,39,1,4,-1,1
209,-1,725,461,37,24,1,4,-1,1
209,-1,587,424,24,20,1,4,-1,0
209,-1,885,455,123,81,1,4,-1,1
210,-1,1014,489,56,35,1,4,-1,0
210,-1,844,438,128,84,1,4,-1,1
210,-1,685,417,89,63,1,4,-1,1
211,-1,866,475,81,55,1,4,-1,1
211,-1,1107,501,107,61,1,5,-1,1
211,-1,860,486,56,38,1,4,-1,1
211,-1,559,409,32,23,1,4,-1,0
211,-1,1079,508,124,71,1,5,-1,1
212,-1,538,411,43,33,1,4,-1,0
212,-1,667,441,62,42,1,4,-1,1
212,-1,1090,500,133,77,1,5,-1,1
212,-1,857,476,107,75,1,4,-1,1
212,-1,1130,499,62,36,1,5,-1,1
213,-1,536,414,39,31,1,4,-1,0
213,-1,842,469,69,51,1,4,-1,1
213,-1,628,459,88,60,1,4,-1,1
213,-1,949,451,110,63,1,4,-1,0
213,-1,526,414,43,34,1,4,-1,0
214,-1,653,438,61,40,1,4,-1,1
214,-1,830,466,72,51,1,4,-1,1
214,-1,557,419,47,37,1,4,-1,0
214,-1,978,435,86,48,1,4,-1,0
214,-1,945,447,76,43,1,4,-1,0
215,-1,530,403,46,44,1,4,-1,0
215,-1,818,463,75,52,1,4,-1,1
215,-1,943,463,77,42,1,4,-1,0
215,-1,1040,490,98,58,1,5,-1,1
215,-1,1056,489,115,68,1,5,-1,1
215,-1,811,445,105,73,1,4,-1,1
215,-1,1036,473,88,52,1,5,-1,1
216,-1,806,461,79,52,1,4,-1,1
216,-1,930,462,76,39,1,4,-1,0
216,-1,989,459,118,71,1,5,-1,1
216,-1,547,361,39,46,1,4,-1,0
216,-1,921,460,112,58,1,4,-1,0
217,-1,632,434,58,38,1,4,-1,1
217,-1,1003,480,110,64,1,5,-1,1
217,-1,529,420,33,25,1,4,-1,0
217,-1,554,412,40,30,1,4,-1,0
217,-1,938,447,64,35,1,4,-1,0
218,-1,626,434,56,37,1,4,-1,1
218,-1,794,457,56,49,1,4,-1,1
218,-1,983,472,125,71,1,5,-1,1
218,-1,795,457,66,58,1,4,-1,1
218,-1,983,463,156,88,1,5,-1,1
218,-1,773,446,80,70,1,4,-1,1
219,-1,516,415,41,25,1,4,-1,0
219,-1,620,435,49,29,1,4,-1,1
219,-1,793,466,61,54,1,4,-1,1
219,-1,515,429,39,24,1,4,-1,0
219,-1,641,430,32,19,1,4,-1,1
220,-1,519,404,37,37,1,4,-1,0
220,-1,775,454,55,48,1,4,-1,1
220,-1,882,456,63,39,1,4,-1,0
220,-1,986,481,93,74,1,5,-1,0
220,-1,643,450,24,21,1,4,-1,1
220,-1,986,507,80,63,1,5,-1,0
221,-1,611,433,50,36,1,4,-1,1
221,-1,873,458,61,35,1,4,-1,0
221,-1,961,473,81,61,1,5,-1,0
221,-1,608,448,33,24,1,4,-1,1
221,-1,584,445,71,51,1,4,-1,1
221,-1,519,412,35,34,1,4,-1,0
222,-1,756,451,54,47,1,4,-1,1
222,-1,862,454,59,37,1,4,-1,0
222,-1,948,471,81,58,1,5,-1,0
222,-1,954,455,120,86,1,5,-1,0
222,-1,553,386,22,20,1,4,-1,0
222,-1,590,456,51,31,1,4,-1,1
223,-1,511,407,35,32,1,4,-1,0
223,-1,746,449,54,47,1,4,-1,1
223,-1,852,450,57,40,1,4,-1,0
223,-1,936,469,80,55,1,5,-1,0
223,-1,728,447,49,42,1,4,-1,1
223,-1,951,478,64,44,1,5,-1,0
223,-1,588,453,50,30,1,4,-1,1
224,-1,924,467,79,52,1,5,-1,0
224,-1,848,458,34,26,1,4,-1,0
224,-1,580,417,55,32,1,4,-1,1
224,-1,868,458,38,29,1,4,-1,0
225,-1,506,410,34,28,1,4,-1,0
225,-1,831,443,53,44,1,4,-1,0
225,-1,489,421,41,34,1,4,-1,0
225,-1,503,415,51,42,1,4,-1,0
225,-1,527,435,34,28,1,4,-1,0
