1,8,1463.00,3.00,132.00,142.00,1,7,-1,-1
1,7,1344.00,88.00,113.00,111.00,1,7,-1,-1
1,6,661.00,36.00,256.00,251.00,1,4,-1,-1
1,5,1331.00,79.00,139.00,137.00,1,7,-1,-1
1,4,703.00,92.00,179.00,176.00,1,4,-1,-1
1,3,267.00,53.00,167.00,154.00,1,7,-1,-1
1,2,195.00,331.00,479.00,264.00,1,4,-1,-1
2,14,1133.00,273.00,281.00,245.00,1,4,-1,-1
2,13,804.00,2.00,129.00,139.00,1,4,-1,-1
2,12,130.00,295.00,589.00,324.00,1,4,-1,-1
2,11,1525.00,871.00,371.00,197.00,1,4,-1,-1
2,10,1481.00,31.00,93.00,100.00,1,7,-1,-1
2,9,1341.00,74.00,50.00,109.00,1,1,-1,-1
2,8,1479.93,10.05,112.14,120.90,1,7,-1,-1
2,7,1331.39,68.92,84.23,116.16,1,7,-1,-1
2,5,1329.00,80.00,139.00,137.00,1,7,-1,-1
2,4,701.88,96.12,180.24,177.76,1,4,-1,-1
2,2,189.02,331.99,480.95,265.02,1,4,-1,-1
3,16,247.00,15.00,240.00,216.00,1,7,-1,-1
3,15,860.00,323.00,652.00,745.00,1,6,-1,-1
3,12,193.67,349.10,456.65,251.81,1,4,-1,-1
3,11,1514.93,863.59,379.14,203.83,1,4,-1,-1
3,10,1479.00,32.00,93.00,100.00,1,7,-1,-1
3,5,1342.32,76.29,141.30,138.90,1,7,-1,-1
3,4,701.54,101.29,180.85,179.31,1,4,-1,-1
3,3,255.45,51.60,171.11,155.81,1,7,-1,-1
3,2,183.82,333.04,482.30,265.92,1,4,-1,-1
4,5,1303.85,59.40,151.46,148.77,1,7,-1,-1
4,2,178.72,334.09,483.52,266.82,1,4,-1,-1
5,11,1496.22,848.68,393.67,217.65,1,4,-1,-1
5,10,1475.01,32.89,94.08,101.12,1,7,-1,-1
5,3,244.49,51.29,175.77,157.44,1,7,-1,-1
6,11,1486.55,840.47,401.03,225.28,1,4,-1,-1
6,10,1473.14,32.97,94.63,101.38,1,7,-1,-1
6,9,1333.00,77.19,50.00,109.00,1,1,-1,-1
6,3,238.97,51.08,178.06,157.90,1,7,-1,-1
7,10,1471.11,33.70,94.91,101.45,1,7,-1,-1
7,4,700.04,120.77,183.91,186.44,1,4,-1,-1
8,17,1308.93,0.00,40.00,92.00,1,1,-1,-1
8,4,699.37,125.75,184.54,188.34,1,4,-1,-1
8,2,156.97,339.06,489.28,270.92,1,4,-1,-1
9,25,277.28,53.12,150.00,127.56,1,7,-1,-1
9,23,847.11,361.09,648.09,708.97,1,6,-1,-1
9,4,681.88,103.54,208.99,214.56,1,4,-1,-1
10,4,688.87,121.12,202.04,208.92,1,4,-1,-1
10,3,203.18,35.08,219.65,187.41,1,7,-1,-1
11,4,692.56,132.07,197.31,205.67,1,4,-1,-1
11,3,200.55,40.30,212.14,179.22,1,7,-1,-1
12,14,1077.13,243.83,244.10,221.93,1,4,-1,-1
12,11,1429.35,795.10,432.32,269.44,1,4,-1,-1
12,4,694.19,140.14,194.39,204.07,1,4,-1,-1
12,3,173.06,33.36,237.24,198.62,1,7,-1,-1
13,14,1069.02,238.66,246.35,224.52,1,4,-1,-1
13,11,1418.87,787.93,433.47,276.06,1,4,-1,-1
13,3,152.27,13.61,252.74,209.49,1,7,-1,-1
14,33,1300.69,2.51,37.49,90.79,1,1,-1,-1
14,14,1062.55,234.87,247.36,225.53,1,4,-1,-1
14,11,1408.59,780.99,434.50,282.70,1,4,-1,-1
15,33,1298.50,2.78,37.13,91.31,1,1,-1,-1
15,30,1455.98,37.76,97.17,103.33,1,7,-1,-1
15,29,1316.19,85.31,49.60,105.98,1,1,-1,-1
15,11,1397.79,774.13,435.42,289.36,1,4,-1,-1
16,38,179.62,50.40,206.62,163.93,1,7,-1,-1
16,33,1296.39,2.93,37.12,92.78,1,1,-1,-1
16,11,1387.53,767.10,436.16,295.77,1,4,-1,-1
16,4,696.00,162.87,191.09,206.11,1,4,-1,-1
17,38,174.56,50.04,208.57,164.24,1,7,-1,-1
17,33,1294.33,2.81,37.19,94.27,1,1,-1,-1
17,4,696.36,168.22,190.96,207.41,1,4,-1,-1
17,2,107.23,348.08,505.55,283.02,1,4,-1,-1
18,33,1292.13,2.78,36.91,95.43,1,1,-1,-1
18,2,102.87,350.14,505.14,283.22,1,4,-1,-1
19,33,1296.17,4.40,32.13,84.30,1,1,-1,-1
19,2,97.59,351.94,506.01,283.11,1,4,-1,-1
20,45,1298.65,88.39,55.86,123.69,1,1,-1,-1
20,39,1300.27,100.13,136.70,134.78,1,7,-1,-1
20,33,1290.98,5.14,33.72,90.09,1,1,-1,-1
21,51,1445.04,40.92,98.76,105.05,1,7,-1,-1
21,48,1022.58,215.42,246.17,218.28,1,4,-1,-1
21,45,1301.54,91.42,54.36,119.08,1,1,-1,-1
21,39,1298.67,101.62,135.87,133.95,1,7,-1,-1
21,38,153.53,50.54,216.61,165.85,1,7,-1,-1
21,33,1287.60,4.55,34.69,93.95,1,1,-1,-1
21,4,695.88,187.88,191.92,214.12,1,4,-1,-1
22,51,1443.04,41.06,98.99,105.20,1,7,-1,-1
22,48,1017.38,212.70,245.11,216.70,1,4,-1,-1
22,38,152.95,50.45,210.46,160.43,1,7,-1,-1
22,33,1284.95,3.70,35.32,96.61,1,1,-1,-1
23,48,1011.82,210.36,244.41,215.07,1,4,-1,-1
23,47,816.43,479.90,640.93,593.18,1,6,-1,-1
24,48,1006.63,208.22,243.53,213.30,1,4,-1,-1
24,47,814.09,489.72,640.09,583.63,1,6,-1,-1
25,47,812.21,499.52,639.33,574.04,1,6,-1,-1
25,45,1304.65,100.24,112.12,151.35,1,1,-1,-1
26,51,1436.62,44.40,100.18,106.28,1,7,-1,-1
26,47,810.48,509.35,638.67,564.38,1,6,-1,-1
26,45,1298.46,101.97,124.00,151.74,1,1,-1,-1
26,38,148.90,41.16,193.28,146.47,1,7,-1,-1
27,47,808.08,519.21,638.09,554.65,1,6,-1,-1
27,45,1292.88,103.90,131.84,151.29,1,1,-1,-1
27,38,141.36,54.92,201.11,152.22,1,7,-1,-1
28,48,986.12,201.15,239.54,209.85,1,4,-1,-1
28,45,1288.80,105.28,137.05,150.52,1,1,-1,-1
32,45,1283.74,107.29,156.13,159.62,1,1,-1,-1
33,45,1274.67,108.71,153.39,155.21,1,1,-1,-1
34,79,1279.85,105.85,51.00,109.00,1,1,-1,-1
35,79,1281.15,110.35,51.08,109.46,1,1,-1,-1
35,38,88.05,73.29,230.41,168.10,1,7,-1,-1
36,83,682.67,306.27,208.53,267.26,1,4,-1,-1
36,76,1268.70,16.60,36.00,104.00,1,1,-1,-1
36,38,82.81,78.32,229.67,166.72,1,7,-1,-1
37,76,1257.88,29.34,34.66,100.61,1,1,-1,-1
37,38,77.53,82.15,229.72,165.48,1,7,-1,-1
38,91,945.13,200.51,213.72,195.16,1,4,-1,-1
38,76,1264.22,26.08,35.11,101.79,1,1,-1,-1
39,94,729.81,115.03,150.38,194.95,1,4,-1,-1
39,88,1433.67,71.38,100.65,115.23,1,7,-1,-1
39,79,1289.45,132.94,53.01,114.64,1,1,-1,-1
39,78,29.00,456.97,474.03,271.68,1,4,-1,-1
39,76,1266.57,26.62,35.40,102.53,1,1,-1,-1
40,94,727.91,120.02,151.93,196.95,1,4,-1,-1
40,88,1433.57,73.46,100.71,116.01,1,7,-1,-1
40,79,1291.60,138.72,53.63,116.05,1,1,-1,-1
40,76,1267.43,28.62,35.59,103.02,1,1,-1,-1
41,98,1196.47,641.01,415.44,433.33,1,4,-1,-1
41,94,725.95,128.97,153.84,199.81,1,4,-1,-1
41,88,1433.52,75.53,100.78,116.85,1,7,-1,-1
41,79,1293.58,144.17,54.07,117.58,1,1,-1,-1
41,38,62.76,101.67,233.55,165.70,1,7,-1,-1
42,88,1436.92,80.81,100.77,117.40,1,7,-1,-1
42,83,672.21,383.86,231.32,304.98,1,4,-1,-1
42,79,1295.70,149.90,54.68,119.02,1,1,-1,-1
42,38,53.16,98.19,277.31,196.34,1,7,-1,-1
43,88,1435.73,81.73,105.66,123.49,1,7,-1,-1
43,83,671.18,403.50,235.62,313.73,1,4,-1,-1
43,78,0.40,489.58,492.85,296.03,1,4,-1,-1
44,88,1443.62,91.17,104.13,122.02,1,7,-1,-1
45,98,1204.65,679.27,389.06,389.09,1,4,-1,-1
47,78,-4.14,535.69,485.53,307.42,1,4,-1,-1
48,112,1327.42,22.82,399.96,153.32,1,6,-1,-1
48,78,-3.85,552.24,483.63,310.39,1,4,-1,-1
49,112,1344.63,29.30,403.76,158.36,1,6,-1,-1
49,79,1310.47,189.01,58.16,129.31,1,1,-1,-1
49,78,-3.18,571.07,482.63,313.13,1,4,-1,-1
50,94,742.31,230.24,183.83,258.71,1,4,-1,-1
50,79,1326.27,200.91,59.37,131.01,1,1,-1,-1
50,78,-2.52,590.78,482.25,315.71,1,4,-1,-1
51,121,1213.12,750.29,388.31,322.20,1,4,-1,-1
51,94,756.43,249.32,182.87,260.95,1,4,-1,-1
51,78,-1.97,610.82,482.31,318.17,1,4,-1,-1
52,115,1369.36,236.94,165.20,183.08,1,7,-1,-1
52,94,770.15,267.11,183.26,265.33,1,4,-1,-1
52,78,-1.54,630.97,482.67,320.55,1,4,-1,-1
53,126,-25.60,-24.08,269.48,113.78,1,4,-1,-1
53,115,1392.56,251.16,169.48,187.96,1,7,-1,-1
53,112,1415.65,55.59,413.78,178.88,1,6,-1,-1
53,94,784.01,284.39,184.16,270.49,1,4,-1,-1
53,83,715.97,661.17,265.67,407.85,1,4,-1,-1
53,78,-33.19,650.55,543.91,363.36,1,4,-1,-1
54,126,-14.04,-9.36,252.70,108.31,1,4,-1,-1
54,115,1415.75,263.30,170.02,188.22,1,7,-1,-1
54,112,1434.12,61.75,414.82,184.56,1,6,-1,-1
54,94,797.32,301.50,185.71,276.55,1,4,-1,-1
55,126,-8.93,-3.55,245.23,106.67,1,4,-1,-1
55,115,1435.80,280.76,175.36,194.35,1,7,-1,-1
56,115,1461.46,329.73,152.02,168.97,1,7,-1,-1
57,138,1466.32,176.71,51.27,133.68,1,1,-1,-1
57,115,1477.52,329.67,165.56,184.83,1,7,-1,-1
58,138,1482.22,200.02,52.91,130.71,1,1,-1,-1
58,115,1492.77,338.33,175.28,196.70,1,7,-1,-1
59,138,1490.85,205.17,55.84,132.38,1,1,-1,-1
59,115,1508.82,350.72,182.68,206.19,1,7,-1,-1
60,138,1494.76,212.72,57.97,133.31,1,1,-1,-1
60,94,831.60,420.28,205.90,322.35,1,4,-1,-1
61,137,1729.41,304.17,130.17,140.25,1,7,-1,-1
61,112,1466.10,89.50,483.13,246.97,1,6,-1,-1
61,94,826.87,441.51,209.51,331.69,1,4,-1,-1
62,137,1733.88,312.77,133.61,142.07,1,7,-1,-1
62,94,821.90,462.64,213.55,341.80,1,4,-1,-1
63,137,1719.38,301.35,158.42,166.05,1,7,-1,-1
63,135,982.73,311.31,297.78,301.18,1,4,-1,-1
63,94,814.37,472.36,227.97,369.02,1,4,-1,-1
64,137,1732.46,322.57,153.56,161.07,1,7,-1,-1
65,137,1750.51,331.31,162.99,172.61,1,7,-1,-1
66,152,1527.90,438.18,207.33,244.88,1,7,-1,-1
66,137,1750.43,350.00,156.04,167.67,1,7,-1,-1
67,152,1530.10,451.88,211.72,248.02,1,7,-1,-1
67,137,1755.37,366.61,150.43,164.85,1,7,-1,-1
67,135,955.66,346.57,283.47,277.27,1,4,-1,-1
67,112,1495.47,153.06,439.24,238.19,1,6,-1,-1
67,94,790.07,572.41,235.42,404.16,1,4,-1,-1
68,152,1532.17,465.64,215.80,250.67,1,7,-1,-1
68,137,1761.55,382.05,146.10,163.58,1,7,-1,-1
68,135,948.05,354.45,283.81,275.04,1,4,-1,-1
68,94,786.95,600.17,229.90,404.73,1,4,-1,-1
69,137,1768.49,396.78,142.39,163.42,1,7,-1,-1
69,94,779.74,627.14,232.60,420.82,1,4,-1,-1
70,161,428.28,-19.34,72.34,142.66,1,1,-1,-1
70,137,1771.24,409.15,139.37,163.25,1,7,-1,-1
71,166,505.46,13.73,60.15,76.60,1,1,-1,-1
71,165,471.84,9.72,48.24,72.47,1,1,-1,-1
71,161,429.79,-2.38,65.63,132.36,1,1,-1,-1
71,157,1526.67,190.60,372.64,209.68,1,6,-1,-1
72,168,392.58,14.84,56.21,104.94,1,1,-1,-1
72,166,498.47,18.46,59.93,77.17,1,1,-1,-1
72,165,465.41,11.76,48.33,76.63,1,1,-1,-1
72,161,429.55,10.52,61.72,126.07,1,1,-1,-1
72,157,1531.80,205.15,370.17,208.99,1,6,-1,-1
73,168,388.84,23.33,56.86,104.80,1,1,-1,-1
73,166,489.64,38.19,58.38,76.56,1,1,-1,-1
73,157,1534.99,216.98,367.93,208.54,1,6,-1,-1
73,156,1515.37,354.19,70.16,137.60,1,1,-1,-1
74,174,-30.76,384.11,316.70,314.14,1,7,-1,-1
74,168,385.02,31.51,57.60,104.73,1,1,-1,-1
74,166,480.85,44.44,54.56,72.84,1,1,-1,-1
74,157,1536.93,227.07,366.15,208.26,1,6,-1,-1
74,156,1516.15,353.49,77.92,152.15,1,1,-1,-1
74,137,1773.84,454.02,133.47,164.02,1,7,-1,-1
75,180,1536.21,561.67,225.48,267.35,1,7,-1,-1
75,156,1511.83,371.80,75.73,147.66,1,1,-1,-1
75,137,1774.05,465.14,132.45,164.36,1,7,-1,-1
76,180,1536.33,575.04,226.44,270.03,1,7,-1,-1
76,178,-0.00,442.49,229.10,232.95,1,7,-1,-1
76,165,443.34,26.48,48.35,91.87,1,1,-1,-1
76,161,421.52,51.36,54.66,114.45,1,1,-1,-1
77,184,472.82,52.81,54.04,79.97,1,1,-1,-1
77,180,1536.91,589.02,227.05,272.66,1,7,-1,-1
77,178,0.68,454.57,227.40,232.71,1,7,-1,-1
77,165,441.06,36.46,47.83,92.97,1,1,-1,-1
78,184,471.39,64.12,51.55,79.03,1,1,-1,-1
78,180,1532.23,605.32,226.24,271.68,1,7,-1,-1
78,165,439.24,47.47,47.37,93.07,1,1,-1,-1
78,157,1538.93,286.90,364.96,213.11,1,6,-1,-1
79,180,1526.41,623.54,224.51,268.59,1,7,-1,-1
79,179,1124.20,17.02,378.78,145.90,1,6,-1,-1
79,165,437.53,60.49,47.00,92.78,1,1,-1,-1
79,137,1787.89,544.69,120.63,167.04,1,7,-1,-1
80,191,1598.76,715.22,82.03,118.89,1,7,-1,-1
80,179,1155.60,29.78,358.80,141.62,1,6,-1,-1
80,165,426.28,64.91,47.84,95.05,1,1,-1,-1
81,196,836.96,438.48,287.68,265.75,1,4,-1,-1
81,191,1617.95,747.59,77.36,116.32,1,7,-1,-1
81,179,1162.48,50.10,356.81,143.70,1,6,-1,-1
81,178,42.27,463.71,304.03,292.34,1,7,-1,-1
82,201,201.92,85.06,264.92,121.38,1,4,-1,-1
82,196,846.53,445.56,286.17,263.42,1,4,-1,-1
82,191,1636.62,779.45,76.65,117.49,1,7,-1,-1
82,179,1207.80,76.77,318.67,130.45,1,6,-1,-1
82,178,53.75,450.20,324.95,302.54,1,7,-1,-1
82,157,1537.55,356.64,367.14,223.59,1,6,-1,-1
83,201,237.23,94.34,263.12,120.73,1,4,-1,-1
83,196,856.76,452.62,284.46,261.17,1,4,-1,-1
83,157,1553.14,384.14,357.14,225.80,1,6,-1,-1
84,205,1651.19,794.80,216.73,240.39,1,7,-1,-1
84,201,320.19,101.47,261.22,120.10,1,4,-1,-1
84,157,1557.27,424.41,363.37,243.25,1,6,-1,-1
85,209,609.19,172.00,48.64,93.91,1,1,-1,-1
85,205,1684.58,832.24,215.74,236.29,1,7,-1,-1
85,198,1650.39,608.32,70.00,136.00,1,1,-1,-1
85,157,1593.42,449.19,334.46,240.78,1,6,-1,-1
86,212,194.22,291.82,284.70,182.00,1,5,-1,-1
86,198,1691.48,638.06,70.00,136.00,1,1,-1,-1
86,157,1628.01,480.30,303.79,238.99,1,6,-1,-1
87,212,217.38,303.63,283.47,183.95,1,5,-1,-1
87,198,1702.94,654.78,69.56,135.13,1,1,-1,-1
87,196,913.89,488.24,245.90,222.92,1,4,-1,-1
87,157,1662.28,514.18,271.79,237.31,1,6,-1,-1
88,221,786.73,93.88,40.79,96.07,1,1,-1,-1
88,201,462.11,128.73,242.32,110.13,1,4,-1,-1
88,198,1704.82,641.49,79.87,154.29,1,1,-1,-1
89,228,680.63,198.64,36.70,99.93,1,1,-1,-1
89,221,789.40,102.35,39.95,94.04,1,1,-1,-1
89,201,468.08,137.20,238.28,108.58,1,4,-1,-1
89,198,1703.16,673.42,85.08,163.63,1,1,-1,-1
90,232,1333.85,82.85,279.00,118.00,1,6,-1,-1
90,231,730.92,201.07,33.00,81.00,1,1,-1,-1
90,223,1673.16,74.44,229.50,138.16,1,6,-1,-1
90,221,797.47,120.64,42.04,94.52,1,1,-1,-1
90,201,472.25,145.67,234.64,107.51,1,4,-1,-1
91,234,289.77,350.28,268.21,192.99,1,5,-1,-1
91,233,1359.13,190.96,345.89,150.91,1,6,-1,-1
91,232,1334.94,88.94,279.00,118.00,1,6,-1,-1
91,231,731.73,206.10,33.00,81.00,1,1,-1,-1
91,223,1674.39,83.53,228.27,138.10,1,6,-1,-1
91,221,797.23,134.08,42.85,93.43,1,1,-1,-1
91,201,469.06,151.56,232.29,107.12,1,4,-1,-1
92,242,1681.21,706.45,66.48,124.79,1,1,-1,-1
92,241,626.21,219.07,46.93,91.14,1,1,-1,-1
92,236,931.62,511.56,265.35,236.03,1,4,-1,-1
92,234,307.30,361.59,266.88,193.09,1,5,-1,-1
92,233,1357.17,196.16,345.87,150.35,1,6,-1,-1
92,232,1335.82,94.08,279.00,118.00,1,6,-1,-1
92,231,731.83,211.69,33.00,81.00,1,1,-1,-1
92,223,1676.02,93.29,226.79,138.00,1,6,-1,-1
92,221,789.52,135.17,49.32,105.47,1,1,-1,-1
92,201,453.58,130.91,258.50,119.70,1,4,-1,-1
93,242,1673.49,708.28,65.73,122.82,1,1,-1,-1
93,241,624.29,223.73,46.64,89.89,1,1,-1,-1
93,236,918.05,508.59,264.47,233.77,1,4,-1,-1
93,233,1355.10,201.24,346.01,150.05,1,6,-1,-1
94,242,1664.72,707.68,65.36,121.45,1,1,-1,-1
94,236,902.75,505.21,264.04,231.81,1,4,-1,-1
95,257,753.00,151.00,45.00,91.00,1,1,-1,-1
95,256,667.89,193.00,48.00,97.00,1,1,-1,-1
95,254,1624.20,83.64,233.68,142.27,1,6,-1,-1
95,247,1685.09,523.53,230.52,252.88,1,6,-1,-1
96,257,738.75,154.29,48.81,98.67,1,1,-1,-1
96,247,1673.97,534.71,232.56,251.35,1,6,-1,-1
96,232,1313.19,109.12,279.00,118.00,1,6,-1,-1
97,252,184.12,641.95,309.62,224.82,1,7,-1,-1
97,241,624.98,247.93,43.15,85.66,1,1,-1,-1
97,232,1302.08,119.29,242.38,102.34,1,6,-1,-1
98,252,158.37,653.62,309.92,226.34,1,7,-1,-1
98,232,1258.93,110.73,254.31,107.43,1,6,-1,-1
99,270,1206.61,191.64,346.48,145.64,1,6,-1,-1
99,232,1218.17,105.33,262.02,110.72,1,6,-1,-1
100,270,1195.05,196.33,345.10,145.05,1,6,-1,-1
100,247,1607.82,542.72,280.23,254.66,1,6,-1,-1
101,270,1192.98,204.91,342.80,144.56,1,6,-1,-1
101,247,1593.88,542.43,295.07,254.73,1,6,-1,-1
101,242,1567.83,698.20,60.81,111.98,1,1,-1,-1
102,270,1193.44,214.46,339.95,144.16,1,6,-1,-1
102,247,1581.09,547.21,309.58,248.80,1,6,-1,-1
103,298,99.48,703.42,299.06,232.76,1,7,-1,-1
103,270,1193.80,223.60,337.37,144.24,1,6,-1,-1
103,247,1572.12,558.33,320.47,244.35,1,6,-1,-1
104,303,482.17,294.53,44.65,81.63,1,1,-1,-1
104,298,96.16,721.06,375.15,289.80,1,7,-1,-1
104,270,1194.51,232.98,334.28,144.24,1,6,-1,-1
104,247,1565.30,571.75,329.26,241.20,1,6,-1,-1
105,308,1490.44,912.75,83.90,117.51,1,1,-1,-1
105,303,487.39,314.51,41.70,76.19,1,1,-1,-1
105,298,110.43,734.33,352.50,269.22,1,7,-1,-1
105,270,1160.65,224.37,404.15,176.17,1,6,-1,-1
105,247,1559.44,586.32,336.24,238.56,1,6,-1,-1
105,242,1527.51,735.27,58.50,107.45,1,1,-1,-1
106,314,1752.02,147.03,43.18,62.84,1,1,-1,-1
106,303,476.49,331.33,49.37,89.36,1,1,-1,-1
106,275,330.22,253.38,223.87,106.98,1,4,-1,-1
106,247,1554.38,600.70,342.29,236.62,1,6,-1,-1
106,242,1521.88,750.82,58.46,106.20,1,1,-1,-1
106,232,1180.42,142.15,268.86,113.64,1,6,-1,-1
107,320,14.87,720.36,280.27,209.27,1,7,-1,-1
107,314,1748.82,157.96,43.16,62.95,1,1,-1,-1
107,309,1548.97,957.19,169.76,115.37,1,7,-1,-1
107,247,1550.26,615.34,347.35,234.84,1,6,-1,-1
107,232,1177.70,152.80,271.91,114.95,1,6,-1,-1
108,332,130.59,791.19,310.99,221.41,1,7,-1,-1
108,320,17.70,731.28,283.38,210.45,1,7,-1,-1
108,314,1745.79,168.94,43.15,63.00,1,1,-1,-1
108,313,588.19,297.35,50.96,98.72,1,1,-1,-1
108,309,1539.86,966.42,162.59,104.87,1,7,-1,-1
108,297,561.10,337.18,41.28,98.20,1,1,-1,-1
108,247,1545.50,633.31,352.03,233.19,1,6,-1,-1
108,232,1175.16,164.34,274.01,115.85,1,6,-1,-1
109,332,136.07,807.74,310.15,217.29,1,7,-1,-1
109,320,11.75,737.88,335.32,249.08,1,7,-1,-1
109,314,1740.67,184.22,43.13,63.03,1,1,-1,-1
109,313,592.93,315.20,49.55,93.63,1,1,-1,-1
109,312,530.03,315.90,47.54,93.32,1,1,-1,-1
109,311,452.40,617.75,258.26,222.48,1,5,-1,-1
109,309,1528.98,974.71,152.84,95.37,1,7,-1,-1
109,297,561.23,355.18,40.61,96.09,1,1,-1,-1
109,270,1180.31,294.17,343.94,151.10,1,6,-1,-1
109,247,1541.05,652.95,356.11,231.33,1,6,-1,-1
110,339,618.04,350.37,34.92,86.37,1,1,-1,-1
110,338,1140.87,842.56,223.26,245.29,1,4,-1,-1
110,332,141.77,825.10,308.75,212.18,1,7,-1,-1
110,320,57.99,766.02,379.22,271.74,1,7,-1,-1
110,313,596.96,332.25,48.64,90.40,1,1,-1,-1
110,311,468.98,645.31,255.81,224.39,1,5,-1,-1
110,303,488.40,388.82,43.98,76.74,1,1,-1,-1
110,297,556.87,365.51,42.15,99.71,1,1,-1,-1
110,270,1181.78,312.72,335.73,146.61,1,6,-1,-1
110,247,1536.80,673.21,359.78,229.33,1,6,-1,-1
110,242,1500.62,813.42,58.32,101.61,1,1,-1,-1
111,344,1471.96,224.00,239.00,137.00,1,6,-1,-1
111,339,619.51,371.93,34.85,86.33,1,1,-1,-1
111,338,1151.41,857.10,201.85,220.03,1,4,-1,-1
111,332,142.90,849.33,292.89,197.14,1,7,-1,-1
111,320,109.71,815.34,394.80,273.70,1,7,-1,-1
111,313,599.24,354.21,48.03,88.23,1,1,-1,-1
111,311,485.54,673.58,252.82,226.14,1,5,-1,-1
111,303,489.42,408.81,44.10,76.26,1,1,-1,-1
111,297,553.83,367.26,52.50,114.94,1,1,-1,-1
111,270,1181.98,330.95,329.97,142.89,1,6,-1,-1
111,247,1512.67,676.84,394.04,246.55,1,6,-1,-1
111,242,1495.73,824.96,58.34,100.09,1,1,-1,-1
112,349,1597.81,107.57,50.43,59.74,1,2,-1,-1
112,344,1431.86,216.49,289.78,165.91,1,6,-1,-1
112,339,621.37,394.96,34.71,86.05,1,1,-1,-1
112,338,1185.43,882.17,156.55,169.37,1,4,-1,-1
112,332,163.69,885.50,253.81,167.11,1,7,-1,-1
112,303,490.40,431.12,44.21,75.94,1,1,-1,-1
112,297,561.56,398.90,48.83,108.74,1,1,-1,-1
112,270,1181.32,348.92,325.84,139.68,1,6,-1,-1
113,349,1592.13,127.73,50.78,60.03,1,2,-1,-1
113,344,1445.74,252.17,270.43,154.70,1,6,-1,-1
113,339,622.65,418.35,34.56,85.72,1,1,-1,-1
113,338,1169.25,886.01,160.44,171.32,1,4,-1,-1
113,314,1722.69,261.25,39.04,57.14,1,1,-1,-1
113,303,491.36,453.57,44.29,75.73,1,1,-1,-1
113,297,566.53,424.71,46.16,104.07,1,1,-1,-1
113,270,1180.79,366.39,322.04,137.41,1,6,-1,-1
114,356,1166.47,288.15,284.76,120.34,1,6,-1,-1
114,349,1586.91,148.38,50.95,60.15,1,2,-1,-1
114,339,621.39,417.18,43.28,96.93,1,1,-1,-1
114,338,1160.38,890.74,162.78,170.65,1,4,-1,-1
114,314,1714.75,276.44,40.36,59.09,1,1,-1,-1
114,303,492.33,476.67,44.36,75.60,1,1,-1,-1
114,297,563.21,427.33,49.08,111.51,1,1,-1,-1
114,270,1180.23,383.50,318.48,135.78,1,6,-1,-1
115,356,1162.22,304.04,285.00,120.47,1,6,-1,-1
115,339,623.17,451.47,40.38,92.94,1,1,-1,-1
115,338,1154.30,896.10,164.27,168.36,1,4,-1,-1
115,314,1709.12,286.59,41.21,60.34,1,1,-1,-1
116,356,1158.13,317.84,284.76,120.39,1,6,-1,-1
116,339,624.88,476.78,38.39,90.15,1,1,-1,-1
116,338,1147.25,892.44,165.37,170.37,1,4,-1,-1
117,356,1154.16,331.02,284.34,120.22,1,6,-1,-1
117,247,1505.62,814.43,387.96,219.03,1,6,-1,-1
118,373,573.01,415.79,45.80,91.41,1,1,-1,-1
118,367,815.56,108.10,78.48,81.54,1,4,-1,-1
118,247,1500.91,820.28,387.93,216.18,1,6,-1,-1
119,390,1446.66,326.98,239.25,136.61,1,6,-1,-1
119,386,577.01,629.08,242.83,174.75,1,4,-1,-1
119,382,609.14,879.73,229.73,194.38,1,5,-1,-1
119,376,1103.16,56.95,63.26,64.02,1,4,-1,-1
119,373,570.94,429.79,45.92,91.41,1,1,-1,-1
119,367,817.80,117.33,77.47,81.99,1,4,-1,-1
120,382,623.11,880.51,229.84,193.28,1,5,-1,-1
120,381,114.59,928.92,228.55,140.89,1,7,-1,-1
120,373,566.73,424.12,45.99,91.38,1,1,-1,-1
120,367,821.20,125.30,76.12,82.76,1,4,-1,-1
120,303,496.54,561.71,48.55,82.06,1,1,-1,-1
121,404,1118.66,112.38,74.63,78.14,1,4,-1,-1
121,398,1550.74,204.08,51.60,60.65,1,2,-1,-1
121,388,791.85,237.14,82.59,92.96,1,4,-1,-1
121,381,128.64,941.66,182.70,111.66,1,7,-1,-1
121,373,562.57,413.10,46.03,91.34,1,1,-1,-1
121,367,821.44,112.56,75.54,83.70,1,4,-1,-1
121,356,1150.72,309.98,282.74,119.57,1,6,-1,-1
121,314,1685.44,335.77,39.67,58.83,1,1,-1,-1
122,408,1425.07,927.63,75.54,114.74,1,1,-1,-1
122,404,1118.69,96.30,74.59,78.56,1,4,-1,-1
122,388,790.79,221.25,83.25,93.54,1,4,-1,-1
122,381,154.10,948.68,153.69,95.11,1,7,-1,-1
122,367,820.39,92.75,75.52,85.06,1,4,-1,-1
122,356,1151.92,294.57,282.34,119.40,1,6,-1,-1
122,247,1479.50,811.91,388.82,210.49,1,6,-1,-1
123,407,238.77,877.39,279.24,182.59,1,7,-1,-1
123,367,818.99,70.48,76.18,86.74,1,4,-1,-1
123,356,1152.52,279.39,282.03,119.28,1,6,-1,-1
124,422,1454.77,916.91,62.43,93.98,1,1,-1,-1
124,382,680.14,878.29,231.25,192.62,1,5,-1,-1
124,356,1169.99,257.65,277.30,117.42,1,6,-1,-1
125,425,506.04,463.18,45.00,76.00,1,1,-1,-1
125,420,688.55,328.21,35.19,76.57,1,1,-1,-1
126,439,1173.19,399.69,301.06,138.30,1,6,-1,-1
126,436,1681.00,217.00,43.00,64.00,1,1,-1,-1
126,435,1440.95,236.85,239.89,136.15,1,6,-1,-1
126,427,625.24,402.94,36.68,85.03,1,1,-1,-1
126,425,507.03,441.92,45.00,76.00,1,1,-1,-1
126,417,140.34,839.51,237.85,172.10,1,7,-1,-1
126,412,598.85,418.02,42.26,93.28,1,1,-1,-1
126,388,789.48,137.56,84.38,94.24,1,4,-1,-1
126,247,1468.63,769.03,383.59,205.01,1,6,-1,-1
127,445,814.84,-3.93,76.85,67.87,1,4,-1,-1
127,442,1099.73,681.16,151.75,232.90,1,4,-1,-1
127,439,1172.44,389.73,300.97,139.04,1,6,-1,-1
127,428,1562.87,85.51,51.00,60.00,1,2,-1,-1
127,427,622.97,398.81,35.02,80.69,1,1,-1,-1
127,425,508.03,431.22,45.00,76.00,1,1,-1,-1
127,417,149.59,829.28,239.23,179.93,1,7,-1,-1
127,412,590.24,404.38,43.02,93.17,1,1,-1,-1
127,389,1003.44,1.07,76.52,111.65,1,6,-1,-1
127,388,789.20,118.58,84.68,94.31,1,4,-1,-1
127,247,1466.41,746.31,384.92,205.38,1,6,-1,-1
128,445,814.23,-6.61,76.79,64.78,1,4,-1,-1
128,439,1181.80,366.78,296.51,137.72,1,6,-1,-1
128,428,1563.59,77.69,51.00,60.00,1,2,-1,-1
128,427,621.72,396.97,34.10,78.55,1,1,-1,-1
128,425,509.02,424.34,45.00,76.00,1,1,-1,-1
128,417,152.25,826.33,239.24,185.05,1,7,-1,-1
128,412,594.90,400.07,40.64,87.04,1,1,-1,-1
128,389,1000.01,-7.05,78.18,103.08,1,6,-1,-1
128,388,789.05,100.64,84.87,94.34,1,4,-1,-1
128,356,1169.60,223.47,257.70,109.00,1,6,-1,-1
128,247,1464.17,726.51,385.85,205.63,1,6,-1,-1
129,452,1427.63,845.06,52.12,86.67,1,1,-1,-1
129,445,814.11,-6.30,76.82,62.91,1,4,-1,-1
129,428,1564.56,70.23,51.00,60.00,1,2,-1,-1
129,427,620.75,386.72,33.55,77.28,1,1,-1,-1
129,425,510.02,418.59,45.00,76.00,1,1,-1,-1
129,417,152.61,826.09,238.64,188.16,1,7,-1,-1
129,412,596.77,396.58,38.68,82.20,1,1,-1,-1
129,356,1165.38,217.15,264.55,111.89,1,6,-1,-1
130,455,1679.02,193.90,44.73,66.68,1,1,-1,-1
130,451,488.10,582.38,182.79,105.27,1,4,-1,-1
130,445,814.05,-5.24,76.98,62.10,1,4,-1,-1
130,428,1570.14,64.82,55.64,65.52,1,2,-1,-1
130,417,152.11,827.22,237.92,190.26,1,7,-1,-1
130,412,597.04,397.42,37.35,78.96,1,1,-1,-1
130,382,720.57,891.78,212.42,175.33,1,5,-1,-1
130,356,1162.78,215.14,269.18,113.85,1,6,-1,-1
131,461,688.47,284.63,30.67,79.83,1,1,-1,-1
131,458,595.00,384.96,44.90,80.30,1,1,-1,-1
131,455,1678.29,193.82,44.70,66.60,1,1,-1,-1
131,445,814.07,-4.34,77.06,61.50,1,4,-1,-1
131,428,1578.25,48.35,60.07,70.59,1,2,-1,-1
131,417,151.30,828.94,237.22,191.67,1,7,-1,-1
131,356,1125.23,206.50,323.14,136.56,1,6,-1,-1
132,461,688.48,284.78,30.66,79.78,1,1,-1,-1
132,458,593.39,404.90,40.84,76.27,1,1,-1,-1
132,455,1678.13,195.64,44.59,66.41,1,1,-1,-1
132,450,276.77,848.90,231.64,207.68,1,7,-1,-1
132,445,814.07,-3.46,77.19,61.42,1,4,-1,-1
132,417,150.42,830.75,236.52,192.29,1,7,-1,-1
133,452,1416.22,843.61,61.52,102.70,1,1,-1,-1
133,450,276.86,851.55,231.42,207.45,1,7,-1,-1
133,417,149.49,832.86,235.93,192.68,1,7,-1,-1
134,450,266.61,859.34,250.52,224.39,1,7,-1,-1
134,442,1071.27,576.99,148.64,207.63,1,4,-1,-1
134,439,1159.55,326.55,298.81,144.23,1,6,-1,-1
135,476,388.26,548.22,243.54,126.24,1,4,-1,-1
135,471,389.13,338.00,206.00,103.00,1,4,-1,-1
135,450,262.99,856.33,241.65,216.26,1,7,-1,-1
135,439,1163.64,320.43,299.69,145.67,1,6,-1,-1
136,484,1460.93,730.37,381.24,193.27,1,6,-1,-1
136,483,1113.11,23.00,73.00,85.00,1,4,-1,-1
136,476,372.82,547.57,244.36,127.41,1,4,-1,-1
136,471,387.92,340.00,206.00,103.00,1,4,-1,-1
136,469,1566.51,76.91,50.35,58.57,1,2,-1,-1
136,439,1165.14,320.24,300.19,146.64,1,6,-1,-1
137,483,1112.91,24.00,73.00,85.00,1,4,-1,-1
137,476,357.68,547.26,244.64,128.06,1,4,-1,-1
137,471,386.14,342.00,206.00,103.00,1,4,-1,-1
137,452,1424.61,859.79,54.37,90.90,1,1,-1,-1
138,496,685.31,299.26,30.00,78.00,1,1,-1,-1
138,476,342.53,546.55,244.93,128.83,1,4,-1,-1
138,471,389.06,348.20,190.60,95.30,1,4,-1,-1
138,452,1425.09,862.56,53.53,89.52,1,1,-1,-1
139,500,1156.15,225.85,279.00,118.00,1,6,-1,-1
139,493,521.13,392.00,48.00,76.00,1,1,-1,-1
139,476,327.31,545.84,245.37,130.05,1,4,-1,-1
139,471,387.55,348.65,195.94,97.97,1,4,-1,-1
139,452,1425.40,865.06,52.98,88.60,1,1,-1,-1
139,450,270.36,861.33,235.64,208.46,1,7,-1,-1
140,506,461.05,315.16,45.12,72.52,1,1,-1,-1
140,500,1155.94,227.06,279.00,118.00,1,6,-1,-1
140,495,588.98,424.98,36.07,76.01,1,1,-1,-1
140,493,519.92,394.00,48.00,76.00,1,1,-1,-1
140,489,497.02,442.65,47.27,79.80,1,1,-1,-1
140,476,312.17,544.91,245.66,131.19,1,4,-1,-1
140,471,364.78,357.14,234.98,117.61,1,4,-1,-1
140,452,1425.42,867.60,52.30,88.21,1,1,-1,-1
140,450,290.11,850.53,226.09,198.79,1,7,-1,-1
140,439,1113.30,298.37,367.22,180.93,1,6,-1,-1
141,514,1673.60,212.51,43.62,64.80,1,1,-1,-1
141,492,113.17,825.11,247.22,201.34,1,7,-1,-1
141,489,495.03,445.01,46.41,78.36,1,1,-1,-1
141,476,297.58,544.61,245.51,132.25,1,4,-1,-1
141,452,1425.54,870.53,51.84,87.96,1,1,-1,-1
141,450,275.71,858.91,229.89,200.48,1,7,-1,-1
141,442,1048.42,523.35,134.07,188.16,1,4,-1,-1
141,439,1133.25,315.40,348.99,172.17,1,6,-1,-1
141,435,1442.56,219.11,236.57,134.09,1,6,-1,-1
142,492,127.40,843.87,240.89,195.79,1,7,-1,-1
142,489,494.48,447.33,45.88,77.47,1,1,-1,-1
142,452,1425.98,873.63,50.90,87.68,1,1,-1,-1
142,450,268.01,861.79,233.16,201.67,1,7,-1,-1
142,435,1442.12,220.81,237.61,134.67,1,6,-1,-1
143,489,494.39,449.57,45.54,76.90,1,1,-1,-1
143,452,1426.30,876.74,50.24,87.51,1,1,-1,-1
143,450,262.98,863.13,236.04,202.22,1,7,-1,-1
143,435,1441.80,222.73,238.32,135.06,1,6,-1,-1
144,524,787.57,123.94,79.50,87.89,1,4,-1,-1
144,500,1155.92,231.08,279.00,118.00,1,6,-1,-1
144,489,493.78,451.74,45.32,76.53,1,1,-1,-1
144,483,1108.86,30.07,73.00,85.00,1,4,-1,-1
144,471,376.36,355.33,214.75,107.41,1,4,-1,-1
144,452,1426.36,879.86,49.47,87.34,1,1,-1,-1
144,450,260.02,864.96,237.99,201.66,1,7,-1,-1
144,435,1441.56,224.73,238.82,135.34,1,6,-1,-1
145,524,787.80,124.32,79.10,87.45,1,4,-1,-1
145,500,1170.95,245.54,242.17,102.59,1,6,-1,-1
145,489,493.62,453.85,45.17,76.28,1,1,-1,-1
145,483,1108.11,30.32,73.00,85.00,1,4,-1,-1
145,471,377.55,358.30,212.10,106.07,1,4,-1,-1
145,452,1426.99,882.98,48.62,87.19,1,1,-1,-1
145,450,281.73,872.00,218.71,182.77,1,7,-1,-1
146,500,1166.30,241.04,254.39,107.72,1,6,-1,-1
146,483,1107.85,31.05,73.00,85.00,1,4,-1,-1
146,471,377.78,360.87,210.28,105.16,1,4,-1,-1
146,452,1427.20,886.09,47.73,87.06,1,1,-1,-1
147,541,812.78,1.19,75.45,65.51,1,4,-1,-1
147,540,675.00,311.89,30.00,78.00,1,1,-1,-1
147,537,422.83,331.87,45.12,72.99,1,1,-1,-1
147,500,1162.94,239.28,262.22,111.00,1,6,-1,-1
147,476,196.11,547.90,242.94,130.71,1,4,-1,-1
147,471,377.53,363.23,209.02,104.52,1,4,-1,-1
147,452,1427.43,889.16,47.08,86.98,1,1,-1,-1
148,540,674.78,314.66,30.00,78.00,1,1,-1,-1
148,537,414.70,334.85,45.10,73.02,1,1,-1,-1
148,476,179.22,548.84,242.57,129.88,1,4,-1,-1
148,471,377.01,366.13,208.12,104.07,1,4,-1,-1
149,551,132.10,870.76,230.75,183.63,1,7,-1,-1
149,537,406.56,338.60,45.08,73.04,1,1,-1,-1
149,476,160.51,550.45,242.59,129.02,1,4,-1,-1
149,450,259.78,883.92,234.00,184.04,1,7,-1,-1
149,439,1162.79,351.78,305.97,151.84,1,6,-1,-1
150,563,1027.47,449.90,110.54,176.40,1,4,-1,-1
150,551,131.06,873.47,230.06,182.77,1,7,-1,-1
150,537,398.45,342.57,45.07,73.04,1,1,-1,-1
150,476,141.22,552.49,243.21,128.44,1,4,-1,-1
150,439,1164.48,354.43,303.61,150.84,1,6,-1,-1
151,565,505.57,480.81,39.31,65.28,1,1,-1,-1
151,563,1024.51,442.24,111.00,173.49,1,4,-1,-1
151,551,130.10,875.79,229.76,182.33,1,7,-1,-1
151,537,392.46,345.22,45.06,73.04,1,1,-1,-1
151,500,1158.92,237.18,263.22,111.37,1,6,-1,-1
151,476,121.64,555.13,244.22,127.75,1,4,-1,-1
152,570,1432.78,910.14,45.59,86.31,1,1,-1,-1
152,563,1021.63,434.95,111.62,170.75,1,4,-1,-1
152,537,387.37,347.33,45.41,73.18,1,1,-1,-1
152,500,1178.51,241.69,242.83,102.92,1,6,-1,-1
152,476,101.88,557.53,245.54,127.28,1,4,-1,-1
153,570,1434.78,915.19,45.25,85.30,1,1,-1,-1
153,563,1019.27,428.74,112.03,168.28,1,4,-1,-1
153,500,1183.68,233.58,230.38,97.64,1,6,-1,-1
153,476,81.82,559.80,246.79,126.95,1,4,-1,-1
153,450,254.33,898.94,238.55,173.35,1,7,-1,-1
154,582,995.15,-0.13,84.71,74.16,1,6,-1,-1
154,578,812.54,2.88,74.81,68.28,1,4,-1,-1
154,570,1427.31,922.06,46.91,87.20,1,1,-1,-1
154,563,1017.11,423.52,112.31,165.98,1,4,-1,-1
154,476,61.87,562.47,248.25,126.43,1,4,-1,-1
154,471,372.40,374.10,207.13,107.79,1,4,-1,-1
154,450,253.00,903.54,239.12,169.21,1,7,-1,-1
155,570,1434.71,925.50,46.10,85.20,1,1,-1,-1
155,476,41.91,564.84,249.88,126.07,1,4,-1,-1
156,593,536.43,435.67,49.10,93.64,1,1,-1,-1
156,570,1438.38,930.00,45.91,83.71,1,1,-1,-1
156,537,364.36,358.67,43.10,72.20,1,1,-1,-1
156,476,22.55,566.85,273.29,136.72,1,4,-1,-1
156,439,1170.22,367.96,297.29,148.84,1,6,-1,-1
157,593,545.98,451.32,41.38,83.49,1,1,-1,-1
157,570,1440.42,934.90,45.77,82.38,1,1,-1,-1
157,537,362.18,362.06,42.60,74.27,1,1,-1,-1
157,439,1170.99,370.11,296.77,148.67,1,6,-1,-1
158,439,1171.83,372.22,296.12,148.54,1,6,-1,-1
158,435,1446.39,233.07,236.23,133.84,1,6,-1,-1
159,604,491.93,442.87,48.00,76.00,1,1,-1,-1
159,435,1446.23,240.87,237.32,134.47,1,6,-1,-1
160,619,243.75,936.78,239.31,133.77,1,7,-1,-1
160,604,490.89,446.08,48.00,76.00,1,1,-1,-1
160,566,778.64,131.27,85.00,94.00,1,4,-1,-1
160,500,1157.74,263.21,262.04,110.94,1,6,-1,-1
160,435,1446.65,248.26,238.09,134.91,1,6,-1,-1
161,621,467.79,498.28,43.43,66.34,1,1,-1,-1
161,619,242.62,942.13,237.62,128.81,1,7,-1,-1
161,614,806.50,1.55,76.13,77.03,1,4,-1,-1
161,604,489.17,449.13,48.00,76.00,1,1,-1,-1
161,593,545.12,478.77,31.27,69.37,1,1,-1,-1
161,566,777.35,134.10,85.00,94.00,1,4,-1,-1
161,563,1006.30,385.86,110.77,152.45,1,4,-1,-1
162,621,465.74,500.60,43.53,67.18,1,1,-1,-1
162,614,806.07,1.13,76.48,78.89,1,4,-1,-1
162,604,487.94,452.84,48.00,76.00,1,1,-1,-1
162,599,1692.00,246.83,42.00,64.00,1,1,-1,-1
162,593,543.54,483.60,30.29,68.14,1,1,-1,-1
162,582,995.28,-0.32,83.77,69.72,1,6,-1,-1
162,566,776.07,134.31,84.65,93.64,1,4,-1,-1
162,563,1005.79,380.87,110.21,150.91,1,4,-1,-1
162,540,661.39,349.01,30.07,79.10,1,1,-1,-1
162,439,1174.55,382.24,294.64,148.61,1,6,-1,-1
163,621,463.70,503.44,43.61,68.04,1,1,-1,-1
163,614,802.91,12.17,84.90,89.16,1,4,-1,-1
163,599,1693.00,249.52,42.00,64.00,1,1,-1,-1
163,593,541.78,488.65,29.68,67.42,1,1,-1,-1
163,582,995.28,-0.40,83.51,68.97,1,6,-1,-1
163,540,660.10,351.79,30.05,79.05,1,1,-1,-1
164,635,499.80,455.90,52.94,94.72,1,1,-1,-1
164,627,540.00,497.74,34.00,72.00,1,1,-1,-1
164,614,802.22,3.79,82.09,87.74,1,4,-1,-1
164,582,995.83,-0.46,83.00,68.11,1,6,-1,-1
164,540,658.34,354.08,30.03,79.02,1,1,-1,-1
164,537,301.46,397.29,47.08,78.01,1,1,-1,-1
165,645,772.80,145.34,85.41,95.36,1,4,-1,-1
165,640,1471.79,840.86,394.54,192.37,1,6,-1,-1
165,635,510.20,466.89,48.68,89.36,1,1,-1,-1
165,627,536.00,501.98,34.00,72.00,1,1,-1,-1
165,614,802.41,1.05,80.26,87.14,1,4,-1,-1
165,596,108.97,935.69,220.56,136.27,1,7,-1,-1
165,582,995.95,-0.50,82.31,67.18,1,6,-1,-1
166,650,1457.64,992.09,44.73,65.82,1,1,-1,-1
166,635,513.05,474.02,46.11,86.11,1,1,-1,-1
166,596,107.03,942.04,219.93,129.85,1,7,-1,-1
166,439,1175.77,397.25,297.27,149.59,1,6,-1,-1
167,650,1459.81,999.88,44.38,63.23,1,1,-1,-1
167,635,512.58,478.77,44.89,84.31,1,1,-1,-1
167,439,1175.85,401.19,298.21,149.80,1,6,-1,-1
168,635,511.13,483.36,43.75,83.05,1,1,-1,-1
168,439,1169.94,419.54,279.72,140.83,1,6,-1,-1
169,635,509.49,487.75,43.02,82.28,1,1,-1,-1
169,627,521.02,521.24,34.03,72.35,1,1,-1,-1
169,614,800.70,1.24,77.70,89.96,1,4,-1,-1
169,582,997.88,-0.38,79.22,63.79,1,6,-1,-1
169,500,1154.70,285.06,273.31,115.67,1,6,-1,-1
169,439,1177.12,415.88,286.51,144.11,1,6,-1,-1
170,670,1703.89,272.94,42.00,64.00,1,1,-1,-1
170,664,1109.06,58.94,73.00,85.00,1,4,-1,-1
170,635,507.73,491.31,42.54,81.82,1,1,-1,-1
170,627,517.70,526.03,34.05,72.58,1,1,-1,-1
170,621,447.84,533.38,43.42,70.21,1,1,-1,-1
170,439,1178.93,416.46,291.61,146.44,1,6,-1,-1
171,676,523.03,522.60,30.84,70.58,1,1,-1,-1
171,664,1109.05,60.95,73.00,85.00,1,4,-1,-1
171,649,1151.67,861.57,169.16,206.24,1,4,-1,-1
171,645,768.53,158.78,86.18,101.63,1,4,-1,-1
171,627,513.95,530.93,34.05,72.74,1,1,-1,-1
171,439,1178.94,418.80,295.54,148.10,1,6,-1,-1
172,681,1497.36,887.70,381.19,181.48,1,6,-1,-1
172,676,520.96,526.82,30.95,70.54,1,1,-1,-1
172,627,510.03,535.89,34.05,72.84,1,1,-1,-1
173,681,1500.00,893.62,378.80,177.94,1,6,-1,-1
173,680,468.00,496.06,48.00,76.00,1,1,-1,-1
173,676,518.94,531.63,31.00,70.48,1,1,-1,-1
173,627,515.77,548.85,35.11,74.79,1,1,-1,-1
174,687,332.86,438.25,219.28,120.31,1,4,-1,-1
174,681,1503.28,900.26,375.85,172.57,1,6,-1,-1
174,680,466.00,500.81,48.00,76.00,1,1,-1,-1
174,635,499.05,506.33,41.85,81.29,1,1,-1,-1
174,627,506.39,549.18,35.11,74.37,1,1,-1,-1
174,435,1453.77,296.32,242.22,137.24,1,6,-1,-1
175,693,196.84,463.36,62.70,80.67,1,1,-1,-1
175,681,1506.50,906.81,373.23,166.59,1,6,-1,-1
175,680,465.46,502.12,48.00,76.00,1,1,-1,-1
175,649,1164.81,838.60,196.62,244.19,1,4,-1,-1
175,635,493.95,520.72,40.75,79.50,1,1,-1,-1
175,439,1177.40,431.89,305.33,152.30,1,6,-1,-1
175,435,1454.34,299.50,241.60,136.90,1,6,-1,-1
176,703,434.98,565.12,42.00,69.68,1,1,-1,-1
176,693,188.27,471.27,63.11,80.18,1,1,-1,-1
176,681,1509.70,913.99,370.77,159.83,1,6,-1,-1
176,680,465.37,502.37,48.00,76.00,1,1,-1,-1
176,635,495.40,515.83,41.01,80.04,1,1,-1,-1
176,439,1176.97,435.46,307.23,153.21,1,6,-1,-1
176,435,1483.41,316.23,225.40,127.72,1,6,-1,-1
177,708,764.00,176.00,85.00,104.00,1,4,-1,-1
177,694,996.72,310.00,103.00,140.00,1,4,-1,-1
177,693,180.06,479.36,63.38,79.85,1,1,-1,-1
177,681,1545.61,920.79,339.95,140.99,1,6,-1,-1
177,680,461.63,492.69,43.06,68.19,1,1,-1,-1
177,676,508.38,546.50,31.05,70.28,1,1,-1,-1
177,635,498.50,521.92,35.51,71.97,1,1,-1,-1
178,713,797.08,14.01,75.33,96.65,1,4,-1,-1
178,708,763.00,179.00,85.00,104.00,1,4,-1,-1
178,694,995.96,306.00,103.00,140.00,1,4,-1,-1
178,693,172.02,488.03,63.49,79.24,1,1,-1,-1
178,680,464.78,499.70,44.72,70.81,1,1,-1,-1
178,664,1110.04,76.97,73.00,85.00,1,4,-1,-1
178,635,498.12,517.18,37.31,74.85,1,1,-1,-1
179,708,762.00,182.00,85.00,104.00,1,4,-1,-1
179,694,991.26,307.61,90.68,123.30,1,4,-1,-1
179,693,162.61,494.30,63.58,78.84,1,1,-1,-1
179,670,1718.83,298.92,42.00,64.00,1,1,-1,-1
179,664,1110.06,79.05,73.00,85.00,1,4,-1,-1
179,635,497.75,514.85,38.57,76.80,1,1,-1,-1
180,721,997.15,-0.05,76.77,60.15,1,6,-1,-1
180,703,427.01,587.99,41.97,69.84,1,1,-1,-1
180,695,1606.01,164.72,51.05,59.87,1,2,-1,-1
180,693,152.74,500.39,63.66,78.56,1,1,-1,-1
180,670,1720.16,301.92,42.00,64.00,1,1,-1,-1
180,664,1110.06,81.08,73.00,85.00,1,4,-1,-1
180,635,497.45,513.56,39.46,78.16,1,1,-1,-1
181,721,996.85,0.07,77.18,60.67,1,6,-1,-1
181,693,142.68,505.90,63.78,78.71,1,1,-1,-1
181,676,495.16,558.28,31.06,70.18,1,1,-1,-1
181,670,1721.26,304.93,42.00,64.00,1,1,-1,-1
181,635,497.24,512.77,40.10,79.11,1,1,-1,-1
182,723,1158.24,326.07,273.51,116.04,1,6,-1,-1
182,693,132.60,511.65,63.85,78.81,1,1,-1,-1
182,670,1722.28,307.94,42.00,64.00,1,1,-1,-1
182,635,497.08,512.24,40.56,79.79,1,1,-1,-1
183,670,1723.27,310.94,42.00,64.00,1,1,-1,-1
184,670,1724.90,313.95,42.00,64.00,1,1,-1,-1
185,721,993.85,0.17,78.64,62.78,1,6,-1,-1
185,713,797.43,34.42,67.13,89.74,1,4,-1,-1
186,750,409.85,620.89,42.00,70.00,1,1,-1,-1
186,739,1461.45,335.90,250.65,142.16,1,6,-1,-1
186,723,1159.20,344.68,272.68,115.81,1,6,-1,-1
186,721,993.00,0.22,79.14,63.44,1,6,-1,-1
186,713,791.99,32.59,70.17,94.76,1,4,-1,-1
187,753,1109.57,110.69,62.74,75.60,1,4,-1,-1
187,752,991.55,277.40,101.75,130.40,1,4,-1,-1
187,750,405.45,628.60,42.10,70.46,1,1,-1,-1
187,723,1159.22,350.40,272.64,115.81,1,6,-1,-1
187,713,785.92,19.41,72.79,98.82,1,4,-1,-1
187,695,1612.46,186.49,51.13,59.97,1,2,-1,-1
187,676,476.39,604.04,31.04,70.11,1,1,-1,-1
188,765,1123.98,9.86,33.04,50.32,1,10,-1,-1
188,753,1107.92,113.10,67.66,81.82,1,4,-1,-1
188,752,1014.41,270.35,81.86,103.81,1,4,-1,-1
188,750,400.49,637.46,42.21,71.12,1,1,-1,-1
188,713,785.01,28.31,73.79,101.01,1,4,-1,-1
188,695,1614.15,190.19,51.19,60.05,1,2,-1,-1
188,676,472.48,611.13,31.04,70.10,1,1,-1,-1
189,768,427.49,583.61,48.00,76.00,1,1,-1,-1
189,765,1122.95,12.20,33.11,50.64,1,10,-1,-1
189,764,459.86,590.49,41.20,82.01,1,1,-1,-1
189,753,1106.80,115.70,69.84,84.99,1,4,-1,-1
189,676,469.14,617.55,31.04,70.09,1,1,-1,-1
190,774,895.60,4.37,85.92,148.21,1,6,-1,-1
190,768,424.79,589.63,48.00,76.00,1,1,-1,-1
190,739,1462.08,357.01,248.68,140.95,1,6,-1,-1
191,774,894.34,6.09,86.22,153.56,1,6,-1,-1
191,723,1159.20,373.15,272.64,115.83,1,6,-1,-1
192,775,1172.84,521.78,332.36,158.61,1,6,-1,-1
192,713,781.96,50.22,71.66,101.23,1,4,-1,-1
192,695,1619.47,210.43,51.33,60.21,1,2,-1,-1
193,792,783.21,23.78,106.52,46.08,1,7,-1,-1
193,791,421.87,685.19,52.27,75.51,1,1,-1,-1
193,775,1171.94,529.92,333.37,159.40,1,6,-1,-1
193,773,265.22,557.94,203.73,114.09,1,4,-1,-1
193,753,1102.80,127.36,72.64,90.25,1,4,-1,-1
193,729,608.60,486.09,36.00,79.00,1,1,-1,-1
193,713,779.33,54.99,72.96,103.87,1,4,-1,-1
193,695,1620.47,217.61,51.38,60.27,1,2,-1,-1
194,798,982.18,2.39,82.77,78.09,1,6,-1,-1
194,797,458.99,631.69,42.89,73.00,1,1,-1,-1
194,791,415.74,697.28,52.28,75.79,1,1,-1,-1
194,775,1170.76,538.06,334.06,160.23,1,6,-1,-1
194,773,268.93,555.35,217.05,121.77,1,4,-1,-1
194,729,607.64,494.17,36.00,79.00,1,1,-1,-1
194,695,1621.44,225.43,51.41,60.31,1,2,-1,-1
195,806,1741.40,377.27,47.25,64.45,1,1,-1,-1
195,804,1073.07,13.88,64.76,62.62,1,4,-1,-1
195,798,980.84,2.93,84.63,82.83,1,6,-1,-1
195,797,445.42,644.64,54.26,92.59,1,1,-1,-1
195,775,1196.50,569.68,302.60,145.69,1,6,-1,-1
195,773,267.05,560.70,224.69,126.21,1,4,-1,-1
195,695,1622.42,232.81,51.45,60.35,1,2,-1,-1
196,811,359.18,722.73,39.65,72.77,1,1,-1,-1
196,804,1078.43,17.77,62.81,63.37,1,4,-1,-1
196,797,439.63,643.57,60.55,103.18,1,1,-1,-1
196,775,1184.00,565.14,313.85,151.41,1,6,-1,-1
196,773,263.53,569.20,229.36,128.95,1,4,-1,-1
196,695,1623.39,240.68,51.47,60.38,1,2,-1,-1
197,817,401.00,653.00,48.00,76.00,1,1,-1,-1
198,820,817.12,10.34,55.15,47.58,1,10,-1,-1
198,819,801.73,26.91,28.42,53.11,1,1,-1,-1
198,817,397.00,664.00,48.00,76.00,1,1,-1,-1
198,723,1167.62,430.84,262.53,111.14,1,6,-1,-1
199,819,798.10,33.83,28.71,53.29,1,1,-1,-1
200,821,430.74,706.38,38.41,64.50,1,1,-1,-1
200,812,1109.84,74.16,33.00,51.00,1,10,-1,-1
200,792,771.32,67.69,106.56,43.86,1,7,-1,-1
200,753,1103.16,178.77,68.85,90.21,1,4,-1,-1
200,695,1619.15,264.89,51.54,60.46,1,2,-1,-1
201,841,978.75,287.11,91.50,121.63,1,4,-1,-1
201,753,1100.01,181.78,70.13,92.86,1,4,-1,-1
202,849,755.00,58.22,23.21,43.51,1,1,-1,-1
202,817,370.67,698.47,48.00,76.00,1,1,-1,-1
202,775,1167.07,601.18,334.87,164.32,1,6,-1,-1
202,753,1096.68,183.13,71.00,94.97,1,4,-1,-1
202,723,1149.94,442.38,270.06,120.90,1,6,-1,-1
202,713,764.33,107.36,76.76,112.91,1,4,-1,-1
203,849,750.93,59.56,23.39,44.68,1,1,-1,-1
203,817,363.67,706.64,48.00,76.00,1,1,-1,-1
203,753,1093.35,183.92,71.59,96.74,1,4,-1,-1
203,723,1145.54,445.06,270.99,123.61,1,6,-1,-1
203,713,760.51,109.64,76.43,112.61,1,4,-1,-1
204,849,746.86,60.51,23.49,45.73,1,1,-1,-1
204,817,357.28,715.32,48.00,76.00,1,1,-1,-1
204,753,1090.71,184.57,72.00,98.28,1,4,-1,-1
204,723,1141.73,447.49,271.79,126.67,1,6,-1,-1
204,713,757.22,111.71,76.19,112.40,1,4,-1,-1
205,865,1747.95,436.13,48.10,63.68,1,1,-1,-1
205,849,742.78,61.57,23.62,47.10,1,1,-1,-1
205,841,965.67,289.35,87.58,122.12,1,4,-1,-1
205,817,351.80,721.51,48.00,76.00,1,1,-1,-1
205,723,1138.03,450.24,272.11,129.70,1,6,-1,-1
206,876,399.85,741.00,42.00,73.00,1,1,-1,-1
206,865,1747.99,437.77,48.02,63.41,1,1,-1,-1
206,864,1466.31,908.01,271.66,162.61,1,4,-1,-1
206,849,738.74,62.47,23.68,48.32,1,1,-1,-1
206,848,288.91,803.86,43.00,79.00,1,1,-1,-1
206,842,1459.93,440.83,332.97,140.07,1,6,-1,-1
206,841,967.90,278.80,86.00,121.28,1,4,-1,-1
206,817,352.05,740.04,45.20,71.47,1,1,-1,-1
206,723,1134.64,453.10,272.39,132.74,1,6,-1,-1
207,884,349.07,770.13,53.55,78.84,1,1,-1,-1
207,876,402.04,747.09,40.55,69.69,1,1,-1,-1
207,865,1747.97,439.16,48.07,63.65,1,1,-1,-1
207,864,1482.36,910.02,271.72,160.52,1,4,-1,-1
207,860,197.23,643.65,254.15,137.07,1,4,-1,-1
207,848,281.91,810.10,43.00,79.00,1,1,-1,-1
207,842,1459.50,443.90,333.57,139.68,1,6,-1,-1
207,812,1100.96,89.59,33.00,51.00,1,10,-1,-1
208,892,719.96,289.10,86.67,120.21,1,4,-1,-1
208,884,340.17,781.55,49.72,73.12,1,1,-1,-1
208,865,1747.96,440.94,48.09,63.79,1,1,-1,-1
208,848,274.91,816.85,43.00,79.00,1,1,-1,-1
208,812,1099.89,90.45,33.00,51.00,1,10,-1,-1
208,753,1080.62,188.02,72.68,102.29,1,4,-1,-1
209,884,332.25,789.91,47.64,70.00,1,1,-1,-1
209,848,268.60,823.78,43.00,79.00,1,1,-1,-1
209,812,1098.87,91.96,33.00,51.00,1,10,-1,-1
209,753,1080.08,188.70,72.72,102.80,1,4,-1,-1
210,901,949.00,0.00,85.00,115.00,1,6,-1,-1
210,893,550.84,588.15,37.08,84.00,1,1,-1,-1
210,888,750.00,88.15,112.00,45.00,1,7,-1,-1
210,848,263.19,830.77,43.00,79.00,1,1,-1,-1
210,841,966.64,263.97,83.85,120.56,1,4,-1,-1
211,902,702.30,312.32,86.75,120.40,1,4,-1,-1
211,901,946.90,-0.32,84.76,114.07,1,6,-1,-1
211,893,549.63,591.10,37.07,84.03,1,1,-1,-1
211,888,748.71,89.20,112.00,45.00,1,7,-1,-1
211,876,366.69,761.97,49.46,78.64,1,1,-1,-1
211,864,1547.00,918.36,271.17,152.25,1,4,-1,-1
211,863,1055.90,42.00,57.00,79.00,1,4,-1,-1
211,841,965.82,261.06,83.64,120.59,1,4,-1,-1
212,913,1196.49,487.31,198.52,98.40,1,6,-1,-1
212,901,945.70,-0.46,84.59,113.15,1,6,-1,-1
212,893,547.90,594.06,37.06,84.05,1,1,-1,-1
212,865,1753.35,450.57,48.08,64.00,1,1,-1,-1
212,863,1053.89,43.00,57.00,79.00,1,4,-1,-1
212,841,967.58,247.79,98.05,141.81,1,4,-1,-1
213,909,283.00,873.00,51.00,91.00,1,1,-1,-1
213,893,545.99,597.04,37.05,84.05,1,1,-1,-1
213,865,1754.65,452.84,48.07,64.02,1,1,-1,-1
213,863,1052.56,44.00,57.00,79.00,1,4,-1,-1
213,841,963.14,248.75,93.99,136.09,1,4,-1,-1
214,909,278.00,880.00,51.00,91.00,1,1,-1,-1
214,893,544.02,600.03,37.05,84.06,1,1,-1,-1
214,865,1756.44,455.61,48.06,64.03,1,1,-1,-1
214,863,1052.14,45.00,57.00,79.00,1,4,-1,-1
214,848,238.47,856.45,43.28,79.55,1,1,-1,-1
214,695,1617.19,306.02,51.71,60.66,1,2,-1,-1
215,929,176.98,664.52,253.83,152.70,1,4,-1,-1
215,909,273.00,887.00,51.00,91.00,1,1,-1,-1
215,876,348.11,786.14,54.73,81.25,1,1,-1,-1
215,864,1601.13,935.18,264.87,136.69,1,4,-1,-1
215,863,1052.06,46.00,57.00,79.00,1,4,-1,-1
215,848,236.54,866.87,43.20,79.38,1,1,-1,-1
216,935,1133.67,484.07,287.27,137.43,1,6,-1,-1
216,929,173.01,667.42,255.05,154.09,1,4,-1,-1
216,919,1138.62,639.91,399.39,190.66,1,6,-1,-1
216,909,266.24,892.96,51.70,90.96,1,1,-1,-1
216,876,344.87,793.14,55.27,81.29,1,1,-1,-1
216,864,1614.70,940.11,262.56,131.90,1,4,-1,-1
216,848,231.45,873.22,43.14,79.27,1,1,-1,-1
217,941,739.89,96.85,112.00,45.00,1,7,-1,-1
217,935,1133.29,486.12,287.61,137.36,1,6,-1,-1
217,929,168.51,671.01,256.97,155.46,1,4,-1,-1
217,919,1141.52,648.28,385.42,183.71,1,6,-1,-1
217,909,258.96,898.58,53.18,90.90,1,1,-1,-1
217,876,341.77,800.21,55.62,81.28,1,1,-1,-1
217,864,1628.16,945.08,260.45,127.03,1,4,-1,-1
217,848,225.62,878.05,42.80,79.14,1,1,-1,-1
218,941,738.67,97.44,112.41,45.46,1,7,-1,-1
218,940,706.01,83.77,23.80,53.46,1,1,-1,-1
218,929,163.79,674.82,259.26,156.76,1,4,-1,-1
218,893,534.13,604.34,44.76,98.37,1,1,-1,-1
218,876,335.63,807.28,56.16,81.27,1,1,-1,-1
218,865,1760.93,465.70,48.05,64.05,1,1,-1,-1
218,864,1642.04,950.10,258.17,122.08,1,4,-1,-1
219,933,291.50,799.42,46.73,80.79,1,1,-1,-1
219,929,181.63,701.24,219.24,132.51,1,4,-1,-1
219,902,687.00,325.07,91.90,124.63,1,4,-1,-1
219,901,939.29,-0.80,83.96,105.60,1,6,-1,-1
219,876,328.96,814.35,56.82,81.25,1,1,-1,-1
219,865,1761.29,467.97,48.04,64.04,1,1,-1,-1
219,864,1654.93,954.52,251.58,117.00,1,4,-1,-1
220,901,938.32,-0.75,83.95,104.49,1,6,-1,-1
221,909,227.74,923.11,61.20,87.44,1,1,-1,-1
221,848,200.06,894.03,41.72,77.54,1,1,-1,-1
222,969,242.69,875.21,58.57,72.43,1,1,-1,-1
222,953,1156.13,674.08,349.27,165.04,1,6,-1,-1
222,909,219.83,929.82,63.83,86.36,1,1,-1,-1
222,863,1049.31,54.27,57.31,79.04,1,4,-1,-1
222,848,194.04,898.27,41.78,77.92,1,1,-1,-1
223,977,1430.49,479.30,393.31,162.98,1,6,-1,-1
223,956,780.97,53.03,53.00,47.00,1,10,-1,-1
223,953,1140.34,667.42,386.87,182.49,1,6,-1,-1
223,909,211.85,936.62,65.38,86.21,1,1,-1,-1
223,902,681.07,332.67,94.69,126.74,1,4,-1,-1
223,865,1764.03,478.00,48.03,64.04,1,1,-1,-1
223,864,1713.93,974.80,200.27,95.91,1,4,-1,-1
223,863,1048.39,55.08,57.83,79.09,1,4,-1,-1
224,981,832.75,174.18,103.45,217.65,1,6,-1,-1
224,977,1443.06,487.31,367.06,152.05,1,6,-1,-1
224,964,1072.35,207.95,75.19,104.38,1,4,-1,-1
224,956,779.97,54.03,53.00,47.00,1,10,-1,-1
224,953,1145.26,674.82,373.08,175.82,1,6,-1,-1
224,909,204.19,943.79,66.48,86.37,1,1,-1,-1
224,902,688.89,346.90,85.44,113.98,1,4,-1,-1
224,865,1764.94,480.76,48.03,64.04,1,1,-1,-1
224,863,1051.45,69.69,51.27,70.07,1,4,-1,-1
225,981,831.13,179.05,104.65,219.90,1,6,-1,-1
225,977,1450.13,492.34,352.60,146.03,1,6,-1,-1
225,964,1071.25,209.04,75.71,104.95,1,4,-1,-1
225,956,778.98,55.02,53.00,47.00,1,10,-1,-1
226,1001,699.88,90.65,26.84,49.16,1,1,-1,-1
226,977,1432.30,491.64,399.60,165.50,1,6,-1,-1
227,997,934.18,-0.36,84.38,96.71,1,6,-1,-1
227,984,130.98,706.41,271.33,161.16,1,4,-1,-1
228,984,128.00,709.93,272.00,160.95,1,4,-1,-1
228,902,687.53,361.90,77.91,103.41,1,4,-1,-1
228,893,510.31,642.24,44.00,86.27,1,1,-1,-1
228,865,1761.66,481.42,51.62,74.23,1,1,-1,-1
228,863,1043.38,58.81,59.31,76.64,1,4,-1,-1
229,984,124.94,713.25,272.93,161.18,1,4,-1,-1
229,980,715.42,120.78,76.98,111.04,1,4,-1,-1
229,969,200.71,913.05,58.33,73.22,1,1,-1,-1
229,956,773.39,59.12,53.00,47.00,1,10,-1,-1
229,902,683.51,356.48,83.27,110.59,1,4,-1,-1
229,893,508.17,644.75,44.42,86.18,1,1,-1,-1
229,865,1766.63,476.59,53.87,80.09,1,1,-1,-1
230,1011,1084.89,111.00,33.00,61.00,1,10,-1,-1
230,996,695.44,80.59,34.86,66.48,1,1,-1,-1
230,980,719.41,137.23,76.74,110.52,1,4,-1,-1
230,977,1431.67,501.62,390.22,161.51,1,6,-1,-1
230,969,192.74,917.59,58.29,73.23,1,1,-1,-1
230,956,771.40,60.05,53.00,47.00,1,10,-1,-1
230,902,680.61,354.65,86.81,115.32,1,4,-1,-1
231,1011,1084.09,111.22,33.00,61.00,1,10,-1,-1
231,1003,1623.08,331.99,51.84,60.10,1,2,-1,-1
231,996,689.68,85.97,33.10,62.36,1,1,-1,-1
231,980,720.35,144.80,76.59,110.17,1,4,-1,-1
231,969,184.69,921.72,58.26,73.23,1,1,-1,-1
231,956,769.37,61.02,53.00,47.00,1,10,-1,-1
231,902,678.36,353.83,89.22,118.56,1,4,-1,-1
232,1024,252.85,893.95,61.00,78.00,1,1,-1,-1
232,1003,1623.08,333.71,51.85,60.03,1,2,-1,-1
232,980,715.03,144.28,68.63,98.64,1,4,-1,-1
232,969,176.63,925.71,58.24,73.23,1,1,-1,-1
232,956,767.34,62.01,53.00,47.00,1,10,-1,-1
233,1024,247.06,900.97,61.00,78.00,1,1,-1,-1
233,1016,727.48,109.24,112.74,54.96,1,7,-1,-1
233,980,718.77,149.89,70.98,101.96,1,4,-1,-1
233,956,765.94,62.52,53.04,47.30,1,10,-1,-1
234,1024,236.74,881.69,66.77,85.44,1,1,-1,-1
234,1022,1065.38,219.01,79.76,106.30,1,4,-1,-1
234,1016,726.76,109.96,112.65,55.03,1,7,-1,-1
234,980,719.24,152.15,72.56,104.19,1,4,-1,-1
234,863,1038.19,61.86,64.83,78.98,1,4,-1,-1
235,1024,229.28,858.73,69.44,94.78,1,1,-1,-1
235,1022,1065.29,220.07,79.84,106.33,1,4,-1,-1
235,1016,725.86,110.87,112.57,55.07,1,7,-1,-1
235,1011,1082.26,113.09,33.37,61.16,1,10,-1,-1
235,933,217.74,867.34,49.03,80.61,1,1,-1,-1
235,865,1776.57,480.18,44.81,75.78,1,1,-1,-1
236,1043,101.65,974.07,69.12,69.48,1,1,-1,-1
236,1031,940.86,204.97,84.74,122.14,1,4,-1,-1
236,1022,1065.19,221.06,79.97,106.44,1,4,-1,-1
236,1011,1080.65,112.77,31.61,57.88,1,10,-1,-1
236,998,1131.00,520.82,288.00,137.00,1,6,-1,-1
236,933,217.78,867.21,49.08,80.82,1,1,-1,-1
236,865,1772.20,489.73,45.27,77.42,1,1,-1,-1
237,1049,932.58,3.25,76.87,79.08,1,6,-1,-1
237,1031,940.59,203.98,84.52,121.79,1,4,-1,-1
237,1022,1065.77,222.02,80.11,106.59,1,4,-1,-1
237,1011,1081.55,114.89,32.06,58.87,1,10,-1,-1
237,998,1131.00,520.73,288.00,137.00,1,6,-1,-1
237,984,84.97,731.68,305.16,177.34,1,4,-1,-1
237,865,1771.09,494.36,45.58,78.57,1,1,-1,-1
238,1049,943.60,6.25,60.32,61.52,1,6,-1,-1
238,1031,939.90,203.16,84.32,121.20,1,4,-1,-1
238,1022,1065.92,222.96,80.26,106.76,1,4,-1,-1
238,1011,1081.34,115.47,32.69,59.64,1,10,-1,-1
238,1003,1634.46,346.09,48.31,56.01,1,2,-1,-1
238,998,1131.00,520.65,288.00,137.00,1,6,-1,-1
238,984,86.88,728.43,300.15,174.67,1,4,-1,-1
238,980,716.27,154.72,75.07,107.71,1,4,-1,-1
239,1011,1081.02,116.27,32.79,60.04,1,10,-1,-1
239,1003,1635.76,345.88,49.45,57.25,1,2,-1,-1
239,984,86.01,739.64,295.73,172.18,1,4,-1,-1
239,956,761.20,64.66,51.99,47.10,1,10,-1,-1
240,1068,116.87,962.74,58.78,73.86,1,1,-1,-1
240,1064,1149.85,721.41,332.30,160.87,1,6,-1,-1
240,1051,667.30,354.49,90.66,119.60,1,4,-1,-1
240,1043,78.90,997.33,68.39,61.64,1,1,-1,-1
241,1064,1161.34,748.63,334.54,162.24,1,6,-1,-1
241,1051,663.50,362.25,93.85,124.01,1,4,-1,-1
241,1043,73.05,1003.34,68.21,59.37,1,1,-1,-1
242,1073,168.44,893.98,51.76,87.66,1,1,-1,-1
242,1064,1154.43,739.44,355.16,172.56,1,6,-1,-1
242,1051,660.63,365.86,96.07,126.71,1,4,-1,-1
242,1043,67.14,1009.38,68.04,57.20,1,1,-1,-1
242,1022,1066.42,227.42,80.72,107.32,1,4,-1,-1
242,998,1131.00,520.42,288.00,137.00,1,6,-1,-1
243,1073,152.73,906.46,49.58,84.86,1,1,-1,-1
243,1063,486.09,688.80,45.00,84.00,1,1,-1,-1
243,1011,1077.32,117.01,28.01,51.01,1,10,-1,-1
243,1003,1640.70,352.11,51.74,59.20,1,2,-1,-1
243,998,1129.74,524.28,289.22,137.05,1,6,-1,-1
243,984,75.42,763.32,279.27,163.69,1,4,-1,-1
244,1081,167.57,975.51,81.28,76.84,1,1,-1,-1
244,1063,483.38,692.81,45.00,84.00,1,1,-1,-1
244,998,1128.44,529.80,291.32,137.43,1,6,-1,-1
244,984,75.36,766.10,282.41,165.85,1,4,-1,-1
245,1081,159.67,983.29,80.99,74.51,1,1,-1,-1
245,1074,797.08,291.87,121.75,265.11,1,6,-1,-1
245,984,72.52,767.99,284.85,167.36,1,4,-1,-1
246,1081,151.78,991.28,80.69,72.31,1,1,-1,-1
246,1074,795.13,297.94,123.56,268.78,1,6,-1,-1
246,984,69.34,769.81,286.89,168.72,1,4,-1,-1
247,1084,665.82,115.90,29.00,53.00,1,1,-1,-1
247,1082,1784.10,515.83,48.71,82.49,1,1,-1,-1
247,984,95.27,800.87,259.70,152.72,1,4,-1,-1
248,1097,706.81,166.07,75.39,112.79,1,4,-1,-1
248,1084,664.13,117.13,29.00,53.00,1,1,-1,-1
248,998,1120.99,554.58,304.94,140.62,1,6,-1,-1
248,984,78.06,787.89,269.62,158.62,1,4,-1,-1
249,1106,628.11,371.07,121.01,156.12,1,4,-1,-1
249,1097,690.07,173.78,89.34,134.84,1,4,-1,-1
249,1084,662.90,118.88,29.00,53.00,1,1,-1,-1
249,984,67.55,783.34,276.89,163.06,1,4,-1,-1
250,1117,937.96,168.13,108.31,149.38,1,4,-1,-1
250,1116,716.04,128.00,112.00,55.00,1,7,-1,-1
250,1110,1061.73,241.00,82.27,112.00,1,4,-1,-1
250,1106,635.76,372.99,116.10,149.20,1,4,-1,-1
250,1097,697.19,168.52,84.34,127.86,1,4,-1,-1
250,1084,661.16,120.13,29.00,53.00,1,1,-1,-1
250,984,60.68,782.72,282.29,166.21,1,4,-1,-1
251,1116,715.81,129.22,112.00,55.00,1,7,-1,-1
251,1110,1060.92,242.37,82.33,112.49,1,4,-1,-1
251,1097,699.79,168.36,81.18,123.76,1,4,-1,-1
251,1084,659.90,121.87,29.00,53.00,1,1,-1,-1
251,984,54.34,785.29,286.74,168.75,1,4,-1,-1
252,1116,715.04,130.98,112.00,55.00,1,7,-1,-1
252,1110,1060.69,244.11,82.34,112.77,1,4,-1,-1
252,1097,700.53,170.33,79.17,121.46,1,4,-1,-1
252,1084,658.83,123.13,29.00,53.00,1,1,-1,-1
252,984,49.03,789.83,290.52,170.88,1,4,-1,-1
253,1127,749.94,77.98,60.27,56.04,1,10,-1,-1
253,1116,714.10,132.92,112.00,55.00,1,7,-1,-1
253,1110,1047.31,242.76,89.89,123.66,1,4,-1,-1
253,1082,1785.35,537.77,53.86,86.44,1,1,-1,-1
253,984,44.05,795.00,293.49,172.40,1,4,-1,-1
254,1134,778.93,346.18,136.25,298.53,1,6,-1,-1
254,1116,713.81,134.91,112.00,55.00,1,7,-1,-1
254,1110,1053.87,245.29,87.42,120.61,1,4,-1,-1
254,1106,638.08,385.35,110.16,141.22,1,4,-1,-1
255,1134,776.98,352.22,137.95,302.44,1,6,-1,-1
255,1110,1056.00,247.42,85.81,118.91,1,4,-1,-1
255,1106,638.40,389.02,109.46,140.28,1,4,-1,-1
256,1136,930.93,186.62,86.50,117.14,1,4,-1,-1
256,1134,775.04,358.21,139.78,306.48,1,6,-1,-1
256,1106,637.99,393.10,108.99,139.64,1,4,-1,-1
257,1136,938.87,164.33,102.05,138.72,1,4,-1,-1
257,1134,772.02,366.63,142.41,310.65,1,6,-1,-1
257,1106,637.94,397.30,108.65,139.18,1,4,-1,-1
257,1082,1800.86,548.57,55.28,84.23,1,1,-1,-1
258,1156,1493.08,574.95,363.07,151.59,1,6,-1,-1
258,1136,929.00,175.23,94.36,128.59,1,4,-1,-1
258,1134,768.51,376.08,145.55,315.07,1,6,-1,-1
258,1106,638.01,400.84,108.40,138.84,1,4,-1,-1
258,1082,1803.01,552.63,55.69,83.90,1,1,-1,-1
259,1158,771.97,80.54,65.95,61.45,1,10,-1,-1
259,1156,1494.55,576.55,368.64,154.05,1,6,-1,-1
259,1149,919.96,1.86,79.56,70.78,1,6,-1,-1
259,1136,922.27,196.82,94.36,128.30,1,4,-1,-1
259,1134,764.96,385.64,149.32,319.32,1,6,-1,-1
259,1082,1805.18,556.73,56.27,83.69,1,1,-1,-1
260,1158,765.95,89.45,68.71,64.23,1,10,-1,-1
260,1136,924.90,189.61,89.66,121.78,1,4,-1,-1
260,1134,776.52,384.30,167.16,353.48,1,6,-1,-1
260,1097,695.47,185.41,76.34,122.61,1,4,-1,-1
260,1082,1807.32,561.47,56.97,83.56,1,1,-1,-1
261,1170,1041.96,91.74,56.84,67.69,1,4,-1,-1
261,1142,1127.37,612.18,323.12,147.46,1,6,-1,-1
261,1136,926.87,188.59,86.72,117.29,1,4,-1,-1
261,1134,761.27,397.30,166.40,347.70,1,6,-1,-1
262,1173,708.04,150.00,112.00,55.00,1,7,-1,-1
262,1165,657.76,157.84,27.65,53.10,1,1,-1,-1
262,1142,1128.56,617.91,326.02,148.87,1,6,-1,-1
262,1136,928.96,188.92,84.99,114.21,1,4,-1,-1
262,1134,753.90,409.76,167.45,344.82,1,6,-1,-1
262,1118,1668.54,415.13,64.01,60.78,1,2,-1,-1
263,1173,687.39,135.64,148.16,72.89,1,7,-1,-1
263,1169,1083.85,151.89,34.00,61.00,1,10,-1,-1
263,1165,655.11,158.79,29.67,56.85,1,1,-1,-1
263,1142,1130.29,623.30,329.06,150.49,1,6,-1,-1
263,1136,930.72,190.21,83.78,112.06,1,4,-1,-1
263,1134,749.05,421.81,169.43,344.13,1,6,-1,-1
263,1118,1673.49,421.46,64.17,60.71,1,2,-1,-1
264,1173,695.33,145.79,135.25,66.16,1,7,-1,-1
264,1172,931.38,0.91,77.29,69.56,1,6,-1,-1
264,1165,653.89,160.95,30.89,59.65,1,1,-1,-1
264,1164,5.94,862.52,308.41,175.34,1,4,-1,-1
264,1158,748.58,85.74,61.78,57.72,1,10,-1,-1
264,1136,928.84,188.35,73.21,97.42,1,4,-1,-1
264,1118,1678.54,427.67,64.28,60.66,1,2,-1,-1
265,1181,1036.87,8.00,28.00,46.00,1,1,-1,-1
265,1179,636.47,430.94,103.89,134.26,1,4,-1,-1
265,1173,700.00,151.53,127.72,62.09,1,7,-1,-1
265,1172,933.23,1.21,76.18,69.31,1,6,-1,-1
265,1158,753.30,94.08,61.37,57.34,1,10,-1,-1
265,1136,933.63,193.33,76.12,100.41,1,4,-1,-1
265,1118,1683.63,434.47,64.35,60.61,1,2,-1,-1
266,1179,656.98,442.07,108.16,140.80,1,4,-1,-1
266,1173,702.46,148.51,131.17,62.89,1,7,-1,-1
266,1158,755.79,98.52,61.11,57.10,1,10,-1,-1
266,1118,1689.99,437.52,67.12,63.27,1,2,-1,-1
267,1190,693.14,201.00,79.91,131.12,1,4,-1,-1
267,1187,1510.99,638.25,388.04,162.48,1,6,-1,-1
267,1179,647.63,430.87,109.91,144.15,1,4,-1,-1
267,1173,702.84,155.85,126.56,59.90,1,7,-1,-1
267,1169,1087.86,170.50,30.00,53.44,1,10,-1,-1
267,1158,757.41,101.48,60.95,56.95,1,10,-1,-1
267,1142,1135.29,645.93,340.59,156.52,1,6,-1,-1
267,1118,1692.51,444.66,66.39,62.49,1,2,-1,-1
268,1197,1845.36,616.09,53.27,80.04,1,1,-1,-1
268,1195,1034.06,28.06,87.00,57.00,1,7,-1,-1
268,1179,634.89,439.53,111.40,147.31,1,4,-1,-1
268,1164,2.92,892.74,302.74,164.40,1,4,-1,-1
268,1142,1136.07,651.65,342.46,157.34,1,6,-1,-1
268,1118,1696.10,451.26,65.85,61.92,1,2,-1,-1
269,1205,1074.11,294.95,82.00,116.00,1,4,-1,-1
269,1203,709.26,502.59,205.53,363.81,1,6,-1,-1
269,1197,1848.21,624.16,51.58,79.49,1,1,-1,-1
269,1195,1035.81,30.81,87.00,57.00,1,7,-1,-1
269,1179,629.42,445.14,112.30,149.91,1,4,-1,-1
269,1172,934.93,1.83,74.62,71.97,1,6,-1,-1
269,1164,2.12,900.02,301.40,161.35,1,4,-1,-1
269,1142,1137.33,657.44,343.69,157.87,1,6,-1,-1
269,1118,1700.06,456.98,65.46,61.50,1,2,-1,-1
270,1205,1075.91,298.19,82.00,116.00,1,4,-1,-1
270,1203,702.56,515.16,211.69,369.68,1,6,-1,-1
270,1179,626.14,449.80,113.25,152.65,1,4,-1,-1
270,1142,1138.61,663.76,345.04,157.93,1,6,-1,-1
270,1118,1704.14,462.98,65.17,61.19,1,2,-1,-1
271,1210,1132.19,877.41,526.04,210.69,1,6,-1,-1
271,1205,1077.13,301.96,82.00,116.00,1,4,-1,-1
271,1203,695.29,527.72,218.45,375.57,1,6,-1,-1
271,1181,1033.83,9.32,34.30,56.51,1,1,-1,-1
271,1179,624.17,454.14,113.88,155.38,1,4,-1,-1
272,1216,659.19,17.84,31.93,56.32,1,1,-1,-1
272,1212,655.18,190.59,29.12,59.06,1,1,-1,-1
272,1203,688.31,540.46,225.19,381.08,1,6,-1,-1
272,1181,1042.25,16.29,32.40,53.34,1,1,-1,-1
272,1179,623.47,459.16,114.17,157.17,1,4,-1,-1
273,1222,705.55,175.73,123.91,52.27,1,7,-1,-1
273,1216,658.98,21.03,31.91,56.16,1,1,-1,-1
273,1212,655.23,194.30,28.91,58.65,1,1,-1,-1
273,1203,681.44,553.87,231.89,385.96,1,6,-1,-1
273,1179,623.27,464.57,114.27,158.35,1,4,-1,-1
273,1172,939.32,6.63,68.74,71.49,1,6,-1,-1
274,1216,658.94,24.83,31.91,56.07,1,1,-1,-1
274,1212,655.11,198.12,29.07,58.99,1,1,-1,-1
274,1203,671.13,567.36,240.02,390.92,1,6,-1,-1
274,1172,938.28,4.48,70.00,74.34,1,6,-1,-1
275,1232,1169.28,969.94,450.77,135.98,1,6,-1,-1
275,1216,658.22,27.37,31.92,56.02,1,1,-1,-1
275,1205,1078.74,319.31,85.16,120.17,1,4,-1,-1
275,1204,1054.99,130.41,66.37,79.09,1,4,-1,-1
275,1203,659.59,581.44,249.39,395.45,1,6,-1,-1
275,1172,937.84,3.35,71.16,76.68,1,6,-1,-1
276,1236,1535.38,712.33,368.13,156.56,1,6,-1,-1
276,1172,941.90,6.04,74.89,81.82,1,6,-1,-1
276,1158,759.29,126.81,60.75,56.77,1,10,-1,-1
277,1236,1537.16,722.42,366.55,156.42,1,6,-1,-1
277,1222,694.69,186.72,138.79,58.03,1,7,-1,-1
277,1158,759.27,129.84,60.76,56.78,1,10,-1,-1
278,1158,757.92,133.04,60.80,57.09,1,10,-1,-1
278,1142,1171.31,712.63,356.04,166.98,1,6,-1,-1
279,1190,680.88,234.63,95.30,146.38,1,4,-1,-1
279,1179,624.82,501.07,114.26,160.72,1,4,-1,-1
279,1158,756.74,136.91,60.86,57.60,1,10,-1,-1
280,1248,1096.86,207.16,34.27,65.67,1,10,-1,-1
280,1195,1048.08,60.82,87.00,57.00,1,7,-1,-1
280,1190,682.47,240.57,95.68,144.34,1,4,-1,-1
280,1179,622.67,507.52,115.00,161.83,1,4,-1,-1
280,1158,755.59,140.53,60.95,58.54,1,10,-1,-1
281,1252,1755.95,545.00,64.00,60.00,1,2,-1,-1
281,1205,1075.80,342.48,98.73,139.19,1,4,-1,-1
281,1190,682.54,245.63,96.24,142.94,1,4,-1,-1
281,1158,753.83,144.45,61.03,59.50,1,10,-1,-1
282,1252,1759.97,554.00,64.00,60.00,1,2,-1,-1
282,1235,1051.27,149.60,75.67,93.14,1,10,-1,-1
282,1205,1076.59,348.45,98.18,138.43,1,4,-1,-1
282,1190,682.20,250.26,97.22,141.98,1,4,-1,-1
282,1136,937.09,212.84,85.01,106.82,1,4,-1,-1
283,1260,637.64,-8.27,31.73,60.76,1,1,-1,-1
283,1252,1763.97,563.00,64.00,60.00,1,2,-1,-1
283,1190,682.10,255.33,98.20,141.29,1,4,-1,-1
283,1136,936.41,213.26,85.04,106.91,1,4,-1,-1
284,1270,578.23,731.89,313.35,344.76,1,6,-1,-1
284,1262,1553.89,794.52,350.17,156.11,1,6,-1,-1
284,1260,640.53,-0.33,29.00,56.89,1,1,-1,-1
284,1190,680.59,260.23,98.91,141.37,1,4,-1,-1
284,1136,936.14,213.38,85.07,106.98,1,4,-1,-1
285,1270,577.02,751.74,310.32,327.40,1,6,-1,-1
285,1262,1556.68,805.41,347.59,155.92,1,6,-1,-1
285,1260,641.14,4.21,27.53,55.18,1,1,-1,-1
285,1190,678.59,265.41,99.42,141.68,1,4,-1,-1
285,1136,936.04,213.85,85.07,106.74,1,4,-1,-1
286,1281,1175.46,807.07,347.19,174.53,1,6,-1,-1
286,1279,1050.64,78.18,86.68,58.70,1,7,-1,-1
286,1278,638.89,237.95,33.00,67.00,1,1,-1,-1
286,1277,605.00,543.94,122.89,176.17,1,4,-1,-1
286,1270,580.76,782.27,293.53,294.50,1,6,-1,-1
286,1262,1559.95,815.93,344.79,156.09,1,6,-1,-1
286,1260,640.88,8.14,26.69,54.60,1,1,-1,-1
286,1205,1076.79,370.52,99.76,138.57,1,4,-1,-1
286,1203,560.79,765.32,327.48,338.53,1,6,-1,-1
286,1136,935.35,214.05,85.08,106.57,1,4,-1,-1
287,1281,1165.99,814.18,366.16,184.49,1,6,-1,-1
287,1279,1050.58,81.28,86.81,59.31,1,7,-1,-1
287,1278,635.53,241.97,33.00,67.00,1,1,-1,-1
287,1277,602.67,550.12,124.31,178.57,1,4,-1,-1
287,1262,1563.12,826.61,341.71,155.79,1,6,-1,-1
287,1260,637.60,12.70,22.46,46.42,1,1,-1,-1
287,1205,1076.76,376.21,100.04,138.24,1,4,-1,-1
287,1136,935.08,214.31,85.09,106.73,1,4,-1,-1
288,1289,692.40,238.18,126.24,53.53,1,7,-1,-1
288,1279,1050.49,83.65,86.99,60.06,1,7,-1,-1
288,1278,632.36,246.71,33.00,67.00,1,1,-1,-1
288,1262,1566.07,837.04,338.90,155.94,1,6,-1,-1
288,1260,642.40,9.77,23.51,49.64,1,1,-1,-1
288,1205,1076.68,382.18,100.22,137.99,1,4,-1,-1
288,1136,932.16,209.73,88.12,110.24,1,4,-1,-1
289,1290,1069.37,178.11,68.94,78.68,1,4,-1,-1
289,1289,690.91,242.74,126.21,53.39,1,7,-1,-1
289,1279,1050.41,86.50,87.15,60.89,1,7,-1,-1
289,1278,629.27,251.68,33.00,67.00,1,1,-1,-1
289,1262,1569.54,847.86,335.66,155.98,1,6,-1,-1
289,1260,640.55,17.09,23.77,51.51,1,1,-1,-1
289,1205,1076.32,387.57,100.93,137.83,1,4,-1,-1
290,1297,746.03,184.35,54.71,61.95,1,10,-1,-1
290,1294,1056.00,72.13,28.00,46.00,1,1,-1,-1
290,1289,706.94,248.99,133.31,56.56,1,7,-1,-1
290,1278,625.51,256.70,33.00,67.00,1,1,-1,-1
290,1262,1572.86,858.14,331.60,154.65,1,6,-1,-1
290,1260,638.55,21.42,23.90,52.81,1,1,-1,-1
291,1297,745.21,189.58,54.39,61.57,1,10,-1,-1
291,1294,1056.00,74.92,28.00,46.00,1,1,-1,-1
291,1289,690.40,255.16,125.17,53.30,1,7,-1,-1
291,1278,622.23,261.74,33.00,67.00,1,1,-1,-1
291,1262,1576.78,868.60,327.27,152.73,1,6,-1,-1
291,1260,636.49,24.71,23.97,53.73,1,1,-1,-1
292,1289,687.59,256.86,125.89,53.97,1,7,-1,-1
292,1278,619.11,266.77,33.00,67.00,1,1,-1,-1
292,1260,634.42,27.84,24.03,54.70,1,1,-1,-1
292,1190,664.89,301.61,101.18,146.90,1,4,-1,-1
292,1136,933.36,215.31,86.13,107.53,1,4,-1,-1
293,1301,1132.97,864.41,455.76,216.01,1,6,-1,-1
293,1260,632.36,30.73,24.06,55.38,1,1,-1,-1
293,1190,662.85,306.70,101.26,147.79,1,4,-1,-1
293,1136,933.52,216.31,85.84,107.13,1,4,-1,-1
294,1301,1146.96,879.18,433.78,202.01,1,6,-1,-1
294,1260,630.31,34.23,24.07,55.88,1,1,-1,-1
294,1136,933.63,217.39,85.63,106.84,1,4,-1,-1
295,1315,580.19,607.74,123.61,194.39,1,4,-1,-1
295,1290,1050.70,203.87,78.87,90.13,1,4,-1,-1
295,1260,628.26,38.16,24.09,56.53,1,1,-1,-1
295,1136,933.72,217.83,85.47,106.63,1,4,-1,-1
296,1311,1029.99,3.68,23.91,53.39,1,1,-1,-1
296,1290,1050.34,207.60,79.90,91.42,1,4,-1,-1
296,1272,928.68,0.15,82.73,103.63,1,6,-1,-1
296,1260,626.21,42.42,24.13,57.58,1,1,-1,-1
296,1136,933.78,218.66,85.36,106.48,1,4,-1,-1
297,1311,1030.08,11.13,23.05,52.95,1,1,-1,-1
297,1290,1050.07,211.50,80.59,92.57,1,4,-1,-1
297,1190,656.94,325.70,101.95,153.40,1,4,-1,-1
297,1136,933.82,219.64,85.28,106.37,1,4,-1,-1
298,1322,630.97,106.94,25.00,55.00,1,1,-1,-1
298,1290,1050.01,214.95,81.43,94.02,1,4,-1,-1
298,1190,655.81,330.00,101.51,154.95,1,4,-1,-1
298,1136,933.85,220.01,85.22,106.29,1,4,-1,-1
299,1322,629.98,109.94,25.00,55.00,1,1,-1,-1
299,1315,556.34,635.30,154.50,235.78,1,4,-1,-1
299,1290,1049.87,218.70,82.00,95.31,1,4,-1,-1
299,1190,654.84,334.66,101.20,156.34,1,4,-1,-1
299,1136,933.88,220.80,85.18,106.24,1,4,-1,-1
300,1344,1072.16,4.51,250.57,95.59,1,6,-1,-1
300,1322,628.98,112.95,25.00,55.00,1,1,-1,-1
300,1315,557.21,639.50,147.14,222.32,1,4,-1,-1
300,1290,1049.90,222.56,82.71,96.54,1,4,-1,-1
300,1136,949.82,234.70,79.43,99.21,1,4,-1,-1
301,1344,1093.29,20.40,222.52,85.70,1,6,-1,-1
301,1310,839.66,34.03,27.10,55.08,1,1,-1,-1
301,1290,1049.96,226.64,83.55,98.03,1,4,-1,-1
301,1136,941.57,228.84,80.99,101.12,1,4,-1,-1
302,1359,1055.42,126.64,87.84,68.17,1,7,-1,-1
302,1344,1082.97,16.03,231.76,89.85,1,6,-1,-1
302,1290,1050.33,229.98,83.82,99.31,1,4,-1,-1
302,1136,938.15,226.91,82.12,102.49,1,4,-1,-1
303,1363,1033.21,35.76,21.52,54.49,1,1,-1,-1
303,1359,1058.00,132.20,90.58,69.88,1,7,-1,-1
303,1358,619.36,64.34,24.27,64.94,1,1,-1,-1
303,1344,1096.45,21.58,217.12,84.67,1,6,-1,-1
304,1368,1062.39,119.42,29.44,55.16,1,1,-1,-1
304,1367,785.87,1.96,30.05,47.14,1,1,-1,-1
304,1363,1033.96,39.70,21.77,54.60,1,1,-1,-1
304,1359,1073.96,137.95,70.55,66.42,1,7,-1,-1
304,1358,618.46,67.35,25.07,65.37,1,1,-1,-1
304,1344,1086.68,20.28,226.89,89.09,1,6,-1,-1
304,1289,673.71,305.23,138.74,62.01,1,7,-1,-1
305,1371,626.07,330.99,132.71,208.92,1,4,-1,-1
305,1368,1064.08,124.40,29.64,57.97,1,1,-1,-1
305,1367,787.60,2.31,29.83,50.24,1,1,-1,-1
305,1359,1067.99,135.09,82.63,72.95,1,7,-1,-1
305,1289,673.36,308.59,139.50,62.59,1,7,-1,-1
306,1371,640.46,350.97,121.73,189.74,1,4,-1,-1
306,1367,788.89,12.11,31.04,56.07,1,1,-1,-1
306,1359,1064.31,135.68,89.74,75.86,1,7,-1,-1
306,1290,1054.50,244.32,83.90,102.64,1,4,-1,-1
306,1289,672.67,312.25,140.29,63.00,1,7,-1,-1
307,1371,646.75,363.13,116.49,179.73,1,4,-1,-1
307,1359,1061.94,137.63,94.18,77.25,1,7,-1,-1
307,1290,1055.76,248.23,83.68,103.38,1,4,-1,-1
308,1387,924.88,1.72,85.19,111.57,1,6,-1,-1
308,1386,734.98,258.08,57.14,65.04,1,10,-1,-1
308,1385,497.99,914.87,54.11,110.79,1,10,-1,-1
308,1363,1041.48,50.90,23.36,56.32,1,1,-1,-1
308,1359,1060.38,140.16,97.02,77.90,1,7,-1,-1
308,1290,1056.92,251.60,83.53,104.20,1,4,-1,-1
309,1391,835.05,61.37,25.86,57.38,1,1,-1,-1
309,1385,495.92,926.50,52.40,104.33,1,10,-1,-1
309,1377,555.96,719.91,128.06,203.20,1,4,-1,-1
309,1363,1038.30,57.89,23.70,56.63,1,1,-1,-1
309,1290,1058.02,255.22,83.40,104.78,1,4,-1,-1
310,1391,834.09,64.28,26.00,57.79,1,1,-1,-1
310,1385,492.96,936.65,51.87,99.61,1,10,-1,-1
310,1377,553.36,753.51,112.40,178.00,1,4,-1,-1
310,1363,1037.03,62.99,23.92,56.78,1,1,-1,-1
310,1290,1059.57,259.18,83.02,105.44,1,4,-1,-1
311,1385,490.30,946.37,51.92,95.56,1,10,-1,-1
311,1377,539.60,758.77,125.82,198.75,1,4,-1,-1
311,1363,1036.67,67.34,24.39,56.97,1,1,-1,-1
312,1387,923.84,3.02,86.22,112.95,1,6,-1,-1
312,1386,733.66,275.08,55.69,63.73,1,10,-1,-1
312,1385,486.95,955.30,52.31,91.77,1,10,-1,-1
312,1377,519.00,736.17,136.29,214.55,1,4,-1,-1
312,1363,1037.10,71.46,24.71,57.04,1,1,-1,-1
312,1359,1058.75,152.34,102.10,79.08,1,7,-1,-1
313,1387,912.99,3.74,96.94,127.61,1,6,-1,-1
313,1386,732.53,279.87,55.60,63.60,1,10,-1,-1
313,1385,484.00,964.69,52.88,88.05,1,10,-1,-1
313,1363,1037.37,75.63,25.25,57.48,1,1,-1,-1
313,1359,1058.52,156.34,102.13,78.68,1,7,-1,-1
314,1406,607.19,160.28,28.26,63.79,1,1,-1,-1
314,1387,917.58,1.70,93.97,123.24,1,6,-1,-1
314,1386,731.47,284.17,55.55,63.53,1,10,-1,-1
314,1385,480.47,974.28,53.58,84.34,1,10,-1,-1
314,1378,1083.14,514.84,120.02,187.41,1,4,-1,-1
314,1359,1058.41,159.78,102.13,78.39,1,7,-1,-1
314,1290,1060.62,273.74,82.31,106.60,1,4,-1,-1
315,1419,1088.35,44.38,235.41,99.35,1,6,-1,-1
315,1410,1068.85,153.00,28.00,61.00,1,1,-1,-1
315,1386,730.43,288.95,55.54,63.50,1,10,-1,-1
315,1385,477.38,983.99,54.34,80.60,1,10,-1,-1
315,1378,1085.01,529.18,116.87,184.21,1,4,-1,-1
315,1371,638.37,411.10,108.94,172.99,1,4,-1,-1
315,1359,1059.01,163.00,102.11,78.16,1,7,-1,-1
315,1290,1060.69,277.66,82.16,106.71,1,4,-1,-1
316,1419,1089.37,47.14,235.16,99.62,1,6,-1,-1
316,1414,800.00,29.00,27.00,59.00,1,1,-1,-1
316,1378,1086.16,539.13,114.80,182.69,1,4,-1,-1
316,1371,638.83,415.23,108.84,174.89,1,4,-1,-1
316,1290,1060.91,281.61,82.34,106.80,1,4,-1,-1
317,1419,1091.04,50.08,234.53,99.72,1,6,-1,-1
317,1414,801.00,32.00,27.00,59.00,1,1,-1,-1
317,1371,641.20,419.73,109.07,176.58,1,4,-1,-1
318,1419,1093.94,52.88,233.84,99.40,1,6,-1,-1
318,1414,802.00,35.00,27.00,59.00,1,1,-1,-1
318,1408,757.35,7.83,28.46,52.26,1,1,-1,-1
318,1371,644.25,424.22,109.52,177.83,1,4,-1,-1
319,1414,806.29,37.95,23.16,50.17,1,1,-1,-1
319,1386,735.63,308.19,49.60,56.54,1,10,-1,-1
320,1440,935.17,239.93,119.17,137.95,1,4,-1,-1
321,1450,1141.00,397.00,42.00,79.00,1,10,-1,-1
321,1440,943.26,233.65,108.41,125.73,1,4,-1,-1
321,1405,622.13,121.89,31.44,71.99,1,1,-1,-1
322,1450,1146.78,403.78,42.00,79.00,1,10,-1,-1
322,1440,951.57,233.89,101.73,118.13,1,4,-1,-1
322,1419,1118.42,67.21,233.01,99.02,1,6,-1,-1
322,1405,628.47,124.89,31.41,73.03,1,1,-1,-1
323,1460,1151.00,21.00,200.00,79.00,1,6,-1,-1
323,1459,1106.19,182.39,30.77,61.21,1,1,-1,-1
323,1443,694.25,396.41,130.27,62.58,1,7,-1,-1
323,1440,960.09,236.43,97.52,113.34,1,4,-1,-1
323,1378,1121.61,596.49,108.04,178.04,1,4,-1,-1
324,1465,967.04,13.85,88.00,115.00,1,6,-1,-1
324,1378,1127.78,603.47,110.54,182.83,1,4,-1,-1
325,1471,827.71,16.22,27.00,53.00,1,1,-1,-1
325,1465,973.81,15.06,88.00,115.00,1,6,-1,-1
325,1378,1134.39,610.71,112.56,186.73,1,4,-1,-1
325,1371,663.31,476.14,105.99,169.00,1,4,-1,-1
326,1405,635.56,119.36,34.79,84.87,1,1,-1,-1
326,1386,777.76,337.84,54.93,62.75,1,10,-1,-1
326,1378,1135.99,616.67,114.26,189.79,1,4,-1,-1
326,1371,665.31,473.46,109.51,173.93,1,4,-1,-1
327,1460,1167.39,33.00,200.00,79.00,1,6,-1,-1
327,1405,644.38,131.15,33.78,83.41,1,1,-1,-1
327,1386,777.23,341.70,55.18,63.05,1,10,-1,-1
327,1378,1135.73,622.93,115.74,192.25,1,4,-1,-1
327,1371,664.36,474.94,112.22,177.60,1,4,-1,-1
328,1460,1168.25,36.00,200.00,79.00,1,6,-1,-1
328,1458,1116.82,339.88,83.14,114.34,1,4,-1,-1
328,1405,646.31,138.40,32.77,82.33,1,1,-1,-1
328,1386,774.93,345.58,55.36,63.26,1,10,-1,-1
328,1378,1134.80,629.40,117.09,194.31,1,4,-1,-1
328,1371,678.46,491.21,108.43,171.39,1,4,-1,-1
329,1495,986.11,247.11,91.00,106.00,1,4,-1,-1
329,1487,891.61,18.40,22.77,58.91,1,1,-1,-1
329,1465,978.32,33.97,84.84,110.91,1,6,-1,-1
329,1458,1116.06,344.30,83.04,114.84,1,4,-1,-1
329,1386,771.98,348.84,55.49,63.40,1,10,-1,-1
329,1371,666.52,488.80,112.05,176.68,1,4,-1,-1
330,1505,1122.22,205.01,36.74,67.99,1,1,-1,-1
330,1504,1090.00,160.00,27.00,57.00,1,1,-1,-1
330,1492,692.17,422.77,145.48,70.07,1,7,-1,-1
330,1489,1169.09,445.92,42.00,79.00,1,10,-1,-1
330,1487,890.88,20.38,22.48,59.52,1,1,-1,-1
330,1465,982.91,26.22,85.91,112.30,1,6,-1,-1
330,1458,1115.62,348.34,82.95,115.16,1,4,-1,-1
330,1386,768.81,352.52,55.58,63.51,1,10,-1,-1
331,1513,1151.48,99.87,236.36,99.27,1,6,-1,-1
331,1504,1089.00,165.00,27.00,57.00,1,1,-1,-1
331,1503,914.81,29.87,25.00,53.00,1,1,-1,-1
331,1492,680.23,433.36,149.57,71.84,1,7,-1,-1
331,1489,1168.07,450.92,42.00,79.00,1,10,-1,-1
331,1465,983.67,23.75,86.58,113.17,1,6,-1,-1
331,1458,1104.31,356.03,88.12,122.62,1,4,-1,-1
331,1386,766.89,352.45,55.65,63.59,1,10,-1,-1
332,1513,1150.34,102.83,237.20,99.34,1,6,-1,-1
332,1512,1088.51,3.38,205.08,80.09,1,6,-1,-1
332,1504,1088.00,170.74,27.00,57.00,1,1,-1,-1
332,1492,684.04,433.10,148.27,71.18,1,7,-1,-1
332,1489,1167.05,455.93,42.00,79.00,1,10,-1,-1
332,1465,983.07,23.30,87.03,113.75,1,6,-1,-1
332,1386,764.80,357.50,55.70,63.65,1,10,-1,-1
333,1527,890.47,28.91,22.33,56.47,1,1,-1,-1
333,1524,879.96,154.89,24.00,60.00,1,1,-1,-1
333,1512,1087.46,4.38,205.11,81.02,1,6,-1,-1
333,1504,1087.00,175.98,27.00,57.00,1,1,-1,-1
333,1502,811.61,38.72,31.05,61.03,1,1,-1,-1
333,1501,503.99,902.84,163.82,169.23,1,4,-1,-1
333,1489,1166.04,460.94,42.00,79.00,1,10,-1,-1
333,1386,763.31,361.24,55.74,63.70,1,10,-1,-1
334,1512,1086.27,4.86,205.46,82.34,1,6,-1,-1
334,1502,809.91,41.57,29.60,58.15,1,1,-1,-1
334,1501,501.66,911.64,162.95,160.64,1,4,-1,-1
334,1489,1165.03,465.95,42.00,79.00,1,10,-1,-1
335,1532,642.92,509.18,124.04,196.49,1,4,-1,-1
335,1528,1163.00,53.00,200.00,79.00,1,6,-1,-1
335,1512,1085.18,5.67,205.63,83.52,1,6,-1,-1
335,1503,911.09,39.07,25.00,53.00,1,1,-1,-1
335,1501,499.84,920.49,162.07,151.96,1,4,-1,-1
335,1500,261.95,4.38,195.18,81.33,1,6,-1,-1
335,1489,1164.70,470.28,42.00,79.00,1,10,-1,-1
336,1528,1162.00,55.00,200.00,79.00,1,6,-1,-1
336,1512,1084.15,6.59,205.70,84.61,1,6,-1,-1
336,1503,910.76,41.82,25.00,53.00,1,1,-1,-1
336,1501,478.31,920.07,190.14,168.58,1,4,-1,-1
336,1500,259.60,4.39,194.86,83.32,1,6,-1,-1
336,1489,1164.62,475.04,42.00,79.00,1,10,-1,-1
337,1528,1161.00,57.73,200.00,79.00,1,6,-1,-1
337,1527,891.28,42.29,21.46,57.94,1,1,-1,-1
337,1512,1083.66,7.58,205.36,85.63,1,6,-1,-1
337,1503,910.00,44.08,25.00,53.00,1,1,-1,-1
337,1500,257.54,5.08,194.66,85.28,1,6,-1,-1
338,1541,624.40,188.39,28.17,73.63,1,1,-1,-1
338,1536,725.19,22.80,124.53,67.94,1,6,-1,-1
338,1528,1160.71,59.98,200.00,79.00,1,6,-1,-1
338,1512,1083.67,9.09,204.95,86.32,1,6,-1,-1
338,1503,909.75,46.83,25.00,53.00,1,1,-1,-1
338,1465,976.13,27.43,87.84,114.80,1,6,-1,-1
339,1539,1124.27,241.51,33.00,61.00,1,1,-1,-1
339,1536,705.98,15.76,132.72,72.38,1,6,-1,-1
339,1532,599.34,498.14,139.49,215.41,1,4,-1,-1
339,1524,872.62,180.81,24.55,61.47,1,1,-1,-1
339,1513,1144.50,122.83,242.71,99.48,1,6,-1,-1
339,1512,1083.84,11.50,204.53,86.78,1,6,-1,-1
339,1465,974.98,27.66,87.92,115.18,1,6,-1,-1
340,1539,1123.32,243.61,33.00,61.00,1,1,-1,-1
340,1536,696.82,13.36,137.36,74.89,1,6,-1,-1
340,1532,613.96,529.85,142.72,219.45,1,4,-1,-1
340,1524,872.42,186.26,24.34,60.92,1,1,-1,-1
340,1513,1165.70,146.80,246.05,100.61,1,6,-1,-1
340,1512,1084.54,13.62,203.84,87.06,1,6,-1,-1
340,1489,1166.39,493.91,42.00,79.00,1,10,-1,-1
340,1465,974.51,27.66,87.97,115.44,1,6,-1,-1
341,1539,1122.30,245.57,33.00,61.00,1,1,-1,-1
341,1527,887.08,42.61,21.21,58.80,1,1,-1,-1
341,1512,1085.15,16.29,203.59,87.27,1,6,-1,-1
341,1489,1159.87,492.25,49.05,92.29,1,10,-1,-1
342,1549,672.70,477.69,148.25,71.65,1,7,-1,-1
342,1538,878.88,116.88,27.00,59.00,1,1,-1,-1
342,1528,1161.18,71.68,201.76,79.12,1,6,-1,-1
342,1527,886.79,44.10,21.17,58.91,1,1,-1,-1
342,1512,1085.46,19.19,203.37,87.40,1,6,-1,-1
343,1572,249.57,7.90,188.77,95.99,1,6,-1,-1
343,1567,748.18,399.88,56.00,72.00,1,10,-1,-1
343,1528,1161.15,74.70,202.23,79.14,1,6,-1,-1
343,1527,886.72,45.24,21.14,58.98,1,1,-1,-1
344,1567,745.90,403.91,56.00,72.00,1,10,-1,-1
344,1528,1161.25,77.71,202.86,79.16,1,6,-1,-1
344,1527,886.71,46.92,21.12,59.03,1,1,-1,-1
344,1465,966.12,15.34,99.21,131.47,1,6,-1,-1
345,1567,743.84,407.93,56.00,72.00,1,10,-1,-1
345,1528,1161.85,80.73,203.30,79.17,1,6,-1,-1
345,1489,1160.77,519.99,47.00,88.25,1,10,-1,-1
345,1465,967.18,21.12,96.16,127.85,1,6,-1,-1
346,1567,738.11,399.49,62.05,79.93,1,10,-1,-1
346,1538,873.33,124.78,30.95,67.75,1,1,-1,-1
346,1528,1161.97,82.61,203.71,79.48,1,6,-1,-1
346,1489,1163.13,523.36,45.61,85.68,1,10,-1,-1
346,1465,967.45,24.57,93.97,125.23,1,6,-1,-1
347,1597,1122.12,753.09,132.98,218.93,1,4,-1,-1
347,1572,245.63,14.00,188.71,96.74,1,6,-1,-1
347,1567,738.94,411.52,60.08,77.34,1,10,-1,-1
347,1538,863.53,124.55,32.26,70.24,1,1,-1,-1
347,1528,1162.13,84.48,204.28,79.70,1,6,-1,-1
347,1489,1164.26,528.16,44.61,83.84,1,10,-1,-1
347,1465,965.53,37.92,90.66,121.03,1,6,-1,-1
348,1603,653.75,504.03,161.50,80.83,1,7,-1,-1
348,1597,1121.74,759.32,133.56,220.49,1,4,-1,-1
348,1591,609.22,579.88,141.70,212.36,1,4,-1,-1
348,1572,243.28,15.89,188.67,96.89,1,6,-1,-1
348,1567,738.97,419.56,58.76,75.62,1,10,-1,-1
348,1541,603.52,219.34,30.79,81.03,1,1,-1,-1
348,1538,867.75,127.21,30.80,67.44,1,1,-1,-1
348,1528,1162.24,85.89,205.06,80.18,1,6,-1,-1
348,1489,1168.11,538.45,47.87,90.08,1,10,-1,-1
348,1465,967.13,32.26,89.98,120.54,1,6,-1,-1
349,1613,843.96,86.00,31.00,55.00,1,1,-1,-1
349,1612,793.11,76.11,27.00,53.00,1,1,-1,-1
349,1611,776.96,72.00,22.00,50.00,1,2,-1,-1
349,1603,651.40,508.11,162.21,81.31,1,7,-1,-1
349,1597,1120.98,765.98,134.27,221.88,1,4,-1,-1
349,1567,738.59,425.32,57.87,74.46,1,10,-1,-1
349,1538,868.97,129.91,29.75,65.41,1,1,-1,-1
349,1528,1162.33,87.57,205.90,80.52,1,6,-1,-1
349,1489,1165.73,539.93,46.31,87.15,1,10,-1,-1
349,1465,967.21,30.34,89.49,120.46,1,6,-1,-1
350,1622,847.15,56.15,21.00,51.00,1,1,-1,-1
350,1613,843.19,88.00,31.00,55.00,1,1,-1,-1
350,1612,792.12,77.12,27.00,53.00,1,1,-1,-1
350,1603,649.28,512.80,162.44,81.51,1,7,-1,-1
350,1597,1120.62,772.36,134.73,223.36,1,4,-1,-1
350,1567,738.66,430.81,57.27,73.66,1,10,-1,-1
350,1538,868.97,132.98,28.99,63.63,1,1,-1,-1
350,1528,1162.41,89.37,206.77,80.77,1,6,-1,-1
350,1489,1165.10,544.11,45.16,84.97,1,10,-1,-1
351,1629,977.85,250.00,91.00,106.00,1,4,-1,-1
351,1614,904.96,79.13,25.00,53.00,1,1,-1,-1
351,1612,791.11,78.11,27.00,53.00,1,1,-1,-1
351,1597,1119.89,778.52,135.42,225.10,1,4,-1,-1
351,1538,868.46,135.85,28.44,62.64,1,1,-1,-1
351,1528,1162.92,90.77,207.45,81.24,1,6,-1,-1
352,1629,968.68,244.53,78.09,91.18,1,4,-1,-1
352,1612,790.81,79.81,27.00,53.00,1,1,-1,-1
352,1597,1119.56,785.17,135.83,226.48,1,4,-1,-1
352,1572,235.01,24.76,188.48,97.10,1,6,-1,-1
352,1538,867.72,138.33,28.05,61.91,1,1,-1,-1
352,1528,1163.18,92.45,208.21,81.58,1,6,-1,-1
353,1640,680.71,37.67,137.33,75.30,1,6,-1,-1
353,1635,1114.41,283.28,28.79,52.82,1,1,-1,-1
353,1629,965.38,240.53,87.89,102.51,1,4,-1,-1
353,1623,884.21,58.87,22.35,62.92,1,2,-1,-1
353,1597,1118.87,791.47,136.45,228.13,1,4,-1,-1
353,1572,233.00,26.85,188.43,97.11,1,6,-1,-1
353,1528,1163.30,94.44,209.10,82.12,1,6,-1,-1
354,1649,599.00,283.85,28.00,68.00,1,1,-1,-1
354,1648,592.13,237.67,30.84,79.66,1,1,-1,-1
354,1640,680.31,40.25,137.68,76.03,1,6,-1,-1
354,1623,883.08,60.23,21.81,61.38,1,2,-1,-1
354,1597,1103.54,776.40,160.79,268.97,1,4,-1,-1
354,1572,231.00,29.55,188.39,97.12,1,6,-1,-1
355,1658,1327.88,0.64,120.25,59.67,1,6,-1,-1
355,1657,870.26,245.95,24.00,60.00,1,1,-1,-1
355,1649,597.00,287.84,28.00,68.00,1,1,-1,-1
355,1648,590.71,240.90,30.49,79.20,1,1,-1,-1
355,1623,882.07,62.22,21.48,60.43,1,2,-1,-1
355,1572,228.99,31.81,188.35,97.12,1,6,-1,-1
356,1658,1327.54,0.83,120.92,61.30,1,6,-1,-1
356,1657,870.06,249.97,24.00,60.00,1,1,-1,-1
356,1650,1068.00,289.85,27.00,57.00,1,1,-1,-1
356,1623,881.77,64.37,21.27,59.82,1,2,-1,-1
356,1489,1164.72,574.40,42.69,80.30,1,10,-1,-1
357,1664,671.76,0.54,205.81,91.66,1,6,-1,-1
357,1658,1327.44,0.95,121.86,63.07,1,6,-1,-1
357,1657,869.18,255.14,23.42,58.41,1,1,-1,-1
357,1623,881.04,65.86,21.14,59.43,1,2,-1,-1
357,1614,906.90,92.16,25.00,53.00,1,1,-1,-1
357,1489,1164.07,578.84,42.49,79.92,1,10,-1,-1
358,1681,633.96,543.15,171.72,88.09,1,7,-1,-1
358,1658,1327.47,0.73,122.05,64.10,1,6,-1,-1
358,1657,869.04,259.32,23.65,59.01,1,1,-1,-1
358,1622,842.74,69.96,21.00,51.00,1,1,-1,-1
358,1614,907.67,94.15,25.00,53.00,1,1,-1,-1
358,1489,1163.87,583.70,42.35,79.66,1,10,-1,-1
359,1689,1166.51,1.10,20.08,45.71,1,1,-1,-1
359,1688,1116.00,299.00,33.00,61.00,1,1,-1,-1
359,1680,584.47,631.84,149.07,230.52,1,4,-1,-1
359,1666,1144.56,175.39,242.73,99.68,1,6,-1,-1
359,1658,1327.56,0.47,121.94,64.73,1,6,-1,-1
359,1657,868.29,264.01,23.78,59.37,1,1,-1,-1
359,1614,907.95,96.13,25.00,53.00,1,1,-1,-1
359,1489,1163.17,588.04,42.25,79.47,1,10,-1,-1
360,1695,783.00,97.85,27.00,53.00,1,1,-1,-1
360,1688,1116.00,302.78,33.00,61.00,1,1,-1,-1
360,1682,1085.66,45.23,200.62,90.68,1,6,-1,-1
360,1680,555.37,600.46,188.78,294.19,1,4,-1,-1
360,1666,1173.39,191.47,215.34,88.79,1,6,-1,-1
360,1658,1327.68,0.26,121.73,65.11,1,6,-1,-1
360,1657,868.01,268.20,23.86,59.59,1,1,-1,-1
360,1650,1064.00,311.07,27.00,57.00,1,1,-1,-1
360,1640,674.51,49.69,147.69,86.49,1,6,-1,-1
360,1614,908.72,98.12,25.00,53.00,1,1,-1,-1
361,1706,864.78,83.10,21.63,58.65,1,1,-1,-1
361,1695,782.78,98.50,27.00,53.00,1,1,-1,-1
361,1688,1116.00,303.80,33.00,61.00,1,1,-1,-1
361,1680,565.02,619.34,174.78,274.48,1,4,-1,-1
361,1673,955.77,19.12,98.92,143.17,1,6,-1,-1
361,1666,1159.78,185.47,225.29,93.10,1,6,-1,-1
361,1664,664.62,5.14,206.81,91.94,1,6,-1,-1
361,1658,1327.80,0.11,121.48,65.35,1,6,-1,-1
361,1650,1063.00,316.82,27.00,57.00,1,1,-1,-1
361,1640,674.10,49.92,148.66,87.75,1,6,-1,-1
