1,68,121.00,679.00,86.00,93.00,1,2,-1,-1
1,67,1210.00,869.00,42.00,86.00,1,1,-1,-1
1,66,948.00,264.00,18.00,50.00,1,1,-1,-1
1,65,1184.00,575.00,148.00,84.00,1,4,-1,-1
1,64,141.00,441.00,48.00,97.00,1,1,-1,-1
1,63,1013.00,87.00,19.00,36.00,1,1,-1,-1
1,62,1507.00,759.00,34.00,71.00,1,2,-1,-1
1,61,1459.00,664.00,33.00,58.00,1,1,-1,-1
1,60,1434.00,650.00,25.00,55.00,1,1,-1,-1
1,59,1409.00,641.00,21.00,56.00,1,1,-1,-1
1,58,1399.00,777.00,41.00,92.00,1,1,-1,-1
1,57,1366.00,625.00,33.00,61.00,1,1,-1,-1
1,56,1345.00,673.00,28.00,73.00,1,1,-1,-1
1,55,1318.00,176.00,19.00,46.00,1,1,-1,-1
1,54,1308.00,670.00,34.00,65.00,1,1,-1,-1
1,53,1297.00,140.00,22.00,46.00,1,1,-1,-1
1,52,1290.00,729.00,24.00,83.00,1,1,-1,-1
1,51,1240.00,626.00,33.00,56.00,1,2,-1,-1
1,50,1167.00,900.00,33.00,65.00,1,1,-1,-1
1,49,1152.00,772.00,41.00,64.00,1,2,-1,-1
1,48,1139.00,309.00,32.00,70.00,1,1,-1,-1
1,47,1131.00,785.00,38.00,66.00,1,2,-1,-1
1,46,1116.00,713.00,37.00,82.00,1,1,-1,-1
1,45,1115.00,217.00,23.00,63.00,1,1,-1,-1
1,44,1100.00,47.00,15.00,36.00,1,1,-1,-1
1,43,1088.00,176.00,57.00,84.00,1,5,-1,-1
1,42,1084.00,23.00,14.00,34.00,1,1,-1,-1
1,41,1074.00,85.00,18.00,43.00,1,1,-1,-1
1,40,1065.00,462.00,29.00,70.00,1,1,-1,-1
1,39,1059.00,136.00,11.00,39.00,1,1,-1,-1
1,38,1058.00,725.00,34.00,80.00,1,1,-1,-1
1,37,1056.00,298.00,21.00,67.00,1,1,-1,-1
1,36,1041.00,557.00,95.00,102.00,1,7,-1,-1
1,35,1037.00,203.00,18.00,39.00,1,1,-1,-1
1,34,1033.00,142.00,22.00,39.00,1,1,-1,-1
1,33,1032.00,816.00,45.00,82.00,1,1,-1,-1
1,32,1014.00,111.00,18.00,35.00,1,1,-1,-1
1,31,1010.00,328.00,25.00,61.00,1,1,-1,-1
1,30,1009.00,697.00,41.00,74.00,1,1,-1,-1
1,29,1003.00,783.00,38.00,61.00,1,1,-1,-1
1,28,1001.00,318.00,27.00,54.00,1,1,-1,-1
1,27,997.00,536.00,43.00,76.00,1,1,-1,-1
1,26,975.00,135.00,17.00,46.00,1,1,-1,-1
1,25,964.00,762.00,45.00,75.00,1,1,-1,-1
1,24,955.00,287.00,20.00,66.00,1,1,-1,-1
1,23,941.00,283.00,23.00,56.00,1,1,-1,-1
1,22,917.00,283.00,23.00,55.00,1,1,-1,-1
1,21,892.00,320.00,26.00,56.00,1,1,-1,-1
1,20,884.00,159.00,77.00,76.00,1,5,-1,-1
1,19,879.00,241.00,22.00,38.00,1,2,-1,-1
1,18,872.00,471.00,28.00,70.00,1,1,-1,-1
1,17,827.00,476.00,28.00,57.00,1,1,-1,-1
1,16,781.00,349.00,35.00,51.00,1,2,-1,-1
1,15,728.00,233.00,64.00,56.00,1,7,-1,-1
1,14,726.00,225.00,39.00,54.00,1,2,-1,-1
1,13,662.00,0.00,67.00,35.00,1,4,-1,-1
1,12,651.00,217.00,31.00,44.00,1,10,-1,-1
1,11,425.00,16.00,58.00,49.00,1,4,-1,-1
1,10,388.00,674.00,24.00,54.00,1,1,-1,-1
1,9,388.00,640.00,40.00,80.00,1,1,-1,-1
1,8,171.00,483.00,41.00,70.00,1,2,-1,-1
1,7,125.00,680.00,67.00,72.00,1,2,-1,-1
1,6,120.00,682.00,86.00,94.00,1,10,-1,-1
1,5,119.00,43.00,133.00,53.00,1,4,-1,-1
1,4,81.00,61.00,130.00,63.00,1,4,-1,-1
1,3,74.00,504.00,39.00,73.00,1,2,-1,-1
1,2,55.00,525.00,34.00,75.00,1,1,-1,-1
2,97,1081.00,10.00,21.00,50.00,1,1,-1,-1
2,96,1111.00,163.00,50.00,73.00,1,5,-1,-1
2,95,1590.00,797.00,35.00,90.00,1,2,-1,-1
2,94,1512.00,789.00,39.00,93.00,1,2,-1,-1
2,93,1464.00,847.00,46.00,80.00,1,1,-1,-1
2,92,1400.00,712.00,41.00,67.00,1,1,-1,-1
2,91,1371.00,679.00,30.00,71.00,1,1,-1,-1
2,90,1269.00,638.00,33.00,59.00,1,2,-1,-1
2,89,1140.00,218.00,24.00,51.00,1,1,-1,-1
2,88,1098.00,548.00,33.00,57.00,1,2,-1,-1
2,87,1067.00,142.00,13.00,35.00,1,1,-1,-1
2,86,1039.00,174.00,20.00,35.00,1,1,-1,-1
2,85,1022.00,171.00,18.00,37.00,1,1,-1,-1
2,84,1018.00,209.00,17.00,39.00,1,1,-1,-1
2,83,1015.00,433.00,35.00,49.00,1,2,-1,-1
2,82,991.00,142.00,15.00,34.00,1,1,-1,-1
2,81,991.00,110.00,16.00,34.00,1,1,-1,-1
2,80,979.00,333.00,26.00,57.00,1,1,-1,-1
2,79,973.00,314.00,23.00,51.00,1,1,-1,-1
2,78,932.00,257.00,24.00,72.00,1,1,-1,-1
2,77,915.00,314.00,27.00,69.00,1,1,-1,-1
2,76,911.00,742.00,40.00,68.00,1,1,-1,-1
2,75,902.00,498.00,30.00,70.00,1,1,-1,-1
2,74,870.00,217.00,58.00,54.00,1,7,-1,-1
2,73,846.00,499.00,24.00,66.00,1,1,-1,-1
2,72,760.00,347.00,116.00,67.00,1,7,-1,-1
2,71,45.00,530.00,35.00,75.00,1,1,-1,-1
2,70,0.00,299.00,153.00,111.00,1,4,-1,-1
2,69,-3.00,292.00,158.00,114.00,1,4,-1,-1
2,68,130.87,675.14,84.26,91.72,1,2,-1,-1
2,67,1194.30,890.42,42.41,84.16,1,1,-1,-1
2,65,1173.89,523.10,205.22,116.82,1,4,-1,-1
2,63,1007.84,96.83,19.33,29.34,1,1,-1,-1
2,62,1499.89,749.24,34.23,72.51,1,2,-1,-1
2,60,1436.00,653.00,25.00,55.00,1,1,-1,-1
2,59,1410.00,645.00,21.00,56.00,1,1,-1,-1
2,58,1399.00,779.00,41.00,92.00,1,1,-1,-1
2,56,1348.00,677.00,28.00,73.00,1,1,-1,-1
2,55,1318.00,178.00,19.00,46.00,1,1,-1,-1
2,54,1311.00,675.00,34.00,65.00,1,1,-1,-1
2,50,1169.00,908.00,33.00,65.00,1,1,-1,-1
2,49,1158.98,767.05,60.04,93.89,1,2,-1,-1
2,47,1132.00,792.00,38.00,66.00,1,2,-1,-1
2,46,1116.00,718.00,37.00,82.00,1,1,-1,-1
2,45,1115.92,218.21,22.15,61.58,1,1,-1,-1
2,43,1088.00,177.00,57.00,84.00,1,5,-1,-1
2,42,1083.00,23.00,14.00,34.00,1,1,-1,-1
2,41,1074.00,86.00,18.00,43.00,1,1,-1,-1
2,39,1058.24,136.25,12.51,40.51,1,1,-1,-1
2,32,1013.00,112.00,18.00,35.00,1,1,-1,-1
2,30,1009.00,703.00,41.00,74.00,1,1,-1,-1
2,29,990.45,782.96,53.09,89.08,1,1,-1,-1
2,27,996.00,539.00,43.00,76.00,1,1,-1,-1
2,24,954.04,289.88,19.93,65.24,1,1,-1,-1
2,20,882.88,160.12,77.24,76.76,1,5,-1,-1
2,18,871.00,476.00,28.00,70.00,1,1,-1,-1
2,17,825.06,480.88,27.88,56.24,1,1,-1,-1
2,16,780.00,351.00,35.00,51.00,1,2,-1,-1
2,15,726.00,235.00,64.00,56.00,1,7,-1,-1
2,14,725.00,227.00,39.00,54.00,1,2,-1,-1
2,12,657.83,206.24,24.33,35.53,1,10,-1,-1
2,11,423.00,16.00,58.00,49.00,1,4,-1,-1
2,10,387.95,681.12,24.11,54.76,1,1,-1,-1
2,9,389.00,647.00,40.00,80.00,1,1,-1,-1
2,7,135.89,672.12,67.22,72.76,1,2,-1,-1
2,5,117.00,43.00,133.00,53.00,1,4,-1,-1
2,3,66.12,507.78,39.76,73.44,1,2,-1,-1
2,2,48.15,497.70,46.70,101.60,1,1,-1,-1
3,115,1140.00,811.00,25.00,44.00,1,2,-1,-1
3,114,1118.00,834.00,37.00,64.00,1,2,-1,-1
3,113,1205.00,885.00,54.00,104.00,1,1,-1,-1
3,112,1040.00,183.00,18.00,40.00,1,1,-1,-1
3,111,1085.00,775.00,108.00,121.00,1,10,-1,-1
3,110,1365.00,653.00,27.00,72.00,1,1,-1,-1
3,109,1554.00,798.00,42.00,92.00,1,2,-1,-1
3,108,1395.00,699.00,27.00,77.00,1,1,-1,-1
3,107,1316.00,747.00,34.00,77.00,1,1,-1,-1
3,106,1130.00,916.00,45.00,82.00,1,1,-1,-1
3,105,1099.00,456.00,29.00,79.00,1,1,-1,-1
3,104,1084.00,310.00,48.00,71.00,1,7,-1,-1
3,103,1078.00,433.00,30.00,76.00,1,1,-1,-1
3,102,1078.00,70.00,18.00,30.00,1,1,-1,-1
3,101,1054.00,114.00,17.00,33.00,1,1,-1,-1
3,100,993.00,227.00,17.00,35.00,1,1,-1,-1
3,99,987.00,411.00,53.00,77.00,1,7,-1,-1
3,98,124.00,481.00,36.00,73.00,1,1,-1,-1
3,95,1593.12,803.70,35.76,90.60,1,2,-1,-1
3,93,1470.00,855.00,46.00,80.00,1,1,-1,-1
3,92,1402.00,717.00,41.00,67.00,1,1,-1,-1
3,91,1373.00,685.00,30.00,71.00,1,1,-1,-1
3,90,1270.00,642.00,33.00,59.00,1,2,-1,-1
3,89,1141.00,219.00,24.00,51.00,1,1,-1,-1
3,88,1100.00,553.00,33.00,57.00,1,2,-1,-1
3,87,1067.00,144.00,13.00,35.00,1,1,-1,-1
3,86,1039.00,175.00,20.00,35.00,1,1,-1,-1
3,85,1022.00,172.00,18.00,37.00,1,1,-1,-1
3,84,1017.00,210.00,17.00,39.00,1,1,-1,-1
3,81,991.00,111.00,16.00,34.00,1,1,-1,-1
3,80,979.00,334.00,26.00,57.00,1,1,-1,-1
3,78,931.04,259.88,23.92,71.24,1,1,-1,-1
3,77,914.00,317.00,27.00,69.00,1,1,-1,-1
3,76,909.74,750.46,39.51,69.09,1,1,-1,-1
3,75,901.00,503.00,30.00,70.00,1,1,-1,-1
3,71,36.12,534.75,35.76,75.50,1,1,-1,-1
3,67,1196.17,900.20,42.48,83.00,1,1,-1,-1
3,66,947.03,259.93,23.94,66.15,1,1,-1,-1
3,65,1172.03,522.61,213.94,122.07,1,4,-1,-1
3,62,1502.30,754.19,34.22,72.86,1,2,-1,-1
3,55,1318.94,180.00,19.00,46.00,1,1,-1,-1
3,54,1314.00,680.00,34.00,65.00,1,1,-1,-1
3,53,1297.00,141.00,22.00,46.00,1,1,-1,-1
3,52,1292.00,740.00,24.00,83.00,1,1,-1,-1
3,51,1242.00,634.00,33.00,56.00,1,2,-1,-1
3,50,1172.00,916.78,32.88,64.39,1,1,-1,-1
3,47,1133.00,799.00,38.00,66.00,1,2,-1,-1
3,46,1116.99,723.78,36.90,81.39,1,1,-1,-1
3,40,1065.11,469.73,29.77,70.54,1,1,-1,-1
3,37,1056.00,302.00,21.00,67.00,1,1,-1,-1
3,35,1035.95,205.12,18.10,39.77,1,1,-1,-1
3,34,1031.94,143.12,22.13,39.77,1,1,-1,-1
3,33,1032.00,829.00,45.00,82.00,1,1,-1,-1
3,32,1012.94,113.00,18.00,35.00,1,1,-1,-1
3,31,1009.00,332.00,25.00,61.00,1,1,-1,-1
3,30,1009.71,709.38,40.51,74.19,1,1,-1,-1
3,29,997.43,797.56,43.26,74.70,1,1,-1,-1
3,27,995.94,542.94,43.00,76.00,1,1,-1,-1
3,26,974.00,137.00,17.00,46.00,1,1,-1,-1
3,22,914.00,288.00,23.00,55.00,1,1,-1,-1
3,16,779.00,353.00,35.00,51.00,1,2,-1,-1
3,13,650.35,0.36,68.29,37.28,1,4,-1,-1
3,12,663.39,201.41,23.04,34.00,1,10,-1,-1
3,9,390.00,654.00,40.00,80.00,1,1,-1,-1
3,8,162.26,487.58,44.49,73.84,1,2,-1,-1
3,7,146.89,665.01,67.21,72.93,1,2,-1,-1
3,5,115.94,43.94,133.00,53.00,1,4,-1,-1
3,3,59.00,512.73,39.93,73.42,1,2,-1,-1
4,62,1505.46,760.33,34.18,72.99,1,2,-1,-1
4,55,1319.96,182.85,19.00,46.00,1,1,-1,-1
4,54,1317.85,685.85,34.00,65.00,1,1,-1,-1
4,47,1134.00,806.00,38.00,66.00,1,2,-1,-1
4,29,998.86,809.53,39.67,70.51,1,1,-1,-1
4,27,995.96,546.95,43.00,76.00,1,1,-1,-1
4,12,669.24,196.83,22.24,33.44,1,10,-1,-1
4,3,51.30,517.60,40.51,73.70,1,2,-1,-1
5,84,1016.11,212.85,17.00,39.00,1,1,-1,-1
5,81,990.15,113.00,16.00,34.00,1,1,-1,-1
5,66,945.85,264.55,24.92,68.66,1,1,-1,-1
5,55,1320.97,185.06,19.00,46.00,1,1,-1,-1
5,53,1297.59,142.17,21.62,46.48,1,1,-1,-1
5,47,1134.95,813.16,38.09,66.46,1,2,-1,-1
5,37,1056.14,305.68,21.80,67.64,1,1,-1,-1
5,35,1034.84,208.13,18.06,39.67,1,1,-1,-1
5,27,983.90,537.46,56.97,100.67,1,1,-1,-1
5,22,910.87,293.13,23.00,55.00,1,1,-1,-1
6,107,1322.00,766.04,34.00,77.00,1,1,-1,-1
6,81,989.94,114.00,16.00,34.00,1,1,-1,-1
6,74,867.06,225.00,58.00,54.00,1,7,-1,-1
6,72,739.01,364.40,147.27,85.01,1,7,-1,-1
6,66,944.80,266.76,24.98,68.77,1,1,-1,-1
6,47,1135.94,820.15,38.12,66.71,1,2,-1,-1
6,35,1034.81,209.94,18.07,39.84,1,1,-1,-1
6,22,912.67,276.55,26.50,63.26,1,1,-1,-1
6,17,819.18,501.06,27.62,55.84,1,1,-1,-1
6,15,720.96,243.00,64.00,56.00,1,7,-1,-1
7,127,1448.48,802.26,35.88,90.12,1,1,-1,-1
7,120,906.73,298.45,22.74,54.06,1,1,-1,-1
7,100,990.53,229.69,16.86,37.89,1,1,-1,-1
7,76,903.52,783.43,39.69,73.75,1,1,-1,-1
7,65,1177.88,542.44,216.80,123.62,1,4,-1,-1
7,50,1182.05,950.90,32.70,62.37,1,1,-1,-1
7,33,1033.10,855.87,45.00,82.00,1,1,-1,-1
7,15,719.90,245.00,64.00,56.00,1,7,-1,-1
8,143,1369.04,705.93,27.93,72.00,1,1,-1,-1
8,127,1451.57,811.99,36.91,90.74,1,1,-1,-1
8,120,906.68,301.92,22.92,54.59,1,1,-1,-1
8,118,754.89,367.72,113.31,72.06,1,7,-1,-1
8,109,1575.69,835.86,45.75,92.31,1,2,-1,-1
8,100,989.73,230.61,16.66,38.62,1,1,-1,-1
8,62,1525.53,799.60,33.90,71.30,1,2,-1,-1
8,34,1030.91,147.14,22.16,40.72,1,1,-1,-1
8,33,1033.80,862.88,45.00,82.00,1,1,-1,-1
8,26,971.09,144.06,17.00,46.00,1,1,-1,-1
8,8,140.90,506.69,49.42,77.84,1,2,-1,-1
8,3,22.12,537.58,41.68,73.81,1,2,-1,-1
9,151,1014.50,750.77,40.70,80.03,1,1,-1,-1
9,143,1373.81,711.96,27.94,71.98,1,1,-1,-1
9,137,970.01,325.72,23.80,51.44,1,1,-1,-1
9,118,746.57,379.44,115.16,73.71,1,7,-1,-1
9,91,1390.48,721.00,30.00,71.00,1,1,-1,-1
9,27,994.53,562.87,45.65,80.68,1,1,-1,-1
9,24,950.57,311.93,21.88,58.28,1,1,-1,-1
9,3,14.47,542.54,42.24,73.89,1,2,-1,-1
10,173,1346.89,714.89,34.00,65.00,1,1,-1,-1
10,148,407.00,710.94,39.00,79.00,1,1,-1,-1
10,137,969.18,326.97,23.92,51.44,1,1,-1,-1
10,119,872.76,260.79,21.30,36.94,1,2,-1,-1
10,118,742.89,385.36,116.73,75.12,1,7,-1,-1
10,91,1394.52,727.00,30.00,71.00,1,1,-1,-1
10,74,864.83,233.51,58.18,53.68,1,7,-1,-1
10,66,942.52,278.88,24.72,68.01,1,1,-1,-1
10,7,221.87,620.81,70.59,74.93,1,2,-1,-1
11,185,1012.89,220.85,17.00,39.00,1,1,-1,-1
11,184,967.63,855.99,46.47,88.02,1,1,-1,-1
11,173,1352.09,719.09,34.00,65.00,1,1,-1,-1
11,170,1111.87,592.00,33.00,57.00,1,2,-1,-1
11,159,1435.51,766.53,36.68,63.05,1,1,-1,-1
11,139,1001.99,343.55,26.61,54.38,1,1,-1,-1
11,137,968.92,328.76,23.99,51.41,1,1,-1,-1
11,119,871.99,263.07,21.15,36.85,1,2,-1,-1
11,118,740.84,389.73,117.43,75.59,1,7,-1,-1
11,66,941.12,282.67,24.65,67.81,1,1,-1,-1
11,15,701.92,252.05,56.87,55.88,1,7,-1,-1
11,10,399.62,754.59,24.03,55.03,1,1,-1,-1
11,7,231.66,616.77,72.75,75.91,1,2,-1,-1
12,200,834.96,523.11,32.00,63.00,1,1,-1,-1
12,173,1357.87,723.87,34.00,65.00,1,1,-1,-1
12,139,1002.05,346.47,26.70,54.21,1,1,-1,-1
12,127,1465.53,851.43,41.57,92.04,1,1,-1,-1
12,119,871.24,265.10,21.42,36.95,1,2,-1,-1
12,66,939.97,287.18,24.58,67.32,1,1,-1,-1
12,62,1547.05,829.77,32.65,68.45,1,2,-1,-1
12,15,709.50,254.60,59.00,56.05,1,7,-1,-1
12,10,402.31,763.59,24.03,55.04,1,1,-1,-1
12,7,245.12,606.10,67.08,74.37,1,2,-1,-1
13,231,1197.00,1002.71,32.78,58.48,1,1,-1,-1
13,230,1151.00,231.85,24.00,52.00,1,1,-1,-1
13,214,1300.97,84.81,20.94,43.32,1,1,-1,-1
13,152,1011.57,468.75,36.00,51.13,1,2,-1,-1
13,143,1391.88,737.65,27.89,71.10,1,1,-1,-1
13,140,1072.36,100.83,18.00,43.00,1,1,-1,-1
13,127,1468.75,861.45,42.65,92.00,1,1,-1,-1
13,124,1118.96,826.81,31.55,74.93,1,1,-1,-1
13,119,870.79,267.15,21.26,36.88,1,2,-1,-1
13,66,938.76,292.05,24.18,66.52,1,1,-1,-1
13,15,711.45,257.47,60.45,56.11,1,7,-1,-1
14,214,1301.96,86.18,20.99,43.59,1,1,-1,-1
14,193,1545.92,833.25,33.00,72.59,1,2,-1,-1
14,152,1011.80,472.67,36.04,51.16,1,2,-1,-1
14,119,870.00,269.17,21.15,36.85,1,2,-1,-1
14,117,721.29,157.57,28.52,36.20,1,10,-1,-1
14,66,937.73,296.54,23.90,65.96,1,1,-1,-1
14,15,710.17,259.95,61.84,56.50,1,7,-1,-1
15,264,1053.68,161.35,12.49,32.25,1,1,-1,-1
15,245,1046.07,927.41,41.93,88.11,1,1,-1,-1
15,241,901.93,575.87,30.00,70.00,1,1,-1,-1
15,214,1302.99,87.81,20.96,43.35,1,1,-1,-1
15,193,1550.94,842.00,32.97,72.64,1,2,-1,-1
15,165,863.13,555.29,27.58,68.82,1,1,-1,-1
15,152,1012.57,476.67,36.07,51.17,1,2,-1,-1
15,119,869.10,271.67,21.04,36.50,1,2,-1,-1
15,118,737.45,403.78,120.00,76.34,1,7,-1,-1
15,117,727.07,153.68,28.46,35.89,1,10,-1,-1
15,15,708.19,262.74,62.81,56.74,1,7,-1,-1
16,275,1051.86,638.15,105.27,113.91,1,7,-1,-1
16,266,1269.06,710.00,33.00,57.00,1,2,-1,-1
16,245,1048.17,938.33,41.54,86.29,1,1,-1,-1
16,214,1303.31,89.58,20.90,42.82,1,1,-1,-1
16,193,1555.96,850.24,32.95,72.68,1,2,-1,-1
16,165,861.52,563.96,27.70,68.88,1,1,-1,-1
16,118,736.53,406.98,120.85,76.43,1,7,-1,-1
16,117,732.00,142.69,26.47,35.28,1,10,-1,-1
16,15,706.01,265.65,63.49,56.89,1,7,-1,-1
17,294,987.03,452.88,59.82,86.39,1,7,-1,-1
17,281,1421.07,879.18,41.09,92.80,1,1,-1,-1
17,280,1330.94,214.87,19.00,46.00,1,1,-1,-1
17,275,1052.92,643.80,105.94,114.42,1,7,-1,-1
17,245,1049.69,948.56,41.72,85.12,1,1,-1,-1
17,165,860.10,572.35,27.44,68.75,1,1,-1,-1
17,118,735.59,410.68,121.75,76.50,1,7,-1,-1
17,117,738.30,143.92,27.03,35.31,1,10,-1,-1
18,322,1386.16,773.88,34.67,65.25,1,1,-1,-1
18,318,1006.25,952.71,35.82,74.48,1,1,-1,-1
18,316,983.89,165.00,17.00,34.00,1,1,-1,-1
18,294,986.96,455.97,60.17,87.00,1,7,-1,-1
18,238,375.36,820.53,47.96,84.79,1,1,-1,-1
18,117,741.03,141.93,27.43,35.34,1,10,-1,-1
18,66,932.86,315.66,23.38,63.91,1,1,-1,-1
19,341,1196.80,598.95,224.14,127.84,1,4,-1,-1
19,322,1390.97,782.85,34.84,65.30,1,1,-1,-1
19,315,982.06,139.93,16.00,34.00,1,1,-1,-1
19,312,822.96,575.21,32.21,65.59,1,1,-1,-1
19,309,408.00,843.94,24.00,55.00,1,1,-1,-1
19,298,1464.00,738.45,22.69,60.10,1,1,-1,-1
19,152,1014.67,491.74,36.09,51.15,1,2,-1,-1
19,143,1415.12,788.25,27.93,70.91,1,1,-1,-1
19,74,858.87,252.48,58.87,52.73,1,7,-1,-1
19,66,931.22,320.57,23.28,63.11,1,1,-1,-1
20,353,874.26,181.09,75.35,99.58,1,5,-1,-1
20,349,78.84,573.99,48.33,75.79,1,2,-1,-1
20,334,910.13,325.00,21.00,62.00,1,1,-1,-1
20,322,1395.91,792.59,34.93,65.30,1,1,-1,-1
20,312,821.71,583.08,32.20,65.84,1,1,-1,-1
20,308,379.02,27.92,63.09,54.11,1,4,-1,-1
20,193,1572.82,887.48,32.94,72.79,1,2,-1,-1
20,143,1419.10,797.23,27.94,70.91,1,1,-1,-1
20,74,856.80,254.89,58.91,52.81,1,7,-1,-1
20,66,929.99,325.04,23.22,62.56,1,1,-1,-1
21,363,1685.32,962.17,41.59,86.23,1,2,-1,-1
21,356,1028.94,159.00,22.00,41.00,1,1,-1,-1
21,349,71.81,581.00,48.16,75.75,1,2,-1,-1
21,322,1397.33,801.13,34.98,65.27,1,1,-1,-1
21,308,376.12,28.78,63.65,54.34,1,4,-1,-1
21,299,1487.33,855.83,34.00,64.00,1,1,-1,-1
21,281,1424.94,905.87,41.22,94.54,1,1,-1,-1
21,267,1362.09,888.92,36.71,83.18,1,1,-1,-1
21,193,1576.00,897.43,33.27,72.92,1,2,-1,-1
21,118,728.20,427.78,123.88,76.57,1,7,-1,-1
21,74,854.24,257.68,59.24,52.89,1,7,-1,-1
21,66,928.74,329.82,22.87,61.81,1,1,-1,-1
22,397,1189.85,941.00,40.00,64.00,1,2,-1,-1
22,395,1051.00,180.11,12.00,35.00,1,1,-1,-1
22,392,967.00,378.00,24.00,57.00,1,1,-1,-1
22,387,1119.96,658.19,34.66,59.87,1,2,-1,-1
22,384,1600.00,950.94,44.00,92.00,1,2,-1,-1
22,381,1151.00,251.06,24.00,52.00,1,1,-1,-1
22,371,746.93,119.00,23.00,36.00,1,2,-1,-1
22,363,1690.34,974.38,41.50,85.10,1,2,-1,-1
22,349,64.10,588.76,48.07,75.75,1,2,-1,-1
22,329,957.76,364.41,24.97,53.94,1,1,-1,-1
22,281,1425.93,910.92,41.21,94.78,1,1,-1,-1
22,267,1365.14,899.69,35.80,81.11,1,1,-1,-1
22,66,927.71,334.90,22.61,61.28,1,1,-1,-1
23,416,1527.89,814.95,35.00,59.00,1,1,-1,-1
23,415,1503.42,787.32,24.97,57.13,1,1,-1,-1
23,413,1168.49,980.49,35.23,57.23,1,2,-1,-1
23,408,754.11,417.00,36.00,51.00,1,2,-1,-1
23,400,1649.00,975.81,50.00,90.00,1,2,-1,-1
23,397,1191.06,951.00,40.00,64.00,1,2,-1,-1
23,384,1604.76,959.95,44.00,92.00,1,2,-1,-1
23,371,748.89,115.24,23.00,36.00,1,2,-1,-1
23,363,1695.38,987.02,41.38,83.65,1,2,-1,-1
23,298,1470.34,765.28,23.06,59.78,1,1,-1,-1
23,293,894.84,984.50,39.57,75.12,1,1,-1,-1
24,429,1080.88,220.20,59.29,89.65,1,5,-1,-1
24,416,1530.09,824.75,35.00,59.00,1,1,-1,-1
24,415,1505.30,796.97,24.00,54.92,1,1,-1,-1
24,408,727.83,412.97,62.72,62.36,1,2,-1,-1
24,397,1192.11,961.00,40.00,64.00,1,2,-1,-1
24,384,1609.25,970.29,43.50,87.88,1,2,-1,-1
24,371,750.33,111.91,23.40,36.17,1,2,-1,-1
24,363,1701.32,997.05,40.88,78.38,1,2,-1,-1
24,143,1424.95,835.14,27.96,70.91,1,1,-1,-1
25,441,847.89,640.89,27.00,69.00,1,1,-1,-1
25,440,346.00,556.89,54.00,72.00,1,2,-1,-1
25,429,1080.01,222.81,59.80,90.20,1,5,-1,-1
25,416,1532.87,834.73,35.00,59.00,1,1,-1,-1
25,397,1193.11,971.00,40.00,64.00,1,2,-1,-1
25,384,1613.62,981.78,42.90,81.72,1,2,-1,-1
25,379,1133.34,389.91,31.34,62.35,1,1,-1,-1
25,371,751.94,108.88,23.27,36.10,1,2,-1,-1
25,363,1707.54,1006.82,40.30,70.63,1,2,-1,-1
25,319,1016.89,203.99,16.90,34.69,1,1,-1,-1
25,214,1301.17,105.83,20.91,41.99,1,1,-1,-1
25,118,711.70,450.77,119.06,72.32,1,7,-1,-1
26,472,720.09,434.29,122.58,71.11,1,7,-1,-1
26,466,1063.30,123.84,16.92,42.48,1,1,-1,-1
26,461,866.79,371.27,21.92,53.06,1,1,-1,-1
26,444,1062.91,31.78,17.09,35.38,1,1,-1,-1
26,429,1078.96,225.10,60.13,90.84,1,5,-1,-1
26,398,1479.99,878.51,29.00,77.46,1,1,-1,-1
26,397,1194.10,981.00,40.00,64.00,1,2,-1,-1
26,381,1151.00,259.02,24.00,52.00,1,1,-1,-1
26,379,1132.98,393.66,31.07,61.62,1,1,-1,-1
26,329,954.19,380.23,24.77,52.92,1,1,-1,-1
26,319,1014.87,205.91,16.89,34.71,1,1,-1,-1
26,118,710.67,456.31,120.70,73.50,1,7,-1,-1
26,66,922.86,353.42,22.15,59.11,1,1,-1,-1
27,481,952.05,186.21,17.07,46.52,1,1,-1,-1
27,465,1050.87,378.19,24.00,67.00,1,1,-1,-1
27,461,864.92,375.26,21.88,53.18,1,1,-1,-1
27,444,1059.86,32.80,17.11,35.36,1,1,-1,-1
27,406,463.33,100.05,79.75,53.38,1,4,-1,-1
27,398,1482.98,888.79,29.03,77.41,1,1,-1,-1
27,379,1132.91,397.52,30.88,60.82,1,1,-1,-1
27,329,956.81,393.43,22.31,49.24,1,1,-1,-1
27,319,1012.81,207.89,16.89,34.72,1,1,-1,-1
27,298,1480.74,797.81,23.12,59.52,1,1,-1,-1
27,193,1597.12,957.63,33.88,73.08,1,2,-1,-1
27,118,707.47,462.00,121.82,74.31,1,7,-1,-1
27,66,921.23,358.14,22.08,58.43,1,1,-1,-1
28,501,972.96,401.00,27.00,54.00,1,1,-1,-1
28,497,779.49,655.62,27.70,68.31,1,1,-1,-1
28,484,1045.39,957.68,39.30,86.52,1,1,-1,-1
28,481,949.05,188.80,17.03,46.30,1,1,-1,-1
28,464,1028.76,223.75,17.60,36.86,1,1,-1,-1
28,379,1132.42,400.87,31.11,60.44,1,1,-1,-1
28,329,954.07,391.79,22.98,50.18,1,1,-1,-1
28,299,1498.63,925.81,34.97,64.23,1,1,-1,-1
28,118,704.19,467.15,122.60,74.88,1,7,-1,-1
29,516,804.98,657.83,33.02,70.05,1,1,-1,-1
29,501,969.97,405.00,27.00,54.00,1,1,-1,-1
29,497,770.07,663.77,27.86,68.08,1,1,-1,-1
29,484,1046.18,970.53,39.50,86.03,1,1,-1,-1
29,481,946.02,191.15,17.06,46.61,1,1,-1,-1
29,468,1074.96,386.55,49.25,81.73,1,7,-1,-1
29,462,881.35,698.80,33.77,81.21,1,1,-1,-1
29,457,375.18,960.56,47.47,81.03,1,1,-1,-1
29,395,1035.29,200.93,12.00,35.00,1,1,-1,-1
29,356,1016.45,166.33,22.94,41.26,1,1,-1,-1
29,118,700.27,472.77,123.14,75.29,1,7,-1,-1
30,531,1124.11,8.85,89.00,45.00,1,4,-1,-1
30,529,1050.42,737.67,107.00,131.78,1,7,-1,-1
30,526,734.15,451.04,36.00,51.00,1,2,-1,-1
30,518,896.13,365.00,21.00,62.00,1,1,-1,-1
30,516,802.32,668.29,33.52,70.16,1,1,-1,-1
30,515,667.93,303.68,42.90,49.16,1,7,-1,-1
30,501,967.71,409.74,27.00,54.00,1,1,-1,-1
30,482,1001.63,546.01,36.00,51.00,1,2,-1,-1
30,481,943.03,193.77,17.03,46.39,1,1,-1,-1
30,468,1073.76,390.30,49.41,82.47,1,7,-1,-1
30,462,878.47,709.23,34.50,81.46,1,1,-1,-1
30,457,375.21,975.29,47.42,80.10,1,1,-1,-1
30,356,1014.39,168.36,22.99,41.23,1,1,-1,-1
30,118,696.80,477.95,123.53,75.57,1,7,-1,-1
31,543,956.05,203.95,16.00,40.00,1,1,-1,-1
31,531,1122.91,10.06,89.00,45.00,1,4,-1,-1
31,526,730.94,456.81,36.00,51.00,1,2,-1,-1
31,518,894.92,369.00,21.00,62.00,1,1,-1,-1
31,516,800.04,678.64,33.85,70.52,1,1,-1,-1
31,515,665.21,308.06,39.54,47.78,1,7,-1,-1
31,482,990.16,531.97,50.47,74.29,1,2,-1,-1
31,481,940.01,196.16,17.05,46.63,1,1,-1,-1
31,461,858.76,392.92,21.88,53.54,1,1,-1,-1
31,444,1051.18,37.54,15.91,32.32,1,1,-1,-1
31,356,1012.99,170.42,23.02,41.22,1,1,-1,-1
31,118,692.88,483.63,123.80,75.78,1,7,-1,-1
32,544,962.74,151.84,22.14,29.00,1,1,-1,-1
32,543,953.81,207.97,16.00,40.00,1,1,-1,-1
32,531,1121.13,11.11,89.00,45.00,1,4,-1,-1
32,516,797.39,689.18,34.36,70.48,1,1,-1,-1
32,482,994.28,544.40,46.16,67.23,1,2,-1,-1
32,481,937.00,198.93,17.05,46.78,1,1,-1,-1
32,444,1048.32,39.25,16.32,33.26,1,1,-1,-1
32,414,1444.66,835.76,30.00,59.00,1,1,-1,-1
32,357,1014.94,258.59,18.00,41.00,1,1,-1,-1
32,118,689.47,488.86,123.99,75.92,1,7,-1,-1
33,584,387.31,25.96,73.25,50.13,1,4,-1,-1
33,577,1070.80,242.11,60.00,92.00,1,5,-1,-1
33,570,761.95,90.96,29.00,36.00,1,10,-1,-1
33,543,952.52,209.75,16.00,40.00,1,1,-1,-1
33,482,987.06,537.73,54.04,81.31,1,2,-1,-1
33,481,935.35,201.85,17.05,46.88,1,1,-1,-1
33,444,1045.98,40.38,16.57,33.86,1,1,-1,-1
33,414,1445.50,845.45,30.00,59.00,1,1,-1,-1
33,118,686.27,494.58,124.12,76.02,1,7,-1,-1
34,591,879.36,27.45,56.12,45.32,1,1,-1,-1
34,590,858.85,411.89,24.00,55.00,1,1,-1,-1
34,588,766.04,81.00,24.00,36.00,1,2,-1,-1
34,573,913.02,391.78,20.85,54.19,1,1,-1,-1
34,547,1066.62,57.69,17.00,28.00,1,1,-1,-1
34,529,1050.08,767.83,107.70,136.77,1,7,-1,-1
34,519,1026.40,172.69,17.00,34.00,1,1,-1,-1
34,503,975.92,177.98,17.00,35.00,1,1,-1,-1
34,481,934.19,205.49,17.05,46.95,1,1,-1,-1
34,444,1043.85,42.01,16.73,34.26,1,1,-1,-1
34,387,1127.72,753.19,33.73,58.26,1,2,-1,-1
34,118,683.34,499.17,124.50,76.10,1,7,-1,-1
35,613,704.63,473.90,119.54,61.83,1,7,-1,-1
35,607,791.56,764.89,37.87,77.10,1,1,-1,-1
35,591,877.42,28.72,55.23,45.58,1,1,-1,-1
35,588,767.09,78.62,23.89,35.54,1,2,-1,-1
35,573,914.31,396.10,20.86,54.04,1,1,-1,-1
35,550,1567.58,939.93,35.00,59.00,1,1,-1,-1
35,529,1051.88,774.77,108.28,138.01,1,7,-1,-1
35,519,1026.33,175.62,17.00,34.00,1,1,-1,-1
35,444,1041.80,43.84,16.84,34.53,1,1,-1,-1
35,387,1127.87,761.93,33.66,58.15,1,2,-1,-1
35,356,1008.82,182.20,23.06,41.17,1,1,-1,-1
36,613,704.18,478.54,119.69,61.42,1,7,-1,-1
36,607,791.30,775.67,38.64,77.31,1,1,-1,-1
36,591,875.41,29.77,54.28,45.71,1,1,-1,-1
36,578,1088.97,46.97,16.00,30.00,1,1,-1,-1
36,573,916.95,400.91,20.87,53.96,1,1,-1,-1
36,550,1574.92,950.16,35.00,59.00,1,1,-1,-1
36,541,816.90,296.88,66.67,63.16,1,7,-1,-1
36,529,1053.81,781.72,108.64,139.12,1,7,-1,-1
36,519,1027.03,178.62,17.00,34.00,1,1,-1,-1
36,499,884.41,438.77,24.50,54.80,1,1,-1,-1
36,444,1041.11,44.45,16.91,34.72,1,1,-1,-1
36,308,316.95,56.06,68.26,55.36,1,4,-1,-1
37,620,947.87,416.00,24.00,51.00,1,1,-1,-1
37,609,1543.74,918.87,24.00,53.00,1,1,-1,-1
37,591,874.11,31.47,53.32,45.76,1,1,-1,-1
37,584,372.00,29.65,74.10,50.71,1,4,-1,-1
37,578,1087.97,48.97,16.00,30.00,1,1,-1,-1
37,573,919.27,405.88,20.89,53.92,1,1,-1,-1
37,541,816.96,299.82,66.65,63.28,1,7,-1,-1
37,529,1055.95,788.80,109.26,140.57,1,7,-1,-1
37,519,1027.34,181.66,17.00,34.00,1,1,-1,-1
37,508,1487.34,963.86,29.00,71.00,1,1,-1,-1
37,499,883.80,443.98,24.65,54.87,1,1,-1,-1
38,660,1335.12,280.14,18.97,45.68,1,1,-1,-1
38,653,972.90,302.35,23.21,51.35,1,1,-1,-1
38,625,1131.11,434.74,37.79,65.54,1,1,-1,-1
38,620,947.08,419.00,24.00,51.00,1,1,-1,-1
38,584,368.62,31.28,74.26,50.82,1,4,-1,-1
38,575,1005.23,241.32,17.00,35.00,1,1,-1,-1
38,541,817.72,302.79,66.63,63.35,1,7,-1,-1
38,519,1027.49,184.69,17.00,34.00,1,1,-1,-1
38,481,931.43,219.57,17.04,47.04,1,1,-1,-1
39,655,1010.84,287.22,17.00,40.55,1,1,-1,-1
39,625,1131.14,437.88,38.51,66.31,1,1,-1,-1
39,620,946.86,422.00,24.00,51.00,1,1,-1,-1
39,519,1028.24,187.73,17.00,34.00,1,1,-1,-1
39,481,931.17,223.51,17.04,47.05,1,1,-1,-1
39,356,1006.43,194.05,23.06,41.13,1,1,-1,-1
40,655,1010.84,290.43,16.97,40.61,1,1,-1,-1
40,647,75.25,69.22,105.14,61.09,1,4,-1,-1
40,625,1131.07,441.55,38.92,66.69,1,1,-1,-1
40,620,946.10,425.00,24.00,51.00,1,1,-1,-1
40,519,1028.55,190.76,17.00,34.00,1,1,-1,-1
40,356,1007.08,196.04,23.06,41.12,1,1,-1,-1
41,704,1323.86,297.16,21.06,46.67,1,1,-1,-1
41,702,1131.11,812.46,33.00,57.00,1,2,-1,-1
41,688,1153.96,291.99,25.14,56.89,1,1,-1,-1
41,678,655.32,338.26,39.00,54.00,1,2,-1,-1
41,677,431.27,511.94,47.33,71.07,1,2,-1,-1
41,655,1011.60,294.17,16.95,40.66,1,1,-1,-1
41,647,69.09,71.92,104.97,61.45,1,4,-1,-1
41,639,1052.09,100.99,16.00,36.00,1,1,-1,-1
41,620,945.86,428.00,24.00,51.00,1,1,-1,-1
41,499,882.38,466.14,23.81,54.66,1,1,-1,-1
41,356,1008.02,198.04,23.06,41.12,1,1,-1,-1
42,718,1491.07,937.53,30.00,59.00,1,1,-1,-1
42,715,1045.85,434.31,24.00,67.00,1,1,-1,-1
42,706,1214.83,742.27,276.76,170.94,1,4,-1,-1
42,702,1131.12,819.25,33.00,57.00,1,2,-1,-1
42,688,1154.69,294.74,25.19,57.12,1,1,-1,-1
42,685,1063.62,72.98,17.00,28.00,1,1,-1,-1
42,678,654.12,341.07,39.00,54.00,1,2,-1,-1
42,660,1345.16,294.13,18.64,44.91,1,1,-1,-1
42,657,1028.93,65.83,17.00,34.00,1,1,-1,-1
42,655,1011.87,297.37,16.95,40.71,1,1,-1,-1
42,647,62.16,74.45,105.15,62.40,1,4,-1,-1
42,636,987.46,468.56,24.19,68.63,1,1,-1,-1
42,620,942.38,431.68,24.00,51.00,1,1,-1,-1
42,541,819.06,314.78,66.51,63.40,1,7,-1,-1
42,499,881.86,471.89,23.84,54.70,1,1,-1,-1
43,737,1136.00,299.09,21.00,55.00,1,1,-1,-1
43,731,918.00,436.00,21.00,54.00,1,1,-1,-1
43,729,870.49,516.53,37.71,84.84,1,1,-1,-1
43,725,791.01,800.07,41.09,72.81,1,1,-1,-1
43,702,1131.11,826.16,33.00,57.00,1,2,-1,-1
43,701,1073.75,678.90,34.23,78.28,1,1,-1,-1
43,699,938.08,263.73,22.65,52.34,1,1,-1,-1
43,688,1155.06,295.53,25.64,57.88,1,1,-1,-1
43,667,653.80,341.08,69.24,66.40,1,7,-1,-1
43,660,1347.81,297.82,18.35,44.37,1,1,-1,-1
43,657,1028.92,67.83,17.00,34.00,1,1,-1,-1
43,647,55.59,76.68,104.95,63.32,1,4,-1,-1
43,636,988.56,471.52,24.51,69.02,1,1,-1,-1
43,620,937.75,435.61,24.00,51.00,1,1,-1,-1
43,541,819.38,317.79,66.46,63.38,1,7,-1,-1
44,746,1016.95,246.00,17.00,34.00,1,1,-1,-1
44,731,917.78,441.78,21.00,54.00,1,1,-1,-1
44,703,1154.09,117.86,23.91,51.47,1,4,-1,-1
44,702,1131.09,833.12,33.00,57.00,1,2,-1,-1
44,701,1074.99,684.09,34.22,78.33,1,1,-1,-1
44,679,660.47,543.79,133.93,76.61,1,7,-1,-1
44,667,652.21,344.03,69.75,66.85,1,7,-1,-1
44,657,1028.92,69.85,17.00,34.00,1,1,-1,-1
44,640,1063.41,54.13,17.00,33.00,1,1,-1,-1
44,620,932.73,439.62,24.00,51.00,1,1,-1,-1
44,595,1046.55,131.86,17.06,35.22,1,1,-1,-1
44,541,819.52,320.80,66.43,63.36,1,7,-1,-1
45,756,1009.03,618.00,36.00,51.00,1,2,-1,-1
45,755,1002.96,285.11,17.00,41.00,1,1,-1,-1
45,752,305.69,69.28,66.57,54.31,1,4,-1,-1
45,746,1018.97,247.00,17.00,34.00,1,1,-1,-1
45,745,978.89,586.21,61.10,107.51,1,7,-1,-1
45,731,920.21,444.37,18.30,45.98,1,1,-1,-1
45,702,1131.08,840.09,33.00,57.00,1,2,-1,-1
45,701,1076.75,689.82,34.20,78.35,1,1,-1,-1
45,680,763.14,838.31,28.51,70.44,1,1,-1,-1
45,679,658.44,548.54,134.87,76.63,1,7,-1,-1
45,677,453.08,503.35,45.91,71.65,1,2,-1,-1
45,657,1028.93,71.87,17.00,34.00,1,1,-1,-1
45,640,1060.51,55.21,17.00,33.00,1,1,-1,-1
45,595,1044.86,133.23,17.05,35.17,1,1,-1,-1
45,541,819.60,323.81,66.40,63.35,1,7,-1,-1
46,765,995.21,104.06,17.60,41.99,1,1,-1,-1
46,764,987.82,325.22,22.16,46.46,1,1,-1,-1
46,763,941.12,463.89,24.00,57.00,1,1,-1,-1
46,756,1007.20,623.00,36.00,51.00,1,2,-1,-1
46,755,1003.97,286.91,17.00,41.00,1,1,-1,-1
46,752,304.12,71.42,66.77,55.05,1,4,-1,-1
46,745,978.79,591.30,61.26,108.29,1,7,-1,-1
46,679,655.77,552.79,135.82,76.66,1,7,-1,-1
46,678,648.00,350.98,39.00,54.00,1,2,-1,-1
46,657,1028.94,73.88,17.00,34.00,1,1,-1,-1
46,640,1058.12,58.29,15.60,30.21,1,1,-1,-1
46,595,1042.25,134.34,17.04,35.14,1,1,-1,-1
46,541,820.30,326.82,66.37,63.33,1,7,-1,-1
47,780,987.15,249.01,19.70,40.04,1,1,-1,-1
47,765,993.95,104.74,17.86,42.34,1,1,-1,-1
47,763,934.26,468.09,24.00,57.00,1,1,-1,-1
47,755,1000.54,288.87,17.00,41.00,1,1,-1,-1
47,745,975.13,594.76,61.32,108.73,1,7,-1,-1
47,682,839.36,253.96,76.04,100.10,1,5,-1,-1
47,681,805.75,44.88,26.88,32.02,1,10,-1,-1
47,679,653.55,557.52,136.78,76.68,1,7,-1,-1
47,678,646.23,353.21,39.00,54.00,1,2,-1,-1
47,647,30.18,86.45,103.98,66.77,1,4,-1,-1
47,640,1054.78,59.09,16.03,31.06,1,1,-1,-1
47,595,1039.30,135.36,17.04,35.11,1,1,-1,-1
48,799,1360.03,977.96,35.05,62.97,1,2,-1,-1
48,795,1029.60,207.36,17.50,39.13,1,1,-1,-1
48,780,983.11,251.16,18.56,40.55,1,1,-1,-1
48,773,224.92,242.19,120.70,81.40,1,4,-1,-1
48,763,928.00,472.87,24.00,57.00,1,1,-1,-1
48,717,1315.10,194.56,26.63,43.70,1,1,-1,-1
48,682,833.67,256.21,76.08,100.42,1,5,-1,-1
48,678,644.96,355.94,39.00,54.00,1,2,-1,-1
48,640,1050.83,59.87,16.32,31.64,1,1,-1,-1
48,595,1036.23,136.34,17.03,35.10,1,1,-1,-1
49,811,899.90,460.99,22.65,57.73,1,1,-1,-1
49,799,1360.93,984.10,35.26,63.67,1,2,-1,-1
49,795,1022.10,208.59,17.54,40.09,1,1,-1,-1
49,780,975.01,252.03,20.57,43.77,1,1,-1,-1
49,763,921.21,477.83,24.00,57.00,1,1,-1,-1
49,731,912.03,457.45,22.79,51.08,1,1,-1,-1
49,717,1312.98,196.62,26.07,43.34,1,1,-1,-1
49,678,637.86,357.52,39.00,54.00,1,2,-1,-1
49,677,466.55,492.56,43.32,71.17,1,2,-1,-1
50,819,915.56,497.36,24.94,54.54,1,1,-1,-1
50,810,1143.74,303.18,28.19,57.78,1,1,-1,-1
50,805,922.46,287.13,23.00,52.00,1,1,-1,-1
50,799,1362.02,990.10,35.82,64.68,1,2,-1,-1
50,792,963.97,208.97,17.00,35.00,1,1,-1,-1
50,780,965.16,253.58,21.72,45.70,1,1,-1,-1
50,779,969.25,746.20,41.98,87.71,1,1,-1,-1
50,731,910.54,457.52,23.25,51.33,1,1,-1,-1
50,717,1305.35,196.92,25.40,43.34,1,1,-1,-1
50,678,628.63,358.68,39.00,54.00,1,2,-1,-1
50,677,464.35,489.63,43.02,71.05,1,2,-1,-1
51,844,1214.75,793.98,272.39,170.76,1,4,-1,-1
51,799,1361.53,995.45,36.16,65.58,1,2,-1,-1
51,781,982.13,260.28,12.43,37.87,1,1,-1,-1
51,780,954.83,255.55,22.48,47.46,1,1,-1,-1
51,779,963.50,752.05,41.96,87.74,1,1,-1,-1
51,745,957.11,606.62,62.66,111.60,1,7,-1,-1
51,731,909.29,457.39,23.55,51.45,1,1,-1,-1
51,678,619.30,360.35,39.00,54.00,1,2,-1,-1
51,677,461.06,494.86,45.55,69.82,1,2,-1,-1
52,850,995.93,214.13,17.11,40.55,1,1,-1,-1
52,849,981.89,326.89,17.00,41.00,1,1,-1,-1
52,820,915.33,194.76,23.00,29.00,1,1,-1,-1
52,799,1357.79,997.62,36.33,66.08,1,2,-1,-1
52,780,944.48,258.02,22.91,48.49,1,1,-1,-1
52,779,958.11,758.81,41.95,87.77,1,1,-1,-1
52,745,952.72,610.13,62.96,112.08,1,7,-1,-1
52,731,908.81,457.22,23.76,51.51,1,1,-1,-1
52,678,609.30,361.55,39.00,54.00,1,2,-1,-1
52,677,457.99,495.47,47.29,68.29,1,2,-1,-1
53,869,845.15,497.47,24.08,55.52,1,1,-1,-1
53,849,979.22,328.31,17.00,41.00,1,1,-1,-1
53,780,934.15,260.39,23.23,49.78,1,1,-1,-1
53,779,952.22,761.58,41.91,87.45,1,1,-1,-1
53,745,941.51,628.30,62.44,111.55,1,7,-1,-1
53,731,905.99,458.38,23.90,51.53,1,1,-1,-1
54,878,1105.63,886.78,32.00,56.67,1,2,-1,-1
54,860,1311.31,994.03,39.01,57.20,1,2,-1,-1
54,857,999.60,184.61,17.00,41.00,1,1,-1,-1
54,855,991.70,49.61,18.35,42.49,1,1,-1,-1
54,849,977.16,330.12,17.00,41.00,1,1,-1,-1
54,845,769.49,39.94,29.38,28.21,1,10,-1,-1
54,780,923.89,262.50,23.43,50.93,1,1,-1,-1
54,745,943.31,622.95,63.14,112.71,1,7,-1,-1
54,731,902.96,460.72,23.99,51.53,1,1,-1,-1
55,904,886.85,262.95,17.00,40.00,1,1,-1,-1
55,886,820.17,948.90,36.80,89.05,1,1,-1,-1
55,878,1107.60,893.51,31.97,56.71,1,2,-1,-1
55,860,1312.85,999.03,39.03,57.17,1,2,-1,-1
55,857,995.98,186.15,17.00,41.00,1,1,-1,-1
55,855,983.87,49.30,19.89,43.05,1,1,-1,-1
56,922,944.67,509.55,26.90,70.63,1,1,-1,-1
56,921,913.60,504.00,26.00,66.00,1,1,-1,-1
56,878,1110.52,899.78,31.95,56.75,1,2,-1,-1
56,875,1030.48,466.31,62.62,97.54,1,7,-1,-1
56,860,1314.95,1004.03,39.04,57.15,1,2,-1,-1
56,855,981.29,49.21,20.84,43.15,1,1,-1,-1
57,935,876.46,547.00,27.18,58.92,1,1,-1,-1
57,934,844.63,503.00,29.88,63.81,1,1,-1,-1
57,875,1031.63,468.48,63.19,98.39,1,7,-1,-1
57,855,980.56,49.20,21.43,43.06,1,1,-1,-1
58,952,973.03,232.84,16.95,41.32,1,1,-1,-1
58,949,634.85,558.95,145.00,68.00,1,7,-1,-1
58,935,880.28,551.89,28.13,59.15,1,1,-1,-1
58,875,1032.81,471.32,63.55,99.21,1,7,-1,-1
58,855,980.48,49.24,21.82,42.92,1,1,-1,-1
59,969,878.25,504.56,23.61,57.78,1,1,-1,-1
59,966,730.40,985.58,34.62,73.04,1,1,-1,-1
59,950,668.15,571.94,35.85,50.20,1,2,-1,-1
59,949,635.06,561.19,145.00,68.00,1,7,-1,-1
59,931,765.81,958.55,42.15,92.44,1,1,-1,-1
59,895,1057.40,755.12,33.62,77.80,1,1,-1,-1
59,875,1034.15,473.65,64.13,100.14,1,7,-1,-1
59,810,1092.03,319.98,22.72,53.45,1,1,-1,-1
60,978,1008.13,488.93,23.86,61.34,1,1,-1,-1
60,976,1031.84,287.42,62.38,113.24,1,5,-1,-1
60,970,893.13,234.07,21.00,33.00,1,1,-1,-1
60,969,877.98,508.86,23.95,58.38,1,1,-1,-1
60,951,796.89,613.13,25.00,60.00,1,1,-1,-1
60,950,668.82,575.70,35.33,49.47,1,2,-1,-1
60,949,635.85,563.96,145.00,68.00,1,7,-1,-1
60,931,769.71,967.17,42.35,91.00,1,1,-1,-1
60,930,235.76,85.86,72.00,64.00,1,4,-1,-1
60,810,1093.24,321.21,21.93,53.11,1,1,-1,-1
61,1003,1067.96,699.11,30.00,77.00,1,1,-1,-1
61,997,622.29,613.81,151.32,73.28,1,7,-1,-1
61,989,1108.02,143.97,24.89,54.25,1,4,-1,-1
61,951,797.90,618.12,25.00,60.00,1,1,-1,-1
61,949,636.09,566.90,145.00,68.00,1,7,-1,-1
61,933,814.54,523.80,30.21,75.28,1,1,-1,-1
61,931,773.32,975.83,42.80,89.47,1,1,-1,-1
62,1019,926.00,232.89,17.00,35.00,1,1,-1,-1
62,1015,481.28,476.21,48.76,60.95,1,2,-1,-1
62,1003,1067.97,702.91,30.00,77.00,1,1,-1,-1
62,954,1012.35,78.15,16.97,32.75,1,1,-1,-1
62,951,798.91,623.10,25.00,60.00,1,1,-1,-1
62,949,634.17,565.21,162.21,75.97,1,7,-1,-1
62,931,777.44,984.56,43.40,87.82,1,1,-1,-1
63,1041,1000.85,197.00,17.00,41.00,1,1,-1,-1
63,1015,483.73,474.97,49.84,59.79,1,2,-1,-1
63,1003,1069.45,706.13,30.00,77.00,1,1,-1,-1
63,987,946.40,132.44,20.51,42.67,1,1,-1,-1
63,954,1011.53,78.90,17.02,33.18,1,1,-1,-1
63,951,799.93,628.09,25.00,60.00,1,1,-1,-1
63,931,779.57,992.37,43.58,83.32,1,1,-1,-1
63,895,1060.19,771.17,33.10,77.68,1,1,-1,-1
64,1045,850.00,508.89,30.00,61.00,1,1,-1,-1
64,1037,920.94,284.19,22.00,53.00,1,1,-1,-1
64,1003,1072.09,709.89,30.00,77.00,1,1,-1,-1
64,982,795.41,13.24,28.23,29.23,1,2,-1,-1
64,954,1014.02,83.84,16.91,32.03,1,1,-1,-1
64,931,780.98,1000.26,43.58,76.97,1,1,-1,-1
64,930,220.08,91.87,72.00,64.00,1,4,-1,-1
65,1062,900.00,479.11,24.00,51.00,1,1,-1,-1
65,1044,230.10,5.70,66.80,48.52,1,4,-1,-1
65,1003,1074.56,713.55,30.33,76.86,1,1,-1,-1
65,989,1111.92,149.91,25.09,54.35,1,4,-1,-1
65,973,982.79,131.72,16.00,35.00,1,1,-1,-1
65,954,1014.93,87.08,16.84,31.28,1,1,-1,-1
65,931,782.15,1008.49,43.48,69.38,1,1,-1,-1
65,930,216.75,93.79,72.00,64.00,1,4,-1,-1
65,875,1041.10,489.53,66.31,103.61,1,7,-1,-1
66,1062,901.00,480.12,24.00,51.00,1,1,-1,-1
66,1061,907.72,593.33,25.43,54.28,1,1,-1,-1
66,954,1015.25,88.97,16.81,30.78,1,1,-1,-1
66,949,636.74,578.21,149.62,70.13,1,7,-1,-1
67,1089,781.59,411.12,25.00,36.28,1,2,-1,-1
67,1082,992.84,270.78,17.08,32.79,1,1,-1,-1
67,1077,895.06,245.06,21.00,33.00,1,1,-1,-1
67,1075,875.00,278.81,23.00,46.00,1,1,-1,-1
67,1074,810.33,-0.81,23.45,28.39,1,2,-1,-1
67,1062,902.00,481.85,24.00,51.00,1,1,-1,-1
67,1061,910.96,598.38,25.16,54.19,1,1,-1,-1
67,1046,961.73,215.86,23.00,47.00,1,1,-1,-1
67,987,952.49,145.08,17.82,36.81,1,1,-1,-1
67,954,1015.34,90.99,16.79,30.44,1,1,-1,-1
67,878,1143.33,958.33,31.75,56.55,1,2,-1,-1
68,1101,891.00,216.00,23.00,29.00,1,1,-1,-1
68,1093,973.57,331.38,17.00,41.00,1,1,-1,-1
68,1092,957.07,89.00,18.00,35.00,1,1,-1,-1
68,1077,895.05,246.05,21.00,33.00,1,1,-1,-1
68,1075,876.00,279.51,23.00,46.00,1,1,-1,-1
68,1061,914.79,603.38,25.01,54.20,1,1,-1,-1
68,1046,963.68,216.10,23.00,47.00,1,1,-1,-1
68,1037,921.82,291.91,22.00,53.00,1,1,-1,-1
68,1019,927.73,242.95,17.00,35.00,1,1,-1,-1
68,997,626.90,633.23,154.33,72.21,1,7,-1,-1
68,996,601.45,406.45,74.19,69.71,1,7,-1,-1
68,954,1015.36,92.37,16.79,30.21,1,1,-1,-1
68,878,1146.60,961.90,31.82,56.68,1,2,-1,-1
69,1119,1012.00,90.00,17.00,34.00,1,1,-1,-1
69,1118,998.15,695.11,36.00,51.00,1,2,-1,-1
69,1111,909.15,506.15,28.00,58.00,1,1,-1,-1
69,1101,891.00,217.00,23.00,29.00,1,1,-1,-1
69,1092,957.87,90.00,18.00,35.00,1,1,-1,-1
69,1075,877.00,280.36,23.00,46.00,1,1,-1,-1
69,1066,1065.19,43.02,91.56,47.15,1,4,-1,-1
69,1046,965.70,216.16,23.00,47.00,1,1,-1,-1
69,1037,920.71,293.92,22.00,53.00,1,1,-1,-1
69,1019,928.66,244.19,17.00,35.00,1,1,-1,-1
69,997,628.05,635.26,154.53,72.16,1,7,-1,-1
69,996,601.59,408.04,74.13,70.87,1,7,-1,-1
69,954,1015.34,94.17,16.79,30.06,1,1,-1,-1
70,1119,1011.37,92.95,16.69,32.10,1,1,-1,-1
70,1118,999.94,697.12,36.00,51.00,1,2,-1,-1
70,1116,977.00,112.13,17.00,34.00,1,1,-1,-1
70,1111,909.32,507.77,28.46,58.33,1,1,-1,-1
70,1101,891.00,218.00,23.00,29.00,1,1,-1,-1
70,1075,878.00,281.27,23.00,46.00,1,1,-1,-1
70,1048,980.00,256.87,17.00,41.00,1,1,-1,-1
70,1046,967.74,216.16,23.00,47.00,1,1,-1,-1
70,1019,929.00,245.93,17.00,35.00,1,1,-1,-1
70,954,1013.94,94.19,16.91,31.15,1,1,-1,-1
70,949,642.18,587.96,146.21,68.56,1,7,-1,-1
71,1118,1001.89,699.85,36.00,51.00,1,2,-1,-1
71,1116,978.00,113.92,17.00,34.00,1,1,-1,-1
71,1111,910.03,509.68,28.71,58.43,1,1,-1,-1
71,1101,891.00,219.00,23.00,29.00,1,1,-1,-1
71,1100,271.80,67.90,75.98,51.90,1,4,-1,-1
71,1075,879.00,282.22,23.00,46.00,1,1,-1,-1
71,1072,96.16,596.40,180.89,189.39,1,6,-1,-1
71,1046,970.45,216.83,23.00,47.00,1,1,-1,-1
71,949,643.41,590.72,145.78,68.36,1,7,-1,-1
72,1153,983.85,143.95,16.00,35.00,1,1,-1,-1
72,1126,508.82,455.30,46.66,62.13,1,2,-1,-1
72,1116,975.35,114.41,17.00,34.00,1,1,-1,-1
72,1112,929.40,144.91,18.00,41.00,1,1,-1,-1
72,1111,908.08,523.46,28.12,60.57,1,1,-1,-1
72,1101,891.70,220.00,23.00,29.00,1,1,-1,-1
72,1100,243.31,58.53,92.17,62.93,1,4,-1,-1
72,949,644.57,593.01,145.49,68.23,1,7,-1,-1
73,1163,999.17,517.34,39.35,68.10,1,1,-1,-1
73,1153,981.72,145.97,16.00,35.00,1,1,-1,-1
73,1150,832.13,664.65,45.55,90.50,1,1,-1,-1
73,1128,839.90,540.11,30.28,63.60,1,1,-1,-1
73,1116,972.29,115.21,17.00,34.00,1,1,-1,-1
73,1112,928.37,146.92,18.00,41.00,1,1,-1,-1
73,1111,907.51,528.45,27.65,62.13,1,1,-1,-1
73,1062,908.67,489.80,24.00,51.00,1,1,-1,-1
73,996,600.76,415.71,73.34,74.62,1,7,-1,-1
73,949,645.69,595.13,145.29,68.13,1,7,-1,-1
74,1170,807.78,684.88,25.52,60.46,1,1,-1,-1
74,1163,998.26,518.93,39.83,68.55,1,1,-1,-1
74,1155,1238.29,884.19,289.42,175.72,1,4,-1,-1
74,1153,978.84,148.71,16.00,35.00,1,1,-1,-1
74,1112,927.33,148.93,18.00,41.00,1,1,-1,-1
74,1062,907.92,491.06,24.00,51.00,1,1,-1,-1
74,1026,1116.24,797.83,33.01,83.28,1,1,-1,-1
74,996,597.32,418.14,73.16,75.19,1,7,-1,-1
75,1181,960.95,621.95,24.00,51.00,1,1,-1,-1
75,1172,810.47,61.06,52.00,47.00,1,1,-1,-1
75,1155,1240.47,887.79,289.06,173.96,1,4,-1,-1
75,1153,975.06,149.54,16.00,35.00,1,1,-1,-1
75,1135,810.66,582.62,33.67,72.11,1,1,-1,-1
75,1112,926.79,151.03,17.66,40.84,1,1,-1,-1
75,1092,951.81,95.09,18.00,35.00,1,1,-1,-1
75,1026,1120.68,795.10,32.13,81.73,1,1,-1,-1
75,996,594.08,420.21,73.01,75.59,1,7,-1,-1
76,1196,988.60,273.95,17.15,34.87,1,1,-1,-1
76,1190,866.83,579.15,27.03,61.84,1,1,-1,-1
76,1155,1242.01,890.78,288.58,171.76,1,4,-1,-1
76,1153,971.01,150.42,16.00,35.00,1,1,-1,-1
76,1142,1085.11,397.61,30.09,51.66,1,1,-1,-1
76,1112,924.65,151.73,17.42,40.75,1,1,-1,-1
76,1092,949.74,95.99,18.00,35.00,1,1,-1,-1
76,1059,886.55,349.55,23.02,52.34,1,1,-1,-1
76,1026,1122.02,795.47,31.82,80.70,1,1,-1,-1
77,1205,957.00,260.85,17.00,41.00,1,1,-1,-1
77,1204,952.00,217.85,23.00,47.00,1,1,-1,-1
77,1196,985.10,275.04,17.08,34.84,1,1,-1,-1
77,1190,866.04,583.90,27.03,61.92,1,1,-1,-1
77,1155,1243.32,894.31,288.10,169.28,1,4,-1,-1
77,1142,1084.28,398.16,30.18,52.50,1,1,-1,-1
77,1112,921.91,151.92,17.26,40.71,1,1,-1,-1
78,1219,1042.18,515.00,67.52,104.00,1,7,-1,-1
78,1205,953.00,261.06,17.00,41.00,1,1,-1,-1
78,1161,964.63,804.33,41.54,91.59,1,1,-1,-1
78,1155,1267.18,899.24,261.34,151.41,1,4,-1,-1
78,1112,918.95,151.93,17.15,40.70,1,1,-1,-1
79,1239,1263.03,203.04,27.00,41.00,1,1,-1,-1
79,1233,857.66,299.58,21.63,45.05,1,1,-1,-1
79,1232,833.89,599.00,25.00,67.00,1,1,-1,-1
79,1228,303.89,84.00,67.00,55.00,1,4,-1,-1
79,1219,1040.18,516.94,67.74,104.12,1,7,-1,-1
79,1161,961.94,805.52,41.41,92.04,1,1,-1,-1
79,1112,912.59,153.86,17.08,40.70,1,1,-1,-1
80,1239,1259.20,203.81,27.00,41.00,1,1,-1,-1
80,1233,853.73,300.42,21.28,44.98,1,1,-1,-1
80,1226,905.14,548.52,39.77,72.97,1,1,-1,-1
80,1222,1115.00,519.11,41.00,68.00,1,1,-1,-1
80,1219,1038.72,519.03,67.44,103.95,1,7,-1,-1
80,1189,762.91,431.91,25.00,36.00,1,2,-1,-1
80,1161,958.95,806.66,41.34,92.68,1,1,-1,-1
80,1112,907.62,155.19,17.03,40.71,1,1,-1,-1
81,1262,874.00,532.00,26.00,66.00,1,1,-1,-1
81,1260,802.11,604.15,32.00,73.00,1,1,-1,-1
81,1256,169.23,104.85,71.53,68.16,1,4,-1,-1
81,1245,887.21,248.72,15.54,33.94,1,1,-1,-1
81,1222,1115.00,520.10,41.00,68.00,1,1,-1,-1
81,1219,1037.09,520.97,67.66,104.05,1,7,-1,-1
81,1190,862.04,601.18,27.08,62.58,1,1,-1,-1
81,1189,761.83,433.83,25.00,36.00,1,2,-1,-1
81,1112,903.85,156.95,16.99,40.73,1,1,-1,-1
82,1260,800.75,608.13,31.54,72.63,1,1,-1,-1
82,1219,1035.17,522.95,67.79,104.10,1,7,-1,-1
82,1190,861.03,605.25,27.08,62.76,1,1,-1,-1
83,1263,901.00,524.00,30.00,58.00,1,1,-1,-1
83,1260,799.71,612.14,31.29,72.51,1,1,-1,-1
83,1248,964.80,161.80,17.00,35.00,1,1,-1,-1
83,1228,285.88,86.92,67.00,55.00,1,4,-1,-1
83,1190,860.69,609.90,27.08,62.87,1,1,-1,-1
84,1307,1075.00,24.04,35.00,28.00,1,4,-1,-1
84,1260,800.21,615.27,31.09,72.10,1,1,-1,-1
84,1248,962.97,162.14,16.62,34.80,1,1,-1,-1
84,1233,840.65,308.01,20.93,45.31,1,1,-1,-1
84,1190,860.60,614.78,27.08,62.95,1,1,-1,-1
85,1322,1081.00,173.00,27.00,51.00,1,1,-1,-1
85,1256,145.63,108.91,73.85,69.06,1,4,-1,-1
86,1328,924.00,219.00,23.00,47.00,1,1,-1,-1
86,1326,642.91,645.89,36.00,48.00,1,2,-1,-1
86,1322,1078.78,174.00,27.00,51.00,1,1,-1,-1
86,1320,1011.00,312.00,64.00,124.00,1,5,-1,-1
87,1329,946.85,815.36,40.00,96.55,1,1,-1,-1
87,1326,642.93,648.09,36.00,48.00,1,2,-1,-1
87,1320,1008.76,313.76,64.00,124.00,1,5,-1,-1
88,1331,1122.98,816.72,30.03,78.31,1,1,-1,-1
88,1323,1255.15,933.45,285.70,135.93,1,4,-1,-1
88,1307,1066.63,25.28,34.37,28.70,1,4,-1,-1
88,1112,882.13,161.83,17.47,42.12,1,1,-1,-1
89,1351,900.53,339.88,16.00,47.00,1,1,-1,-1
89,1343,1098.08,327.89,28.00,64.00,1,1,-1,-1
89,1331,1124.05,818.93,30.01,78.20,1,1,-1,-1
89,1323,1256.40,936.60,285.19,133.10,1,4,-1,-1
89,1307,1069.41,25.24,34.28,28.79,1,4,-1,-1
89,1285,806.66,756.94,45.88,86.55,1,1,-1,-1
90,1313,606.78,641.06,168.33,68.07,1,7,-1,-1
90,1307,1071.90,25.20,34.21,28.86,1,4,-1,-1
90,1285,807.03,758.75,46.26,87.91,1,1,-1,-1
90,1228,256.42,98.84,69.36,54.67,1,4,-1,-1
91,1391,494.00,421.00,34.00,67.00,1,2,-1,-1
91,1385,964.69,223.78,22.18,47.18,1,1,-1,-1
91,1326,644.03,658.90,36.00,48.00,1,2,-1,-1
91,1315,832.87,630.04,25.00,67.00,1,1,-1,-1
91,1313,607.70,660.95,169.28,68.52,1,7,-1,-1
91,1307,1074.24,25.16,34.16,28.90,1,4,-1,-1
91,1299,880.42,341.15,22.00,53.00,1,1,-1,-1
92,1413,1004.68,675.18,29.44,70.10,1,1,-1,-1
92,1405,544.09,449.28,38.81,53.16,1,2,-1,-1
92,1393,766.00,68.07,52.00,47.00,1,1,-1,-1
92,1391,496.78,421.00,34.00,67.00,1,2,-1,-1
92,1377,1216.24,224.65,26.78,44.97,1,1,-1,-1
92,1353,919.61,291.16,16.46,42.02,1,1,-1,-1
92,1326,644.73,661.84,36.00,48.00,1,2,-1,-1
92,1313,607.67,652.34,169.01,68.41,1,7,-1,-1
92,1307,1077.16,25.13,34.12,28.93,1,4,-1,-1
92,1299,881.81,343.13,22.00,53.00,1,1,-1,-1
92,1112,886.43,167.55,17.12,41.28,1,1,-1,-1
93,1425,939.02,821.78,35.08,84.72,1,1,-1,-1
93,1422,147.46,18.66,71.07,47.43,1,4,-1,-1
93,1415,1063.00,1.00,39.00,31.00,1,4,-1,-1
93,1391,499.02,421.00,34.00,67.00,1,2,-1,-1
93,1377,1218.64,224.34,26.89,45.35,1,1,-1,-1
93,1367,752.42,311.87,75.19,117.85,1,5,-1,-1
93,1313,607.69,651.01,168.82,68.33,1,7,-1,-1
93,1307,1076.95,25.11,34.09,28.96,1,4,-1,-1
94,1439,1017.85,328.00,64.00,124.00,1,5,-1,-1
94,1433,931.89,222.04,23.00,47.00,1,1,-1,-1
94,1422,146.52,18.83,71.96,47.50,1,4,-1,-1
94,1415,1063.00,1.00,39.00,31.00,1,4,-1,-1
94,1410,883.07,514.88,26.84,57.38,1,1,-1,-1
94,1392,555.25,451.20,69.62,76.96,1,7,-1,-1
94,1377,1222.27,225.45,26.95,45.58,1,1,-1,-1
94,1367,753.63,312.35,75.09,119.38,1,5,-1,-1
95,1449,1104.93,817.13,30.92,75.00,1,1,-1,-1
95,1433,933.09,222.81,23.00,47.00,1,1,-1,-1
95,1410,881.95,516.07,27.02,57.83,1,1,-1,-1
95,1385,965.75,231.79,22.16,47.29,1,1,-1,-1
95,1377,1225.62,227.79,26.99,45.73,1,1,-1,-1
95,1367,755.29,313.33,74.72,120.93,1,5,-1,-1
96,1463,1134.10,835.15,30.02,78.84,1,1,-1,-1
96,1458,910.04,361.00,16.00,47.00,1,1,-1,-1
96,1449,1106.13,820.93,30.93,74.98,1,1,-1,-1
96,1448,1094.07,871.13,34.00,78.00,1,1,-1,-1
96,1410,880.90,517.07,27.11,58.09,1,1,-1,-1
96,1393,770.00,69.14,52.00,47.00,1,1,-1,-1
96,1390,295.62,401.53,129.74,132.92,1,6,-1,-1
96,1385,965.85,233.80,22.15,47.27,1,1,-1,-1
96,1352,937.60,141.88,17.00,34.00,1,1,-1,-1
97,1473,1280.75,964.76,286.40,106.33,1,4,-1,-1
97,1470,918.31,110.95,17.00,35.00,1,1,-1,-1
97,1469,887.85,539.85,30.00,58.00,1,1,-1,-1
97,1468,866.84,686.03,28.11,68.84,1,1,-1,-1
97,1458,911.81,364.78,16.00,47.00,1,1,-1,-1
97,1455,207.63,81.06,76.00,52.00,1,4,-1,-1
97,1450,1116.85,333.87,28.00,64.00,1,1,-1,-1
97,1449,1107.90,824.90,30.94,74.96,1,1,-1,-1
97,1448,1096.87,873.92,34.00,78.00,1,1,-1,-1
97,1410,879.88,518.72,27.15,58.22,1,1,-1,-1
97,1404,502.49,427.76,45.18,57.85,1,10,-1,-1
97,1390,303.65,394.52,128.69,130.94,1,6,-1,-1
97,1385,966.57,236.49,22.14,47.26,1,1,-1,-1
97,1352,938.22,142.44,17.00,34.00,1,1,-1,-1
