1,20,601.00,215.00,44.00,74.00,1,1,-1,-1
1,19,662.00,185.00,21.00,48.00,1,1,-1,-1
1,18,1061.00,431.00,119.00,152.00,1,10,-1,-1
1,17,1083.00,457.00,41.00,71.00,1,2,-1,-1
1,16,1081.00,456.00,68.00,97.00,1,2,-1,-1
1,15,730.00,192.00,26.00,41.00,1,2,-1,-1
1,14,728.00,205.00,31.00,40.00,1,10,-1,-1
1,13,682.00,213.00,22.00,49.00,1,10,-1,-1
1,12,669.00,171.00,21.00,47.00,1,1,-1,-1
1,11,617.00,252.00,36.00,66.00,1,1,-1,-1
1,10,591.00,224.00,58.00,46.00,1,10,-1,-1
1,9,583.00,298.00,23.00,47.00,1,1,-1,-1
1,8,582.00,272.00,29.00,61.00,1,1,-1,-1
1,7,574.00,221.00,34.00,57.00,1,1,-1,-1
1,6,550.00,237.00,23.00,58.00,1,1,-1,-1
1,5,537.00,183.00,25.00,22.00,1,2,-1,-1
1,4,407.00,225.00,22.00,47.00,1,1,-1,-1
1,3,366.00,262.00,29.00,59.00,1,1,-1,-1
1,2,204.00,621.00,77.00,82.00,1,2,-1,-1
2,24,646.00,187.00,24.00,52.00,1,1,-1,-1
2,23,574.00,321.00,27.00,55.00,1,1,-1,-1
2,22,783.00,125.00,30.00,38.00,1,8,-1,-1
2,21,410.00,242.00,19.00,42.00,1,1,-1,-1
2,17,1084.00,456.00,41.00,71.00,1,2,-1,-1
2,16,1082.00,455.00,68.00,97.00,1,2,-1,-1
2,12,670.07,170.86,21.87,48.29,1,1,-1,-1
2,11,617.00,253.00,36.00,66.00,1,1,-1,-1
2,8,581.83,273.38,28.35,61.24,1,1,-1,-1
2,7,566.55,242.03,40.90,78.93,1,1,-1,-1
2,4,406.94,225.12,22.11,47.76,1,1,-1,-1
2,3,365.06,262.88,28.88,58.24,1,1,-1,-1
3,28,816.00,130.00,26.00,33.00,1,8,-1,-1
3,27,584.00,240.00,22.00,37.00,1,1,-1,-1
3,26,754.00,183.00,17.00,28.00,1,2,-1,-1
3,25,574.00,223.00,34.00,57.00,1,1,-1,-1
3,21,410.00,243.00,19.00,42.00,1,1,-1,-1
3,17,1085.00,455.94,41.00,71.00,1,2,-1,-1
3,16,1083.00,454.94,68.00,97.00,1,2,-1,-1
3,15,735.86,195.23,26.29,42.53,1,2,-1,-1
3,14,732.82,208.23,31.35,41.53,1,10,-1,-1
3,12,671.95,171.76,22.03,48.43,1,1,-1,-1
3,10,594.00,226.00,58.00,46.00,1,10,-1,-1
3,8,581.78,274.65,28.38,62.63,1,1,-1,-1
3,4,406.95,226.00,22.11,47.93,1,1,-1,-1
3,3,364.06,263.94,28.89,58.06,1,1,-1,-1
3,2,193.78,637.24,76.44,82.52,1,2,-1,-1
4,17,1086.00,455.96,41.00,71.00,1,2,-1,-1
4,16,1084.00,454.11,68.00,97.00,1,2,-1,-1
4,12,673.89,172.09,22.17,48.93,1,1,-1,-1
4,4,406.96,226.98,22.09,47.99,1,1,-1,-1
4,3,363.05,264.98,28.90,58.00,1,1,-1,-1
5,21,410.00,245.00,19.00,42.00,1,1,-1,-1
5,16,1085.00,453.91,68.00,97.00,1,2,-1,-1
5,14,737.66,211.25,32.49,44.32,1,10,-1,-1
5,12,676.04,172.71,22.66,49.49,1,1,-1,-1
5,10,596.77,228.17,58.19,46.47,1,10,-1,-1
5,3,362.08,266.62,28.84,57.51,1,1,-1,-1
6,25,573.89,226.19,34.23,58.51,1,1,-1,-1
6,21,410.00,246.00,19.00,42.00,1,1,-1,-1
6,14,742.73,203.28,30.62,44.67,1,10,-1,-1
6,12,677.30,172.86,22.91,49.67,1,1,-1,-1
6,11,618.84,257.18,37.04,68.50,1,1,-1,-1
6,3,361.09,267.87,28.83,57.25,1,1,-1,-1
7,25,574.50,227.30,33.77,58.50,1,1,-1,-1
7,21,408.13,234.26,21.25,46.76,1,1,-1,-1
7,14,746.69,202.00,29.45,45.04,1,10,-1,-1
7,12,678.31,173.59,23.04,49.72,1,1,-1,-1
7,3,360.08,268.98,28.83,57.10,1,1,-1,-1
8,34,1075.50,475.01,82.74,105.81,1,10,-1,-1
8,33,688.17,229.60,25.77,48.81,1,10,-1,-1
8,25,574.91,228.17,33.93,58.80,1,1,-1,-1
8,14,750.13,202.57,28.81,46.08,1,10,-1,-1
8,12,679.24,174.00,23.16,50.07,1,1,-1,-1
8,2,169.20,676.09,76.28,82.33,1,2,-1,-1
9,34,1078.28,474.82,82.37,105.37,1,10,-1,-1
9,12,680.18,174.76,23.22,50.27,1,1,-1,-1
9,10,602.24,231.52,58.41,47.62,1,10,-1,-1
9,8,581.59,281.24,28.80,71.37,1,1,-1,-1
10,34,1079.87,474.08,82.17,105.15,1,10,-1,-1
10,10,603.07,232.21,58.40,47.81,1,10,-1,-1
10,8,581.60,282.14,28.79,72.88,1,1,-1,-1
11,34,1074.99,467.74,97.81,125.15,1,10,-1,-1
11,22,797.94,126.16,30.94,39.79,1,8,-1,-1
11,21,408.14,242.11,22.31,48.87,1,1,-1,-1
11,16,1091.33,458.66,68.01,94.12,1,2,-1,-1
11,10,604.00,233.07,58.38,47.93,1,10,-1,-1
12,47,554.79,248.31,22.42,61.48,1,1,-1,-1
12,34,1059.12,474.71,93.78,120.07,1,10,-1,-1
12,22,799.86,126.80,31.04,39.95,1,8,-1,-1
12,11,621.04,264.04,38.20,71.14,1,1,-1,-1
12,10,604.98,234.00,58.35,48.01,1,10,-1,-1
13,47,554.99,249.31,22.25,61.50,1,1,-1,-1
13,22,800.49,127.00,31.09,40.04,1,8,-1,-1
13,11,621.73,265.16,38.30,71.67,1,1,-1,-1
13,10,615.47,238.20,62.65,51.61,1,10,-1,-1
14,47,555.76,250.44,22.20,61.97,1,1,-1,-1
14,10,616.69,240.29,64.91,63.12,1,10,-1,-1
15,47,556.02,251.40,22.15,62.28,1,1,-1,-1
15,33,694.03,247.35,28.41,48.86,1,10,-1,-1
15,17,1097.80,453.06,41.44,70.71,1,2,-1,-1
15,10,609.67,236.07,63.31,58.77,1,10,-1,-1
16,47,560.25,230.62,26.37,75.22,1,1,-1,-1
16,33,694.92,250.42,28.35,48.72,1,10,-1,-1
16,17,1098.89,452.96,41.31,70.78,1,2,-1,-1
17,52,579.63,231.10,31.15,57.72,1,1,-1,-1
17,47,557.68,243.34,25.01,71.72,1,1,-1,-1
17,33,695.90,253.31,28.29,48.29,1,10,-1,-1
17,17,1099.94,452.27,41.22,70.83,1,2,-1,-1
18,68,1098.55,449.35,68.16,95.36,1,10,-1,-1
18,47,557.58,249.93,24.09,69.34,1,1,-1,-1
18,17,1100.98,452.01,41.15,70.87,1,2,-1,-1
19,68,1099.48,448.54,67.98,95.65,1,10,-1,-1
19,17,1101.99,451.92,41.11,70.90,1,2,-1,-1
20,74,405.44,255.63,17.95,41.47,1,1,-1,-1
20,68,1100.42,448.27,67.88,95.88,1,10,-1,-1
20,63,582.04,298.91,27.92,77.08,1,1,-1,-1
21,63,581.27,301.59,28.07,78.51,1,1,-1,-1
22,63,580.24,304.32,28.26,80.81,1,1,-1,-1
22,47,555.54,258.58,22.07,65.05,1,1,-1,-1
23,84,808.94,127.17,32.12,41.47,1,8,-1,-1
23,63,579.63,307.24,28.13,83.69,1,1,-1,-1
23,47,555.84,260.14,22.07,65.36,1,1,-1,-1
23,17,1106.93,450.89,41.03,70.95,1,2,-1,-1
24,68,1109.15,453.17,69.51,97.45,1,10,-1,-1
24,63,578.78,309.25,28.00,86.06,1,1,-1,-1
24,52,577.87,244.56,33.30,64.73,1,1,-1,-1
24,47,555.29,261.46,22.08,65.89,1,1,-1,-1
24,17,1108.01,450.87,41.02,70.96,1,2,-1,-1
25,95,791.33,248.67,25.99,62.80,1,2,-1,-1
25,68,1106.77,448.45,68.98,97.17,1,10,-1,-1
25,63,578.55,310.46,27.83,87.13,1,1,-1,-1
25,62,540.96,187.37,25.28,27.19,1,2,-1,-1
25,52,577.92,245.46,33.29,65.22,1,1,-1,-1
25,47,555.08,262.48,22.08,66.25,1,1,-1,-1
26,95,797.20,264.63,32.30,65.79,1,2,-1,-1
26,68,1106.55,446.06,68.62,97.00,1,10,-1,-1
26,63,577.84,312.13,27.71,88.19,1,1,-1,-1
26,52,577.93,246.51,33.29,65.87,1,1,-1,-1
29,108,592.03,322.74,81.55,59.32,1,10,-1,-1
29,47,552.38,267.90,22.08,67.11,1,1,-1,-1
30,109,630.01,287.81,40.74,78.38,1,1,-1,-1
30,108,591.41,324.99,83.03,60.06,1,10,-1,-1
31,124,722.39,297.93,25.24,47.83,1,2,-1,-1
31,109,630.18,289.96,40.93,78.79,1,1,-1,-1
31,108,591.14,327.10,84.36,60.89,1,10,-1,-1
32,124,724.71,303.13,25.43,48.14,1,2,-1,-1
32,109,630.89,291.98,41.04,79.01,1,1,-1,-1
32,108,591.02,329.17,85.61,61.77,1,10,-1,-1
32,68,1113.30,444.47,65.96,93.86,1,10,-1,-1
33,124,726.11,307.83,26.12,49.18,1,2,-1,-1
33,122,608.00,260.85,58.00,48.00,1,10,-1,-1
33,109,631.27,293.88,41.45,79.29,1,1,-1,-1
33,108,590.48,331.70,87.03,62.38,1,10,-1,-1
33,95,821.50,303.32,47.99,75.32,1,2,-1,-1
33,68,1114.45,443.89,66.54,94.75,1,10,-1,-1
33,52,579.58,253.42,33.30,69.03,1,1,-1,-1
34,137,723.83,317.29,38.34,67.13,1,2,-1,-1
34,128,384.60,270.00,19.13,41.52,1,1,-1,-1
34,124,727.76,312.55,26.63,50.22,1,2,-1,-1
34,122,608.00,262.08,58.00,48.00,1,10,-1,-1
34,109,632.01,295.82,41.72,79.43,1,1,-1,-1
34,108,590.22,333.96,88.34,63.10,1,10,-1,-1
34,95,825.35,310.19,49.27,75.43,1,2,-1,-1
34,68,1116.07,443.73,66.96,95.66,1,10,-1,-1
35,128,383.98,271.18,19.09,41.64,1,1,-1,-1
35,122,608.00,263.15,58.00,48.00,1,10,-1,-1
35,109,632.87,297.95,41.92,79.83,1,1,-1,-1
35,108,590.07,336.09,89.58,63.91,1,10,-1,-1
35,95,829.26,317.32,50.46,75.80,1,2,-1,-1
35,68,1128.95,425.71,73.30,105.09,1,10,-1,-1
36,144,1130.48,445.78,42.11,71.52,1,2,-1,-1
36,128,382.40,272.91,19.06,41.73,1,1,-1,-1
36,125,835.62,295.37,35.07,71.49,1,2,-1,-1
36,122,608.69,264.84,58.00,48.00,1,10,-1,-1
36,121,580.33,377.60,28.23,64.67,1,1,-1,-1
36,109,633.11,300.96,42.11,80.73,1,1,-1,-1
36,108,590.20,338.65,91.00,64.48,1,10,-1,-1
36,95,834.49,325.51,51.63,76.97,1,2,-1,-1
37,144,1131.20,447.73,42.51,71.57,1,2,-1,-1
37,128,380.47,274.99,19.07,42.14,1,1,-1,-1
37,125,840.34,301.62,34.54,70.87,1,2,-1,-1
37,109,633.32,304.65,42.57,81.76,1,1,-1,-1
37,52,577.72,261.93,35.05,71.99,1,1,-1,-1
38,153,822.00,127.00,34.00,44.00,1,8,-1,-1
38,132,505.07,187.12,14.13,36.89,1,1,-1,-1
38,128,378.45,276.99,19.08,42.42,1,1,-1,-1
38,125,845.48,308.25,34.64,71.66,1,2,-1,-1
38,63,570.53,350.91,34.41,115.32,1,1,-1,-1
38,52,577.38,264.57,35.44,72.53,1,1,-1,-1
39,158,697.08,197.59,27.57,63.48,1,1,-1,-1
39,153,823.00,127.78,34.00,44.00,1,8,-1,-1
39,148,735.23,332.81,32.30,61.40,1,2,-1,-1
39,142,851.14,312.69,38.22,83.31,1,2,-1,-1
39,132,505.74,187.24,14.15,37.33,1,1,-1,-1
39,125,855.64,328.60,29.90,63.17,1,2,-1,-1
40,158,698.46,199.51,26.84,61.46,1,1,-1,-1
40,153,824.00,128.02,34.00,44.00,1,8,-1,-1
40,148,734.16,346.86,38.92,70.12,1,2,-1,-1
40,142,859.31,321.98,41.54,89.74,1,2,-1,-1
40,132,505.98,187.21,14.15,37.63,1,1,-1,-1
40,108,588.90,352.82,96.03,69.02,1,10,-1,-1
41,163,701.12,135.35,19.77,33.38,1,10,-1,-1
41,158,699.56,201.74,26.53,60.51,1,1,-1,-1
41,142,862.66,325.62,40.76,89.53,1,2,-1,-1
41,132,506.72,187.82,14.14,37.82,1,1,-1,-1
42,171,871.75,378.05,62.35,91.64,1,10,-1,-1
42,163,701.75,136.19,19.49,33.48,1,10,-1,-1
42,142,872.50,338.78,46.38,96.95,1,2,-1,-1
42,68,1116.82,449.20,70.79,101.43,1,10,-1,-1
43,171,879.38,386.45,63.65,94.26,1,10,-1,-1
43,163,702.10,136.46,19.79,34.18,1,10,-1,-1
43,68,1130.08,449.13,70.91,101.39,1,10,-1,-1
44,168,1126.35,480.97,78.95,107.27,1,2,-1,-1
44,153,828.04,130.74,34.96,45.05,1,8,-1,-1
44,108,592.49,358.99,106.63,79.88,1,10,-1,-1
45,168,1132.55,479.95,79.46,107.38,1,2,-1,-1
45,166,745.98,355.56,49.01,88.65,1,10,-1,-1
45,161,535.14,198.86,26.72,31.07,1,2,-1,-1
45,153,829.15,131.17,35.44,45.56,1,8,-1,-1
45,128,365.11,289.49,19.28,47.51,1,1,-1,-1
45,108,588.47,366.61,105.82,79.94,1,10,-1,-1
46,183,1155.29,456.11,42.52,72.00,1,2,-1,-1
46,168,1136.81,480.93,80.23,107.92,1,2,-1,-1
46,166,749.76,364.41,50.71,91.15,1,10,-1,-1
46,161,534.74,199.87,26.52,31.06,1,2,-1,-1
46,148,751.60,400.03,50.61,88.69,1,2,-1,-1
46,142,901.47,370.86,47.15,98.11,1,2,-1,-1
46,128,363.10,291.34,19.27,48.09,1,1,-1,-1
46,108,587.23,372.18,105.56,80.28,1,10,-1,-1
47,189,352.31,257.96,24.22,61.91,1,1,-1,-1
47,183,1157.92,457.98,42.28,71.86,1,2,-1,-1
47,171,913.73,437.45,78.07,108.21,1,10,-1,-1
47,168,1140.04,481.69,80.34,107.81,1,2,-1,-1
47,163,703.95,138.50,19.32,35.07,1,10,-1,-1
47,161,534.11,200.34,26.78,31.47,1,2,-1,-1
47,158,704.23,212.89,27.72,64.00,1,1,-1,-1
47,114,265.15,353.38,34.68,74.06,1,1,-1,-1
47,108,586.97,378.22,105.65,80.81,1,10,-1,-1
48,171,927.10,453.38,79.37,110.26,1,10,-1,-1
48,168,1142.99,482.96,80.00,106.98,1,2,-1,-1
48,163,704.72,139.21,19.26,35.38,1,10,-1,-1
48,161,533.87,201.09,26.95,31.73,1,2,-1,-1
48,114,261.44,356.32,35.34,75.22,1,1,-1,-1
48,108,587.03,384.40,106.00,81.48,1,10,-1,-1
49,195,933.36,413.67,49.14,104.89,1,2,-1,-1
49,171,941.29,440.19,73.31,111.77,1,10,-1,-1
49,168,1146.56,484.51,79.39,105.72,1,2,-1,-1
49,121,572.13,447.16,37.13,73.52,1,1,-1,-1
49,114,258.08,359.77,35.78,76.00,1,1,-1,-1
49,108,587.16,390.80,106.55,82.52,1,10,-1,-1
50,187,621.87,380.26,87.08,70.16,1,10,-1,-1
50,171,956.29,445.26,68.85,114.13,1,10,-1,-1
50,168,1155.66,465.91,77.36,104.24,1,2,-1,-1
50,166,763.25,403.09,57.31,100.72,1,10,-1,-1
50,132,516.00,195.64,13.70,34.15,1,1,-1,-1
50,128,347.59,285.40,23.41,58.79,1,1,-1,-1
50,121,571.27,454.52,37.70,74.30,1,1,-1,-1
50,114,254.40,362.97,36.39,76.86,1,1,-1,-1
51,193,444.17,208.53,23.51,39.53,1,1,-1,-1
51,187,621.83,385.16,88.41,71.55,1,10,-1,-1
51,171,971.99,458.74,66.82,118.34,1,10,-1,-1
51,168,1160.77,459.93,76.32,103.62,1,2,-1,-1
51,166,766.67,414.23,58.27,102.69,1,10,-1,-1
51,160,560.33,411.93,37.90,122.57,1,1,-1,-1
51,132,517.64,196.88,13.79,34.39,1,1,-1,-1
51,128,343.68,283.66,24.76,61.43,1,1,-1,-1
51,121,570.39,462.58,38.41,75.46,1,1,-1,-1
52,208,598.99,296.06,78.88,56.98,1,10,-1,-1
52,187,621.73,389.56,89.68,73.12,1,10,-1,-1
52,185,777.55,470.94,51.19,92.09,1,10,-1,-1
52,163,708.71,143.12,19.18,36.45,1,10,-1,-1
52,132,518.39,197.43,14.15,34.93,1,1,-1,-1
52,128,345.90,295.75,23.25,59.76,1,1,-1,-1
52,121,569.95,471.35,38.91,76.54,1,1,-1,-1
53,211,984.59,540.10,110.32,141.92,1,10,-1,-1
53,194,528.13,322.22,32.86,85.67,1,1,-1,-1
53,187,622.36,394.28,90.79,74.47,1,10,-1,-1
53,185,780.75,485.65,54.82,103.49,1,10,-1,-1
53,184,1159.94,489.26,81.23,107.09,1,2,-1,-1
53,132,518.95,198.13,15.00,35.42,1,1,-1,-1
53,128,345.76,302.57,22.15,58.47,1,1,-1,-1
53,121,569.24,479.89,39.56,77.90,1,1,-1,-1
54,212,1177.22,469.18,41.68,70.90,1,2,-1,-1
54,211,1007.93,554.63,122.63,150.65,1,10,-1,-1
54,187,622.55,398.63,91.91,76.02,1,10,-1,-1
54,185,784.63,497.44,62.46,116.67,1,10,-1,-1
54,184,1147.52,492.92,90.95,118.08,1,2,-1,-1
54,158,711.02,226.01,28.02,69.60,1,1,-1,-1
54,128,344.47,306.84,21.07,57.75,1,1,-1,-1
54,114,240.35,375.20,38.46,80.57,1,1,-1,-1
55,218,793.61,469.77,62.98,117.19,1,10,-1,-1
55,212,1180.02,470.93,41.81,70.98,1,2,-1,-1
55,187,622.62,403.31,92.93,77.38,1,10,-1,-1
55,185,787.78,514.88,65.56,121.61,1,10,-1,-1
55,178,639.03,371.38,49.93,108.23,1,1,-1,-1
55,158,712.00,227.73,28.07,70.39,1,1,-1,-1
55,114,237.01,378.22,38.88,81.53,1,1,-1,-1
55,108,587.62,428.82,111.61,89.67,1,10,-1,-1
56,218,798.72,484.52,65.68,121.88,1,10,-1,-1
56,208,599.77,309.02,79.48,58.05,1,10,-1,-1
56,187,622.79,408.30,94.29,78.98,1,10,-1,-1
56,185,794.62,534.63,69.62,127.70,1,10,-1,-1
56,178,639.67,375.39,50.32,109.80,1,1,-1,-1
56,114,233.35,381.23,39.46,82.52,1,1,-1,-1
57,218,804.42,500.56,69.31,125.34,1,10,-1,-1
57,194,522.84,338.37,35.95,88.69,1,1,-1,-1
57,187,622.78,412.73,95.56,80.68,1,10,-1,-1
57,185,802.69,555.07,74.32,134.48,1,10,-1,-1
57,178,639.99,381.61,50.92,111.85,1,1,-1,-1
57,121,567.94,512.53,41.88,83.81,1,1,-1,-1
58,229,1159.72,487.99,99.17,132.37,1,2,-1,-1
58,218,812.54,555.22,66.64,111.73,1,10,-1,-1
58,194,521.37,341.93,36.59,89.91,1,1,-1,-1
58,187,622.75,417.41,96.69,82.16,1,10,-1,-1
58,185,811.11,575.65,79.43,141.69,1,10,-1,-1
58,184,1172.97,488.74,91.70,117.79,1,2,-1,-1
58,121,567.07,521.97,42.25,85.08,1,1,-1,-1
59,194,519.60,345.73,37.33,91.09,1,1,-1,-1
59,187,622.90,422.21,98.06,83.52,1,10,-1,-1
59,185,819.46,595.41,84.41,147.48,1,10,-1,-1
59,184,1179.85,475.29,87.64,114.99,1,2,-1,-1
59,121,564.07,516.53,41.20,92.01,1,1,-1,-1
59,108,586.75,456.34,116.50,94.87,1,10,-1,-1
60,240,437.06,219.19,24.84,40.73,1,1,-1,-1
60,208,599.84,321.25,80.52,59.68,1,10,-1,-1
60,194,518.18,349.86,37.86,92.45,1,1,-1,-1
60,187,622.89,426.60,99.33,85.05,1,10,-1,-1
60,185,825.61,583.94,86.43,143.54,1,10,-1,-1
60,184,1184.29,472.58,84.79,112.98,1,2,-1,-1
60,108,586.16,463.73,118.61,96.44,1,10,-1,-1
61,247,683.10,134.07,17.36,23.52,1,2,-1,-1
61,240,436.11,220.87,24.97,40.94,1,1,-1,-1
61,228,848.51,139.58,40.65,52.30,1,8,-1,-1
61,222,326.26,321.86,22.94,60.36,1,1,-1,-1
61,208,600.48,324.83,80.58,59.92,1,10,-1,-1
61,194,516.45,354.68,38.54,94.06,1,1,-1,-1
61,185,835.21,609.27,87.91,136.66,1,10,-1,-1
61,184,1187.83,473.83,83.06,111.55,1,2,-1,-1
61,178,643.81,412.73,53.58,120.78,1,1,-1,-1
61,108,585.29,471.48,120.66,97.83,1,10,-1,-1
62,252,406.38,224.71,32.35,56.56,1,1,-1,-1
62,228,848.96,141.03,40.13,51.59,1,8,-1,-1
62,208,600.36,328.81,81.31,60.47,1,10,-1,-1
62,194,515.07,360.25,39.01,95.43,1,1,-1,-1
62,185,844.85,623.51,91.72,136.14,1,10,-1,-1
62,184,1190.83,476.66,82.13,110.83,1,2,-1,-1
62,178,644.25,420.73,54.44,123.27,1,1,-1,-1
62,108,584.50,478.91,123.00,99.41,1,10,-1,-1
63,258,722.16,247.83,31.67,80.33,1,1,-1,-1
63,252,405.87,224.76,30.95,53.88,1,1,-1,-1
63,248,720.92,154.15,19.16,40.75,1,10,-1,-1
63,228,849.82,142.30,39.80,51.13,1,8,-1,-1
63,208,600.37,333.39,82.10,60.86,1,10,-1,-1
63,185,853.63,643.15,95.52,125.37,1,10,-1,-1
63,184,1192.01,475.16,70.97,103.19,1,2,-1,-1
63,178,645.08,428.26,55.35,125.91,1,1,-1,-1
63,108,584.17,486.65,125.23,100.83,1,10,-1,-1
64,263,562.87,342.06,55.25,98.77,1,1,-1,-1
64,258,723.35,250.60,32.30,80.81,1,1,-1,-1
64,248,722.64,155.81,19.15,40.90,1,10,-1,-1
64,246,523.96,219.08,28.64,31.24,1,2,-1,-1
64,228,850.96,142.94,39.97,51.23,1,8,-1,-1
64,208,600.57,338.38,83.30,61.48,1,10,-1,-1
64,184,1177.24,471.45,68.17,105.24,1,2,-1,-1
64,178,646.05,436.05,56.28,128.38,1,1,-1,-1
65,263,562.26,345.85,56.48,100.39,1,1,-1,-1
65,258,724.89,253.71,32.22,80.59,1,1,-1,-1
65,246,523.16,220.82,28.73,31.15,1,2,-1,-1
65,240,432.10,225.06,26.01,42.05,1,1,-1,-1
65,228,852.48,143.84,39.74,51.22,1,8,-1,-1
65,184,1193.28,477.90,61.02,98.79,1,2,-1,-1
65,178,646.89,444.18,56.94,130.95,1,1,-1,-1
65,121,546.05,543.57,50.13,138.37,1,1,-1,-1
66,263,561.89,349.99,57.21,101.89,1,1,-1,-1
66,258,726.22,256.64,32.56,80.73,1,1,-1,-1
66,240,431.73,226.71,26.09,42.18,1,1,-1,-1
66,228,853.71,144.81,39.58,51.21,1,8,-1,-1
66,194,510.01,384.47,41.07,101.07,1,1,-1,-1
66,121,544.73,553.48,51.00,146.14,1,1,-1,-1
67,278,310.01,348.71,20.02,60.42,1,1,-1,-1
67,258,727.96,259.63,32.77,80.75,1,1,-1,-1
67,257,688.38,136.52,17.16,28.78,1,2,-1,-1
67,252,393.83,244.09,25.59,48.48,1,1,-1,-1
67,240,430.27,228.59,26.15,42.26,1,1,-1,-1
67,228,854.98,145.29,39.81,51.58,1,8,-1,-1
67,194,509.00,390.49,41.67,102.46,1,1,-1,-1
67,121,543.69,564.70,51.83,152.60,1,1,-1,-1
68,278,306.21,365.99,20.05,60.41,1,1,-1,-1
68,267,1193.06,515.67,112.99,133.35,1,10,-1,-1
68,258,729.81,263.14,33.01,81.78,1,1,-1,-1
68,257,689.62,132.94,17.19,29.23,1,2,-1,-1
68,240,429.08,230.57,26.18,42.30,1,1,-1,-1
68,208,600.01,357.61,89.51,64.46,1,10,-1,-1
68,121,535.26,566.10,58.52,178.53,1,1,-1,-1
69,283,406.24,246.79,20.53,42.36,1,1,-1,-1
69,267,1194.67,519.34,110.90,130.56,1,10,-1,-1
69,258,731.89,267.11,33.54,83.31,1,1,-1,-1
69,257,690.57,132.23,16.84,29.40,1,2,-1,-1
69,246,521.24,226.03,29.43,31.12,1,2,-1,-1
69,240,427.33,232.75,26.22,42.64,1,1,-1,-1
69,208,599.39,362.03,91.35,65.31,1,10,-1,-1
69,121,536.15,581.09,56.87,176.52,1,1,-1,-1
70,267,1197.61,523.07,109.98,129.19,1,10,-1,-1
70,257,691.62,132.55,16.60,29.53,1,2,-1,-1
71,298,520.78,223.09,22.45,36.78,1,1,-1,-1
71,267,1200.89,526.68,109.75,128.68,1,10,-1,-1
71,257,692.68,133.27,16.43,29.64,1,2,-1,-1
71,228,859.63,147.81,40.57,52.19,1,8,-1,-1
72,304,409.95,223.99,24.00,57.12,1,1,-1,-1
72,298,521.10,228.15,26.26,36.13,1,1,-1,-1
72,294,287.12,347.20,31.95,71.77,1,1,-1,-1
72,268,1218.68,510.64,84.91,115.90,1,2,-1,-1
72,228,860.96,148.28,40.81,52.57,1,8,-1,-1
73,298,520.69,231.35,28.48,35.40,1,1,-1,-1
73,294,282.79,346.14,34.53,75.51,1,1,-1,-1
73,268,1224.01,513.03,72.53,108.80,1,2,-1,-1
73,228,862.05,149.02,40.97,52.83,1,8,-1,-1
74,307,693.13,141.61,18.90,32.96,1,10,-1,-1
74,298,519.65,233.84,30.25,34.86,1,1,-1,-1
74,294,278.46,348.07,36.46,77.98,1,1,-1,-1
74,268,1227.82,518.76,76.74,111.55,1,2,-1,-1
75,298,518.97,236.26,31.46,34.80,1,1,-1,-1
75,268,1231.36,523.11,79.88,113.22,1,2,-1,-1
76,325,495.20,450.39,46.78,117.80,1,1,-1,-1
76,320,105.12,512.10,66.91,109.92,1,1,-1,-1
77,334,1228.36,555.79,104.28,127.42,1,10,-1,-1
77,333,386.22,251.98,29.62,55.89,1,1,-1,-1
77,325,492.83,459.82,47.26,119.21,1,1,-1,-1
77,320,96.18,521.82,67.86,111.28,1,1,-1,-1
77,315,742.51,184.32,21.96,43.07,1,10,-1,-1
77,299,652.44,564.89,85.80,143.06,1,1,-1,-1
77,285,670.86,231.02,44.80,63.69,1,7,-1,-1
77,228,864.64,147.66,47.74,61.48,1,8,-1,-1
78,335,1252.10,538.17,49.94,100.73,1,2,-1,-1
78,334,1249.69,554.86,78.99,99.46,1,10,-1,-1
78,333,384.79,253.46,29.52,56.36,1,1,-1,-1
78,325,490.09,469.55,47.93,120.58,1,1,-1,-1
78,320,87.90,531.85,68.87,112.89,1,1,-1,-1
78,315,743.80,187.34,21.94,43.27,1,10,-1,-1
78,294,262.82,367.83,42.16,86.92,1,1,-1,-1
78,228,866.15,149.93,46.27,59.56,1,8,-1,-1
79,338,413.15,255.22,25.69,43.69,1,1,-1,-1
79,335,1255.79,542.34,50.34,102.19,1,2,-1,-1
79,333,385.47,257.09,31.07,59.57,1,1,-1,-1
79,320,75.80,543.67,70.15,114.04,1,1,-1,-1
79,315,745.05,190.28,22.25,43.47,1,10,-1,-1
79,298,515.81,243.71,34.94,35.12,1,1,-1,-1
79,268,1255.18,540.12,83.06,113.70,1,2,-1,-1
79,228,868.24,151.93,45.21,58.47,1,8,-1,-1
80,341,596.20,430.60,117.67,78.36,1,10,-1,-1
80,335,1259.57,545.25,50.01,101.95,1,2,-1,-1
80,320,62.56,556.79,71.99,114.99,1,1,-1,-1
80,315,746.58,192.63,22.09,43.44,1,10,-1,-1
80,298,515.28,245.79,35.63,35.48,1,1,-1,-1
80,228,870.01,153.50,44.73,57.68,1,8,-1,-1
81,320,48.70,570.47,73.84,115.61,1,1,-1,-1
81,299,668.59,621.54,78.70,123.67,1,1,-1,-1
81,298,514.49,247.76,36.39,35.72,1,1,-1,-1
81,285,670.51,234.12,47.54,65.93,1,7,-1,-1
81,228,872.02,155.05,44.38,57.39,1,8,-1,-1
82,325,479.38,509.44,51.09,127.89,1,1,-1,-1
82,320,35.32,584.37,75.72,116.00,1,1,-1,-1
82,298,514.09,249.71,36.91,35.86,1,1,-1,-1
82,285,671.00,236.00,47.93,66.31,1,7,-1,-1
82,228,858.97,145.68,49.58,64.71,1,8,-1,-1
83,362,765.19,337.62,43.00,101.57,1,1,-1,-1
83,333,381.77,275.31,26.07,50.04,1,1,-1,-1
83,325,476.61,519.59,52.55,130.11,1,1,-1,-1
83,304,396.81,241.32,23.19,60.23,1,1,-1,-1
83,298,511.31,246.99,31.81,36.06,1,1,-1,-1
84,362,768.10,343.81,43.20,102.19,1,1,-1,-1
84,335,1276.03,564.32,66.73,119.62,1,2,-1,-1
84,298,510.46,246.69,28.20,36.52,1,1,-1,-1
85,373,1264.93,591.25,77.70,126.69,1,2,-1,-1
85,372,719.81,209.33,28.28,65.34,1,1,-1,-1
85,362,771.17,350.56,43.76,103.19,1,1,-1,-1
85,342,701.06,155.46,17.97,32.93,1,2,-1,-1
85,298,510.78,247.68,25.59,37.00,1,1,-1,-1
86,380,751.18,190.81,25.84,38.38,1,2,-1,-1
86,377,403.86,271.05,25.12,44.05,1,1,-1,-1
86,376,372.95,269.10,29.94,59.64,1,1,-1,-1
86,372,719.50,213.27,29.03,67.93,1,1,-1,-1
86,362,773.38,359.03,44.09,104.05,1,1,-1,-1
86,355,512.72,255.22,36.12,41.80,1,1,-1,-1
86,342,701.75,157.41,17.56,31.85,1,2,-1,-1
86,298,510.72,249.17,23.71,37.45,1,1,-1,-1
87,384,537.96,522.75,91.23,131.39,1,1,-1,-1
87,380,752.90,192.82,25.95,38.35,1,2,-1,-1
87,379,702.00,101.87,17.00,21.00,1,10,-1,-1
87,377,396.45,259.61,29.36,56.89,1,1,-1,-1
87,376,370.30,271.23,30.13,60.38,1,1,-1,-1
87,372,722.89,213.92,28.79,68.09,1,1,-1,-1
87,362,775.44,364.93,44.81,106.22,1,1,-1,-1
87,355,510.98,258.12,36.83,40.44,1,1,-1,-1
87,342,702.70,158.87,17.30,31.14,1,2,-1,-1
87,315,755.01,208.64,22.32,43.13,1,10,-1,-1
87,304,387.69,247.74,26.35,63.01,1,1,-1,-1
88,386,1293.53,575.44,41.11,88.80,1,2,-1,-1
88,384,536.15,535.15,93.03,133.27,1,1,-1,-1
88,380,754.26,194.75,26.42,38.50,1,2,-1,-1
88,377,398.36,268.77,27.61,52.37,1,1,-1,-1
88,376,367.48,273.79,30.61,61.03,1,1,-1,-1
88,372,724.69,215.56,28.67,68.57,1,1,-1,-1
88,355,509.70,260.75,37.67,39.94,1,1,-1,-1
88,315,756.02,210.74,22.35,43.05,1,10,-1,-1
88,304,386.29,250.55,25.72,62.27,1,1,-1,-1
88,228,883.33,163.80,45.14,59.65,1,8,-1,-1
89,394,456.19,597.70,60.71,139.83,1,1,-1,-1
89,393,215.61,419.11,47.77,93.68,1,1,-1,-1
89,386,1297.21,579.60,39.65,88.50,1,2,-1,-1
89,385,705.98,148.99,16.91,31.91,1,2,-1,-1
89,384,533.92,546.85,94.61,135.51,1,1,-1,-1
89,380,756.00,197.45,26.70,38.53,1,2,-1,-1
89,376,364.44,276.63,30.88,61.33,1,1,-1,-1
89,373,1271.03,603.59,70.95,122.19,1,2,-1,-1
89,355,509.10,263.05,38.21,39.55,1,1,-1,-1
89,315,757.67,213.43,22.37,42.98,1,10,-1,-1
89,304,384.59,253.16,25.29,62.04,1,1,-1,-1
89,228,885.38,165.29,44.93,59.34,1,8,-1,-1
90,394,452.85,611.53,61.14,140.68,1,1,-1,-1
90,393,209.91,425.06,48.19,94.76,1,1,-1,-1
90,385,706.92,149.94,16.98,32.02,1,2,-1,-1
90,380,758.60,199.71,26.87,38.51,1,2,-1,-1
90,376,361.51,279.49,31.40,61.65,1,1,-1,-1
90,333,369.20,291.76,23.46,47.51,1,1,-1,-1
90,315,760.39,216.33,22.68,42.96,1,10,-1,-1
90,304,382.77,255.43,24.99,61.88,1,1,-1,-1
90,298,510.06,255.10,19.93,39.11,1,1,-1,-1
90,228,886.97,166.70,45.09,59.42,1,8,-1,-1
91,399,598.80,520.53,123.73,87.90,1,10,-1,-1
91,393,204.04,430.39,48.91,96.37,1,1,-1,-1
91,385,707.74,151.01,16.64,31.89,1,2,-1,-1
91,380,761.49,201.81,26.98,38.47,1,2,-1,-1
91,379,703.07,103.07,17.00,21.00,1,10,-1,-1
91,376,358.41,281.92,31.76,62.14,1,1,-1,-1
91,333,366.12,298.04,23.35,46.54,1,1,-1,-1
91,304,381.05,258.02,25.05,61.50,1,1,-1,-1
91,298,509.89,256.73,19.03,39.37,1,1,-1,-1
91,228,888.61,167.84,44.91,59.46,1,8,-1,-1
92,399,609.43,524.75,126.34,90.36,1,10,-1,-1
92,393,198.14,436.06,49.72,97.81,1,1,-1,-1
92,379,703.08,103.14,17.00,21.00,1,10,-1,-1
92,377,392.04,283.70,28.27,48.03,1,1,-1,-1
92,372,707.65,248.78,28.99,64.66,1,1,-1,-1
92,304,377.34,275.00,25.40,58.02,1,1,-1,-1
92,298,509.53,258.51,18.68,39.65,1,1,-1,-1
92,228,890.52,169.07,44.78,59.77,1,8,-1,-1
93,411,524.15,264.63,15.55,30.69,1,2,-1,-1
93,399,597.25,541.16,136.27,98.00,1,10,-1,-1
93,393,192.58,442.06,49.83,98.75,1,1,-1,-1
93,384,524.74,593.92,101.58,144.54,1,1,-1,-1
93,379,703.07,103.82,17.00,21.00,1,10,-1,-1
93,372,706.77,252.32,29.08,65.50,1,1,-1,-1
93,342,709.73,165.55,17.63,28.06,1,2,-1,-1
93,304,376.40,268.78,25.37,58.96,1,1,-1,-1
93,298,509.29,259.96,18.15,40.07,1,1,-1,-1
94,416,680.00,106.11,18.00,30.00,1,10,-1,-1
94,411,523.11,266.93,15.85,31.10,1,2,-1,-1
94,399,591.53,553.67,143.13,103.54,1,10,-1,-1
94,393,186.88,448.02,50.25,99.83,1,1,-1,-1
94,379,703.07,104.06,17.00,21.00,1,10,-1,-1
94,372,706.64,255.43,29.48,66.51,1,1,-1,-1
94,304,374.81,267.47,25.33,59.64,1,1,-1,-1
94,298,508.66,261.67,17.77,40.40,1,1,-1,-1
95,416,680.00,106.12,18.00,30.00,1,10,-1,-1
95,399,588.62,565.46,148.60,107.70,1,10,-1,-1
95,393,181.05,453.45,50.90,101.29,1,1,-1,-1
95,380,773.72,210.84,27.89,38.49,1,2,-1,-1
95,379,703.06,104.14,17.00,21.00,1,10,-1,-1
96,423,807.60,433.33,56.17,126.43,1,1,-1,-1
96,416,680.00,106.85,18.00,30.00,1,10,-1,-1
96,399,586.84,577.13,153.34,111.05,1,10,-1,-1
96,393,175.18,459.15,51.65,102.65,1,1,-1,-1
96,380,776.89,213.51,28.31,38.51,1,2,-1,-1
96,379,703.72,104.82,17.00,21.00,1,10,-1,-1
96,377,384.14,305.34,28.80,42.78,1,1,-1,-1
97,433,741.93,235.99,28.14,76.51,1,1,-1,-1
97,423,812.86,441.71,57.47,128.26,1,1,-1,-1
97,416,680.00,107.08,18.00,30.00,1,10,-1,-1
97,393,169.59,465.09,51.82,103.71,1,1,-1,-1
98,438,714.84,171.66,16.64,29.28,1,10,-1,-1
98,433,744.06,239.90,28.67,77.69,1,1,-1,-1
98,411,519.23,275.88,17.64,32.28,1,2,-1,-1
98,393,163.87,470.54,52.27,105.12,1,1,-1,-1
98,304,366.35,274.56,26.24,60.51,1,1,-1,-1
99,438,715.68,172.91,17.01,29.44,1,10,-1,-1
99,433,746.76,243.97,28.97,78.64,1,1,-1,-1
99,393,158.06,476.25,52.88,106.46,1,1,-1,-1
100,445,732.86,280.35,34.44,56.35,1,10,-1,-1
100,443,344.89,324.15,24.00,46.00,1,1,-1,-1
100,438,715.06,173.71,17.24,29.52,1,10,-1,-1
100,433,749.10,247.91,29.56,79.83,1,1,-1,-1
100,399,584.92,630.04,168.46,121.67,1,10,-1,-1
100,393,152.20,482.08,53.60,107.72,1,1,-1,-1
100,377,371.30,306.86,32.05,48.48,1,1,-1,-1
101,445,734.85,284.20,34.23,56.42,1,10,-1,-1
101,443,342.88,326.94,24.00,46.00,1,1,-1,-1
101,438,714.75,174.46,17.41,29.57,1,10,-1,-1
101,433,751.14,252.48,29.89,80.44,1,1,-1,-1
101,399,585.10,641.82,171.18,118.00,1,10,-1,-1
101,376,330.31,309.57,35.73,66.75,1,1,-1,-1
102,454,906.91,181.09,46.03,62.93,1,8,-1,-1
102,453,790.49,237.53,30.84,48.64,1,2,-1,-1
102,445,736.31,288.03,34.54,56.73,1,10,-1,-1
102,443,340.89,329.89,24.00,46.00,1,1,-1,-1
102,433,753.77,256.79,30.11,81.11,1,1,-1,-1
102,376,327.87,312.68,36.00,67.19,1,1,-1,-1
102,304,355.51,283.73,28.24,64.06,1,1,-1,-1
103,445,738.10,291.24,34.72,56.88,1,10,-1,-1
103,407,732.67,116.09,13.55,29.92,1,10,-1,-1
103,375,115.03,590.22,37.80,86.01,1,1,-1,-1
103,304,354.87,285.18,27.96,63.06,1,1,-1,-1
104,445,740.01,294.97,34.82,56.97,1,10,-1,-1
104,407,734.05,116.14,13.69,29.97,1,10,-1,-1
104,393,120.85,517.05,57.72,113.68,1,1,-1,-1
104,379,705.53,100.53,18.49,22.86,1,10,-1,-1
104,304,353.43,287.13,27.76,62.34,1,1,-1,-1
105,445,741.97,298.88,34.89,57.01,1,10,-1,-1
105,438,718.72,169.79,17.24,30.67,1,10,-1,-1
105,407,735.17,116.81,13.78,30.00,1,10,-1,-1
105,379,705.01,104.35,18.07,22.33,1,10,-1,-1
106,457,705.07,282.03,54.38,102.22,1,1,-1,-1
106,454,913.22,186.14,46.62,63.92,1,8,-1,-1
106,453,806.56,256.59,32.87,55.79,1,2,-1,-1
106,445,743.96,302.85,34.94,57.04,1,10,-1,-1
106,438,719.81,170.57,17.15,30.98,1,10,-1,-1
106,407,736.19,117.04,13.85,30.01,1,10,-1,-1
106,376,316.29,323.62,37.47,68.69,1,1,-1,-1
107,462,511.18,296.84,20.75,33.54,1,2,-1,-1
107,457,702.80,288.71,51.28,95.48,1,1,-1,-1
107,453,811.18,261.65,33.08,57.43,1,2,-1,-1
107,407,737.83,117.78,13.89,30.02,1,10,-1,-1
107,376,313.90,326.72,37.82,69.14,1,1,-1,-1
107,375,80.92,629.54,41.81,91.93,1,1,-1,-1
108,474,717.99,183.70,20.98,35.08,1,10,-1,-1
108,468,491.38,299.05,44.60,53.26,1,2,-1,-1
108,461,498.41,292.64,16.81,40.93,1,1,-1,-1
108,457,702.02,294.06,49.97,91.58,1,1,-1,-1
108,453,815.35,266.27,33.27,59.46,1,2,-1,-1
108,423,876.57,589.48,72.74,162.93,1,1,-1,-1
108,407,739.06,118.04,13.93,30.02,1,10,-1,-1
108,375,72.77,639.66,42.84,93.44,1,1,-1,-1
109,478,319.01,358.81,27.71,50.17,1,1,-1,-1
109,474,721.60,188.88,18.90,31.46,1,10,-1,-1
109,468,489.09,306.03,42.01,50.74,1,2,-1,-1
109,461,497.19,296.40,16.91,41.06,1,1,-1,-1
109,423,879.66,593.85,84.11,178.03,1,1,-1,-1
109,407,740.13,118.78,13.95,30.03,1,10,-1,-1
110,478,315.32,363.55,28.51,50.86,1,1,-1,-1
110,461,496.09,300.36,16.97,41.13,1,1,-1,-1
111,483,689.66,324.71,56.67,90.72,1,7,-1,-1
111,478,308.12,372.98,24.91,44.28,1,1,-1,-1
111,461,495.04,304.40,17.01,41.17,1,1,-1,-1
111,376,304.74,344.90,40.81,75.70,1,1,-1,-1
112,483,690.62,328.53,56.76,91.87,1,7,-1,-1
112,478,307.32,375.37,27.26,48.11,1,1,-1,-1
112,461,497.75,316.25,16.28,39.00,1,1,-1,-1
112,457,705.16,310.35,50.41,89.75,1,1,-1,-1
112,376,301.40,347.97,41.08,75.02,1,1,-1,-1
113,486,37.14,609.34,76.91,139.25,1,1,-1,-1
113,483,691.59,332.48,56.82,92.91,1,7,-1,-1
113,478,304.38,378.99,28.94,50.36,1,1,-1,-1
113,474,725.60,188.35,17.95,31.57,1,10,-1,-1
113,376,297.74,352.57,41.56,74.85,1,1,-1,-1
114,498,762.01,353.17,34.87,65.35,1,10,-1,-1
114,486,28.43,620.54,76.49,137.35,1,1,-1,-1
114,483,679.77,330.24,68.31,112.76,1,7,-1,-1
114,478,301.36,383.36,30.35,52.10,1,1,-1,-1
114,474,726.78,187.89,17.56,31.46,1,10,-1,-1
114,376,294.39,357.86,41.91,75.31,1,1,-1,-1
115,500,315.92,334.87,35.32,73.25,1,1,-1,-1
115,498,764.58,359.55,34.71,66.02,1,10,-1,-1
115,494,447.59,253.15,22.70,48.58,1,1,-1,-1
115,483,686.56,337.12,64.94,107.47,1,7,-1,-1
115,478,297.65,387.38,31.62,53.56,1,1,-1,-1
116,507,850.07,307.19,38.66,75.38,1,2,-1,-1
116,498,766.72,365.86,34.72,67.23,1,10,-1,-1
116,494,446.79,255.53,22.54,49.05,1,1,-1,-1
116,478,294.21,392.03,32.46,54.74,1,1,-1,-1
116,457,716.93,336.62,46.25,91.89,1,1,-1,-1
117,507,854.38,313.94,41.27,76.12,1,2,-1,-1
117,505,706.00,111.06,17.00,21.00,1,10,-1,-1
117,498,768.75,371.92,34.71,68.35,1,10,-1,-1
117,478,290.45,396.71,33.31,55.54,1,1,-1,-1
117,457,713.07,324.78,50.80,105.15,1,1,-1,-1
118,478,287.21,401.64,34.22,56.41,1,1,-1,-1
118,457,720.25,340.30,47.62,103.32,1,1,-1,-1
118,376,283.04,387.66,40.62,74.55,1,1,-1,-1
