1,21,562.00,248.00,35.00,59.00,1,1,-1,-1
1,20,720.00,224.00,21.00,34.00,1,2,-1,-1
1,19,582.00,301.00,21.00,43.00,1,1,-1,-1
1,18,646.00,244.00,27.00,49.00,1,1,-1,-1
1,17,411.00,230.00,22.00,48.00,1,1,-1,-1
1,16,360.00,242.00,31.00,62.00,1,1,-1,-1
1,15,527.00,175.00,31.00,27.00,1,2,-1,-1
1,14,718.00,192.00,22.00,34.00,1,2,-1,-1
1,13,745.00,170.00,39.00,50.00,1,10,-1,-1
1,12,352.00,270.00,40.00,81.00,1,1,-1,-1
1,11,730.00,192.00,26.00,41.00,1,2,-1,-1
1,10,728.00,205.00,31.00,40.00,1,10,-1,-1
1,9,582.00,272.00,29.00,61.00,1,1,-1,-1
1,8,574.00,221.00,34.00,57.00,1,1,-1,-1
1,7,550.00,237.00,23.00,58.00,1,1,-1,-1
1,6,537.00,183.00,25.00,22.00,1,2,-1,-1
1,5,410.00,242.00,19.00,41.00,1,1,-1,-1
1,4,407.00,225.00,22.00,47.00,1,1,-1,-1
1,3,366.00,262.00,29.00,59.00,1,1,-1,-1
1,2,204.00,621.00,77.00,82.00,1,2,-1,-1
2,28,415.00,227.00,11.00,25.00,1,1,-1,-1
2,27,566.00,211.00,74.00,59.00,1,10,-1,-1
2,26,609.00,321.00,18.00,37.00,1,1,-1,-1
2,25,734.00,190.00,21.00,33.00,1,2,-1,-1
2,24,1022.00,473.00,117.00,149.00,1,10,-1,-1
2,23,682.00,215.00,23.00,49.00,1,10,-1,-1
2,22,592.00,225.00,58.00,46.00,1,10,-1,-1
2,21,563.30,270.35,30.40,56.30,1,1,-1,-1
2,20,723.01,217.99,25.98,42.02,1,2,-1,-1
2,19,583.01,298.99,22.99,47.02,1,1,-1,-1
2,16,368.00,242.01,42.99,85.98,1,1,-1,-1
2,11,732.92,193.12,26.15,41.76,1,2,-1,-1
2,10,729.91,206.12,31.18,40.76,1,10,-1,-1
2,9,581.83,273.38,28.35,61.24,1,1,-1,-1
2,8,574.00,222.00,34.00,57.00,1,1,-1,-1
2,7,550.00,238.00,23.00,58.00,1,1,-1,-1
2,6,537.00,183.00,25.00,22.00,1,2,-1,-1
2,5,408.98,250.04,17.04,36.93,1,1,-1,-1
2,3,365.06,262.88,28.88,58.24,1,1,-1,-1
2,2,201.91,624.07,51.19,54.87,1,2,-1,-1
3,39,681.00,219.00,21.00,43.00,1,10,-1,-1
3,38,402.00,214.00,18.00,40.00,1,1,-1,-1
3,37,424.00,249.00,13.00,28.00,1,1,-1,-1
3,36,621.00,253.00,45.00,82.00,1,1,-1,-1
3,35,695.00,251.00,21.00,42.00,1,10,-1,-1
3,34,611.00,275.00,28.00,50.00,1,1,-1,-1
3,33,1099.00,463.00,52.00,74.00,1,2,-1,-1
3,32,766.00,114.00,36.00,45.00,1,8,-1,-1
3,31,1119.00,451.00,30.00,52.00,1,2,-1,-1
3,30,1085.00,456.00,41.00,71.00,1,2,-1,-1
3,29,1083.00,455.00,68.00,97.00,1,2,-1,-1
3,24,1074.92,477.04,82.15,104.92,1,10,-1,-1
3,23,683.12,216.75,23.76,49.49,1,10,-1,-1
3,22,594.00,226.00,58.00,46.00,1,10,-1,-1
3,19,583.91,299.62,23.30,47.63,1,1,-1,-1
3,17,409.97,243.06,19.06,41.88,1,1,-1,-1
3,11,735.86,195.17,26.28,42.53,1,2,-1,-1
3,10,732.77,208.17,31.35,41.53,1,10,-1,-1
3,8,574.00,223.00,34.00,57.00,1,1,-1,-1
3,7,550.00,239.00,23.00,58.00,1,1,-1,-1
3,5,405.39,264.50,21.17,46.36,1,1,-1,-1
4,19,585.99,289.16,21.11,45.17,1,1,-1,-1
4,11,738.80,196.44,26.40,43.34,1,2,-1,-1
4,10,734.95,209.47,32.16,43.12,1,10,-1,-1
4,8,573.94,224.16,34.12,57.52,1,1,-1,-1
4,7,550.81,240.16,23.08,58.52,1,1,-1,-1
5,24,1077.68,475.11,82.04,104.94,1,10,-1,-1
5,23,685.19,221.72,24.51,49.78,1,10,-1,-1
5,22,606.45,228.58,63.46,50.78,1,10,-1,-1
5,19,585.68,298.13,22.15,47.04,1,1,-1,-1
5,7,558.62,254.41,18.03,46.29,1,1,-1,-1
6,30,1090.23,459.78,32.30,56.13,1,2,-1,-1
6,29,1102.44,455.41,72.39,103.41,1,2,-1,-1
6,23,686.19,224.35,24.71,49.33,1,10,-1,-1
6,19,585.44,302.40,22.66,47.88,1,1,-1,-1
7,41,409.89,247.86,18.91,41.57,1,1,-1,-1
8,51,793.03,125.95,30.84,39.33,1,8,-1,-1
8,44,406.72,229.91,23.32,50.77,1,1,-1,-1
8,11,750.72,202.65,27.63,47.74,1,2,-1,-1
9,51,798.63,124.64,37.67,48.22,1,8,-1,-1
9,44,409.90,228.84,18.54,41.06,1,1,-1,-1
9,24,1087.35,449.86,56.45,81.66,1,10,-1,-1
9,11,750.49,213.07,29.98,50.13,1,2,-1,-1
10,24,1089.75,451.37,47.81,72.51,1,10,-1,-1
10,11,752.73,218.45,31.37,51.00,1,2,-1,-1
11,24,1092.55,453.71,42.14,66.18,1,10,-1,-1
11,11,757.03,220.27,30.08,47.99,1,2,-1,-1
12,75,625.71,242.19,55.88,74.00,1,1,-1,-1
12,24,1095.71,455.77,38.47,61.98,1,10,-1,-1
13,95,1089.49,461.25,90.32,118.13,1,10,-1,-1
13,82,554.96,249.32,22.27,61.43,1,1,-1,-1
13,8,575.19,232.85,32.45,62.11,1,1,-1,-1
14,95,1090.98,450.05,80.43,107.88,1,10,-1,-1
14,89,353.00,278.20,28.98,55.47,1,1,-1,-1
14,58,581.72,287.05,28.55,77.86,1,1,-1,-1
14,8,576.01,233.90,32.99,62.27,1,1,-1,-1
15,105,1084.21,472.17,80.42,108.25,1,2,-1,-1
15,89,351.93,279.96,29.02,55.69,1,1,-1,-1
15,58,585.29,288.97,24.14,66.40,1,1,-1,-1
15,11,769.35,235.05,31.04,47.34,1,2,-1,-1
15,8,576.23,234.90,33.35,62.35,1,1,-1,-1
16,113,686.94,179.03,23.11,52.84,1,1,-1,-1
16,89,350.92,281.16,29.03,55.82,1,1,-1,-1
16,74,607.20,238.91,54.75,45.18,1,10,-1,-1
16,11,770.52,238.41,32.24,48.66,1,2,-1,-1
16,8,576.24,236.06,33.62,62.70,1,1,-1,-1
17,113,687.95,179.97,23.10,52.95,1,1,-1,-1
17,89,342.96,265.78,33.75,65.36,1,1,-1,-1
18,95,1099.57,453.11,69.02,94.38,1,10,-1,-1
18,89,345.61,276.49,32.26,62.73,1,1,-1,-1
19,105,1087.24,470.69,80.58,107.12,1,2,-1,-1
19,95,1083.29,454.39,75.56,104.34,1,10,-1,-1
19,89,346.03,281.53,30.91,60.84,1,1,-1,-1
20,105,1088.12,470.49,80.04,106.50,1,2,-1,-1
20,95,1093.28,448.82,72.80,101.41,1,10,-1,-1
20,89,345.78,284.99,29.99,59.57,1,1,-1,-1
20,11,778.36,250.46,36.22,53.15,1,2,-1,-1
21,156,598.14,302.76,74.94,57.32,1,10,-1,-1
21,105,1075.15,448.08,83.96,113.56,1,2,-1,-1
21,95,1098.07,446.55,70.94,99.46,1,10,-1,-1
21,89,343.87,287.08,29.36,58.70,1,1,-1,-1
21,82,556.42,258.40,22.11,64.30,1,1,-1,-1
21,11,781.85,243.21,36.39,56.30,1,2,-1,-1
22,156,584.26,300.21,86.89,66.43,1,10,-1,-1
22,128,396.91,239.23,24.23,57.55,1,1,-1,-1
22,90,401.55,255.60,19.06,43.41,1,1,-1,-1
22,89,341.97,289.27,28.92,58.10,1,1,-1,-1
22,11,783.87,242.09,35.54,58.62,1,2,-1,-1
23,177,689.09,184.19,23.72,55.37,1,1,-1,-1
23,176,497.96,180.96,14.00,34.00,1,1,-1,-1
23,166,577.62,242.99,33.62,65.08,1,1,-1,-1
23,156,590.30,304.81,83.37,63.46,1,10,-1,-1
23,128,396.98,221.37,25.40,59.18,1,1,-1,-1
23,89,339.38,291.45,28.61,57.69,1,1,-1,-1
23,74,609.83,253.08,50.37,41.63,1,10,-1,-1
23,11,797.09,249.00,35.65,56.43,1,2,-1,-1
24,178,624.91,255.66,46.08,70.24,1,10,-1,-1
24,177,689.07,185.02,23.95,55.90,1,1,-1,-1
24,176,498.19,181.97,14.00,34.00,1,1,-1,-1
24,166,577.81,244.21,33.45,65.39,1,1,-1,-1
24,156,592.34,308.05,81.65,61.75,1,10,-1,-1
24,74,610.00,251.99,52.82,43.67,1,10,-1,-1
25,177,689.62,186.09,23.63,55.82,1,1,-1,-1
25,176,498.96,182.97,14.00,34.00,1,1,-1,-1
25,166,577.89,245.22,33.34,65.59,1,1,-1,-1
25,74,609.72,251.90,54.42,45.00,1,10,-1,-1
26,176,499.87,183.43,14.05,34.39,1,1,-1,-1
26,90,391.34,243.17,23.53,56.60,1,1,-1,-1
26,74,609.35,252.27,55.51,45.91,1,10,-1,-1
27,90,387.58,245.72,26.78,65.87,1,1,-1,-1
27,74,609.03,253.54,56.27,46.55,1,10,-1,-1
27,11,797.77,256.55,35.55,63.32,1,2,-1,-1
28,210,1112.06,481.27,71.07,98.58,1,2,-1,-1
28,74,608.77,254.53,56.80,46.99,1,10,-1,-1
28,11,801.70,258.69,36.62,65.84,1,2,-1,-1
29,233,568.57,315.55,29.53,93.94,1,1,-1,-1
29,223,324.79,302.12,27.42,58.71,1,1,-1,-1
29,208,613.58,287.01,68.42,84.48,1,10,-1,-1
29,207,595.91,319.71,74.69,66.30,1,1,-1,-1
29,74,608.58,255.44,57.17,47.31,1,10,-1,-1
29,11,806.65,274.39,39.08,67.54,1,2,-1,-1
30,235,721.49,290.74,24.42,44.97,1,10,-1,-1
30,233,571.69,319.07,29.59,96.92,1,1,-1,-1
30,207,568.01,326.13,82.59,68.59,1,1,-1,-1
30,11,810.10,271.39,37.99,69.56,1,2,-1,-1
31,235,724.09,297.45,23.27,43.16,1,10,-1,-1
31,233,572.12,321.66,29.49,99.07,1,1,-1,-1
31,82,551.03,268.81,22.37,68.25,1,1,-1,-1
31,11,814.12,272.99,37.17,71.12,1,2,-1,-1
32,238,1116.74,448.89,41.00,71.00,1,2,-1,-1
32,235,726.25,302.57,23.48,43.77,1,10,-1,-1
32,224,379.45,247.65,23.08,59.97,1,1,-1,-1
32,82,549.68,271.94,22.59,68.32,1,1,-1,-1
32,11,818.50,276.44,36.84,72.35,1,2,-1,-1
33,238,1118.86,448.81,41.40,71.19,1,2,-1,-1
33,235,727.53,307.49,24.25,45.16,1,10,-1,-1
33,208,620.46,303.64,51.92,83.94,1,10,-1,-1
33,82,548.48,274.55,22.76,68.66,1,1,-1,-1
34,244,699.70,204.97,19.87,47.90,1,1,-1,-1
34,238,1123.17,441.82,39.86,68.44,1,2,-1,-1
34,208,626.76,299.48,48.67,81.90,1,10,-1,-1
34,82,547.54,276.89,23.17,69.25,1,1,-1,-1
35,280,1108.95,444.49,86.27,122.32,1,10,-1,-1
35,238,1125.36,446.59,40.61,69.44,1,2,-1,-1
35,233,570.15,329.59,32.24,101.53,1,1,-1,-1
35,208,630.21,299.56,46.52,80.87,1,10,-1,-1
35,82,549.09,266.22,23.48,70.24,1,1,-1,-1
36,280,1116.12,438.97,78.15,111.20,1,10,-1,-1
36,238,1128.01,448.26,41.10,70.05,1,2,-1,-1
36,208,629.89,321.57,45.48,81.51,1,10,-1,-1
36,82,546.56,276.14,23.98,70.71,1,1,-1,-1
36,11,834.51,293.65,35.79,72.09,1,2,-1,-1
37,295,732.83,328.83,27.94,51.35,1,10,-1,-1
37,280,1120.53,439.70,73.71,105.14,1,10,-1,-1
37,279,724.76,311.23,38.86,68.00,1,10,-1,-1
37,238,1130.35,448.76,41.76,70.56,1,2,-1,-1
37,82,544.87,281.28,24.34,71.32,1,1,-1,-1
37,11,839.51,300.00,35.48,72.17,1,2,-1,-1
38,311,1115.17,467.13,78.13,109.92,1,10,-1,-1
38,307,384.21,274.15,15.05,33.56,1,1,-1,-1
38,295,734.13,330.28,29.74,55.24,1,10,-1,-1
38,280,1139.96,439.54,65.15,93.29,1,10,-1,-1
38,279,727.07,310.38,39.35,70.19,1,10,-1,-1
38,238,1126.15,454.37,48.61,78.62,1,2,-1,-1
39,316,292.88,328.05,31.14,66.90,1,1,-1,-1
39,311,1118.41,468.00,78.05,109.77,1,10,-1,-1
39,295,735.77,333.92,30.71,57.70,1,10,-1,-1
39,280,1147.65,425.09,72.47,103.91,1,10,-1,-1
39,279,728.75,331.75,41.88,72.96,1,10,-1,-1
39,238,1129.59,451.13,56.97,88.96,1,2,-1,-1
40,327,537.78,195.03,26.22,30.84,1,2,-1,-1
40,311,1119.10,482.75,99.95,136.95,1,10,-1,-1
40,295,737.58,338.38,31.25,59.47,1,10,-1,-1
40,279,724.49,341.21,44.17,75.06,1,10,-1,-1
40,238,1131.04,449.51,62.29,94.88,1,2,-1,-1
41,340,563.61,264.43,66.60,82.97,1,1,-1,-1
41,334,872.75,351.74,75.88,110.94,1,10,-1,-1
41,295,737.01,340.70,35.81,68.59,1,10,-1,-1
41,279,714.38,336.55,53.18,91.64,1,10,-1,-1
41,238,1134.23,443.02,54.84,85.64,1,2,-1,-1
41,11,862.03,326.91,36.62,79.86,1,2,-1,-1
42,355,872.85,339.23,52.66,106.81,1,2,-1,-1
42,346,506.92,188.84,11.84,31.45,1,1,-1,-1
42,340,566.56,271.24,55.94,78.11,1,1,-1,-1
42,334,872.51,368.82,71.34,104.76,1,10,-1,-1
42,295,741.04,349.41,35.68,68.02,1,10,-1,-1
42,238,1134.60,433.58,65.39,100.05,1,2,-1,-1
42,74,590.28,267.57,70.57,51.68,1,10,-1,-1
42,11,866.40,338.46,37.59,82.74,1,2,-1,-1
43,355,881.23,349.11,55.28,109.42,1,2,-1,-1
43,346,508.80,190.22,12.15,32.12,1,1,-1,-1
43,238,1131.64,444.54,72.09,106.74,1,2,-1,-1
44,371,1130.43,473.11,84.15,112.92,1,10,-1,-1
44,369,564.15,365.57,35.43,116.58,1,1,-1,-1
44,367,702.73,137.28,19.44,34.29,1,10,-1,-1
44,364,632.47,352.66,52.03,79.69,1,10,-1,-1
44,355,890.74,360.23,55.53,111.40,1,2,-1,-1
44,327,532.92,194.60,30.26,35.11,1,2,-1,-1
44,238,1137.44,446.71,73.09,106.62,1,2,-1,-1
45,373,829.09,131.19,35.67,45.77,1,8,-1,-1
45,371,1132.42,475.02,85.10,113.97,1,10,-1,-1
45,367,702.91,137.55,19.33,34.53,1,10,-1,-1
45,355,898.78,371.91,56.52,114.98,1,2,-1,-1
45,327,533.57,197.06,29.20,33.78,1,2,-1,-1
45,238,1148.58,427.25,70.50,107.01,1,2,-1,-1
46,380,268.09,350.05,34.94,74.00,1,1,-1,-1
46,373,837.80,133.66,36.08,46.53,1,8,-1,-1
46,371,1132.40,477.26,86.28,115.20,1,10,-1,-1
46,367,703.71,138.27,19.25,34.69,1,10,-1,-1
46,355,910.06,380.59,58.64,119.84,1,2,-1,-1
46,345,358.13,290.36,20.29,51.00,1,1,-1,-1
46,327,533.81,198.82,28.17,32.86,1,2,-1,-1
47,380,264.82,353.08,35.27,74.97,1,1,-1,-1
47,371,1136.96,478.44,85.80,114.51,1,10,-1,-1
47,355,922.55,404.35,76.72,137.52,1,2,-1,-1
47,345,352.18,280.80,23.13,57.78,1,1,-1,-1
48,380,261.12,356.00,35.88,76.12,1,1,-1,-1
48,369,561.64,390.64,36.50,120.76,1,1,-1,-1
48,364,637.23,350.61,46.14,86.64,1,10,-1,-1
48,355,931.48,407.59,72.36,132.00,1,2,-1,-1
48,345,348.52,278.02,24.71,61.48,1,1,-1,-1
48,334,934.66,454.64,73.38,102.41,1,10,-1,-1
48,295,761.28,407.47,38.41,72.10,1,10,-1,-1
48,288,757.44,382.88,53.66,95.03,1,2,-1,-1
49,382,637.67,366.88,97.40,77.54,1,10,-1,-1
49,380,257.85,359.57,36.19,76.66,1,1,-1,-1
49,355,946.18,406.09,73.25,140.19,1,2,-1,-1
49,334,944.87,441.97,69.18,106.07,1,10,-1,-1
49,295,767.89,423.79,40.27,73.12,1,10,-1,-1
49,288,760.51,393.13,55.37,97.51,1,2,-1,-1
49,74,598.25,286.14,79.26,57.08,1,10,-1,-1
50,398,1156.71,459.39,57.98,92.89,1,2,-1,-1
50,373,835.33,134.14,36.63,47.03,1,8,-1,-1
50,355,958.50,458.43,75.71,134.66,1,2,-1,-1
50,334,958.09,446.82,65.99,109.99,1,10,-1,-1
50,295,772.78,436.44,41.88,74.41,1,10,-1,-1
50,288,759.52,410.05,60.07,105.29,1,2,-1,-1
50,74,598.45,289.10,79.18,56.97,1,10,-1,-1
51,398,1163.30,460.07,52.15,85.16,1,2,-1,-1
51,355,969.19,491.19,81.53,133.72,1,2,-1,-1
51,334,960.52,426.55,73.74,129.14,1,10,-1,-1
51,288,764.81,416.36,60.13,105.78,1,2,-1,-1
51,82,530.22,314.21,31.64,84.32,1,1,-1,-1
51,74,573.96,288.25,92.34,66.62,1,10,-1,-1
52,408,569.83,472.32,39.17,76.77,1,1,-1,-1
52,398,1168.44,462.53,48.41,79.81,1,2,-1,-1
52,364,638.90,363.52,47.03,96.63,1,10,-1,-1
52,355,979.20,516.40,89.39,135.39,1,2,-1,-1
52,334,982.66,461.41,71.11,131.30,1,10,-1,-1
52,288,771.64,427.39,60.78,107.05,1,2,-1,-1
52,82,529.32,318.00,32.17,84.62,1,1,-1,-1
52,74,587.07,292.15,89.13,64.30,1,10,-1,-1
53,408,569.10,480.72,39.87,78.32,1,1,-1,-1
53,398,1172.62,465.55,45.61,76.20,1,2,-1,-1
53,382,621.67,393.17,93.43,76.40,1,10,-1,-1
53,288,770.22,453.48,54.37,95.81,1,2,-1,-1
53,82,526.84,313.99,34.76,90.89,1,1,-1,-1
53,74,592.68,296.12,86.71,62.86,1,10,-1,-1
54,449,710.95,145.17,19.10,37.52,1,10,-1,-1
54,408,560.73,483.83,44.02,86.90,1,1,-1,-1
54,398,1164.82,464.53,45.36,76.28,1,2,-1,-1
54,382,621.85,397.97,93.59,77.25,1,10,-1,-1
54,295,787.62,481.38,49.50,85.50,1,10,-1,-1
54,288,785.65,477.43,51.21,90.24,1,2,-1,-1
54,238,1158.37,484.50,91.46,119.57,1,2,-1,-1
54,74,595.24,299.77,84.93,61.77,1,10,-1,-1
55,449,711.94,146.15,19.12,37.76,1,10,-1,-1
55,439,1026.53,524.76,45.36,87.27,1,2,-1,-1
55,398,1174.94,468.58,43.99,74.08,1,2,-1,-1
55,382,622.06,402.91,94.00,78.16,1,10,-1,-1
55,380,236.93,378.03,39.04,82.03,1,1,-1,-1
55,295,789.95,500.61,44.42,79.41,1,10,-1,-1
55,74,597.18,303.89,83.60,60.96,1,10,-1,-1
56,466,332.00,290.00,28.00,66.00,1,1,-1,-1
56,450,1175.15,462.91,78.81,109.73,1,2,-1,-1
56,449,713.65,147.27,19.19,38.31,1,10,-1,-1
56,382,622.38,408.07,94.94,79.44,1,10,-1,-1
56,380,233.24,381.03,39.65,83.02,1,1,-1,-1
56,364,640.41,377.45,48.74,104.83,1,10,-1,-1
56,355,1050.47,574.14,108.05,149.93,1,2,-1,-1
56,74,598.15,307.48,82.63,60.36,1,10,-1,-1
57,466,330.13,291.19,28.53,66.85,1,1,-1,-1
57,450,1178.18,464.26,78.97,110.31,1,2,-1,-1
57,449,714.88,148.23,19.20,38.63,1,10,-1,-1
57,380,230.08,384.68,40.38,84.04,1,1,-1,-1
57,364,640.69,383.43,49.44,107.46,1,10,-1,-1
57,355,1064.28,593.08,122.23,150.57,1,2,-1,-1
57,82,522.74,337.57,36.14,89.31,1,1,-1,-1
57,74,598.67,311.01,81.90,60.19,1,10,-1,-1
58,466,328.11,292.89,28.80,67.21,1,1,-1,-1
58,450,1181.27,466.07,78.93,110.50,1,2,-1,-1
58,449,717.96,138.30,18.69,37.54,1,10,-1,-1
58,408,566.07,521.88,43.34,87.25,1,1,-1,-1
58,380,225.10,388.56,41.19,85.08,1,1,-1,-1
58,355,1092.89,610.31,116.50,149.78,1,2,-1,-1
58,327,522.14,205.48,26.32,33.93,1,2,-1,-1
58,82,521.38,341.57,36.55,89.93,1,1,-1,-1
59,465,589.55,459.92,110.99,90.64,1,10,-1,-1
59,450,1184.55,468.02,79.15,110.58,1,2,-1,-1
59,449,717.78,146.41,18.90,38.44,1,10,-1,-1
59,408,565.70,532.41,43.61,87.91,1,1,-1,-1
59,327,520.53,204.81,25.75,35.01,1,2,-1,-1
60,465,588.40,466.79,114.14,92.99,1,10,-1,-1
60,450,1187.00,470.75,79.21,110.50,1,2,-1,-1
60,449,718.31,149.95,19.01,39.03,1,10,-1,-1
60,408,565.52,543.58,43.81,88.95,1,1,-1,-1
60,382,623.46,425.04,99.98,85.33,1,10,-1,-1
60,327,521.21,205.28,24.98,35.24,1,2,-1,-1
60,288,817.40,571.06,79.56,126.18,1,2,-1,-1
61,514,844.39,626.53,91.39,133.90,1,10,-1,-1
61,509,424.69,219.34,26.13,53.13,1,1,-1,-1
61,465,591.49,475.37,123.27,100.02,1,10,-1,-1
61,450,1189.33,473.73,79.52,110.42,1,2,-1,-1
61,449,719.12,151.80,19.07,39.42,1,10,-1,-1
61,382,627.91,428.72,88.28,91.25,1,10,-1,-1
61,288,830.93,594.76,83.48,128.26,1,2,-1,-1
62,514,849.04,628.11,92.38,131.14,1,10,-1,-1
62,509,424.57,215.77,25.64,53.63,1,1,-1,-1
62,466,317.65,302.36,30.63,69.07,1,1,-1,-1
62,465,586.67,480.88,124.26,100.49,1,10,-1,-1
62,382,636.93,432.23,82.25,100.01,1,10,-1,-1
62,82,514.86,369.85,37.84,92.94,1,1,-1,-1
63,543,1184.08,504.78,98.72,118.43,1,10,-1,-1
63,542,722.16,247.83,31.67,80.33,1,1,-1,-1
63,514,826.53,636.84,113.53,143.94,1,10,-1,-1
63,509,428.08,224.05,30.85,59.03,1,1,-1,-1
63,500,547.17,512.41,48.24,141.12,1,1,-1,-1
63,82,514.07,370.41,38.36,94.81,1,1,-1,-1
64,556,575.66,323.17,86.43,104.37,1,1,-1,-1
64,544,1169.23,491.23,70.77,107.98,1,2,-1,-1
64,543,1194.89,508.55,114.55,136.98,1,10,-1,-1
65,567,685.86,136.02,19.16,26.71,1,10,-1,-1
65,566,418.78,214.25,23.59,53.39,1,1,-1,-1
65,544,1192.23,488.72,77.16,113.63,1,2,-1,-1
65,543,1186.28,520.76,124.30,148.34,1,10,-1,-1
65,450,1197.80,461.52,60.77,101.04,1,2,-1,-1
66,583,403.19,231.18,27.57,50.88,1,1,-1,-1
66,408,572.90,609.85,42.93,98.31,1,1,-1,-1
67,585,159.56,430.45,47.44,86.29,1,1,-1,-1
67,583,401.48,233.13,28.02,50.96,1,1,-1,-1
67,542,726.84,245.73,38.51,95.14,1,1,-1,-1
67,474,855.33,145.59,39.36,51.11,1,8,-1,-1
68,592,622.90,488.45,112.16,100.20,1,10,-1,-1
68,583,404.99,241.81,23.92,44.96,1,1,-1,-1
68,568,690.35,129.90,16.41,30.21,1,2,-1,-1
68,74,600.19,357.59,89.18,64.15,1,10,-1,-1
69,593,633.85,487.57,98.04,118.06,1,1,-1,-1
69,592,622.80,497.17,113.59,101.79,1,10,-1,-1
69,552,1219.64,522.31,96.28,127.80,1,10,-1,-1
69,74,599.64,362.06,90.88,64.93,1,10,-1,-1
70,606,729.06,165.68,19.94,40.70,1,10,-1,-1
70,593,628.65,517.25,115.20,126.04,1,1,-1,-1
70,592,622.82,506.13,115.31,103.60,1,10,-1,-1
70,552,1209.44,523.49,100.79,128.85,1,10,-1,-1
70,509,427.39,235.98,24.40,43.96,1,1,-1,-1
70,466,291.37,329.49,35.30,75.87,1,1,-1,-1
70,74,601.69,350.31,100.70,71.61,1,10,-1,-1
71,615,692.90,203.14,22.08,59.80,1,1,-1,-1
71,606,730.04,167.66,19.96,40.49,1,10,-1,-1
71,567,690.62,139.69,19.59,30.82,1,10,-1,-1
71,552,1206.92,525.96,104.12,129.67,1,10,-1,-1
71,541,297.46,364.10,21.15,62.13,1,1,-1,-1
71,466,287.75,333.45,36.08,76.84,1,1,-1,-1
71,74,598.75,364.50,100.06,70.59,1,10,-1,-1
72,631,1230.27,516.83,49.94,88.68,1,2,-1,-1
72,606,731.76,169.71,19.98,40.35,1,10,-1,-1
72,552,1208.97,543.45,92.97,113.32,1,10,-1,-1
72,544,1198.82,500.95,114.86,151.48,1,2,-1,-1
72,541,293.61,368.77,21.50,61.80,1,1,-1,-1
72,466,284.39,337.50,36.62,77.77,1,1,-1,-1
73,631,1240.81,529.35,49.92,81.30,1,2,-1,-1
73,544,1196.92,524.67,128.25,162.81,1,2,-1,-1
73,541,290.24,373.75,21.73,61.55,1,1,-1,-1
74,661,519.14,228.01,21.68,36.89,1,1,-1,-1
74,631,1238.91,528.97,50.14,86.24,1,2,-1,-1
74,593,626.54,543.70,126.07,137.47,1,1,-1,-1
74,592,647.01,532.67,81.40,123.53,1,10,-1,-1
74,509,421.23,244.54,24.64,42.27,1,1,-1,-1
75,661,520.20,233.82,26.37,37.10,1,1,-1,-1
75,631,1237.83,527.70,65.65,104.38,1,2,-1,-1
75,628,497.89,438.82,47.07,118.60,1,1,-1,-1
75,593,627.44,554.86,129.36,134.99,1,1,-1,-1
75,567,695.35,135.89,17.15,30.83,1,10,-1,-1
75,509,423.09,243.88,27.67,52.14,1,1,-1,-1
75,74,597.86,395.01,103.93,71.32,1,10,-1,-1
76,661,512.91,242.45,30.49,38.04,1,1,-1,-1
76,631,1240.41,530.08,60.80,102.43,1,2,-1,-1
76,567,696.02,136.69,17.15,30.95,1,10,-1,-1
76,552,1237.76,522.03,88.94,123.46,1,10,-1,-1
76,509,419.24,246.55,26.80,49.21,1,1,-1,-1
76,466,269.79,365.40,35.71,73.80,1,1,-1,-1
76,74,597.57,402.16,105.77,72.09,1,10,-1,-1
77,693,566.23,399.00,69.40,140.02,1,1,-1,-1
77,680,700.06,107.06,13.00,30.00,1,10,-1,-1
77,661,516.09,241.54,32.01,37.00,1,1,-1,-1
77,631,1244.70,534.05,57.54,101.78,1,2,-1,-1
77,567,696.90,137.63,17.14,31.03,1,10,-1,-1
77,552,1237.29,538.37,86.18,118.39,1,10,-1,-1
77,509,416.82,249.28,26.44,47.14,1,1,-1,-1
77,474,866.85,151.95,41.89,53.94,1,8,-1,-1
77,466,258.36,369.66,35.95,73.91,1,1,-1,-1
77,74,597.50,408.86,107.67,73.20,1,10,-1,-1
78,701,386.34,255.65,27.24,53.94,1,1,-1,-1
78,661,516.45,242.02,33.41,36.71,1,1,-1,-1
78,631,1248.89,538.17,55.63,101.84,1,2,-1,-1
78,592,641.78,583.42,68.48,118.30,1,10,-1,-1
78,552,1239.32,517.35,82.38,124.15,1,10,-1,-1
78,509,411.52,243.00,25.95,50.34,1,1,-1,-1
78,474,868.03,152.87,42.02,54.09,1,8,-1,-1
78,74,597.50,415.80,109.59,74.29,1,10,-1,-1
79,701,383.09,254.34,29.45,57.59,1,1,-1,-1
79,689,669.95,228.87,46.94,65.52,1,7,-1,-1
79,661,514.42,239.69,29.28,36.51,1,1,-1,-1
79,631,1253.32,542.49,54.32,102.53,1,2,-1,-1
79,593,632.47,629.24,144.24,127.52,1,1,-1,-1
79,552,1243.69,548.96,87.26,126.51,1,10,-1,-1
79,74,597.72,422.82,111.81,75.36,1,10,-1,-1
80,704,743.53,176.94,22.61,40.61,1,10,-1,-1
80,702,699.37,221.68,24.50,62.69,1,1,-1,-1
80,701,381.13,255.56,30.09,59.22,1,1,-1,-1
80,689,670.28,231.48,47.53,65.77,1,7,-1,-1
80,661,513.65,240.02,26.46,36.57,1,1,-1,-1
80,631,1260.94,538.96,53.01,102.64,1,2,-1,-1
80,593,615.03,616.55,170.05,139.95,1,1,-1,-1
80,552,1251.05,545.60,87.27,123.90,1,10,-1,-1
80,74,597.77,430.52,113.97,76.41,1,10,-1,-1
81,741,384.37,270.85,20.28,39.61,1,1,-1,-1
81,736,712.81,201.33,28.30,61.34,1,1,-1,-1
81,704,744.99,178.12,23.12,40.30,1,10,-1,-1
81,702,700.12,223.71,24.75,62.77,1,1,-1,-1
81,701,379.31,257.19,30.73,60.17,1,1,-1,-1
81,661,515.46,245.30,29.99,36.85,1,1,-1,-1
81,631,1263.09,546.23,51.68,101.76,1,2,-1,-1
81,593,630.59,622.04,143.91,134.35,1,1,-1,-1
81,567,700.00,141.68,16.95,31.12,1,10,-1,-1
81,552,1256.37,548.37,85.22,122.50,1,10,-1,-1
81,74,597.77,438.49,116.10,77.45,1,10,-1,-1
82,742,699.86,149.74,18.22,35.42,1,10,-1,-1
82,736,714.78,203.41,28.37,62.18,1,1,-1,-1
82,702,700.99,225.88,24.94,63.14,1,1,-1,-1
82,701,380.70,267.22,28.51,55.50,1,1,-1,-1
82,661,515.59,248.57,32.43,36.87,1,1,-1,-1
82,567,700.75,142.72,16.69,31.09,1,10,-1,-1
82,552,1260.38,552.22,83.45,121.45,1,10,-1,-1
83,755,248.02,385.86,44.03,86.39,1,1,-1,-1
83,743,702.06,100.06,17.00,21.00,1,10,-1,-1
83,742,700.13,151.73,17.86,34.42,1,10,-1,-1
83,702,701.93,227.90,25.05,63.34,1,1,-1,-1
83,701,377.61,265.05,29.57,57.73,1,1,-1,-1
83,661,514.76,251.06,34.44,36.82,1,1,-1,-1
83,567,701.71,143.75,16.50,31.07,1,10,-1,-1
84,771,876.51,158.79,45.35,59.27,1,8,-1,-1
84,755,245.08,390.67,44.71,87.34,1,1,-1,-1
84,743,702.05,100.81,17.00,21.00,1,10,-1,-1
84,702,708.90,224.38,24.65,61.54,1,1,-1,-1
84,701,375.60,265.35,29.84,58.90,1,1,-1,-1
84,661,514.28,253.41,36.18,37.09,1,1,-1,-1
85,774,562.10,429.14,162.57,107.37,1,10,-1,-1
85,771,877.53,159.62,46.17,60.18,1,8,-1,-1
85,755,239.74,395.90,45.18,88.56,1,1,-1,-1
85,701,375.52,275.29,28.10,55.02,1,1,-1,-1
85,661,513.53,253.76,37.30,38.76,1,1,-1,-1
86,774,576.88,457.88,149.67,99.70,1,10,-1,-1
86,771,879.15,160.63,46.00,60.24,1,8,-1,-1
86,755,233.92,401.63,45.84,89.81,1,1,-1,-1
86,701,374.53,281.58,26.85,52.26,1,1,-1,-1
86,661,511.69,256.65,37.54,38.31,1,1,-1,-1
87,774,583.22,475.26,142.75,95.83,1,10,-1,-1
87,771,881.15,161.84,45.83,60.51,1,8,-1,-1
87,755,227.94,407.52,46.61,91.03,1,1,-1,-1
87,742,704.65,148.30,16.38,30.90,1,10,-1,-1
87,701,371.28,276.62,28.27,55.68,1,1,-1,-1
87,661,510.30,259.06,37.70,37.97,1,1,-1,-1
88,810,751.67,174.38,33.11,53.24,1,10,-1,-1
88,805,387.04,251.68,23.92,60.48,1,1,-1,-1
88,774,586.57,488.34,139.47,94.60,1,10,-1,-1
88,743,702.70,102.04,17.00,21.00,1,10,-1,-1
88,742,705.31,148.36,16.39,30.91,1,10,-1,-1
88,702,704.47,232.99,29.40,71.87,1,1,-1,-1
88,701,368.14,276.12,29.48,58.05,1,1,-1,-1
89,810,753.45,173.68,29.09,44.69,1,10,-1,-1
89,805,385.01,254.07,23.97,60.69,1,1,-1,-1
89,743,702.36,105.44,15.47,19.09,1,10,-1,-1
89,742,706.19,149.06,16.41,30.93,1,10,-1,-1
89,702,711.10,235.63,31.02,66.87,1,1,-1,-1
89,701,355.55,276.51,31.74,62.26,1,1,-1,-1
90,805,382.56,258.95,28.58,64.10,1,1,-1,-1
90,742,707.15,149.98,16.44,30.97,1,10,-1,-1
90,701,358.04,278.89,32.14,62.55,1,1,-1,-1
91,771,887.84,167.13,46.13,61.06,1,8,-1,-1
91,755,191.34,444.64,55.61,109.78,1,1,-1,-1
91,742,707.96,151.04,16.15,30.90,1,10,-1,-1
91,701,357.03,281.18,32.42,63.02,1,1,-1,-1
91,661,507.83,267.94,39.25,38.96,1,1,-1,-1
92,853,672.55,249.02,64.05,87.59,1,10,-1,-1
92,849,793.67,394.43,50.62,117.98,1,1,-1,-1
92,788,202.79,487.31,28.28,70.71,1,1,-1,-1
92,771,887.52,170.93,47.14,62.89,1,8,-1,-1
92,742,708.84,159.42,16.82,30.13,1,10,-1,-1
92,701,355.34,287.29,31.35,61.12,1,1,-1,-1
92,661,503.20,254.83,44.45,43.97,1,1,-1,-1
93,857,709.91,165.69,17.88,27.48,1,10,-1,-1
93,853,680.02,251.07,74.94,100.61,1,10,-1,-1
93,788,195.26,512.64,25.37,62.69,1,1,-1,-1
93,771,890.30,170.59,46.95,62.33,1,8,-1,-1
93,742,709.30,155.99,16.77,30.43,1,10,-1,-1
93,702,720.21,251.67,33.73,60.33,1,1,-1,-1
93,701,345.49,294.16,32.47,62.96,1,1,-1,-1
93,661,502.37,257.54,36.74,43.49,1,1,-1,-1
94,838,352.70,295.78,29.94,56.62,1,1,-1,-1
94,805,374.59,264.99,25.98,61.41,1,1,-1,-1
94,771,892.65,171.33,46.81,62.22,1,8,-1,-1
94,742,710.11,155.26,16.74,30.67,1,10,-1,-1
94,702,722.01,255.91,33.97,59.64,1,1,-1,-1
95,888,676.39,264.03,53.62,76.14,1,1,-1,-1
95,838,347.86,293.88,32.71,61.77,1,1,-1,-1
95,805,372.20,267.44,26.01,61.07,1,1,-1,-1
95,771,885.10,173.15,54.94,73.53,1,8,-1,-1
95,742,711.05,155.58,16.72,30.86,1,10,-1,-1
95,702,723.90,259.99,34.12,58.84,1,1,-1,-1
96,889,526.69,636.99,93.12,117.30,1,1,-1,-1
96,888,676.19,267.52,54.57,75.58,1,1,-1,-1
96,805,370.05,269.66,26.04,60.83,1,1,-1,-1
96,771,887.08,169.02,56.15,75.43,1,8,-1,-1
96,742,711.38,156.30,16.71,31.00,1,10,-1,-1
97,889,528.18,634.01,83.34,97.42,1,1,-1,-1
97,853,701.27,264.69,43.61,70.44,1,10,-1,-1
97,771,892.97,170.43,53.51,72.05,1,8,-1,-1
97,661,500.00,278.15,39.80,41.43,1,1,-1,-1
98,907,505.34,270.82,19.22,37.13,1,1,-1,-1
98,878,779.21,230.01,34.70,60.22,1,10,-1,-1
98,853,704.24,268.62,39.37,68.10,1,10,-1,-1
98,774,587.05,602.39,159.13,114.19,1,10,-1,-1
98,661,497.66,265.49,44.16,45.70,1,1,-1,-1
99,878,787.01,242.02,38.10,66.00,1,10,-1,-1
99,853,705.96,272.37,37.01,67.17,1,10,-1,-1
99,774,587.14,615.37,162.69,116.43,1,10,-1,-1
99,661,500.44,275.43,45.06,46.47,1,1,-1,-1
100,888,680.59,278.49,58.73,81.14,1,1,-1,-1
100,853,709.67,282.17,33.80,63.19,1,10,-1,-1
100,805,362.09,278.80,26.82,60.61,1,1,-1,-1
100,661,502.89,284.19,43.94,45.82,1,1,-1,-1
101,939,786.25,232.49,30.85,46.93,1,2,-1,-1
101,938,730.86,252.67,33.34,75.15,1,1,-1,-1
101,888,680.34,285.32,57.93,80.61,1,1,-1,-1
101,771,903.45,178.08,49.14,66.82,1,8,-1,-1
101,661,503.70,286.68,38.54,45.14,1,1,-1,-1
102,947,515.76,282.89,19.37,36.13,1,2,-1,-1
102,946,137.86,497.29,55.45,111.04,1,1,-1,-1
102,939,787.98,244.00,26.79,41.74,1,2,-1,-1
102,888,680.97,290.12,57.45,80.91,1,1,-1,-1
102,771,905.63,179.55,48.54,66.13,1,8,-1,-1
102,742,716.71,166.18,15.56,27.87,1,10,-1,-1
103,961,715.95,176.76,18.01,29.98,1,10,-1,-1
103,946,130.12,525.00,60.80,120.54,1,1,-1,-1
103,939,793.96,245.36,29.21,46.21,1,2,-1,-1
103,888,681.92,294.55,57.13,81.42,1,1,-1,-1
103,771,907.33,181.48,48.40,65.65,1,8,-1,-1
103,742,717.44,166.53,15.95,28.96,1,10,-1,-1
104,939,798.41,248.44,30.63,49.72,1,2,-1,-1
104,888,682.97,298.81,56.89,82.07,1,1,-1,-1
104,853,719.26,286.93,27.15,52.79,1,10,-1,-1
104,742,718.29,167.12,16.20,29.71,1,10,-1,-1
105,939,802.60,252.57,31.81,52.69,1,2,-1,-1
105,888,684.74,310.75,53.97,78.53,1,1,-1,-1
105,853,712.50,293.34,31.75,61.16,1,10,-1,-1
105,849,860.28,541.80,63.65,146.37,1,1,-1,-1
106,977,806.88,278.70,32.40,53.78,1,10,-1,-1
106,888,685.30,310.22,55.02,80.96,1,1,-1,-1
106,853,713.83,290.16,29.55,56.34,1,10,-1,-1
106,849,869.20,551.40,64.62,147.62,1,1,-1,-1
107,888,685.99,312.28,55.73,82.94,1,1,-1,-1
107,849,872.86,572.29,67.94,153.41,1,1,-1,-1
108,994,807.74,282.93,38.97,65.06,1,2,-1,-1
108,988,336.71,300.70,30.11,63.96,1,1,-1,-1
108,888,684.74,309.94,57.65,86.97,1,1,-1,-1
108,849,878.15,590.78,70.17,157.16,1,1,-1,-1
109,888,686.61,316.03,57.57,88.06,1,1,-1,-1
110,888,687.97,320.83,57.49,89.11,1,1,-1,-1
111,1024,422.89,257.89,24.00,29.00,1,2,-1,-1
111,946,55.91,589.68,69.91,129.84,1,1,-1,-1
111,888,700.28,322.76,63.98,100.79,1,1,-1,-1
112,1048,723.57,194.35,18.33,32.25,1,10,-1,-1
112,1040,706.11,109.85,17.00,21.00,1,10,-1,-1
112,1024,428.14,262.66,24.74,30.12,1,2,-1,-1
112,1014,444.37,245.61,28.09,58.74,1,1,-1,-1
112,946,47.16,600.45,70.90,130.57,1,1,-1,-1
112,929,337.38,349.35,24.15,51.83,1,1,-1,-1
112,888,693.30,326.00,62.12,99.25,1,1,-1,-1
113,1048,723.76,197.72,18.48,31.78,1,10,-1,-1
113,1040,706.12,110.06,17.00,21.00,1,10,-1,-1
113,1014,446.29,246.59,26.32,55.01,1,1,-1,-1
113,929,327.58,337.34,27.74,59.07,1,1,-1,-1
113,888,691.57,330.18,60.76,98.36,1,1,-1,-1
114,1066,930.38,203.89,51.08,68.01,1,8,-1,-1
114,1040,706.11,110.11,17.00,21.00,1,10,-1,-1
114,999,782.69,310.13,35.29,92.46,1,1,-1,-1
114,929,325.81,351.24,27.47,58.90,1,1,-1,-1
114,888,691.77,334.59,59.77,97.96,1,1,-1,-1
115,1076,747.27,123.87,14.08,31.41,1,10,-1,-1
115,1068,490.94,320.23,16.08,41.49,1,1,-1,-1
115,1066,925.42,211.06,51.25,67.87,1,8,-1,-1
115,929,322.84,359.36,27.61,59.47,1,1,-1,-1
115,888,693.82,318.64,67.17,110.51,1,1,-1,-1
116,946,10.78,657.01,63.73,108.23,1,1,-1,-1
117,1090,722.36,344.51,42.39,91.84,1,1,-1,-1
117,1087,287.16,389.22,39.00,66.28,1,1,-1,-1
117,946,4.29,665.79,62.03,100.52,1,1,-1,-1
118,1098,308.52,369.97,34.12,69.09,1,1,-1,-1
118,1090,725.90,351.11,41.10,92.62,1,1,-1,-1
118,1087,286.17,399.83,36.46,60.82,1,1,-1,-1
118,939,860.64,341.88,42.97,78.21,1,2,-1,-1
