1,-1,204,621,77,82,1,2,-1,0
1,-1,537,183,25,22,1,2,-1,0
1,-1,550,237,23,58,1,1,-1,0
1,-1,583,298,23,47,1,1,-1,0
1,-1,591,224,58,46,1,10,-1,1
1,-1,617,252,36,66,1,1,-1,1
1,-1,682,213,22,49,1,10,-1,0
1,-1,728,205,31,40,1,10,-1,1
1,-1,730,192,26,41,1,2,-1,2
1,-1,1081,456,68,97,1,2,-1,1
1,-1,737,237,34,54,1,2,-1,2
1,-1,398,210,32,69,1,1,-1,1
1,-1,736,208,27,43,1,2,-1,2
1,-1,1061,481,73,104,1,2,-1,1
1,-1,366,274,34,69,1,1,-1,1
2,-1,199,629,76,82,1,2,-1,0
2,-1,365,263,29,58,1,1,-1,1
2,-1,410,242,19,42,1,1,-1,0
2,-1,537,183,25,22,1,2,-1,0
2,-1,550,238,23,58,1,1,-1,0
2,-1,574,222,34,57,1,1,-1,1
2,-1,582,273,28,62,1,1,-1,1
2,-1,592,225,58,46,1,10,-1,1
2,-1,617,253,36,66,1,1,-1,1
2,-1,670,171,22,48,1,1,-1,0
2,-1,682,215,23,49,1,10,-1,0
2,-1,730,206,31,41,1,10,-1,1
2,-1,1074,477,82,105,1,10,-1,1
2,-1,1082,455,68,97,1,2,-1,1
2,-1,1084,456,41,71,1,2,-1,2
2,-1,689,169,14,31,1,1,-1,0
2,-1,604,242,40,74,1,1,-1,1
2,-1,754,198,15,24,1,2,-1,2
2,-1,1059,480,50,64,1,10,-1,1
2,-1,588,303,18,40,1,1,-1,1
3,-1,410,243,19,42,1,1,-1,0
3,-1,537,183,25,22,1,2,-1,0
3,-1,574,223,34,57,1,1,-1,1
3,-1,582,274,28,64,1,1,-1,1
3,-1,584,300,23,47,1,1,-1,0
3,-1,617,254,37,67,1,1,-1,1
3,-1,683,217,24,49,1,10,-1,0
3,-1,733,208,31,42,1,10,-1,1
3,-1,736,195,26,43,1,2,-1,2
3,-1,785,125,30,38,1,8,-1,1
3,-1,1075,477,82,105,1,10,-1,1
3,-1,531,207,24,21,1,2,-1,0
3,-1,1070,447,36,51,1,2,-1,1
3,-1,390,241,12,27,1,1,-1,0
3,-1,611,301,26,53,1,1,-1,0
3,-1,376,236,18,38,1,1,-1,1
4,-1,363,265,29,58,1,1,-1,1
4,-1,551,240,23,59,1,1,-1,0
4,-1,574,224,34,58,1,1,-1,1
4,-1,582,275,28,65,1,1,-1,1
4,-1,584,301,23,48,1,1,-1,0
4,-1,595,227,58,46,1,10,-1,1
4,-1,618,255,36,67,1,1,-1,1
4,-1,674,172,22,49,1,1,-1,0
4,-1,684,220,24,49,1,10,-1,0
4,-1,1076,476,82,105,1,10,-1,1
4,-1,1084,454,68,97,1,2,-1,1
4,-1,747,200,36,61,1,2,-1,2
4,-1,337,233,42,83,1,1,-1,1
4,-1,585,215,28,48,1,1,-1,1
4,-1,1077,466,38,54,1,2,-1,1
4,-1,686,180,23,51,1,1,-1,0
5,-1,184,653,76,84,1,2,-1,0
5,-1,407,227,23,50,1,1,-1,1
5,-1,410,245,19,42,1,1,-1,0
5,-1,537,183,25,23,1,2,-1,0
5,-1,551,241,23,59,1,1,-1,0
5,-1,574,225,34,58,1,1,-1,1
5,-1,597,228,58,47,1,10,-1,1
5,-1,676,173,23,49,1,1,-1,0
5,-1,685,222,25,49,1,10,-1,0
5,-1,597,289,18,38,1,1,-1,0
5,-1,575,234,34,57,1,1,-1,1
5,-1,369,257,32,63,1,1,-1,1
5,-1,425,231,17,38,1,1,-1,1
5,-1,549,244,14,36,1,1,-1,0
6,-1,361,268,29,57,1,1,-1,1
6,-1,407,228,23,50,1,1,-1,1
6,-1,410,246,19,42,1,1,-1,0
6,-1,538,184,25,23,1,2,-1,0
6,-1,552,242,23,60,1,1,-1,0
6,-1,574,226,34,59,1,1,-1,1
6,-1,585,304,23,48,1,1,-1,0
6,-1,619,257,37,69,1,1,-1,1
6,-1,677,173,23,49,1,1,-1,0
6,-1,745,199,27,47,1,2,-1,2
6,-1,790,125,30,39,1,8,-1,1
6,-1,1077,476,82,105,1,10,-1,1
6,-1,1086,453,68,97,1,2,-1,1
6,-1,1088,455,41,71,1,2,-1,2
6,-1,1097,452,79,112,1,2,-1,1
6,-1,1072,424,102,145,1,2,-1,1
6,-1,762,212,20,35,1,2,-1,2
6,-1,730,183,30,43,1,10,-1,1
6,-1,625,207,49,39,1,10,-1,1
7,-1,174,669,76,86,1,2,-1,0
7,-1,360,269,29,57,1,1,-1,1
7,-1,410,247,19,42,1,1,-1,0
7,-1,538,184,25,23,1,2,-1,0
7,-1,552,243,23,60,1,1,-1,0
7,-1,575,227,33,59,1,1,-1,1
7,-1,582,278,28,70,1,1,-1,1
7,-1,586,305,23,48,1,1,-1,0
7,-1,600,230,58,47,1,10,-1,1
7,-1,619,258,37,69,1,1,-1,1
7,-1,687,227,26,49,1,10,-1,0
7,-1,743,214,32,48,1,10,-1,1
7,-1,748,201,27,47,1,2,-1,2
7,-1,791,126,31,39,1,8,-1,1
7,-1,1078,475,82,105,1,10,-1,1
7,-1,1087,453,68,97,1,2,-1,1
7,-1,408,232,26,57,1,1,-1,0
7,-1,556,193,14,13,1,2,-1,0
7,-1,687,252,18,33,1,10,-1,0
7,-1,541,177,34,32,1,2,-1,0
7,-1,725,233,17,32,1,10,-1,0
8,-1,407,230,23,50,1,1,-1,1
8,-1,410,248,19,42,1,1,-1,0
8,-1,582,279,28,72,1,1,-1,1
8,-1,602,231,58,48,1,10,-1,1
8,-1,745,215,33,50,1,10,-1,1
8,-1,793,126,31,39,1,8,-1,1
8,-1,1090,455,41,71,1,2,-1,2
8,-1,431,280,17,37,1,1,-1,0
8,-1,658,210,24,45,1,10,-1,0
8,-1,614,251,43,36,1,10,-1,1
8,-1,592,261,16,43,1,1,-1,0
8,-1,611,237,46,38,1,10,-1,1
9,-1,358,272,29,56,1,1,-1,1
9,-1,410,249,19,42,1,1,-1,0
9,-1,538,184,25,24,1,2,-1,0
9,-1,553,245,23,61,1,1,-1,0
9,-1,575,229,34,60,1,1,-1,1
9,-1,582,280,28,74,1,1,-1,1
9,-1,602,231,58,48,1,10,-1,1
9,-1,680,175,23,50,1,1,-1,0
9,-1,689,232,27,48,1,10,-1,0
9,-1,795,126,30,39,1,8,-1,1
9,-1,1089,452,68,97,1,2,-1,1
9,-1,1091,454,41,71,1,2,-1,2
9,-1,1089,457,28,48,1,2,-1,2
9,-1,530,232,34,91,1,1,-1,0
9,-1,703,169,13,29,1,1,-1,0
9,-1,696,202,48,74,1,10,-1,1
9,-1,1059,437,57,99,1,2,-1,2
10,-1,410,250,19,42,1,1,-1,0
10,-1,554,246,22,61,1,1,-1,0
10,-1,575,230,34,60,1,1,-1,1
10,-1,582,281,28,75,1,1,-1,1
10,-1,588,309,23,49,1,1,-1,0
10,-1,681,175,23,51,1,1,-1,0
10,-1,690,235,27,48,1,10,-1,0
10,-1,752,220,33,50,1,10,-1,1
10,-1,1080,474,82,105,1,10,-1,1
10,-1,1092,454,41,71,1,2,-1,2
10,-1,576,224,36,64,1,1,-1,1
10,-1,530,187,14,14,1,2,-1,0
10,-1,574,237,28,79,1,1,-1,0
10,-1,418,271,14,30,1,1,-1,0
10,-1,1089,469,29,50,1,2,-1,2
11,-1,356,274,29,56,1,1,-1,1
11,-1,407,232,24,52,1,1,-1,1
11,-1,410,251,19,42,1,1,-1,0
11,-1,539,185,25,24,1,2,-1,0
11,-1,554,247,23,62,1,1,-1,0
11,-1,582,282,28,77,1,1,-1,1
11,-1,604,233,58,48,1,10,-1,1
11,-1,621,263,38,71,1,1,-1,1
11,-1,756,223,33,50,1,10,-1,1
11,-1,759,209,28,52,1,2,-1,2
11,-1,1081,474,82,105,1,10,-1,1
11,-1,1091,451,68,97,1,2,-1,1
11,-1,1093,454,41,71,1,2,-1,2
11,-1,406,229,26,57,1,1,-1,0
11,-1,1106,467,25,43,1,2,-1,2
11,-1,633,252,42,79,1,1,-1,1
11,-1,354,250,34,65,1,1,-1,1
11,-1,687,235,34,58,1,10,-1,0
12,-1,356,276,29,55,1,1,-1,1
12,-1,408,233,24,53,1,1,-1,1
12,-1,411,252,19,43,1,1,-1,0
12,-1,539,185,25,24,1,2,-1,0
12,-1,576,232,33,61,1,1,-1,1
12,-1,621,264,38,71,1,1,-1,1
12,-1,692,240,29,48,1,10,-1,0
12,-1,762,211,27,53,1,2,-1,2
12,-1,800,127,31,40,1,8,-1,1
12,-1,1092,451,68,97,1,2,-1,1
12,-1,1095,454,41,71,1,2,-1,2
12,-1,385,296,16,31,1,1,-1,1
12,-1,575,240,17,32,1,1,-1,1
12,-1,742,224,31,46,1,10,-1,1
12,-1,757,128,45,58,1,8,-1,1
12,-1,576,253,20,55,1,1,-1,0
13,-1,354,277,29,55,1,1,-1,1
13,-1,410,252,19,43,1,1,-1,0
13,-1,539,185,25,25,1,2,-1,0
13,-1,582,285,28,78,1,1,-1,1
13,-1,591,316,23,49,1,1,-1,0
13,-1,606,235,58,48,1,10,-1,1
13,-1,763,229,33,50,1,10,-1,1
13,-1,765,214,27,54,1,2,-1,2
13,-1,1082,473,82,105,1,10,-1,1
13,-1,1096,453,41,71,1,2,-1,2
13,-1,1089,454,40,69,1,2,-1,2
13,-1,687,249,39,65,1,10,-1,0
13,-1,538,161,19,19,1,2,-1,0
13,-1,361,270,23,43,1,1,-1,1
13,-1,410,248,28,63,1,1,-1,1
14,-1,406,234,24,54,1,1,-1,1
14,-1,539,185,25,25,1,2,-1,0
14,-1,556,250,22,63,1,1,-1,0
14,-1,576,234,34,62,1,1,-1,1
14,-1,591,319,23,49,1,1,-1,0
14,-1,685,178,23,52,1,1,-1,0
14,-1,693,245,29,48,1,10,-1,0
14,-1,765,232,33,50,1,10,-1,1
14,-1,801,127,31,40,1,8,-1,1
14,-1,1083,473,81,105,1,10,-1,1
14,-1,1094,450,68,97,1,2,-1,1
14,-1,1097,453,41,71,1,2,-1,2
14,-1,797,221,30,61,1,2,-1,2
14,-1,795,208,22,33,1,10,-1,1
14,-1,730,222,28,42,1,10,-1,1
14,-1,618,216,80,66,1,10,-1,1
14,-1,1114,473,37,65,1,2,-1,2
15,-1,405,234,24,55,1,1,-1,1
15,-1,408,252,19,44,1,1,-1,0
15,-1,576,235,34,62,1,1,-1,1
15,-1,582,289,28,78,1,1,-1,1
15,-1,591,321,23,50,1,1,-1,0
15,-1,623,267,38,73,1,1,-1,1
15,-1,767,235,34,50,1,10,-1,1
15,-1,1095,450,68,97,1,2,-1,1
15,-1,352,273,19,36,1,1,-1,1
15,-1,546,215,21,22,1,2,-1,0
15,-1,549,164,33,35,1,2,-1,0
15,-1,764,251,22,32,1,10,-1,1
15,-1,762,230,27,56,1,2,-1,2
16,-1,557,252,22,64,1,1,-1,0
16,-1,576,236,34,63,1,1,-1,1
16,-1,591,324,23,51,1,1,-1,0
16,-1,607,238,58,48,1,10,-1,1
16,-1,687,179,23,53,1,1,-1,0
16,-1,695,251,28,48,1,10,-1,0
16,-1,769,238,34,50,1,10,-1,1
16,-1,773,221,26,57,1,2,-1,2
16,-1,803,127,31,40,1,8,-1,1
16,-1,1085,472,80,105,1,10,-1,1
16,-1,1099,453,41,71,1,2,-1,2
16,-1,388,249,21,47,1,1,-1,0
16,-1,560,223,13,38,1,1,-1,0
16,-1,774,232,28,41,1,10,-1,1
16,-1,1104,513,46,60,1,10,-1,1
16,-1,623,266,53,100,1,1,-1,1
17,-1,540,186,25,25,1,2,-1,0
17,-1,557,253,22,64,1,1,-1,0
17,-1,577,237,33,63,1,1,-1,1
17,-1,591,326,23,52,1,1,-1,0
17,-1,607,239,58,48,1,10,-1,1
17,-1,688,180,23,53,1,1,-1,0
17,-1,771,241,35,51,1,10,-1,1
17,-1,776,224,26,58,1,2,-1,2
17,-1,804,127,31,40,1,8,-1,1
17,-1,1100,452,41,71,1,2,-1,2
17,-1,393,239,28,64,1,1,-1,0
17,-1,319,256,43,85,1,1,-1,1
17,-1,552,302,90,69,1,10,-1,1
17,-1,600,237,52,43,1,10,-1,1
17,-1,607,292,15,41,1,1,-1,1
18,-1,558,255,22,64,1,1,-1,0
18,-1,577,238,33,63,1,1,-1,1
18,-1,582,295,28,77,1,1,-1,1
18,-1,591,329,23,52,1,1,-1,0
18,-1,607,241,58,48,1,10,-1,1
18,-1,624,271,39,74,1,1,-1,1
18,-1,688,180,23,54,1,1,-1,0
18,-1,805,127,31,41,1,8,-1,1
18,-1,1087,471,79,105,1,10,-1,1
18,-1,1098,449,68,97,1,2,-1,1
18,-1,1101,452,41,71,1,2,-1,2
18,-1,553,234,30,88,1,1,-1,0
18,-1,363,220,32,75,1,1,-1,1
18,-1,765,257,18,26,1,10,-1,1
18,-1,542,189,26,27,1,2,-1,0
18,-1,795,137,45,60,1,8,-1,1
19,-1,348,285,28,57,1,1,-1,1
19,-1,405,253,19,44,1,1,-1,0
19,-1,540,186,25,26,1,2,-1,0
19,-1,577,239,33,64,1,1,-1,1
19,-1,591,331,23,53,1,1,-1,0
19,-1,599,300,73,56,1,10,-1,1
19,-1,698,260,27,47,1,10,-1,0
19,-1,775,247,37,53,1,10,-1,1
19,-1,1099,448,68,97,1,2,-1,1
19,-1,1102,452,41,71,1,2,-1,2
19,-1,672,218,31,73,1,1,-1,0
19,-1,700,202,14,32,1,1,-1,0
19,-1,355,274,26,53,1,1,-1,1
19,-1,1092,482,88,117,1,10,-1,1
19,-1,773,247,31,61,1,2,-1,2
20,-1,347,287,28,57,1,1,-1,1
20,-1,496,179,14,34,1,1,-1,0
20,-1,540,186,25,27,1,2,-1,0
20,-1,577,240,33,64,1,1,-1,1
20,-1,582,299,28,77,1,1,-1,1
20,-1,592,334,23,54,1,1,-1,0
20,-1,599,301,74,57,1,10,-1,1
20,-1,699,263,27,47,1,10,-1,0
20,-1,781,232,33,62,1,2,-1,2
20,-1,806,127,32,41,1,8,-1,1
20,-1,1089,471,78,104,1,10,-1,1
20,-1,1087,483,90,120,1,10,-1,1
20,-1,646,315,58,45,1,10,-1,1
20,-1,599,247,33,27,1,10,-1,1
20,-1,1111,449,64,85,1,10,-1,1
20,-1,815,138,35,44,1,8,-1,1
21,-1,398,238,24,58,1,1,-1,1
21,-1,541,187,25,26,1,2,-1,0
21,-1,577,241,34,65,1,1,-1,1
21,-1,591,336,23,55,1,1,-1,0
21,-1,607,245,58,48,1,10,-1,1
21,-1,700,266,28,48,1,10,-1,0
21,-1,780,254,38,54,1,10,-1,1
21,-1,783,235,35,63,1,2,-1,2
21,-1,807,127,32,41,1,8,-1,1
21,-1,1090,470,78,105,1,10,-1,1
21,-1,670,166,19,46,1,1,-1,0
21,-1,321,293,37,76,1,1,-1,1
21,-1,340,285,38,77,1,1,-1,1
21,-1,413,228,26,62,1,1,-1,1
21,-1,469,185,14,34,1,1,-1,0
22,-1,397,239,24,58,1,1,-1,1
22,-1,497,180,14,34,1,1,-1,0
22,-1,597,305,76,58,1,10,-1,1
22,-1,607,246,58,48,1,10,-1,1
22,-1,689,183,23,55,1,1,-1,0
22,-1,783,257,38,55,1,10,-1,1
22,-1,808,127,32,41,1,8,-1,1
22,-1,1102,447,68,97,1,2,-1,1
22,-1,613,348,27,61,1,1,-1,0
22,-1,1118,448,51,88,1,2,-1,2
22,-1,609,226,65,54,1,10,-1,1
22,-1,1103,490,39,56,1,2,-1,1
22,-1,707,207,17,42,1,1,-1,0
23,-1,498,181,14,34,1,1,-1,0
23,-1,556,260,22,66,1,1,-1,0
23,-1,578,243,33,65,1,1,-1,1
23,-1,590,341,23,56,1,1,-1,0
23,-1,607,247,58,48,1,10,-1,1
23,-1,689,184,24,56,1,1,-1,0
23,-1,702,272,30,52,1,10,-1,0
23,-1,809,127,32,42,1,8,-1,1
23,-1,1103,447,68,97,1,2,-1,1
23,-1,551,301,33,108,1,1,-1,1
23,-1,1079,481,45,61,1,10,-1,1
23,-1,598,292,60,46,1,10,-1,1
23,-1,388,203,22,53,1,1,-1,1
23,-1,781,227,39,87,1,2,-1,2
24,-1,337,293,28,58,1,1,-1,1
24,-1,398,258,19,43,1,1,-1,0
24,-1,498,182,14,34,1,1,-1,0
24,-1,541,187,25,27,1,2,-1,0
24,-1,555,261,22,67,1,1,-1,0
24,-1,578,244,33,66,1,1,-1,1
24,-1,589,344,24,56,1,1,-1,0
24,-1,595,310,78,58,1,10,-1,1
24,-1,608,249,58,48,1,10,-1,1
24,-1,689,185,24,56,1,1,-1,0
24,-1,790,244,25,66,1,2,-1,2
24,-1,810,127,32,42,1,8,-1,1
24,-1,1104,446,68,97,1,2,-1,1
24,-1,1108,451,41,71,1,2,-1,2
24,-1,621,264,58,115,1,1,-1,1
24,-1,780,274,44,64,1,10,-1,1
24,-1,711,196,18,43,1,1,-1,0
24,-1,687,209,26,60,1,1,-1,0
24,-1,1113,459,74,106,1,2,-1,1
25,-1,392,241,24,59,1,1,-1,1
25,-1,499,183,14,34,1,1,-1,0
25,-1,555,262,22,67,1,1,-1,0
25,-1,578,245,33,66,1,1,-1,1
25,-1,579,309,27,89,1,1,-1,1
25,-1,589,346,23,57,1,1,-1,0
25,-1,608,250,58,48,1,10,-1,1
25,-1,705,278,31,55,1,10,-1,0
25,-1,792,246,25,68,1,2,-1,2
25,-1,1109,450,41,71,1,2,-1,2
25,-1,689,199,24,59,1,1,-1,0
25,-1,372,258,18,44,1,1,-1,1
25,-1,398,275,12,27,1,1,-1,0
25,-1,608,307,17,55,1,1,-1,1
25,-1,1092,457,96,129,1,10,-1,1
26,-1,395,260,19,43,1,1,-1,0
26,-1,542,188,25,27,1,2,-1,0
26,-1,555,264,22,67,1,1,-1,0
26,-1,578,246,33,67,1,1,-1,1
26,-1,578,311,27,90,1,1,-1,1
26,-1,588,349,24,57,1,1,-1,0
26,-1,628,280,40,78,1,1,-1,1
26,-1,690,186,24,57,1,1,-1,0
26,-1,1094,468,76,105,1,10,-1,1
26,-1,579,230,47,95,1,1,-1,1
26,-1,1117,497,53,74,1,10,-1,1
26,-1,796,261,41,61,1,10,-1,1
26,-1,590,232,75,62,1,10,-1,1
26,-1,391,228,19,44,1,1,-1,0
27,-1,330,298,27,59,1,1,-1,1
27,-1,393,261,19,42,1,1,-1,0
27,-1,554,265,22,67,1,1,-1,0
27,-1,577,313,27,92,1,1,-1,1
27,-1,588,351,23,58,1,1,-1,0
27,-1,708,284,33,59,1,10,-1,0
27,-1,799,253,34,68,1,2,-1,2
27,-1,812,127,33,42,1,8,-1,1
27,-1,1095,468,76,104,1,10,-1,1
27,-1,1111,450,41,71,1,2,-1,2
27,-1,1075,474,98,134,1,10,-1,1
27,-1,1125,465,24,42,1,2,-1,2
27,-1,583,317,72,52,1,10,-1,1
27,-1,1123,436,34,60,1,2,-1,2
27,-1,406,266,27,60,1,1,-1,0
28,-1,387,244,23,60,1,1,-1,1
28,-1,392,262,19,42,1,1,-1,0
28,-1,501,185,14,35,1,1,-1,0
28,-1,542,188,25,28,1,2,-1,0
28,-1,553,266,22,68,1,1,-1,0
28,-1,576,316,27,93,1,1,-1,1
28,-1,587,354,24,58,1,1,-1,0
28,-1,629,284,40,78,1,1,-1,1
28,-1,690,188,24,57,1,1,-1,0
28,-1,710,288,38,61,1,10,-1,1
28,-1,714,263,31,60,1,2,-1,1
28,-1,717,282,25,45,1,2,-1,1
28,-1,802,257,38,70,1,2,-1,2
28,-1,802,278,43,66,1,10,-1,1
28,-1,813,127,33,42,1,8,-1,1
28,-1,1096,468,75,104,1,10,-1,1
28,-1,1112,450,41,71,1,2,-1,2
28,-1,1081,436,82,118,1,2,-1,1
28,-1,589,342,26,62,1,1,-1,0
28,-1,557,247,27,85,1,1,-1,0
28,-1,543,195,14,15,1,2,-1,0
28,-1,1073,441,100,143,1,2,-1,1
28,-1,616,232,55,46,1,10,-1,1
29,-1,325,302,27,59,1,1,-1,1
29,-1,386,245,22,60,1,1,-1,1
29,-1,390,263,19,42,1,1,-1,0
29,-1,502,186,14,35,1,1,-1,0
29,-1,542,188,25,29,1,2,-1,0
29,-1,552,268,22,67,1,1,-1,0
29,-1,576,318,27,94,1,1,-1,1
29,-1,579,249,33,68,1,1,-1,1
29,-1,587,357,24,59,1,1,-1,0
29,-1,592,323,82,59,1,10,-1,1
29,-1,629,286,41,78,1,1,-1,1
29,-1,712,292,39,62,1,10,-1,1
29,-1,1109,444,68,97,1,2,-1,1
29,-1,1113,449,41,71,1,2,-1,2
29,-1,544,254,31,93,1,1,-1,0
29,-1,329,317,22,49,1,1,-1,1
29,-1,580,307,107,77,1,10,-1,1
29,-1,813,274,66,103,1,10,-1,1
29,-1,809,120,31,40,1,8,-1,1
29,-1,704,286,18,33,1,2,-1,1
30,-1,322,303,28,60,1,1,-1,1
30,-1,384,246,22,60,1,1,-1,1
30,-1,388,264,19,42,1,1,-1,0
30,-1,542,188,25,29,1,2,-1,0
30,-1,575,321,27,95,1,1,-1,1
30,-1,579,250,33,68,1,1,-1,1
30,-1,630,288,41,78,1,1,-1,1
30,-1,691,190,24,58,1,1,-1,0
30,-1,716,269,32,60,1,2,-1,1
30,-1,720,291,26,48,1,2,-1,1
30,-1,810,285,45,71,1,10,-1,1
30,-1,812,266,34,74,1,2,-1,2
30,-1,815,127,33,43,1,8,-1,1
30,-1,1098,467,74,104,1,10,-1,1
30,-1,1110,444,68,97,1,2,-1,1
30,-1,1114,449,41,71,1,2,-1,2
30,-1,714,291,57,91,1,10,-1,1
30,-1,654,283,21,41,1,1,-1,1
30,-1,389,279,12,27,1,1,-1,0
30,-1,587,279,34,71,1,1,-1,1
30,-1,546,282,18,55,1,1,-1,0
30,-1,842,325,24,37,1,10,-1,1
31,-1,503,187,14,35,1,1,-1,0
31,-1,543,189,25,29,1,2,-1,0
31,-1,574,323,27,97,1,1,-1,1
31,-1,579,251,33,69,1,1,-1,1
31,-1,585,363,25,60,1,1,-1,0
31,-1,692,191,24,58,1,1,-1,0
31,-1,718,302,39,62,1,10,-1,1
31,-1,722,296,26,49,1,2,-1,1
31,-1,1111,443,68,97,1,2,-1,1
31,-1,1115,449,41,71,1,2,-1,2
31,-1,328,293,32,71,1,1,-1,1
31,-1,816,138,28,37,1,8,-1,1
31,-1,613,273,44,85,1,1,-1,1
31,-1,561,337,30,108,1,1,-1,1
31,-1,601,328,91,65,1,10,-1,1
31,-1,620,263,33,27,1,10,-1,1
32,-1,318,307,27,60,1,1,-1,1
32,-1,385,266,19,42,1,1,-1,0
32,-1,503,187,14,35,1,1,-1,0
32,-1,542,189,25,29,1,2,-1,0
32,-1,574,326,27,98,1,1,-1,1
32,-1,584,366,26,61,1,1,-1,0
32,-1,591,329,86,62,1,10,-1,1
32,-1,631,292,41,79,1,1,-1,1
32,-1,693,192,24,59,1,1,-1,0
32,-1,721,307,40,63,1,10,-1,1
32,-1,817,127,33,43,1,8,-1,1
32,-1,1101,467,74,104,1,10,-1,1
32,-1,1107,440,44,77,1,2,-1,2
32,-1,1106,486,59,83,1,10,-1,1
32,-1,1108,454,32,55,1,2,-1,2
32,-1,308,329,25,56,1,1,-1,1
32,-1,362,249,20,57,1,1,-1,1
32,-1,600,323,29,107,1,1,-1,1
33,-1,378,250,22,61,1,1,-1,1
33,-1,541,190,26,29,1,2,-1,0
33,-1,548,275,23,69,1,1,-1,0
33,-1,572,328,30,98,1,1,-1,1
33,-1,580,253,33,70,1,1,-1,1
33,-1,583,369,26,61,1,1,-1,0
33,-1,608,261,58,48,1,10,-1,1
33,-1,631,294,42,79,1,1,-1,1
33,-1,693,193,25,59,1,1,-1,0
33,-1,698,132,20,31,1,10,-1,0
33,-1,722,311,39,64,1,10,-1,1
33,-1,723,282,32,62,1,2,-1,1
33,-1,725,305,28,52,1,2,-1,1
33,-1,817,127,34,43,1,8,-1,1
33,-1,821,305,49,72,1,10,-1,1
33,-1,825,281,35,75,1,2,-1,2
33,-1,1119,449,42,71,1,2,-1,2
33,-1,394,249,12,32,1,1,-1,1
33,-1,717,279,17,32,1,2,-1,1
33,-1,572,324,26,86,1,1,-1,1
33,-1,678,177,19,46,1,1,-1,0
33,-1,504,199,38,42,1,2,-1,0
33,-1,1120,424,68,97,1,2,-1,1
34,-1,386,270,19,41,1,1,-1,0
34,-1,504,187,14,36,1,1,-1,0
34,-1,541,191,25,29,1,2,-1,0
34,-1,547,277,24,70,1,1,-1,0
34,-1,608,262,58,48,1,10,-1,1
34,-1,694,194,25,59,1,1,-1,0
34,-1,723,287,34,64,1,2,-1,1
34,-1,723,315,39,65,1,10,-1,1
34,-1,727,310,28,53,1,2,-1,1
34,-1,825,312,50,72,1,10,-1,1
34,-1,829,286,36,75,1,2,-1,2
34,-1,1107,468,74,104,1,10,-1,1
34,-1,1116,443,68,98,1,2,-1,1
34,-1,1122,449,42,71,1,2,-1,2
34,-1,1117,476,53,74,1,10,-1,1
34,-1,694,179,36,86,1,1,-1,0
34,-1,727,271,33,63,1,2,-1,1
34,-1,374,278,20,44,1,1,-1,0
34,-1,676,210,24,56,1,1,-1,0
34,-1,580,347,35,80,1,1,-1,0
35,-1,384,271,19,42,1,1,-1,0
35,-1,540,191,26,30,1,2,-1,0
35,-1,571,333,31,93,1,1,-1,1
35,-1,578,257,35,72,1,1,-1,1
35,-1,581,375,28,63,1,1,-1,0
35,-1,590,336,90,64,1,10,-1,1
35,-1,608,263,58,48,1,10,-1,1
35,-1,633,298,42,80,1,1,-1,1
35,-1,695,195,25,60,1,1,-1,0
35,-1,724,293,35,66,1,2,-1,1
35,-1,724,319,38,66,1,10,-1,1
35,-1,729,314,29,55,1,2,-1,1
35,-1,819,127,34,44,1,8,-1,1
35,-1,829,319,51,73,1,10,-1,1
35,-1,830,290,33,64,1,2,-1,2
35,-1,1118,444,68,98,1,2,-1,1
35,-1,623,263,47,39,1,10,-1,1
35,-1,639,297,42,35,1,10,-1,1
35,-1,579,421,25,57,1,1,-1,0
35,-1,839,299,33,64,1,2,-1,2
35,-1,644,309,43,82,1,1,-1,1
35,-1,811,98,48,62,1,8,-1,1
36,-1,303,319,30,64,1,1,-1,1
36,-1,372,255,23,62,1,1,-1,1
36,-1,382,273,19,42,1,1,-1,0
36,-1,505,187,14,37,1,1,-1,0
36,-1,545,281,25,71,1,1,-1,0
36,-1,633,301,42,82,1,1,-1,1
36,-1,695,196,26,60,1,1,-1,0
36,-1,699,133,20,32,1,10,-1,0
36,-1,731,319,29,56,1,2,-1,1
36,-1,835,296,34,67,1,2,-1,2
36,-1,835,327,52,76,1,10,-1,1
36,-1,1112,469,74,104,1,10,-1,1
36,-1,1128,449,42,71,1,2,-1,2
36,-1,372,283,18,41,1,1,-1,0
36,-1,851,369,41,60,1,10,-1,1
36,-1,584,385,30,67,1,1,-1,0
36,-1,718,308,56,100,1,10,-1,1
36,-1,380,257,28,75,1,1,-1,1
36,-1,345,253,13,35,1,1,-1,1
37,-1,370,257,23,62,1,1,-1,1
37,-1,380,275,19,43,1,1,-1,0
37,-1,544,283,25,72,1,1,-1,0
37,-1,570,341,29,97,1,1,-1,1
37,-1,579,383,30,65,1,1,-1,0
37,-1,696,197,26,60,1,1,-1,0
37,-1,699,133,20,33,1,10,-1,0
37,-1,725,304,38,71,1,2,-1,1
37,-1,726,329,40,70,1,10,-1,1
37,-1,732,324,30,57,1,2,-1,1
37,-1,821,127,34,44,1,8,-1,1
37,-1,841,335,54,79,1,10,-1,1
37,-1,1122,445,69,99,1,2,-1,1
37,-1,694,172,37,85,1,1,-1,0
37,-1,853,312,66,96,1,10,-1,1
37,-1,817,111,34,45,1,8,-1,1
37,-1,586,318,87,62,1,10,-1,1
37,-1,733,335,44,76,1,10,-1,1
37,-1,535,231,20,23,1,2,-1,0
38,-1,296,325,31,66,1,1,-1,1
38,-1,368,259,23,62,1,1,-1,1
38,-1,378,277,19,43,1,1,-1,0
38,-1,505,187,14,37,1,1,-1,0
38,-1,539,194,26,30,1,2,-1,0
38,-1,577,265,36,73,1,1,-1,1
38,-1,578,388,31,66,1,1,-1,0
38,-1,589,346,94,67,1,10,-1,1
38,-1,604,268,64,48,1,10,-1,1
38,-1,634,309,43,84,1,1,-1,1
38,-1,728,309,39,73,1,2,-1,1
38,-1,734,328,31,59,1,2,-1,1
38,-1,822,127,34,44,1,8,-1,1
38,-1,846,308,35,74,1,2,-1,2
38,-1,1124,446,69,99,1,2,-1,1
38,-1,378,308,17,38,1,1,-1,0
38,-1,584,347,26,95,1,1,-1,1
38,-1,1100,419,107,150,1,10,-1,1
38,-1,1141,451,43,71,1,2,-1,2
38,-1,571,373,37,78,1,1,-1,0
38,-1,370,278,15,35,1,1,-1,0
39,-1,293,328,31,67,1,1,-1,1
39,-1,366,260,24,63,1,1,-1,1
39,-1,376,278,19,45,1,1,-1,0
39,-1,506,187,14,38,1,1,-1,0
39,-1,538,194,26,31,1,2,-1,0
39,-1,542,287,26,74,1,1,-1,0
39,-1,568,349,29,107,1,1,-1,1
39,-1,576,267,37,74,1,1,-1,1
39,-1,589,349,95,69,1,10,-1,1
39,-1,601,269,67,49,1,10,-1,1
39,-1,634,312,43,86,1,1,-1,1
39,-1,697,199,27,61,1,1,-1,0
39,-1,728,341,45,74,1,10,-1,1
39,-1,736,333,31,60,1,2,-1,1
39,-1,823,128,34,44,1,8,-1,1
39,-1,852,314,35,78,1,2,-1,2
39,-1,852,314,39,89,1,2,-1,2
39,-1,1121,471,74,104,1,10,-1,1
39,-1,1126,446,70,100,1,2,-1,1
39,-1,600,269,43,86,1,1,-1,1
39,-1,307,341,22,47,1,1,-1,1
39,-1,838,298,48,106,1,2,-1,2
39,-1,737,299,50,92,1,2,-1,1
39,-1,370,252,18,48,1,1,-1,1
39,-1,755,344,18,34,1,2,-1,1
40,-1,364,262,24,63,1,1,-1,1
40,-1,374,280,19,45,1,1,-1,0
40,-1,506,187,14,38,1,1,-1,0
40,-1,538,195,26,31,1,2,-1,0
40,-1,541,289,27,74,1,1,-1,0
40,-1,567,353,30,108,1,1,-1,1
40,-1,575,269,38,75,1,1,-1,1
40,-1,589,353,96,70,1,10,-1,1
40,-1,599,271,70,49,1,10,-1,1
40,-1,634,316,44,87,1,1,-1,1
40,-1,701,135,19,33,1,10,-1,0
40,-1,730,348,47,75,1,10,-1,1
40,-1,734,319,42,77,1,2,-1,1
40,-1,738,338,31,61,1,2,-1,1
40,-1,857,320,36,81,1,2,-1,2
40,-1,859,361,59,86,1,10,-1,1
40,-1,860,323,44,93,1,2,-1,2
40,-1,1121,471,82,105,1,10,-1,1
40,-1,1128,447,70,100,1,2,-1,1
40,-1,1139,449,43,71,1,2,-1,2
40,-1,615,321,71,52,1,10,-1,1
40,-1,1139,459,73,105,1,2,-1,1
40,-1,1136,423,46,76,1,2,-1,2
40,-1,538,152,37,44,1,2,-1,0
40,-1,1136,489,61,78,1,10,-1,1
40,-1,729,119,22,39,1,10,-1,0
41,-1,362,264,24,63,1,1,-1,1
41,-1,373,282,19,46,1,1,-1,0
41,-1,507,188,14,38,1,1,-1,0
41,-1,537,196,26,30,1,2,-1,0
41,-1,566,357,31,109,1,1,-1,1
41,-1,575,272,38,75,1,1,-1,1
41,-1,599,273,71,50,1,10,-1,1
41,-1,635,320,44,88,1,1,-1,1
41,-1,701,135,20,34,1,10,-1,0
41,-1,733,356,49,77,1,10,-1,1
41,-1,737,325,44,79,1,2,-1,1
41,-1,740,343,32,62,1,2,-1,1
41,-1,825,129,34,44,1,8,-1,1
41,-1,863,326,37,85,1,2,-1,2
41,-1,869,333,48,97,1,2,-1,2
41,-1,1124,472,80,105,1,10,-1,1
41,-1,290,299,47,100,1,1,-1,1
41,-1,600,273,45,32,1,10,-1,1
41,-1,1162,431,56,93,1,2,-1,2
41,-1,753,345,31,55,1,2,-1,1
41,-1,1135,469,47,78,1,2,-1,2
41,-1,563,272,40,80,1,1,-1,1
42,-1,282,338,33,69,1,1,-1,1
42,-1,371,284,19,46,1,1,-1,0
42,-1,537,197,26,30,1,2,-1,0
42,-1,566,361,31,110,1,1,-1,1
42,-1,576,410,33,68,1,1,-1,0
42,-1,588,360,98,73,1,10,-1,1
42,-1,635,323,45,91,1,1,-1,1
42,-1,702,136,19,34,1,10,-1,0
42,-1,743,353,34,64,1,2,-1,1
42,-1,826,129,35,45,1,8,-1,1
42,-1,872,342,54,100,1,2,-1,2
42,-1,872,378,62,92,1,10,-1,1
42,-1,1144,450,43,72,1,2,-1,2
42,-1,731,350,35,65,1,2,-1,1
42,-1,611,357,52,39,1,10,-1,1
42,-1,564,273,31,60,1,1,-1,1
42,-1,350,293,16,38,1,1,-1,0
42,-1,690,146,24,42,1,10,-1,0
42,-1,1119,439,53,88,1,2,-1,2
43,-1,358,267,25,64,1,1,-1,1
43,-1,369,285,19,48,1,1,-1,0
43,-1,538,295,28,77,1,1,-1,0
43,-1,574,277,39,76,1,1,-1,1
43,-1,588,363,99,75,1,10,-1,1
43,-1,622,348,78,60,1,10,-1,1
43,-1,635,327,45,92,1,1,-1,1
43,-1,700,205,28,63,1,1,-1,0
43,-1,702,136,20,35,1,10,-1,0
43,-1,739,372,53,81,1,10,-1,1
43,-1,741,341,46,84,1,2,-1,1
43,-1,827,130,35,45,1,8,-1,1
43,-1,882,352,55,103,1,2,-1,2
43,-1,1130,474,78,106,1,10,-1,1
43,-1,1137,449,71,101,1,2,-1,1
43,-1,1147,452,43,72,1,2,-1,2
43,-1,743,379,64,97,1,10,-1,1
43,-1,709,141,11,19,1,10,-1,0
43,-1,1176,437,22,37,1,2,-1,2
43,-1,734,328,27,50,1,2,-1,1
43,-1,595,417,26,53,1,1,-1,0
43,-1,605,383,67,51,1,10,-1,1
44,-1,275,344,34,71,1,1,-1,1
44,-1,537,297,29,78,1,1,-1,0
44,-1,573,279,41,78,1,1,-1,1
44,-1,575,421,34,69,1,1,-1,0
44,-1,636,331,45,93,1,1,-1,1
44,-1,701,207,28,63,1,1,-1,0
44,-1,703,137,19,34,1,10,-1,0
44,-1,743,349,48,87,1,2,-1,1
44,-1,744,380,51,85,1,10,-1,1
44,-1,751,375,36,66,1,2,-1,1
44,-1,828,131,35,45,1,8,-1,1
44,-1,882,352,50,99,1,2,-1,2
44,-1,893,362,52,108,1,2,-1,2
44,-1,1132,476,80,107,1,10,-1,1
44,-1,1140,450,72,101,1,2,-1,1
44,-1,1150,453,42,72,1,2,-1,2
44,-1,1134,432,97,136,1,2,-1,1
44,-1,1119,450,39,66,1,2,-1,2
44,-1,735,359,34,62,1,2,-1,1
44,-1,754,396,70,117,1,10,-1,1
44,-1,582,336,112,85,1,10,-1,1
44,-1,553,203,14,17,1,2,-1,0
45,-1,272,347,34,73,1,1,-1,1
45,-1,365,289,19,49,1,1,-1,0
45,-1,564,374,32,116,1,1,-1,1
45,-1,572,281,42,79,1,1,-1,1
45,-1,702,209,28,64,1,1,-1,0
45,-1,829,131,36,46,1,8,-1,1
45,-1,895,363,45,93,1,2,-1,2
45,-1,900,373,54,114,1,2,-1,2
45,-1,1143,451,72,101,1,2,-1,1
45,-1,528,178,36,41,1,2,-1,0
45,-1,278,335,39,85,1,1,-1,1
45,-1,549,188,29,34,1,2,-1,0
45,-1,611,382,71,55,1,10,-1,1
45,-1,709,168,12,22,1,10,-1,0
45,-1,524,318,22,61,1,1,-1,0
45,-1,770,414,34,60,1,10,-1,1
46,-1,268,350,35,74,1,1,-1,1
46,-1,352,272,26,64,1,1,-1,1
46,-1,512,192,13,34,1,1,-1,0
46,-1,535,200,26,31,1,2,-1,0
46,-1,535,301,30,80,1,1,-1,0
46,-1,563,377,37,120,1,1,-1,1
46,-1,572,284,42,79,1,1,-1,1
46,-1,573,431,36,71,1,1,-1,0
46,-1,588,374,102,79,1,10,-1,1
46,-1,622,361,81,65,1,10,-1,1
46,-1,703,211,28,65,1,1,-1,0
46,-1,753,400,48,89,1,10,-1,1
46,-1,758,396,39,69,1,2,-1,1
46,-1,901,425,80,104,1,10,-1,1
46,-1,905,376,42,90,1,2,-1,2
46,-1,912,380,58,120,1,2,-1,2
46,-1,1137,480,82,109,1,10,-1,1
46,-1,881,407,72,94,1,10,-1,1
46,-1,924,455,41,53,1,10,-1,1
46,-1,489,205,13,33,1,1,-1,0
46,-1,357,257,37,92,1,1,-1,1
46,-1,807,119,49,64,1,8,-1,1
46,-1,610,348,118,95,1,10,-1,1
46,-1,620,312,49,103,1,1,-1,1
47,-1,350,274,26,64,1,1,-1,1
47,-1,448,204,22,38,1,1,-1,0
47,-1,534,200,27,32,1,2,-1,0
47,-1,534,304,30,81,1,1,-1,0
47,-1,562,385,36,119,1,1,-1,1
47,-1,571,286,43,80,1,1,-1,1
47,-1,573,437,36,71,1,1,-1,0
47,-1,637,342,46,97,1,1,-1,1
47,-1,704,138,19,36,1,10,-1,0
47,-1,704,212,28,66,1,1,-1,0
47,-1,753,374,54,95,1,2,-1,1
47,-1,757,411,46,91,1,10,-1,1
47,-1,762,407,40,70,1,2,-1,1
47,-1,921,390,54,114,1,2,-1,2
47,-1,1158,458,42,72,1,2,-1,2
47,-1,611,281,43,31,1,10,-1,1
47,-1,1145,466,36,61,1,2,-1,2
47,-1,783,426,22,39,1,2,-1,1
47,-1,525,201,19,51,1,1,-1,0
47,-1,738,347,52,91,1,2,-1,1
47,-1,743,345,62,109,1,2,-1,1
47,-1,1119,466,62,106,1,2,-1,2
48,-1,348,276,26,64,1,1,-1,1
48,-1,359,295,19,51,1,1,-1,0
48,-1,447,205,23,39,1,1,-1,0
48,-1,514,194,14,34,1,1,-1,0
48,-1,533,306,31,82,1,1,-1,0
48,-1,562,393,35,118,1,1,-1,1
48,-1,571,289,43,80,1,1,-1,1
48,-1,588,386,104,81,1,10,-1,1
48,-1,622,371,84,67,1,10,-1,1
48,-1,637,345,47,99,1,1,-1,1
48,-1,705,139,19,36,1,10,-1,0
48,-1,757,383,56,97,1,2,-1,1
48,-1,761,423,45,92,1,10,-1,1
48,-1,833,133,36,47,1,8,-1,1
48,-1,936,410,59,113,1,2,-1,2
48,-1,1161,460,42,71,1,2,-1,2
48,-1,1139,461,51,72,1,2,-1,1
48,-1,621,274,58,41,1,10,-1,1
48,-1,531,170,22,26,1,2,-1,0
48,-1,555,299,28,73,1,1,-1,0
48,-1,773,395,46,78,1,2,-1,1
48,-1,581,404,38,75,1,1,-1,0
48,-1,1145,474,58,98,1,2,-1,2
49,-1,346,278,26,64,1,1,-1,1
49,-1,446,206,23,39,1,1,-1,0
49,-1,515,195,14,34,1,1,-1,0
49,-1,532,308,31,83,1,1,-1,0
49,-1,562,400,36,118,1,1,-1,1
49,-1,622,375,85,69,1,10,-1,1
49,-1,637,349,48,101,1,1,-1,1
49,-1,706,216,28,68,1,1,-1,0
49,-1,834,134,36,46,1,8,-1,1
49,-1,935,413,49,109,1,2,-1,2
49,-1,1156,455,74,102,1,2,-1,1
49,-1,1164,461,42,72,1,2,-1,2
49,-1,328,256,25,61,1,1,-1,1
49,-1,1192,503,56,74,1,10,-1,1
49,-1,338,304,25,62,1,1,-1,1
49,-1,574,266,49,90,1,1,-1,1
49,-1,363,266,29,71,1,1,-1,1
49,-1,1159,500,46,60,1,10,-1,1
49,-1,1167,462,82,113,1,2,-1,1
50,-1,344,279,27,65,1,1,-1,1
50,-1,445,207,23,39,1,1,-1,0
50,-1,516,196,14,34,1,1,-1,0
50,-1,533,203,27,31,1,2,-1,0
50,-1,588,398,106,84,1,10,-1,1
50,-1,622,380,87,71,1,10,-1,1
50,-1,707,141,19,36,1,10,-1,0
50,-1,707,218,28,68,1,1,-1,0
50,-1,763,405,58,101,1,2,-1,1
50,-1,773,439,44,74,1,2,-1,1
50,-1,948,427,48,111,1,2,-1,2
50,-1,959,487,77,115,1,10,-1,1
50,-1,964,440,56,121,1,2,-1,2
50,-1,1166,463,42,71,1,2,-1,2
50,-1,975,491,41,61,1,10,-1,1
50,-1,627,263,59,42,1,10,-1,1
50,-1,556,270,60,109,1,1,-1,1
50,-1,1167,443,104,145,1,2,-1,1
50,-1,948,407,75,161,1,2,-1,2
50,-1,625,420,77,61,1,10,-1,1
50,-1,692,124,26,49,1,10,-1,0
51,-1,251,366,37,78,1,1,-1,1
51,-1,444,209,24,39,1,1,-1,0
51,-1,530,315,32,84,1,1,-1,0
51,-1,560,414,38,120,1,1,-1,1
51,-1,569,296,45,82,1,1,-1,1
51,-1,599,293,78,57,1,10,-1,1
51,-1,622,385,88,72,1,10,-1,1
51,-1,638,356,48,104,1,1,-1,1
51,-1,708,220,28,69,1,1,-1,0
51,-1,767,416,58,103,1,2,-1,1
51,-1,773,458,49,107,1,10,-1,1
51,-1,836,135,37,47,1,8,-1,1
51,-1,959,443,57,116,1,2,-1,2
51,-1,966,505,90,122,1,10,-1,1
51,-1,978,457,59,128,1,2,-1,2
51,-1,1153,485,82,106,1,10,-1,1
51,-1,1162,457,75,104,1,2,-1,1
51,-1,1169,464,42,72,1,2,-1,2
51,-1,833,123,40,50,1,8,-1,1
51,-1,602,291,74,54,1,10,-1,1
51,-1,703,141,16,32,1,10,-1,0
51,-1,549,198,40,47,1,2,-1,0
51,-1,280,387,24,50,1,1,-1,1
51,-1,336,298,14,34,1,1,-1,1
51,-1,362,313,12,35,1,1,-1,0
52,-1,247,369,38,79,1,1,-1,1
52,-1,518,197,15,36,1,1,-1,0
52,-1,529,319,33,84,1,1,-1,0
52,-1,568,298,46,83,1,1,-1,1
52,-1,599,296,79,57,1,10,-1,1
52,-1,622,389,89,74,1,10,-1,1
52,-1,638,360,49,105,1,1,-1,1
52,-1,709,143,19,37,1,10,-1,0
52,-1,709,221,28,70,1,1,-1,0
52,-1,838,136,36,47,1,8,-1,1
52,-1,974,460,55,107,1,2,-1,2
52,-1,974,524,102,128,1,10,-1,1
52,-1,1165,459,75,104,1,2,-1,1
52,-1,538,325,23,59,1,1,-1,0
52,-1,449,180,26,44,1,1,-1,0
52,-1,593,392,121,97,1,10,-1,1
52,-1,555,325,46,117,1,1,-1,0
52,-1,256,369,28,59,1,1,-1,1
52,-1,846,158,28,36,1,8,-1,1
52,-1,709,167,10,19,1,10,-1,0
53,-1,244,372,38,80,1,1,-1,1
53,-1,338,284,28,66,1,1,-1,1
53,-1,528,323,33,85,1,1,-1,0
53,-1,557,425,39,125,1,1,-1,1
53,-1,569,481,40,79,1,1,-1,0
53,-1,588,417,109,88,1,10,-1,1
53,-1,623,394,90,75,1,10,-1,1
53,-1,710,144,19,37,1,10,-1,0
53,-1,781,442,62,110,1,2,-1,1
53,-1,781,481,55,119,1,10,-1,1
53,-1,990,478,52,98,1,2,-1,2
53,-1,1008,493,65,141,1,2,-1,2
53,-1,1159,487,84,108,1,10,-1,1
53,-1,1168,460,75,105,1,2,-1,1
53,-1,1175,468,41,71,1,2,-1,2
53,-1,687,192,32,80,1,1,-1,0
53,-1,1166,487,26,45,1,2,-1,2
53,-1,778,486,45,97,1,10,-1,1
53,-1,498,214,25,52,1,1,-1,0
53,-1,715,146,11,21,1,10,-1,0
53,-1,571,510,23,45,1,1,-1,0
53,-1,561,453,37,119,1,1,-1,1
54,-1,240,375,39,81,1,1,-1,1
54,-1,346,309,18,55,1,1,-1,0
54,-1,518,199,19,37,1,1,-1,0
54,-1,527,327,34,85,1,1,-1,0
54,-1,531,206,27,32,1,2,-1,0
54,-1,556,429,40,129,1,1,-1,1
54,-1,567,303,47,84,1,1,-1,1
54,-1,569,489,40,80,1,1,-1,0
54,-1,588,423,110,89,1,10,-1,1
54,-1,711,225,28,72,1,1,-1,0
54,-1,788,483,50,79,1,2,-1,1
54,-1,789,456,64,113,1,2,-1,1
54,-1,1000,556,123,137,1,10,-1,1
54,-1,1006,497,55,104,1,2,-1,2
54,-1,1028,516,71,148,1,2,-1,2
54,-1,1161,489,86,108,1,10,-1,1
54,-1,1177,469,42,71,1,2,-1,2
54,-1,1183,440,58,99,1,2,-1,2
54,-1,449,206,34,57,1,1,-1,0
54,-1,990,603,96,107,1,10,-1,1
54,-1,234,389,38,78,1,1,-1,1
54,-1,550,427,37,121,1,1,-1,1
54,-1,602,320,49,36,1,10,-1,1
54,-1,361,318,19,45,1,1,-1,1
55,-1,237,378,39,82,1,1,-1,1
55,-1,518,199,20,38,1,1,-1,0
55,-1,526,332,35,85,1,1,-1,0
55,-1,530,206,28,33,1,2,-1,0
55,-1,555,437,41,131,1,1,-1,1
55,-1,588,429,111,91,1,10,-1,1
55,-1,712,146,19,38,1,10,-1,0
55,-1,712,227,28,72,1,1,-1,0
55,-1,787,517,67,122,1,10,-1,1
55,-1,795,504,52,78,1,2,-1,1
55,-1,1018,570,132,139,1,10,-1,1
55,-1,1026,516,58,104,1,2,-1,2
55,-1,1164,491,87,109,1,10,-1,1
55,-1,1174,463,76,106,1,2,-1,1
55,-1,1180,471,42,71,1,2,-1,2
55,-1,1163,464,89,124,1,2,-1,1
55,-1,1203,488,22,37,1,2,-1,2
55,-1,638,403,103,88,1,10,-1,1
55,-1,1170,448,129,162,1,10,-1,1
55,-1,803,558,35,64,1,10,-1,1
55,-1,771,457,72,142,1,2,-1,1
55,-1,1166,506,76,95,1,10,-1,1
56,-1,233,381,40,83,1,1,-1,1
56,-1,332,290,28,66,1,1,-1,1
56,-1,518,200,22,38,1,1,-1,0
56,-1,524,335,36,87,1,1,-1,0
56,-1,530,207,27,33,1,2,-1,0
56,-1,568,506,41,83,1,1,-1,0
56,-1,600,309,79,58,1,10,-1,1
56,-1,623,408,94,80,1,10,-1,1
56,-1,795,537,73,130,1,10,-1,1
56,-1,803,525,53,78,1,2,-1,1
56,-1,1183,472,41,71,1,2,-1,2
56,-1,547,419,62,194,1,1,-1,1
56,-1,561,404,136,112,1,10,-1,1
56,-1,812,518,36,66,1,2,-1,1
56,-1,553,335,42,74,1,1,-1,0
56,-1,230,369,37,76,1,1,-1,1
56,-1,260,412,33,69,1,1,-1,1
56,-1,671,353,57,127,1,1,-1,1
57,-1,230,385,41,84,1,1,-1,1
57,-1,330,291,29,67,1,1,-1,1
57,-1,339,316,18,57,1,1,-1,0
57,-1,429,202,24,51,1,1,-1,1
57,-1,439,216,25,40,1,1,-1,0
57,-1,522,339,37,88,1,1,-1,0
57,-1,567,514,42,85,1,1,-1,0
57,-1,588,442,113,93,1,10,-1,1
57,-1,600,312,79,59,1,10,-1,1
57,-1,623,412,95,82,1,10,-1,1
57,-1,640,382,51,114,1,1,-1,1
57,-1,714,231,29,74,1,1,-1,0
57,-1,715,148,19,39,1,10,-1,0
57,-1,803,557,79,138,1,10,-1,1
57,-1,804,506,70,119,1,2,-1,1
57,-1,811,546,54,78,1,2,-1,1
57,-1,843,139,38,49,1,8,-1,1
57,-1,1054,598,149,142,1,10,-1,1
57,-1,1066,556,64,104,1,2,-1,2
57,-1,1186,474,41,71,1,2,-1,2
57,-1,447,215,21,33,1,1,-1,0
57,-1,1114,609,63,115,1,2,-1,2
57,-1,591,495,53,108,1,1,-1,0
57,-1,858,123,44,57,1,8,-1,1
57,-1,807,563,46,66,1,2,-1,1
57,-1,632,426,50,43,1,10,-1,1
57,-1,564,195,17,29,1,1,-1,0
58,-1,328,293,29,67,1,1,-1,1
58,-1,337,318,18,58,1,1,-1,0
58,-1,427,203,24,51,1,1,-1,1
58,-1,438,217,25,40,1,1,-1,0
58,-1,520,202,23,38,1,1,-1,0
58,-1,521,342,37,90,1,1,-1,0
58,-1,553,463,44,137,1,1,-1,1
58,-1,567,523,42,86,1,1,-1,0
58,-1,600,315,80,59,1,10,-1,1
58,-1,623,417,96,83,1,10,-1,1
58,-1,699,93,17,21,1,10,-1,0
58,-1,716,149,19,39,1,10,-1,0
58,-1,845,140,38,49,1,8,-1,1
58,-1,1171,496,92,112,1,10,-1,1
58,-1,1189,476,41,71,1,2,-1,2
58,-1,416,190,29,62,1,1,-1,1
58,-1,585,306,93,69,1,10,-1,1
58,-1,542,506,23,72,1,1,-1,1
58,-1,728,240,15,40,1,1,-1,0
58,-1,546,204,21,25,1,2,-1,0
58,-1,1128,606,53,93,1,2,-1,2
58,-1,644,400,29,65,1,1,-1,1
59,-1,326,295,29,67,1,1,-1,1
59,-1,426,205,24,51,1,1,-1,1
59,-1,519,346,38,91,1,1,-1,0
59,-1,521,203,24,38,1,1,-1,0
59,-1,528,211,28,32,1,2,-1,0
59,-1,552,472,45,140,1,1,-1,1
59,-1,565,322,51,91,1,1,-1,0
59,-1,566,534,43,87,1,1,-1,0
59,-1,586,457,118,96,1,10,-1,1
59,-1,600,318,80,60,1,10,-1,1
59,-1,623,422,98,84,1,10,-1,1
59,-1,682,133,18,22,1,10,-1,1
59,-1,699,93,17,21,1,10,-1,0
59,-1,717,150,19,40,1,10,-1,0
59,-1,829,592,57,78,1,2,-1,1
59,-1,1128,615,63,112,1,2,-1,2
59,-1,1186,470,77,107,1,2,-1,1
59,-1,1191,477,42,73,1,2,-1,2
59,-1,515,369,23,55,1,1,-1,0
59,-1,333,339,11,35,1,1,-1,0
59,-1,426,258,22,38,1,1,-1,1
59,-1,552,448,57,179,1,1,-1,1
59,-1,536,204,22,25,1,2,-1,0
59,-1,814,590,44,66,1,2,-1,1
59,-1,703,229,40,105,1,1,-1,0
60,-1,425,206,24,52,1,1,-1,1
60,-1,437,219,25,41,1,1,-1,0
60,-1,527,213,28,32,1,2,-1,0
60,-1,551,480,46,144,1,1,-1,1
60,-1,585,464,121,98,1,10,-1,1
60,-1,623,426,99,86,1,10,-1,1
60,-1,684,122,16,30,1,2,-1,1
60,-1,699,93,17,21,1,10,-1,0
60,-1,718,239,31,80,1,1,-1,0
60,-1,827,617,95,137,1,10,-1,1
60,-1,840,617,58,78,1,2,-1,1
60,-1,847,141,38,49,1,8,-1,1
60,-1,1176,499,95,115,1,10,-1,1
60,-1,1194,479,42,74,1,2,-1,2
60,-1,1202,495,44,61,1,2,-1,1
60,-1,528,219,24,37,1,1,-1,0
60,-1,823,611,73,107,1,2,-1,1
60,-1,587,303,85,64,1,10,-1,1
60,-1,1195,458,80,111,1,2,-1,1
60,-1,692,253,28,72,1,1,-1,0
60,-1,329,326,15,47,1,1,-1,0
61,-1,320,300,31,68,1,1,-1,1
61,-1,328,328,19,59,1,1,-1,0
61,-1,424,208,23,52,1,1,-1,1
61,-1,436,221,25,41,1,1,-1,0
61,-1,524,206,24,36,1,1,-1,0
61,-1,564,330,53,94,1,1,-1,0
61,-1,584,472,123,99,1,10,-1,1
61,-1,601,325,80,60,1,10,-1,1
61,-1,623,431,100,87,1,10,-1,1
61,-1,685,123,16,30,1,2,-1,1
61,-1,699,93,17,21,1,10,-1,0
61,-1,719,152,19,40,1,10,-1,0
61,-1,719,242,32,80,1,1,-1,0
61,-1,833,600,90,128,1,2,-1,1
61,-1,836,643,86,109,1,10,-1,1
61,-1,851,643,59,78,1,2,-1,1
61,-1,1190,476,78,107,1,2,-1,1
61,-1,1197,481,42,75,1,2,-1,2
61,-1,345,312,30,66,1,1,-1,1
61,-1,184,376,67,131,1,1,-1,1
61,-1,695,255,33,83,1,1,-1,0
61,-1,409,214,32,54,1,1,-1,1
61,-1,431,193,34,78,1,1,-1,1
61,-1,640,429,40,93,1,1,-1,1
61,-1,565,550,35,72,1,1,-1,0
62,-1,200,406,48,91,1,1,-1,1
62,-1,317,303,31,69,1,1,-1,1
62,-1,418,232,19,40,1,1,-1,1
62,-1,435,222,25,41,1,1,-1,0
62,-1,644,421,55,126,1,1,-1,1
62,-1,684,134,18,25,1,10,-1,1
62,-1,686,124,16,30,1,2,-1,1
62,-1,721,245,31,80,1,1,-1,0
62,-1,845,627,96,127,1,2,-1,1
62,-1,849,142,39,50,1,8,-1,1
62,-1,1181,503,98,117,1,10,-1,1
62,-1,1199,482,43,78,1,2,-1,2
62,-1,607,345,72,54,1,10,-1,1
62,-1,514,224,16,23,1,1,-1,1
62,-1,572,585,62,129,1,1,-1,0
62,-1,554,468,139,112,1,10,-1,1
62,-1,422,224,15,31,1,1,-1,1
62,-1,464,229,26,43,1,1,-1,0
62,-1,575,594,42,88,1,1,-1,0
63,-1,194,410,49,93,1,1,-1,1
63,-1,314,306,31,70,1,1,-1,1
63,-1,407,225,29,50,1,1,-1,1
63,-1,416,234,19,40,1,1,-1,1
63,-1,434,223,26,41,1,1,-1,0
63,-1,514,367,39,98,1,1,-1,0
63,-1,548,510,49,154,1,1,-1,1
63,-1,563,338,55,97,1,1,-1,0
63,-1,623,444,103,91,1,10,-1,1
63,-1,645,428,56,129,1,1,-1,1
63,-1,683,103,13,30,1,10,-1,0
63,-1,685,135,18,25,1,10,-1,1
63,-1,699,94,17,21,1,10,-1,0
63,-1,722,248,32,80,1,1,-1,0
63,-1,850,143,39,50,1,8,-1,1
63,-1,854,656,98,98,1,2,-1,1
63,-1,1194,482,79,108,1,2,-1,1
63,-1,1202,484,43,79,1,2,-1,2
63,-1,737,166,14,30,1,10,-1,0
63,-1,657,444,52,46,1,10,-1,1
63,-1,708,115,15,34,1,10,-1,0
63,-1,738,265,17,42,1,1,-1,0
63,-1,183,407,58,111,1,1,-1,1
63,-1,529,502,49,154,1,1,-1,1
63,-1,1177,488,80,110,1,2,-1,1
64,-1,310,310,33,70,1,1,-1,1
64,-1,319,338,19,60,1,1,-1,0
64,-1,513,373,40,99,1,1,-1,0
64,-1,547,523,50,157,1,1,-1,1
64,-1,564,594,43,94,1,1,-1,0
64,-1,582,498,131,104,1,10,-1,1
64,-1,623,453,105,93,1,10,-1,1
64,-1,646,436,57,131,1,1,-1,1
64,-1,685,135,19,26,1,10,-1,1
64,-1,699,94,17,21,1,10,-1,0
64,-1,723,156,19,41,1,10,-1,0
64,-1,851,143,40,51,1,8,-1,1
64,-1,1186,507,100,119,1,10,-1,1
64,-1,426,218,17,28,1,1,-1,0
64,-1,630,486,69,61,1,10,-1,1
64,-1,1216,542,53,64,1,10,-1,1
64,-1,856,172,59,75,1,8,-1,1
64,-1,643,410,82,189,1,1,-1,1
64,-1,708,155,23,31,1,10,-1,1
64,-1,675,107,27,37,1,10,-1,1
65,-1,182,418,52,96,1,1,-1,1
65,-1,307,313,33,72,1,1,-1,1
65,-1,316,342,20,59,1,1,-1,0
65,-1,413,238,19,41,1,1,-1,1
65,-1,419,214,23,54,1,1,-1,1
65,-1,432,225,26,42,1,1,-1,0
65,-1,511,379,41,100,1,1,-1,0
65,-1,523,221,29,31,1,2,-1,0
65,-1,562,346,57,100,1,1,-1,0
65,-1,563,608,42,95,1,1,-1,0
65,-1,582,510,133,106,1,10,-1,1
65,-1,599,343,87,63,1,10,-1,1
65,-1,623,462,107,95,1,10,-1,1
65,-1,665,198,40,60,1,7,-1,1
65,-1,685,103,13,30,1,10,-1,0
65,-1,686,136,19,27,1,10,-1,1
65,-1,688,127,16,30,1,2,-1,1
65,-1,725,254,32,80,1,1,-1,0
65,-1,1199,488,80,109,1,2,-1,1
65,-1,428,228,14,34,1,1,-1,1
65,-1,385,228,33,58,1,1,-1,1
65,-1,416,233,20,46,1,1,-1,1
65,-1,647,102,17,39,1,10,-1,0
65,-1,533,592,46,104,1,1,-1,0
65,-1,610,412,158,141,1,10,-1,1
65,-1,576,341,74,130,1,1,-1,0
66,-1,177,423,53,97,1,1,-1,1
66,-1,403,231,28,51,1,1,-1,1
66,-1,411,240,20,41,1,1,-1,1
66,-1,523,214,24,36,1,1,-1,1
66,-1,523,222,29,31,1,2,-1,0
66,-1,545,549,51,162,1,1,-1,1
66,-1,562,350,57,102,1,1,-1,0
66,-1,562,621,42,96,1,1,-1,0
66,-1,687,137,18,27,1,10,-1,1
66,-1,725,159,19,41,1,10,-1,0
66,-1,726,257,33,80,1,1,-1,0
66,-1,1211,491,44,84,1,2,-1,2
66,-1,727,122,24,36,1,10,-1,1
66,-1,607,364,124,89,1,10,-1,1
66,-1,578,590,40,90,1,1,-1,0
66,-1,442,253,25,51,1,1,-1,1
66,-1,323,305,20,44,1,1,-1,1
66,-1,283,305,36,79,1,1,-1,1
66,-1,621,488,85,75,1,10,-1,1
67,-1,310,349,20,60,1,1,-1,0
67,-1,401,233,29,51,1,1,-1,1
67,-1,522,223,30,31,1,2,-1,0
67,-1,523,216,23,36,1,1,-1,1
67,-1,544,562,52,165,1,1,-1,1
67,-1,561,635,41,97,1,1,-1,0
67,-1,562,355,58,103,1,1,-1,0
67,-1,623,480,110,98,1,10,-1,1
67,-1,649,459,59,139,1,1,-1,1
67,-1,688,137,18,28,1,10,-1,1
67,-1,690,195,22,59,1,1,-1,1
67,-1,726,161,19,40,1,10,-1,0
67,-1,728,260,33,80,1,1,-1,0
67,-1,1205,495,80,110,1,2,-1,1
67,-1,435,224,13,28,1,1,-1,1
67,-1,679,115,23,36,1,10,-1,1
67,-1,139,427,81,145,1,1,-1,1
67,-1,680,118,20,38,1,2,-1,1
67,-1,317,341,23,68,1,1,-1,0
67,-1,592,368,98,70,1,10,-1,1
67,-1,576,379,44,77,1,1,-1,0
68,-1,400,235,29,52,1,1,-1,1
68,-1,408,245,20,41,1,1,-1,1
68,-1,415,218,24,55,1,1,-1,1
68,-1,429,231,26,42,1,1,-1,0
68,-1,508,396,42,105,1,1,-1,0
68,-1,522,218,23,36,1,1,-1,1
68,-1,522,225,29,31,1,2,-1,0
68,-1,599,358,92,65,1,10,-1,1
68,-1,623,488,112,101,1,10,-1,1
68,-1,649,467,60,141,1,1,-1,1
68,-1,689,104,13,30,1,10,-1,0
68,-1,689,138,18,29,1,10,-1,1
68,-1,690,130,17,30,1,2,-1,1
68,-1,727,163,20,40,1,10,-1,0
68,-1,1218,499,45,87,1,2,-1,2
68,-1,295,319,37,78,1,1,-1,1
68,-1,400,211,32,57,1,1,-1,1
68,-1,1228,508,47,90,1,2,-1,2
68,-1,743,168,19,37,1,10,-1,0
68,-1,158,449,39,68,1,1,-1,1
68,-1,1160,506,133,156,1,10,-1,1
68,-1,810,145,56,72,1,8,-1,1
69,-1,158,448,58,101,1,1,-1,1
69,-1,304,356,20,60,1,1,-1,0
69,-1,398,236,29,53,1,1,-1,1
69,-1,406,247,21,42,1,1,-1,1
69,-1,427,233,26,43,1,1,-1,0
69,-1,507,402,42,107,1,1,-1,0
69,-1,521,226,30,31,1,2,-1,0
69,-1,559,366,58,106,1,1,-1,0
69,-1,581,559,143,113,1,10,-1,1
69,-1,598,362,94,66,1,10,-1,1
69,-1,650,475,61,144,1,1,-1,1
69,-1,689,138,19,30,1,10,-1,1
69,-1,690,105,13,30,1,10,-1,0
69,-1,691,131,16,30,1,2,-1,1
69,-1,728,164,20,41,1,10,-1,0
69,-1,732,267,34,85,1,1,-1,0
69,-1,1211,502,81,111,1,2,-1,1
69,-1,1221,503,46,88,1,2,-1,2
69,-1,545,230,26,27,1,2,-1,0
69,-1,649,217,61,88,1,7,-1,1
69,-1,722,109,23,28,1,10,-1,0
69,-1,520,334,84,154,1,1,-1,0
69,-1,601,472,149,135,1,10,-1,1
69,-1,549,345,62,113,1,1,-1,0
69,-1,555,521,194,153,1,10,-1,1
70,-1,152,457,60,101,1,1,-1,1
70,-1,404,249,21,42,1,1,-1,1
70,-1,426,235,26,43,1,1,-1,0
70,-1,521,228,30,31,1,2,-1,0
70,-1,598,367,96,67,1,10,-1,1
70,-1,651,482,62,147,1,1,-1,1
70,-1,690,139,19,31,1,10,-1,1
70,-1,692,201,22,60,1,1,-1,1
70,-1,700,96,17,21,1,10,-1,0
70,-1,858,147,41,52,1,8,-1,1
70,-1,1225,507,46,89,1,2,-1,2
70,-1,525,253,39,40,1,2,-1,0
70,-1,695,128,10,18,1,2,-1,1
70,-1,839,169,39,49,1,8,-1,1
70,-1,730,233,48,120,1,1,-1,0
70,-1,714,161,12,24,1,10,-1,0
70,-1,688,88,8,18,1,10,-1,0
70,-1,854,105,44,56,1,8,-1,1
71,-1,395,240,29,54,1,1,-1,1
71,-1,403,251,21,43,1,1,-1,1
71,-1,411,223,24,56,1,1,-1,1
71,-1,504,414,44,109,1,1,-1,0
71,-1,520,229,31,32,1,2,-1,0
71,-1,521,223,22,37,1,1,-1,1
71,-1,538,623,54,132,1,1,-1,1
71,-1,556,377,58,110,1,1,-1,0
71,-1,579,585,149,117,1,10,-1,1
71,-1,598,372,97,67,1,10,-1,1
71,-1,652,490,62,149,1,1,-1,1
71,-1,860,148,40,52,1,8,-1,1
71,-1,1217,509,82,112,1,2,-1,1
71,-1,1228,511,47,91,1,2,-1,2
71,-1,705,219,13,37,1,1,-1,1
71,-1,416,247,21,35,1,1,-1,0
71,-1,557,549,154,121,1,10,-1,1
71,-1,548,586,67,164,1,1,-1,1
71,-1,680,225,22,61,1,1,-1,1
71,-1,743,171,28,56,1,10,-1,0
71,-1,557,610,65,160,1,1,-1,1
72,-1,140,474,63,104,1,1,-1,1
72,-1,293,370,22,60,1,1,-1,0
72,-1,401,253,21,43,1,1,-1,1
72,-1,410,224,24,57,1,1,-1,1
72,-1,423,240,26,43,1,1,-1,0
72,-1,503,420,44,111,1,1,-1,0
72,-1,519,231,32,32,1,2,-1,0
72,-1,520,224,22,37,1,1,-1,1
72,-1,554,383,59,112,1,1,-1,0
72,-1,578,598,152,119,1,10,-1,1
72,-1,598,377,99,68,1,10,-1,1
72,-1,623,524,119,108,1,10,-1,1
72,-1,667,213,44,63,1,7,-1,1
72,-1,692,140,18,32,1,10,-1,1
72,-1,693,205,23,60,1,1,-1,1
72,-1,694,106,13,30,1,10,-1,0
72,-1,738,278,37,92,1,1,-1,0
72,-1,1205,531,110,128,1,10,-1,1
72,-1,1220,512,83,113,1,2,-1,1
72,-1,1226,526,57,77,1,2,-1,1
72,-1,1239,544,43,59,1,2,-1,1
72,-1,383,219,22,45,1,1,-1,1
72,-1,653,482,69,165,1,1,-1,1
72,-1,402,214,35,66,1,1,-1,1
72,-1,416,263,22,37,1,1,-1,0
72,-1,825,131,60,77,1,8,-1,1
73,-1,290,375,22,60,1,1,-1,0
73,-1,399,256,22,43,1,1,-1,1
73,-1,409,226,23,57,1,1,-1,1
73,-1,502,426,44,112,1,1,-1,0
73,-1,519,233,32,32,1,2,-1,0
73,-1,520,226,21,37,1,1,-1,1
73,-1,553,389,59,113,1,1,-1,0
73,-1,581,616,154,112,1,10,-1,1
73,-1,624,536,123,113,1,10,-1,1
73,-1,654,506,64,154,1,1,-1,1
73,-1,693,141,18,33,1,10,-1,1
73,-1,694,207,23,61,1,1,-1,1
73,-1,735,174,20,40,1,10,-1,0
73,-1,739,283,38,93,1,1,-1,0
73,-1,1209,535,111,129,1,10,-1,1
73,-1,1223,516,83,113,1,2,-1,1
73,-1,1235,518,47,94,1,2,-1,2
73,-1,417,261,11,22,1,1,-1,1
73,-1,396,268,13,26,1,1,-1,1
73,-1,1213,517,39,78,1,2,-1,2
73,-1,711,227,30,80,1,1,-1,1
73,-1,726,102,20,24,1,10,-1,0
73,-1,524,387,42,106,1,1,-1,0
73,-1,707,101,17,20,1,10,-1,0
74,-1,122,493,65,107,1,1,-1,1
74,-1,277,347,39,79,1,1,-1,1
74,-1,408,227,23,58,1,1,-1,1
74,-1,518,235,33,32,1,2,-1,0
74,-1,552,395,59,115,1,1,-1,0
74,-1,584,634,156,106,1,10,-1,1
74,-1,597,390,104,70,1,10,-1,1
74,-1,668,218,44,63,1,7,-1,1
74,-1,693,141,19,34,1,10,-1,1
74,-1,696,106,14,30,1,10,-1,0
74,-1,1214,540,109,129,1,10,-1,1
74,-1,1226,520,84,113,1,2,-1,1
74,-1,874,131,57,74,1,8,-1,1
74,-1,587,412,129,87,1,10,-1,1
74,-1,610,545,107,100,1,10,-1,1
74,-1,619,387,58,39,1,10,-1,1
74,-1,584,381,134,90,1,10,-1,1
74,-1,373,256,15,29,1,1,-1,1
74,-1,698,92,15,19,1,10,-1,0
75,-1,114,503,66,108,1,1,-1,1
75,-1,274,351,39,80,1,1,-1,1
75,-1,389,248,29,55,1,1,-1,1
75,-1,396,260,22,44,1,1,-1,1
75,-1,407,229,23,58,1,1,-1,1
75,-1,518,237,33,33,1,2,-1,0
75,-1,519,229,21,38,1,1,-1,1
75,-1,550,404,62,116,1,1,-1,0
75,-1,588,653,157,99,1,10,-1,1
75,-1,597,396,106,72,1,10,-1,1
75,-1,694,142,19,34,1,10,-1,1
75,-1,696,211,23,61,1,1,-1,1
75,-1,698,107,13,30,1,10,-1,0
75,-1,701,98,17,21,1,10,-1,0
75,-1,737,168,22,39,1,2,-1,1
75,-1,741,182,21,42,1,10,-1,1
75,-1,743,293,38,95,1,1,-1,0
75,-1,864,150,42,54,1,8,-1,1
75,-1,1219,545,107,129,1,10,-1,1
75,-1,1230,524,85,113,1,2,-1,1
75,-1,1242,526,48,97,1,2,-1,2
75,-1,268,370,20,52,1,1,-1,0
75,-1,563,400,54,100,1,1,-1,0
75,-1,1253,573,74,89,1,10,-1,1
75,-1,697,90,9,22,1,10,-1,0
75,-1,699,535,52,111,1,1,-1,1
75,-1,376,231,41,78,1,1,-1,1
75,-1,261,391,29,59,1,1,-1,1
76,-1,105,512,67,110,1,1,-1,1
76,-1,271,356,40,80,1,1,-1,1
76,-1,279,390,24,60,1,1,-1,0
76,-1,388,250,29,55,1,1,-1,1
76,-1,405,230,24,58,1,1,-1,1
76,-1,495,451,47,117,1,1,-1,0
76,-1,596,403,109,73,1,10,-1,1
76,-1,629,572,135,128,1,10,-1,1
76,-1,658,552,69,138,1,1,-1,1
76,-1,695,142,19,36,1,10,-1,1
76,-1,696,213,24,62,1,1,-1,1
76,-1,699,107,13,30,1,10,-1,0
76,-1,738,170,22,39,1,2,-1,1
76,-1,742,184,21,42,1,10,-1,1
76,-1,1224,550,105,129,1,10,-1,1
76,-1,1235,528,85,114,1,2,-1,1
76,-1,1245,530,49,98,1,2,-1,2
76,-1,637,601,107,101,1,10,-1,1
76,-1,743,196,16,28,1,2,-1,1
76,-1,513,484,24,60,1,1,-1,0
76,-1,700,125,17,32,1,2,-1,1
76,-1,743,180,25,50,1,10,-1,1
76,-1,679,201,27,70,1,1,-1,1
76,-1,438,216,37,64,1,1,-1,0
77,-1,268,360,40,82,1,1,-1,1
77,-1,393,264,22,45,1,1,-1,1
77,-1,404,232,23,58,1,1,-1,1
77,-1,517,241,34,33,1,2,-1,0
77,-1,596,409,111,75,1,10,-1,1
77,-1,629,594,140,124,1,10,-1,1
77,-1,659,567,71,133,1,1,-1,1
77,-1,669,225,46,64,1,7,-1,1
77,-1,696,143,19,36,1,10,-1,1
77,-1,697,215,24,62,1,1,-1,1
77,-1,700,107,13,30,1,10,-1,0
77,-1,743,186,21,42,1,10,-1,1
77,-1,746,305,39,96,1,1,-1,0
77,-1,1239,532,86,115,1,2,-1,1
77,-1,1249,534,49,100,1,2,-1,2
77,-1,726,165,29,58,1,10,-1,1
77,-1,776,202,24,47,1,10,-1,1
77,-1,245,359,38,77,1,1,-1,1
77,-1,700,146,22,40,1,2,-1,1
77,-1,274,366,21,43,1,1,-1,1
77,-1,741,149,30,51,1,2,-1,1
77,-1,244,357,43,87,1,1,-1,1
78,-1,88,532,69,113,1,1,-1,0
78,-1,272,400,25,60,1,1,-1,0
78,-1,415,253,25,44,1,1,-1,0
78,-1,490,470,48,120,1,1,-1,0
78,-1,516,242,35,34,1,2,-1,0
78,-1,517,234,21,39,1,1,-1,1
78,-1,546,432,72,120,1,1,-1,0
78,-1,596,416,113,76,1,10,-1,1
78,-1,660,582,73,129,1,1,-1,1
78,-1,698,139,16,31,1,2,-1,1
78,-1,701,108,14,30,1,10,-1,0
78,-1,708,195,28,59,1,1,-1,1
78,-1,741,174,23,39,1,2,-1,1
78,-1,744,188,21,42,1,10,-1,1
78,-1,748,311,39,97,1,1,-1,0
78,-1,1234,560,101,129,1,10,-1,1
78,-1,1244,536,86,116,1,2,-1,1
78,-1,530,408,91,152,1,1,-1,0
78,-1,274,384,30,61,1,1,-1,1
78,-1,703,153,22,43,1,10,-1,1
78,-1,424,257,24,42,1,1,-1,0
78,-1,1239,539,130,166,1,10,-1,1
78,-1,508,238,19,35,1,1,-1,1
78,-1,392,269,21,42,1,1,-1,1
79,-1,74,545,71,113,1,1,-1,0
79,-1,261,369,42,83,1,1,-1,1
79,-1,269,406,25,60,1,1,-1,0
79,-1,383,255,30,57,1,1,-1,1
79,-1,389,269,23,45,1,1,-1,1
79,-1,487,479,49,122,1,1,-1,0
79,-1,545,441,74,121,1,1,-1,0
79,-1,596,423,116,77,1,10,-1,1
79,-1,670,229,47,65,1,7,-1,1
79,-1,698,145,19,37,1,10,-1,1
79,-1,703,108,13,30,1,10,-1,0
79,-1,742,176,23,39,1,2,-1,1
79,-1,751,316,40,98,1,1,-1,0
79,-1,1240,565,98,129,1,10,-1,1
79,-1,1248,540,87,117,1,2,-1,1
79,-1,711,126,22,27,1,10,-1,0
79,-1,873,174,55,71,1,8,-1,1
79,-1,387,231,29,74,1,1,-1,1
79,-1,692,74,17,21,1,10,-1,0
79,-1,648,223,48,67,1,7,-1,1
79,-1,376,279,12,23,1,1,-1,1
79,-1,720,141,21,40,1,2,-1,1
80,-1,60,559,74,113,1,1,-1,0
80,-1,263,412,26,61,1,1,-1,0
80,-1,382,257,29,58,1,1,-1,1
80,-1,388,271,23,45,1,1,-1,1
80,-1,412,258,25,43,1,1,-1,0
80,-1,485,489,49,124,1,1,-1,0
80,-1,515,246,36,35,1,2,-1,0
80,-1,596,431,118,78,1,10,-1,1
80,-1,627,648,152,106,1,10,-1,1
80,-1,699,141,17,31,1,2,-1,1
80,-1,699,146,19,38,1,10,-1,1
80,-1,701,99,17,21,1,10,-1,0
80,-1,704,108,13,30,1,10,-1,0
80,-1,711,199,28,61,1,1,-1,1
80,-1,743,178,24,39,1,2,-1,1
80,-1,747,193,21,42,1,10,-1,1
80,-1,755,321,41,99,1,1,-1,0
80,-1,871,155,43,55,1,8,-1,1
80,-1,1253,545,87,117,1,2,-1,1
80,-1,1260,545,49,101,1,2,-1,2
80,-1,714,187,28,61,1,1,-1,1
80,-1,397,253,33,65,1,1,-1,1
80,-1,231,337,54,107,1,1,-1,1
80,-1,671,650,86,60,1,10,-1,1
80,-1,727,185,21,34,1,2,-1,1
80,-1,248,402,33,78,1,1,-1,0
80,-1,512,252,46,44,1,2,-1,0
81,-1,46,573,76,113,1,1,-1,0
81,-1,380,259,30,58,1,1,-1,1
81,-1,386,273,23,46,1,1,-1,1
81,-1,399,238,23,60,1,1,-1,1
81,-1,411,260,25,44,1,1,-1,0
81,-1,482,499,50,126,1,1,-1,0
81,-1,516,239,20,39,1,1,-1,1
81,-1,542,459,81,124,1,1,-1,0
81,-1,670,234,48,66,1,7,-1,1
81,-1,699,148,19,36,1,10,-1,1
81,-1,700,224,25,62,1,1,-1,1
81,-1,702,100,17,21,1,10,-1,0
81,-1,705,109,13,30,1,10,-1,0
81,-1,713,201,28,62,1,1,-1,1
81,-1,748,195,21,42,1,10,-1,1
81,-1,758,326,42,100,1,1,-1,0
81,-1,873,156,43,56,1,8,-1,1
81,-1,1250,573,89,129,1,10,-1,1
81,-1,1259,550,80,119,1,2,-1,1
81,-1,1264,549,48,99,1,2,-1,2
81,-1,723,237,17,39,1,1,-1,1
81,-1,706,114,11,26,1,10,-1,0
81,-1,394,236,29,75,1,1,-1,1
81,-1,43,619,63,94,1,1,-1,0
81,-1,1251,580,31,63,1,2,-1,2
81,-1,694,175,20,36,1,2,-1,1
81,-1,522,396,117,179,1,1,-1,0
82,-1,251,382,44,85,1,1,-1,1
82,-1,253,424,26,63,1,1,-1,0
82,-1,379,261,29,58,1,1,-1,1
82,-1,384,275,24,46,1,1,-1,1
82,-1,398,239,23,61,1,1,-1,1
82,-1,514,250,37,35,1,2,-1,0
82,-1,541,469,84,125,1,1,-1,0
82,-1,596,447,122,80,1,10,-1,1
82,-1,671,236,48,66,1,7,-1,1
82,-1,700,150,18,35,1,10,-1,1
82,-1,701,143,16,31,1,2,-1,1
82,-1,702,100,17,21,1,10,-1,0
82,-1,706,109,14,30,1,10,-1,0
82,-1,715,203,28,63,1,1,-1,1
82,-1,762,332,43,100,1,1,-1,0
82,-1,1255,577,85,129,1,10,-1,1
82,-1,1262,554,79,119,1,2,-1,1
82,-1,519,434,110,163,1,1,-1,0
82,-1,39,567,89,129,1,1,-1,0
82,-1,532,222,19,37,1,1,-1,1
82,-1,240,424,29,69,1,1,-1,0
82,-1,719,209,30,58,1,10,-1,1
82,-1,1260,548,116,176,1,10,-1,1
82,-1,716,125,20,43,1,10,-1,0
83,-1,22,605,80,113,1,1,-1,0
83,-1,383,278,24,46,1,1,-1,1
83,-1,397,241,23,61,1,1,-1,1
83,-1,408,264,25,44,1,1,-1,0
83,-1,539,480,86,127,1,1,-1,0
83,-1,596,455,124,81,1,10,-1,1
83,-1,700,152,18,34,1,10,-1,1
83,-1,702,100,17,21,1,10,-1,0
83,-1,702,144,16,31,1,2,-1,1
83,-1,750,200,22,42,1,10,-1,1
83,-1,1260,581,81,129,1,10,-1,1
83,-1,1266,559,77,118,1,2,-1,1
83,-1,389,247,29,55,1,1,-1,1
83,-1,539,250,13,27,1,1,-1,1
83,-1,594,480,106,70,1,10,-1,1
83,-1,529,466,86,127,1,1,-1,0
83,-1,759,195,19,36,1,10,-1,1
83,-1,709,147,12,23,1,2,-1,1
83,-1,22,592,107,151,1,1,-1,0
84,-1,11,623,82,113,1,1,-1,0
84,-1,243,437,27,64,1,1,-1,0
84,-1,245,391,45,87,1,1,-1,1
84,-1,380,280,24,46,1,1,-1,1
84,-1,396,243,23,61,1,1,-1,1
84,-1,406,266,26,45,1,1,-1,0
84,-1,473,531,56,132,1,1,-1,0
84,-1,513,254,39,36,1,2,-1,0
84,-1,514,244,19,40,1,1,-1,1
84,-1,537,492,88,128,1,1,-1,0
84,-1,701,154,17,32,1,10,-1,1
84,-1,702,101,17,21,1,10,-1,0
84,-1,702,145,17,31,1,2,-1,1
84,-1,702,230,26,63,1,1,-1,1
84,-1,718,207,28,65,1,1,-1,1
84,-1,749,187,25,38,1,2,-1,1
84,-1,751,202,22,42,1,10,-1,1
84,-1,878,160,43,56,1,8,-1,1
84,-1,1271,561,72,118,1,2,-1,1
84,-1,1278,560,45,93,1,2,-1,2
84,-1,230,415,44,85,1,1,-1,1
84,-1,509,235,26,24,1,2,-1,0
84,-1,1253,505,99,162,1,2,-1,1
84,-1,714,83,18,41,1,10,-1,0
84,-1,767,169,34,52,1,2,-1,1
84,-1,681,114,23,41,1,2,-1,1
84,-1,533,455,82,119,1,1,-1,0
85,-1,238,443,27,65,1,1,-1,0
85,-1,374,267,30,59,1,1,-1,1
85,-1,378,283,24,46,1,1,-1,1
85,-1,405,269,25,44,1,1,-1,0
85,-1,470,542,58,134,1,1,-1,0
85,-1,513,252,38,41,1,2,-1,0
85,-1,514,246,19,40,1,1,-1,1
85,-1,594,468,127,85,1,10,-1,1
85,-1,702,101,17,21,1,10,-1,0
85,-1,703,146,17,31,1,2,-1,1
85,-1,703,232,26,64,1,1,-1,1
85,-1,710,110,14,30,1,10,-1,0
85,-1,750,189,26,38,1,2,-1,1
85,-1,771,351,44,103,1,1,-1,0
85,-1,725,234,30,70,1,1,-1,1
85,-1,857,168,44,56,1,8,-1,1
85,-1,723,212,29,69,1,1,-1,1
85,-1,704,130,8,18,1,10,-1,0
85,-1,772,368,33,78,1,1,-1,0
85,-1,484,551,67,156,1,1,-1,0
86,-1,592,474,128,87,1,10,-1,1
86,-1,672,245,51,68,1,7,-1,1
86,-1,702,158,17,30,1,10,-1,1
86,-1,708,229,34,56,1,10,-1,2
86,-1,711,110,14,30,1,10,-1,0
86,-1,751,191,26,38,1,2,-1,1
86,-1,773,360,44,104,1,1,-1,0
86,-1,881,162,43,57,1,8,-1,1
86,-1,1267,592,74,127,1,10,-1,1
86,-1,1287,568,43,89,1,2,-1,2
86,-1,1296,594,22,46,1,2,-1,2
86,-1,705,170,22,39,1,10,-1,1
86,-1,1264,599,47,80,1,10,-1,1
86,-1,688,202,27,65,1,1,-1,1
86,-1,708,267,31,76,1,1,-1,1
86,-1,503,290,50,49,1,2,-1,0
87,-1,227,408,47,91,1,1,-1,1
87,-1,228,455,27,67,1,1,-1,0
87,-1,510,260,37,36,1,2,-1,0
87,-1,538,525,92,131,1,1,-1,0
87,-1,591,483,130,89,1,10,-1,1
87,-1,702,102,17,21,1,10,-1,0
87,-1,705,147,16,32,1,2,-1,1
87,-1,709,232,34,56,1,10,-1,2
87,-1,713,111,13,30,1,10,-1,0
87,-1,724,213,28,68,1,1,-1,1
87,-1,753,193,26,38,1,2,-1,1
87,-1,755,209,22,42,1,10,-1,1
87,-1,775,364,45,108,1,1,-1,0
87,-1,883,163,43,58,1,8,-1,1
87,-1,888,149,56,76,1,8,-1,1
87,-1,725,237,24,58,1,1,-1,1
87,-1,381,316,14,26,1,1,-1,1
87,-1,705,168,16,28,1,10,-1,1
87,-1,362,280,31,59,1,1,-1,1
87,-1,770,182,25,37,1,2,-1,1
88,-1,221,413,48,93,1,1,-1,1
88,-1,223,461,27,68,1,1,-1,0
88,-1,367,274,31,61,1,1,-1,1
88,-1,372,291,24,46,1,1,-1,1
88,-1,387,252,24,60,1,1,-1,1
88,-1,512,251,19,41,1,1,-1,1
88,-1,591,492,132,92,1,10,-1,1
88,-1,680,104,18,30,1,10,-1,0
88,-1,705,148,17,32,1,2,-1,1
88,-1,714,111,13,30,1,10,-1,0
88,-1,725,215,28,69,1,1,-1,1
88,-1,756,211,22,42,1,10,-1,1
88,-1,884,165,44,58,1,8,-1,1
88,-1,679,86,19,32,1,10,-1,0
88,-1,677,239,40,97,1,1,-1,1
88,-1,1295,554,24,55,1,2,-1,2
88,-1,561,549,76,108,1,1,-1,0
88,-1,527,544,102,144,1,1,-1,0
88,-1,515,257,26,25,1,2,-1,0
88,-1,397,278,25,49,1,1,-1,1
89,-1,218,468,28,68,1,1,-1,0
89,-1,364,277,31,61,1,1,-1,1
89,-1,369,294,24,46,1,1,-1,1
89,-1,385,254,24,61,1,1,-1,1
89,-1,400,278,25,45,1,1,-1,0
89,-1,456,598,61,139,1,1,-1,0
89,-1,509,264,38,37,1,2,-1,0
89,-1,512,253,18,41,1,1,-1,1
89,-1,673,252,52,69,1,7,-1,1
89,-1,703,102,17,21,1,10,-1,0
89,-1,705,161,18,29,1,10,-1,1
89,-1,706,149,17,32,1,2,-1,1
89,-1,713,240,34,56,1,10,-1,2
89,-1,715,111,14,30,1,10,-1,0
89,-1,727,217,28,70,1,1,-1,1
89,-1,756,198,27,38,1,2,-1,1
89,-1,886,166,44,58,1,8,-1,1
89,-1,1272,602,69,124,1,10,-1,1
89,-1,1298,578,38,92,1,2,-1,2
89,-1,760,355,60,148,1,1,-1,0
89,-1,363,266,22,43,1,1,-1,1
89,-1,406,260,35,62,1,1,-1,0
89,-1,585,485,186,131,1,10,-1,1
89,-1,867,171,59,78,1,8,-1,1
89,-1,726,113,9,19,1,10,-1,0
89,-1,207,462,38,93,1,1,-1,0
90,-1,210,425,48,95,1,1,-1,1
90,-1,213,474,28,69,1,1,-1,0
90,-1,453,612,61,140,1,1,-1,0
90,-1,508,266,39,38,1,2,-1,0
90,-1,511,254,18,41,1,1,-1,1
90,-1,527,258,15,30,1,2,-1,2
90,-1,530,558,97,138,1,1,-1,0
90,-1,591,510,135,97,1,10,-1,1
90,-1,706,162,18,28,1,10,-1,1
90,-1,707,150,17,32,1,2,-1,1
90,-1,715,243,34,57,1,10,-1,2
90,-1,716,112,14,30,1,10,-1,0
90,-1,785,381,48,116,1,1,-1,0
90,-1,887,167,45,59,1,8,-1,1
90,-1,1302,581,36,94,1,2,-1,2
90,-1,739,239,19,49,1,1,-1,1
90,-1,764,348,64,156,1,1,-1,0
90,-1,499,232,27,61,1,1,-1,1
90,-1,595,514,164,118,1,10,-1,1
90,-1,515,255,31,30,1,2,-1,0
90,-1,533,242,10,22,1,1,-1,1
90,-1,543,250,9,21,1,1,-1,1
91,-1,208,480,28,70,1,1,-1,0
91,-1,358,282,32,62,1,1,-1,1
91,-1,365,300,24,46,1,1,-1,1
91,-1,394,282,28,46,1,1,-1,0
91,-1,450,626,64,127,1,1,-1,0
91,-1,508,268,39,39,1,2,-1,0
91,-1,511,256,17,41,1,1,-1,1
91,-1,591,520,137,99,1,10,-1,1
91,-1,674,256,53,70,1,7,-1,1
91,-1,703,103,17,21,1,10,-1,0
91,-1,707,163,18,28,1,10,-1,1
91,-1,708,245,27,65,1,1,-1,1
91,-1,717,247,34,56,1,10,-1,2
91,-1,718,112,13,30,1,10,-1,0
91,-1,764,220,24,43,1,10,-1,1
91,-1,789,388,50,116,1,1,-1,0
91,-1,1275,609,66,121,1,10,-1,1
91,-1,796,375,50,117,1,1,-1,0
91,-1,470,635,57,113,1,1,-1,0
91,-1,485,273,56,56,1,2,-1,0
91,-1,700,251,38,92,1,1,-1,1
91,-1,396,249,37,90,1,1,-1,1
91,-1,792,376,55,129,1,1,-1,0
91,-1,527,257,15,37,1,1,-1,1
92,-1,198,436,50,98,1,1,-1,1
92,-1,363,302,24,46,1,1,-1,1
92,-1,379,261,25,60,1,1,-1,1
92,-1,391,285,30,46,1,1,-1,0
92,-1,506,270,39,38,1,2,-1,0
92,-1,510,258,18,41,1,1,-1,1
92,-1,525,262,15,31,1,2,-1,2
92,-1,526,581,100,143,1,1,-1,0
92,-1,590,531,140,102,1,10,-1,1
92,-1,703,103,17,21,1,10,-1,0
92,-1,707,248,28,66,1,1,-1,1
92,-1,708,152,17,32,1,2,-1,1
92,-1,708,164,18,28,1,10,-1,1
92,-1,732,223,28,73,1,1,-1,1
92,-1,765,204,27,38,1,2,-1,1
92,-1,891,169,44,60,1,8,-1,1
92,-1,1276,612,65,121,1,10,-1,1
92,-1,705,116,24,29,1,10,-1,0
92,-1,542,584,74,106,1,1,-1,0
92,-1,521,281,13,30,1,1,-1,1
92,-1,758,192,26,36,1,2,-1,1
92,-1,727,142,23,43,1,2,-1,1
92,-1,362,289,37,73,1,1,-1,1
92,-1,785,235,24,41,1,10,-1,1
93,-1,193,442,49,99,1,1,-1,1
93,-1,361,305,24,46,1,1,-1,1
93,-1,377,263,25,61,1,1,-1,1
93,-1,389,287,30,46,1,1,-1,0
93,-1,445,654,69,101,1,1,-1,0
93,-1,505,272,39,38,1,2,-1,0
93,-1,510,259,17,42,1,1,-1,1
93,-1,589,542,144,105,1,10,-1,1
93,-1,680,106,18,30,1,10,-1,0
93,-1,703,104,17,21,1,10,-1,0
93,-1,707,251,29,67,1,1,-1,1
93,-1,720,254,34,57,1,10,-1,2
93,-1,734,225,28,74,1,1,-1,1
93,-1,771,226,25,44,1,10,-1,1
93,-1,796,405,53,119,1,1,-1,0
93,-1,892,171,45,59,1,8,-1,1
93,-1,1309,593,32,99,1,2,-1,2
93,-1,492,252,20,49,1,1,-1,1
93,-1,902,180,25,32,1,8,-1,1
93,-1,214,469,28,56,1,1,-1,1
93,-1,666,280,72,93,1,7,-1,1
93,-1,701,112,10,13,1,10,-1,0
93,-1,683,245,73,95,1,7,-1,1
93,-1,522,242,21,40,1,2,-1,2
94,-1,187,448,50,100,1,1,-1,1
94,-1,189,502,30,74,1,1,-1,0
94,-1,358,308,24,46,1,1,-1,1
94,-1,523,267,16,31,1,2,-1,2
94,-1,588,553,147,108,1,10,-1,1
94,-1,703,104,17,21,1,10,-1,0
94,-1,707,254,30,68,1,1,-1,1
94,-1,710,154,17,32,1,2,-1,1
94,-1,710,168,18,26,1,10,-1,1
94,-1,721,113,14,30,1,10,-1,0
94,-1,771,209,28,38,1,2,-1,1
94,-1,773,229,25,45,1,10,-1,1
94,-1,1279,619,62,118,1,10,-1,1
94,-1,1310,598,31,100,1,2,-1,2
94,-1,765,250,24,43,1,10,-1,1
94,-1,895,155,49,65,1,8,-1,1
94,-1,523,256,14,27,1,2,-1,2
94,-1,367,292,26,63,1,1,-1,1
94,-1,710,231,18,40,1,1,-1,1
94,-1,366,309,29,55,1,1,-1,1
94,-1,157,485,29,72,1,1,-1,0
95,-1,181,453,51,102,1,1,-1,1
95,-1,181,512,31,75,1,1,-1,0
95,-1,347,293,34,64,1,1,-1,1
95,-1,356,311,24,46,1,1,-1,1
95,-1,383,292,34,47,1,1,-1,0
95,-1,503,277,39,37,1,2,-1,0
95,-1,509,263,16,42,1,1,-1,1
95,-1,587,565,151,110,1,10,-1,1
95,-1,676,266,55,71,1,7,-1,1
95,-1,711,170,18,26,1,10,-1,1
95,-1,723,113,13,30,1,10,-1,0
95,-1,511,302,10,18,1,2,-1,2
95,-1,780,211,24,33,1,2,-1,1
95,-1,525,295,18,32,1,2,-1,2
95,-1,687,276,66,86,1,7,-1,1
95,-1,571,531,214,156,1,10,-1,1
95,-1,799,423,78,177,1,1,-1,0
96,-1,172,522,32,76,1,1,-1,0
96,-1,175,459,52,103,1,1,-1,1
96,-1,344,296,34,64,1,1,-1,1
96,-1,354,313,24,46,1,1,-1,1
96,-1,502,279,38,37,1,2,-1,0
96,-1,676,269,55,72,1,7,-1,1
96,-1,704,105,17,21,1,10,-1,0
96,-1,706,261,33,69,1,1,-1,1
96,-1,711,156,17,32,1,2,-1,1
96,-1,712,170,18,27,1,10,-1,1
96,-1,740,232,28,76,1,1,-1,1
96,-1,777,214,29,38,1,2,-1,1
96,-1,777,236,27,48,1,10,-1,1
96,-1,808,433,56,126,1,1,-1,0
96,-1,161,539,36,85,1,1,-1,0
96,-1,710,127,9,11,1,10,-1,0
96,-1,173,524,40,95,1,1,-1,0
96,-1,707,166,13,19,1,10,-1,1
96,-1,334,275,47,88,1,1,-1,1
96,-1,705,226,31,65,1,1,-1,1
97,-1,164,532,33,78,1,1,-1,0
97,-1,342,299,34,65,1,1,-1,1
97,-1,378,298,34,48,1,1,-1,0
97,-1,501,281,38,38,1,2,-1,0
97,-1,508,266,16,43,1,1,-1,1
97,-1,527,658,97,96,1,1,-1,0
97,-1,586,590,159,114,1,10,-1,1
97,-1,677,273,55,73,1,7,-1,1
97,-1,680,107,18,30,1,10,-1,0
97,-1,706,264,34,70,1,1,-1,1
97,-1,712,157,17,32,1,2,-1,1
97,-1,713,170,18,28,1,10,-1,1
97,-1,725,114,14,30,1,10,-1,0
97,-1,778,217,29,40,1,2,-1,1
97,-1,779,240,28,48,1,10,-1,1
97,-1,813,442,58,127,1,1,-1,0
97,-1,899,175,45,61,1,8,-1,1
97,-1,821,457,40,87,1,1,-1,0
97,-1,500,632,139,138,1,1,-1,0
97,-1,742,109,19,40,1,10,-1,0
97,-1,779,245,22,38,1,10,-1,1
97,-1,767,279,18,29,1,10,-1,2
97,-1,721,143,16,31,1,2,-1,1
98,-1,156,542,34,79,1,1,-1,0
98,-1,339,302,34,65,1,1,-1,1
98,-1,350,319,24,46,1,1,-1,1
98,-1,366,275,27,60,1,1,-1,1
98,-1,500,283,38,39,1,2,-1,0
98,-1,519,276,18,32,1,2,-1,2
98,-1,586,603,162,116,1,10,-1,1
98,-1,680,108,18,30,1,10,-1,0
98,-1,704,105,17,21,1,10,-1,0
98,-1,706,267,34,72,1,1,-1,1
98,-1,744,240,29,78,1,1,-1,1
98,-1,781,243,29,50,1,10,-1,1
98,-1,819,452,59,129,1,1,-1,0
98,-1,900,177,46,61,1,8,-1,1
98,-1,726,120,12,15,1,10,-1,0
98,-1,392,305,28,42,1,1,-1,0
98,-1,706,103,21,26,1,10,-1,0
98,-1,683,101,19,31,1,10,-1,0
98,-1,497,273,26,46,1,2,-1,2
98,-1,540,298,15,41,1,1,-1,1
99,-1,158,476,53,107,1,1,-1,1
99,-1,336,304,35,66,1,1,-1,1
99,-1,499,286,38,39,1,2,-1,0
99,-1,507,270,16,43,1,1,-1,1
99,-1,518,279,19,31,1,2,-1,2
99,-1,679,280,55,76,1,7,-1,1
99,-1,704,105,17,21,1,10,-1,0
99,-1,715,171,18,30,1,10,-1,0
99,-1,731,277,35,56,1,10,-1,2
99,-1,825,462,61,131,1,1,-1,0
99,-1,902,178,46,62,1,8,-1,1
99,-1,172,434,62,125,1,1,-1,1
99,-1,755,117,12,29,1,10,-1,0
99,-1,891,174,35,47,1,8,-1,1
99,-1,338,328,30,56,1,1,-1,1
99,-1,363,319,18,34,1,1,-1,1
99,-1,869,164,59,79,1,8,-1,1
100,-1,333,307,36,66,1,1,-1,1
100,-1,362,279,27,60,1,1,-1,1
100,-1,498,288,38,40,1,2,-1,0
100,-1,506,272,16,43,1,1,-1,1
100,-1,518,281,18,32,1,2,-1,2
100,-1,681,109,18,30,1,10,-1,0
100,-1,704,106,17,21,1,10,-1,0
100,-1,705,273,37,74,1,1,-1,1
100,-1,729,115,14,30,1,10,-1,0
100,-1,783,228,30,46,1,2,-1,1
100,-1,785,251,31,52,1,10,-1,1
100,-1,750,288,19,32,1,10,-1,2
100,-1,707,274,26,52,1,1,-1,1
100,-1,680,103,16,27,1,10,-1,0
100,-1,730,251,47,80,1,10,-1,2
100,-1,702,183,24,40,1,10,-1,1
100,-1,826,435,85,180,1,1,-1,0
101,-1,330,310,36,66,1,1,-1,1
101,-1,343,327,24,46,1,1,-1,1
101,-1,360,281,27,61,1,1,-1,1
101,-1,497,290,38,41,1,2,-1,0
101,-1,517,283,18,32,1,2,-1,2
101,-1,585,646,172,106,1,10,-1,1
101,-1,704,106,17,21,1,10,-1,0
101,-1,705,277,38,74,1,1,-1,1
101,-1,714,173,18,30,1,10,-1,1
101,-1,715,161,17,32,1,2,-1,1
101,-1,730,115,14,30,1,10,-1,0
101,-1,905,180,46,63,1,8,-1,1
101,-1,829,434,86,198,1,1,-1,0
101,-1,364,319,27,44,1,1,-1,0
101,-1,364,265,36,81,1,1,-1,1
101,-1,803,239,22,37,1,10,-1,1
101,-1,534,299,24,43,1,2,-1,2
101,-1,500,284,33,36,1,2,-1,0
102,-1,341,330,24,46,1,1,-1,1
102,-1,496,292,37,42,1,2,-1,0
102,-1,504,277,16,42,1,1,-1,1
102,-1,516,286,19,32,1,2,-1,2
102,-1,682,291,55,80,1,7,-1,1
102,-1,704,106,17,21,1,10,-1,0
102,-1,715,175,18,30,1,10,-1,1
102,-1,716,163,17,32,1,2,-1,1
102,-1,736,288,35,57,1,10,-1,2
102,-1,754,257,30,81,1,1,-1,1
102,-1,791,259,33,54,1,10,-1,1
102,-1,843,495,60,148,1,1,-1,0
102,-1,737,165,23,39,1,10,-1,1
102,-1,759,106,8,17,1,10,-1,0
102,-1,702,318,25,41,1,10,-1,2
102,-1,379,289,45,74,1,1,-1,0
102,-1,804,230,36,60,1,2,-1,1
102,-1,717,282,28,53,1,1,-1,1
103,-1,114,591,39,86,1,1,-1,0
103,-1,339,333,24,46,1,1,-1,1
103,-1,356,286,27,60,1,1,-1,1
103,-1,495,295,37,42,1,2,-1,0
103,-1,503,280,16,41,1,1,-1,1
103,-1,515,288,19,32,1,2,-1,2
103,-1,681,112,19,30,1,10,-1,0
103,-1,705,107,17,21,1,10,-1,0
103,-1,733,116,13,30,1,10,-1,0
103,-1,738,291,35,57,1,10,-1,2
103,-1,795,263,33,56,1,10,-1,1
103,-1,846,509,64,153,1,1,-1,0
103,-1,908,183,47,63,1,8,-1,1
103,-1,120,575,39,85,1,1,-1,0
103,-1,693,129,11,17,1,10,-1,0
103,-1,128,534,31,61,1,1,-1,1
103,-1,537,274,10,26,1,1,-1,1
103,-1,135,479,72,140,1,1,-1,1
103,-1,367,266,17,38,1,1,-1,1
104,-1,119,519,59,114,1,1,-1,1
104,-1,322,318,37,68,1,1,-1,1
104,-1,354,288,27,60,1,1,-1,1
104,-1,363,317,28,51,1,1,-1,0
104,-1,514,290,20,33,1,2,-1,2
104,-1,684,299,55,82,1,7,-1,1
104,-1,704,286,42,77,1,1,-1,1
104,-1,717,179,18,30,1,10,-1,1
104,-1,734,116,14,30,1,10,-1,0
104,-1,758,265,32,83,1,1,-1,1
104,-1,798,267,34,57,1,10,-1,1
104,-1,799,246,31,54,1,2,-1,1
104,-1,850,523,68,159,1,1,-1,0
104,-1,910,181,55,75,1,8,-1,1
104,-1,419,332,19,35,1,1,-1,0
104,-1,498,309,25,29,1,2,-1,0
104,-1,353,325,16,31,1,1,-1,1
104,-1,362,305,32,72,1,1,-1,1
104,-1,343,308,27,50,1,1,-1,0
105,-1,97,610,41,90,1,1,-1,0
105,-1,110,529,61,116,1,1,-1,1
105,-1,333,340,25,47,1,1,-1,1
105,-1,361,320,27,51,1,1,-1,0
105,-1,493,299,37,44,1,2,-1,0
105,-1,501,285,17,40,1,1,-1,1
105,-1,513,293,20,32,1,2,-1,2
105,-1,682,115,18,29,1,10,-1,0
105,-1,705,107,17,21,1,10,-1,0
105,-1,717,181,18,29,1,10,-1,1
105,-1,719,168,17,32,1,2,-1,1
105,-1,742,299,35,57,1,10,-1,2
105,-1,761,270,31,84,1,1,-1,1
105,-1,801,271,35,58,1,10,-1,1
105,-1,856,540,70,159,1,1,-1,0
105,-1,756,214,23,37,1,10,-1,1
105,-1,929,213,45,63,1,8,-1,1
105,-1,715,113,17,21,1,10,-1,0
105,-1,892,577,55,126,1,1,-1,0
105,-1,516,290,28,45,1,2,-1,2
105,-1,102,665,40,89,1,1,-1,0
106,-1,346,294,29,61,1,1,-1,1
106,-1,500,287,17,40,1,1,-1,1
106,-1,685,306,56,85,1,7,-1,1
106,-1,704,293,43,79,1,1,-1,1
106,-1,720,170,17,32,1,2,-1,1
106,-1,763,274,32,85,1,1,-1,1
106,-1,805,275,36,60,1,10,-1,1
106,-1,863,557,71,160,1,1,-1,0
106,-1,931,177,28,38,1,8,-1,1
106,-1,67,512,90,171,1,1,-1,1
106,-1,92,626,49,107,1,1,-1,0
106,-1,743,113,14,31,1,10,-1,0
106,-1,512,260,17,41,1,1,-1,1
106,-1,869,571,54,123,1,1,-1,0
107,-1,80,630,43,92,1,1,-1,0
107,-1,314,327,38,69,1,1,-1,1
107,-1,326,350,26,48,1,1,-1,1
107,-1,340,297,30,62,1,1,-1,1
107,-1,357,326,26,52,1,1,-1,0
107,-1,429,248,24,29,1,2,-1,0
107,-1,454,233,23,45,1,1,-1,0
107,-1,491,304,37,45,1,2,-1,0
107,-1,500,290,17,40,1,1,-1,1
107,-1,682,117,19,30,1,10,-1,0
107,-1,704,296,44,80,1,1,-1,1
107,-1,705,108,17,21,1,10,-1,0
107,-1,721,171,17,32,1,2,-1,1
107,-1,738,118,14,30,1,10,-1,0
107,-1,746,309,35,58,1,10,-1,1
107,-1,808,279,37,61,1,10,-1,1
107,-1,812,261,32,59,1,2,-1,1
107,-1,870,575,73,160,1,1,-1,0
107,-1,915,187,47,65,1,8,-1,1
107,-1,131,586,42,77,1,1,-1,1
107,-1,350,308,25,52,1,1,-1,1
107,-1,902,178,70,96,1,8,-1,1
107,-1,712,112,19,40,1,10,-1,0
107,-1,818,248,41,76,1,2,-1,1
107,-1,79,612,27,59,1,1,-1,0
108,-1,72,640,44,94,1,1,-1,0
108,-1,311,331,39,70,1,1,-1,1
108,-1,322,354,27,49,1,1,-1,1
108,-1,353,330,25,53,1,1,-1,0
108,-1,427,250,24,29,1,2,-1,0
108,-1,453,235,23,46,1,1,-1,0
108,-1,498,293,17,41,1,1,-1,1
108,-1,683,118,18,30,1,10,-1,0
108,-1,687,313,56,88,1,7,-1,1
108,-1,705,108,17,21,1,10,-1,0
108,-1,722,173,17,32,1,2,-1,1
108,-1,739,118,14,30,1,10,-1,0
108,-1,748,315,35,59,1,10,-1,1
108,-1,768,282,33,87,1,1,-1,1
108,-1,811,283,38,62,1,10,-1,1
108,-1,917,189,47,65,1,8,-1,1
108,-1,696,219,15,24,1,10,-1,1
108,-1,348,285,34,72,1,1,-1,1
108,-1,302,338,35,63,1,1,-1,1
108,-1,321,316,31,66,1,1,-1,1
108,-1,741,221,10,15,1,10,-1,1
108,-1,330,328,16,34,1,1,-1,1
109,-1,74,571,67,123,1,1,-1,1
109,-1,308,335,40,71,1,1,-1,1
109,-1,349,334,25,54,1,1,-1,0
109,-1,426,253,24,29,1,2,-1,0
109,-1,452,238,23,46,1,1,-1,0
109,-1,509,302,22,33,1,2,-1,2
109,-1,683,120,19,29,1,10,-1,0
109,-1,703,302,47,82,1,1,-1,1
109,-1,705,109,17,21,1,10,-1,0
109,-1,723,191,17,28,1,10,-1,1
109,-1,751,321,34,61,1,10,-1,1
109,-1,815,287,38,64,1,10,-1,1
109,-1,886,614,76,141,1,1,-1,0
109,-1,727,193,12,22,1,2,-1,1
109,-1,830,296,20,33,1,10,-1,1
109,-1,73,529,99,181,1,1,-1,1
109,-1,804,284,42,71,1,10,-1,1
109,-1,510,304,12,18,1,2,-1,2
109,-1,766,364,19,34,1,10,-1,1
110,-1,47,675,47,69,1,1,-1,0
110,-1,65,581,68,125,1,1,-1,1
110,-1,315,364,29,50,1,1,-1,1
110,-1,331,311,32,66,1,1,-1,1
110,-1,424,255,24,29,1,2,-1,0
110,-1,451,240,23,47,1,1,-1,0
110,-1,489,313,37,47,1,2,-1,0
110,-1,496,301,17,41,1,1,-1,1
110,-1,509,305,22,33,1,2,-1,2
110,-1,683,121,19,29,1,10,-1,0
110,-1,689,321,56,90,1,7,-1,1
110,-1,705,109,17,21,1,10,-1,0
110,-1,723,177,17,32,1,2,-1,1
110,-1,741,120,14,30,1,10,-1,0
110,-1,753,328,35,61,1,10,-1,1
110,-1,772,291,34,88,1,1,-1,1
110,-1,818,291,39,65,1,10,-1,1
110,-1,824,275,33,65,1,2,-1,1
110,-1,899,641,76,114,1,1,-1,0
110,-1,921,193,49,67,1,8,-1,1
110,-1,468,305,54,69,1,2,-1,0
110,-1,732,200,13,24,1,2,-1,1
110,-1,733,200,13,24,1,2,-1,1
110,-1,514,316,10,24,1,1,-1,1
110,-1,715,168,24,45,1,2,-1,1
110,-1,910,630,71,106,1,1,-1,0
111,-1,34,692,49,57,1,1,-1,0
111,-1,56,591,70,127,1,1,-1,1
111,-1,303,344,41,72,1,1,-1,1
111,-1,312,369,29,51,1,1,-1,1
111,-1,341,343,24,55,1,1,-1,0
111,-1,451,243,22,47,1,1,-1,0
111,-1,495,305,17,41,1,1,-1,1
111,-1,507,308,22,34,1,2,-1,2
111,-1,690,324,56,92,1,7,-1,1
111,-1,724,192,19,33,1,10,-1,1
111,-1,743,121,13,30,1,10,-1,0
111,-1,755,334,35,63,1,10,-1,1
111,-1,821,295,40,66,1,10,-1,1
111,-1,828,279,33,68,1,2,-1,1
111,-1,913,669,76,86,1,1,-1,0
111,-1,923,196,50,67,1,8,-1,1
111,-1,759,111,9,21,1,10,-1,0
111,-1,794,335,19,49,1,1,-1,1
111,-1,57,585,86,155,1,1,-1,1
111,-1,448,256,16,20,1,2,-1,0
111,-1,41,568,98,178,1,1,-1,1
111,-1,499,274,28,43,1,2,-1,2
112,-1,301,349,41,72,1,1,-1,1
112,-1,325,321,33,68,1,1,-1,1
112,-1,337,348,24,56,1,1,-1,1
112,-1,422,260,24,29,1,2,-1,0
112,-1,450,245,22,48,1,1,-1,0
112,-1,505,312,23,35,1,2,-1,2
112,-1,684,123,19,30,1,10,-1,0
112,-1,706,110,17,21,1,10,-1,0
112,-1,706,314,48,86,1,1,-1,1
112,-1,744,122,13,30,1,10,-1,0
112,-1,777,299,35,90,1,1,-1,1
112,-1,832,284,34,69,1,2,-1,1
112,-1,744,353,34,64,1,10,-1,1
112,-1,328,390,19,34,1,1,-1,1
112,-1,669,108,23,36,1,10,-1,0
112,-1,93,634,40,72,1,1,-1,1
112,-1,344,332,27,56,1,1,-1,1
112,-1,306,387,17,30,1,1,-1,1
113,-1,38,612,73,130,1,1,-1,1
113,-1,297,354,42,73,1,1,-1,1
113,-1,304,378,31,52,1,1,-1,1
113,-1,332,352,25,58,1,1,-1,1
113,-1,420,263,24,29,1,2,-1,0
113,-1,449,248,23,48,1,1,-1,0
113,-1,473,233,19,55,1,1,-1,0
113,-1,493,312,16,42,1,1,-1,1
113,-1,684,124,19,30,1,10,-1,0
113,-1,692,332,56,94,1,7,-1,1
113,-1,709,320,47,88,1,1,-1,1
113,-1,724,199,19,31,1,10,-1,0
113,-1,745,123,14,30,1,10,-1,0
113,-1,830,307,42,68,1,10,-1,1
113,-1,928,201,51,68,1,8,-1,1
113,-1,717,112,16,19,1,10,-1,0
113,-1,674,318,50,84,1,7,-1,1
113,-1,727,199,21,39,1,2,-1,1
113,-1,759,153,8,18,1,10,-1,0
113,-1,742,159,13,28,1,10,-1,0
113,-1,750,125,13,28,1,10,-1,0
114,-1,301,383,32,53,1,1,-1,1
114,-1,319,330,35,72,1,1,-1,1
114,-1,419,265,24,29,1,2,-1,0
114,-1,448,250,23,49,1,1,-1,0
114,-1,472,236,19,55,1,1,-1,0
114,-1,693,336,56,95,1,7,-1,1
114,-1,713,326,45,89,1,1,-1,1
114,-1,725,204,19,30,1,10,-1,1
114,-1,783,311,35,93,1,1,-1,1
114,-1,841,294,34,73,1,2,-1,1
114,-1,672,324,66,113,1,7,-1,1
114,-1,745,313,45,85,1,10,-1,1
114,-1,818,285,25,54,1,2,-1,1
114,-1,465,231,22,64,1,1,-1,0
114,-1,712,345,35,60,1,7,-1,1
114,-1,483,220,23,49,1,1,-1,0
115,-1,290,365,43,76,1,1,-1,1
115,-1,316,335,35,73,1,1,-1,1
115,-1,418,268,24,29,1,2,-1,0
115,-1,471,239,19,55,1,1,-1,0
115,-1,491,320,16,42,1,1,-1,1
115,-1,499,323,26,38,1,2,-1,2
115,-1,685,127,19,29,1,10,-1,0
115,-1,693,343,57,95,1,7,-1,1
115,-1,716,331,44,92,1,1,-1,1
115,-1,728,189,17,32,1,2,-1,1
115,-1,845,301,37,73,1,2,-1,1
115,-1,932,205,53,70,1,8,-1,1
115,-1,703,106,25,30,1,10,-1,0
115,-1,482,301,21,56,1,1,-1,1
115,-1,924,207,49,65,1,8,-1,1
115,-1,701,99,21,25,1,10,-1,0
115,-1,56,633,60,99,1,1,-1,1
115,-1,345,364,19,41,1,1,-1,1
116,-1,14,655,64,100,1,1,-1,1
116,-1,416,270,24,29,1,2,-1,0
116,-1,447,255,22,50,1,1,-1,0
116,-1,471,242,19,55,1,1,-1,0
116,-1,497,327,27,38,1,2,-1,2
116,-1,685,128,19,29,1,10,-1,0
116,-1,693,351,59,94,1,7,-1,1
116,-1,706,111,17,21,1,10,-1,0
116,-1,720,337,42,93,1,1,-1,1
116,-1,729,192,17,32,1,2,-1,1
116,-1,749,126,13,30,1,10,-1,0
116,-1,767,365,34,69,1,10,-1,1
116,-1,791,325,35,97,1,1,-1,1
116,-1,934,208,54,70,1,8,-1,1
116,-1,709,137,13,19,1,10,-1,0
116,-1,738,117,9,21,1,10,-1,0
116,-1,476,278,12,28,1,1,-1,0
116,-1,862,319,26,46,1,2,-1,1
116,-1,291,371,40,67,1,1,-1,1
116,-1,488,350,12,30,1,1,-1,1
117,-1,7,671,58,84,1,1,-1,1
117,-1,283,375,44,79,1,1,-1,1
117,-1,313,370,32,64,1,1,-1,1
117,-1,415,273,24,29,1,2,-1,0
117,-1,446,258,22,50,1,1,-1,0
117,-1,495,331,28,39,1,2,-1,2
117,-1,685,129,19,29,1,10,-1,0
117,-1,693,359,61,93,1,7,-1,1
117,-1,706,111,17,21,1,10,-1,0
117,-1,723,343,41,95,1,1,-1,1
117,-1,728,208,19,34,1,10,-1,1
117,-1,730,194,17,32,1,2,-1,1
117,-1,853,316,44,72,1,2,-1,1
117,-1,855,335,42,76,1,10,-1,1
117,-1,936,210,55,71,1,8,-1,1
117,-1,781,341,42,120,1,1,-1,1
117,-1,404,231,27,32,1,2,-1,0
117,-1,334,333,47,96,1,1,-1,1
117,-1,777,392,28,57,1,10,-1,1
117,-1,960,216,44,57,1,8,-1,1
117,-1,777,357,21,43,1,10,-1,1
118,-1,0,688,53,67,1,1,-1,1
118,-1,287,402,35,56,1,1,-1,1
118,-1,308,350,37,77,1,1,-1,1
118,-1,309,375,33,65,1,1,-1,1
118,-1,414,276,24,29,1,2,-1,0
118,-1,414,752,69,4,1,1,-1,0
118,-1,477,349,44,46,1,1,-1,0
118,-1,488,332,16,43,1,1,-1,1
118,-1,597,233,71,48,1,10,-1,1
118,-1,686,131,19,29,1,10,-1,0
118,-1,693,367,63,93,1,7,-1,1
118,-1,707,112,17,21,1,10,-1,0
118,-1,727,349,39,97,1,1,-1,1
118,-1,730,210,19,35,1,10,-1,0
118,-1,731,197,17,32,1,2,-1,1
118,-1,772,378,34,71,1,10,-1,1
118,-1,799,339,35,101,1,1,-1,1
118,-1,858,324,47,72,1,2,-1,1
118,-1,862,342,42,80,1,10,-1,1
118,-1,764,102,8,18,1,1,-1,0
118,-1,862,330,42,80,1,10,-1,1
118,-1,512,351,15,22,1,2,-1,2
118,-1,289,357,49,89,1,1,-1,1
118,-1,723,112,10,23,1,1,-1,0
118,-1,710,111,22,27,1,10,-1,0
