1,142,703,92,179,176,1,4,-1,-1
1,143,1483,31,93,100,1,7,-1,-1
1,238,267,53,167,154,1,7,-1,-1
2,5,1329,80,139,137,1,7,-1,-1
2,142,702,96,180,178,1,4,-1,-1
2,143,1481,31,93,100,1,7,-1,-1
2,144,804,2,129,139,1,4,-1,-1
2,238,261,52,169,155,1,7,-1,-1
3,5,1327,81,139,137,1,7,-1,-1
3,142,702,101,180,180,1,4,-1,-1
3,143,1479,32,93,100,1,7,-1,-1
3,144,802,4,130,140,1,4,-1,-1
3,238,255,52,172,155,1,7,-1,-1
4,5,1326,82,139,137,1,7,-1,-1
4,142,709,104,181,183,1,4,-1,-1
4,143,1447,13,111,119,1,7,-1,-1
4,144,800,6,130,141,1,4,-1,-1
4,238,249,52,175,156,1,7,-1,-1
5,5,1324,83,139,137,1,7,-1,-1
5,79,855,336,652,732,1,6,-1,-1
5,142,701,111,182,184,1,4,-1,-1
5,143,1475,33,94,101,1,7,-1,-1
5,144,798,8,131,142,1,4,-1,-1
6,5,1323,84,139,137,1,7,-1,-1
6,79,852,343,652,725,1,6,-1,-1
6,144,796,10,131,143,1,4,-1,-1
7,5,1321,85,139,137,1,7,-1,-1
7,79,850,350,652,718,1,6,-1,-1
8,5,1320,86,139,137,1,7,-1,-1
8,79,848,357,652,711,1,6,-1,-1
9,5,1318,87,139,137,1,7,-1,-1
9,46,221,52,187,157,1,7,-1,-1
9,79,845,363,652,705,1,6,-1,-1
10,5,1316,88,139,137,1,7,-1,-1
10,46,215,52,190,158,1,7,-1,-1
10,79,843,370,652,698,1,6,-1,-1
11,5,1315,89,139,137,1,7,-1,-1
11,46,209,51,193,159,1,7,-1,-1
12,5,1313,90,139,137,1,7,-1,-1
12,46,203,51,196,160,1,7,-1,-1
13,5,1312,91,139,137,1,7,-1,-1
13,46,198,51,198,160,1,7,-1,-1
14,5,1320,69,66,141,1,1,-1,-1
14,46,192,51,200,160,1,7,-1,-1
15,46,186,51,203,161,1,7,-1,-1
16,145,1307,94,139,137,1,7,-1,-1
17,145,1327,116,124,123,1,7,-1,-1
18,80,1451,39,98,104,1,7,-1,-1
18,145,1303,96,139,137,1,7,-1,-1
18,146,1292,0,37,101,1,1,-1,-1
19,80,1410,32,117,124,1,7,-1,-1
19,145,1301,98,139,137,1,7,-1,-1
19,146,1290,0,37,102,1,1,-1,-1
20,80,1447,40,98,105,1,7,-1,-1
20,145,1299,99,139,137,1,7,-1,-1
20,146,1288,0,37,104,1,1,-1,-1
21,80,1445,41,99,105,1,7,-1,-1
21,146,1286,0,37,104,1,1,-1,-1
21,147,154,52,216,163,1,7,-1,-1
22,80,1443,41,99,105,1,7,-1,-1
22,146,1284,0,37,104,1,1,-1,-1
22,147,151,53,216,163,1,7,-1,-1
23,80,1441,42,100,105,1,7,-1,-1
23,147,147,54,216,163,1,7,-1,-1
24,147,144,56,216,163,1,7,-1,-1
25,147,174,54,190,143,1,7,-1,-1
26,148,1288,106,139,137,1,7,-1,-1
27,81,1437,47,100,107,1,7,-1,-1
27,148,1286,108,139,137,1,7,-1,-1
28,81,1437,49,100,108,1,7,-1,-1
28,148,1285,109,139,137,1,7,-1,-1
29,81,1437,51,100,109,1,7,-1,-1
29,148,1283,110,139,137,1,7,-1,-1
30,81,1436,53,100,109,1,7,-1,-1
30,148,1285,72,67,142,1,1,-1,-1
30,149,794,556,652,512,1,6,-1,-1
31,81,1436,55,100,110,1,7,-1,-1
31,149,786,537,706,543,1,6,-1,-1
32,81,1436,57,100,111,1,7,-1,-1
32,149,789,576,652,492,1,6,-1,-1
32,150,1260,657,415,411,1,4,-1,-1
33,149,786,586,652,482,1,6,-1,-1
33,150,1252,654,413,413,1,4,-1,-1
34,149,784,596,652,472,1,6,-1,-1
34,150,1244,651,410,415,1,4,-1,-1
35,150,1236,648,408,417,1,4,-1,-1
35,151,90,80,225,161,1,7,-1,-1
36,150,1228,645,405,419,1,4,-1,-1
36,151,84,82,226,162,1,7,-1,-1
37,47,1286,122,52,113,1,1,-1,-1
37,151,78,85,228,161,1,7,-1,-1
38,47,1288,128,53,114,1,1,-1,-1
38,151,72,88,229,161,1,7,-1,-1
39,47,1290,133,53,116,1,1,-1,-1
39,151,67,91,230,161,1,7,-1,-1
40,47,1292,139,54,117,1,1,-1,-1
41,47,1294,144,54,119,1,1,-1,-1
41,48,1268,31,36,104,1,1,-1,-1
42,47,1296,150,55,120,1,1,-1,-1
42,48,1268,34,36,104,1,1,-1,-1
42,152,673,385,231,311,1,4,-1,-1
43,47,1298,155,55,122,1,1,-1,-1
43,48,1272,40,36,106,1,1,-1,-1
43,152,672,404,235,321,1,4,-1,-1
44,48,1276,47,36,107,1,1,-1,-1
44,152,672,423,239,331,1,4,-1,-1
45,48,1280,53,36,109,1,1,-1,-1
45,152,671,442,243,341,1,4,-1,-1
46,48,1285,60,35,110,1,1,-1,-1
46,152,670,461,248,351,1,4,-1,-1
46,153,0,521,482,313,1,4,-1,-1
47,48,1289,66,35,112,1,1,-1,-1
47,153,0,533,478,315,1,4,-1,-1
48,153,0,552,478,318,1,4,-1,-1
48,154,1481,127,103,120,1,7,-1,-1
49,153,0,572,479,320,1,4,-1,-1
49,154,1498,138,107,122,1,7,-1,-1
50,153,0,592,480,322,1,4,-1,-1
50,154,1515,149,110,123,1,7,-1,-1
50,155,1328,210,157,175,1,7,-1,-1
51,154,1532,160,114,125,1,7,-1,-1
51,155,1351,224,161,180,1,7,-1,-1
51,156,766,254,175,259,1,4,-1,-1
52,49,1405,46,397,180,1,6,-1,-1
52,82,2,0,220,94,1,4,-1,-1
52,83,706,626,263,440,1,4,-1,-1
52,154,1549,171,118,127,1,7,-1,-1
52,155,1373,238,167,185,1,7,-1,-1
52,156,778,269,178,268,1,4,-1,-1
53,49,1423,52,399,186,1,6,-1,-1
53,82,1,0,223,97,1,4,-1,-1
53,83,693,625,300,452,1,4,-1,-1
53,155,1396,252,171,190,1,7,-1,-1
53,156,791,285,180,275,1,4,-1,-1
54,49,1442,58,399,192,1,6,-1,-1
54,82,1,0,225,100,1,4,-1,-1
54,83,734,703,272,363,1,4,-1,-1
54,155,1419,267,176,194,1,7,-1,-1
54,156,803,301,183,283,1,4,-1,-1
55,49,1485,93,336,166,1,6,-1,-1
55,82,0,0,228,103,1,4,-1,-1
55,83,749,742,276,324,1,4,-1,-1
55,156,816,317,185,291,1,4,-1,-1
56,49,1478,70,403,204,1,6,-1,-1
56,82,0,0,230,106,1,4,-1,-1
56,83,758,801,255,263,1,4,-1,-1
57,49,1497,77,404,209,1,6,-1,-1
57,82,0,0,215,110,1,4,-1,-1
57,83,755,824,276,244,1,4,-1,-1
58,49,1500,84,401,209,1,6,-1,-1
58,157,1484,195,58,127,1,1,-1,-1
59,157,1486,204,59,127,1,1,-1,-1
60,157,1489,213,60,128,1,1,-1,-1
61,157,1492,223,61,128,1,1,-1,-1
62,21,18,261,307,218,1,7,-1,-1
62,157,1495,232,61,129,1,1,-1,-1
63,21,9,271,309,218,1,7,-1,-1
64,21,0,282,312,218,1,7,-1,-1
65,21,0,295,302,225,1,7,-1,-1
66,21,0,308,292,233,1,7,-1,-1
67,21,0,322,282,240,1,7,-1,-1
67,158,1507,285,66,132,1,1,-1,-1
68,21,0,336,272,240,1,7,-1,-1
68,158,1510,296,67,134,1,1,-1,-1
69,21,0,350,262,240,1,7,-1,-1
69,84,938,366,285,266,1,4,-1,-1
69,158,1512,308,68,134,1,1,-1,-1
70,21,0,364,252,240,1,7,-1,-1
70,84,928,367,285,270,1,4,-1,-1
70,158,1514,319,69,135,1,1,-1,-1
71,84,918,368,286,275,1,4,-1,-1
71,158,1517,331,70,136,1,1,-1,-1
71,159,1129,1,347,97,1,6,-1,-1
72,84,908,369,286,280,1,4,-1,-1
72,159,1129,1,347,104,1,6,-1,-1
73,84,898,371,287,284,1,4,-1,-1
73,159,1129,1,347,111,1,6,-1,-1
74,84,888,379,287,282,1,4,-1,-1
74,159,1129,2,348,117,1,6,-1,-1
75,159,1130,2,347,125,1,6,-1,-1
75,160,441,1,54,116,1,1,-1,-1
76,85,424,54,52,110,1,1,-1,-1
76,160,443,38,55,116,1,1,-1,-1
77,85,421,63,52,110,1,1,-1,-1
77,160,444,39,45,93,1,1,-1,-1
78,3,0,462,231,240,1,7,-1,-1
78,85,423,78,51,109,1,1,-1,-1
78,160,442,51,45,91,1,1,-1,-1
79,3,23,474,243,240,1,7,-1,-1
79,85,425,93,51,109,1,1,-1,-1
79,160,421,46,49,97,1,1,-1,-1
80,3,46,486,255,240,1,7,-1,-1
80,85,427,108,51,109,1,1,-1,-1
81,3,69,498,267,240,1,7,-1,-1
81,85,401,114,59,99,1,1,-1,-1
82,3,92,510,279,240,1,7,-1,-1
82,86,1538,356,366,230,1,6,-1,-1
83,3,115,522,291,240,1,7,-1,-1
83,86,1571,388,332,233,1,6,-1,-1
83,87,859,453,285,260,1,4,-1,-1
84,3,138,534,303,240,1,7,-1,-1
84,86,1605,420,298,236,1,6,-1,-1
84,87,869,461,283,257,1,4,-1,-1
85,3,162,547,315,240,1,7,-1,-1
85,22,1687,865,94,145,1,1,-1,-1
85,50,700,154,40,81,1,1,-1,-1
85,51,1313,37,279,118,1,6,-1,-1
85,86,1639,453,264,238,1,6,-1,-1
85,87,879,468,281,255,1,4,-1,-1
86,3,168,558,314,237,1,7,-1,-1
86,22,1687,878,94,146,1,1,-1,-1
86,50,713,159,33,81,1,1,-1,-1
86,51,1317,46,279,118,1,6,-1,-1
86,86,1673,485,230,241,1,6,-1,-1
86,87,888,475,280,252,1,4,-1,-1
87,3,174,569,314,234,1,7,-1,-1
87,22,1688,892,94,146,1,1,-1,-1
87,50,694,156,45,82,1,1,-1,-1
87,51,1321,55,279,118,1,6,-1,-1
87,86,1707,518,196,243,1,6,-1,-1
87,87,898,482,278,250,1,4,-1,-1
88,3,180,580,313,231,1,7,-1,-1
88,22,1688,906,94,146,1,1,-1,-1
88,50,701,164,46,82,1,1,-1,-1
88,51,1325,64,279,118,1,6,-1,-1
88,87,872,448,333,298,1,4,-1,-1
89,3,186,591,313,228,1,7,-1,-1
89,22,1689,920,94,146,1,1,-1,-1
89,50,709,172,46,82,1,1,-1,-1
89,51,1329,73,279,118,1,6,-1,-1
89,88,1672,65,230,139,1,6,-1,-1
89,161,51,543,297,204,1,7,-1,-1
89,162,1690,512,221,264,1,6,-1,-1
90,3,192,602,313,225,1,7,-1,-1
90,22,1677,920,94,143,1,1,-1,-1
90,50,725,191,32,79,1,1,-1,-1
90,51,1332,59,346,146,1,6,-1,-1
90,88,1674,74,228,139,1,6,-1,-1
90,161,55,555,300,200,1,7,-1,-1
90,162,1694,526,208,243,1,6,-1,-1
90,163,682,208,39,97,1,1,-1,-1
91,3,194,607,312,224,1,7,-1,-1
91,22,1665,920,94,141,1,1,-1,-1
91,50,731,205,33,81,1,1,-1,-1
91,51,1334,88,279,118,1,6,-1,-1
91,88,1675,83,227,139,1,6,-1,-1
91,89,1684,695,67,126,1,1,-1,-1
91,161,58,558,298,200,1,7,-1,-1
91,162,1690,529,212,243,1,6,-1,-1
91,163,682,214,33,82,1,1,-1,-1
91,164,57,186,58,97,1,1,-1,-1
92,22,1654,920,93,139,1,1,-1,-1
92,88,1677,93,225,139,1,6,-1,-1
92,89,1681,707,67,124,1,1,-1,-1
92,161,61,562,296,200,1,7,-1,-1
92,162,1686,532,216,243,1,6,-1,-1
92,163,679,219,39,95,1,1,-1,-1
92,164,57,196,55,97,1,1,-1,-1
93,22,1656,896,194,173,1,7,-1,-1
93,88,1659,90,226,139,1,6,-1,-1
93,89,1672,706,66,122,1,1,-1,-1
93,161,64,566,294,200,1,7,-1,-1
93,162,1681,534,221,243,1,6,-1,-1
93,163,673,183,48,97,1,1,-1,-1
93,164,45,180,65,115,1,1,-1,-1
93,165,711,194,46,82,1,1,-1,-1
94,88,1641,88,228,139,1,6,-1,-1
94,89,1663,705,66,121,1,1,-1,-1
94,163,670,188,48,97,1,1,-1,-1
94,164,58,202,55,97,1,1,-1,-1
94,165,712,200,46,82,1,1,-1,-1
95,89,1654,705,65,118,1,1,-1,-1
95,164,58,205,55,97,1,1,-1,-1
95,165,713,206,46,82,1,1,-1,-1
96,89,1645,704,65,117,1,1,-1,-1
96,165,694,208,46,82,1,1,-1,-1
97,165,675,211,46,82,1,1,-1,-1
98,9,385,186,228,113,1,4,-1,-1
98,52,526,254,45,85,1,1,-1,-1
99,9,349,193,228,114,1,4,-1,-1
99,52,529,208,49,97,1,1,-1,-1
99,53,1610,548,286,243,1,6,-1,-1
100,9,314,201,228,115,1,4,-1,-1
100,52,528,215,49,97,1,1,-1,-1
100,53,1596,547,302,243,1,6,-1,-1
101,9,317,209,228,114,1,4,-1,-1
101,52,527,222,49,97,1,1,-1,-1
101,53,1582,547,318,243,1,6,-1,-1
102,9,320,218,228,112,1,4,-1,-1
102,52,527,229,48,97,1,1,-1,-1
102,53,1569,558,334,227,1,6,-1,-1
102,90,588,246,40,82,1,1,-1,-1
102,91,613,183,45,91,1,1,-1,-1
103,9,323,227,228,111,1,4,-1,-1
103,52,527,238,48,97,1,1,-1,-1
103,53,1565,571,337,226,1,6,-1,-1
103,90,588,254,41,82,1,1,-1,-1
103,91,610,193,45,91,1,1,-1,-1
104,9,326,236,228,109,1,4,-1,-1
104,52,527,248,48,97,1,1,-1,-1
104,53,1549,607,361,239,1,6,-1,-1
104,90,588,263,43,82,1,1,-1,-1
104,91,606,202,45,91,1,1,-1,-1
104,166,369,515,263,213,1,5,-1,-1
105,9,329,245,228,107,1,4,-1,-1
105,12,558,300,40,91,1,1,-1,-1
105,53,1557,598,344,225,1,6,-1,-1
105,54,1192,848,200,220,1,4,-1,-1
105,90,607,284,32,81,1,1,-1,-1
105,91,603,212,45,91,1,1,-1,-1
105,166,386,534,261,216,1,5,-1,-1
106,9,333,254,227,106,1,4,-1,-1
106,12,560,315,39,91,1,1,-1,-1
106,54,1190,844,200,225,1,4,-1,-1
106,90,588,281,46,82,1,1,-1,-1
106,91,601,225,45,91,1,1,-1,-1
106,166,404,552,259,219,1,5,-1,-1
107,9,316,226,252,119,1,4,-1,-1
107,12,561,330,40,91,1,1,-1,-1
107,36,665,216,40,94,1,1,-1,-1
107,54,1184,848,197,220,1,4,-1,-1
107,55,1550,625,351,224,1,6,-1,-1
107,90,591,295,46,82,1,1,-1,-1
107,91,600,239,45,91,1,1,-1,-1
107,166,421,571,257,222,1,5,-1,-1
107,167,1487,148,239,137,1,6,-1,-1
108,9,341,284,223,106,1,4,-1,-1
108,12,563,345,39,91,1,1,-1,-1
108,13,613,322,33,82,1,1,-1,-1
108,36,667,228,40,94,1,1,-1,-1
108,54,1179,853,194,215,1,4,-1,-1
108,55,1545,644,355,223,1,6,-1,-1
108,166,439,590,255,225,1,5,-1,-1
108,167,1433,128,295,169,1,6,-1,-1
109,9,345,300,221,106,1,4,-1,-1
109,12,564,360,39,91,1,1,-1,-1
109,13,616,337,33,82,1,1,-1,-1
109,36,669,240,40,94,1,1,-1,-1
109,54,1173,858,191,209,1,4,-1,-1
109,55,1541,664,358,221,1,6,-1,-1
109,56,597,324,46,82,1,1,-1,-1
109,92,668,546,256,197,1,4,-1,-1
109,167,1478,182,239,137,1,6,-1,-1
110,12,566,375,39,91,1,1,-1,-1
110,13,619,353,33,82,1,1,-1,-1
110,36,670,261,40,94,1,1,-1,-1
110,54,1172,866,181,196,1,4,-1,-1
110,55,1537,684,361,219,1,6,-1,-1
110,56,600,339,46,82,1,1,-1,-1
110,92,659,557,256,196,1,4,-1,-1
110,167,1475,203,239,137,1,6,-1,-1
111,12,568,395,39,91,1,1,-1,-1
111,13,620,376,33,82,1,1,-1,-1
111,36,672,283,40,94,1,1,-1,-1
111,54,1162,868,185,198,1,4,-1,-1
111,55,1533,704,364,217,1,6,-1,-1
111,56,596,293,45,91,1,1,-1,-1
111,92,650,569,257,194,1,4,-1,-1
111,167,1472,224,239,137,1,6,-1,-1
111,168,353,331,218,106,1,4,-1,-1
112,6,1196,360,310,130,1,6,-1,-1
112,12,571,416,39,91,1,1,-1,-1
112,13,622,399,33,82,1,1,-1,-1
112,36,673,305,40,94,1,1,-1,-1
112,55,1529,724,367,215,1,6,-1,-1
112,56,591,315,45,91,1,1,-1,-1
112,92,641,586,254,192,1,4,-1,-1
112,168,356,348,217,106,1,4,-1,-1
113,6,1185,371,318,134,1,6,-1,-1
113,12,573,436,39,91,1,1,-1,-1
113,13,623,422,33,82,1,1,-1,-1
113,36,675,327,40,94,1,1,-1,-1
113,55,1525,744,370,213,1,6,-1,-1
113,56,586,339,45,90,1,1,-1,-1
113,92,632,604,252,189,1,4,-1,-1
113,168,359,366,217,106,1,4,-1,-1
113,169,477,700,282,266,1,5,-1,-1
114,6,1184,387,315,134,1,6,-1,-1
114,12,576,457,39,91,1,1,-1,-1
114,13,625,445,33,82,1,1,-1,-1
114,36,677,349,40,94,1,1,-1,-1
114,56,583,360,45,91,1,1,-1,-1
114,92,623,622,250,187,1,4,-1,-1
114,168,362,384,216,106,1,4,-1,-1
114,169,535,759,239,221,1,5,-1,-1
115,6,1183,404,312,133,1,6,-1,-1
115,12,579,478,39,91,1,1,-1,-1
115,13,626,464,33,82,1,1,-1,-1
115,56,580,374,45,91,1,1,-1,-1
115,168,365,401,216,106,1,4,-1,-1
115,169,549,788,238,214,1,5,-1,-1
116,6,1182,420,309,133,1,6,-1,-1
116,13,609,460,46,82,1,1,-1,-1
116,57,1581,164,51,60,1,2,-1,-1
116,93,605,658,246,182,1,4,-1,-1
116,169,564,817,236,207,1,5,-1,-1
117,6,1181,437,306,132,1,6,-1,-1
117,13,612,475,46,82,1,1,-1,-1
117,57,1578,172,51,60,1,2,-1,-1
117,93,595,648,246,179,1,4,-1,-1
117,169,578,846,235,200,1,5,-1,-1
118,6,1180,453,303,132,1,6,-1,-1
118,13,628,496,33,82,1,1,-1,-1
118,57,1575,180,51,60,1,2,-1,-1
118,93,585,639,246,176,1,4,-1,-1
119,6,1179,470,300,131,1,6,-1,-1
119,57,1572,188,51,60,1,2,-1,-1
119,93,576,630,245,173,1,4,-1,-1
120,6,1178,459,300,133,1,6,-1,-1
120,57,1569,196,51,60,1,2,-1,-1
120,58,544,507,49,72,1,1,-1,-1
120,93,566,621,246,170,1,4,-1,-1
120,170,379,431,212,105,1,4,-1,-1
121,1,587,527,39,91,1,1,-1,-1
121,6,1177,449,300,134,1,6,-1,-1
121,57,1566,204,51,60,1,2,-1,-1
121,58,543,488,49,72,1,1,-1,-1
121,93,557,612,245,167,1,4,-1,-1
121,170,381,419,212,105,1,4,-1,-1
122,1,589,511,39,91,1,1,-1,-1
122,6,1176,439,300,135,1,6,-1,-1
122,57,1565,182,51,60,1,2,-1,-1
122,58,542,470,49,72,1,1,-1,-1
122,170,384,407,210,105,1,4,-1,-1
123,1,591,496,39,91,1,1,-1,-1
123,6,1176,429,299,136,1,6,-1,-1
123,58,541,451,49,73,1,1,-1,-1
123,170,386,395,210,105,1,4,-1,-1
124,1,593,471,40,88,1,1,-1,-1
124,6,1175,419,300,137,1,6,-1,-1
124,58,540,433,49,72,1,1,-1,-1
124,170,389,383,208,105,1,4,-1,-1
125,1,596,446,40,85,1,1,-1,-1
125,23,790,151,84,94,1,4,-1,-1
125,58,539,414,49,73,1,1,-1,-1
125,171,689,327,34,78,1,1,-1,-1
126,1,599,422,40,82,1,1,-1,-1
126,23,789,133,85,94,1,4,-1,-1
126,58,539,396,49,73,1,1,-1,-1
126,171,690,306,32,78,1,1,-1,-1
126,172,816,14,76,66,1,4,-1,-1
127,1,598,416,39,80,1,1,-1,-1
127,23,789,115,85,94,1,4,-1,-1
127,59,393,346,207,104,1,4,-1,-1
127,171,691,286,30,78,1,1,-1,-1
127,172,816,0,76,58,1,4,-1,-1
128,1,598,411,37,77,1,1,-1,-1
128,23,789,98,85,94,1,4,-1,-1
128,59,394,340,207,104,1,4,-1,-1
128,171,690,286,30,78,1,1,-1,-1
128,172,815,0,76,58,1,4,-1,-1
128,173,535,380,48,75,1,1,-1,-1
129,1,598,406,36,75,1,1,-1,-1
129,23,789,99,85,94,1,4,-1,-1
129,59,395,334,207,103,1,4,-1,-1
129,171,690,286,30,78,1,1,-1,-1
129,172,815,0,76,58,1,4,-1,-1
129,173,533,372,48,76,1,1,-1,-1
130,1,596,388,44,78,1,1,-1,-1
130,23,789,100,85,94,1,4,-1,-1
130,59,397,328,206,103,1,4,-1,-1
130,172,815,0,76,59,1,4,-1,-1
130,173,532,374,48,76,1,1,-1,-1
131,1,596,409,36,75,1,1,-1,-1
131,23,789,101,85,94,1,4,-1,-1
131,59,395,330,206,103,1,4,-1,-1
131,173,531,376,48,76,1,1,-1,-1
131,174,1566,68,51,60,1,2,-1,-1
132,1,594,383,46,82,1,1,-1,-1
132,23,789,102,85,94,1,4,-1,-1
132,59,394,332,206,103,1,4,-1,-1
132,173,530,378,48,76,1,1,-1,-1
132,174,1566,70,51,60,1,2,-1,-1
132,175,815,0,76,60,1,4,-1,-1
132,176,1427,852,52,87,1,1,-1,-1
133,1,591,384,46,82,1,1,-1,-1
133,23,789,103,85,94,1,4,-1,-1
133,59,392,334,206,103,1,4,-1,-1
133,174,1566,72,51,60,1,2,-1,-1
133,175,815,0,75,60,1,4,-1,-1
133,176,1427,854,52,87,1,1,-1,-1
133,177,615,392,33,80,1,1,-1,-1
134,1,594,414,36,76,1,1,-1,-1
134,94,149,840,230,190,1,7,-1,-1
134,174,1566,73,51,60,1,2,-1,-1
134,175,815,0,75,61,1,4,-1,-1
134,176,1427,856,52,87,1,1,-1,-1
134,177,613,394,32,78,1,1,-1,-1
134,178,494,300,45,72,1,1,-1,-1
135,1,593,416,36,75,1,1,-1,-1
135,94,148,842,230,189,1,7,-1,-1
135,174,1566,75,52,60,1,2,-1,-1
135,175,814,0,76,61,1,4,-1,-1
135,176,1427,858,52,87,1,1,-1,-1
135,177,610,397,32,76,1,1,-1,-1
135,178,489,303,45,72,1,1,-1,-1
136,1,582,390,46,82,1,1,-1,-1
136,94,147,844,230,189,1,7,-1,-1
136,175,814,0,76,62,1,4,-1,-1
136,176,1426,860,52,87,1,1,-1,-1
136,177,608,399,31,74,1,1,-1,-1
136,178,483,306,45,72,1,1,-1,-1
137,1,579,392,46,82,1,1,-1,-1
137,94,145,846,231,189,1,7,-1,-1
137,177,605,401,31,72,1,1,-1,-1
137,178,478,309,45,72,1,1,-1,-1
138,1,577,394,46,82,1,1,-1,-1
138,94,138,865,208,169,1,7,-1,-1
138,178,472,311,45,72,1,1,-1,-1
138,179,814,0,76,63,1,4,-1,-1
139,1,574,396,46,82,1,1,-1,-1
139,94,143,850,231,188,1,7,-1,-1
139,95,1156,226,279,118,1,6,-1,-1
139,179,814,0,75,63,1,4,-1,-1
140,1,572,398,45,82,1,1,-1,-1
140,95,1156,227,279,118,1,6,-1,-1
140,179,814,0,75,64,1,4,-1,-1
141,1,588,428,36,75,1,1,-1,-1
141,95,1156,228,279,118,1,6,-1,-1
141,179,814,1,75,63,1,4,-1,-1
141,180,785,116,85,94,1,4,-1,-1
142,1,587,430,36,75,1,1,-1,-1
142,95,1156,229,279,118,1,6,-1,-1
142,96,568,403,44,82,1,1,-1,-1
142,179,813,1,76,63,1,4,-1,-1
142,180,785,118,85,94,1,4,-1,-1
143,1,586,433,36,74,1,1,-1,-1
143,4,679,306,30,78,1,1,-1,-1
143,95,1156,230,279,118,1,6,-1,-1
143,96,566,405,43,82,1,1,-1,-1
143,180,784,120,85,94,1,4,-1,-1
144,1,590,424,30,70,1,1,-1,-1
144,4,678,307,30,78,1,1,-1,-1
144,95,1156,231,279,118,1,6,-1,-1
144,96,564,408,43,82,1,1,-1,-1
144,180,784,122,85,94,1,4,-1,-1
144,181,247,546,243,132,1,4,-1,-1
145,1,587,426,30,70,1,1,-1,-1
145,4,677,309,30,78,1,1,-1,-1
145,96,561,410,43,82,1,1,-1,-1
145,180,796,125,79,87,1,4,-1,-1
145,181,230,547,242,131,1,4,-1,-1
146,4,676,310,30,78,1,1,-1,-1
146,96,559,413,43,82,1,1,-1,-1
146,181,213,548,242,130,1,4,-1,-1
147,4,675,312,30,78,1,1,-1,-1
147,96,581,432,30,70,1,1,-1,-1
147,97,1570,94,52,60,1,2,-1,-1
147,181,196,549,242,129,1,4,-1,-1
147,182,1166,351,298,148,1,6,-1,-1
148,4,675,315,30,78,1,1,-1,-1
148,97,1571,95,52,60,1,2,-1,-1
148,181,179,550,242,128,1,4,-1,-1
148,182,1167,353,297,148,1,6,-1,-1
149,4,676,318,30,78,1,1,-1,-1
149,19,553,421,43,82,1,1,-1,-1
149,97,1571,96,52,60,1,2,-1,-1
149,182,1167,355,298,148,1,6,-1,-1
149,183,1679,226,43,64,1,1,-1,-1
150,4,677,321,30,78,1,1,-1,-1
150,19,573,440,30,70,1,1,-1,-1
150,97,1572,98,52,60,1,2,-1,-1
150,182,1168,357,297,148,1,6,-1,-1
150,183,1680,228,43,64,1,1,-1,-1
151,4,676,323,30,78,1,1,-1,-1
151,19,577,454,34,72,1,1,-1,-1
151,97,1573,99,52,60,1,2,-1,-1
151,182,1169,359,296,148,1,6,-1,-1
151,183,1681,229,43,64,1,1,-1,-1
152,4,676,325,30,78,1,1,-1,-1
152,19,567,446,30,70,1,1,-1,-1
152,97,1573,100,52,60,1,2,-1,-1
152,183,1682,231,43,64,1,1,-1,-1
152,184,253,898,243,171,1,7,-1,-1
153,4,675,327,30,78,1,1,-1,-1
153,19,545,432,43,82,1,1,-1,-1
153,183,1683,232,42,64,1,1,-1,-1
153,184,252,903,243,166,1,7,-1,-1
154,4,675,329,30,79,1,1,-1,-1
154,19,543,435,43,82,1,1,-1,-1
154,184,251,908,243,161,1,7,-1,-1
155,4,673,331,30,79,1,1,-1,-1
155,19,541,438,43,82,1,1,-1,-1
155,184,250,913,243,156,1,7,-1,-1
156,4,671,334,30,79,1,1,-1,-1
156,19,556,457,30,70,1,1,-1,-1
156,60,784,122,85,94,1,4,-1,-1
156,98,1172,369,294,148,1,6,-1,-1
156,184,249,918,243,151,1,7,-1,-1
157,19,537,444,43,82,1,1,-1,-1
157,60,782,124,85,94,1,4,-1,-1
157,98,1172,371,295,148,1,6,-1,-1
158,7,995,0,85,71,1,6,-1,-1
158,19,551,464,30,70,1,1,-1,-1
158,60,781,127,85,94,1,4,-1,-1
158,98,1173,373,294,148,1,6,-1,-1
159,7,995,0,85,71,1,6,-1,-1
159,60,780,130,85,94,1,4,-1,-1
159,98,1173,375,294,148,1,6,-1,-1
159,99,119,901,230,167,1,7,-1,-1
160,2,530,455,43,82,1,1,-1,-1
160,7,995,0,85,70,1,6,-1,-1
160,24,808,1,75,77,1,4,-1,-1
160,60,778,132,85,94,1,4,-1,-1
160,98,1130,371,352,178,1,6,-1,-1
160,99,116,908,230,160,1,7,-1,-1
161,2,528,458,42,82,1,1,-1,-1
161,7,995,0,85,70,1,6,-1,-1
161,24,807,1,75,78,1,4,-1,-1
161,60,777,135,85,94,1,4,-1,-1
161,98,1109,370,394,199,1,6,-1,-1
161,99,114,914,230,154,1,7,-1,-1
162,2,543,482,30,70,1,1,-1,-1
162,7,995,0,84,69,1,6,-1,-1
162,24,807,0,75,81,1,4,-1,-1
162,60,776,138,85,94,1,4,-1,-1
162,61,315,389,48,75,1,1,-1,-1
162,62,1175,383,294,149,1,6,-1,-1
162,99,111,921,230,147,1,7,-1,-1
163,2,544,493,34,72,1,1,-1,-1
163,7,995,0,84,68,1,6,-1,-1
163,24,806,0,75,82,1,4,-1,-1
163,61,308,392,48,79,1,1,-1,-1
163,62,1175,387,295,149,1,6,-1,-1
163,99,109,927,230,141,1,7,-1,-1
164,2,538,491,31,70,1,1,-1,-1
164,7,996,0,83,67,1,6,-1,-1
164,24,805,0,75,84,1,4,-1,-1
164,61,301,396,48,82,1,1,-1,-1
164,62,1175,391,296,149,1,6,-1,-1
164,99,107,933,230,135,1,7,-1,-1
165,2,519,473,42,82,1,1,-1,-1
165,7,996,0,82,66,1,6,-1,-1
165,24,805,0,75,85,1,4,-1,-1
165,61,293,402,51,82,1,1,-1,-1
165,62,1175,394,298,150,1,6,-1,-1
166,2,517,477,42,82,1,1,-1,-1
166,7,997,0,81,65,1,6,-1,-1
166,24,804,0,75,87,1,4,-1,-1
166,61,285,408,54,82,1,1,-1,-1
166,62,1175,398,299,150,1,6,-1,-1
167,2,514,480,43,82,1,1,-1,-1
167,7,983,-3,100,79,1,6,-1,-1
167,24,803,0,75,88,1,4,-1,-1
167,61,277,414,57,82,1,1,-1,-1
167,62,1175,402,300,150,1,6,-1,-1
168,2,512,484,42,82,1,1,-1,-1
168,7,998,0,79,64,1,6,-1,-1
168,24,803,0,75,90,1,4,-1,-1
168,61,266,419,58,82,1,1,-1,-1
168,62,1175,405,301,152,1,6,-1,-1
169,2,528,514,30,70,1,1,-1,-1
169,7,998,0,79,63,1,6,-1,-1
169,25,1489,868,382,183,1,6,-1,-1
170,2,518,526,34,73,1,1,-1,-1
170,7,999,0,78,62,1,6,-1,-1
170,25,1491,875,382,182,1,6,-1,-1
170,185,245,431,60,81,1,1,-1,-1
170,186,1109,59,73,85,1,4,-1,-1
171,2,505,495,43,82,1,1,-1,-1
171,25,1494,881,382,182,1,6,-1,-1
171,100,472,488,48,76,1,1,-1,-1
171,185,235,436,61,82,1,1,-1,-1
171,186,1109,61,73,85,1,4,-1,-1
171,187,650,372,30,79,1,1,-1,-1
172,2,510,536,34,73,1,1,-1,-1
172,25,1497,888,382,181,1,6,-1,-1
172,100,470,492,48,76,1,1,-1,-1
172,185,224,442,62,81,1,1,-1,-1
172,186,1109,63,73,85,1,4,-1,-1
172,187,649,375,30,79,1,1,-1,-1
173,2,507,541,34,73,1,1,-1,-1
173,25,1498,895,382,174,1,6,-1,-1
173,100,468,496,48,76,1,1,-1,-1
173,101,1593,143,52,61,1,2,-1,-1
173,185,214,448,63,81,1,1,-1,-1
173,186,1109,66,73,85,1,4,-1,-1
173,187,648,378,30,79,1,1,-1,-1
174,2,499,506,42,82,1,1,-1,-1
174,25,1500,903,382,166,1,6,-1,-1
174,100,466,501,48,76,1,1,-1,-1
174,101,1595,146,52,61,1,2,-1,-1
174,185,205,456,63,80,1,1,-1,-1
174,186,1109,68,73,85,1,4,-1,-1
174,187,645,381,31,79,1,1,-1,-1
175,2,497,510,42,82,1,1,-1,-1
175,25,1502,910,382,159,1,6,-1,-1
175,100,466,501,48,76,1,1,-1,-1
175,101,1597,149,52,61,1,2,-1,-1
175,187,645,398,28,70,1,1,-1,-1
176,2,497,510,42,82,1,1,-1,-1
176,25,1504,918,382,151,1,6,-1,-1
176,100,466,501,48,76,1,1,-1,-1
176,101,1599,152,52,61,1,2,-1,-1
177,2,490,506,35,68,1,1,-1,-1
177,25,1506,925,382,144,1,6,-1,-1
177,101,1601,155,52,61,1,2,-1,-1
177,188,1175,439,313,155,1,6,-1,-1
178,2,466,501,48,76,1,1,-1,-1
178,101,1603,158,52,61,1,2,-1,-1
178,188,1175,442,314,156,1,6,-1,-1
179,188,1175,446,315,156,1,6,-1,-1
180,37,631,405,36,79,1,1,-1,-1
180,188,1175,450,316,156,1,6,-1,-1
181,37,629,409,36,79,1,1,-1,-1
181,188,1175,454,318,157,1,6,-1,-1
182,37,627,414,36,79,1,1,-1,-1
183,37,626,420,36,79,1,1,-1,-1
183,189,1723,311,42,64,1,1,-1,-1
184,37,625,426,36,79,1,1,-1,-1
184,189,1725,314,42,64,1,1,-1,-1
185,37,624,433,36,79,1,1,-1,-1
185,189,1726,318,42,64,1,1,-1,-1
185,190,992,283,103,133,1,4,-1,-1
186,20,1126,5,33,50,1,10,-1,-1
186,37,620,438,36,79,1,1,-1,-1
186,189,1728,322,42,64,1,1,-1,-1
186,190,991,281,103,131,1,4,-1,-1
186,191,419,602,58,97,1,1,-1,-1
186,192,480,599,31,70,1,1,-1,-1
187,20,1125,7,33,51,1,10,-1,-1
187,37,617,443,36,79,1,1,-1,-1
187,63,786,29,76,105,1,4,-1,-1
187,189,1730,327,42,64,1,1,-1,-1
187,190,991,278,103,129,1,4,-1,-1
187,191,406,620,49,83,1,1,-1,-1
187,192,472,576,42,80,1,1,-1,-1
188,20,1124,10,33,50,1,10,-1,-1
188,63,785,31,75,105,1,4,-1,-1
188,190,991,276,103,126,1,4,-1,-1
188,191,400,638,42,72,1,1,-1,-1
188,192,470,583,43,79,1,1,-1,-1
189,20,1123,12,33,51,1,10,-1,-1
189,63,783,33,75,106,1,4,-1,-1
189,190,991,274,103,124,1,4,-1,-1
189,191,395,647,42,73,1,1,-1,-1
189,192,469,590,42,77,1,1,-1,-1
189,193,434,649,52,74,1,1,-1,-1
190,20,1122,15,33,51,1,10,-1,-1
190,63,782,35,75,107,1,4,-1,-1
190,191,390,655,42,75,1,1,-1,-1
190,192,467,597,43,76,1,1,-1,-1
190,193,431,658,52,74,1,1,-1,-1
191,20,1122,18,33,51,1,10,-1,-1
191,63,780,41,75,108,1,4,-1,-1
191,193,428,667,52,75,1,1,-1,-1
192,20,1120,24,33,51,1,10,-1,-1
192,26,1303,858,239,208,1,4,-1,-1
192,63,779,48,75,108,1,4,-1,-1
192,193,425,676,52,75,1,1,-1,-1
193,14,831,2,46,32,1,10,-1,-1
193,20,1119,30,33,51,1,10,-1,-1
193,26,1313,862,244,204,1,4,-1,-1
193,63,778,54,75,109,1,4,-1,-1
193,193,422,685,52,76,1,1,-1,-1
194,14,829,2,48,37,1,10,-1,-1
194,20,1118,36,33,51,1,10,-1,-1
194,26,1323,866,248,200,1,4,-1,-1
195,14,827,2,50,42,1,10,-1,-1
195,20,1116,43,33,51,1,10,-1,-1
195,26,1333,870,253,196,1,4,-1,-1
195,102,1102,137,72,92,1,4,-1,-1
196,14,825,2,53,47,1,10,-1,-1
196,26,1343,874,257,192,1,4,-1,-1
196,102,1102,145,72,93,1,4,-1,-1
197,14,799,-7,62,55,1,10,-1,-1
197,26,1354,879,261,187,1,4,-1,-1
197,102,1102,153,72,94,1,4,-1,-1
198,14,818,11,53,47,1,10,-1,-1
198,26,1365,882,263,184,1,4,-1,-1
198,102,1101,161,72,95,1,4,-1,-1
199,14,815,16,53,47,1,10,-1,-1
199,26,1376,886,265,180,1,4,-1,-1
199,102,1101,169,72,96,1,4,-1,-1
200,14,811,20,53,47,1,10,-1,-1
200,26,1387,890,268,177,1,4,-1,-1
200,102,1101,177,72,97,1,4,-1,-1
200,194,379,725,44,65,1,1,-1,-1
201,14,808,25,53,47,1,10,-1,-1
201,194,377,689,48,76,1,1,-1,-1
202,14,805,30,53,47,1,10,-1,-1
202,103,578,557,36,80,1,1,-1,-1
202,194,370,698,48,76,1,1,-1,-1
202,195,1076,33,57,79,1,4,-1,-1
203,14,803,31,53,47,1,10,-1,-1
203,103,574,561,36,81,1,1,-1,-1
203,194,363,706,48,76,1,1,-1,-1
203,195,1074,34,57,79,1,4,-1,-1
203,196,215,628,255,133,1,4,-1,-1
204,103,570,566,36,81,1,1,-1,-1
204,194,357,715,48,76,1,1,-1,-1
204,195,1072,35,57,79,1,4,-1,-1
204,196,210,631,254,135,1,4,-1,-1
205,103,565,570,37,82,1,1,-1,-1
205,195,1069,36,57,79,1,4,-1,-1
205,196,235,619,219,117,1,4,-1,-1
206,64,325,821,51,88,1,1,-1,-1
206,103,561,574,37,83,1,1,-1,-1
206,104,1748,438,48,63,1,1,-1,-1
206,195,1067,37,57,79,1,4,-1,-1
206,196,201,638,253,138,1,4,-1,-1
206,197,1084,183,72,103,1,4,-1,-1
207,64,317,829,51,90,1,1,-1,-1
207,103,557,579,37,84,1,1,-1,-1
207,104,1748,439,48,64,1,1,-1,-1
207,196,196,642,253,139,1,4,-1,-1
207,197,1082,185,72,103,1,4,-1,-1
207,198,799,35,53,47,1,10,-1,-1
208,64,309,838,51,91,1,1,-1,-1
208,104,1748,441,48,64,1,1,-1,-1
208,197,1081,186,72,103,1,4,-1,-1
208,198,798,36,53,47,1,10,-1,-1
209,64,303,845,51,91,1,1,-1,-1
209,104,1749,443,48,64,1,1,-1,-1
209,197,1081,187,72,103,1,4,-1,-1
209,198,797,37,53,47,1,10,-1,-1
210,38,949,0,85,115,1,6,-1,-1
210,64,298,852,51,91,1,1,-1,-1
210,104,1751,446,48,64,1,1,-1,-1
210,197,1080,189,72,103,1,4,-1,-1
210,198,801,30,45,40,1,10,-1,-1
211,38,947,0,85,113,1,6,-1,-1
211,64,293,859,51,91,1,1,-1,-1
211,104,1752,448,48,64,1,1,-1,-1
211,198,794,40,53,47,1,10,-1,-1
212,38,946,0,85,112,1,6,-1,-1
212,64,288,866,51,91,1,1,-1,-1
213,38,945,0,85,111,1,6,-1,-1
213,199,1134,474,284,138,1,6,-1,-1
214,38,944,0,85,110,1,6,-1,-1
214,199,1134,478,286,137,1,6,-1,-1
215,38,943,0,85,109,1,6,-1,-1
215,39,1461,468,331,137,1,6,-1,-1
215,105,743,94,112,45,1,7,-1,-1
215,199,1134,482,288,137,1,6,-1,-1
215,200,178,664,252,154,1,4,-1,-1
216,27,1052,47,57,79,1,4,-1,-1
216,38,942,0,85,107,1,6,-1,-1
216,39,1461,471,331,137,1,6,-1,-1
216,105,741,95,112,45,1,7,-1,-1
216,199,1133,484,288,137,1,6,-1,-1
216,200,173,667,254,155,1,4,-1,-1
217,27,1052,49,57,79,1,4,-1,-1
217,38,941,0,85,106,1,6,-1,-1
217,39,1461,473,331,137,1,6,-1,-1
217,105,740,97,112,45,1,7,-1,-1
217,199,1131,491,290,138,1,6,-1,-1
217,200,168,671,257,156,1,4,-1,-1
218,27,1052,50,57,79,1,4,-1,-1
218,39,1461,476,331,137,1,6,-1,-1
218,65,1077,200,73,103,1,4,-1,-1
218,105,739,97,112,46,1,7,-1,-1
218,200,163,675,260,157,1,4,-1,-1
219,27,1051,51,57,79,1,4,-1,-1
219,39,1461,479,331,137,1,6,-1,-1
219,65,1076,202,73,103,1,4,-1,-1
219,105,738,98,112,47,1,7,-1,-1
219,200,158,678,262,158,1,4,-1,-1
219,201,1619,315,52,61,1,2,-1,-1
220,27,1051,52,57,79,1,4,-1,-1
220,28,1091,101,33,61,1,10,-1,-1
220,39,1461,482,331,137,1,6,-1,-1
220,65,1076,203,73,103,1,4,-1,-1
220,105,737,99,112,47,1,7,-1,-1
220,201,1620,316,52,61,1,2,-1,-1
221,27,1051,54,57,79,1,4,-1,-1
221,28,1090,102,33,61,1,10,-1,-1
221,39,1461,485,331,137,1,6,-1,-1
221,65,1076,205,73,103,1,4,-1,-1
221,201,1621,318,52,61,1,2,-1,-1
222,10,836,164,102,214,1,6,-1,-1
222,27,1049,54,58,79,1,4,-1,-1
222,28,1089,103,33,61,1,10,-1,-1
222,39,1461,488,331,137,1,6,-1,-1
222,40,736,101,112,49,1,7,-1,-1
222,65,1076,213,62,86,1,4,-1,-1
222,201,1621,320,52,61,1,2,-1,-1
223,10,834,169,103,216,1,6,-1,-1
223,27,1048,55,59,79,1,4,-1,-1
223,28,1089,104,33,61,1,10,-1,-1
223,40,735,102,112,49,1,7,-1,-1
223,65,1073,207,75,104,1,4,-1,-1
223,66,187,902,42,77,1,1,-1,-1
223,106,142,692,269,161,1,4,-1,-1
223,201,1622,322,52,61,1,2,-1,-1
224,10,833,174,103,218,1,6,-1,-1
224,27,1047,55,59,79,1,4,-1,-1
224,28,1088,105,33,61,1,10,-1,-1
224,40,734,102,112,51,1,7,-1,-1
224,65,1072,208,76,104,1,4,-1,-1
224,66,181,907,41,75,1,1,-1,-1
224,67,1147,677,368,173,1,6,-1,-1
224,106,139,696,270,160,1,4,-1,-1
224,202,780,54,53,47,1,10,-1,-1
225,10,831,179,105,220,1,6,-1,-1
225,28,1088,106,33,61,1,10,-1,-1
225,40,733,103,112,51,1,7,-1,-1
225,66,174,912,41,74,1,1,-1,-1
225,67,1146,680,369,173,1,6,-1,-1
225,106,136,699,271,161,1,4,-1,-1
225,107,290,852,61,79,1,1,-1,-1
225,202,779,55,53,47,1,10,-1,-1
226,10,830,184,105,222,1,6,-1,-1
226,15,1131,508,288,137,1,6,-1,-1
226,28,1087,107,33,61,1,10,-1,-1
226,40,733,104,112,52,1,7,-1,-1
226,66,168,917,40,72,1,1,-1,-1
226,67,1146,684,370,173,1,6,-1,-1
226,106,133,703,271,160,1,4,-1,-1
226,107,285,858,61,78,1,1,-1,-1
226,202,778,56,53,47,1,10,-1,-1
227,10,829,189,106,224,1,6,-1,-1
227,15,1131,511,288,137,1,6,-1,-1
227,28,1086,108,33,61,1,10,-1,-1
227,40,732,105,112,53,1,7,-1,-1
227,66,162,923,40,70,1,1,-1,-1
227,67,1192,684,302,142,1,6,-1,-1
227,106,130,706,272,161,1,4,-1,-1
227,107,280,863,61,78,1,1,-1,-1
227,108,1623,327,52,61,1,2,-1,-1
227,202,777,58,53,47,1,10,-1,-1
228,10,827,195,106,225,1,6,-1,-1
228,15,1131,514,288,137,1,6,-1,-1
228,28,1086,109,33,61,1,10,-1,-1
228,40,731,106,112,53,1,7,-1,-1
228,66,155,928,43,70,1,1,-1,-1
228,67,1145,689,371,175,1,6,-1,-1
228,106,127,710,273,160,1,4,-1,-1
228,107,275,868,61,78,1,1,-1,-1
228,108,1623,329,52,60,1,2,-1,-1
228,202,775,58,53,47,1,10,-1,-1
228,203,933,0,85,95,1,6,-1,-1
229,10,825,201,106,227,1,6,-1,-1
229,15,1131,517,288,137,1,6,-1,-1
229,40,730,107,112,54,1,7,-1,-1
229,66,148,934,47,70,1,1,-1,-1
229,67,1145,692,372,175,1,6,-1,-1
229,107,270,874,61,78,1,1,-1,-1
229,108,1623,330,52,60,1,2,-1,-1
229,109,1462,508,331,137,1,6,-1,-1
229,203,933,0,85,94,1,6,-1,-1
230,10,823,208,106,228,1,6,-1,-1
230,15,1131,520,288,137,1,6,-1,-1
230,67,1145,695,372,176,1,6,-1,-1
230,107,264,880,61,78,1,1,-1,-1
230,108,1623,331,52,60,1,2,-1,-1
230,109,1463,511,331,137,1,6,-1,-1
230,203,932,0,85,93,1,6,-1,-1
231,10,822,214,105,229,1,6,-1,-1
231,15,1131,520,288,137,1,6,-1,-1
231,108,1623,332,52,60,1,2,-1,-1
231,109,1463,514,331,137,1,6,-1,-1
231,203,932,0,85,92,1,6,-1,-1
231,204,729,108,112,55,1,7,-1,-1
232,10,820,221,105,230,1,6,-1,-1
232,15,1131,520,288,137,1,6,-1,-1
232,29,253,894,61,78,1,1,-1,-1
232,108,1623,334,52,60,1,2,-1,-1
232,109,1464,517,331,137,1,6,-1,-1
232,110,1084,112,33,61,1,10,-1,-1
232,203,931,0,85,91,1,6,-1,-1
232,204,728,109,112,55,1,7,-1,-1
233,10,818,227,105,232,1,6,-1,-1
233,15,1131,520,288,137,1,6,-1,-1
233,29,247,901,61,78,1,1,-1,-1
233,30,1145,703,374,178,1,6,-1,-1
233,109,1464,519,331,137,1,6,-1,-1
233,110,1083,112,33,61,1,10,-1,-1
233,111,502,657,45,84,1,1,-1,-1
233,204,728,109,112,55,1,7,-1,-1
234,15,1131,520,288,137,1,6,-1,-1
234,29,242,908,61,78,1,1,-1,-1
234,30,1145,706,374,179,1,6,-1,-1
234,109,1465,521,331,137,1,6,-1,-1
234,110,1083,113,33,61,1,10,-1,-1
234,111,501,660,45,84,1,1,-1,-1
234,112,943,212,84,121,1,4,-1,-1
234,204,727,110,112,55,1,7,-1,-1
235,15,1131,520,288,137,1,6,-1,-1
235,29,236,915,61,78,1,1,-1,-1
235,30,1144,709,375,180,1,6,-1,-1
235,110,1082,113,34,61,1,10,-1,-1
235,111,500,662,45,85,1,1,-1,-1
235,112,942,210,84,121,1,4,-1,-1
235,204,726,111,112,55,1,7,-1,-1
236,15,1131,520,288,137,1,6,-1,-1
236,16,670,357,94,126,1,4,-1,-1
236,29,231,922,61,78,1,1,-1,-1
236,30,1144,712,376,180,1,6,-1,-1
236,110,1082,114,33,61,1,10,-1,-1
236,111,498,665,45,85,1,1,-1,-1
236,112,941,208,84,121,1,4,-1,-1
237,16,668,358,95,127,1,4,-1,-1
237,29,223,928,64,78,1,1,-1,-1
237,30,1144,714,376,182,1,6,-1,-1
237,110,1082,115,33,61,1,10,-1,-1
237,111,497,668,45,84,1,1,-1,-1
237,112,941,207,84,121,1,4,-1,-1
238,16,666,360,96,127,1,4,-1,-1
238,29,215,935,68,78,1,1,-1,-1
238,30,1144,717,377,182,1,6,-1,-1
238,111,495,671,45,84,1,1,-1,-1
238,112,940,206,84,120,1,4,-1,-1
238,113,95,744,282,164,1,4,-1,-1
239,16,664,361,97,128,1,4,-1,-1
239,29,207,941,71,79,1,1,-1,-1
239,30,1144,720,377,183,1,6,-1,-1
239,112,940,205,84,120,1,4,-1,-1
239,113,92,747,283,165,1,4,-1,-1
240,16,662,363,98,128,1,4,-1,-1
240,29,199,948,75,78,1,1,-1,-1
240,30,1144,723,378,183,1,6,-1,-1
240,68,493,677,45,84,1,1,-1,-1
240,69,939,-2,80,78,1,6,-1,-1
240,113,88,750,284,166,1,4,-1,-1
240,114,714,155,76,109,1,4,-1,-1
241,16,661,364,98,130,1,4,-1,-1
241,30,1144,726,378,184,1,6,-1,-1
241,68,490,681,45,84,1,1,-1,-1
241,69,926,0,85,82,1,6,-1,-1
241,70,1639,348,52,60,1,2,-1,-1
241,113,85,754,285,167,1,4,-1,-1
241,114,713,156,76,109,1,4,-1,-1
241,115,939,203,84,119,1,4,-1,-1
242,16,659,366,99,130,1,4,-1,-1
242,68,488,685,45,84,1,1,-1,-1
242,69,926,0,85,81,1,6,-1,-1
242,70,1639,350,53,60,1,2,-1,-1
242,113,81,757,286,168,1,4,-1,-1
242,114,713,157,76,109,1,4,-1,-1
242,115,939,202,84,119,1,4,-1,-1
243,16,657,367,100,131,1,4,-1,-1
243,68,486,689,45,84,1,1,-1,-1
243,69,925,0,85,80,1,6,-1,-1
243,70,1640,352,53,60,1,2,-1,-1
243,113,78,760,287,169,1,4,-1,-1
243,114,712,158,75,110,1,4,-1,-1
243,115,938,201,85,119,1,4,-1,-1
244,16,655,369,101,131,1,4,-1,-1
244,68,483,693,45,84,1,1,-1,-1
244,69,924,0,85,80,1,6,-1,-1
244,70,1641,354,54,60,1,2,-1,-1
244,114,711,160,75,110,1,4,-1,-1
244,115,938,200,84,118,1,4,-1,-1
245,16,653,370,102,132,1,4,-1,-1
245,68,481,697,45,84,1,1,-1,-1
245,69,924,0,85,80,1,6,-1,-1
245,70,1642,357,54,60,1,2,-1,-1
245,114,710,161,75,111,1,4,-1,-1
245,115,938,199,84,118,1,4,-1,-1
246,16,651,372,103,132,1,4,-1,-1
246,68,479,701,45,84,1,1,-1,-1
246,69,923,0,85,79,1,6,-1,-1
246,70,1643,359,55,60,1,2,-1,-1
246,115,937,198,85,118,1,4,-1,-1
247,8,1079,124,34,61,1,10,-1,-1
247,70,1643,361,56,60,1,2,-1,-1
248,8,1080,125,34,61,1,10,-1,-1
249,8,1080,127,34,61,1,10,-1,-1
250,8,1080,129,34,61,1,10,-1,-1
250,205,705,169,75,115,1,4,-1,-1
251,8,1080,131,34,61,1,10,-1,-1
251,205,704,170,75,116,1,4,-1,-1
252,8,1081,132,34,61,1,10,-1,-1
252,116,1033,82,66,79,1,4,-1,-1
252,205,703,172,75,117,1,4,-1,-1
253,8,1081,134,34,61,1,10,-1,-1
253,116,1032,83,66,79,1,4,-1,-1
253,205,702,173,75,118,1,4,-1,-1
254,8,1081,136,34,61,1,10,-1,-1
254,116,1032,84,66,79,1,4,-1,-1
254,205,701,175,75,118,1,4,-1,-1
255,8,1081,138,34,61,1,10,-1,-1
255,116,1031,85,66,79,1,4,-1,-1
256,8,1082,139,34,61,1,10,-1,-1
256,116,1031,86,66,79,1,4,-1,-1
257,8,1082,141,34,61,1,10,-1,-1
257,41,456,749,45,85,1,1,-1,-1
257,116,1030,87,66,79,1,4,-1,-1
258,8,1082,143,34,61,1,10,-1,-1
258,41,455,755,45,85,1,1,-1,-1
259,8,1082,145,34,61,1,10,-1,-1
259,41,454,761,45,85,1,1,-1,-1
260,41,453,767,45,85,1,1,-1,-1
261,41,452,772,45,85,1,1,-1,-1
262,41,451,778,45,85,1,1,-1,-1
263,41,450,784,45,85,1,1,-1,-1
263,117,7,857,310,175,1,4,-1,-1
263,206,695,192,77,127,1,4,-1,-1
264,41,449,790,45,85,1,1,-1,-1
264,117,6,864,309,172,1,4,-1,-1
264,118,1508,620,375,157,1,6,-1,-1
264,206,694,194,78,128,1,4,-1,-1
265,117,5,872,308,169,1,4,-1,-1
265,118,1512,630,375,157,1,6,-1,-1
265,206,694,197,79,129,1,4,-1,-1
266,117,4,880,307,166,1,4,-1,-1
266,118,1514,635,375,157,1,6,-1,-1
266,206,694,199,79,130,1,4,-1,-1
266,207,1032,24,87,57,1,7,-1,-1
267,117,3,887,306,163,1,4,-1,-1
267,118,1517,640,375,157,1,6,-1,-1
267,206,693,201,80,131,1,4,-1,-1
267,207,1033,26,87,57,1,7,-1,-1
268,42,653,174,33,67,1,1,-1,-1
268,117,2,895,305,160,1,4,-1,-1
268,118,1520,645,375,157,1,6,-1,-1
268,119,604,434,139,188,1,4,-1,-1
268,207,1034,28,87,57,1,7,-1,-1
269,42,653,177,33,67,1,1,-1,-1
269,118,1522,650,375,157,1,6,-1,-1
269,119,628,445,111,152,1,4,-1,-1
269,207,1036,31,87,57,1,7,-1,-1
269,208,1044,112,66,79,1,4,-1,-1
270,31,1705,464,64,60,1,2,-1,-1
270,42,653,181,33,67,1,1,-1,-1
270,119,602,488,109,151,1,4,-1,-1
270,120,660,11,32,56,1,1,-1,-1
270,207,1037,33,87,57,1,7,-1,-1
270,208,1046,114,66,79,1,4,-1,-1
271,31,1709,470,64,60,1,2,-1,-1
271,42,653,184,33,67,1,1,-1,-1
271,119,625,453,112,158,1,4,-1,-1
271,120,660,14,32,57,1,1,-1,-1
271,208,1047,116,66,79,1,4,-1,-1
271,209,430,854,45,84,1,1,-1,-1
272,31,1714,476,64,60,1,2,-1,-1
272,42,653,188,33,67,1,1,-1,-1
272,119,625,459,112,158,1,4,-1,-1
272,120,659,18,32,56,1,1,-1,-1
272,208,1049,119,66,79,1,4,-1,-1
272,209,427,864,45,84,1,1,-1,-1
273,31,1719,483,64,60,1,2,-1,-1
273,42,653,191,33,67,1,1,-1,-1
273,71,1531,681,372,157,1,6,-1,-1
273,119,625,465,112,158,1,4,-1,-1
273,120,659,21,32,56,1,1,-1,-1
273,208,1051,123,66,79,1,4,-1,-1
273,209,425,874,45,84,1,1,-1,-1
273,210,705,176,125,52,1,7,-1,-1
274,31,1724,490,64,60,1,2,-1,-1
274,42,653,195,33,67,1,1,-1,-1
274,71,1533,691,370,157,1,6,-1,-1
274,120,659,25,32,56,1,1,-1,-1
274,209,422,883,47,84,1,1,-1,-1
274,210,704,180,125,52,1,7,-1,-1
275,31,1729,497,64,60,1,2,-1,-1
275,42,653,198,33,67,1,1,-1,-1
275,71,1534,702,369,157,1,6,-1,-1
275,120,658,27,32,56,1,1,-1,-1
275,209,419,892,49,84,1,1,-1,-1
275,210,703,184,125,52,1,7,-1,-1
275,211,1092,189,34,62,1,10,-1,-1
276,31,1734,504,64,60,1,2,-1,-1
276,71,1536,712,367,157,1,6,-1,-1
276,210,703,188,125,52,1,7,-1,-1
276,211,1093,192,34,64,1,10,-1,-1
277,31,1739,511,64,60,1,2,-1,-1
277,71,1538,722,365,157,1,6,-1,-1
277,121,937,209,85,107,1,4,-1,-1
277,210,702,192,125,52,1,7,-1,-1
277,211,1094,196,34,64,1,10,-1,-1
278,31,1745,518,64,60,1,2,-1,-1
278,71,1540,733,363,157,1,6,-1,-1
278,121,937,210,85,107,1,4,-1,-1
278,211,1095,200,34,64,1,10,-1,-1
278,212,936,0,76,86,1,6,-1,-1
279,71,1542,743,361,157,1,6,-1,-1
279,72,1053,145,73,84,1,4,-1,-1
279,121,938,212,85,107,1,4,-1,-1
279,211,1096,203,34,66,1,10,-1,-1
279,212,936,0,76,87,1,6,-1,-1
280,72,1052,148,75,86,1,4,-1,-1
280,121,937,212,85,107,1,4,-1,-1
280,212,936,0,77,88,1,6,-1,-1
280,213,1752,536,64,60,1,2,-1,-1
281,32,619,514,116,165,1,4,-1,-1
281,72,1052,152,76,87,1,4,-1,-1
281,121,937,212,85,107,1,4,-1,-1
281,122,700,209,125,52,1,7,-1,-1
281,212,937,0,77,89,1,6,-1,-1
281,213,1760,535,64,60,1,2,-1,-1
281,214,399,953,52,74,1,1,-1,-1
282,32,616,520,118,167,1,4,-1,-1
282,72,1051,155,78,89,1,4,-1,-1
282,121,937,213,85,106,1,4,-1,-1
282,122,700,213,125,52,1,7,-1,-1
282,212,936,0,77,90,1,6,-1,-1
282,213,1760,554,64,60,1,2,-1,-1
282,214,396,963,52,72,1,1,-1,-1
283,32,614,526,118,169,1,4,-1,-1
283,72,1051,159,79,90,1,4,-1,-1
283,122,699,217,125,52,1,7,-1,-1
283,213,1764,563,64,60,1,2,-1,-1
283,214,392,974,52,69,1,1,-1,-1
284,32,611,532,120,172,1,4,-1,-1
284,72,1051,162,79,90,1,4,-1,-1
284,122,699,222,125,52,1,7,-1,-1
284,213,1767,572,64,60,1,2,-1,-1
284,214,389,985,52,66,1,1,-1,-1
285,32,608,538,121,174,1,4,-1,-1
285,72,1051,166,79,90,1,4,-1,-1
285,122,697,226,125,52,1,7,-1,-1
285,214,385,996,52,63,1,1,-1,-1
285,215,574,763,318,306,1,6,-1,-1
286,32,605,544,123,176,1,4,-1,-1
286,122,696,230,125,53,1,7,-1,-1
286,123,642,9,25,54,1,1,-1,-1
286,215,566,784,318,284,1,6,-1,-1
286,216,1158,802,377,190,1,6,-1,-1
287,32,603,550,124,179,1,4,-1,-1
287,123,641,12,25,54,1,1,-1,-1
287,215,559,805,318,263,1,6,-1,-1
287,216,1159,811,379,192,1,6,-1,-1
287,217,1077,378,99,135,1,4,-1,-1
288,32,600,557,123,181,1,4,-1,-1
288,123,640,15,25,55,1,1,-1,-1
288,124,627,243,38,78,1,1,-1,-1
288,215,551,826,318,242,1,6,-1,-1
288,216,1160,821,382,194,1,6,-1,-1
288,217,1077,384,99,135,1,4,-1,-1
288,218,1568,836,335,158,1,6,-1,-1
289,32,597,564,123,184,1,4,-1,-1
289,123,640,18,24,56,1,1,-1,-1
289,124,629,252,33,67,1,1,-1,-1
289,215,544,847,318,221,1,6,-1,-1
289,216,1161,832,384,191,1,6,-1,-1
289,217,1076,389,101,135,1,4,-1,-1
289,218,1572,847,331,158,1,6,-1,-1
290,123,638,21,24,56,1,1,-1,-1
290,124,625,257,33,67,1,1,-1,-1
290,216,1162,844,386,188,1,6,-1,-1
290,217,1076,395,101,135,1,4,-1,-1
290,218,1575,858,327,154,1,6,-1,-1
291,73,1772,617,99,87,1,2,-1,-1
291,123,636,24,24,56,1,1,-1,-1
291,124,622,262,33,67,1,1,-1,-1
291,125,1031,1,23,42,1,1,-1,-1
291,217,1076,401,101,134,1,4,-1,-1
291,218,1579,869,323,151,1,6,-1,-1
292,73,1784,633,91,77,1,2,-1,-1
292,124,619,267,33,67,1,1,-1,-1
292,125,1031,2,22,45,1,1,-1,-1
292,126,934,216,85,106,1,4,-1,-1
292,218,1523,872,384,178,1,6,-1,-1
292,219,931,0,80,100,1,6,-1,-1
293,73,1803,641,83,68,1,2,-1,-1
293,124,615,272,33,67,1,1,-1,-1
293,125,1031,3,21,48,1,1,-1,-1
293,126,934,217,85,106,1,4,-1,-1
293,219,931,0,80,101,1,6,-1,-1
294,73,1807,664,77,61,1,2,-1,-1
294,125,1031,4,21,51,1,1,-1,-1
294,126,934,218,85,106,1,4,-1,-1
294,127,1056,82,28,46,1,1,-1,-1
294,219,930,0,81,102,1,6,-1,-1
295,73,1811,673,80,61,1,2,-1,-1
295,125,1031,7,21,51,1,1,-1,-1
295,126,934,218,85,106,1,4,-1,-1
295,127,1056,85,28,46,1,1,-1,-1
295,219,930,0,81,103,1,6,-1,-1
295,220,1035,103,72,56,1,7,-1,-1
296,73,1816,682,82,61,1,2,-1,-1
296,125,1031,10,21,52,1,1,-1,-1
296,126,934,219,85,106,1,4,-1,-1
296,127,1056,88,28,46,1,1,-1,-1
296,219,929,0,82,104,1,6,-1,-1
296,220,1051,106,85,66,1,7,-1,-1
297,17,574,624,127,193,1,4,-1,-1
297,73,1820,692,78,61,1,2,-1,-1
297,74,737,215,61,69,1,10,-1,-1
297,126,934,220,85,106,1,4,-1,-1
297,127,1057,92,28,46,1,1,-1,-1
297,220,1052,110,85,66,1,7,-1,-1
298,17,571,632,128,193,1,4,-1,-1
298,74,737,220,61,69,1,10,-1,-1
298,127,1057,95,28,46,1,1,-1,-1
298,128,631,107,25,55,1,1,-1,-1
298,220,1053,114,85,66,1,7,-1,-1
299,17,568,640,129,193,1,4,-1,-1
299,74,736,223,61,69,1,10,-1,-1
299,127,1058,99,28,46,1,1,-1,-1
299,128,630,110,25,55,1,1,-1,-1
299,220,1053,117,85,66,1,7,-1,-1
299,221,1074,6,240,92,1,6,-1,-1
300,17,565,648,131,193,1,4,-1,-1
300,74,735,226,61,69,1,10,-1,-1
300,128,629,113,25,55,1,1,-1,-1
300,221,1076,-14,266,104,1,6,-1,-1
301,17,562,654,134,198,1,4,-1,-1
301,74,735,229,61,69,1,10,-1,-1
301,128,628,117,25,55,1,1,-1,-1
301,221,1074,9,242,95,1,6,-1,-1
302,17,561,661,134,201,1,4,-1,-1
302,33,675,297,137,62,1,7,-1,-1
302,74,735,233,60,68,1,10,-1,-1
302,128,626,120,25,56,1,1,-1,-1
302,221,1075,11,241,95,1,6,-1,-1
303,17,591,680,115,175,1,4,-1,-1
303,33,675,301,137,62,1,7,-1,-1
303,74,735,237,60,68,1,10,-1,-1
303,128,624,123,26,57,1,1,-1,-1
303,221,1076,14,241,95,1,6,-1,-1
304,17,561,676,133,207,1,4,-1,-1
304,33,674,305,139,62,1,7,-1,-1
305,17,560,684,134,209,1,4,-1,-1
305,33,674,308,139,63,1,7,-1,-1
305,222,621,130,27,58,1,1,-1,-1
306,17,560,691,133,212,1,4,-1,-1
306,33,673,312,140,63,1,7,-1,-1
306,43,735,250,58,66,1,10,-1,-1
306,129,837,51,26,56,1,1,-1,-1
306,222,619,133,28,59,1,1,-1,-1
307,17,560,699,133,215,1,4,-1,-1
307,33,673,316,141,63,1,7,-1,-1
307,43,735,254,58,66,1,10,-1,-1
307,129,836,54,26,57,1,1,-1,-1
307,222,618,137,28,59,1,1,-1,-1
308,33,672,319,142,64,1,7,-1,-1
308,43,735,258,57,65,1,10,-1,-1
308,129,836,58,25,57,1,1,-1,-1
308,222,616,140,28,60,1,1,-1,-1
309,33,672,323,142,64,1,7,-1,-1
309,43,735,262,57,65,1,10,-1,-1
309,129,835,61,26,58,1,1,-1,-1
309,222,615,143,28,61,1,1,-1,-1
310,33,672,327,143,64,1,7,-1,-1
310,43,735,266,56,65,1,10,-1,-1
310,129,834,64,26,58,1,1,-1,-1
311,43,735,271,56,64,1,10,-1,-1
311,129,834,68,25,58,1,1,-1,-1
311,223,612,150,28,62,1,1,-1,-1
312,43,733,275,56,64,1,10,-1,-1
312,223,611,153,28,63,1,1,-1,-1
313,43,732,280,56,64,1,10,-1,-1
313,223,610,157,28,64,1,1,-1,-1
314,223,607,160,28,64,1,1,-1,-1
315,130,1089,537,109,176,1,4,-1,-1
315,223,604,164,28,64,1,1,-1,-1
315,224,1060,164,100,76,1,7,-1,-1
316,130,1089,543,109,178,1,4,-1,-1
316,224,1060,168,100,76,1,7,-1,-1
316,225,835,0,20,42,1,2,-1,-1
317,130,1089,549,110,180,1,4,-1,-1
317,224,1060,171,100,76,1,7,-1,-1
317,225,838,0,20,45,1,2,-1,-1
318,130,1089,555,111,183,1,4,-1,-1
318,131,802,5,30,61,1,1,-1,-1
318,224,1074,171,36,79,1,1,-1,-1
318,225,841,0,20,48,1,2,-1,-1
319,130,1095,562,112,185,1,4,-1,-1
319,131,804,7,29,63,1,1,-1,-1
319,224,1063,156,39,84,1,1,-1,-1
319,225,844,0,21,52,1,2,-1,-1
320,75,861,2,25,53,1,1,-1,-1
320,130,1102,570,112,186,1,4,-1,-1
320,131,811,10,30,60,1,1,-1,-1
320,225,847,0,21,55,1,2,-1,-1
321,75,870,4,25,53,1,1,-1,-1
321,131,819,13,30,57,1,1,-1,-1
321,132,678,378,146,70,1,7,-1,-1
322,75,880,7,25,53,1,1,-1,-1
322,131,827,16,31,55,1,1,-1,-1
322,132,683,382,146,70,1,7,-1,-1
323,75,890,10,25,53,1,1,-1,-1
323,131,825,-10,23,64,1,2,-1,-1
323,132,687,388,146,70,1,7,-1,-1
324,75,899,12,25,53,1,1,-1,-1
324,76,861,53,27,59,1,1,-1,-1
324,132,691,394,146,70,1,7,-1,-1
325,44,774,332,56,64,1,10,-1,-1
325,75,909,15,25,53,1,1,-1,-1
325,76,864,56,27,59,1,1,-1,-1
325,132,695,400,146,70,1,7,-1,-1
326,34,1151,84,233,100,1,6,-1,-1
326,44,778,338,56,64,1,10,-1,-1
326,75,919,18,25,53,1,1,-1,-1
326,76,868,60,27,59,1,1,-1,-1
326,132,700,406,145,70,1,7,-1,-1
326,133,705,0,145,61,1,6,-1,-1
327,34,1157,88,233,100,1,6,-1,-1
327,44,775,341,56,64,1,10,-1,-1
327,76,872,64,27,59,1,1,-1,-1
327,133,704,0,145,63,1,6,-1,-1
328,34,1155,91,234,99,1,6,-1,-1
328,44,772,345,56,64,1,10,-1,-1
328,76,872,67,27,59,1,1,-1,-1
328,133,703,0,145,66,1,6,-1,-1
328,226,1119,210,100,76,1,7,-1,-1
329,34,1154,94,235,99,1,6,-1,-1
329,35,1092,1,203,77,1,6,-1,-1
329,44,769,348,56,64,1,10,-1,-1
329,76,873,71,27,59,1,1,-1,-1
329,133,703,0,145,69,1,6,-1,-1
329,226,1119,213,100,76,1,7,-1,-1
330,34,1153,97,236,99,1,6,-1,-1
330,35,1092,2,203,79,1,6,-1,-1
330,44,766,352,56,64,1,10,-1,-1
330,76,873,75,27,59,1,1,-1,-1
330,133,702,1,145,71,1,6,-1,-1
330,226,1118,217,100,76,1,7,-1,-1
331,34,1151,100,237,99,1,6,-1,-1
331,35,1091,2,202,80,1,6,-1,-1
331,44,769,354,67,76,1,10,-1,-1
331,133,702,1,145,74,1,6,-1,-1
331,226,1118,221,100,76,1,7,-1,-1
331,227,639,218,28,68,1,1,-1,-1
332,34,1150,103,238,99,1,6,-1,-1
332,35,1090,3,202,81,1,6,-1,-1
332,44,763,358,56,64,1,10,-1,-1
332,226,1118,226,100,76,1,7,-1,-1
332,227,637,220,28,68,1,1,-1,-1
333,34,1149,106,239,99,1,6,-1,-1
333,35,1089,4,202,82,1,6,-1,-1
333,227,636,223,28,68,1,1,-1,-1
334,34,1147,109,240,99,1,6,-1,-1
334,35,1088,4,202,84,1,6,-1,-1
334,227,635,226,28,68,1,1,-1,-1
334,228,1118,235,100,76,1,7,-1,-1
335,35,1087,5,202,85,1,6,-1,-1
335,227,633,228,28,68,1,1,-1,-1
335,228,1118,239,100,76,1,7,-1,-1
336,11,1162,55,200,79,1,6,-1,-1
336,35,1086,6,202,86,1,6,-1,-1
336,228,1118,244,100,76,1,7,-1,-1
336,229,640,516,126,197,1,4,-1,-1
337,11,1161,58,200,79,1,6,-1,-1
337,35,1086,7,201,87,1,6,-1,-1
337,228,1118,248,100,76,1,7,-1,-1
337,229,637,524,128,197,1,4,-1,-1
337,230,629,234,28,68,1,1,-1,-1
338,11,1161,60,200,79,1,6,-1,-1
338,228,1140,240,123,93,1,7,-1,-1
338,229,634,532,130,197,1,4,-1,-1
338,230,626,237,28,68,1,1,-1,-1
339,11,1161,63,201,79,1,6,-1,-1
339,134,679,464,146,70,1,7,-1,-1
339,135,982,250,91,106,1,4,-1,-1
339,229,631,536,131,199,1,4,-1,-1
339,230,623,241,28,68,1,1,-1,-1
339,231,723,2,130,71,1,6,-1,-1
340,11,1161,66,201,79,1,6,-1,-1
340,77,620,194,30,79,1,1,-1,-1
340,134,678,469,146,70,1,7,-1,-1
340,135,982,250,91,106,1,4,-1,-1
340,229,629,541,132,200,1,4,-1,-1
340,230,621,245,28,68,1,1,-1,-1
340,231,690,10,145,79,1,6,-1,-1
341,11,1161,69,202,79,1,6,-1,-1
341,77,618,199,30,79,1,1,-1,-1
341,134,675,473,147,71,1,7,-1,-1
341,135,982,250,91,106,1,4,-1,-1
341,230,620,247,28,68,1,1,-1,-1
341,231,689,12,145,79,1,6,-1,-1
341,232,851,65,31,55,1,1,-1,-1
342,11,1161,72,203,79,1,6,-1,-1
342,77,616,202,30,79,1,1,-1,-1
342,134,672,477,149,73,1,7,-1,-1
342,135,981,250,91,106,1,4,-1,-1
342,136,1087,20,201,87,1,6,-1,-1
342,231,687,13,145,79,1,6,-1,-1
342,232,849,68,31,55,1,1,-1,-1
343,11,1161,75,203,79,1,6,-1,-1
343,77,614,205,30,79,1,1,-1,-1
343,134,669,482,151,74,1,7,-1,-1
343,135,981,250,91,106,1,4,-1,-1
343,136,1088,22,200,87,1,6,-1,-1
343,231,686,14,145,79,1,6,-1,-1
343,232,848,71,31,55,1,1,-1,-1
343,233,887,45,21,59,1,2,-1,-1
344,11,1161,78,204,79,1,6,-1,-1
344,77,612,208,30,79,1,1,-1,-1
344,134,666,486,153,76,1,7,-1,-1
344,135,981,250,91,106,1,4,-1,-1
344,136,1088,25,200,87,1,6,-1,-1
344,232,833,73,32,56,1,1,-1,-1
344,233,887,47,21,59,1,2,-1,-1
345,11,1162,81,204,79,1,6,-1,-1
345,77,610,211,30,79,1,1,-1,-1
345,136,1089,28,200,87,1,6,-1,-1
345,232,846,77,31,55,1,1,-1,-1
345,233,886,48,21,59,1,2,-1,-1
345,234,796,71,27,53,1,1,-1,-1
346,11,1162,82,204,80,1,6,-1,-1
346,77,608,214,30,79,1,1,-1,-1
346,136,1088,29,200,87,1,6,-1,-1
346,233,886,49,21,59,1,2,-1,-1
346,234,795,72,27,53,1,1,-1,-1
347,11,1162,84,205,80,1,6,-1,-1
347,136,1088,30,200,87,1,6,-1,-1
347,233,886,51,21,59,1,2,-1,-1
347,234,783,73,27,53,1,1,-1,-1
348,18,1104,273,42,78,1,1,-1,-1
348,45,681,26,145,79,1,6,-1,-1
348,78,1106,415,82,134,1,4,-1,-1
348,234,778,70,22,50,1,2,-1,-1
349,18,1121,280,35,66,1,1,-1,-1
349,45,680,28,145,79,1,6,-1,-1
349,78,1106,420,82,134,1,4,-1,-1
349,137,1088,32,200,88,1,6,-1,-1
349,234,777,72,22,50,1,2,-1,-1
350,18,1117,271,33,61,1,1,-1,-1
350,45,722,35,134,73,1,6,-1,-1
350,78,1108,391,99,161,1,4,-1,-1
350,137,1088,33,200,89,1,6,-1,-1
350,235,968,30,88,119,1,6,-1,-1
351,18,1116,274,33,61,1,1,-1,-1
351,45,678,33,145,79,1,6,-1,-1
351,78,1108,431,82,134,1,4,-1,-1
351,137,1103,29,238,105,1,6,-1,-1
351,235,967,30,88,120,1,6,-1,-1
352,18,1116,277,33,61,1,1,-1,-1
352,45,677,36,145,79,1,6,-1,-1
352,78,1108,436,82,134,1,4,-1,-1
352,137,1087,36,200,89,1,6,-1,-1
352,138,596,232,30,79,1,1,-1,-1
352,139,843,92,31,55,1,1,-1,-1
352,235,967,30,88,120,1,6,-1,-1
353,18,1116,281,33,61,1,1,-1,-1
353,45,681,0,197,89,1,6,-1,-1
353,78,1109,441,82,134,1,4,-1,-1
353,137,1087,37,200,89,1,6,-1,-1
353,138,594,235,31,79,1,1,-1,-1
353,139,842,93,31,55,1,1,-1,-1
353,235,961,36,77,105,1,6,-1,-1
354,18,1116,284,33,61,1,1,-1,-1
354,45,676,39,146,82,1,6,-1,-1
354,78,1110,447,82,134,1,4,-1,-1
354,137,1087,38,200,89,1,6,-1,-1
354,138,592,238,31,79,1,1,-1,-1
354,139,841,94,31,55,1,1,-1,-1
354,235,966,31,88,121,1,6,-1,-1
355,18,1116,287,33,61,1,1,-1,-1
355,45,675,40,147,84,1,6,-1,-1
355,138,591,241,30,79,1,1,-1,-1
355,139,840,95,31,55,1,1,-1,-1
356,18,1116,290,33,61,1,1,-1,-1
356,138,589,244,30,79,1,1,-1,-1
356,139,840,96,31,55,1,1,-1,-1
356,140,731,452,56,72,1,10,-1,-1
356,141,965,28,88,124,1,6,-1,-1
357,18,1116,293,33,61,1,1,-1,-1
357,138,587,247,31,79,1,1,-1,-1
357,139,839,97,31,55,1,1,-1,-1
357,140,729,457,56,72,1,10,-1,-1
357,141,965,27,88,125,1,6,-1,-1
357,236,674,43,149,87,1,6,-1,-1
357,237,1123,816,137,229,1,4,-1,-1
358,18,1116,296,33,61,1,1,-1,-1
358,140,727,462,56,72,1,10,-1,-1
358,141,965,25,88,127,1,6,-1,-1
358,236,674,45,149,88,1,6,-1,-1
358,237,1124,822,137,228,1,4,-1,-1
359,140,726,467,56,72,1,10,-1,-1
359,141,965,24,88,128,1,6,-1,-1
359,236,673,46,150,90,1,6,-1,-1
359,237,1126,828,137,228,1,4,-1,-1
360,140,724,472,56,72,1,10,-1,-1
360,141,965,23,88,129,1,6,-1,-1
360,236,673,48,151,91,1,6,-1,-1
360,237,1127,834,137,228,1,4,-1,-1
361,140,723,477,56,72,1,10,-1,-1
361,141,965,22,88,130,1,6,-1,-1
361,236,673,48,151,91,1,6,-1,-1
361,237,1129,840,137,228,1,4,-1,-1
