1,-1,2274,355,345,138,1,4,-1,1
2,-1,821,1261,62,140,1,1,-1,0
2,-1,1147,274,233,161,1,4,-1,0
3,-1,827,1257,65,143,1,1,-1,0
3,-1,2132,309,314,128,1,4,-1,1
4,-1,1218,349,269,182,1,4,-1,0
5,-1,1267,457,291,195,1,4,-1,0
6,-1,1314,592,309,206,1,4,-1,0
6,-1,1924,470,268,116,1,4,-1,1
7,-1,315,250,48,45,1,4,-1,0
7,-1,1368,703,329,218,1,4,-1,0
8,-1,325,283,47,47,1,4,-1,0
8,-1,1821,546,235,108,1,4,-1,1
9,-1,327,277,53,65,1,4,-1,0
9,-1,1493,788,377,245,1,4,-1,0
10,-1,331,283,52,58,1,4,-1,0
11,-1,336,290,51,50,1,4,-1,0
11,-1,1686,535,199,97,1,4,-1,1
13,-1,346,304,49,34,1,4,-1,0
13,-1,1832,951,548,347,1,4,-1,0
14,-1,349,302,52,38,1,4,-1,0
14,-1,1561,502,184,92,1,4,-1,1
14,-1,1940,1008,596,386,1,4,-1,0
14,-1,2402,656,261,151,1,4,-1,1
15,-1,1525,491,178,91,1,4,-1,1
15,-1,2067,1072,617,437,1,4,-1,0
15,-1,1519,480,163,84,1,4,-1,1
16,-1,1489,481,173,89,1,4,-1,1
16,-1,2223,605,299,131,1,4,-1,1
17,-1,361,303,58,44,1,4,-1,0
17,-1,1461,472,166,87,1,4,-1,1
17,-1,2134,585,296,119,1,4,-1,1
18,-1,366,306,59,43,1,4,-1,0
18,-1,1434,463,159,86,1,4,-1,1
18,-1,2047,572,278,116,1,4,-1,1
19,-1,1407,455,151,84,1,4,-1,1
20,-1,375,312,61,42,1,4,-1,0
20,-1,1380,446,144,83,1,4,-1,1
20,-1,1912,537,233,103,1,4,-1,1
21,-1,379,315,63,42,1,4,-1,0
21,-1,1846,523,221,105,1,4,-1,1
23,-1,1291,424,135,81,1,4,-1,1
23,-1,406,247,79,54,1,4,-1,0
24,-1,395,324,66,43,1,4,-1,0
24,-1,1268,426,134,68,1,4,-1,1
24,-1,378,331,73,48,1,4,-1,0
25,-1,228,270,36,29,1,4,-1,0
25,-1,401,327,67,45,1,4,-1,0
25,-1,420,293,55,37,1,4,-1,0
25,-1,1246,420,138,72,1,4,-1,1
25,-1,1631,469,185,95,1,4,-1,1
25,-1,1642,503,154,79,1,4,-1,1
26,-1,229,270,36,29,1,4,-1,0
26,-1,407,330,69,47,1,4,-1,0
26,-1,1241,442,87,47,1,4,-1,1
27,-1,230,271,36,29,1,4,-1,0
27,-1,413,333,70,49,1,4,-1,0
27,-1,1204,408,134,74,1,4,-1,1
27,-1,1539,449,167,83,1,4,-1,1
27,-1,216,278,36,29,1,4,-1,0
28,-1,231,271,36,29,1,4,-1,0
28,-1,435,299,53,36,1,4,-1,0
28,-1,1184,402,125,71,1,4,-1,1
28,-1,1216,424,65,37,1,4,-1,1
29,-1,232,272,36,29,1,4,-1,0
29,-1,400,308,73,52,1,4,-1,0
30,-1,445,301,53,36,1,4,-1,0
30,-1,1423,428,149,68,1,4,-1,1
30,-1,404,340,98,70,1,4,-1,0
31,-1,438,346,83,59,1,4,-1,0
31,-1,451,323,52,37,1,4,-1,0
31,-1,1395,424,134,65,1,4,-1,1
31,-1,1129,394,141,77,1,4,-1,1
32,-1,449,379,84,60,1,4,-1,0
32,-1,457,345,52,38,1,4,-1,0
32,-1,1350,437,146,65,1,4,-1,1
32,-1,257,303,29,23,1,4,-1,0
33,-1,240,331,36,28,1,4,-1,0
33,-1,463,368,52,39,1,4,-1,0
33,-1,467,357,49,37,1,4,-1,0
34,-1,241,347,36,28,1,4,-1,0
34,-1,469,432,87,62,1,4,-1,0
34,-1,1059,466,122,65,1,4,-1,1
34,-1,219,336,22,17,1,4,-1,0
35,-1,475,402,52,41,1,4,-1,0
35,-1,478,452,89,63,1,4,-1,0
35,-1,1060,463,101,63,1,4,-1,1
35,-1,1245,484,112,54,1,4,-1,1
36,-1,489,459,90,64,1,4,-1,0
36,-1,1240,478,119,59,1,4,-1,1
36,-1,1186,462,160,79,1,4,-1,1
37,-1,481,409,56,42,1,4,-1,0
37,-1,500,466,91,65,1,4,-1,0
37,-1,1033,459,96,61,1,4,-1,1
37,-1,473,382,76,57,1,4,-1,0
38,-1,511,474,93,65,1,4,-1,0
38,-1,1020,458,93,59,1,4,-1,1
38,-1,495,412,62,47,1,4,-1,0
39,-1,524,481,96,69,1,4,-1,0
39,-1,1005,454,92,57,1,4,-1,1
39,-1,1165,458,108,60,1,4,-1,1
39,-1,275,377,25,19,1,4,-1,0
40,-1,538,488,99,73,1,4,-1,0
40,-1,511,470,127,93,1,4,-1,0
41,-1,248,370,37,28,1,4,-1,0
41,-1,507,421,64,46,1,4,-1,0
41,-1,1119,450,103,58,1,4,-1,1
41,-1,510,413,87,62,1,4,-1,0
42,-1,514,424,65,47,1,4,-1,0
42,-1,566,503,104,81,1,4,-1,0
42,-1,963,444,88,51,1,4,-1,1
42,-1,274,368,50,38,1,4,-1,0
43,-1,250,371,38,29,1,4,-1,0
43,-1,520,427,67,47,1,4,-1,0
43,-1,580,510,107,85,1,4,-1,0
43,-1,950,441,89,49,1,4,-1,1
43,-1,1060,461,116,65,1,4,-1,1
44,-1,527,430,69,48,1,4,-1,0
44,-1,594,518,110,89,1,4,-1,0
44,-1,938,438,90,48,1,4,-1,1
44,-1,973,441,55,30,1,4,-1,1
45,-1,252,372,39,29,1,4,-1,0
45,-1,614,531,114,92,1,4,-1,0
45,-1,927,435,84,47,1,4,-1,1
45,-1,1045,437,86,51,1,4,-1,1
45,-1,263,359,42,31,1,4,-1,0
46,-1,253,372,40,30,1,4,-1,0
46,-1,540,436,73,50,1,4,-1,0
46,-1,634,545,118,95,1,4,-1,0
46,-1,522,423,87,60,1,4,-1,0
47,-1,254,373,40,30,1,4,-1,0
47,-1,654,559,122,98,1,4,-1,0
47,-1,906,430,82,47,1,4,-1,1
47,-1,1011,429,83,47,1,4,-1,1
47,-1,933,434,47,27,1,4,-1,1
48,-1,553,442,77,52,1,4,-1,0
48,-1,994,427,83,47,1,4,-1,0
48,-1,580,445,60,40,1,4,-1,0
49,-1,256,374,41,31,1,4,-1,0
49,-1,562,445,80,54,1,4,-1,0
49,-1,696,586,148,111,1,4,-1,0
49,-1,886,425,80,48,1,4,-1,1
49,-1,979,422,80,48,1,4,-1,0
49,-1,985,393,94,56,1,4,-1,0
50,-1,571,448,83,56,1,4,-1,0
50,-1,717,599,161,118,1,4,-1,0
50,-1,876,422,79,49,1,4,-1,1
50,-1,963,419,80,51,1,4,-1,0
50,-1,960,431,89,57,1,4,-1,0
51,-1,258,376,42,31,1,4,-1,0
51,-1,581,452,85,57,1,4,-1,0
51,-1,738,613,175,124,1,4,-1,0
51,-1,866,420,78,49,1,4,-1,1
51,-1,949,416,75,46,1,4,-1,0
51,-1,942,441,88,54,1,4,-1,0
52,-1,592,457,88,59,1,4,-1,0
52,-1,769,635,189,137,1,4,-1,0
52,-1,842,418,101,65,1,4,-1,1
53,-1,604,462,90,61,1,4,-1,0
53,-1,849,416,72,48,1,4,-1,1
53,-1,265,381,40,28,1,4,-1,0
54,-1,262,379,43,32,1,4,-1,0
54,-1,616,468,92,62,1,4,-1,0
54,-1,831,679,219,165,1,4,-1,0
54,-1,840,414,70,47,1,4,-1,1
54,-1,906,407,71,48,1,4,-1,0
54,-1,253,374,44,33,1,4,-1,0
55,-1,627,473,95,64,1,4,-1,0
55,-1,832,412,67,47,1,4,-1,1
55,-1,863,701,233,179,1,4,-1,0
55,-1,898,401,62,55,1,4,-1,0
55,-1,904,409,35,31,1,4,-1,0
56,-1,264,381,45,32,1,4,-1,0
56,-1,885,404,66,46,1,4,-1,0
56,-1,266,379,38,27,1,4,-1,0
57,-1,651,484,99,68,1,4,-1,0
57,-1,873,399,59,46,1,4,-1,1
57,-1,978,762,256,185,1,4,-1,0
57,-1,878,395,43,33,1,4,-1,1
58,-1,662,489,102,70,1,4,-1,0
58,-1,809,408,64,43,1,4,-1,1
58,-1,847,426,47,31,1,4,-1,1
59,-1,268,384,46,33,1,4,-1,0
59,-1,1093,830,332,266,1,4,-1,0
59,-1,822,420,64,38,1,4,-1,1
60,-1,791,406,67,35,1,4,-1,1
60,-1,840,395,59,43,1,4,-1,1
60,-1,1188,886,350,278,1,4,-1,0
60,-1,823,383,69,50,1,4,-1,1
61,-1,271,386,47,34,1,4,-1,0
61,-1,703,508,110,76,1,4,-1,0
61,-1,784,404,65,35,1,4,-1,1
61,-1,832,394,57,41,1,4,-1,1
61,-1,839,385,46,33,1,4,-1,1
62,-1,778,402,63,36,1,4,-1,1
62,-1,825,394,54,38,1,4,-1,1
62,-1,1392,1003,470,365,1,4,-1,0
62,-1,1336,943,554,431,1,4,-1,0
63,-1,273,388,48,34,1,4,-1,0
63,-1,737,524,120,81,1,4,-1,0
63,-1,771,400,61,37,1,4,-1,1
63,-1,262,381,39,28,1,4,-1,0
64,-1,274,389,49,34,1,4,-1,0
64,-1,765,398,59,38,1,4,-1,1
64,-1,1692,1195,614,314,1,4,-1,0
64,-1,746,358,62,40,1,4,-1,1
65,-1,276,390,48,35,1,4,-1,0
65,-1,757,396,59,40,1,4,-1,1
65,-1,771,541,130,85,1,4,-1,0
65,-1,787,391,59,35,1,4,-1,1
65,-1,748,390,44,30,1,4,-1,1
66,-1,277,391,49,35,1,4,-1,0
66,-1,776,388,59,38,1,4,-1,1
66,-1,805,438,64,41,1,4,-1,1
67,-1,771,567,106,83,1,4,-1,0
68,-1,279,393,51,35,1,4,-1,0
68,-1,735,393,59,43,1,4,-1,1
68,-1,764,391,51,31,1,4,-1,1
68,-1,832,569,138,102,1,4,-1,0
68,-1,721,380,74,45,1,4,-1,1
69,-1,281,394,50,36,1,4,-1,0
69,-1,752,387,53,33,1,4,-1,1
69,-1,852,581,149,105,1,4,-1,0
69,-1,818,567,179,126,1,4,-1,0
70,-1,282,395,51,36,1,4,-1,0
70,-1,725,395,57,36,1,4,-1,1
70,-1,878,594,160,107,1,4,-1,0
70,-1,892,586,160,107,1,4,-1,0
71,-1,283,396,52,36,1,4,-1,0
71,-1,745,383,46,34,1,4,-1,1
71,-1,905,607,170,109,1,4,-1,0
71,-1,723,397,37,23,1,4,-1,1
72,-1,285,397,52,37,1,4,-1,0
72,-1,716,391,55,33,1,4,-1,1
72,-1,728,379,50,41,1,4,-1,1
72,-1,932,620,181,111,1,4,-1,0
72,-1,2381,784,300,144,1,4,-1,1
72,-1,734,364,75,45,1,4,-1,1
73,-1,721,380,49,39,1,4,-1,1
73,-1,2193,735,519,208,1,4,-1,1
74,-1,287,399,53,38,1,4,-1,0
74,-1,702,391,58,33,1,4,-1,1
74,-1,1003,650,194,131,1,4,-1,0
74,-1,2156,727,356,143,1,4,-1,1
74,-1,297,413,36,26,1,4,-1,0
75,-1,288,400,54,39,1,4,-1,0
75,-1,695,392,60,33,1,4,-1,1
75,-1,703,379,53,41,1,4,-1,1
75,-1,1039,665,200,141,1,4,-1,0
75,-1,2018,704,420,174,1,4,-1,1
76,-1,290,401,54,39,1,4,-1,0
76,-1,696,379,46,30,1,4,-1,1
76,-1,2002,687,307,131,1,4,-1,1
76,-1,689,416,34,18,1,4,-1,1
77,-1,684,388,59,34,1,4,-1,1
77,-1,695,377,39,36,1,4,-1,1
77,-1,1143,713,240,167,1,4,-1,0
77,-1,1981,685,190,84,1,4,-1,1
78,-1,292,404,55,40,1,4,-1,0
78,-1,679,387,59,34,1,4,-1,1
78,-1,683,375,43,32,1,4,-1,1
78,-1,1195,738,261,179,1,4,-1,0
78,-1,1848,647,258,119,1,4,-1,1
78,-1,690,380,40,30,1,4,-1,1
79,-1,294,405,55,40,1,4,-1,0
79,-1,674,375,43,27,1,4,-1,1
79,-1,1247,762,281,193,1,4,-1,0
79,-1,1772,628,233,113,1,4,-1,1
79,-1,690,412,42,26,1,4,-1,1
80,-1,677,379,43,31,1,4,-1,1
80,-1,315,402,62,45,1,4,-1,0
81,-1,296,407,57,42,1,4,-1,0
81,-1,664,373,44,32,1,4,-1,1
81,-1,672,384,51,34,1,4,-1,1
81,-1,1351,811,322,218,1,4,-1,0
81,-1,285,376,35,26,1,4,-1,0
82,-1,298,409,57,42,1,4,-1,0
82,-1,654,372,47,37,1,4,-1,1
82,-1,666,383,49,32,1,4,-1,1
82,-1,656,391,60,39,1,4,-1,1
83,-1,299,411,58,42,1,4,-1,0
83,-1,662,382,48,32,1,4,-1,1
83,-1,1503,882,392,262,1,4,-1,0
83,-1,674,372,52,35,1,4,-1,1
84,-1,301,413,58,43,1,4,-1,0
84,-1,646,372,43,35,1,4,-1,1
84,-1,658,382,47,31,1,4,-1,1
84,-1,1517,568,178,89,1,4,-1,1
84,-1,1604,929,440,293,1,4,-1,0
84,-1,642,386,48,39,1,4,-1,1
85,-1,303,416,58,43,1,4,-1,0
85,-1,1476,559,170,87,1,4,-1,1
85,-1,621,342,54,44,1,4,-1,1
86,-1,1435,550,163,85,1,4,-1,1
86,-1,1806,1023,537,354,1,4,-1,0
86,-1,653,397,44,30,1,4,-1,1
87,-1,306,420,60,44,1,4,-1,0
87,-1,647,381,44,31,1,4,-1,1
87,-1,682,392,30,21,1,4,-1,1
88,-1,308,423,60,44,1,4,-1,0
88,-1,624,373,43,30,1,4,-1,1
88,-1,644,381,43,30,1,4,-1,1
88,-1,1354,532,149,80,1,4,-1,1
88,-1,662,372,46,32,1,4,-1,1
89,-1,310,425,60,45,1,4,-1,0
89,-1,640,381,42,30,1,4,-1,1
89,-1,621,381,34,24,1,4,-1,1
90,-1,312,427,60,46,1,4,-1,0
90,-1,612,371,42,28,1,4,-1,1
90,-1,636,381,41,29,1,4,-1,1
90,-1,1283,517,131,72,1,4,-1,1
90,-1,1258,486,179,98,1,4,-1,1
91,-1,606,371,42,27,1,4,-1,1
91,-1,633,381,40,29,1,4,-1,1
91,-1,1254,512,119,67,1,4,-1,1
91,-1,1308,517,67,38,1,4,-1,1
92,-1,317,431,61,47,1,4,-1,0
92,-1,629,379,42,31,1,4,-1,1
92,-1,1226,508,143,77,1,4,-1,1
92,-1,1252,514,89,48,1,4,-1,1
93,-1,320,433,62,48,1,4,-1,0
93,-1,602,369,35,35,1,4,-1,1
93,-1,1190,472,161,89,1,4,-1,1
94,-1,1166,469,153,87,1,4,-1,1
95,-1,592,369,35,33,1,4,-1,1
95,-1,1157,490,122,71,1,4,-1,1
95,-1,602,372,51,48,1,4,-1,1
96,-1,616,374,48,40,1,4,-1,1
96,-1,2524,738,164,137,1,4,-1,1
96,-1,2547,764,85,71,1,4,-1,1
97,-1,582,363,35,38,1,4,-1,1
97,-1,613,373,50,42,1,4,-1,1
97,-1,2443,730,241,153,1,4,-1,1
97,-1,1074,467,138,87,1,4,-1,1
98,-1,577,364,36,36,1,4,-1,1
98,-1,609,375,49,39,1,4,-1,1
98,-1,1067,472,125,71,1,4,-1,1
98,-1,2363,724,321,135,1,4,-1,1
98,-1,1049,445,142,81,1,4,-1,1
99,-1,339,444,65,53,1,4,-1,0
99,-1,573,365,36,34,1,4,-1,1
99,-1,605,378,48,35,1,4,-1,1
99,-1,1059,467,108,62,1,4,-1,1
99,-1,2319,699,303,127,1,4,-1,1
100,-1,569,366,36,33,1,4,-1,0
100,-1,602,381,46,31,1,4,-1,1
100,-1,1051,463,92,53,1,4,-1,1
100,-1,2226,697,307,121,1,4,-1,1
100,-1,307,458,46,38,1,4,-1,0
101,-1,346,449,66,54,1,4,-1,0
101,-1,599,380,45,31,1,4,-1,1
101,-1,1032,459,94,54,1,4,-1,1
101,-1,2164,683,295,118,1,4,-1,1
101,-1,324,453,70,58,1,4,-1,0
102,-1,561,366,36,33,1,4,-1,0
102,-1,597,380,44,30,1,4,-1,1
102,-1,1014,455,96,56,1,4,-1,1
102,-1,2102,669,283,116,1,4,-1,1
102,-1,342,438,56,45,1,4,-1,0
103,-1,353,457,67,52,1,4,-1,0
103,-1,594,379,44,30,1,4,-1,1
103,-1,996,451,98,57,1,4,-1,1
103,-1,2040,656,272,113,1,4,-1,1
103,-1,339,476,44,34,1,4,-1,0
104,-1,553,366,36,33,1,4,-1,0
104,-1,592,379,43,30,1,4,-1,1
104,-1,977,447,100,59,1,4,-1,1
104,-1,1985,646,260,110,1,4,-1,1
104,-1,327,462,93,71,1,4,-1,0
105,-1,550,366,36,34,1,4,-1,0
105,-1,589,378,43,30,1,4,-1,1
105,-1,572,358,20,19,1,4,-1,0
106,-1,363,467,71,55,1,4,-1,0
106,-1,546,366,36,34,1,4,-1,0
106,-1,587,378,42,29,1,4,-1,1
106,-1,546,382,28,26,1,4,-1,0
107,-1,366,470,72,56,1,4,-1,0
107,-1,542,366,36,34,1,4,-1,0
107,-1,929,437,96,59,1,4,-1,1
107,-1,2324,781,362,143,1,4,-1,1
107,-1,535,356,45,42,1,4,-1,0
108,-1,369,473,74,58,1,4,-1,0
108,-1,538,366,36,34,1,4,-1,0
108,-1,917,436,89,55,1,4,-1,1
108,-1,1797,606,212,98,1,4,-1,1
108,-1,2221,754,322,127,1,4,-1,1
109,-1,534,366,36,34,1,4,-1,0
109,-1,579,376,41,29,1,4,-1,1
109,-1,905,434,82,52,1,4,-1,1
109,-1,1755,596,207,95,1,4,-1,1
109,-1,519,353,31,29,1,4,-1,0
110,-1,376,480,76,60,1,4,-1,0
110,-1,531,366,36,35,1,4,-1,0
110,-1,894,433,74,48,1,4,-1,1
110,-1,1714,587,201,92,1,4,-1,1
110,-1,2025,707,301,116,1,4,-1,1
110,-1,505,383,23,23,1,4,-1,0
111,-1,287,376,45,43,1,4,-1,0
111,-1,380,483,78,62,1,4,-1,0
111,-1,571,375,44,35,1,4,-1,1
111,-1,882,430,72,49,1,4,-1,1
111,-1,1674,580,197,89,1,4,-1,1
111,-1,1937,685,278,110,1,4,-1,1
111,-1,529,355,40,44,1,4,-1,0
112,-1,289,378,46,43,1,4,-1,0
112,-1,870,428,70,49,1,4,-1,1
112,-1,1643,574,185,86,1,4,-1,1
112,-1,532,372,35,37,1,4,-1,0
113,-1,291,380,47,44,1,4,-1,0
113,-1,390,491,80,64,1,4,-1,0
113,-1,523,364,36,38,1,4,-1,0
113,-1,567,377,41,28,1,4,-1,1
113,-1,858,425,68,51,1,4,-1,1
113,-1,1611,568,172,80,1,4,-1,1
113,-1,1596,535,235,109,1,4,-1,1
114,-1,293,382,49,44,1,4,-1,0
114,-1,520,365,36,36,1,4,-1,0
114,-1,846,423,66,51,1,4,-1,1
114,-1,1574,563,173,80,1,4,-1,1
114,-1,294,382,44,40,1,4,-1,0
115,-1,296,384,49,45,1,4,-1,0
115,-1,399,499,84,66,1,4,-1,0
115,-1,516,365,36,35,1,4,-1,0
115,-1,1542,553,172,77,1,4,-1,1
115,-1,1663,618,219,99,1,4,-1,1
115,-1,1511,550,212,95,1,4,-1,1
116,-1,513,366,36,33,1,4,-1,0
116,-1,559,378,39,23,1,4,-1,1
116,-1,803,412,83,62,1,4,-1,1
116,-1,1508,544,164,75,1,4,-1,1
116,-1,1603,604,208,95,1,4,-1,1
116,-1,508,380,24,22,1,4,-1,0
117,-1,300,388,52,46,1,4,-1,0
117,-1,510,366,35,32,1,4,-1,0
117,-1,557,377,37,24,1,4,-1,1
117,-1,795,412,79,58,1,4,-1,1
117,-1,1479,541,155,72,1,4,-1,1
117,-1,492,382,44,40,1,4,-1,0
118,-1,303,390,53,47,1,4,-1,0
118,-1,413,510,89,70,1,4,-1,0
118,-1,506,367,36,30,1,4,-1,0
118,-1,555,376,36,26,1,4,-1,1
118,-1,788,412,75,54,1,4,-1,1
118,-1,1450,537,162,68,1,4,-1,1
118,-1,1510,580,175,98,1,4,-1,1
118,-1,836,400,50,36,1,4,-1,1
119,-1,305,390,55,47,1,4,-1,0
119,-1,503,367,35,29,1,4,-1,0
119,-1,1425,527,155,68,1,4,-1,1
119,-1,539,370,27,21,1,4,-1,1
120,-1,307,390,57,47,1,4,-1,0
120,-1,500,368,35,27,1,4,-1,0
120,-1,551,375,33,28,1,4,-1,1
120,-1,1400,523,147,68,1,4,-1,1
120,-1,1430,561,161,89,1,4,-1,1
120,-1,265,358,83,68,1,4,-1,0
121,-1,310,391,59,47,1,4,-1,0
121,-1,497,371,34,23,1,4,-1,0
121,-1,549,375,32,29,1,4,-1,1
121,-1,766,414,64,41,1,4,-1,1
121,-1,1390,552,156,87,1,4,-1,1
121,-1,1434,599,83,46,1,4,-1,1
122,-1,313,392,60,47,1,4,-1,0
122,-1,434,526,93,75,1,4,-1,0
122,-1,496,366,31,26,1,4,-1,0
122,-1,543,375,36,31,1,4,-1,1
122,-1,329,399,58,45,1,4,-1,0
123,-1,316,394,61,47,1,4,-1,0
123,-1,441,531,93,77,1,4,-1,0
123,-1,541,375,36,32,1,4,-1,1
123,-1,1326,512,131,67,1,4,-1,1
123,-1,765,428,62,34,1,4,-1,1
124,-1,447,537,96,80,1,4,-1,0
124,-1,540,376,35,32,1,4,-1,1
124,-1,735,412,68,35,1,4,-1,1
124,-1,1302,509,129,67,1,4,-1,1
124,-1,1282,529,107,63,1,4,-1,1
125,-1,725,412,70,33,1,4,-1,1
125,-1,527,378,39,33,1,4,-1,1
126,-1,326,400,64,47,1,4,-1,0
126,-1,534,375,38,35,1,4,-1,1
126,-1,716,410,69,33,1,4,-1,1
126,-1,1207,532,142,86,1,4,-1,1
127,-1,329,403,66,48,1,4,-1,0
127,-1,466,555,106,89,1,4,-1,0
127,-1,531,378,39,28,1,4,-1,1
127,-1,1190,512,122,74,1,4,-1,1
127,-1,513,558,54,45,1,4,-1,0
128,-1,700,407,65,33,1,4,-1,1
128,-1,1189,535,59,36,1,4,-1,1
129,-1,335,406,69,50,1,4,-1,0
129,-1,479,568,112,94,1,4,-1,0
129,-1,692,406,63,33,1,4,-1,1
129,-1,1137,503,114,67,1,4,-1,1
129,-1,1205,490,119,68,1,4,-1,1
129,-1,371,428,44,32,1,4,-1,0
130,-1,683,404,62,33,1,4,-1,1
130,-1,1112,498,111,63,1,4,-1,1
130,-1,527,390,28,20,1,4,-1,1
131,-1,340,408,73,51,1,4,-1,0
131,-1,525,376,38,28,1,4,-1,1
131,-1,1086,493,110,60,1,4,-1,1
131,-1,1100,503,89,48,1,4,-1,1
132,-1,522,375,38,28,1,4,-1,1
132,-1,667,401,58,33,1,4,-1,1
132,-1,1061,488,107,56,1,4,-1,1
132,-1,1062,495,57,30,1,4,-1,1
133,-1,352,416,76,51,1,4,-1,0
133,-1,1134,478,109,53,1,4,-1,1
133,-1,653,393,41,24,1,4,-1,1
134,-1,359,420,77,51,1,4,-1,0
134,-1,518,376,37,27,1,4,-1,1
134,-1,1109,478,104,53,1,4,-1,1
135,-1,361,420,77,51,1,4,-1,0
135,-1,516,378,36,26,1,4,-1,1
135,-1,647,399,61,39,1,4,-1,1
135,-1,505,388,32,23,1,4,-1,1
136,-1,363,426,77,51,1,4,-1,0
136,-1,514,377,36,27,1,4,-1,1
136,-1,1105,460,57,33,1,4,-1,1
137,-1,512,377,36,27,1,4,-1,1
137,-1,963,468,89,50,1,4,-1,1
137,-1,1075,466,92,53,1,4,-1,1
137,-1,352,395,89,59,1,4,-1,0
138,-1,511,376,36,29,1,4,-1,1
138,-1,558,644,143,119,1,4,-1,0
138,-1,946,465,89,49,1,4,-1,1
138,-1,636,390,61,37,1,4,-1,1
139,-1,509,376,36,29,1,4,-1,1
139,-1,568,655,147,121,1,4,-1,0
139,-1,1047,461,92,54,1,4,-1,1
139,-1,1073,452,55,32,1,4,-1,1
140,-1,391,440,77,51,1,4,-1,0
140,-1,508,376,36,30,1,4,-1,1
140,-1,1022,454,85,50,1,4,-1,1
141,-1,500,375,41,27,1,4,-1,1
141,-1,590,676,154,127,1,4,-1,0
141,-1,604,399,55,31,1,4,-1,1
141,-1,896,461,85,36,1,4,-1,1
141,-1,608,399,61,34,1,4,-1,1
142,-1,407,448,77,51,1,4,-1,0
142,-1,881,458,83,37,1,4,-1,1
142,-1,1007,460,79,44,1,4,-1,1
142,-1,589,385,71,45,1,4,-1,1
143,-1,496,375,41,30,1,4,-1,1
143,-1,589,398,49,35,1,4,-1,1
143,-1,866,455,82,39,1,4,-1,1
143,-1,491,389,31,23,1,4,-1,1
144,-1,584,397,49,34,1,4,-1,1
144,-1,842,439,61,29,1,4,-1,1
145,-1,492,375,41,30,1,4,-1,1
145,-1,580,397,48,32,1,4,-1,1
145,-1,652,729,186,154,1,4,-1,0
145,-1,842,450,80,39,1,4,-1,1
145,-1,972,454,77,44,1,4,-1,0
145,-1,418,451,74,48,1,4,-1,0
146,-1,436,459,78,52,1,4,-1,0
146,-1,576,396,48,31,1,4,-1,1
146,-1,671,746,193,161,1,4,-1,0
146,-1,960,452,77,44,1,4,-1,0
146,-1,523,387,29,20,1,4,-1,1
147,-1,447,464,78,54,1,4,-1,0
147,-1,488,376,41,29,1,4,-1,1
147,-1,572,396,47,30,1,4,-1,1
147,-1,391,450,114,79,1,4,-1,0
148,-1,486,376,41,29,1,4,-1,1
148,-1,568,395,47,29,1,4,-1,1
148,-1,911,430,94,55,1,4,-1,0
149,-1,469,475,78,57,1,4,-1,0
149,-1,727,796,217,181,1,4,-1,0
149,-1,794,441,77,39,1,4,-1,1
149,-1,563,384,43,25,1,4,-1,1
150,-1,745,813,225,188,1,4,-1,0
150,-1,782,439,76,39,1,4,-1,1
150,-1,914,444,73,44,1,4,-1,0
150,-1,541,394,45,25,1,4,-1,1
151,-1,554,394,44,28,1,4,-1,1
151,-1,764,830,233,194,1,4,-1,0
151,-1,771,437,75,39,1,4,-1,1
151,-1,903,442,72,44,1,4,-1,0
151,-1,754,817,282,235,1,4,-1,0
152,-1,758,435,67,32,1,4,-1,1
152,-1,892,441,71,43,1,4,-1,0
152,-1,2420,811,266,137,1,4,-1,1
152,-1,2412,803,322,166,1,4,-1,1
153,-1,519,496,77,64,1,4,-1,0
153,-1,807,872,261,219,1,4,-1,0
153,-1,883,438,70,43,1,4,-1,0
153,-1,526,407,34,26,1,4,-1,1
154,-1,733,431,99,59,1,4,-1,1
155,-1,535,391,43,37,1,4,-1,1
155,-1,726,431,71,37,1,4,-1,1
155,-1,857,923,300,254,1,4,-1,0
155,-1,2159,739,280,118,1,4,-1,1
156,-1,561,516,86,71,1,4,-1,0
156,-1,853,432,68,45,1,4,-1,0
156,-1,897,960,319,271,1,4,-1,0
156,-1,553,484,124,103,1,4,-1,0
157,-1,526,389,45,41,1,4,-1,1
157,-1,577,524,90,73,1,4,-1,0
157,-1,937,997,339,289,1,4,-1,0
157,-1,1955,706,272,117,1,4,-1,1
157,-1,889,954,446,380,1,4,-1,0
158,-1,592,531,94,76,1,4,-1,0
158,-1,702,426,63,37,1,4,-1,1
158,-1,836,430,67,45,1,4,-1,0
158,-1,1868,687,254,111,1,4,-1,1
158,-1,1851,683,282,123,1,4,-1,1
159,-1,517,387,46,46,1,4,-1,1
159,-1,608,539,98,79,1,4,-1,0
159,-1,695,425,60,37,1,4,-1,1
159,-1,827,428,67,46,1,4,-1,0
159,-1,1017,1071,378,324,1,4,-1,0
159,-1,1103,1124,209,179,1,4,-1,0
160,-1,513,386,46,48,1,4,-1,1
160,-1,687,423,57,37,1,4,-1,1
160,-1,819,427,66,46,1,4,-1,0
160,-1,626,526,116,88,1,4,-1,0
161,-1,509,385,47,51,1,4,-1,1
161,-1,642,559,114,84,1,4,-1,0
161,-1,1123,1160,452,310,1,4,-1,0
161,-1,1706,646,204,92,1,4,-1,1
161,-1,501,374,55,59,1,4,-1,1
162,-1,505,394,44,34,1,4,-1,1
162,-1,660,569,122,87,1,4,-1,0
162,-1,802,425,65,47,1,4,-1,0
162,-1,1176,1205,490,303,1,4,-1,0
162,-1,1652,633,188,86,1,4,-1,1
162,-1,672,608,65,47,1,4,-1,0
163,-1,501,393,43,34,1,4,-1,1
163,-1,686,579,121,91,1,4,-1,0
163,-1,791,427,68,44,1,4,-1,0
163,-1,1599,622,184,81,1,4,-1,1
163,-1,525,380,39,31,1,4,-1,1
164,-1,629,418,74,59,1,4,-1,1
164,-1,784,427,64,42,1,4,-1,0
164,-1,1546,611,180,76,1,4,-1,1
164,-1,472,408,49,39,1,4,-1,1
165,-1,495,393,41,32,1,4,-1,1
165,-1,740,601,134,102,1,4,-1,0
165,-1,776,426,62,41,1,4,-1,0
165,-1,1435,620,253,102,1,4,-1,1
166,-1,629,415,60,46,1,4,-1,1
166,-1,772,442,74,50,1,4,-1,0
167,-1,489,392,39,31,1,4,-1,1
167,-1,629,414,53,39,1,4,-1,1
167,-1,762,424,58,40,1,4,-1,0
167,-1,806,633,158,115,1,4,-1,0
167,-1,1409,589,176,71,1,4,-1,1
167,-1,763,422,41,28,1,4,-1,0
168,-1,629,413,47,32,1,4,-1,1
168,-1,845,652,166,122,1,4,-1,0
168,-1,1392,569,167,67,1,4,-1,1
169,-1,484,393,37,28,1,4,-1,1
169,-1,621,412,47,33,1,4,-1,1
169,-1,610,429,58,41,1,4,-1,1
170,-1,614,412,47,34,1,4,-1,1
170,-1,923,690,182,136,1,4,-1,0
170,-1,1313,567,156,71,1,4,-1,1
170,-1,948,708,180,134,1,4,-1,0
171,-1,607,412,48,33,1,4,-1,1
171,-1,1286,560,146,71,1,4,-1,1
171,-1,605,430,35,24,1,4,-1,1
172,-1,600,412,49,33,1,4,-1,1
172,-1,728,421,56,38,1,4,-1,0
172,-1,1009,734,218,153,1,4,-1,0
172,-1,1259,552,136,71,1,4,-1,1
172,-1,735,435,69,47,1,4,-1,0
173,-1,594,412,49,33,1,4,-1,1
173,-1,723,421,53,38,1,4,-1,0
173,-1,1069,760,235,165,1,4,-1,0
173,-1,2441,724,234,111,1,4,-1,1
173,-1,733,411,73,52,1,4,-1,0
174,-1,588,412,49,33,1,4,-1,1
174,-1,1130,787,251,176,1,4,-1,0
174,-1,2290,792,369,157,1,4,-1,1
174,-1,708,431,59,38,1,4,-1,0
175,-1,588,406,47,41,1,4,-1,1
175,-1,709,418,53,45,1,4,-1,0
175,-1,1188,532,110,62,1,4,-1,1
175,-1,1213,828,287,196,1,4,-1,0
175,-1,2266,687,283,106,1,4,-1,1
175,-1,725,461,31,26,1,4,-1,0
176,-1,576,410,49,33,1,4,-1,1
176,-1,701,422,56,34,1,4,-1,0
176,-1,1164,527,107,62,1,4,-1,1
176,-1,1296,869,323,216,1,4,-1,0
176,-1,2087,747,317,123,1,4,-1,1
176,-1,2186,672,271,104,1,4,-1,1
176,-1,2161,681,328,126,1,4,-1,1
177,-1,571,409,47,33,1,4,-1,1
177,-1,695,420,56,35,1,4,-1,0
177,-1,1140,522,104,61,1,4,-1,1
177,-1,2000,728,292,128,1,4,-1,1
177,-1,2465,755,196,116,1,5,-1,1
178,-1,566,409,45,33,1,4,-1,1
178,-1,1115,517,102,61,1,4,-1,1
178,-1,1500,968,424,278,1,4,-1,0
178,-1,1914,709,266,134,1,4,-1,1
178,-1,2351,721,326,149,1,5,-1,1
178,-1,1132,516,66,39,1,4,-1,1
179,-1,561,409,43,32,1,4,-1,1
179,-1,1847,690,250,117,1,4,-1,1
179,-1,1791,658,334,156,1,4,-1,1
180,-1,557,409,41,32,1,4,-1,1
180,-1,1775,1111,584,371,1,4,-1,0
180,-1,1781,672,233,100,1,4,-1,1
180,-1,2196,706,301,127,1,5,-1,1
180,-1,1903,621,220,88,1,4,-1,1
181,-1,1048,504,94,59,1,4,-1,1
181,-1,1859,613,201,83,1,4,-1,1
181,-1,568,415,50,36,1,4,-1,1
182,-1,1029,501,92,58,1,4,-1,1
182,-1,2066,676,275,122,1,5,-1,1
182,-1,1029,509,119,75,1,4,-1,1
183,-1,544,409,51,33,1,4,-1,1
183,-1,662,418,56,35,1,4,-1,0
183,-1,1010,498,91,58,1,4,-1,1
183,-1,1601,619,182,104,1,4,-1,1
183,-1,1749,593,188,81,1,4,-1,0
183,-1,2015,665,261,122,1,5,-1,1
183,-1,1994,674,257,120,1,5,-1,1
184,-1,657,417,55,35,1,4,-1,0
184,-1,1554,612,182,98,1,4,-1,1
184,-1,1694,583,182,80,1,4,-1,0
184,-1,1964,655,248,122,1,5,-1,1
184,-1,671,429,29,19,1,4,-1,0
185,-1,652,417,54,35,1,4,-1,0
185,-1,973,492,87,57,1,4,-1,1
185,-1,1508,605,182,92,1,4,-1,1
185,-1,1501,592,200,101,1,4,-1,1
186,-1,529,410,50,30,1,4,-1,1
186,-1,647,417,53,35,1,4,-1,0
186,-1,958,490,83,49,1,4,-1,1
186,-1,1461,598,182,86,1,4,-1,1
186,-1,1862,635,222,122,1,5,-1,1
186,-1,1451,609,214,101,1,4,-1,1
187,-1,642,417,52,35,1,4,-1,0
187,-1,938,486,85,50,1,4,-1,1
187,-1,1415,592,182,80,1,4,-1,1
187,-1,1811,625,209,122,1,5,-1,1
187,-1,1818,610,241,141,1,5,-1,1
188,-1,519,411,50,28,1,4,-1,1
188,-1,637,417,51,35,1,4,-1,0
188,-1,918,483,87,50,1,4,-1,1
188,-1,1378,581,163,80,1,4,-1,1
188,-1,1533,560,158,75,1,4,-1,0
188,-1,878,482,122,70,1,4,-1,1
189,-1,633,417,49,35,1,4,-1,0
189,-1,899,480,89,51,1,4,-1,1
189,-1,1341,570,145,81,1,4,-1,1
189,-1,1501,554,148,73,1,4,-1,0
189,-1,1665,593,261,130,1,5,-1,1
190,-1,510,411,48,27,1,4,-1,1
190,-1,632,415,44,38,1,4,-1,0
190,-1,887,477,89,49,1,4,-1,1
190,-1,1666,594,184,106,1,5,-1,1
190,-1,516,420,52,29,1,4,-1,1
191,-1,506,410,47,28,1,4,-1,1
191,-1,623,412,50,41,1,4,-1,0
191,-1,875,474,89,47,1,4,-1,1
191,-1,1277,556,136,76,1,4,-1,1
191,-1,1632,584,171,114,1,5,-1,1
191,-1,523,441,32,19,1,4,-1,1
192,-1,503,409,44,29,1,4,-1,1
192,-1,619,412,48,40,1,4,-1,0
192,-1,1598,574,158,122,1,5,-1,1
192,-1,1393,518,132,61,1,4,-1,0
193,-1,616,413,46,39,1,4,-1,0
193,-1,1214,542,126,71,1,4,-1,1
193,-1,1555,573,158,106,1,5,-1,1
193,-1,1235,565,99,56,1,4,-1,1
194,-1,496,407,41,31,1,4,-1,1
194,-1,613,414,44,38,1,4,-1,0
194,-1,839,467,90,40,1,4,-1,1
194,-1,1343,527,127,55,1,4,-1,0
194,-1,1513,573,157,90,1,5,-1,1
194,-1,1154,523,159,89,1,4,-1,1
195,-1,492,407,42,30,1,4,-1,1
195,-1,1160,530,116,69,1,4,-1,1
195,-1,1487,531,177,102,1,5,-1,1
196,-1,489,407,42,30,1,4,-1,1
196,-1,815,462,84,43,1,4,-1,1
196,-1,1137,524,111,71,1,4,-1,1
196,-1,1280,517,125,62,1,4,-1,0
196,-1,1459,562,150,86,1,5,-1,1
196,-1,1250,496,181,90,1,4,-1,0
197,-1,485,407,43,30,1,4,-1,1
197,-1,803,459,81,45,1,4,-1,1
197,-1,1114,518,106,72,1,4,-1,1
197,-1,1264,511,121,62,1,4,-1,0
197,-1,474,409,59,41,1,4,-1,1
198,-1,590,415,53,38,1,4,-1,0
198,-1,792,457,77,46,1,4,-1,1
198,-1,1091,512,102,74,1,4,-1,1
198,-1,1398,549,115,65,1,5,-1,1
199,-1,586,414,51,36,1,4,-1,0
199,-1,1073,508,97,76,1,4,-1,1
199,-1,1223,502,107,59,1,4,-1,0
199,-1,576,391,66,47,1,4,-1,0
200,-1,583,414,49,34,1,4,-1,0
200,-1,773,456,75,43,1,4,-1,1
200,-1,1055,505,93,78,1,4,-1,1
200,-1,767,440,55,32,1,4,-1,1
201,-1,579,413,47,33,1,4,-1,0
201,-1,764,456,74,41,1,4,-1,1
201,-1,1037,502,89,80,1,4,-1,1
201,-1,1178,496,95,58,1,4,-1,0
201,-1,553,408,56,39,1,4,-1,0
202,-1,754,455,73,40,1,4,-1,1
202,-1,1157,493,95,59,1,4,-1,0
202,-1,710,448,109,60,1,4,-1,1
203,-1,573,413,43,29,1,4,-1,0
203,-1,745,455,72,38,1,4,-1,1
203,-1,994,494,88,71,1,4,-1,1
203,-1,1136,490,95,60,1,4,-1,0
203,-1,1270,526,128,69,1,5,-1,1
203,-1,1162,461,59,37,1,4,-1,0
204,-1,1115,488,96,61,1,4,-1,0
204,-1,1244,521,124,67,1,5,-1,1
204,-1,986,457,82,62,1,4,-1,1
205,-1,957,489,88,64,1,4,-1,1
205,-1,1224,518,121,66,1,5,-1,1
205,-1,569,403,47,32,1,4,-1,0
206,-1,718,451,64,36,1,4,-1,1
206,-1,1080,481,85,52,1,4,-1,0
206,-1,1199,520,117,64,1,5,-1,1
207,-1,709,449,61,36,1,4,-1,1
207,-1,1063,478,79,47,1,4,-1,0
207,-1,1184,512,117,65,1,5,-1,1
207,-1,934,491,52,36,1,4,-1,1
208,-1,555,412,43,35,1,4,-1,0
208,-1,701,448,57,35,1,4,-1,1
208,-1,1048,478,81,49,1,4,-1,0
208,-1,1164,509,114,64,1,5,-1,1
208,-1,713,434,30,18,1,4,-1,1
209,-1,552,418,33,27,1,4,-1,0
209,-1,691,446,60,39,1,4,-1,1
209,-1,893,481,88,58,1,4,-1,1
209,-1,1144,506,112,63,1,5,-1,1
209,-1,1036,476,74,46,1,4,-1,0
210,-1,543,407,50,36,1,4,-1,0
210,-1,682,444,62,44,1,4,-1,1
210,-1,878,479,87,57,1,4,-1,1
210,-1,682,430,66,47,1,4,-1,1
211,-1,540,409,47,34,1,4,-1,0
211,-1,674,442,62,43,1,4,-1,1
211,-1,1107,501,107,61,1,5,-1,1
211,-1,1114,507,99,56,1,5,-1,1
212,-1,538,411,43,33,1,4,-1,0
212,-1,667,441,62,42,1,4,-1,1
212,-1,984,468,81,49,1,4,-1,0
212,-1,1090,498,105,61,1,5,-1,1
212,-1,1064,467,119,69,1,5,-1,1
213,-1,536,414,39,31,1,4,-1,0
213,-1,842,469,69,51,1,4,-1,1
213,-1,970,467,80,46,1,4,-1,0
213,-1,1100,514,73,42,1,5,-1,1
214,-1,653,438,61,40,1,4,-1,1
214,-1,830,466,72,51,1,4,-1,1
214,-1,957,465,78,44,1,4,-1,0
214,-1,1057,493,100,59,1,5,-1,1
214,-1,660,451,61,40,1,4,-1,1
215,-1,530,403,46,44,1,4,-1,0
215,-1,646,436,60,40,1,4,-1,1
215,-1,818,463,75,52,1,4,-1,1
215,-1,943,463,77,42,1,4,-1,0
215,-1,1040,490,98,58,1,5,-1,1
215,-1,638,455,57,38,1,4,-1,1
216,-1,532,403,40,47,1,4,-1,0
216,-1,806,461,79,52,1,4,-1,1
216,-1,930,462,76,39,1,4,-1,0
216,-1,1024,488,95,57,1,5,-1,1
216,-1,989,495,99,60,1,5,-1,1
217,-1,800,459,67,50,1,4,-1,1
217,-1,917,459,72,40,1,4,-1,0
217,-1,621,459,45,29,1,4,-1,1
218,-1,794,457,56,49,1,4,-1,1
218,-1,904,456,68,42,1,4,-1,0
218,-1,983,472,125,71,1,5,-1,1
218,-1,967,467,149,85,1,5,-1,1
219,-1,516,415,41,25,1,4,-1,0
219,-1,784,455,56,49,1,4,-1,1
219,-1,965,470,138,91,1,5,-1,1
220,-1,519,404,37,37,1,4,-1,0
220,-1,620,433,48,41,1,4,-1,1
220,-1,882,456,63,39,1,4,-1,0
220,-1,618,424,57,49,1,4,-1,1
221,-1,516,405,36,35,1,4,-1,0
221,-1,611,433,50,36,1,4,-1,1
221,-1,765,452,55,48,1,4,-1,1
221,-1,966,479,99,74,1,5,-1,0
222,-1,513,406,36,33,1,4,-1,0
222,-1,948,471,81,58,1,5,-1,0
222,-1,925,452,108,78,1,5,-1,0
223,-1,511,407,35,32,1,4,-1,0
223,-1,596,433,50,30,1,4,-1,1
223,-1,727,421,57,50,1,4,-1,1
224,-1,508,408,35,30,1,4,-1,0
224,-1,737,448,53,46,1,4,-1,1
224,-1,564,443,45,26,1,4,-1,1
225,-1,584,435,51,27,1,4,-1,1
225,-1,831,443,53,44,1,4,-1,0
225,-1,912,466,79,49,1,5,-1,0
225,-1,588,437,28,15,1,4,-1,1
