1,12,1499.00,58.00,88.00,95.00,1,7,-1,-1
1,11,725.00,118.00,131.00,129.00,1,4,-1,-1
1,10,675.00,90.00,224.00,220.00,1,4,-1,-1
1,9,258.00,37.00,223.00,206.00,1,7,-1,-1
1,8,1534.00,880.00,366.00,188.00,1,4,-1,-1
1,7,1331.00,79.00,139.00,137.00,1,7,-1,-1
1,6,1318.00,0.00,40.00,92.00,1,1,-1,-1
1,5,865.00,310.00,652.00,758.00,1,6,-1,-1
1,4,806.00,1.00,129.00,137.00,1,4,-1,-1
1,3,703.00,92.00,179.00,176.00,1,4,-1,-1
1,2,195.00,331.00,479.00,264.00,1,4,-1,-1
2,17,1336.00,-13.00,58.00,133.00,1,1,-1,-1
2,16,1331.00,-7.00,46.00,106.00,1,1,-1,-1
2,15,114.00,282.00,634.00,349.00,1,4,-1,-1
2,14,1302.00,-30.00,60.00,138.00,1,1,-1,-1
2,13,1341.00,74.00,50.00,109.00,1,1,-1,-1
2,12,1481.05,30.96,92.91,100.09,1,7,-1,-1
2,8,1523.52,871.79,373.96,195.43,1,4,-1,-1
2,7,1329.00,80.00,139.00,137.00,1,7,-1,-1
2,6,1316.00,0.00,40.00,92.00,1,1,-1,-1
2,5,862.61,315.29,650.77,753.42,1,6,-1,-1
2,2,189.02,331.99,480.95,265.02,1,4,-1,-1
3,20,1436.00,807.00,541.00,294.00,1,4,-1,-1
3,19,1338.00,48.00,70.00,154.00,1,1,-1,-1
3,18,1127.00,269.00,278.00,244.00,1,4,-1,-1
3,13,1339.00,75.00,50.00,109.00,1,1,-1,-1
3,8,1513.62,864.22,381.70,202.50,1,4,-1,-1
3,7,1327.00,81.00,139.00,137.00,1,7,-1,-1
3,5,977.83,461.27,418.10,481.57,1,6,-1,-1
3,4,801.79,4.22,130.41,139.55,1,4,-1,-1
3,3,701.65,101.35,180.70,179.31,1,4,-1,-1
3,2,258.79,384.16,310.71,171.20,1,4,-1,-1
4,8,1504.59,856.73,388.62,209.49,1,4,-1,-1
4,7,1325.85,82.00,139.00,137.00,1,7,-1,-1
5,13,1343.44,88.63,42.45,92.52,1,1,-1,-1
5,4,797.77,8.16,131.32,141.62,1,4,-1,-1
6,13,1336.49,82.60,46.10,100.49,1,1,-1,-1
6,4,795.69,10.20,131.70,142.55,1,4,-1,-1
7,21,232.88,51.41,181.29,158.03,1,7,-1,-1
7,4,793.76,12.20,132.34,143.56,1,4,-1,-1
8,21,250.64,65.79,174.23,150.57,1,7,-1,-1
8,18,1095.51,252.36,265.99,237.19,1,4,-1,-1
9,30,140.27,334.80,511.18,283.53,1,4,-1,-1
9,22,847.87,360.30,646.56,710.64,1,6,-1,-1
9,21,197.70,44.54,233.57,200.21,1,7,-1,-1
10,30,136.61,336.92,509.56,283.14,1,4,-1,-1
10,22,845.94,366.73,645.95,704.54,1,6,-1,-1
10,21,200.42,42.93,219.03,186.15,1,7,-1,-1
10,8,1456.18,812.75,422.22,252.49,1,4,-1,-1
10,3,699.01,135.09,185.85,192.26,1,4,-1,-1
11,30,132.90,338.56,508.31,282.92,1,4,-1,-1
11,22,885.11,415.00,570.48,617.02,1,6,-1,-1
11,21,200.01,43.68,210.81,177.63,1,7,-1,-1
11,8,1442.70,803.67,427.08,260.75,1,4,-1,-1
11,4,785.73,20.28,134.41,147.43,1,4,-1,-1
11,3,698.89,139.90,186.16,194.17,1,4,-1,-1
12,30,128.45,340.00,507.83,282.95,1,4,-1,-1
12,21,197.66,45.29,206.53,172.51,1,7,-1,-1
12,8,1471.43,819.99,367.88,229.43,1,4,-1,-1
12,3,698.29,144.84,186.72,196.13,1,4,-1,-1
13,30,124.21,341.88,507.34,282.74,1,4,-1,-1
13,13,1317.98,82.72,50.93,109.34,1,1,-1,-1
13,8,1443.86,803.31,390.91,248.94,1,4,-1,-1
13,3,698.16,149.83,187.42,198.12,1,4,-1,-1
14,38,1299.84,0.56,39.28,94.88,1,1,-1,-1
14,13,1315.92,83.64,51.06,109.48,1,1,-1,-1
14,8,1424.27,791.00,405.90,263.99,1,4,-1,-1
15,22,862.72,426.34,593.75,620.47,1,6,-1,-1
16,22,850.30,425.75,609.67,629.79,1,6,-1,-1
17,3,696.98,168.94,189.68,205.92,1,4,-1,-1
18,8,1378.23,760.06,423.81,298.14,1,4,-1,-1
18,3,685.52,190.10,174.02,190.05,1,4,-1,-1
19,49,1301.00,97.81,139.00,137.00,1,7,-1,-1
19,30,95.17,350.90,510.37,285.48,1,4,-1,-1
19,3,694.59,187.27,179.45,197.41,1,4,-1,-1
20,49,1299.00,99.04,139.00,137.00,1,7,-1,-1
20,30,89.85,352.83,511.84,285.40,1,4,-1,-1
20,22,828.10,450.84,632.05,619.11,1,6,-1,-1
20,3,697.25,188.49,183.14,203.04,1,4,-1,-1
21,49,1297.00,100.10,139.00,137.00,1,7,-1,-1
22,59,122.01,43.56,249.45,188.96,1,7,-1,-1
22,49,1295.71,101.10,139.00,137.00,1,7,-1,-1
23,49,1293.96,102.78,139.00,137.00,1,7,-1,-1
23,38,1281.22,-3.61,40.12,110.83,1,1,-1,-1
24,56,1452.65,48.05,93.01,98.49,1,7,-1,-1
24,55,759.78,49.20,142.07,165.63,1,4,-1,-1
24,49,1292.04,104.02,139.00,137.00,1,7,-1,-1
24,38,1279.64,-2.29,38.89,108.75,1,1,-1,-1
24,30,56.95,374.22,514.06,281.56,1,4,-1,-1
24,3,701.27,212.79,180.19,206.14,1,4,-1,-1
25,69,1437.75,42.92,100.24,106.04,1,7,-1,-1
25,68,1315.32,700.42,425.47,365.16,1,4,-1,-1
25,67,1001.12,206.80,242.86,211.24,1,4,-1,-1
25,49,1290.06,105.10,139.00,137.00,1,7,-1,-1
25,38,1278.00,-1.49,38.04,107.34,1,1,-1,-1
25,30,56.78,361.90,537.07,292.58,1,4,-1,-1
25,3,698.52,218.72,183.96,212.46,1,4,-1,-1
26,72,1294.11,97.11,51.00,109.00,1,1,-1,-1
26,68,1307.47,694.69,425.96,370.41,1,4,-1,-1
26,67,996.02,205.05,241.86,210.52,1,4,-1,-1
26,59,125.90,46.96,249.84,188.79,1,7,-1,-1
26,49,1288.06,106.11,139.00,137.00,1,7,-1,-1
26,30,74.84,379.01,496.14,268.75,1,4,-1,-1
26,3,711.41,245.14,164.05,191.58,1,4,-1,-1
27,68,1341.33,758.23,338.02,297.97,1,4,-1,-1
27,67,990.94,203.25,240.99,210.11,1,4,-1,-1
27,59,125.18,51.69,237.54,179.43,1,7,-1,-1
27,3,704.42,242.48,173.06,204.02,1,4,-1,-1
28,68,1314.76,716.87,375.18,335.43,1,4,-1,-1
28,67,985.86,201.40,240.16,209.87,1,4,-1,-1
28,59,124.80,56.06,229.44,173.27,1,7,-1,-1
28,55,751.97,65.15,140.73,170.24,1,4,-1,-1
28,3,700.23,244.26,178.89,213.13,1,4,-1,-1
29,68,1296.33,694.57,395.38,359.04,1,4,-1,-1
29,67,980.79,199.50,239.31,209.71,1,4,-1,-1
29,59,122.16,59.86,224.35,169.17,1,7,-1,-1
29,38,1273.24,2.23,36.65,105.01,1,1,-1,-1
29,3,697.26,248.15,183.21,220.17,1,4,-1,-1
30,72,1270.64,98.84,64.38,137.24,1,1,-1,-1
30,68,1281.58,680.56,407.29,375.56,1,4,-1,-1
30,59,118.25,63.81,221.24,166.44,1,7,-1,-1
30,49,1281.06,111.10,139.00,137.00,1,7,-1,-1
30,38,1274.10,10.97,40.81,117.06,1,1,-1,-1
30,3,695.45,253.18,186.24,225.73,1,4,-1,-1
31,72,1276.96,96.91,60.08,128.16,1,1,-1,-1
31,59,113.78,67.42,219.74,164.35,1,7,-1,-1
31,49,1279.08,112.77,139.00,137.00,1,7,-1,-1
31,38,1271.34,5.86,39.50,113.50,1,1,-1,-1
31,3,694.26,259.06,188.39,230.55,1,4,-1,-1
32,59,108.63,70.51,219.14,163.28,1,7,-1,-1
32,49,1277.08,114.01,139.00,137.00,1,7,-1,-1
32,38,1278.67,2.11,36.10,103.89,1,1,-1,-1
32,3,692.68,267.66,190.83,235.50,1,4,-1,-1
33,59,103.33,73.53,219.35,162.31,1,7,-1,-1
33,38,1272.68,6.69,36.06,103.90,1,1,-1,-1
33,30,9.74,389.87,529.53,289.86,1,4,-1,-1
34,59,98.11,76.72,219.57,161.66,1,7,-1,-1
34,38,1269.80,9.73,36.04,103.90,1,1,-1,-1
35,38,1268.76,12.82,36.02,103.91,1,1,-1,-1
36,49,1276.60,126.06,140.01,138.78,1,7,-1,-1
36,38,1268.41,15.92,36.01,103.91,1,1,-1,-1
37,97,1285.94,122.32,52.23,112.42,1,1,-1,-1
37,49,1278.67,131.51,140.81,140.45,1,7,-1,-1
37,38,1268.33,19.02,36.00,103.92,1,1,-1,-1
37,30,-13.93,423.52,540.50,302.56,1,4,-1,-1
38,97,1288.01,128.03,52.89,113.82,1,1,-1,-1
38,49,1280.84,137.32,141.67,141.94,1,7,-1,-1
38,38,1267.69,21.46,35.99,103.92,1,1,-1,-1
38,30,-12.21,425.82,534.33,302.00,1,4,-1,-1
39,97,1289.91,133.41,53.31,115.28,1,1,-1,-1
39,49,1283.01,143.00,142.63,143.89,1,7,-1,-1
39,38,1267.49,24.30,35.99,103.93,1,1,-1,-1
40,97,1300.77,152.39,71.34,118.64,1,1,-1,-1
40,91,1440.58,81.16,88.14,101.46,1,7,-1,-1
40,59,53.80,108.97,257.70,183.06,1,7,-1,-1
40,49,1285.16,148.36,143.63,145.88,1,7,-1,-1
41,111,673.45,365.65,226.75,298.43,1,4,-1,-1
41,97,1294.40,149.76,66.27,118.16,1,1,-1,-1
41,59,54.77,104.15,251.16,178.13,1,7,-1,-1
41,49,1266.72,145.02,162.26,166.31,1,7,-1,-1
42,97,1294.20,152.56,63.22,118.63,1,1,-1,-1
42,59,55.58,107.93,247.44,175.26,1,7,-1,-1
42,49,1270.78,162.10,169.46,175.04,1,7,-1,-1
42,30,-7.27,472.53,510.54,301.92,1,4,-1,-1
43,97,1296.54,140.16,66.51,130.12,1,1,-1,-1
43,59,56.52,114.66,245.68,173.82,1,7,-1,-1
43,49,1280.76,161.45,163.84,170.75,1,7,-1,-1
43,30,-7.51,484.03,506.99,304.17,1,4,-1,-1
44,59,56.98,122.45,245.05,173.67,1,7,-1,-1
44,49,1287.04,165.49,159.96,168.07,1,7,-1,-1
45,96,719.19,170.11,161.11,215.40,1,4,-1,-1
45,59,56.60,130.24,245.52,174.18,1,7,-1,-1
45,49,1297.58,168.13,134.31,164.54,1,7,-1,-1
46,96,717.46,180.47,162.86,219.78,1,4,-1,-1
46,59,56.17,137.90,246.47,175.14,1,7,-1,-1
46,49,1302.76,181.16,137.82,163.02,1,7,-1,-1
47,121,919.45,218.30,229.02,220.39,1,4,-1,-1
47,96,731.14,218.81,144.20,196.18,1,4,-1,-1
47,59,55.32,144.94,248.37,176.74,1,7,-1,-1
47,49,1304.32,185.62,141.87,164.44,1,7,-1,-1
47,30,-7.92,532.49,492.37,311.55,1,4,-1,-1
48,121,918.14,246.22,198.67,192.36,1,4,-1,-1
48,118,1183.57,686.05,439.49,407.60,1,4,-1,-1
48,59,54.46,152.12,250.35,178.48,1,7,-1,-1
48,49,1286.64,197.31,155.05,177.31,1,7,-1,-1
48,30,-6.98,549.44,489.27,313.84,1,4,-1,-1
49,121,950.00,266.34,180.88,175.86,1,4,-1,-1
49,118,1191.32,706.63,419.76,379.78,1,4,-1,-1
49,49,1298.57,196.91,154.70,175.84,1,7,-1,-1
49,30,-5.84,568.60,487.35,316.06,1,4,-1,-1
50,131,1309.50,109.41,27.58,91.62,1,1,-1,-1
50,121,942.67,252.39,201.02,196.26,1,4,-1,-1
50,118,1197.13,723.22,406.70,358.42,1,4,-1,-1
50,49,1318.42,206.87,155.87,176.24,1,7,-1,-1
50,30,-26.11,600.86,506.67,331.53,1,4,-1,-1
51,121,947.53,250.07,213.24,209.31,1,4,-1,-1
51,118,1208.52,742.38,394.41,336.84,1,4,-1,-1
51,49,1347.97,238.31,145.46,163.80,1,7,-1,-1
51,30,-15.57,611.14,500.58,330.11,1,4,-1,-1
52,130,1398.99,48.66,408.95,174.68,1,6,-1,-1
52,121,956.92,242.89,233.00,229.62,1,4,-1,-1
52,118,1215.81,760.32,395.22,325.53,1,4,-1,-1
52,59,55.17,188.17,243.52,174.86,1,7,-1,-1
52,49,1369.66,244.19,152.31,170.76,1,7,-1,-1
52,30,-10.23,628.29,496.43,329.60,1,4,-1,-1
53,141,-18.35,-15.78,249.96,105.67,1,4,-1,-1
53,121,967.08,252.51,235.28,233.05,1,4,-1,-1
53,59,53.15,192.63,251.07,180.61,1,7,-1,-1
53,49,1392.29,255.08,158.39,177.14,1,7,-1,-1
53,30,-7.22,647.90,493.69,329.77,1,4,-1,-1
54,121,980.00,261.21,237.46,236.35,1,4,-1,-1
54,59,51.10,198.31,257.23,185.50,1,7,-1,-1
54,49,1415.55,268.39,164.17,182.88,1,7,-1,-1
55,121,989.73,269.58,239.26,239.50,1,4,-1,-1
55,96,812.00,320.99,191.74,289.00,1,4,-1,-1
55,59,50.43,204.73,263.37,190.18,1,7,-1,-1
55,49,1436.22,291.39,179.96,200.20,1,7,-1,-1
56,145,1662.76,240.50,119.28,133.73,1,7,-1,-1
56,121,1022.59,305.84,210.12,211.09,1,4,-1,-1
56,96,820.35,337.08,192.76,293.92,1,4,-1,-1
56,59,51.47,212.54,267.09,193.17,1,7,-1,-1
56,49,1451.21,299.79,181.40,202.22,1,7,-1,-1
57,145,1676.60,261.86,138.39,154.98,1,7,-1,-1
57,121,1027.71,291.25,222.95,225.16,1,4,-1,-1
57,59,51.09,219.33,274.02,198.62,1,7,-1,-1
57,49,1467.91,312.99,183.32,205.09,1,7,-1,-1
58,145,1694.06,269.46,134.65,149.88,1,7,-1,-1
58,121,1056.13,298.32,199.86,202.77,1,4,-1,-1
58,59,50.86,226.23,280.76,203.99,1,7,-1,-1
58,49,1485.16,328.52,185.58,208.58,1,7,-1,-1
59,160,1486.25,197.26,65.36,148.55,1,1,-1,-1
59,158,1502.01,92.23,404.20,208.69,1,6,-1,-1
59,145,1712.54,282.43,133.27,147.03,1,7,-1,-1
59,59,50.73,233.65,287.32,209.02,1,7,-1,-1
60,160,1486.67,211.61,69.43,154.30,1,1,-1,-1
61,160,1506.44,222.69,58.15,127.41,1,1,-1,-1
61,159,1003.91,300.13,276.53,283.51,1,4,-1,-1
62,168,1495.07,231.82,61.02,129.46,1,1,-1,-1
62,167,796.64,389.01,269.72,437.54,1,4,-1,-1
62,159,999.26,311.60,268.36,274.10,1,4,-1,-1
63,168,1498.12,240.84,61.69,130.43,1,1,-1,-1
63,167,797.42,447.86,251.36,410.92,1,4,-1,-1
63,159,993.14,321.55,265.11,268.89,1,4,-1,-1
64,168,1481.68,248.19,77.87,163.57,1,1,-1,-1
64,167,796.63,485.06,243.38,401.54,1,4,-1,-1
64,49,1525.32,410.49,203.35,240.13,1,7,-1,-1
65,170,1519.04,143.52,382.93,207.95,1,6,-1,-1
65,168,1482.29,285.20,67.98,141.63,1,1,-1,-1
65,167,794.62,508.11,248.03,412.65,1,4,-1,-1
66,170,1521.18,152.61,380.86,207.77,1,6,-1,-1
66,167,788.95,538.51,244.52,413.33,1,4,-1,-1
67,167,783.42,567.85,242.93,418.92,1,4,-1,-1
68,175,1750.03,365.11,154.34,175.77,1,7,-1,-1
68,167,777.63,595.48,242.07,427.45,1,4,-1,-1
68,49,1528.75,457.89,227.72,263.84,1,7,-1,-1
69,175,1751.30,395.22,144.06,167.92,1,7,-1,-1
69,171,1540.00,498.89,82.00,145.00,1,1,-1,-1
69,49,1525.41,447.01,244.12,281.11,1,7,-1,-1
70,171,1540.91,513.49,82.00,145.00,1,1,-1,-1
70,170,1543.76,196.12,350.98,195.75,1,6,-1,-1
70,49,1529.11,476.22,239.22,274.98,1,7,-1,-1
71,184,393.76,1.90,57.28,106.15,1,1,-1,-1
71,170,1540.47,203.50,356.17,199.79,1,6,-1,-1
71,159,921.70,370.43,283.78,272.57,1,4,-1,-1
71,49,1531.79,497.01,235.59,271.33,1,7,-1,-1
72,188,1769.18,430.18,133.58,166.01,1,7,-1,-1
72,184,383.57,6.80,70.78,130.69,1,1,-1,-1
72,177,-3.55,393.07,249.52,232.58,1,7,-1,-1
72,167,776.93,675.98,245.22,422.85,1,4,-1,-1
72,49,1533.40,514.82,233.20,269.47,1,7,-1,-1
73,188,1767.64,439.26,137.02,171.21,1,7,-1,-1
73,177,12.36,414.90,219.70,208.58,1,7,-1,-1
73,167,768.49,696.69,242.05,403.03,1,4,-1,-1
73,49,1534.87,530.51,231.44,268.91,1,7,-1,-1
74,194,1121.98,4.08,361.90,112.69,1,6,-1,-1
74,188,1767.35,449.42,137.94,172.98,1,7,-1,-1
74,177,-24.57,372.39,271.78,262.39,1,7,-1,-1
74,49,1535.73,545.16,230.42,269.30,1,7,-1,-1
75,201,477.67,32.44,58.62,81.07,1,1,-1,-1
75,194,1120.81,5.16,365.21,118.52,1,6,-1,-1
75,188,1767.47,460.30,137.96,173.74,1,7,-1,-1
75,177,-15.69,407.67,258.81,253.97,1,7,-1,-1
75,170,1541.00,238.47,360.84,205.61,1,6,-1,-1
75,159,864.30,366.59,313.10,304.50,1,4,-1,-1
75,49,1536.70,559.90,229.68,270.38,1,7,-1,-1
76,207,118.77,19.77,281.46,117.43,1,4,-1,-1
76,206,1546.00,597.00,82.00,145.00,1,1,-1,-1
76,188,1768.31,472.05,137.17,173.65,1,7,-1,-1
76,170,1540.61,253.13,361.75,207.37,1,6,-1,-1
76,49,1537.22,573.89,229.41,271.99,1,7,-1,-1
77,210,1507.89,405.11,70.00,136.00,1,1,-1,-1
77,207,96.34,-8.55,347.98,150.19,1,4,-1,-1
77,206,1547.00,611.78,82.00,145.00,1,1,-1,-1
77,200,431.28,35.99,55.70,113.79,1,1,-1,-1
77,170,1540.21,269.76,362.54,209.52,1,6,-1,-1
77,49,1537.97,588.17,229.20,273.96,1,7,-1,-1
78,214,371.19,70.84,60.68,100.90,1,1,-1,-1
78,210,1506.88,417.90,70.00,136.00,1,1,-1,-1
78,207,103.87,22.45,319.22,140.71,1,4,-1,-1
78,200,434.10,44.52,50.57,102.68,1,1,-1,-1
78,170,1539.82,287.03,363.24,211.94,1,6,-1,-1
78,49,1533.41,604.04,228.73,273.74,1,7,-1,-1
79,207,113.19,44.31,300.32,134.05,1,4,-1,-1
79,201,467.62,76.26,51.41,79.37,1,1,-1,-1
79,170,1539.00,304.46,364.15,214.59,1,6,-1,-1
79,49,1527.35,621.57,227.81,271.89,1,7,-1,-1
80,207,122.61,62.59,287.13,129.02,1,4,-1,-1
80,170,1560.75,348.63,320.32,190.80,1,6,-1,-1
80,49,1515.54,632.70,243.68,288.71,1,7,-1,-1
81,207,151.77,75.42,277.59,125.31,1,4,-1,-1
81,170,1553.60,353.73,334.45,201.52,1,6,-1,-1
81,49,1534.44,663.96,238.70,279.86,1,7,-1,-1
82,207,187.31,86.10,270.38,122.44,1,4,-1,-1
82,170,1548.85,365.14,344.50,209.92,1,6,-1,-1
83,207,212.03,92.02,291.18,132.57,1,4,-1,-1
83,194,1204.95,66.46,363.65,148.42,1,6,-1,-1
83,170,1560.93,389.59,341.49,215.76,1,6,-1,-1
84,170,1589.58,407.78,313.73,209.63,1,6,-1,-1
85,244,1687.35,864.25,93.19,146.41,1,1,-1,-1
86,247,176.55,274.67,329.44,210.56,1,5,-1,-1
86,244,1691.10,881.60,93.78,146.83,1,1,-1,-1
86,229,899.45,486.57,254.78,231.67,1,4,-1,-1
87,256,178.38,569.10,307.56,233.81,1,7,-1,-1
87,247,183.13,285.37,355.77,230.79,1,5,-1,-1
87,244,1692.16,895.88,94.07,146.95,1,1,-1,-1
87,229,902.58,502.55,259.43,235.26,1,4,-1,-1
88,261,1670.34,55.31,232.13,138.38,1,6,-1,-1
88,259,812.95,122.05,37.11,77.65,1,1,-1,-1
88,258,680.22,192.76,34.75,97.18,1,1,-1,-1
88,244,1691.91,909.44,94.22,146.94,1,1,-1,-1
88,229,912.10,498.95,264.01,238.54,1,4,-1,-1
88,170,1669.65,511.26,271.15,252.82,1,6,-1,-1
89,267,56.79,166.43,65.12,96.05,1,1,-1,-1
89,261,1671.51,65.14,231.01,138.28,1,6,-1,-1
89,258,681.32,199.34,36.21,98.45,1,1,-1,-1
90,278,1691.92,662.08,80.15,152.85,1,1,-1,-1
90,276,710.20,177.29,46.00,82.35,1,1,-1,-1
90,267,57.60,176.22,63.13,95.17,1,1,-1,-1
90,261,1673.13,74.45,229.57,138.13,1,6,-1,-1
90,258,682.97,206.79,37.42,99.12,1,1,-1,-1
91,284,628.65,214.94,47.38,92.11,1,1,-1,-1
91,283,455.00,152.09,228.91,105.89,1,4,-1,-1
91,276,711.01,183.11,46.02,82.29,1,1,-1,-1
91,261,1674.36,83.55,228.34,138.06,1,6,-1,-1
92,293,735.83,220.35,24.40,59.46,1,1,-1,-1
92,284,610.27,217.01,53.42,103.61,1,1,-1,-1
92,283,449.19,156.84,228.61,106.20,1,4,-1,-1
92,276,698.85,189.64,48.28,86.22,1,1,-1,-1
92,229,948.19,518.93,275.92,246.22,1,4,-1,-1
93,300,672.60,183.20,48.99,98.56,1,1,-1,-1
93,293,742.03,232.56,19.27,47.17,1,1,-1,-1
93,285,776.45,142.61,43.44,93.82,1,1,-1,-1
93,284,618.11,221.74,50.64,97.54,1,1,-1,-1
93,283,443.54,161.23,228.98,107.24,1,4,-1,-1
93,229,924.22,510.26,273.13,242.03,1,4,-1,-1
94,300,670.13,189.25,48.15,97.00,1,1,-1,-1
94,292,200.23,622.26,309.78,223.60,1,7,-1,-1
94,285,766.36,147.84,44.11,93.44,1,1,-1,-1
94,284,619.86,227.16,48.97,93.59,1,1,-1,-1
94,283,437.53,165.84,229.04,107.88,1,4,-1,-1
94,278,1664.26,706.41,67.27,125.32,1,1,-1,-1
94,229,905.47,505.11,271.19,238.56,1,4,-1,-1
95,312,1619.21,920.39,92.47,133.27,1,1,-1,-1
95,311,69.36,574.44,291.28,199.12,1,7,-1,-1
95,300,668.06,194.49,47.76,96.31,1,1,-1,-1
95,299,348.15,393.87,261.54,191.67,1,5,-1,-1
95,285,765.50,139.82,42.79,93.21,1,1,-1,-1
95,284,619.41,232.47,47.90,90.43,1,1,-1,-1
95,283,431.94,170.22,229.40,109.02,1,4,-1,-1
95,278,1655.42,706.82,65.75,121.59,1,1,-1,-1
95,229,861.60,479.36,317.41,276.68,1,4,-1,-1
96,324,1630.48,906.96,176.74,159.43,1,7,-1,-1
96,315,58.89,208.00,55.00,97.00,1,1,-1,-1
96,300,666.08,199.47,47.58,96.00,1,1,-1,-1
96,299,348.75,402.20,262.54,192.26,1,5,-1,-1
96,283,426.03,174.81,229.47,109.77,1,4,-1,-1
96,229,857.65,481.37,283.20,244.40,1,4,-1,-1
97,325,1267.51,103.40,279.00,118.00,1,6,-1,-1
97,283,420.62,179.70,229.58,110.61,1,4,-1,-1
97,229,849.39,486.01,278.58,238.11,1,4,-1,-1
98,326,1571.55,78.57,232.77,138.66,1,6,-1,-1
98,325,1232.08,100.30,279.00,118.00,1,6,-1,-1
98,317,1619.28,528.76,280.04,280.52,1,6,-1,-1
98,283,403.57,207.92,211.70,102.70,1,4,-1,-1
99,326,1554.02,76.32,234.04,138.33,1,6,-1,-1
99,317,1610.38,534.75,284.21,270.70,1,6,-1,-1
99,312,1554.02,899.20,90.06,124.40,1,1,-1,-1
99,311,20.07,626.50,271.85,196.17,1,7,-1,-1
99,283,367.16,202.49,217.53,106.39,1,4,-1,-1
99,278,1605.85,702.89,61.92,113.25,1,1,-1,-1
100,339,602.89,248.49,30.93,74.07,1,1,-1,-1
100,329,255.80,403.26,349.69,257.93,1,5,-1,-1
100,326,1536.26,74.28,235.61,138.20,1,6,-1,-1
100,324,1579.93,901.98,134.93,131.06,1,7,-1,-1
100,317,1599.95,537.10,292.69,265.13,1,6,-1,-1
100,312,1525.41,888.02,90.90,123.92,1,1,-1,-1
100,311,6.06,632.64,272.33,201.14,1,7,-1,-1
100,283,329.75,205.11,221.43,109.19,1,4,-1,-1
100,278,1587.77,701.42,60.95,111.60,1,1,-1,-1
101,351,777.22,24.62,88.47,86.40,1,4,-1,-1
101,326,1518.93,72.31,236.97,138.10,1,6,-1,-1
101,317,1596.16,543.65,270.44,232.98,1,6,-1,-1
101,312,1511.14,887.57,90.75,123.04,1,1,-1,-1
101,278,1569.40,699.74,60.00,110.44,1,1,-1,-1
102,326,1509.24,80.08,237.85,137.98,1,6,-1,-1
102,325,1178.80,111.74,279.00,118.00,1,6,-1,-1
102,312,1502.77,891.57,89.60,121.58,1,1,-1,-1
102,278,1550.97,698.41,59.04,109.32,1,1,-1,-1
103,365,112.13,709.72,305.09,238.05,1,7,-1,-1
103,364,658.80,172.53,40.00,94.00,1,1,-1,-1
103,361,6.73,676.38,264.49,205.19,1,7,-1,-1
103,325,1177.03,117.63,279.00,118.00,1,6,-1,-1
103,278,1540.62,707.72,58.38,108.30,1,1,-1,-1
103,229,724.28,488.69,249.35,207.26,1,4,-1,-1
104,365,106.22,728.51,334.01,258.31,1,7,-1,-1
104,364,659.81,181.83,40.00,94.00,1,1,-1,-1
104,363,588.56,261.88,41.74,84.10,1,1,-1,-1
104,361,8.99,687.21,267.98,206.56,1,7,-1,-1
104,325,1175.18,123.11,279.00,118.00,1,6,-1,-1
104,229,716.09,490.06,248.54,205.05,1,4,-1,-1
105,377,607.15,283.67,31.82,81.81,1,1,-1,-1
105,365,113.99,739.77,320.93,245.31,1,7,-1,-1
105,325,1173.84,129.09,279.00,118.00,1,6,-1,-1
106,383,1188.38,845.75,203.19,221.46,1,4,-1,-1
106,382,1471.90,135.63,209.21,119.80,1,6,-1,-1
106,377,608.26,291.32,32.38,82.08,1,1,-1,-1
106,365,121.48,756.14,312.82,235.38,1,7,-1,-1
106,357,1198.24,253.09,332.08,146.53,1,6,-1,-1
106,325,1172.59,139.21,279.00,118.00,1,6,-1,-1
107,395,335.93,267.70,227.12,107.01,1,4,-1,-1
107,383,1167.46,819.62,248.86,273.06,1,4,-1,-1
107,382,1478.98,148.18,230.44,131.99,1,6,-1,-1
107,377,609.96,304.46,32.68,82.09,1,1,-1,-1
107,365,128.33,773.46,307.64,227.45,1,7,-1,-1
107,357,1199.84,268.93,322.77,143.08,1,6,-1,-1
107,325,1171.97,150.85,279.00,118.00,1,6,-1,-1
108,395,339.65,282.81,225.73,106.64,1,4,-1,-1
108,383,1155.52,821.78,256.30,282.01,1,4,-1,-1
108,370,1745.76,169.00,43.13,62.90,1,1,-1,-1
108,365,134.78,791.06,304.65,221.08,1,7,-1,-1
108,364,666.61,227.15,40.00,94.00,1,1,-1,-1
108,361,18.15,730.86,282.37,211.27,1,7,-1,-1
108,325,1170.85,163.02,279.00,118.00,1,6,-1,-1
109,397,597.94,265.87,45.00,91.00,1,1,-1,-1
109,395,320.76,297.51,246.59,117.07,1,4,-1,-1
109,370,1732.93,166.92,52.50,76.70,1,1,-1,-1
109,365,140.70,808.46,302.58,215.23,1,7,-1,-1
109,361,5.47,745.31,289.52,216.22,1,7,-1,-1
109,312,1463.89,944.97,77.82,107.16,1,1,-1,-1
110,418,1009.58,15.31,94.58,127.67,1,6,-1,-1
110,416,486.19,388.09,46.25,79.46,1,1,-1,-1
110,397,591.42,262.39,53.78,108.40,1,1,-1,-1
110,365,146.35,826.22,301.03,209.33,1,7,-1,-1
110,361,21.66,768.04,285.79,213.89,1,7,-1,-1
111,416,480.00,398.42,60.79,103.87,1,1,-1,-1
111,390,472.17,659.95,286.00,256.85,1,5,-1,-1
111,365,151.81,843.63,299.90,203.74,1,7,-1,-1
111,361,32.69,790.96,281.52,211.80,1,7,-1,-1
112,365,157.14,860.87,299.05,198.35,1,7,-1,-1
112,361,41.84,813.86,276.88,209.87,1,7,-1,-1
112,325,1149.68,235.79,307.17,129.98,1,6,-1,-1
113,435,989.63,42.05,107.29,160.35,1,6,-1,-1
113,429,1489.12,845.01,58.46,96.87,1,1,-1,-1
113,365,162.57,878.66,298.70,193.11,1,7,-1,-1
113,361,50.32,836.67,271.98,208.07,1,7,-1,-1
114,448,1165.24,289.94,287.38,121.68,1,6,-1,-1
114,435,989.95,66.25,97.60,145.85,1,6,-1,-1
114,429,1485.07,854.02,57.82,95.47,1,1,-1,-1
114,397,582.90,355.02,46.85,94.63,1,1,-1,-1
114,377,625.03,440.91,33.15,82.51,1,1,-1,-1
114,365,173.66,893.46,293.90,183.76,1,7,-1,-1
115,448,1161.08,305.19,287.23,121.58,1,6,-1,-1
115,435,991.13,85.68,92.21,137.79,1,6,-1,-1
115,434,578.87,477.87,39.00,91.00,1,1,-1,-1
115,428,781.59,194.53,104.47,107.84,1,4,-1,-1
115,397,576.22,388.94,54.17,103.02,1,1,-1,-1
115,390,539.74,776.90,260.46,237.41,1,5,-1,-1
115,377,626.27,461.65,33.15,82.48,1,1,-1,-1
115,365,187.52,907.92,286.12,171.98,1,7,-1,-1
116,462,1095.85,37.00,57.00,58.00,1,4,-1,-1
116,460,605.40,657.71,245.21,182.47,1,4,-1,-1
116,448,1157.12,318.61,286.68,121.32,1,6,-1,-1
116,445,1514.69,806.24,380.04,214.14,1,6,-1,-1
116,444,1141.62,887.98,174.43,178.22,1,4,-1,-1
116,434,593.11,489.47,35.82,85.52,1,1,-1,-1
116,428,782.94,214.99,97.35,102.13,1,4,-1,-1
116,365,202.90,922.65,276.26,158.51,1,7,-1,-1
117,460,585.86,653.65,263.51,194.90,1,4,-1,-1
117,450,379.95,416.45,228.05,112.10,1,4,-1,-1
117,445,1497.44,819.69,401.64,223.36,1,6,-1,-1
117,444,1135.12,879.94,175.06,183.80,1,4,-1,-1
117,434,586.70,505.94,36.93,87.60,1,1,-1,-1
117,365,219.88,937.80,264.84,143.85,1,7,-1,-1
118,479,541.49,471.49,48.17,76.87,1,1,-1,-1
118,450,375.53,446.70,223.07,109.75,1,4,-1,-1
118,444,1128.52,870.52,174.62,190.46,1,4,-1,-1
119,488,94.39,917.14,255.17,163.87,1,7,-1,-1
119,479,542.54,488.31,48.07,75.44,1,1,-1,-1
119,459,498.09,551.09,45.00,76.00,1,1,-1,-1
119,450,375.65,448.38,219.51,107.92,1,4,-1,-1
119,444,1122.82,860.51,173.33,197.88,1,4,-1,-1
119,435,991.62,128.11,85.72,128.09,1,6,-1,-1
119,397,568.35,430.91,48.08,93.83,1,1,-1,-1
119,390,603.77,878.03,244.49,209.97,1,5,-1,-1
119,377,628.69,500.44,33.15,82.40,1,1,-1,-1
119,357,1180.32,470.45,296.93,128.47,1,6,-1,-1
120,479,544.34,505.89,47.94,73.80,1,1,-1,-1
120,459,499.77,562.92,45.00,76.00,1,1,-1,-1
120,450,361.34,438.30,261.02,128.57,1,4,-1,-1
120,444,1116.97,850.21,171.37,205.84,1,4,-1,-1
120,390,612.01,897.33,234.60,199.62,1,5,-1,-1
120,357,1179.84,469.62,294.90,128.46,1,6,-1,-1
121,501,607.00,462.00,46.00,82.00,1,1,-1,-1
121,479,551.51,508.57,46.05,70.23,1,1,-1,-1
121,469,1455.34,915.73,57.15,87.96,1,1,-1,-1
121,460,557.26,613.73,244.17,172.42,1,4,-1,-1
121,444,1111.22,839.74,168.85,214.22,1,4,-1,-1
121,390,633.20,890.28,232.53,196.44,1,5,-1,-1
121,357,1179.36,462.45,293.61,128.77,1,6,-1,-1
122,514,630.07,477.44,30.72,76.53,1,1,-1,-1
122,498,1484.25,808.91,379.00,202.86,1,6,-1,-1
122,479,541.51,491.78,55.60,84.17,1,1,-1,-1
122,469,1450.75,923.93,57.10,87.38,1,1,-1,-1
122,444,1099.25,846.37,184.05,247.31,1,4,-1,-1
122,390,650.23,887.34,231.14,194.26,1,5,-1,-1
123,519,1155.15,270.85,279.00,118.00,1,6,-1,-1
123,512,1683.63,289.74,43.00,64.00,1,1,-1,-1
123,498,1478.87,805.89,379.29,202.57,1,6,-1,-1
123,469,1446.64,933.14,56.97,86.24,1,1,-1,-1
123,390,631.34,875.50,265.23,222.14,1,5,-1,-1
123,365,259.82,898.84,236.98,149.80,1,7,-1,-1
124,532,1106.84,764.39,152.23,237.64,1,4,-1,-1
124,526,819.13,26.38,62.53,71.12,1,4,-1,-1
124,517,324.96,335.31,299.34,149.57,1,4,-1,-1
124,512,1682.66,265.87,43.00,64.00,1,1,-1,-1
124,498,1475.65,792.40,379.65,202.46,1,6,-1,-1
124,469,1441.80,920.68,56.57,85.99,1,1,-1,-1
124,365,264.10,888.25,235.46,156.48,1,7,-1,-1
125,539,681.92,871.71,240.59,199.27,1,5,-1,-1
125,532,1100.47,759.31,126.62,197.22,1,4,-1,-1
125,498,1475.77,782.24,379.67,202.41,1,6,-1,-1
125,365,268.48,877.51,234.18,163.74,1,7,-1,-1
126,545,388.14,350.94,217.05,109.06,1,4,-1,-1
126,543,1556.53,94.99,55.07,64.62,1,2,-1,-1
126,539,688.54,874.68,237.18,196.44,1,5,-1,-1
126,524,599.19,421.77,39.23,84.98,1,1,-1,-1
126,514,625.70,429.62,26.96,63.10,1,1,-1,-1
126,498,1472.02,760.38,380.15,202.47,1,6,-1,-1
126,365,272.72,866.62,232.75,171.44,1,7,-1,-1
127,545,388.91,341.61,216.70,108.88,1,4,-1,-1
127,539,694.89,877.85,233.21,192.70,1,5,-1,-1
127,498,1469.30,740.45,380.56,202.55,1,6,-1,-1
127,365,277.65,856.06,231.10,179.27,1,7,-1,-1
128,560,1563.85,81.26,51.00,60.00,1,2,-1,-1
128,559,998.37,-5.90,78.17,101.06,1,6,-1,-1
128,556,509.00,428.22,45.00,76.00,1,1,-1,-1
128,539,707.58,871.85,247.81,204.94,1,5,-1,-1
128,498,1466.99,722.00,380.92,202.63,1,6,-1,-1
129,569,1437.77,209.84,238.59,135.32,1,6,-1,-1
129,560,1564.84,73.63,51.00,60.00,1,2,-1,-1
129,539,707.51,878.16,237.43,195.91,1,5,-1,-1
129,498,1465.55,715.97,381.12,202.40,1,6,-1,-1
130,584,813.67,0.56,75.29,57.62,1,4,-1,-1
130,577,529.46,363.46,58.41,91.72,1,1,-1,-1
130,569,1435.98,200.25,239.95,136.05,1,6,-1,-1
130,560,1565.86,66.52,51.00,60.00,1,2,-1,-1
130,552,689.16,283.20,30.05,75.34,1,1,-1,-1
130,539,712.82,883.41,229.04,188.77,1,5,-1,-1
130,538,115.86,792.08,320.21,256.73,1,7,-1,-1
130,498,1488.31,707.37,362.66,191.92,1,6,-1,-1
131,584,814.28,1.11,73.97,56.86,1,4,-1,-1
131,579,1168.91,349.36,301.05,143.28,1,6,-1,-1
131,569,1435.83,198.53,240.56,136.38,1,6,-1,-1
131,552,689.02,283.38,29.85,75.60,1,1,-1,-1
131,545,383.25,319.18,237.95,118.98,1,4,-1,-1
131,537,789.46,91.41,83.99,93.07,1,4,-1,-1
132,584,814.66,1.41,73.70,57.08,1,4,-1,-1
132,569,1443.74,193.03,243.40,138.02,1,6,-1,-1
132,568,593.95,382.86,45.98,82.07,1,1,-1,-1
132,552,689.01,283.73,29.73,75.85,1,1,-1,-1
132,542,1115.69,15.41,73.50,85.03,1,4,-1,-1
133,599,277.07,851.84,230.85,207.32,1,7,-1,-1
133,584,814.77,1.45,73.26,57.25,1,4,-1,-1
133,578,1188.37,220.04,241.82,102.47,1,6,-1,-1
133,576,421.31,548.01,238.38,128.79,1,4,-1,-1
133,569,1455.09,211.61,211.65,119.97,1,6,-1,-1
133,568,591.42,382.70,46.55,83.06,1,1,-1,-1
133,552,688.35,285.43,29.67,76.07,1,1,-1,-1
133,542,1114.42,24.87,71.83,83.14,1,4,-1,-1
133,444,1075.83,591.91,144.41,203.63,1,4,-1,-1
134,610,594.87,417.74,32.29,68.17,1,1,-1,-1
134,576,401.75,539.02,232.66,124.14,1,4,-1,-1
134,569,1447.77,210.38,221.89,125.76,1,6,-1,-1
134,568,588.44,383.99,46.85,83.57,1,1,-1,-1
134,552,688.12,287.56,29.63,76.27,1,1,-1,-1
135,610,592.84,415.82,35.99,75.68,1,1,-1,-1
135,569,1455.09,220.43,224.87,127.59,1,6,-1,-1
135,568,585.34,385.83,47.00,83.82,1,1,-1,-1
135,552,687.39,290.48,29.62,76.44,1,1,-1,-1
136,615,369.18,544.23,251.81,131.85,1,4,-1,-1
136,613,499.93,436.00,45.00,76.00,1,1,-1,-1
136,610,591.28,415.66,37.59,79.12,1,1,-1,-1
136,598,147.27,843.91,229.38,189.20,1,7,-1,-1
136,569,1447.09,215.06,230.07,130.49,1,6,-1,-1
136,568,582.23,387.87,47.06,83.92,1,1,-1,-1
136,552,687.12,292.99,29.62,76.60,1,1,-1,-1
137,627,995.22,-0.16,84.55,84.16,1,6,-1,-1
137,626,386.11,342.00,206.00,103.00,1,4,-1,-1
137,615,353.83,544.16,252.47,132.58,1,4,-1,-1
137,613,498.13,438.00,45.00,76.00,1,1,-1,-1
137,610,590.00,416.75,38.27,80.63,1,1,-1,-1
137,599,277.19,861.76,230.62,206.13,1,7,-1,-1
137,598,145.74,845.95,229.73,189.05,1,7,-1,-1
137,444,1058.58,554.96,145.63,196.47,1,4,-1,-1
138,627,1003.74,28.53,73.77,72.86,1,6,-1,-1
138,626,384.91,344.00,206.00,103.00,1,4,-1,-1
138,615,326.69,547.98,257.04,135.60,1,4,-1,-1
138,610,588.87,418.40,38.54,81.23,1,1,-1,-1
139,643,1426.00,866.00,52.00,87.00,1,1,-1,-1
139,627,999.53,11.01,78.16,76.68,1,6,-1,-1
139,626,383.87,346.00,206.00,103.00,1,4,-1,-1
139,615,318.79,544.55,255.29,135.61,1,4,-1,-1
139,610,588.51,420.30,38.59,81.39,1,1,-1,-1
139,588,1461.78,736.85,375.98,188.33,1,6,-1,-1
140,652,519.41,392.05,49.41,78.15,1,1,-1,-1
140,643,1425.79,868.30,51.64,87.18,1,1,-1,-1
140,641,786.07,113.94,85.00,94.00,1,4,-1,-1
140,627,997.58,4.48,80.63,78.73,1,6,-1,-1
140,626,382.87,348.00,206.00,103.00,1,4,-1,-1
140,615,306.75,542.90,253.94,135.84,1,4,-1,-1
140,610,587.77,422.33,38.55,81.31,1,1,-1,-1
140,588,1461.57,739.70,376.24,187.52,1,6,-1,-1
140,584,813.34,1.09,74.30,61.43,1,4,-1,-1
140,569,1441.10,218.21,237.81,134.80,1,6,-1,-1
140,568,570.90,396.61,48.87,87.56,1,1,-1,-1
141,643,1425.78,871.08,51.41,87.34,1,1,-1,-1
141,641,785.11,115.95,85.00,94.00,1,4,-1,-1
141,627,996.63,1.75,82.00,79.53,1,6,-1,-1
141,626,411.17,347.21,218.56,109.28,1,4,-1,-1
141,615,293.64,542.54,252.54,136.21,1,4,-1,-1
141,610,590.44,408.73,41.44,88.99,1,1,-1,-1
141,588,1461.42,743.48,376.51,187.00,1,6,-1,-1
141,584,813.85,1.55,74.27,61.67,1,4,-1,-1
141,579,1164.31,333.97,300.59,148.30,1,6,-1,-1
141,569,1440.90,219.38,238.73,135.31,1,6,-1,-1
141,568,568.78,398.62,47.93,86.27,1,1,-1,-1
142,671,288.78,543.52,207.97,113.90,1,4,-1,-1
142,643,1426.22,874.20,50.49,87.08,1,1,-1,-1
142,641,784.22,110.04,85.50,94.53,1,4,-1,-1
142,627,996.13,0.52,82.81,79.65,1,6,-1,-1
142,626,390.62,350.71,214.44,107.22,1,4,-1,-1
142,621,450.08,320.26,45.07,72.57,1,1,-1,-1
142,615,277.64,542.43,251.36,136.38,1,4,-1,-1
142,584,813.57,1.65,74.57,61.89,1,4,-1,-1
142,579,1164.16,336.53,300.42,148.35,1,6,-1,-1
142,569,1440.72,221.07,239.34,135.65,1,6,-1,-1
143,671,246.20,528.78,256.56,140.31,1,4,-1,-1
143,643,1415.75,883.57,60.25,105.07,1,1,-1,-1
143,626,383.55,353.55,211.73,105.86,1,4,-1,-1
143,621,450.20,326.43,43.08,69.24,1,1,-1,-1
143,615,261.25,542.92,250.27,136.11,1,4,-1,-1
143,579,1164.15,339.52,300.28,148.38,1,6,-1,-1
143,569,1435.14,233.20,254.63,144.35,1,6,-1,-1
144,679,1108.46,28.93,74.30,86.49,1,4,-1,-1
144,678,486.94,475.61,50.12,84.70,1,1,-1,-1
144,673,677.93,307.06,30.00,78.00,1,1,-1,-1
144,643,1420.90,879.79,56.27,99.45,1,1,-1,-1
144,626,380.66,356.06,209.91,104.95,1,4,-1,-1
144,621,441.44,326.89,43.68,70.12,1,1,-1,-1
144,598,136.40,859.49,232.07,187.88,1,7,-1,-1
144,579,1164.19,342.66,300.18,148.40,1,6,-1,-1
144,569,1440.86,223.47,255.29,144.73,1,6,-1,-1
145,685,1674.85,219.89,43.00,64.00,1,1,-1,-1
145,663,1565.05,99.06,55.23,63.75,1,2,-1,-1
145,643,1423.95,881.16,53.23,95.53,1,1,-1,-1
145,626,379.89,359.06,208.67,104.34,1,4,-1,-1
145,621,430.48,339.01,39.04,62.97,1,1,-1,-1
145,598,136.23,862.03,231.19,186.83,1,7,-1,-1
145,579,1164.24,345.19,300.09,148.40,1,6,-1,-1
145,569,1430.73,212.75,287.37,162.81,1,6,-1,-1
146,685,1675.84,221.09,43.00,64.00,1,1,-1,-1
146,663,1567.22,94.62,54.08,62.42,1,2,-1,-1
146,643,1425.40,884.21,50.82,92.77,1,1,-1,-1
146,641,783.71,122.47,85.12,94.12,1,4,-1,-1
146,627,993.13,-5.41,92.78,86.85,1,6,-1,-1
146,626,379.17,361.52,207.82,103.91,1,4,-1,-1
146,579,1127.71,334.47,335.14,165.89,1,6,-1,-1
147,693,493.05,454.95,47.38,80.03,1,1,-1,-1
147,692,1383.30,724.22,554.55,272.81,1,6,-1,-1
147,677,1035.39,473.65,109.42,173.58,1,4,-1,-1
147,663,1568.84,94.43,53.37,61.59,1,2,-1,-1
147,643,1426.32,887.67,49.17,90.88,1,1,-1,-1
147,641,783.75,122.65,85.07,94.07,1,4,-1,-1
147,627,993.04,-3.55,90.33,84.09,1,6,-1,-1
147,615,194.28,546.64,246.64,132.92,1,4,-1,-1
147,588,1463.81,766.15,377.94,186.37,1,6,-1,-1
147,579,1144.78,341.65,325.36,161.19,1,6,-1,-1
148,693,492.93,457.09,47.50,80.22,1,1,-1,-1
148,679,1104.94,31.36,77.08,89.75,1,4,-1,-1
148,673,674.62,314.44,30.00,78.00,1,1,-1,-1
148,643,1427.42,891.18,47.71,89.50,1,1,-1,-1
148,641,783.78,122.67,85.05,94.05,1,4,-1,-1
148,615,158.26,540.98,274.64,147.31,1,4,-1,-1
148,599,256.36,877.44,241.26,192.67,1,7,-1,-1
148,588,1464.41,770.10,378.31,186.45,1,6,-1,-1
148,579,1153.53,346.53,317.85,157.72,1,6,-1,-1
148,568,553.94,417.03,45.17,85.32,1,1,-1,-1
149,693,491.36,459.82,46.91,79.13,1,1,-1,-1
149,679,1105.15,32.05,75.23,87.60,1,4,-1,-1
149,673,675.25,317.39,30.00,78.00,1,1,-1,-1
149,643,1428.73,895.26,46.69,88.57,1,1,-1,-1
149,641,783.81,122.63,85.03,94.03,1,4,-1,-1
149,621,407.80,340.09,43.30,70.10,1,1,-1,-1
149,615,146.69,544.24,266.53,141.94,1,4,-1,-1
149,599,255.68,881.25,241.35,189.54,1,7,-1,-1
149,588,1464.58,773.45,378.57,186.51,1,6,-1,-1
149,579,1158.38,350.30,312.63,155.17,1,6,-1,-1
149,568,554.67,425.46,43.41,82.41,1,1,-1,-1
150,693,489.56,462.90,46.41,77.92,1,1,-1,-1
150,673,676.19,320.42,30.00,78.00,1,1,-1,-1
150,641,783.84,122.57,85.02,94.02,1,4,-1,-1
150,626,375.77,371.64,206.46,103.23,1,4,-1,-1
150,621,399.63,343.38,43.83,71.00,1,1,-1,-1
150,615,131.54,547.70,261.22,138.08,1,4,-1,-1
150,599,255.47,885.07,241.33,186.14,1,7,-1,-1
150,588,1465.23,777.23,378.79,186.56,1,6,-1,-1
150,579,1161.61,353.48,308.51,153.29,1,6,-1,-1
150,568,546.37,414.40,48.27,92.04,1,1,-1,-1
151,714,1441.41,227.14,240.00,136.00,1,6,-1,-1
151,693,497.72,467.98,43.22,72.20,1,1,-1,-1
151,673,675.90,322.81,30.00,78.00,1,1,-1,-1
151,627,994.89,1.05,84.71,76.51,1,6,-1,-1
151,626,374.79,372.98,206.42,103.76,1,4,-1,-1
151,621,393.38,345.71,44.19,71.62,1,1,-1,-1
151,615,114.57,551.46,257.89,135.00,1,4,-1,-1
151,610,569.66,440.97,32.33,73.31,1,1,-1,-1
151,599,255.46,889.10,241.26,182.85,1,7,-1,-1
151,588,1467.07,771.19,388.78,191.50,1,6,-1,-1
151,584,811.95,1.87,74.97,66.21,1,4,-1,-1
151,568,542.06,426.90,44.08,84.41,1,1,-1,-1
152,714,1440.22,215.21,240.00,136.00,1,6,-1,-1
152,698,494.20,419.96,54.21,85.96,1,1,-1,-1
152,693,489.92,470.67,43.76,72.41,1,1,-1,-1
152,627,995.07,0.06,84.59,75.90,1,6,-1,-1
152,626,373.74,373.68,206.50,104.73,1,4,-1,-1
152,615,102.65,576.75,243.19,126.05,1,4,-1,-1
152,610,565.72,435.01,35.90,77.03,1,1,-1,-1
152,599,254.22,893.51,241.12,179.00,1,7,-1,-1
152,588,1464.37,779.88,386.25,190.21,1,6,-1,-1
152,584,811.91,1.75,74.96,66.68,1,4,-1,-1
153,728,110.80,881.18,234.75,178.98,1,7,-1,-1
153,724,1682.84,232.25,42.48,63.71,1,1,-1,-1
153,714,1416.66,241.23,247.22,139.99,1,6,-1,-1
153,698,496.45,420.65,52.06,82.51,1,1,-1,-1
153,693,485.65,473.46,44.06,72.13,1,1,-1,-1
153,626,373.32,374.07,206.66,106.00,1,4,-1,-1
153,615,82.28,567.10,245.61,126.33,1,4,-1,-1
153,599,254.49,888.52,261.24,189.47,1,7,-1,-1
154,728,107.99,882.21,234.65,180.58,1,7,-1,-1
154,724,1683.85,234.09,42.23,63.64,1,1,-1,-1
154,698,496.98,423.30,50.66,80.28,1,1,-1,-1
154,626,372.47,374.30,206.85,107.50,1,4,-1,-1
154,599,231.77,885.24,292.96,207.21,1,7,-1,-1
154,579,1167.70,363.51,300.51,149.93,1,6,-1,-1
155,724,1684.90,235.31,42.10,63.64,1,1,-1,-1
155,698,496.09,427.21,49.74,78.80,1,1,-1,-1
155,673,673.74,327.97,33.72,87.86,1,1,-1,-1
155,626,371.47,374.43,207.05,109.16,1,4,-1,-1
155,599,233.51,894.42,280.35,192.98,1,7,-1,-1
155,579,1168.88,365.82,299.04,149.42,1,6,-1,-1
155,568,540.45,437.00,43.53,83.14,1,1,-1,-1
156,724,1685.93,237.05,42.03,63.67,1,1,-1,-1
156,698,498.84,421.33,56.12,88.67,1,1,-1,-1
156,673,671.13,331.01,32.66,85.35,1,1,-1,-1
156,626,359.65,353.08,235.94,126.27,1,4,-1,-1
156,610,563.97,456.62,35.56,78.44,1,1,-1,-1
156,599,236.04,902.78,270.57,180.98,1,7,-1,-1
156,588,1466.07,798.65,381.92,188.00,1,6,-1,-1
156,568,538.65,440.09,43.44,82.93,1,1,-1,-1
157,743,120.77,897.96,210.17,164.67,1,7,-1,-1
157,713,1153.91,235.14,279.00,118.00,1,6,-1,-1
157,693,487.37,493.60,42.08,65.88,1,1,-1,-1
157,673,671.89,319.92,30.12,79.15,1,1,-1,-1
157,610,563.79,464.90,35.31,76.98,1,1,-1,-1
157,568,536.75,443.18,43.38,82.78,1,1,-1,-1
158,750,1442.42,938.60,47.08,82.40,1,1,-1,-1
158,693,478.54,491.82,42.36,65.38,1,1,-1,-1
158,568,534.14,446.27,43.33,82.67,1,1,-1,-1
159,762,995.80,0.97,83.00,69.63,1,6,-1,-1
159,757,1445.00,244.11,240.00,136.00,1,6,-1,-1
159,756,1006.84,395.93,116.00,159.71,1,4,-1,-1
159,750,1443.65,943.75,46.99,81.46,1,1,-1,-1
159,748,1104.94,41.73,73.55,85.74,1,4,-1,-1
159,579,1172.07,374.41,296.01,148.55,1,6,-1,-1
159,568,531.92,450.00,43.29,82.59,1,1,-1,-1
160,757,1446.00,251.12,240.00,136.00,1,6,-1,-1
160,756,1004.24,388.66,119.02,162.72,1,4,-1,-1
160,750,1445.50,948.92,46.83,80.37,1,1,-1,-1
160,748,1105.68,43.09,73.19,85.30,1,4,-1,-1
160,724,1690.00,243.26,41.94,63.78,1,1,-1,-1
160,698,489.86,443.77,50.41,79.75,1,1,-1,-1
160,579,1144.06,382.49,342.99,172.40,1,6,-1,-1
160,568,529.85,453.96,43.27,82.53,1,1,-1,-1
161,764,806.50,1.55,76.13,77.03,1,4,-1,-1
161,757,1447.00,258.11,240.00,136.00,1,6,-1,-1
161,756,1002.55,382.18,119.54,162.78,1,4,-1,-1
161,750,1446.76,949.49,43.90,74.83,1,1,-1,-1
161,748,1106.54,44.94,73.00,85.06,1,4,-1,-1
161,743,102.82,899.50,250.49,180.06,1,7,-1,-1
161,698,491.54,467.35,47.99,75.92,1,1,-1,-1
161,610,553.78,477.24,37.96,77.73,1,1,-1,-1
161,579,1154.46,377.18,329.87,166.03,1,6,-1,-1
162,764,806.07,1.13,76.48,78.89,1,4,-1,-1
162,757,1448.00,265.81,240.00,136.00,1,6,-1,-1
162,748,1106.75,46.22,72.90,84.93,1,4,-1,-1
162,743,104.65,909.40,243.06,168.82,1,7,-1,-1
162,698,488.85,459.66,47.91,75.82,1,1,-1,-1
162,626,354.62,390.66,213.52,118.07,1,4,-1,-1
162,621,322.88,386.35,48.88,77.48,1,1,-1,-1
162,610,548.62,484.83,37.01,76.47,1,1,-1,-1
162,599,228.62,936.37,263.75,141.84,1,7,-1,-1
162,588,1466.94,824.59,399.01,196.00,1,6,-1,-1
162,579,1160.96,378.38,320.42,161.57,1,6,-1,-1
163,764,805.22,0.90,76.63,80.34,1,4,-1,-1
163,757,1448.30,269.55,240.00,136.00,1,6,-1,-1
163,748,1107.44,48.00,72.85,84.86,1,4,-1,-1
163,747,774.93,140.84,85.00,94.00,1,4,-1,-1
163,698,499.21,461.88,49.51,82.30,1,1,-1,-1
163,626,353.00,393.93,211.96,117.65,1,4,-1,-1
163,621,310.83,391.54,48.73,78.05,1,1,-1,-1
163,610,544.27,490.43,36.32,75.56,1,1,-1,-1
163,599,229.42,945.07,257.27,132.18,1,7,-1,-1
163,588,1455.59,837.88,398.95,195.69,1,6,-1,-1
163,579,1165.30,382.19,313.73,158.27,1,6,-1,-1
164,764,804.21,0.94,76.78,81.95,1,4,-1,-1
164,757,1449.05,271.95,240.00,136.00,1,6,-1,-1
164,748,1107.63,49.26,72.83,84.82,1,4,-1,-1
164,747,773.89,143.32,85.07,94.36,1,4,-1,-1
164,724,1694.68,253.14,41.93,63.86,1,1,-1,-1
164,698,483.24,454.87,57.16,93.64,1,1,-1,-1
164,626,351.55,397.30,211.19,117.65,1,4,-1,-1
164,621,301.91,396.47,48.67,79.31,1,1,-1,-1
164,610,538.33,490.91,34.97,74.34,1,1,-1,-1
164,599,229.71,952.71,252.32,123.59,1,7,-1,-1
164,588,1465.88,837.30,393.86,192.80,1,6,-1,-1
164,579,1168.32,386.78,309.08,155.83,1,6,-1,-1
164,568,525.15,473.48,40.36,80.08,1,1,-1,-1
165,757,1449.97,273.90,240.00,136.00,1,6,-1,-1
165,748,1107.64,50.33,72.82,84.81,1,4,-1,-1
165,626,349.86,400.63,210.65,117.93,1,4,-1,-1
165,621,294.08,401.86,49.47,80.32,1,1,-1,-1
165,610,536.48,472.57,35.12,72.80,1,1,-1,-1
165,588,1450.12,838.65,439.09,214.39,1,6,-1,-1
165,579,1170.65,391.04,306.22,154.32,1,6,-1,-1
165,568,520.74,474.58,40.86,80.70,1,1,-1,-1
166,791,457.87,514.75,43.23,70.00,1,1,-1,-1
166,780,1153.04,277.52,270.96,114.60,1,6,-1,-1
166,748,1110.47,44.18,88.55,103.14,1,4,-1,-1
166,626,347.78,403.71,210.82,118.14,1,4,-1,-1
166,621,286.52,407.48,50.89,81.11,1,1,-1,-1
166,610,533.14,490.32,34.09,72.27,1,1,-1,-1
166,588,1459.64,841.50,423.88,206.51,1,6,-1,-1
166,579,1158.23,376.03,337.60,169.89,1,6,-1,-1
166,568,517.68,476.42,46.56,91.61,1,1,-1,-1
167,791,455.07,519.72,43.20,70.06,1,1,-1,-1
167,780,1153.51,279.67,271.41,114.79,1,6,-1,-1
167,748,1106.59,47.14,84.16,98.01,1,4,-1,-1
167,626,345.70,406.90,210.96,118.58,1,4,-1,-1
167,621,278.97,413.25,52.77,81.71,1,1,-1,-1
167,610,529.43,505.28,34.19,72.46,1,1,-1,-1
167,588,1467.97,848.25,412.52,200.35,1,6,-1,-1
168,791,452.84,524.02,43.17,70.09,1,1,-1,-1
168,780,1154.20,282.33,271.89,114.99,1,6,-1,-1
168,748,1106.50,50.40,80.97,94.30,1,4,-1,-1
168,747,770.28,149.65,91.80,104.98,1,4,-1,-1
168,626,343.81,410.09,211.36,119.18,1,4,-1,-1
168,621,273.31,416.95,57.56,87.11,1,1,-1,-1
168,610,525.48,514.09,34.26,72.59,1,1,-1,-1
168,588,1474.49,855.70,404.04,195.79,1,6,-1,-1
169,803,999.81,341.28,107.45,144.95,1,4,-1,-1
169,791,450.08,528.80,43.15,70.11,1,1,-1,-1
169,780,1154.97,285.16,272.38,115.20,1,6,-1,-1
169,748,1113.35,52.77,73.86,85.88,1,4,-1,-1
169,747,769.14,152.65,89.94,103.94,1,4,-1,-1
169,621,259.90,422.73,58.18,85.98,1,1,-1,-1
170,812,1167.49,892.68,160.79,194.99,1,4,-1,-1
170,803,995.22,329.54,110.17,148.78,1,4,-1,-1
170,791,447.84,533.75,43.13,70.11,1,1,-1,-1
170,780,1155.75,287.39,272.87,115.41,1,6,-1,-1
170,747,768.36,155.34,88.69,103.54,1,4,-1,-1
170,621,247.93,428.71,58.90,84.87,1,1,-1,-1
171,830,800.63,3.97,75.69,91.91,1,4,-1,-1
171,803,992.85,330.01,115.57,156.23,1,4,-1,-1
171,791,445.10,538.07,43.11,70.11,1,1,-1,-1
171,780,1159.54,306.37,243.31,103.03,1,6,-1,-1
171,747,767.64,157.82,87.82,103.56,1,4,-1,-1
172,803,996.03,325.88,110.98,150.25,1,4,-1,-1
172,747,767.55,160.81,87.21,103.87,1,4,-1,-1
172,568,502.43,497.44,43.36,84.36,1,1,-1,-1
173,842,468.00,496.00,48.00,76.00,1,1,-1,-1
173,803,997.24,322.76,107.94,146.29,1,4,-1,-1
173,748,1099.90,66.66,79.13,92.01,1,4,-1,-1
173,568,500.42,501.07,43.00,83.75,1,1,-1,-1
174,844,1454.87,297.00,240.00,136.00,1,6,-1,-1
174,842,466.00,500.78,48.00,76.00,1,1,-1,-1
174,748,1104.72,67.00,77.35,89.98,1,4,-1,-1
174,588,1483.64,888.07,420.15,193.38,1,6,-1,-1
174,568,498.49,505.06,42.75,83.32,1,1,-1,-1
175,856,499.34,552.49,35.36,73.93,1,1,-1,-1
175,842,465.48,502.06,48.00,76.00,1,1,-1,-1
175,830,795.27,5.17,86.47,107.71,1,4,-1,-1
176,860,1607.38,156.66,40.27,47.12,1,2,-1,-1
176,856,495.63,558.79,36.55,74.13,1,1,-1,-1
176,843,640.93,387.19,32.43,80.55,1,1,-1,-1
176,842,465.40,502.29,48.00,76.00,1,1,-1,-1
176,830,795.16,7.69,83.13,103.95,1,4,-1,-1
176,747,764.12,174.89,83.89,101.63,1,4,-1,-1
177,856,491.67,565.02,37.69,74.67,1,1,-1,-1
177,830,795.43,9.93,80.66,101.79,1,4,-1,-1
177,812,1179.45,837.64,198.38,243.34,1,4,-1,-1
177,747,763.77,176.94,84.35,102.46,1,4,-1,-1
178,857,504.68,548.21,31.84,71.92,1,1,-1,-1
178,856,479.88,565.92,45.77,87.32,1,1,-1,-1
178,830,795.40,11.82,79.36,100.74,1,4,-1,-1
178,812,1184.20,836.88,196.89,239.84,1,4,-1,-1
178,748,1111.20,52.64,81.41,94.69,1,4,-1,-1
178,747,762.95,179.45,84.66,103.05,1,4,-1,-1
179,869,162.66,494.45,63.62,78.57,1,1,-1,-1
179,857,496.14,529.91,37.99,82.22,1,1,-1,-1
179,856,479.93,573.88,44.78,82.86,1,1,-1,-1
179,830,795.44,13.98,78.14,99.96,1,4,-1,-1
179,812,1191.33,837.24,195.84,237.39,1,4,-1,-1
179,803,998.31,309.49,97.63,132.81,1,4,-1,-1
179,748,1109.17,68.10,79.06,91.98,1,4,-1,-1
180,870,1720.17,302.00,42.00,64.00,1,1,-1,-1
180,869,152.71,500.43,63.69,78.35,1,1,-1,-1
180,851,313.34,467.09,219.19,118.34,1,4,-1,-1
180,830,795.17,15.66,77.63,99.80,1,4,-1,-1
180,803,996.35,301.89,98.96,134.58,1,4,-1,-1
180,748,1113.10,71.88,80.48,93.75,1,4,-1,-1
181,890,497.00,510.00,42.00,82.00,1,1,-1,-1
181,870,1721.22,305.00,42.00,64.00,1,1,-1,-1
181,851,309.98,471.22,235.89,127.16,1,4,-1,-1
181,830,795.16,17.75,77.30,100.00,1,4,-1,-1
181,803,994.77,296.29,99.85,135.77,1,4,-1,-1
181,780,1167.88,340.08,248.78,105.54,1,6,-1,-1
182,896,1606.11,170.00,52.00,61.00,1,2,-1,-1
182,851,298.28,479.63,238.33,128.39,1,4,-1,-1
182,830,793.90,19.28,77.08,100.44,1,4,-1,-1
182,803,1001.53,309.14,94.72,128.93,1,4,-1,-1
182,780,1166.28,334.29,255.62,108.38,1,6,-1,-1
183,902,466.00,501.00,48.00,76.00,1,1,-1,-1
183,851,294.31,499.23,211.93,114.21,1,4,-1,-1
183,830,792.16,21.22,76.94,101.05,1,4,-1,-1
183,812,1214.12,849.42,181.22,215.31,1,4,-1,-1
183,803,987.25,279.65,107.49,145.48,1,4,-1,-1
183,780,1165.14,334.18,259.92,110.27,1,6,-1,-1
184,909,757.29,198.99,84.95,103.68,1,4,-1,-1
184,843,629.84,411.55,40.04,89.33,1,1,-1,-1
184,830,790.89,23.28,76.85,101.78,1,4,-1,-1
184,812,1232.84,844.26,189.29,220.18,1,4,-1,-1
184,803,989.30,280.30,105.97,142.17,1,4,-1,-1
185,914,1452.13,338.58,301.74,170.78,1,6,-1,-1
185,812,1244.50,840.93,197.24,223.55,1,4,-1,-1
185,803,990.38,278.95,104.84,139.19,1,4,-1,-1
186,896,1610.06,180.12,56.31,65.95,1,2,-1,-1
186,891,1475.53,364.90,198.63,112.52,1,6,-1,-1
187,923,1124.94,7.27,33.13,50.52,1,10,-1,-1
187,922,792.33,4.79,105.56,46.48,1,7,-1,-1
187,911,476.63,604.39,33.23,71.13,1,1,-1,-1
187,891,1475.41,357.07,213.56,120.99,1,6,-1,-1
187,890,469.61,569.61,46.07,89.26,1,1,-1,-1
187,870,1729.73,326.28,42.00,64.00,1,1,-1,-1
187,869,78.45,548.70,74.78,90.23,1,1,-1,-1
188,922,790.99,6.20,105.83,46.69,1,7,-1,-1
188,918,285.36,505.04,229.05,125.42,1,4,-1,-1
188,911,472.68,611.12,32.98,71.68,1,1,-1,-1
188,909,748.91,233.01,70.24,88.24,1,4,-1,-1
188,891,1473.63,356.33,222.57,126.10,1,6,-1,-1
188,870,1731.73,330.54,42.00,64.00,1,1,-1,-1
188,869,68.83,554.58,71.30,86.65,1,1,-1,-1
188,843,613.52,443.36,40.88,90.21,1,1,-1,-1
189,930,1105.65,112.11,72.65,88.64,1,4,-1,-1
189,922,787.15,9.18,102.55,45.21,1,7,-1,-1
189,918,281.94,509.88,230.95,127.16,1,4,-1,-1
189,911,469.28,617.30,32.76,71.96,1,1,-1,-1
189,909,727.65,210.61,77.79,98.79,1,4,-1,-1
189,891,1471.72,358.52,228.36,129.39,1,6,-1,-1
189,870,1733.74,334.66,42.00,64.00,1,1,-1,-1
189,869,58.68,563.70,68.56,84.11,1,1,-1,-1
189,843,611.46,450.46,39.60,87.25,1,1,-1,-1
189,812,1275.28,841.31,217.98,226.75,1,4,-1,-1
189,803,987.60,280.78,102.67,128.96,1,4,-1,-1
190,922,787.72,10.42,103.64,45.49,1,7,-1,-1
190,918,278.86,514.70,232.82,128.66,1,4,-1,-1
190,911,465.43,624.00,32.56,72.07,1,1,-1,-1
190,896,1616.24,196.24,52.92,62.04,1,2,-1,-1
190,891,1468.57,364.00,254.62,144.23,1,6,-1,-1
190,869,48.89,573.91,66.32,82.27,1,1,-1,-1
190,843,610.32,458.72,38.68,85.14,1,1,-1,-1
190,812,1284.74,844.13,222.73,224.97,1,4,-1,-1
190,803,988.98,275.06,102.06,126.74,1,4,-1,-1
191,918,275.73,519.57,234.35,129.96,1,4,-1,-1
191,911,460.34,626.88,38.61,86.23,1,1,-1,-1
191,896,1617.66,202.38,52.54,61.61,1,2,-1,-1
191,890,464.32,602.54,43.35,78.79,1,1,-1,-1
191,869,39.18,584.87,64.40,80.62,1,1,-1,-1
191,843,609.46,467.28,38.02,83.62,1,1,-1,-1
191,812,1300.13,831.80,222.58,217.80,1,4,-1,-1
191,803,988.79,274.02,101.34,125.17,1,4,-1,-1
192,919,1173.71,521.55,330.81,158.32,1,6,-1,-1
192,911,462.49,624.65,45.01,92.79,1,1,-1,-1
192,896,1618.87,209.91,52.30,61.33,1,2,-1,-1
192,869,28.95,595.60,63.03,79.43,1,1,-1,-1
192,843,608.67,475.85,37.54,82.51,1,1,-1,-1
192,803,997.42,278.54,94.16,116.26,1,4,-1,-1
193,919,1172.71,529.50,332.25,159.18,1,6,-1,-1
193,911,452.88,638.08,42.30,86.84,1,1,-1,-1
193,896,1619.98,217.27,52.13,61.14,1,2,-1,-1
193,870,1740.21,355.14,49.89,72.70,1,1,-1,-1
193,869,18.93,606.64,61.73,78.26,1,1,-1,-1
193,843,615.01,469.69,41.23,90.73,1,1,-1,-1
194,957,369.11,693.48,43.32,78.44,1,1,-1,-1
194,919,1171.42,537.60,333.25,160.06,1,6,-1,-1
194,911,446.38,651.28,41.23,82.38,1,1,-1,-1
194,896,1621.04,225.20,52.02,61.02,1,2,-1,-1
195,957,363.13,705.95,43.43,78.97,1,1,-1,-1
195,919,1170.76,545.72,333.96,160.96,1,6,-1,-1
195,909,740.34,244.00,89.11,120.28,1,4,-1,-1
195,896,1622.08,232.65,51.95,60.93,1,2,-1,-1
195,812,1342.88,864.03,235.04,200.21,1,4,-1,-1
196,980,1101.83,12.81,63.70,65.71,1,4,-1,-1
196,979,890.48,25.28,83.04,181.63,1,6,-1,-1
196,978,823.74,3.21,55.36,44.58,1,10,-1,-1
196,974,979.52,-0.94,89.66,93.17,1,6,-1,-1
196,957,357.09,718.85,43.47,79.27,1,1,-1,-1
196,919,1169.95,553.66,334.69,161.59,1,6,-1,-1
196,896,1623.10,240.57,51.90,60.88,1,2,-1,-1
196,803,978.54,275.70,105.04,132.14,1,4,-1,-1
197,990,1113.96,55.04,33.00,51.00,1,10,-1,-1
197,989,805.11,19.80,28.62,53.35,1,1,-1,-1
197,974,978.21,-0.33,90.31,97.62,1,6,-1,-1
197,968,401.10,652.55,48.00,76.00,1,1,-1,-1
197,957,351.05,731.88,43.47,79.43,1,1,-1,-1
197,919,1153.18,550.70,378.44,183.09,1,6,-1,-1
197,896,1622.14,246.67,51.87,60.84,1,2,-1,-1
197,843,599.23,515.58,37.99,83.44,1,1,-1,-1
197,803,979.41,277.71,101.87,129.17,1,4,-1,-1
198,992,432.13,687.25,41.69,65.57,1,1,-1,-1
198,990,1112.19,61.81,33.00,51.00,1,10,-1,-1
198,974,977.10,0.42,91.01,102.34,1,6,-1,-1
198,968,397.07,663.61,48.00,76.00,1,1,-1,-1
198,957,345.03,744.96,43.45,79.51,1,1,-1,-1
198,896,1621.09,252.74,51.85,60.82,1,2,-1,-1
199,992,437.31,689.22,41.67,67.47,1,1,-1,-1
199,990,1110.96,68.04,33.00,51.00,1,10,-1,-1
199,974,976.14,0.89,91.65,106.96,1,6,-1,-1
199,918,244.98,594.19,241.69,134.14,1,4,-1,-1
199,896,1620.02,258.78,51.84,60.81,1,2,-1,-1
199,812,1352.23,869.23,311.00,230.64,1,4,-1,-1
200,990,1110.74,90.48,30.61,47.52,1,10,-1,-1
200,978,810.31,19.38,55.65,47.79,1,10,-1,-1
200,974,975.73,1.48,91.98,111.79,1,6,-1,-1
200,918,238.40,602.31,243.72,134.27,1,4,-1,-1
200,896,1618.93,264.82,51.83,60.80,1,2,-1,-1
200,812,1369.25,873.15,301.62,216.29,1,4,-1,-1
201,1018,1098.22,179.40,72.48,97.35,1,4,-1,-1
201,870,1747.96,428.83,48.57,64.64,1,1,-1,-1
201,812,1385.22,878.39,294.68,205.20,1,4,-1,-1
201,803,977.44,283.12,97.58,128.02,1,4,-1,-1
202,1029,1455.41,425.54,343.81,147.25,1,6,-1,-1
202,812,1400.04,884.31,290.15,196.29,1,4,-1,-1
202,803,975.40,282.59,94.78,125.84,1,4,-1,-1
203,1037,1073.96,34.00,57.00,79.00,1,4,-1,-1
203,1035,760.00,109.00,75.00,111.00,1,4,-1,-1
203,1029,1454.14,428.88,345.96,146.65,1,6,-1,-1
204,1045,567.61,563.52,38.60,86.07,1,1,-1,-1
204,1036,774.25,54.30,29.00,53.00,1,1,-1,-1
204,1029,1453.74,432.39,346.17,145.74,1,6,-1,-1
204,978,800.44,32.66,54.90,48.16,1,10,-1,-1
204,918,195.78,635.09,248.34,133.05,1,4,-1,-1
205,1053,295.89,797.11,43.00,79.00,1,1,-1,-1
205,1049,1746.87,435.99,49.60,65.62,1,1,-1,-1
205,1036,769.01,56.23,29.00,53.00,1,1,-1,-1
205,1029,1453.76,435.18,345.64,144.82,1,6,-1,-1
205,978,799.42,33.72,54.71,48.13,1,10,-1,-1
205,918,200.34,638.13,250.82,134.36,1,4,-1,-1
206,1061,738.78,61.47,23.44,49.16,1,1,-1,-1
206,1060,356.96,773.68,44.87,66.48,1,1,-1,-1
206,1053,288.88,803.90,43.00,79.00,1,1,-1,-1
206,1049,1746.95,437.38,49.60,65.46,1,1,-1,-1
206,1036,763.21,58.18,29.00,53.00,1,1,-1,-1
206,1034,692.99,308.64,93.22,129.37,1,4,-1,-1
206,1029,1453.98,438.39,344.81,143.99,1,6,-1,-1
206,973,1129.97,451.13,281.27,136.80,1,6,-1,-1
206,812,1458.89,902.05,283.91,174.27,1,4,-1,-1
207,1056,969.38,273.63,80.44,115.11,1,4,-1,-1
207,1053,281.89,810.13,43.00,79.00,1,1,-1,-1
207,1049,1747.02,438.66,49.58,65.63,1,1,-1,-1
207,1036,757.95,60.14,29.00,53.00,1,1,-1,-1
207,1034,702.69,306.51,90.45,125.54,1,4,-1,-1
207,1029,1454.30,441.70,343.88,143.25,1,6,-1,-1
207,1028,1147.02,617.00,366.93,178.95,1,6,-1,-1
207,973,1129.64,453.87,279.63,138.14,1,6,-1,-1
207,968,331.20,716.25,60.00,94.88,1,1,-1,-1
207,812,1475.57,905.20,282.59,170.05,1,4,-1,-1
208,1075,856.19,93.43,90.36,187.93,1,6,-1,-1
208,1056,968.93,271.65,79.70,114.54,1,4,-1,-1
208,1053,274.91,816.89,43.00,79.00,1,1,-1,-1
208,1049,1747.10,440.41,49.49,65.64,1,1,-1,-1
208,1034,705.33,307.53,88.69,123.11,1,4,-1,-1
208,1029,1482.50,455.13,322.52,133.91,1,6,-1,-1
208,1028,1161.53,621.58,362.06,175.93,1,6,-1,-1
208,973,1130.27,456.94,278.97,138.82,1,6,-1,-1
208,812,1492.21,907.98,281.57,166.49,1,4,-1,-1
209,1083,741.39,74.76,127.03,50.88,1,7,-1,-1
209,1082,743.98,120.07,74.87,110.00,1,4,-1,-1
209,1079,1625.80,295.68,50.70,59.31,1,2,-1,-1
209,1077,334.07,741.40,50.43,78.75,1,1,-1,-1
209,1075,854.45,98.16,91.25,188.78,1,6,-1,-1
209,1056,968.34,268.87,79.47,114.54,1,4,-1,-1
209,1053,268.62,823.83,43.00,79.00,1,1,-1,-1
209,1049,1747.88,442.34,49.37,65.58,1,1,-1,-1
209,1034,705.28,308.84,87.53,121.50,1,4,-1,-1
209,1029,1469.29,452.78,328.07,136.10,1,6,-1,-1
209,1028,1158.23,627.90,357.37,173.19,1,6,-1,-1
209,918,185.37,648.36,255.60,140.93,1,4,-1,-1
209,812,1508.76,910.53,280.78,163.37,1,4,-1,-1
210,1093,372.73,757.05,49.30,78.67,1,1,-1,-1
210,1089,1083.29,192.91,65.37,93.57,1,4,-1,-1
210,1088,1057.68,37.65,57.44,81.32,1,10,-1,-1
210,1082,742.99,121.06,74.89,109.98,1,4,-1,-1
210,1079,1619.34,296.71,52.27,61.19,1,2,-1,-1
210,1077,329.95,747.24,50.43,79.07,1,1,-1,-1
210,1075,853.07,103.44,91.84,189.91,1,6,-1,-1
210,1062,1097.52,91.57,33.80,52.55,1,10,-1,-1
210,1060,325.17,798.40,44.87,66.02,1,1,-1,-1
210,1053,269.05,835.53,41.69,76.46,1,1,-1,-1
210,1034,704.15,310.85,86.75,120.42,1,4,-1,-1
210,1028,1157.34,632.45,354.87,171.38,1,6,-1,-1
210,918,182.49,652.88,255.48,142.51,1,4,-1,-1
210,812,1525.24,912.93,280.16,160.55,1,4,-1,-1
211,1093,365.76,760.98,51.06,79.95,1,1,-1,-1
211,1092,746.06,88.31,115.00,46.08,1,7,-1,-1
211,1082,741.99,122.80,74.91,109.96,1,4,-1,-1
211,1079,1617.08,298.29,53.00,62.08,1,2,-1,-1
211,1077,325.97,753.28,50.28,79.06,1,1,-1,-1
211,1075,851.45,108.56,93.04,191.73,1,6,-1,-1
211,1060,317.15,804.37,44.88,65.98,1,1,-1,-1
211,1045,548.98,591.52,37.16,84.06,1,1,-1,-1
211,1036,741.91,60.33,28.42,52.08,1,1,-1,-1
211,1034,702.58,313.04,86.21,119.68,1,4,-1,-1
211,918,180.91,656.26,255.38,143.92,1,4,-1,-1
211,812,1541.64,915.69,279.67,157.64,1,4,-1,-1
212,1092,744.54,89.31,115.09,46.15,1,7,-1,-1
212,1082,741.71,124.04,74.92,109.96,1,4,-1,-1
212,1077,321.30,758.85,50.14,79.27,1,1,-1,-1
212,1060,317.06,823.45,46.68,68.87,1,1,-1,-1
212,1045,547.31,594.48,37.12,84.05,1,1,-1,-1
212,1036,734.77,64.55,29.41,53.95,1,1,-1,-1
212,973,1132.79,470.62,282.10,139.53,1,6,-1,-1
213,1104,723.05,80.60,18.82,39.80,1,1,-1,-1
213,1092,743.61,91.08,114.95,46.12,1,7,-1,-1
213,1082,740.96,125.11,74.93,109.95,1,4,-1,-1
213,1077,316.96,764.79,49.61,79.19,1,1,-1,-1
213,1049,1754.11,452.39,48.98,65.22,1,1,-1,-1
213,1045,545.47,597.43,37.09,84.05,1,1,-1,-1
213,1029,1459.34,460.95,335.35,138.91,1,6,-1,-1
214,1119,944.24,-0.32,84.51,110.64,1,6,-1,-1
214,1092,742.13,92.38,114.73,46.05,1,7,-1,-1
214,1088,1051.94,43.43,57.66,80.46,1,10,-1,-1
214,1077,312.41,770.26,49.58,79.53,1,1,-1,-1
214,1053,238.24,857.57,48.26,88.57,1,1,-1,-1
214,1049,1755.97,455.21,48.87,65.10,1,1,-1,-1
214,1029,1458.92,463.83,335.82,139.07,1,6,-1,-1
214,1028,1146.31,642.42,369.83,177.47,1,6,-1,-1
215,1133,255.29,840.29,71.62,108.28,1,1,-1,-1
215,1119,943.31,-0.39,84.39,109.79,1,6,-1,-1
215,1088,1051.90,44.66,57.64,80.28,1,10,-1,-1
215,1075,841.49,127.69,98.41,203.56,1,6,-1,-1
215,1053,235.66,865.79,46.71,85.76,1,1,-1,-1
215,1049,1757.98,458.19,48.80,65.02,1,1,-1,-1
215,1034,695.42,319.83,87.13,120.11,1,4,-1,-1
215,1029,1458.71,466.78,336.07,139.16,1,6,-1,-1
215,1028,1149.05,646.74,365.85,175.45,1,6,-1,-1
215,918,170.71,665.36,266.83,157.21,1,4,-1,-1
216,1130,961.40,246.78,85.66,124.53,1,4,-1,-1
216,1088,1061.97,50.36,52.47,73.12,1,10,-1,-1
216,1075,850.35,169.99,86.29,178.82,1,6,-1,-1
216,1028,1150.42,650.50,363.68,174.08,1,6,-1,-1
216,973,1133.07,483.95,287.69,138.80,1,6,-1,-1
217,1130,960.30,245.18,85.76,124.63,1,4,-1,-1
217,1082,737.73,130.13,74.96,109.96,1,4,-1,-1
217,1075,846.96,156.07,90.58,187.94,1,6,-1,-1
217,1045,538.79,611.28,35.66,79.57,1,1,-1,-1
217,973,1132.61,486.18,288.48,138.63,1,6,-1,-1
218,1129,724.11,73.70,29.00,53.00,1,1,-1,-1
218,1082,736.98,131.80,74.97,109.96,1,4,-1,-1
218,1075,843.96,152.90,93.73,194.62,1,6,-1,-1
218,812,1627.64,943.19,280.50,133.10,1,4,-1,-1
219,1119,939.54,-0.68,83.92,105.30,1,6,-1,-1
219,1082,736.06,133.04,74.97,109.96,1,4,-1,-1
219,1075,830.32,151.40,83.66,173.50,1,6,-1,-1
219,812,1643.52,949.19,271.69,126.61,1,4,-1,-1
220,1168,1619.89,316.15,52.00,61.00,1,2,-1,-1
220,1166,783.89,50.11,53.00,47.00,1,10,-1,-1
220,1164,285.30,803.59,46.26,81.49,1,1,-1,-1
220,1119,938.55,-0.66,83.89,104.24,1,6,-1,-1
220,1082,735.08,134.12,74.97,109.97,1,4,-1,-1
220,1075,837.16,160.20,89.63,186.01,1,6,-1,-1
220,812,1654.43,940.83,270.14,125.05,1,4,-1,-1
221,1177,149.09,685.81,266.61,160.28,1,4,-1,-1
221,1168,1620.88,317.94,52.00,61.00,1,2,-1,-1
221,1166,782.88,51.12,53.00,47.00,1,10,-1,-1
221,1164,278.51,808.16,46.67,81.97,1,1,-1,-1
221,1119,937.56,-0.64,83.87,103.21,1,6,-1,-1
221,1082,734.75,135.80,74.98,109.97,1,4,-1,-1
221,1075,838.29,165.22,93.64,194.92,1,6,-1,-1
221,1029,1458.68,483.88,335.86,139.02,1,6,-1,-1
221,973,1118.67,480.74,314.30,149.99,1,6,-1,-1
222,1187,219.48,930.61,65.23,83.92,1,1,-1,-1
222,1177,155.09,709.03,211.15,126.79,1,4,-1,-1
222,1166,794.22,49.46,62.37,55.26,1,10,-1,-1
222,1129,710.96,81.81,29.00,53.00,1,1,-1,-1
222,1082,733.33,137.04,74.98,109.97,1,4,-1,-1
222,1075,837.66,169.17,96.69,201.69,1,6,-1,-1
222,1053,192.06,898.54,43.71,81.49,1,1,-1,-1
223,1197,955.91,236.68,83.87,121.48,1,4,-1,-1
223,1167,1088.79,103.97,33.08,61.02,1,10,-1,-1
223,1129,707.94,83.84,29.00,53.00,1,1,-1,-1
223,1075,835.85,173.03,99.10,207.02,1,6,-1,-1
223,1053,186.33,901.93,43.18,80.12,1,1,-1,-1
223,1049,1763.77,477.75,48.49,64.65,1,1,-1,-1
224,1206,681.11,336.95,94.00,125.00,1,4,-1,-1
224,1197,950.30,224.99,96.64,139.52,1,4,-1,-1
224,1167,1088.04,104.97,33.07,61.04,1,10,-1,-1
224,1129,704.28,85.86,29.00,53.00,1,1,-1,-1
224,1075,834.14,177.11,100.79,211.29,1,6,-1,-1
224,1053,180.36,906.18,42.49,78.54,1,1,-1,-1
225,1206,680.91,339.19,94.00,125.00,1,4,-1,-1
225,1197,950.12,226.46,91.59,132.15,1,4,-1,-1
225,1168,1623.19,325.23,52.00,61.00,1,2,-1,-1
225,1167,1087.80,105.96,33.06,61.05,1,10,-1,-1
225,1164,251.87,826.55,48.55,82.83,1,1,-1,-1
225,1129,701.03,87.87,29.00,53.00,1,1,-1,-1
225,1075,832.30,181.35,102.56,214.98,1,6,-1,-1
225,1053,173.83,910.98,42.00,77.12,1,1,-1,-1
225,1029,1466.08,500.14,317.83,131.58,1,6,-1,-1
225,973,1125.67,502.40,298.37,142.09,1,6,-1,-1
226,1211,213.92,889.76,67.99,85.59,1,1,-1,-1
226,1206,672.15,350.81,90.71,120.62,1,4,-1,-1
226,1205,280.39,851.48,65.62,85.07,1,1,-1,-1
226,1197,950.01,226.57,88.62,127.81,1,4,-1,-1
226,1168,1623.26,326.32,52.00,61.00,1,2,-1,-1
226,1167,1087.06,106.96,33.05,61.05,1,10,-1,-1
226,1129,697.95,89.89,29.00,53.00,1,1,-1,-1
226,1082,724.14,146.03,81.29,118.17,1,4,-1,-1
226,1075,826.76,185.43,97.26,204.49,1,6,-1,-1
226,1053,167.55,915.78,41.34,75.50,1,1,-1,-1
226,973,1126.86,506.12,295.97,140.90,1,6,-1,-1
227,1229,1145.22,686.27,370.77,173.82,1,6,-1,-1
227,1205,277.27,855.65,76.91,99.32,1,1,-1,-1
227,1197,949.70,225.88,86.81,125.15,1,4,-1,-1
227,1168,1623.26,327.32,52.00,61.00,1,2,-1,-1
227,1167,1086.14,107.97,33.05,61.05,1,10,-1,-1
227,1129,694.92,91.90,29.00,53.00,1,1,-1,-1
227,1075,829.02,192.53,100.36,211.30,1,6,-1,-1
228,1240,187.28,974.24,68.70,89.30,1,1,-1,-1
228,1229,1144.72,689.22,371.59,174.53,1,6,-1,-1
228,1219,1067.14,211.80,78.86,107.36,1,4,-1,-1
228,1205,271.63,862.23,71.59,92.20,1,1,-1,-1
228,1197,949.19,224.02,85.67,123.49,1,4,-1,-1
228,1168,1623.27,328.79,51.95,60.67,1,2,-1,-1
228,1166,774.81,57.83,54.09,47.96,1,10,-1,-1
228,1129,692.57,92.60,29.00,53.00,1,1,-1,-1
229,1229,1084.77,679.62,466.27,219.13,1,6,-1,-1
229,1228,933.27,-0.44,84.21,94.88,1,6,-1,-1
229,1205,267.19,869.53,68.04,87.45,1,1,-1,-1
229,1197,948.52,222.31,84.95,122.42,1,4,-1,-1
229,1196,727.70,106.17,117.28,54.69,1,7,-1,-1
229,1168,1623.25,330.00,51.93,60.44,1,2,-1,-1
229,1166,773.02,58.84,53.66,47.58,1,10,-1,-1
229,1129,690.48,92.80,29.00,53.00,1,1,-1,-1
230,1229,1109.44,684.36,433.64,204.17,1,6,-1,-1
230,1211,198.90,921.39,64.85,81.68,1,1,-1,-1
230,1205,261.62,882.25,72.32,92.96,1,1,-1,-1
230,1196,727.14,107.32,117.57,55.61,1,7,-1,-1
230,1166,771.14,59.89,53.39,47.34,1,10,-1,-1
230,1129,689.14,93.47,29.00,53.00,1,1,-1,-1
231,1236,504.90,653.11,44.54,84.73,1,1,-1,-1
231,1229,1123.10,690.02,413.10,194.62,1,6,-1,-1
231,1211,185.90,921.34,63.14,79.51,1,1,-1,-1
231,1205,255.60,885.00,68.80,88.31,1,1,-1,-1
231,1196,725.06,109.39,128.15,61.29,1,7,-1,-1
231,1167,1089.86,100.23,36.71,67.93,1,10,-1,-1
231,1129,687.42,93.67,29.00,53.00,1,1,-1,-1
231,1049,1764.66,486.64,47.17,74.34,1,1,-1,-1
232,1236,503.75,654.56,44.83,85.09,1,1,-1,-1
232,1205,228.90,879.99,74.01,94.76,1,1,-1,-1
232,1129,686.21,94.36,29.00,53.00,1,1,-1,-1
232,1082,720.40,148.41,77.14,110.96,1,4,-1,-1
233,1263,824.91,231.74,97.23,212.41,1,6,-1,-1
233,1262,229.02,871.57,53.36,88.23,1,1,-1,-1
233,1237,1052.63,52.56,56.82,68.72,1,4,-1,-1
233,1236,502.03,656.81,44.95,84.93,1,1,-1,-1
233,1228,930.75,-0.59,83.89,91.19,1,6,-1,-1
233,1205,236.01,892.54,70.20,89.84,1,1,-1,-1
233,1082,719.57,149.48,76.81,110.40,1,4,-1,-1
233,973,1129.58,520.73,290.67,138.29,1,6,-1,-1
234,1266,725.72,109.27,113.47,55.61,1,7,-1,-1
234,1262,222.07,867.02,51.38,84.96,1,1,-1,-1
234,1237,1039.86,30.05,68.09,82.32,1,4,-1,-1
234,1228,930.43,-0.60,83.87,90.20,1,6,-1,-1
234,1082,718.69,150.59,76.59,110.01,1,4,-1,-1
234,973,1129.77,520.79,290.32,138.11,1,6,-1,-1
235,1266,724.88,110.29,113.50,55.66,1,7,-1,-1
235,1262,220.05,865.69,50.34,83.22,1,1,-1,-1
235,1237,1038.13,51.01,67.59,81.49,1,4,-1,-1
235,1228,929.68,-0.61,83.84,89.22,1,6,-1,-1
235,1167,1077.01,112.32,37.03,67.74,1,10,-1,-1
235,1082,717.77,151.04,76.42,109.73,1,4,-1,-1
235,1029,1469.18,524.68,324.15,134.14,1,6,-1,-1
235,973,1129.90,520.76,290.06,137.99,1,6,-1,-1
236,1266,724.75,110.64,113.42,55.64,1,7,-1,-1
236,1262,219.53,865.33,49.75,82.24,1,1,-1,-1
236,1237,1037.57,59.70,67.25,80.91,1,4,-1,-1
236,1228,929.43,-0.62,83.81,88.23,1,6,-1,-1
236,1167,1079.20,112.53,35.90,65.85,1,10,-1,-1
236,1166,763.07,65.12,54.06,47.76,1,10,-1,-1
236,1129,676.99,88.86,28.67,52.36,1,1,-1,-1
236,1082,716.83,151.87,76.31,109.53,1,4,-1,-1
236,1029,1476.18,533.23,302.86,125.19,1,6,-1,-1
236,973,1130.00,520.70,289.87,137.90,1,6,-1,-1
237,1288,91.99,977.35,67.68,65.40,1,1,-1,-1
237,1282,667.93,357.83,96.90,129.42,1,4,-1,-1
237,1266,736.69,122.11,112.94,55.56,1,7,-1,-1
237,1262,219.47,865.26,49.40,81.66,1,1,-1,-1
237,1228,928.70,-0.62,83.79,87.25,1,6,-1,-1
237,1167,1080.24,113.55,35.09,64.51,1,10,-1,-1
237,1029,1475.02,532.67,311.55,128.57,1,6,-1,-1
238,1298,1065.11,222.00,82.00,109.00,1,4,-1,-1
238,1297,85.08,780.39,242.76,140.63,1,4,-1,-1
238,1289,940.12,205.72,83.90,120.52,1,4,-1,-1
238,1288,88.65,985.14,68.00,64.30,1,1,-1,-1
238,1282,665.79,359.11,97.72,130.14,1,4,-1,-1
238,1228,928.46,-0.63,83.76,86.26,1,6,-1,-1
238,1167,1070.41,116.66,38.91,70.93,1,10,-1,-1
239,1298,1065.12,223.00,82.00,109.00,1,4,-1,-1
239,1289,939.94,204.75,83.86,120.27,1,4,-1,-1
239,1288,84.30,991.64,68.04,62.81,1,1,-1,-1
239,1282,663.75,360.20,98.50,130.83,1,4,-1,-1
239,1167,1075.75,114.76,37.34,68.33,1,10,-1,-1
240,1298,1065.11,224.00,82.00,109.00,1,4,-1,-1
240,1288,78.96,997.62,67.84,60.70,1,1,-1,-1
240,1282,661.78,361.80,99.21,131.16,1,4,-1,-1
240,1167,1073.81,104.55,37.56,60.07,1,10,-1,-1
241,1298,1065.09,225.00,82.00,109.00,1,4,-1,-1
241,1282,660.32,363.31,99.69,131.91,1,4,-1,-1
241,1266,721.98,114.88,112.80,55.43,1,7,-1,-1
241,1262,211.67,884.89,53.00,88.63,1,1,-1,-1
242,1310,104.38,966.36,68.98,87.00,1,1,-1,-1
242,1298,1065.77,226.70,82.00,109.00,1,4,-1,-1
242,1282,658.61,365.02,100.24,132.37,1,4,-1,-1
242,1266,721.43,115.00,112.73,55.38,1,7,-1,-1
242,1228,916.28,1.98,89.02,87.57,1,6,-1,-1
243,1310,95.50,974.80,65.39,80.59,1,1,-1,-1
243,1282,656.78,366.34,100.92,132.97,1,4,-1,-1
243,1228,929.47,-9.57,86.31,84.09,1,6,-1,-1
244,1340,1631.02,342.02,65.28,73.80,1,2,-1,-1
244,1325,1106.03,506.18,355.15,167.21,1,6,-1,-1
244,1310,86.74,982.68,64.11,75.64,1,1,-1,-1
244,1228,925.81,-4.33,85.60,82.60,1,6,-1,-1
245,1340,1637.42,351.14,60.39,67.91,1,2,-1,-1
245,1314,1142.03,740.26,387.67,187.71,1,6,-1,-1
245,1228,924.55,-2.07,85.10,81.55,1,6,-1,-1
246,1358,121.35,926.65,55.19,91.35,1,1,-1,-1
246,1340,1640.90,356.08,58.11,64.78,1,2,-1,-1
246,1314,1142.91,745.04,388.56,187.74,1,6,-1,-1
246,1289,937.47,197.79,84.06,118.23,1,4,-1,-1
246,1228,923.52,-1.20,84.73,80.52,1,6,-1,-1
247,1358,120.65,907.08,64.10,101.10,1,1,-1,-1
247,1340,1642.45,359.40,57.18,63.04,1,2,-1,-1
247,1314,1143.46,749.35,389.73,187.75,1,6,-1,-1
247,1289,952.98,205.55,78.04,109.35,1,4,-1,-1
247,1228,923.20,-0.69,84.47,79.79,1,6,-1,-1
248,1363,1785.30,518.39,49.51,82.11,1,1,-1,-1
248,1362,1079.85,125.15,34.00,61.00,1,10,-1,-1
248,1358,108.67,929.66,63.46,94.74,1,1,-1,-1
248,1340,1643.75,362.79,56.65,61.95,1,2,-1,-1
248,1323,474.80,720.42,49.47,92.69,1,1,-1,-1
248,1314,1143.85,754.15,391.07,187.73,1,6,-1,-1
248,1228,922.49,-0.37,84.30,79.28,1,6,-1,-1
249,1363,1787.03,520.75,49.84,82.37,1,1,-1,-1
249,1362,1080.06,126.94,34.00,61.00,1,10,-1,-1
249,1340,1645.07,365.38,56.68,61.34,1,2,-1,-1
249,1335,1478.00,559.94,331.00,136.00,1,6,-1,-1
249,1323,477.86,727.70,53.14,99.62,1,1,-1,-1
249,1314,1168.15,786.29,379.11,181.26,1,6,-1,-1
249,1263,786.75,311.38,132.36,288.99,1,6,-1,-1
249,1228,922.27,-0.33,84.17,78.63,1,6,-1,-1
250,1363,1788.35,522.74,50.42,82.67,1,1,-1,-1
250,1335,1479.00,562.95,331.00,136.00,1,6,-1,-1
250,1314,1156.12,774.82,384.33,183.10,1,6,-1,-1
250,1263,785.63,318.92,132.62,289.61,1,6,-1,-1
250,1228,920.03,7.83,78.00,72.58,1,6,-1,-1
251,1387,717.96,89.93,81.12,57.85,1,10,-1,-1
251,1314,1151.07,773.31,388.49,184.36,1,6,-1,-1
251,1263,784.24,326.05,133.42,291.28,1,6,-1,-1
251,1228,921.79,3.92,79.65,73.83,1,6,-1,-1
252,1387,718.48,102.99,94.11,59.11,1,10,-1,-1
252,1314,1148.83,775.01,391.95,185.21,1,6,-1,-1
252,1263,782.49,332.90,134.28,293.60,1,6,-1,-1
252,1228,933.51,0.08,82.39,75.76,1,6,-1,-1
253,1397,1119.11,575.00,313.00,142.00,1,6,-1,-1
253,1314,1147.77,778.67,394.94,185.79,1,6,-1,-1
253,1263,780.78,339.32,135.46,296.13,1,6,-1,-1
253,1228,925.54,0.26,82.81,75.83,1,6,-1,-1
254,1402,31.43,798.41,310.96,182.21,1,4,-1,-1
254,1397,1119.91,579.00,313.00,142.00,1,6,-1,-1
254,1375,700.74,175.24,75.52,117.53,1,4,-1,-1
254,1314,1147.71,782.46,397.30,186.16,1,6,-1,-1
254,1263,778.32,354.54,135.66,297.20,1,6,-1,-1
255,1375,699.70,176.69,75.59,118.57,1,4,-1,-1
256,1416,928.17,184.90,86.12,116.17,1,4,-1,-1
256,1375,686.66,162.33,76.45,120.52,1,4,-1,-1
257,1376,729.05,139.19,105.15,51.74,1,7,-1,-1
257,1375,693.05,173.42,76.20,120.88,1,4,-1,-1
257,1228,915.26,-4.47,91.76,82.73,1,6,-1,-1
258,1426,750.96,84.95,61.00,57.00,1,10,-1,-1
258,1412,1081.59,143.43,33.55,60.11,1,10,-1,-1
258,1376,718.56,142.10,107.37,52.81,1,7,-1,-1
258,1375,694.87,178.99,76.04,121.44,1,4,-1,-1
258,1340,1654.84,393.47,62.12,60.61,1,2,-1,-1
258,1314,1148.12,800.71,405.31,186.77,1,6,-1,-1
259,1426,751.97,86.97,61.00,57.00,1,10,-1,-1
259,1412,1082.05,145.16,33.76,60.52,1,10,-1,-1
259,1376,713.64,144.32,108.81,53.49,1,7,-1,-1
259,1375,695.13,182.39,76.26,122.23,1,4,-1,-1
259,1340,1656.33,397.25,62.80,60.59,1,2,-1,-1
259,1314,1149.27,807.87,406.58,187.05,1,6,-1,-1
260,1439,1807.30,562.52,57.36,82.65,1,1,-1,-1
260,1438,1043.00,258.89,74.41,104.93,1,4,-1,-1
260,1437,13.18,835.89,309.53,180.11,1,4,-1,-1
260,1426,735.79,63.51,79.09,73.90,1,10,-1,-1
260,1416,926.88,187.22,83.62,113.33,1,4,-1,-1
260,1411,653.66,145.55,30.49,57.53,1,1,-1,-1
260,1376,711.60,146.30,109.78,53.95,1,7,-1,-1
260,1375,700.07,187.10,70.06,112.84,1,4,-1,-1
261,1439,1812.36,568.28,57.71,82.68,1,1,-1,-1
261,1438,1045.41,264.25,91.56,129.16,1,4,-1,-1
261,1437,9.23,841.92,311.41,181.04,1,4,-1,-1
261,1434,696.72,134.86,98.94,62.39,1,10,-1,-1
261,1431,638.33,412.68,107.01,136.96,1,4,-1,-1
261,1411,653.65,149.23,30.54,58.29,1,1,-1,-1
261,1375,697.62,189.64,72.43,116.90,1,4,-1,-1
261,1228,914.98,-1.13,86.69,77.05,1,6,-1,-1
262,1439,1818.18,574.30,57.90,82.64,1,1,-1,-1
262,1438,1056.87,266.91,87.90,124.09,1,4,-1,-1
262,1437,7.47,848.16,311.18,180.10,1,4,-1,-1
262,1431,628.15,422.11,108.98,139.75,1,4,-1,-1
262,1375,696.36,192.06,74.06,119.97,1,4,-1,-1
262,1228,917.96,-1.07,85.10,75.67,1,6,-1,-1
263,1439,1824.21,580.38,58.01,82.57,1,1,-1,-1
263,1438,1061.93,271.05,85.74,121.12,1,4,-1,-1
263,1437,6.43,855.35,310.14,178.25,1,4,-1,-1
263,1375,695.64,193.91,75.19,122.39,1,4,-1,-1
263,1335,1532.66,621.94,331.15,138.44,1,6,-1,-1
264,1438,1063.74,267.48,92.48,130.41,1,4,-1,-1
264,1437,5.35,865.88,370.75,211.19,1,4,-1,-1
264,1376,710.91,151.26,106.81,52.28,1,7,-1,-1
264,1375,685.54,192.83,73.62,120.14,1,4,-1,-1
264,1335,1524.70,625.23,346.14,144.77,1,6,-1,-1
265,1437,-33.48,859.06,401.54,226.39,1,4,-1,-1
265,1376,709.56,155.38,109.30,53.15,1,7,-1,-1
265,1375,691.37,197.61,75.48,123.19,1,4,-1,-1
265,1340,1682.38,432.77,69.19,65.33,1,2,-1,-1
265,1335,1522.05,631.96,356.08,148.97,1,6,-1,-1
266,1431,631.57,438.47,100.67,130.69,1,4,-1,-1
266,1397,1079.20,602.40,407.52,186.88,1,6,-1,-1
266,1376,708.90,158.53,111.25,53.45,1,7,-1,-1
266,1375,694.88,191.66,72.36,118.07,1,4,-1,-1
266,1340,1686.69,438.65,67.83,63.92,1,2,-1,-1
266,1335,1520.72,636.96,362.89,151.85,1,6,-1,-1
267,1472,1166.36,878.19,407.97,190.36,1,6,-1,-1
267,1470,437.87,812.63,49.52,93.59,1,1,-1,-1
267,1466,1039.87,12.00,28.00,46.00,1,1,-1,-1
267,1451,757.18,100.98,62.38,58.31,1,10,-1,-1
267,1439,1843.06,607.20,56.18,81.82,1,1,-1,-1
267,1431,636.88,450.63,90.95,119.06,1,4,-1,-1
267,1397,1102.68,626.28,390.14,179.11,1,6,-1,-1
267,1375,694.70,200.34,74.89,122.33,1,4,-1,-1
268,1478,1086.96,167.00,34.00,61.00,1,10,-1,-1
268,1472,1170.25,885.53,404.61,186.06,1,6,-1,-1
268,1471,652.99,174.16,32.84,66.56,1,1,-1,-1
268,1466,1041.85,14.00,28.00,46.00,1,1,-1,-1
268,1457,1043.05,109.78,66.00,79.00,1,4,-1,-1
268,1451,758.21,103.07,62.32,58.26,1,10,-1,-1
268,1397,1115.27,640.40,378.07,173.57,1,6,-1,-1
269,1478,1087.19,170.00,34.00,61.00,1,10,-1,-1
269,1476,2.67,901.27,300.66,158.73,1,4,-1,-1
269,1472,1175.04,893.77,400.61,179.39,1,6,-1,-1
269,1466,1043.13,16.00,28.00,46.00,1,1,-1,-1
269,1451,758.58,105.14,62.26,58.19,1,10,-1,-1
269,1397,1113.60,639.25,388.23,178.21,1,6,-1,-1
270,1476,2.00,908.90,299.00,156.03,1,4,-1,-1
270,1472,1179.20,902.62,396.79,171.38,1,6,-1,-1
270,1466,1052.80,18.95,28.50,46.92,1,1,-1,-1
270,1451,758.71,107.88,62.19,58.13,1,10,-1,-1
270,1335,1538.94,663.18,354.26,148.27,1,6,-1,-1
271,1493,1038.89,35.04,87.00,57.00,1,7,-1,-1
271,1476,1.86,916.75,297.01,153.23,1,4,-1,-1
271,1472,1183.69,911.89,393.32,162.56,1,6,-1,-1
271,1466,1049.01,20.22,28.33,46.62,1,1,-1,-1
271,1451,758.75,110.86,62.12,58.05,1,10,-1,-1
271,1335,1536.11,665.03,361.42,151.28,1,6,-1,-1
272,1498,960.74,209.49,71.95,90.55,1,4,-1,-1
272,1493,1040.09,37.03,87.00,57.00,1,7,-1,-1
272,1472,1187.51,921.46,390.19,153.21,1,6,-1,-1
272,1471,652.28,190.01,30.00,60.68,1,1,-1,-1
272,1457,1048.81,118.77,66.00,79.00,1,4,-1,-1
272,1451,758.77,113.93,62.05,57.98,1,10,-1,-1
272,1335,1534.29,671.62,366.08,153.35,1,6,-1,-1
272,1263,693.33,543.53,216.69,371.55,1,6,-1,-1
273,1472,1191.70,931.22,387.30,143.52,1,6,-1,-1
273,1457,1050.73,122.35,66.00,79.00,1,4,-1,-1
273,1451,758.77,117.01,61.98,57.92,1,10,-1,-1
273,1375,693.16,220.17,75.69,124.84,1,4,-1,-1
273,1263,686.06,557.20,224.00,376.19,1,6,-1,-1
274,1509,938.43,0.99,73.06,79.56,1,6,-1,-1
274,1500,1723.52,487.75,62.20,58.48,1,2,-1,-1
274,1499,1145.45,691.77,347.00,157.42,1,6,-1,-1
274,1472,1195.34,941.12,384.55,133.58,1,6,-1,-1
274,1457,1052.72,126.25,66.00,79.00,1,4,-1,-1
274,1375,692.50,223.34,78.76,128.80,1,4,-1,-1
275,1513,940.49,210.80,78.28,98.44,1,4,-1,-1
275,1500,1728.99,496.26,62.92,59.11,1,2,-1,-1
275,1472,1208.59,946.02,384.26,124.31,1,6,-1,-1
275,1457,1054.91,130.24,66.31,79.05,1,4,-1,-1
275,1438,1079.00,319.34,84.92,119.79,1,4,-1,-1
275,1375,710.89,226.26,76.63,124.06,1,4,-1,-1
276,1521,617.45,502.26,110.55,155.90,1,4,-1,-1
276,1513,940.69,211.94,77.92,98.02,1,4,-1,-1
276,1500,1735.60,503.16,61.01,57.19,1,2,-1,-1
276,1493,1044.09,48.77,87.00,57.00,1,7,-1,-1
276,1457,1055.30,133.75,67.18,79.48,1,4,-1,-1
277,1528,415.42,912.56,50.57,85.20,1,1,-1,-1
277,1512,657.20,33.02,31.94,55.97,1,1,-1,-1
277,1493,1045.08,51.80,87.00,57.00,1,7,-1,-1
277,1457,1055.42,137.70,68.13,80.12,1,4,-1,-1
277,1451,758.78,129.29,61.78,57.73,1,10,-1,-1
278,1528,401.21,931.79,53.72,88.92,1,1,-1,-1
278,1512,656.96,36.03,31.94,55.97,1,1,-1,-1
278,1499,1149.91,728.89,359.64,168.29,1,6,-1,-1
278,1493,1046.07,54.82,87.00,57.00,1,7,-1,-1
278,1457,1054.92,141.28,69.47,81.24,1,4,-1,-1
278,1451,757.47,132.54,61.74,57.97,1,10,-1,-1
278,1335,1538.00,730.94,368.20,157.33,1,6,-1,-1
279,1528,403.04,933.04,52.94,85.76,1,1,-1,-1
279,1512,655.87,38.49,31.23,55.67,1,1,-1,-1
279,1493,1047.06,57.85,87.00,57.00,1,7,-1,-1
279,1457,1066.12,145.48,70.07,81.67,1,4,-1,-1
279,1451,756.31,136.44,61.73,58.43,1,10,-1,-1
279,1335,1539.58,741.24,366.90,157.55,1,6,-1,-1
280,1542,933.71,179.58,118.63,149.33,1,4,-1,-1
280,1528,392.26,936.74,46.65,73.37,1,1,-1,-1
280,1513,937.16,204.10,79.90,100.55,1,4,-1,-1
280,1512,654.77,41.20,30.38,55.06,1,1,-1,-1
280,1493,1045.36,58.78,82.42,53.85,1,7,-1,-1
280,1457,1058.41,148.85,71.80,83.31,1,4,-1,-1
280,1451,745.01,131.84,59.86,57.49,1,10,-1,-1
280,1335,1541.27,751.40,365.41,157.69,1,6,-1,-1
281,1528,396.29,950.35,48.12,73.56,1,1,-1,-1
281,1516,1104.77,212.82,30.84,59.01,1,10,-1,-1
281,1513,938.43,211.19,80.42,101.22,1,4,-1,-1
281,1512,653.49,43.80,29.18,54.77,1,1,-1,-1
281,1493,1048.77,63.61,83.79,54.79,1,7,-1,-1
281,1457,1059.23,146.65,72.04,83.45,1,4,-1,-1
281,1451,745.69,134.74,68.24,66.68,1,10,-1,-1
281,1335,1560.30,762.82,348.84,151.24,1,6,-1,-1
282,1555,645.40,1.28,26.41,46.45,1,1,-1,-1
282,1528,395.73,961.46,49.01,72.86,1,1,-1,-1
282,1516,1101.86,216.21,32.15,62.26,1,10,-1,-1
282,1493,1050.47,67.16,84.74,55.44,1,7,-1,-1
282,1457,1055.22,153.87,74.13,85.52,1,4,-1,-1
282,1451,748.12,142.98,66.49,66.20,1,10,-1,-1
283,1561,935.66,0.33,77.56,90.35,1,6,-1,-1
283,1560,643.11,226.89,33.00,67.00,1,1,-1,-1
283,1558,1075.23,353.02,101.34,142.95,1,4,-1,-1
283,1555,643.99,1.83,25.82,48.12,1,1,-1,-1
283,1528,392.89,972.25,49.52,71.28,1,1,-1,-1
283,1457,1067.49,170.28,67.54,77.72,1,4,-1,-1
283,1451,748.70,148.91,65.23,66.11,1,10,-1,-1
283,1263,579.43,702.64,317.52,386.24,1,6,-1,-1
284,1569,606.92,527.87,125.77,179.62,1,4,-1,-1
284,1565,1182.76,803.23,333.19,165.97,1,6,-1,-1
284,1564,698.89,221.85,125.00,52.00,1,7,-1,-1
284,1561,934.94,0.31,78.15,91.38,1,6,-1,-1
284,1560,641.91,230.09,33.00,67.00,1,1,-1,-1
284,1555,643.20,4.45,25.81,49.56,1,1,-1,-1
284,1544,1056.14,57.27,28.00,46.00,1,1,-1,-1
284,1528,389.91,983.02,49.80,69.18,1,1,-1,-1
284,1451,747.84,153.42,64.33,66.59,1,10,-1,-1
284,1263,580.58,739.28,314.36,363.50,1,6,-1,-1
285,1565,1169.00,800.98,355.43,177.67,1,6,-1,-1
285,1564,697.31,226.06,125.00,52.00,1,7,-1,-1
285,1561,934.65,0.35,78.51,92.30,1,6,-1,-1
285,1555,642.32,6.64,25.78,50.84,1,1,-1,-1
285,1528,377.13,992.10,54.13,72.23,1,1,-1,-1
285,1451,747.02,157.74,63.68,67.22,1,10,-1,-1
285,1263,574.31,748.96,317.72,348.00,1,6,-1,-1
286,1577,696.32,274.61,87.16,123.03,1,4,-1,-1
286,1561,920.07,6.56,81.22,95.87,1,6,-1,-1
286,1555,641.40,9.40,25.75,52.02,1,1,-1,-1
286,1516,1099.60,221.91,30.47,60.59,1,10,-1,-1
286,1500,1775.72,590.82,63.01,59.11,1,2,-1,-1
286,1493,1051.55,78.52,85.78,57.72,1,7,-1,-1
287,1561,928.06,2.36,80.49,95.83,1,6,-1,-1
287,1516,1102.34,232.88,31.40,63.31,1,10,-1,-1
288,1561,930.63,0.89,80.40,96.24,1,6,-1,-1
288,1560,631.24,236.91,33.00,67.00,1,1,-1,-1
288,1544,1057.82,79.76,25.38,41.86,1,1,-1,-1
289,1595,647.85,73.00,25.00,55.00,1,1,-1,-1
289,1594,934.82,213.02,88.12,110.33,1,4,-1,-1
289,1590,1162.65,831.17,379.96,191.32,1,6,-1,-1
289,1561,931.61,0.44,80.34,96.84,1,6,-1,-1
289,1544,1057.17,75.34,26.22,43.20,1,1,-1,-1
290,1600,1554.09,845.87,393.65,185.61,1,6,-1,-1
290,1597,1068.86,365.95,132.33,178.74,1,4,-1,-1
290,1595,645.50,77.00,25.00,55.00,1,1,-1,-1
290,1594,934.13,212.39,89.81,112.32,1,4,-1,-1
290,1561,931.50,0.31,80.64,97.62,1,6,-1,-1
291,1600,1564.19,861.02,360.60,169.59,1,6,-1,-1
291,1597,1071.83,387.55,114.94,154.42,1,4,-1,-1
291,1595,642.60,81.74,25.00,55.00,1,1,-1,-1
291,1564,690.17,254.44,120.96,51.14,1,7,-1,-1
291,1561,931.43,0.30,80.84,98.45,1,6,-1,-1
292,1610,1050.67,94.53,85.62,63.21,1,7,-1,-1
292,1600,1532.39,851.23,430.04,201.38,1,6,-1,-1
292,1595,640.26,85.98,25.00,55.00,1,1,-1,-1
292,1577,665.32,303.01,100.42,145.63,1,4,-1,-1
292,1564,688.19,257.00,123.07,52.50,1,7,-1,-1
292,1500,1799.55,650.38,58.22,52.21,1,2,-1,-1
293,1617,842.01,10.30,27.19,54.51,1,1,-1,-1
293,1616,585.18,593.79,123.48,192.22,1,4,-1,-1
293,1614,1059.90,113.75,84.13,62.90,1,7,-1,-1
293,1610,1050.56,97.40,85.85,64.04,1,7,-1,-1
293,1500,1805.86,657.73,63.18,55.30,1,2,-1,-1
293,1457,1055.38,202.22,72.49,82.84,1,4,-1,-1
294,1617,840.80,14.06,27.20,54.78,1,1,-1,-1
294,1610,1050.56,100.26,85.86,64.50,1,7,-1,-1
294,1500,1795.16,672.40,74.62,63.51,1,2,-1,-1
294,1457,1053.61,203.12,74.68,85.27,1,4,-1,-1
295,1630,1106.11,271.11,33.00,69.00,1,10,-1,-1
295,1629,739.00,204.95,61.00,69.00,1,10,-1,-1
295,1617,839.77,16.49,27.19,54.93,1,1,-1,-1
295,1610,1050.52,103.31,85.94,65.15,1,7,-1,-1
295,1561,934.14,5.01,76.19,95.30,1,6,-1,-1
295,1544,1056.24,85.20,27.68,45.50,1,1,-1,-1
295,1500,1807.61,675.55,76.40,63.03,1,2,-1,-1
295,1457,1052.11,205.29,76.51,87.53,1,4,-1,-1
296,1630,1106.12,275.90,33.00,69.00,1,10,-1,-1
296,1629,738.00,209.97,61.00,69.00,1,10,-1,-1
296,1610,1050.53,106.24,85.92,65.56,1,7,-1,-1
296,1590,1175.93,910.35,380.65,165.39,1,6,-1,-1
296,1577,657.96,321.16,101.28,151.09,1,4,-1,-1
296,1564,681.48,272.74,128.37,55.53,1,7,-1,-1
296,1561,931.49,3.18,78.39,98.42,1,6,-1,-1
296,1500,1815.54,682.39,78.25,62.69,1,2,-1,-1
297,1630,1106.11,280.13,33.00,69.00,1,10,-1,-1
297,1629,737.00,214.97,61.00,69.00,1,10,-1,-1
297,1616,574.37,623.41,125.86,194.59,1,4,-1,-1
297,1610,1051.25,109.83,85.85,65.82,1,7,-1,-1
297,1590,1177.44,920.34,379.51,156.41,1,6,-1,-1
297,1564,680.26,277.41,129.73,56.48,1,7,-1,-1
298,1630,1106.09,284.89,33.00,69.00,1,10,-1,-1
298,1629,736.71,219.98,61.00,69.00,1,10,-1,-1
298,1616,571.51,631.20,126.84,194.73,1,4,-1,-1
298,1610,1052.22,113.68,85.78,65.99,1,7,-1,-1
298,1600,1586.57,933.43,336.65,149.69,1,6,-1,-1
298,1590,1179.08,930.56,378.08,146.66,1,6,-1,-1
298,1564,678.65,281.66,131.32,57.46,1,7,-1,-1
299,1630,1106.08,289.13,33.00,69.00,1,10,-1,-1
299,1629,735.96,223.59,61.00,69.00,1,10,-1,-1
299,1616,568.57,639.10,127.82,194.82,1,4,-1,-1
299,1610,1058.07,123.54,80.80,62.35,1,7,-1,-1
299,1594,932.00,215.73,93.30,116.50,1,4,-1,-1
300,1630,1106.06,293.88,33.00,69.00,1,10,-1,-1
300,1616,565.77,647.00,129.13,194.98,1,4,-1,-1
300,1594,927.84,213.65,82.34,102.74,1,4,-1,-1
300,1561,928.19,1.50,82.77,106.35,1,6,-1,-1
301,1617,839.67,34.03,27.09,55.09,1,1,-1,-1
301,1616,563.05,654.37,131.17,196.89,1,4,-1,-1
301,1594,932.68,219.90,83.80,104.55,1,4,-1,-1
301,1561,927.12,0.92,83.22,107.57,1,6,-1,-1
302,1654,1035.12,30.75,21.49,54.72,1,1,-1,-1
302,1617,839.04,37.01,27.08,55.09,1,1,-1,-1
302,1594,934.29,222.66,84.77,105.75,1,4,-1,-1
302,1561,926.19,0.48,83.81,108.45,1,6,-1,-1
302,1544,1059.62,110.20,28.04,47.15,1,1,-1,-1
303,1654,1033.91,35.29,21.72,54.73,1,1,-1,-1
303,1629,733.68,238.35,68.02,77.00,1,10,-1,-1
303,1617,838.16,40.18,27.09,55.41,1,1,-1,-1
303,1610,1057.46,129.88,88.17,67.96,1,7,-1,-1
303,1594,934.91,224.80,85.72,106.58,1,4,-1,-1
303,1577,651.03,351.03,104.04,165.27,1,4,-1,-1
303,1561,925.75,0.34,84.22,109.34,1,6,-1,-1
303,1544,1061.22,115.03,28.17,49.12,1,1,-1,-1
304,1654,1034.11,39.51,21.87,54.69,1,1,-1,-1
304,1629,732.84,240.07,65.23,74.21,1,10,-1,-1
304,1610,1058.47,131.72,91.20,70.03,1,7,-1,-1
304,1577,651.67,356.06,104.43,165.27,1,4,-1,-1
304,1561,936.33,6.92,77.32,100.98,1,6,-1,-1
305,1682,1077.57,19.08,240.72,95.64,1,6,-1,-1
305,1629,752.69,245.11,61.65,70.00,1,10,-1,-1
305,1616,559.02,685.11,134.54,206.00,1,4,-1,-1
305,1610,1059.66,133.78,94.62,72.45,1,7,-1,-1
305,1577,651.59,361.04,105.30,165.31,1,4,-1,-1
305,1561,930.72,4.68,79.57,103.99,1,6,-1,-1
306,1682,1078.31,21.45,240.46,96.15,1,6,-1,-1
306,1629,740.93,249.05,60.42,68.64,1,10,-1,-1
306,1616,558.49,692.52,134.72,208.56,1,4,-1,-1
306,1610,1059.57,136.07,96.91,74.06,1,7,-1,-1
306,1577,651.64,366.01,106.19,165.34,1,4,-1,-1
307,1700,502.47,905.88,51.88,108.47,1,10,-1,-1
307,1698,617.90,136.53,28.04,59.79,1,1,-1,-1
307,1692,1080.11,452.80,145.47,205.40,1,4,-1,-1
307,1629,736.67,253.26,59.56,67.69,1,10,-1,-1
307,1617,835.87,54.21,26.57,56.30,1,1,-1,-1
307,1594,913.53,238.73,90.09,109.61,1,4,-1,-1
307,1577,654.40,362.93,112.23,172.96,1,4,-1,-1
308,1698,605.18,140.82,28.84,61.54,1,1,-1,-1
308,1692,1079.38,477.36,132.52,187.56,1,4,-1,-1
308,1629,735.26,262.46,55.55,63.00,1,10,-1,-1
308,1617,835.48,57.99,26.11,56.43,1,1,-1,-1
308,1594,921.69,234.55,99.58,120.64,1,4,-1,-1
308,1577,651.27,371.80,111.78,171.14,1,4,-1,-1
309,1711,1066.11,135.00,28.00,61.00,1,1,-1,-1
309,1698,610.83,143.29,28.71,61.63,1,1,-1,-1
309,1692,1099.24,497.40,114.66,163.91,1,4,-1,-1
309,1653,609.18,93.06,27.61,59.32,1,1,-1,-1
309,1629,735.20,264.09,55.75,63.32,1,10,-1,-1
309,1617,834.93,61.40,26.10,56.90,1,1,-1,-1
309,1594,928.30,232.46,97.49,117.19,1,4,-1,-1
309,1561,925.37,2.85,84.05,110.23,1,6,-1,-1
310,1711,1066.91,138.00,28.00,61.00,1,1,-1,-1
310,1698,612.24,146.78,28.61,61.66,1,1,-1,-1
310,1692,1090.92,506.83,113.06,164.29,1,4,-1,-1
310,1680,793.09,10.92,29.11,58.35,1,2,-1,-1
310,1629,734.99,267.15,55.61,63.53,1,10,-1,-1
310,1610,1058.85,147.74,100.53,76.54,1,7,-1,-1
310,1594,931.37,233.52,96.23,114.68,1,4,-1,-1
311,1711,1067.13,141.00,28.00,61.00,1,1,-1,-1
311,1698,611.43,150.08,28.57,62.02,1,1,-1,-1
311,1692,1087.95,513.90,112.24,166.07,1,4,-1,-1
311,1680,794.23,13.59,28.78,59.07,1,2,-1,-1
311,1670,1060.73,262.49,82.19,105.26,1,4,-1,-1
311,1629,728.58,260.07,62.35,71.30,1,10,-1,-1
311,1594,932.74,234.14,95.29,112.55,1,4,-1,-1
312,1727,1086.75,29.69,269.96,111.62,1,6,-1,-1
312,1711,1067.89,144.00,28.00,61.00,1,1,-1,-1
312,1692,1087.37,520.19,111.55,168.90,1,4,-1,-1
312,1680,795.33,16.38,28.54,59.56,1,2,-1,-1
312,1670,1043.05,251.80,98.54,126.95,1,4,-1,-1
312,1629,730.04,269.66,60.45,69.12,1,10,-1,-1
312,1594,933.42,234.71,94.57,110.99,1,4,-1,-1
312,1577,646.89,398.71,110.93,167.90,1,4,-1,-1
313,1727,1083.09,35.44,254.70,105.90,1,6,-1,-1
313,1711,1068.13,147.00,28.00,61.00,1,1,-1,-1
313,1692,1087.29,525.75,110.99,170.94,1,4,-1,-1
313,1680,796.42,19.25,28.34,59.89,1,2,-1,-1
313,1670,1036.91,247.41,106.29,137.56,1,4,-1,-1
313,1654,1037.33,75.74,25.22,57.25,1,1,-1,-1
313,1629,724.78,286.81,55.72,63.94,1,10,-1,-1
313,1617,832.65,75.23,25.38,58.11,1,1,-1,-1
313,1577,644.20,403.34,110.78,168.78,1,4,-1,-1
314,1733,799.61,0.59,31.67,51.70,1,1,-1,-1
314,1727,1084.16,39.96,246.42,102.84,1,6,-1,-1
314,1712,1113.77,356.40,42.40,80.17,1,10,-1,-1
314,1711,1068.19,150.00,28.00,61.00,1,1,-1,-1
314,1692,1087.38,531.86,110.54,172.41,1,4,-1,-1
314,1680,797.48,22.18,28.18,60.10,1,2,-1,-1
314,1654,1037.35,79.73,25.59,57.51,1,1,-1,-1
314,1629,728.52,286.73,55.60,63.73,1,10,-1,-1
314,1617,831.94,78.40,25.28,58.36,1,1,-1,-1
314,1610,1064.38,141.70,103.71,78.78,1,7,-1,-1
315,1712,1114.76,361.41,42.44,80.12,1,10,-1,-1
315,1711,1068.88,153.00,28.00,61.00,1,1,-1,-1
315,1692,1088.16,538.27,110.20,173.47,1,4,-1,-1
315,1680,798.54,25.15,28.06,60.22,1,2,-1,-1
315,1629,729.34,289.85,55.52,63.60,1,10,-1,-1
315,1617,831.53,82.09,24.92,58.49,1,1,-1,-1
315,1610,1062.72,156.50,107.56,81.55,1,7,-1,-1
316,1711,1069.11,156.00,28.00,61.00,1,1,-1,-1
316,1692,1088.48,544.56,110.00,174.86,1,4,-1,-1
316,1680,799.59,28.14,27.95,60.28,1,2,-1,-1
316,1617,830.80,85.50,24.66,58.87,1,1,-1,-1
317,1760,655.48,359.84,162.56,77.30,1,7,-1,-1
317,1753,516.54,782.56,153.97,232.47,1,4,-1,-1
317,1732,757.57,5.38,28.43,51.32,1,1,-1,-1
317,1680,800.62,31.15,27.86,60.30,1,2,-1,-1
317,1617,830.59,89.22,24.48,59.16,1,1,-1,-1
317,1577,640.53,419.35,110.16,177.37,1,4,-1,-1
318,1753,516.27,790.49,155.25,234.99,1,4,-1,-1
318,1748,926.75,9.33,85.94,112.73,1,6,-1,-1
318,1733,800.73,5.82,31.34,58.03,1,1,-1,-1
318,1732,753.37,8.67,28.85,53.30,1,1,-1,-1
318,1727,1093.02,52.74,235.27,99.66,1,6,-1,-1
318,1617,833.83,92.43,24.34,59.37,1,1,-1,-1
318,1577,643.58,423.77,110.52,178.73,1,4,-1,-1
319,1753,516.49,796.54,156.65,236.63,1,4,-1,-1
319,1733,802.31,8.00,30.93,59.75,1,1,-1,-1
319,1727,1096.50,55.84,234.02,99.22,1,6,-1,-1
319,1712,1129.21,384.13,42.42,79.89,1,10,-1,-1
319,1629,737.55,293.88,60.68,69.37,1,10,-1,-1
319,1610,1055.10,182.86,101.88,77.44,1,7,-1,-1
319,1577,646.66,428.97,110.76,179.70,1,4,-1,-1
320,1785,1076.58,301.32,85.19,110.01,1,4,-1,-1
320,1733,807.93,9.86,30.84,60.13,1,1,-1,-1
320,1727,1099.93,58.94,233.23,98.94,1,6,-1,-1
320,1712,1134.28,390.19,42.39,79.81,1,10,-1,-1
320,1629,744.34,304.61,59.26,67.73,1,10,-1,-1
320,1610,1043.44,179.11,109.61,83.50,1,7,-1,-1
320,1577,649.94,434.05,111.21,180.69,1,4,-1,-1
321,1787,654.48,387.63,149.41,242.47,1,4,-1,-1
321,1733,815.44,11.92,30.67,59.39,1,1,-1,-1
321,1727,1107.91,62.68,232.73,98.77,1,6,-1,-1
321,1680,826.87,43.25,27.66,60.25,1,2,-1,-1
321,1629,750.41,311.46,58.23,66.56,1,10,-1,-1
321,1594,948.14,236.43,92.59,107.54,1,4,-1,-1
321,1577,667.39,447.20,100.54,162.84,1,4,-1,-1
322,1797,1098.55,178.53,29.02,59.50,1,1,-1,-1
322,1733,823.74,14.37,30.84,58.26,1,1,-1,-1
322,1727,1118.20,67.32,232.41,98.67,1,6,-1,-1
322,1680,836.96,46.30,27.60,60.18,1,2,-1,-1
322,1594,951.11,212.38,104.69,121.70,1,4,-1,-1
323,1805,1130.61,8.74,245.01,96.75,1,6,-1,-1
323,1753,526.86,839.75,159.42,230.14,1,4,-1,-1
323,1733,833.39,17.39,30.95,57.46,1,1,-1,-1
324,1806,1125.37,596.69,118.35,196.64,1,4,-1,-1
324,1805,1149.84,17.89,225.28,88.97,1,6,-1,-1
324,1753,523.63,836.46,163.34,231.78,1,4,-1,-1
325,1806,1132.52,604.87,119.20,198.45,1,4,-1,-1
325,1805,1158.38,23.79,214.42,84.68,1,6,-1,-1
325,1753,522.81,839.35,166.60,232.79,1,4,-1,-1
325,1629,772.49,331.11,56.44,64.50,1,10,-1,-1
326,1824,918.95,17.95,25.00,53.00,1,1,-1,-1
326,1816,651.37,136.49,31.21,77.47,1,1,-1,-1
326,1806,1133.99,611.61,119.88,199.64,1,4,-1,-1
326,1629,786.10,320.76,63.38,72.67,1,10,-1,-1
327,1831,1089.58,1.91,208.95,71.03,1,6,-1,-1
327,1830,1092.89,144.85,27.00,57.00,1,1,-1,-1
327,1828,1117.23,205.39,104.69,79.51,1,7,-1,-1
327,1816,651.05,148.53,35.33,88.16,1,1,-1,-1
327,1801,654.24,216.46,24.43,56.49,1,1,-1,-1
327,1785,1115.60,335.51,84.61,115.32,1,4,-1,-1
327,1629,778.82,333.51,61.33,70.25,1,10,-1,-1
328,1850,1169.87,434.39,44.09,82.77,1,10,-1,-1
328,1831,1130.94,4.46,160.38,55.64,1,6,-1,-1
328,1830,1093.41,150.06,27.00,57.00,1,1,-1,-1
328,1828,1116.40,208.27,104.90,79.69,1,7,-1,-1
328,1816,647.99,144.28,33.44,84.72,1,1,-1,-1
328,1785,1122.23,351.05,99.10,135.98,1,4,-1,-1
329,1852,894.00,18.85,21.00,59.00,1,2,-1,-1
329,1850,1168.87,439.30,44.04,82.71,1,10,-1,-1
329,1841,1125.82,204.84,33.10,61.00,1,1,-1,-1
329,1840,986.61,247.19,91.00,106.00,1,4,-1,-1
329,1831,1108.06,4.78,183.17,65.13,1,6,-1,-1
329,1830,1092.60,155.11,27.00,57.00,1,1,-1,-1
329,1816,652.45,153.57,37.11,94.67,1,1,-1,-1
329,1805,1168.25,38.73,201.44,79.57,1,6,-1,-1
330,1860,1153.50,96.84,234.90,99.27,1,6,-1,-1
330,1852,893.00,21.06,21.00,59.00,1,2,-1,-1
330,1851,700.01,1.76,149.12,69.22,1,6,-1,-1
330,1831,1098.27,5.03,194.65,70.91,1,6,-1,-1
330,1829,872.62,77.98,27.61,59.93,1,2,-1,-1
330,1805,1183.03,37.66,198.26,78.30,1,6,-1,-1
331,1869,690.13,427.05,145.84,70.12,1,7,-1,-1
331,1852,892.74,23.85,21.00,59.00,1,2,-1,-1
331,1851,699.45,2.25,149.83,71.50,1,6,-1,-1
331,1839,271.76,4.16,195.20,72.79,1,6,-1,-1
331,1831,1092.92,4.58,200.35,74.63,1,6,-1,-1
331,1829,873.46,81.80,27.54,59.89,1,2,-1,-1
331,1805,1193.82,36.08,192.12,75.97,1,6,-1,-1
332,1869,688.09,431.07,145.95,70.11,1,7,-1,-1
332,1851,698.37,2.56,150.47,73.95,1,6,-1,-1
332,1839,293.01,7.46,170.61,65.35,1,6,-1,-1
332,1829,878.65,104.41,23.96,51.68,1,2,-1,-1
332,1828,1105.26,217.26,116.97,88.90,1,7,-1,-1
332,1805,1178.96,44.59,193.93,76.66,1,6,-1,-1
333,1888,501.99,902.92,167.76,167.86,1,4,-1,-1
333,1884,816.05,39.04,27.00,53.00,1,1,-1,-1
333,1863,761.82,360.60,56.42,64.54,1,10,-1,-1
333,1841,1125.41,218.90,32.80,60.37,1,1,-1,-1
333,1839,278.63,6.91,180.20,70.91,1,6,-1,-1
333,1830,1084.28,176.03,30.58,64.55,1,1,-1,-1
333,1828,1110.07,224.35,112.37,85.41,1,7,-1,-1
333,1806,1126.10,656.59,128.16,210.32,1,4,-1,-1
334,1888,499.96,911.51,166.24,160.02,1,4,-1,-1
334,1883,635.04,169.10,29.93,78.00,1,1,-1,-1
334,1867,634.68,226.11,28.00,68.00,1,1,-1,-1
334,1863,760.77,364.35,56.43,64.53,1,10,-1,-1
334,1860,1147.89,108.77,238.64,99.44,1,6,-1,-1
334,1841,1125.17,222.92,32.89,60.60,1,1,-1,-1
334,1830,1084.88,179.90,29.46,62.17,1,1,-1,-1
334,1828,1112.60,230.72,109.25,83.04,1,7,-1,-1
334,1806,1125.43,664.62,127.98,209.42,1,4,-1,-1
335,1888,498.45,920.22,164.81,151.81,1,4,-1,-1
335,1883,626.49,181.98,27.79,72.50,1,1,-1,-1
335,1867,633.01,228.40,28.00,68.00,1,1,-1,-1
335,1863,736.83,367.87,66.91,77.21,1,10,-1,-1
335,1852,889.07,33.08,21.00,59.00,1,2,-1,-1
335,1831,1086.91,9.75,204.53,81.82,1,6,-1,-1
335,1830,1084.59,184.81,28.70,60.58,1,1,-1,-1
335,1828,1085.00,237.42,116.52,88.56,1,7,-1,-1
335,1806,1124.86,672.29,128.49,209.17,1,4,-1,-1
336,1906,1164.96,474.89,42.00,79.00,1,10,-1,-1
336,1905,875.89,95.89,27.00,59.00,1,1,-1,-1
336,1888,494.98,929.61,163.39,142.90,1,4,-1,-1
336,1883,628.23,181.73,28.63,74.62,1,1,-1,-1
336,1867,631.11,231.13,28.00,68.00,1,1,-1,-1
336,1852,888.74,35.83,21.00,59.00,1,2,-1,-1
336,1806,1118.37,695.21,117.45,190.88,1,4,-1,-1
337,1905,876.09,99.09,27.00,59.00,1,1,-1,-1
337,1883,627.49,183.92,29.13,75.87,1,1,-1,-1
337,1867,629.13,234.04,28.00,68.00,1,1,-1,-1
337,1852,887.98,37.42,21.00,59.00,1,2,-1,-1
337,1839,259.88,7.86,188.62,82.01,1,6,-1,-1
337,1806,1124.57,695.63,120.96,195.97,1,4,-1,-1
338,1922,693.11,8.11,145.00,79.00,1,6,-1,-1
338,1883,625.18,187.24,29.48,77.01,1,1,-1,-1
338,1869,679.71,458.73,146.05,70.05,1,7,-1,-1
338,1867,626.45,237.00,28.00,68.00,1,1,-1,-1
338,1852,887.73,38.58,21.00,59.00,1,2,-1,-1
338,1839,256.56,6.86,190.63,85.05,1,6,-1,-1
338,1806,1127.03,699.36,123.37,199.40,1,4,-1,-1
338,1805,1162.94,60.69,197.67,78.09,1,6,-1,-1
339,1930,631.36,536.10,130.44,199.71,1,4,-1,-1
339,1923,1100.01,347.21,106.69,156.71,1,4,-1,-1
339,1922,691.91,9.12,145.00,79.00,1,6,-1,-1
339,1869,678.72,463.74,146.05,70.05,1,7,-1,-1
339,1867,623.52,240.66,28.00,68.00,1,1,-1,-1
339,1839,255.49,14.59,170.04,77.85,1,6,-1,-1
339,1830,1082.20,204.98,27.49,58.03,1,1,-1,-1
339,1806,1127.08,704.26,125.37,202.40,1,4,-1,-1
340,1930,629.07,540.95,131.58,200.82,1,4,-1,-1
340,1923,1102.98,370.46,97.48,144.76,1,4,-1,-1
340,1899,870.49,183.62,25.76,64.41,1,1,-1,-1
340,1869,677.74,468.76,146.05,70.04,1,7,-1,-1
340,1867,625.84,239.08,27.98,67.68,1,1,-1,-1
340,1839,255.32,10.70,177.88,83.35,1,6,-1,-1
340,1830,1081.91,209.82,27.33,57.69,1,1,-1,-1
341,1930,626.38,545.91,133.14,202.49,1,4,-1,-1
341,1923,1087.30,383.00,95.66,143.35,1,4,-1,-1
341,1905,879.82,119.99,25.43,55.54,1,1,-1,-1
341,1897,976.98,241.93,103.65,120.60,1,4,-1,-1
341,1810,973.77,28.08,87.66,115.55,1,6,-1,-1
342,1957,1165.94,504.00,42.00,79.00,1,10,-1,-1
342,1946,799.00,64.87,27.00,53.00,1,1,-1,-1
342,1930,624.12,550.81,134.44,203.81,1,4,-1,-1
342,1923,1098.97,389.47,90.87,137.42,1,4,-1,-1
342,1905,879.72,119.89,25.97,56.74,1,1,-1,-1
342,1897,984.48,247.29,94.27,109.53,1,4,-1,-1
342,1863,750.86,395.47,58.06,73.33,1,10,-1,-1
343,1963,1122.69,726.58,130.74,212.92,1,4,-1,-1
343,1957,1165.91,509.00,42.00,79.00,1,10,-1,-1
343,1946,798.00,67.08,27.00,53.00,1,1,-1,-1
343,1930,621.33,555.73,135.60,204.97,1,4,-1,-1
343,1922,696.87,16.25,125.79,68.56,1,6,-1,-1
343,1905,881.40,115.11,30.76,67.00,1,1,-1,-1
343,1897,981.70,248.50,93.15,108.31,1,4,-1,-1
343,1863,736.05,405.74,62.10,78.96,1,10,-1,-1
344,1971,1119.00,252.04,33.00,61.00,1,1,-1,-1
344,1963,1123.91,736.07,127.39,208.13,1,4,-1,-1
344,1957,1165.92,514.74,42.00,79.00,1,10,-1,-1
344,1930,619.02,560.84,136.74,206.40,1,4,-1,-1
344,1905,877.42,118.60,29.67,64.68,1,1,-1,-1
344,1897,980.83,249.14,92.40,107.49,1,4,-1,-1
344,1863,740.62,404.84,60.52,77.18,1,10,-1,-1
344,1831,1085.62,24.02,204.20,87.93,1,6,-1,-1
344,1830,1077.12,228.90,28.43,60.11,1,1,-1,-1
345,1971,1118.78,254.81,33.00,61.00,1,1,-1,-1
345,1963,1124.09,743.72,126.45,207.13,1,4,-1,-1
345,1957,1165.93,519.98,42.00,79.00,1,10,-1,-1
345,1930,616.41,565.76,138.15,207.76,1,4,-1,-1
345,1905,875.41,121.67,28.92,63.37,1,1,-1,-1
345,1863,742.89,410.30,64.22,82.34,1,10,-1,-1
345,1831,1076.79,14.75,240.35,103.87,1,6,-1,-1
345,1830,1077.27,231.42,28.02,59.20,1,1,-1,-1
346,1971,1118.02,257.78,33.00,61.00,1,1,-1,-1
346,1957,1165.94,525.06,42.00,79.00,1,10,-1,-1
346,1947,1149.87,142.92,243.00,99.00,1,6,-1,-1
346,1930,614.13,570.84,139.45,209.30,1,4,-1,-1
346,1905,873.00,120.80,32.58,71.32,1,1,-1,-1
346,1831,1076.17,21.20,230.26,99.69,1,6,-1,-1
346,1830,1077.41,235.63,27.72,58.56,1,1,-1,-1
347,1999,741.38,417.46,56.83,73.16,1,10,-1,-1
347,1996,885.47,47.74,22.98,57.48,1,1,-1,-1
347,1971,1117.80,260.80,33.00,61.00,1,1,-1,-1
347,1947,1149.51,145.25,243.00,99.00,1,6,-1,-1
347,1930,613.58,579.89,149.51,224.49,1,4,-1,-1
347,1922,701.89,41.13,124.33,67.89,1,6,-1,-1
347,1831,1077.03,28.81,235.35,102.07,1,6,-1,-1
347,1830,1076.87,240.46,27.51,58.11,1,1,-1,-1
348,1996,883.89,43.60,23.17,60.03,1,1,-1,-1
348,1930,608.42,579.51,148.02,221.91,1,4,-1,-1
348,1923,1105.23,415.70,83.36,132.62,1,4,-1,-1
348,1897,979.74,249.91,91.23,106.22,1,4,-1,-1
348,1883,603.89,220.34,30.05,79.08,1,1,-1,-1
348,1831,1077.10,28.20,226.67,98.69,1,6,-1,-1
349,2007,651.53,508.07,161.95,81.27,1,7,-1,-1
349,2006,610.77,271.36,25.54,61.71,1,1,-1,-1
349,1930,605.62,583.21,147.28,220.70,1,4,-1,-1
349,1923,1105.38,420.31,82.94,132.93,1,4,-1,-1
349,1897,979.13,249.98,91.09,106.07,1,4,-1,-1
349,1883,601.90,223.29,30.05,79.10,1,1,-1,-1
350,2010,967.78,29.81,88.18,119.32,1,6,-1,-1
350,2007,649.47,512.81,162.05,81.39,1,7,-1,-1
350,2006,615.94,279.08,23.11,55.79,1,1,-1,-1
350,1957,1165.97,546.09,42.00,79.00,1,10,-1,-1
350,1905,869.40,132.94,28.90,63.59,1,1,-1,-1
350,1897,978.28,250.03,90.99,105.97,1,4,-1,-1
351,2010,966.97,30.15,88.22,119.65,1,6,-1,-1
351,2009,858.00,65.00,20.00,56.00,1,1,-1,-1
351,2007,647.49,517.00,162.03,81.42,1,7,-1,-1
351,1971,1116.10,273.93,33.00,61.00,1,1,-1,-1
351,1957,1165.97,551.10,42.00,79.00,1,10,-1,-1
351,1947,1155.72,150.86,251.12,102.93,1,6,-1,-1
351,1922,689.52,45.04,127.90,69.76,1,6,-1,-1
351,1905,868.61,135.86,28.36,62.58,1,1,-1,-1
351,1897,977.98,250.06,90.93,105.90,1,4,-1,-1
351,1830,1075.17,266.37,27.15,57.54,1,1,-1,-1
352,2035,790.85,79.85,27.00,53.00,1,1,-1,-1
352,2010,966.75,30.20,88.23,119.84,1,6,-1,-1
352,2009,857.14,68.00,20.44,56.71,1,1,-1,-1
352,2007,645.52,521.75,161.96,81.41,1,7,-1,-1
352,2000,845.31,61.62,22.55,54.39,1,1,-1,-1
352,1990,869.99,234.92,24.00,60.00,1,1,-1,-1
352,1971,1115.86,276.96,33.00,61.00,1,1,-1,-1
352,1957,1165.98,556.10,42.00,79.00,1,10,-1,-1
352,1947,1147.59,155.36,248.86,102.39,1,6,-1,-1
352,1922,683.88,41.52,133.25,72.65,1,6,-1,-1
352,1905,867.75,138.35,27.99,61.87,1,1,-1,-1
352,1830,1072.91,269.12,27.10,57.37,1,1,-1,-1
353,2048,905.00,84.11,25.00,53.00,1,1,-1,-1
353,2047,884.15,59.11,21.00,59.00,1,2,-1,-1
353,2041,1116.43,46.67,128.31,56.71,1,6,-1,-1
353,2035,790.06,81.84,27.00,53.00,1,1,-1,-1
353,2010,965.96,30.33,88.29,120.33,1,6,-1,-1
353,2009,861.22,83.01,20.30,49.00,1,1,-1,-1
353,2000,843.82,60.84,22.32,53.94,1,1,-1,-1
353,1957,1165.98,561.09,42.00,79.00,1,10,-1,-1
353,1947,1144.85,159.02,247.30,102.03,1,6,-1,-1
353,1922,680.44,40.69,137.29,75.21,1,6,-1,-1
353,1883,595.06,247.84,32.38,83.30,1,1,-1,-1
353,1830,1071.43,273.30,27.06,57.25,1,1,-1,-1
354,2047,883.16,60.91,21.00,59.00,1,2,-1,-1
354,2041,1128.91,49.82,137.49,60.96,1,6,-1,-1
354,2010,950.77,26.14,80.74,110.24,1,6,-1,-1
354,2009,859.72,78.33,20.73,51.62,1,1,-1,-1
354,1957,1165.98,566.08,42.00,79.00,1,10,-1,-1
354,1947,1148.71,162.16,246.12,101.48,1,6,-1,-1
354,1922,678.55,41.41,140.10,77.27,1,6,-1,-1
354,1830,1070.24,278.66,27.04,57.16,1,1,-1,-1
355,2047,882.14,62.87,21.00,59.00,1,2,-1,-1
355,2010,960.42,29.85,83.41,114.60,1,6,-1,-1
355,2009,859.83,77.39,20.95,53.38,1,1,-1,-1
355,1999,733.24,448.39,56.42,72.55,1,10,-1,-1
355,1957,1165.32,570.42,42.00,79.00,1,10,-1,-1
355,1947,1145.14,167.12,245.22,100.78,1,6,-1,-1
355,1922,699.94,31.93,148.13,76.46,1,6,-1,-1
356,2076,1327.72,0.67,120.57,61.66,1,6,-1,-1
356,2075,1163.52,98.21,212.81,84.69,1,6,-1,-1
356,2047,881.83,64.87,21.00,59.00,1,2,-1,-1
356,2010,963.46,38.76,74.16,102.54,1,6,-1,-1
356,2009,860.53,77.99,21.07,54.58,1,1,-1,-1
356,2007,638.72,537.87,164.12,82.82,1,7,-1,-1
356,1999,731.24,451.96,56.38,72.50,1,10,-1,-1
356,1947,1147.04,187.00,237.05,97.12,1,6,-1,-1
357,2084,1107.37,452.43,87.26,139.24,1,4,-1,-1
357,2083,974.11,250.00,91.00,106.00,1,4,-1,-1
357,2075,1145.09,95.61,241.50,96.03,1,6,-1,-1
357,2074,596.50,636.19,146.49,222.54,1,4,-1,-1
357,2062,593.00,294.49,28.00,68.00,1,1,-1,-1
357,2047,881.05,66.19,21.00,59.00,1,2,-1,-1
357,2035,786.08,90.87,27.00,53.00,1,1,-1,-1
357,2010,966.21,34.74,79.00,110.03,1,6,-1,-1
357,2009,861.45,79.24,21.13,55.42,1,1,-1,-1
357,2007,637.10,541.15,165.86,84.17,1,7,-1,-1
357,2000,842.65,67.11,21.85,52.97,1,1,-1,-1
357,1999,744.89,457.73,57.47,73.94,1,10,-1,-1
357,1883,585.50,262.55,28.29,72.44,1,1,-1,-1
358,2094,838.04,98.00,31.00,55.00,1,1,-1,-1
358,2084,1101.64,484.52,78.41,123.82,1,4,-1,-1
358,2062,591.71,296.58,28.00,68.00,1,1,-1,-1
358,2047,880.12,67.96,21.00,59.00,1,2,-1,-1
358,2035,785.07,92.97,27.00,53.00,1,1,-1,-1
358,2010,977.84,34.55,69.70,98.18,1,6,-1,-1
358,2009,862.46,80.81,21.15,56.00,1,1,-1,-1
358,1999,732.92,461.57,57.12,73.48,1,10,-1,-1
358,1883,584.90,256.85,29.11,74.44,1,1,-1,-1
359,2094,837.03,99.00,31.00,55.00,1,1,-1,-1
359,2084,1104.95,468.69,84.91,132.95,1,4,-1,-1
359,2062,588.72,311.72,24.21,59.09,1,1,-1,-1
359,2009,863.50,82.54,21.16,56.40,1,1,-1,-1
359,1999,720.89,459.41,62.80,80.88,1,10,-1,-1
359,1957,1163.29,588.35,42.00,79.00,1,10,-1,-1
359,1922,675.85,3.76,190.37,88.77,1,6,-1,-1
359,1883,583.31,256.22,29.67,75.81,1,1,-1,-1
360,2094,836.77,100.00,31.00,55.00,1,1,-1,-1
360,2092,1113.31,320.83,99.55,75.63,1,7,-1,-1
360,2084,1094.55,477.43,86.79,134.96,1,4,-1,-1
360,2062,584.70,308.51,25.49,61.87,1,1,-1,-1
360,2021,1127.08,834.83,136.06,226.81,1,4,-1,-1
360,2009,862.47,85.30,22.67,60.74,1,1,-1,-1
360,1957,1163.02,593.07,42.00,79.00,1,10,-1,-1
360,1922,671.02,3.58,195.85,90.07,1,6,-1,-1
360,1883,581.37,257.63,30.07,76.77,1,1,-1,-1
361,2092,1113.51,321.94,99.55,75.64,1,7,-1,-1
361,2084,1101.67,467.48,89.78,138.91,1,4,-1,-1
361,2074,579.96,640.79,149.47,234.00,1,4,-1,-1
361,2062,587.90,305.61,26.34,63.94,1,1,-1,-1
361,2021,1128.55,840.27,136.68,227.73,1,4,-1,-1
361,2009,863.88,84.58,22.24,59.79,1,1,-1,-1
361,2000,839.84,75.08,21.59,52.40,1,1,-1,-1
361,1957,1162.92,594.70,42.00,79.00,1,10,-1,-1
361,1883,579.98,260.53,30.35,77.45,1,1,-1,-1
