1,52,1131,785,38,66,1,2,-1,-1
1,87,651,217,31,44,1,10,-1,-1
1,88,1318,176,19,46,1,1,-1,-1
1,143,55,525,34,75,1,1,-1,-1
2,52,1132,792,38,66,1,2,-1,-1
2,87,658,206,24,36,1,2,-1,-1
2,88,1318,178,19,46,1,1,-1,-1
2,89,991,110,16,34,1,1,-1,-1
2,143,66,508,40,73,1,2,-1,-1
3,30,914,288,23,55,1,1,-1,-1
3,52,1133,799,38,66,1,2,-1,-1
3,87,663,201,24,36,1,2,-1,-1
3,88,1319,180,19,46,1,1,-1,-1
3,89,991,111,16,34,1,1,-1,-1
3,143,59,513,40,73,1,2,-1,-1
4,13,746,365,113,77,1,7,-1,-1
4,30,904,283,23,54,1,1,-1,-1
4,52,1134,806,38,66,1,2,-1,-1
4,87,667,203,30,42,1,10,-1,-1
4,88,1320,183,19,46,1,1,-1,-1
4,89,991,112,16,34,1,1,-1,-1
4,90,912,291,23,55,1,1,-1,-1
4,91,1438,777,35,89,1,1,-1,-1
4,143,51,518,41,73,1,2,-1,-1
5,13,758,357,116,67,1,7,-1,-1
5,14,164,655,81,85,1,10,-1,-1
5,30,911,293,23,55,1,1,-1,-1
5,52,1135,813,38,67,1,2,-1,-1
5,87,672,198,31,42,1,10,-1,-1
5,88,1321,185,19,46,1,1,-1,-1
5,89,990,113,16,34,1,1,-1,-1
5,90,902,286,23,54,1,1,-1,-1
5,91,1442,783,34,89,1,1,-1,-1
5,92,1357,689,28,73,1,1,-1,-1
6,13,744,372,115,77,1,7,-1,-1
6,14,175,648,80,83,1,10,-1,-1
6,30,920,290,27,64,1,1,-1,-1
6,52,1136,820,38,67,1,2,-1,-1
6,89,990,114,16,34,1,1,-1,-1
6,90,901,290,22,53,1,1,-1,-1
6,91,1445,793,35,89,1,1,-1,-1
6,92,1361,694,28,72,1,1,-1,-1
6,93,1520,787,34,71,1,2,-1,-1
7,13,744,376,115,76,1,7,-1,-1
7,14,202,648,73,75,1,10,-1,-1
7,30,927,274,23,66,1,1,-1,-1
7,31,1383,709,30,71,1,1,-1,-1
7,53,1330,701,34,65,1,1,-1,-1
7,90,908,299,23,55,1,1,-1,-1
7,91,1448,803,37,89,1,1,-1,-1
7,92,1365,700,28,72,1,1,-1,-1
7,93,1522,793,34,71,1,2,-1,-1
7,94,971,322,23,51,1,1,-1,-1
8,13,756,367,116,67,1,7,-1,-1
8,14,202,630,67,73,1,2,-1,-1
8,15,874,256,21,37,1,2,-1,-1
8,30,927,304,23,56,1,1,-1,-1
8,31,1387,715,30,71,1,1,-1,-1
8,32,944,274,24,66,1,1,-1,-1
8,53,1336,706,34,65,1,1,-1,-1
8,90,906,301,23,55,1,1,-1,-1
8,91,1451,813,38,89,1,1,-1,-1
8,92,1369,706,28,72,1,1,-1,-1
8,93,1518,785,34,73,1,2,-1,-1
8,94,970,324,24,51,1,1,-1,-1
9,13,742,383,117,76,1,7,-1,-1
9,14,213,623,67,73,1,2,-1,-1
9,15,873,258,22,37,1,2,-1,-1
9,16,717,249,64,56,1,7,-1,-1
9,30,925,307,23,56,1,1,-1,-1
9,31,1391,721,30,71,1,1,-1,-1
9,32,943,277,24,66,1,1,-1,-1
9,53,1341,710,34,65,1,1,-1,-1
9,92,1374,712,28,72,1,1,-1,-1
9,93,1521,791,34,73,1,2,-1,-1
9,94,970,326,24,51,1,1,-1,-1
10,13,741,386,118,77,1,7,-1,-1
10,14,219,623,76,76,1,10,-1,-1
10,15,873,261,21,37,1,2,-1,-1
10,16,716,251,64,56,1,7,-1,-1
10,31,1395,727,30,71,1,1,-1,-1
10,32,943,280,24,66,1,1,-1,-1
10,33,1548,815,28,59,1,2,-1,-1
10,53,1347,715,34,65,1,1,-1,-1
10,93,1526,799,33,73,1,2,-1,-1
10,94,969,327,24,51,1,1,-1,-1
11,13,740,390,118,76,1,7,-1,-1
11,14,230,618,76,76,1,10,-1,-1
11,15,872,263,21,37,1,2,-1,-1
11,16,717,248,38,54,1,2,-1,-1
11,31,1383,725,28,71,1,1,-1,-1
11,32,941,284,24,66,1,1,-1,-1
11,33,1540,821,34,71,1,2,-1,-1
11,53,1352,719,34,65,1,1,-1,-1
11,54,1299,82,21,43,1,1,-1,-1
11,94,969,329,24,51,1,1,-1,-1
11,95,1011,462,36,51,1,2,-1,-1
12,14,251,604,55,73,1,2,-1,-1
12,15,871,265,22,37,1,2,-1,-1
12,16,713,255,64,56,1,7,-1,-1
12,31,1387,731,28,71,1,1,-1,-1
12,32,940,289,24,65,1,1,-1,-1
12,33,1536,816,33,73,1,2,-1,-1
12,34,710,166,29,37,1,10,-1,-1
12,53,1358,724,34,65,1,1,-1,-1
12,54,1300,83,21,44,1,1,-1,-1
12,95,1011,465,36,51,1,2,-1,-1
13,15,871,267,21,37,1,2,-1,-1
13,16,712,258,64,56,1,7,-1,-1
13,31,1392,738,28,71,1,1,-1,-1
13,32,939,294,23,64,1,1,-1,-1
13,33,1541,825,33,73,1,2,-1,-1
13,34,716,162,29,36,1,10,-1,-1
13,54,1301,85,21,43,1,1,-1,-1
13,95,1012,469,36,51,1,2,-1,-1
13,96,739,397,119,76,1,7,-1,-1
13,97,866,540,28,69,1,1,-1,-1
13,98,1042,906,43,91,1,1,-1,-1
13,99,1050,622,103,111,1,7,-1,-1
14,15,870,269,21,37,1,2,-1,-1
14,16,709,260,65,57,1,7,-1,-1
14,32,938,298,23,64,1,1,-1,-1
14,33,1546,833,33,73,1,2,-1,-1
14,34,721,158,29,36,1,10,-1,-1
14,54,1302,86,21,44,1,1,-1,-1
14,95,1012,473,36,51,1,2,-1,-1
14,96,738,400,120,76,1,7,-1,-1
14,97,864,548,28,69,1,1,-1,-1
14,98,1044,917,43,89,1,1,-1,-1
14,99,1051,627,103,112,1,7,-1,-1
15,15,869,272,21,36,1,2,-1,-1
15,16,707,263,65,57,1,7,-1,-1
15,33,1551,842,33,73,1,2,-1,-1
15,34,727,144,23,36,1,2,-1,-1
15,35,1373,747,34,65,1,1,-1,-1
15,54,1303,88,21,43,1,1,-1,-1
15,95,1013,477,36,51,1,2,-1,-1
15,96,737,404,121,76,1,7,-1,-1
15,97,863,556,27,69,1,1,-1,-1
15,98,1046,928,42,87,1,1,-1,-1
15,99,1051,633,105,113,1,7,-1,-1
16,16,705,266,65,57,1,7,-1,-1
16,33,1556,850,33,73,1,2,-1,-1
16,34,733,139,23,36,1,2,-1,-1
16,35,1377,756,35,65,1,1,-1,-1
16,36,935,308,23,63,1,1,-1,-1
16,54,1303,90,21,42,1,1,-1,-1
16,55,1571,861,34,71,1,2,-1,-1
16,96,736,407,122,76,1,7,-1,-1
16,97,861,565,28,69,1,1,-1,-1
16,98,1048,939,42,85,1,1,-1,-1
16,99,1052,638,105,114,1,7,-1,-1
17,34,738,147,29,36,1,10,-1,-1
17,35,1382,765,34,65,1,1,-1,-1
17,36,934,312,23,63,1,1,-1,-1
17,55,1577,869,34,71,1,2,-1,-1
17,56,101,554,49,76,1,2,-1,-1
17,57,1053,163,14,40,1,1,-1,-1
17,96,735,411,123,76,1,7,-1,-1
17,97,860,573,27,69,1,1,-1,-1
17,98,1049,949,43,84,1,1,-1,-1
17,99,1053,644,106,114,1,7,-1,-1
17,100,860,248,59,53,1,7,-1,-1
18,34,739,143,29,36,1,10,-1,-1
18,35,1386,774,35,65,1,1,-1,-1
18,36,933,317,23,62,1,1,-1,-1
18,55,1566,868,33,73,1,2,-1,-1
18,56,94,561,48,76,1,2,-1,-1
18,57,1053,166,16,40,1,1,-1,-1
18,100,859,250,59,53,1,7,-1,-1
19,17,1186,911,40,64,1,2,-1,-1
19,35,1391,783,35,65,1,1,-1,-1
19,36,931,322,23,61,1,1,-1,-1
19,37,1675,938,42,88,1,2,-1,-1
19,55,1569,878,33,73,1,2,-1,-1
19,56,86,567,49,76,1,2,-1,-1
19,57,1052,169,18,40,1,1,-1,-1
19,100,859,253,59,52,1,7,-1,-1
20,17,1187,921,40,64,1,2,-1,-1
20,18,1592,933,44,92,1,2,-1,-1
20,35,1396,793,35,65,1,1,-1,-1
20,36,930,326,23,61,1,1,-1,-1
20,37,1680,950,42,87,1,2,-1,-1
20,55,1572,888,33,73,1,2,-1,-1
20,56,79,574,48,76,1,2,-1,-1
20,57,1055,175,12,35,1,1,-1,-1
20,58,744,125,23,36,1,2,-1,-1
20,59,1520,789,35,59,1,1,-1,-1
20,100,856,255,59,53,1,7,-1,-1
20,101,759,405,36,51,1,2,-1,-1
21,17,1188,931,40,64,1,2,-1,-1
21,18,1596,942,44,92,1,2,-1,-1
21,35,1396,801,35,65,1,1,-1,-1
21,36,929,331,22,60,1,1,-1,-1
21,37,1685,963,42,85,1,2,-1,-1
21,55,1575,898,34,73,1,2,-1,-1
21,56,72,581,48,76,1,2,-1,-1
21,57,1051,175,22,40,1,1,-1,-1
21,58,743,132,29,36,1,10,-1,-1
21,59,1523,797,35,59,1,1,-1,-1
21,60,1084,213,58,88,1,5,-1,-1
21,100,853,258,60,53,1,7,-1,-1
21,101,757,409,36,51,1,2,-1,-1
22,17,1190,941,40,64,1,2,-1,-1
22,18,1600,951,44,92,1,2,-1,-1
22,36,928,336,22,60,1,1,-1,-1
22,37,1690,975,42,84,1,2,-1,-1
22,38,1119,386,32,66,1,1,-1,-1
22,56,64,589,48,76,1,2,-1,-1
22,57,1051,180,12,35,1,1,-1,-1
22,58,747,119,23,36,1,2,-1,-1
22,59,1525,806,35,59,1,1,-1,-1
22,60,1083,216,59,88,1,5,-1,-1
22,101,756,413,36,51,1,2,-1,-1
23,3,879,363,24,55,1,1,-1,-1
23,17,1191,951,40,64,1,2,-1,-1
23,18,1605,960,44,92,1,2,-1,-1
23,37,1695,988,42,82,1,2,-1,-1
23,38,1134,383,32,63,1,1,-1,-1
23,58,749,115,23,36,1,2,-1,-1
23,59,1528,815,35,59,1,1,-1,-1
23,60,1082,218,59,89,1,5,-1,-1
23,101,754,417,36,51,1,2,-1,-1
23,102,1017,201,17,35,1,1,-1,-1
24,2,728,428,116,67,1,7,-1,-1
24,3,870,363,22,54,1,1,-1,-1
24,6,959,179,17,46,1,1,-1,-1
24,17,1192,961,40,64,1,2,-1,-1
24,18,1609,973,44,82,1,2,-1,-1
24,37,1701,999,42,71,1,2,-1,-1
24,38,1134,387,31,62,1,1,-1,-1
24,39,957,375,24,51,1,1,-1,-1
24,58,748,122,29,36,1,10,-1,-1
24,59,1530,825,35,59,1,1,-1,-1
24,60,1081,220,59,90,1,5,-1,-1
24,101,709,416,94,55,1,7,-1,-1
24,102,1017,202,17,35,1,1,-1,-1
25,2,713,451,124,76,1,7,-1,-1
25,3,869,367,22,54,1,1,-1,-1
25,6,958,182,17,46,1,1,-1,-1
25,17,1193,971,40,64,1,2,-1,-1
25,18,1605,952,34,71,1,2,-1,-1
25,37,1707,1010,42,60,1,2,-1,-1
25,38,1133,390,32,62,1,1,-1,-1
25,39,956,378,24,51,1,1,-1,-1
25,58,752,109,23,36,1,2,-1,-1
25,59,1533,835,35,59,1,1,-1,-1
25,60,1080,223,60,90,1,5,-1,-1
25,102,1017,204,17,35,1,1,-1,-1
25,103,786,630,27,66,1,1,-1,-1
26,2,710,456,124,76,1,7,-1,-1
26,3,867,371,22,54,1,1,-1,-1
26,6,955,184,17,46,1,1,-1,-1
26,17,1194,981,40,64,1,2,-1,-1
26,18,1593,948,34,73,1,2,-1,-1
26,38,1133,394,31,61,1,1,-1,-1
26,39,955,382,24,51,1,1,-1,-1
26,40,811,630,32,68,1,1,-1,-1
26,60,1079,225,60,91,1,5,-1,-1
26,102,1014,206,17,35,1,1,-1,-1
26,103,784,638,27,67,1,1,-1,-1
27,2,706,462,124,76,1,7,-1,-1
27,3,865,375,22,54,1,1,-1,-1
27,6,952,186,17,47,1,1,-1,-1
27,18,1597,958,34,73,1,2,-1,-1
27,38,1133,398,31,60,1,1,-1,-1
27,39,963,394,24,57,1,1,-1,-1
27,40,810,638,32,69,1,1,-1,-1
27,61,1129,5,89,45,1,4,-1,-1
27,102,1012,208,17,35,1,1,-1,-1
27,103,783,646,27,68,1,1,-1,-1
27,104,744,435,36,51,1,2,-1,-1
27,105,1020,163,23,41,1,1,-1,-1
28,2,703,467,124,76,1,7,-1,-1
28,3,870,385,24,55,1,1,-1,-1
28,6,949,189,17,46,1,1,-1,-1
28,38,1132,401,32,60,1,1,-1,-1
28,39,962,397,24,57,1,1,-1,-1
28,40,807,648,33,69,1,1,-1,-1
28,61,1127,6,89,45,1,4,-1,-1
28,62,964,193,16,40,1,1,-1,-1
28,103,779,656,28,68,1,1,-1,-1
28,104,741,441,36,51,1,2,-1,-1
28,105,1018,165,23,41,1,1,-1,-1
29,2,699,473,124,76,1,7,-1,-1
29,3,862,384,22,54,1,1,-1,-1
29,6,946,191,17,47,1,1,-1,-1
29,39,970,405,27,54,1,1,-1,-1
29,40,805,658,33,70,1,1,-1,-1
29,61,1126,7,89,45,1,4,-1,-1
29,62,962,196,16,40,1,1,-1,-1
29,103,768,664,28,67,1,1,-1,-1
29,104,738,446,36,51,1,2,-1,-1
29,105,1016,167,23,41,1,1,-1,-1
30,2,696,478,124,76,1,7,-1,-1
30,3,860,388,22,54,1,1,-1,-1
30,6,943,194,17,46,1,1,-1,-1
30,39,962,404,24,57,1,1,-1,-1
30,40,802,669,34,69,1,1,-1,-1
30,61,1124,9,89,45,1,4,-1,-1
30,62,959,200,16,40,1,1,-1,-1
30,63,757,101,29,36,1,10,-1,-1
30,104,734,451,36,51,1,2,-1,-1
30,105,1014,169,23,41,1,1,-1,-1
31,2,692,484,124,76,1,7,-1,-1
31,3,859,393,22,54,1,1,-1,-1
31,6,940,196,17,47,1,1,-1,-1
31,40,800,679,34,70,1,1,-1,-1
31,41,885,23,59,46,1,1,-1,-1
31,61,1123,10,89,45,1,4,-1,-1
31,62,956,204,16,40,1,1,-1,-1
31,63,758,97,29,36,1,10,-1,-1
31,64,1050,37,17,35,1,1,-1,-1
31,104,731,457,36,51,1,2,-1,-1
31,105,1013,171,23,41,1,1,-1,-1
32,2,689,489,124,76,1,7,-1,-1
32,3,862,403,24,55,1,1,-1,-1
32,6,937,199,17,47,1,1,-1,-1
32,10,1028,168,17,34,1,1,-1,-1
32,40,797,690,35,69,1,1,-1,-1
32,41,883,24,58,46,1,1,-1,-1
32,61,1121,11,89,45,1,4,-1,-1
32,62,954,208,16,40,1,1,-1,-1
32,63,760,94,29,36,1,10,-1,-1
32,64,1048,39,17,35,1,1,-1,-1
32,65,915,382,21,55,1,1,-1,-1
32,66,1050,752,106,136,1,7,-1,-1
32,106,803,736,33,73,1,1,-1,-1
33,2,686,495,124,76,1,7,-1,-1
33,3,860,407,24,55,1,1,-1,-1
33,6,936,202,17,47,1,1,-1,-1
33,10,1027,170,17,34,1,1,-1,-1
33,41,881,26,57,46,1,1,-1,-1
33,62,953,209,16,40,1,1,-1,-1
33,63,762,91,29,36,1,10,-1,-1
33,64,1046,40,17,35,1,1,-1,-1
33,65,914,387,21,54,1,1,-1,-1
33,66,1050,760,106,137,1,7,-1,-1
33,106,799,746,35,74,1,1,-1,-1
34,2,683,499,125,76,1,7,-1,-1
34,3,854,406,22,54,1,1,-1,-1
34,6,935,206,17,47,1,1,-1,-1
34,10,1027,173,17,34,1,1,-1,-1
34,41,880,27,55,46,1,1,-1,-1
34,63,766,81,24,36,1,2,-1,-1
34,64,1044,42,17,35,1,1,-1,-1
34,65,913,392,21,54,1,1,-1,-1
34,66,1051,767,107,138,1,7,-1,-1
34,67,1012,209,17,41,1,1,-1,-1
34,106,795,756,37,74,1,1,-1,-1
34,107,818,291,66,63,1,7,-1,-1
35,2,701,473,125,64,1,7,-1,-1
35,9,949,410,24,51,1,1,-1,-1
35,10,1027,176,17,34,1,1,-1,-1
35,41,878,28,54,47,1,1,-1,-1
35,63,767,79,24,35,1,2,-1,-1
35,64,1042,44,17,35,1,1,-1,-1
35,65,915,396,21,54,1,1,-1,-1
35,66,1053,774,108,139,1,7,-1,-1
35,67,1010,213,19,40,1,1,-1,-1
35,106,791,766,39,75,1,1,-1,-1
35,107,818,294,66,63,1,7,-1,-1
36,2,701,478,125,63,1,7,-1,-1
36,9,948,413,24,51,1,1,-1,-1
36,10,1028,179,17,34,1,1,-1,-1
36,41,876,29,53,47,1,1,-1,-1
36,64,1042,44,17,35,1,1,-1,-1
36,65,918,401,21,54,1,1,-1,-1
36,66,1055,781,108,140,1,7,-1,-1
36,67,1007,216,21,41,1,1,-1,-1
36,106,792,777,39,75,1,1,-1,-1
36,107,818,297,66,63,1,7,-1,-1
36,108,1131,428,37,64,1,1,-1,-1
37,9,948,416,24,51,1,1,-1,-1
37,10,1028,182,17,34,1,1,-1,-1
37,41,875,31,52,47,1,1,-1,-1
37,65,920,406,21,54,1,1,-1,-1
37,66,1057,788,109,142,1,7,-1,-1
37,67,1015,221,11,35,1,1,-1,-1
37,68,1012,279,17,41,1,1,-1,-1
37,107,818,300,66,63,1,7,-1,-1
37,108,1131,432,38,64,1,1,-1,-1
37,109,769,73,24,35,1,2,-1,-1
37,110,1007,189,23,41,1,1,-1,-1
38,9,947,419,24,51,1,1,-1,-1
38,10,1028,185,17,34,1,1,-1,-1
38,19,1130,788,33,57,1,2,-1,-1
38,67,1003,224,24,40,1,1,-1,-1
38,68,1011,283,17,41,1,1,-1,-1
38,69,88,65,105,60,1,4,-1,-1
38,107,819,303,66,63,1,7,-1,-1
38,108,1131,435,38,65,1,1,-1,-1
38,109,772,78,29,35,1,10,-1,-1
38,110,1007,193,23,41,1,1,-1,-1
39,1,657,332,39,54,1,2,-1,-1
39,9,947,422,24,51,1,1,-1,-1
39,10,1029,188,17,34,1,1,-1,-1
39,19,1130,797,33,57,1,2,-1,-1
39,67,1010,226,11,35,1,1,-1,-1
39,68,1011,287,17,41,1,1,-1,-1
39,69,81,67,105,61,1,4,-1,-1
39,108,1131,438,39,66,1,1,-1,-1
39,109,776,68,24,34,1,2,-1,-1
39,110,1007,194,23,41,1,1,-1,-1
39,111,1154,288,25,56,1,1,-1,-1
40,1,657,336,39,54,1,2,-1,-1
40,9,946,425,24,51,1,1,-1,-1
40,10,1029,191,17,34,1,1,-1,-1
40,19,1131,806,33,57,1,2,-1,-1
40,42,819,309,66,63,1,7,-1,-1
40,43,1029,62,17,34,1,1,-1,-1
40,68,1011,290,17,41,1,1,-1,-1
40,69,75,69,104,62,1,4,-1,-1
40,70,1013,255,18,35,1,1,-1,-1
40,108,1131,442,39,66,1,1,-1,-1
40,109,776,73,30,35,1,10,-1,-1
40,110,1008,196,23,41,1,1,-1,-1
40,111,1154,290,25,56,1,1,-1,-1
40,112,921,421,21,54,1,1,-1,-1
41,1,655,338,39,54,1,2,-1,-1
41,9,946,428,24,51,1,1,-1,-1
41,19,1131,812,33,57,1,2,-1,-1
41,42,819,312,66,63,1,7,-1,-1
41,43,1029,64,17,34,1,1,-1,-1
41,68,1012,294,17,41,1,1,-1,-1
41,69,69,72,104,62,1,4,-1,-1
41,70,1012,243,17,34,1,1,-1,-1
41,109,779,70,30,34,1,10,-1,-1
41,110,1009,198,23,41,1,1,-1,-1
41,111,1154,292,25,57,1,1,-1,-1
41,112,920,426,21,54,1,1,-1,-1
41,113,1071,668,34,78,1,1,-1,-1
42,1,654,341,39,54,1,2,-1,-1
42,9,941,432,24,51,1,1,-1,-1
42,19,1131,819,33,57,1,2,-1,-1
42,42,820,315,66,63,1,7,-1,-1
42,43,1029,66,17,34,1,1,-1,-1
42,44,1046,128,17,35,1,1,-1,-1
42,68,1012,297,17,41,1,1,-1,-1
42,69,62,74,104,64,1,4,-1,-1
42,70,1013,244,17,34,1,1,-1,-1
42,71,665,535,133,76,1,7,-1,-1
42,72,1001,281,17,41,1,1,-1,-1
42,111,1155,295,25,57,1,1,-1,-1
42,112,919,431,21,54,1,1,-1,-1
42,113,1072,673,34,78,1,1,-1,-1
42,114,1010,603,36,51,1,2,-1,-1
43,1,654,341,69,67,1,7,-1,-1
43,9,936,436,24,51,1,1,-1,-1
43,19,1131,826,33,57,1,2,-1,-1
43,20,955,450,24,57,1,1,-1,-1
43,42,820,318,66,63,1,7,-1,-1
43,43,1029,68,17,34,1,1,-1,-1
43,44,1046,130,17,35,1,1,-1,-1
43,69,56,76,103,65,1,4,-1,-1
43,70,1015,245,17,34,1,1,-1,-1
43,71,662,540,134,76,1,7,-1,-1
43,72,1001,282,17,41,1,1,-1,-1
43,111,1155,295,26,58,1,1,-1,-1
43,112,918,436,21,54,1,1,-1,-1
43,113,1074,679,34,78,1,1,-1,-1
43,114,1012,608,36,51,1,2,-1,-1
43,115,999,101,17,41,1,1,-1,-1
44,1,651,346,39,54,1,2,-1,-1
44,7,1000,243,24,40,1,1,-1,-1
44,9,931,440,24,51,1,1,-1,-1
44,19,1131,833,33,57,1,2,-1,-1
44,20,954,455,24,57,1,1,-1,-1
44,42,820,321,66,63,1,7,-1,-1
44,43,1029,70,17,34,1,1,-1,-1
44,44,1047,132,17,35,1,1,-1,-1
44,70,1017,246,17,34,1,1,-1,-1
44,71,660,544,135,76,1,7,-1,-1
44,72,1002,284,17,41,1,1,-1,-1
44,112,918,442,21,54,1,1,-1,-1
44,113,1075,684,34,78,1,1,-1,-1
44,114,1010,613,36,51,1,2,-1,-1
44,115,999,104,17,41,1,1,-1,-1
45,1,649,348,39,54,1,2,-1,-1
45,7,996,244,22,41,1,1,-1,-1
45,19,1131,840,33,57,1,2,-1,-1
45,20,947,459,24,57,1,1,-1,-1
45,21,1357,960,34,61,1,2,-1,-1
45,42,820,324,66,63,1,7,-1,-1
45,43,1029,72,17,34,1,1,-1,-1
45,44,1044,133,17,35,1,1,-1,-1
45,70,1019,247,17,34,1,1,-1,-1
45,71,658,549,136,76,1,7,-1,-1
45,72,1003,285,17,41,1,1,-1,-1
45,113,1077,690,34,78,1,1,-1,-1
45,114,1009,618,36,51,1,2,-1,-1
45,115,997,104,17,41,1,1,-1,-1
46,1,648,351,39,54,1,2,-1,-1
46,7,992,246,20,42,1,1,-1,-1
46,20,941,464,24,57,1,1,-1,-1
46,21,1358,966,34,62,1,2,-1,-1
46,22,1315,191,27,44,1,1,-1,-1
46,42,821,327,66,63,1,7,-1,-1
46,43,1029,74,17,34,1,1,-1,-1
46,44,1041,134,17,35,1,1,-1,-1
46,71,655,553,137,76,1,7,-1,-1
46,72,1004,287,17,41,1,1,-1,-1
46,114,1007,623,36,51,1,2,-1,-1
46,115,995,104,18,42,1,1,-1,-1
46,116,926,478,24,57,1,1,-1,-1
47,1,646,353,39,54,1,2,-1,-1
47,7,988,247,18,44,1,1,-1,-1
47,20,934,468,24,57,1,1,-1,-1
47,21,1359,972,35,62,1,2,-1,-1
47,22,1317,193,27,44,1,1,-1,-1
47,23,907,454,22,55,1,1,-1,-1
47,44,1038,135,17,35,1,1,-1,-1
47,45,457,507,52,73,1,10,-1,-1
47,71,653,558,138,76,1,7,-1,-1
47,72,999,289,17,41,1,1,-1,-1
47,115,994,105,18,42,1,1,-1,-1
47,116,922,491,24,57,1,1,-1,-1
48,1,645,356,39,54,1,2,-1,-1
48,7,984,249,17,45,1,1,-1,-1
48,20,928,473,24,57,1,1,-1,-1
48,21,1360,978,35,63,1,2,-1,-1
48,22,1314,195,26,43,1,1,-1,-1
48,23,904,458,21,55,1,1,-1,-1
48,44,1035,136,17,35,1,1,-1,-1
48,45,461,505,52,73,1,10,-1,-1
48,73,975,738,42,88,1,1,-1,-1
48,116,913,504,24,51,1,1,-1,-1
49,1,635,357,39,54,1,2,-1,-1
49,7,973,251,23,46,1,1,-1,-1
49,20,921,478,24,57,1,1,-1,-1
49,21,1361,984,35,64,1,2,-1,-1
49,22,1312,197,25,43,1,1,-1,-1
49,23,911,456,24,51,1,1,-1,-1
49,45,464,492,43,72,1,2,-1,-1
49,73,974,741,42,88,1,1,-1,-1
49,74,965,600,62,111,1,7,-1,-1
49,75,998,319,17,41,1,1,-1,-1
49,116,917,500,24,56,1,1,-1,-1
50,1,625,358,39,54,1,2,-1,-1
50,7,963,253,23,47,1,1,-1,-1
50,20,915,497,25,54,1,1,-1,-1
50,21,1362,990,36,65,1,2,-1,-1
50,22,1302,196,24,44,1,1,-1,-1
50,23,910,456,24,51,1,1,-1,-1
50,45,461,489,43,72,1,2,-1,-1
50,46,857,484,24,55,1,1,-1,-1
50,73,968,747,42,88,1,1,-1,-1
50,74,961,603,62,111,1,7,-1,-1
50,75,993,322,17,41,1,1,-1,-1
50,116,907,512,24,51,1,1,-1,-1
51,1,616,360,39,54,1,2,-1,-1
51,7,953,255,23,49,1,1,-1,-1
51,21,1361,995,36,66,1,2,-1,-1
51,22,1292,196,24,44,1,1,-1,-1
51,23,909,456,24,51,1,1,-1,-1
51,45,455,500,52,67,1,10,-1,-1
51,46,851,489,24,55,1,1,-1,-1
51,73,962,753,42,88,1,1,-1,-1
51,74,956,606,63,112,1,7,-1,-1
51,75,987,324,17,41,1,1,-1,-1
52,1,606,361,39,54,1,2,-1,-1
52,7,943,258,23,49,1,1,-1,-1
52,21,1356,996,36,66,1,2,-1,-1
52,22,1282,196,24,44,1,1,-1,-1
52,23,909,456,24,51,1,1,-1,-1
52,45,453,498,52,65,1,10,-1,-1
52,46,846,494,24,55,1,1,-1,-1
52,47,1008,50,16,41,1,1,-1,-1
52,73,957,760,42,88,1,1,-1,-1
52,74,952,610,63,112,1,7,-1,-1
52,75,982,327,17,41,1,1,-1,-1
52,117,1110,877,32,57,1,2,-1,-1
52,118,1318,984,39,57,1,2,-1,-1
53,7,933,260,23,51,1,1,-1,-1
53,22,1272,196,24,44,1,1,-1,-1
53,23,905,458,24,51,1,1,-1,-1
53,45,451,496,52,63,1,10,-1,-1
53,46,846,497,24,56,1,1,-1,-1
53,47,999,50,18,41,1,1,-1,-1
53,73,951,761,42,87,1,1,-1,-1
53,74,938,636,61,110,1,7,-1,-1
53,75,980,328,17,41,1,1,-1,-1
53,117,1105,881,32,57,1,2,-1,-1
53,118,1311,989,39,57,1,2,-1,-1
54,7,923,262,23,52,1,1,-1,-1
54,23,902,461,24,51,1,1,-1,-1
54,46,850,474,31,61,1,1,-1,-1
54,47,991,50,20,41,1,1,-1,-1
54,74,946,617,64,114,1,7,-1,-1
54,75,978,330,17,41,1,1,-1,-1
54,76,1031,462,62,96,1,7,-1,-1
54,117,1107,887,32,57,1,2,-1,-1
54,118,1313,994,39,57,1,2,-1,-1
54,119,867,534,24,57,1,1,-1,-1
55,24,634,551,145,68,1,7,-1,-1
55,46,850,478,31,60,1,1,-1,-1
55,47,983,50,22,41,1,1,-1,-1
55,76,1032,464,62,97,1,7,-1,-1
55,117,1109,894,32,57,1,2,-1,-1
55,118,1315,999,39,57,1,2,-1,-1
55,119,870,538,25,57,1,1,-1,-1
56,24,634,553,145,68,1,7,-1,-1
56,46,850,481,31,61,1,1,-1,-1
56,47,983,50,22,41,1,1,-1,-1
56,76,1033,467,62,97,1,7,-1,-1
56,117,1112,900,32,57,1,2,-1,-1
56,118,1317,1004,39,57,1,2,-1,-1
56,119,873,543,27,57,1,1,-1,-1
56,120,880,491,22,56,1,1,-1,-1
57,11,761,941,41,95,1,1,-1,-1
57,24,634,556,145,68,1,7,-1,-1
57,47,983,50,22,41,1,1,-1,-1
57,76,1034,469,63,98,1,7,-1,-1
57,119,876,548,28,57,1,1,-1,-1
57,120,879,496,23,56,1,1,-1,-1
58,11,764,950,42,92,1,1,-1,-1
58,24,635,559,145,68,1,7,-1,-1
58,25,1069,689,30,77,1,1,-1,-1
58,47,983,50,22,41,1,1,-1,-1
58,76,1035,472,63,99,1,7,-1,-1
58,77,795,603,25,60,1,1,-1,-1
58,119,880,553,29,57,1,1,-1,-1
58,120,879,500,23,57,1,1,-1,-1
59,11,767,959,43,90,1,1,-1,-1
59,24,635,561,145,68,1,7,-1,-1
59,25,1068,692,30,77,1,1,-1,-1
59,76,1036,474,64,100,1,7,-1,-1
59,77,796,608,25,60,1,1,-1,-1
59,120,878,505,24,57,1,1,-1,-1
59,121,460,467,43,67,1,2,-1,-1
60,8,1010,72,17,34,1,1,-1,-1
60,11,771,968,43,88,1,1,-1,-1
60,24,636,564,145,68,1,7,-1,-1
60,25,1068,696,30,77,1,1,-1,-1
60,77,797,613,25,60,1,1,-1,-1
60,120,878,509,24,58,1,1,-1,-1
60,121,465,465,43,67,1,2,-1,-1
61,8,1016,82,17,30,1,1,-1,-1
61,11,774,977,44,86,1,1,-1,-1
61,24,636,567,145,68,1,7,-1,-1
61,25,1068,699,30,77,1,1,-1,-1
61,77,798,618,25,60,1,1,-1,-1
61,121,473,479,52,57,1,10,-1,-1
62,4,897,475,24,51,1,1,-1,-1
62,8,1011,76,17,34,1,1,-1,-1
62,11,778,986,45,84,1,1,-1,-1
62,24,628,561,180,84,1,7,-1,-1
62,25,1068,703,30,77,1,1,-1,-1
62,48,789,18,30,28,1,10,-1,-1
62,77,799,623,25,60,1,1,-1,-1
62,121,475,462,43,66,1,2,-1,-1
63,4,898,476,24,51,1,1,-1,-1
63,8,1011,78,17,34,1,1,-1,-1
63,11,779,995,45,75,1,1,-1,-1
63,25,1070,706,30,77,1,1,-1,-1
63,48,792,16,29,28,1,10,-1,-1
63,77,800,628,25,60,1,1,-1,-1
63,121,481,475,52,57,1,10,-1,-1
64,4,899,478,24,51,1,1,-1,-1
64,8,1015,86,17,30,1,1,-1,-1
64,11,780,1004,45,66,1,1,-1,-1
64,25,1073,710,30,77,1,1,-1,-1
64,48,795,13,29,28,1,10,-1,-1
64,122,901,583,26,55,1,1,-1,-1
65,4,899,478,29,62,1,1,-1,-1
65,8,1015,88,17,30,1,1,-1,-1
65,11,781,1013,45,57,1,1,-1,-1
65,25,1075,714,31,76,1,1,-1,-1
65,26,891,213,23,29,1,1,-1,-1
65,48,804,0,24,31,1,2,-1,-1
65,49,873,274,23,46,1,1,-1,-1
65,50,959,215,23,47,1,1,-1,-1
65,122,904,588,26,55,1,1,-1,-1
66,4,907,501,28,58,1,1,-1,-1
66,8,1012,84,17,34,1,1,-1,-1
66,26,891,214,23,29,1,1,-1,-1
66,27,624,629,155,72,1,7,-1,-1
66,48,807,0,24,29,1,2,-1,-1
66,49,874,276,23,46,1,1,-1,-1
66,50,960,215,23,47,1,1,-1,-1
66,78,993,688,36,51,1,2,-1,-1
66,122,908,593,25,55,1,1,-1,-1
66,123,927,240,17,35,1,1,-1,-1
67,4,908,503,28,58,1,1,-1,-1
67,8,1012,86,17,34,1,1,-1,-1
67,26,891,215,23,29,1,1,-1,-1
67,27,625,631,155,72,1,7,-1,-1
67,48,804,7,29,28,1,10,-1,-1
67,49,875,279,23,46,1,1,-1,-1
67,50,962,216,23,47,1,1,-1,-1
67,78,995,690,36,51,1,2,-1,-1
67,122,911,598,25,55,1,1,-1,-1
67,123,927,241,17,35,1,1,-1,-1
68,4,909,505,28,58,1,1,-1,-1
68,8,1012,88,17,34,1,1,-1,-1
68,26,891,216,23,29,1,1,-1,-1
68,27,647,622,139,65,1,7,-1,-1
68,48,808,6,29,28,1,10,-1,-1
68,49,876,279,23,46,1,1,-1,-1
68,50,964,216,23,47,1,1,-1,-1
68,78,997,693,36,51,1,2,-1,-1
68,79,975,109,17,34,1,1,-1,-1
68,122,915,603,25,55,1,1,-1,-1
68,123,928,243,17,35,1,1,-1,-1
69,4,909,506,28,58,1,1,-1,-1
69,8,1012,90,17,34,1,1,-1,-1
69,26,891,217,23,29,1,1,-1,-1
69,27,642,586,145,68,1,7,-1,-1
69,28,983,139,16,35,1,1,-1,-1
69,49,877,280,23,46,1,1,-1,-1
69,50,966,216,23,47,1,1,-1,-1
69,78,998,695,36,51,1,2,-1,-1
69,79,976,111,17,34,1,1,-1,-1
69,123,929,244,17,35,1,1,-1,-1
70,4,909,508,29,58,1,1,-1,-1
70,5,931,141,18,41,1,1,-1,-1
70,8,1011,94,17,30,1,1,-1,-1
70,26,891,218,23,29,1,1,-1,-1
70,27,643,588,145,68,1,7,-1,-1
70,28,983,140,16,35,1,1,-1,-1
70,49,878,281,23,46,1,1,-1,-1
70,50,968,216,23,47,1,1,-1,-1
70,78,1000,697,36,51,1,2,-1,-1
70,79,977,112,17,34,1,1,-1,-1
70,123,929,246,17,35,1,1,-1,-1
70,124,506,440,36,67,1,2,-1,-1
70,125,1001,510,37,67,1,1,-1,-1
71,4,910,510,29,58,1,1,-1,-1
71,5,930,143,18,41,1,1,-1,-1
71,26,891,219,23,29,1,1,-1,-1
71,27,644,591,145,68,1,7,-1,-1
71,28,983,142,16,35,1,1,-1,-1
71,49,879,282,23,46,1,1,-1,-1
71,50,971,217,23,47,1,1,-1,-1
71,78,1002,700,36,51,1,2,-1,-1
71,79,978,114,17,34,1,1,-1,-1
71,124,503,459,52,57,1,10,-1,-1
71,125,1000,513,38,67,1,1,-1,-1
71,126,603,411,72,75,1,7,-1,-1
72,4,908,526,26,66,1,1,-1,-1
72,5,929,145,18,41,1,1,-1,-1
72,26,892,220,23,29,1,1,-1,-1
72,27,645,593,145,68,1,7,-1,-1
72,28,984,144,16,35,1,1,-1,-1
72,79,974,114,17,34,1,1,-1,-1
72,80,1233,879,292,178,1,4,-1,-1
72,124,506,458,52,57,1,10,-1,-1
72,125,999,515,39,67,1,1,-1,-1
72,126,604,413,72,76,1,7,-1,-1
72,127,1126,788,31,78,1,1,-1,-1
73,4,908,527,26,66,1,1,-1,-1
73,5,928,147,18,41,1,1,-1,-1
73,27,646,595,145,68,1,7,-1,-1
73,28,981,146,16,35,1,1,-1,-1
73,79,971,115,17,34,1,1,-1,-1
73,80,1235,882,292,176,1,4,-1,-1
73,124,512,433,34,67,1,2,-1,-1
73,125,999,518,40,67,1,1,-1,-1
73,126,600,415,72,76,1,7,-1,-1
73,127,1125,790,31,78,1,1,-1,-1
73,128,869,566,27,62,1,1,-1,-1
73,129,1000,275,17,35,1,1,-1,-1
74,5,927,149,18,41,1,1,-1,-1
74,12,1049,507,67,104,1,7,-1,-1
74,28,978,149,16,35,1,1,-1,-1
74,80,1237,885,292,174,1,4,-1,-1
74,124,502,454,51,57,1,10,-1,-1
74,125,998,519,40,68,1,1,-1,-1
74,126,596,418,72,76,1,7,-1,-1
74,127,1110,797,36,91,1,1,-1,-1
74,128,868,571,27,61,1,1,-1,-1
74,129,994,271,18,35,1,1,-1,-1
74,130,969,260,17,41,1,1,-1,-1
75,5,927,151,17,41,1,1,-1,-1
75,12,1047,509,68,104,1,7,-1,-1
75,28,974,149,16,35,1,1,-1,-1
75,80,1239,889,292,172,1,4,-1,-1
75,126,593,420,72,76,1,7,-1,-1
75,127,1124,793,30,78,1,1,-1,-1
75,128,867,575,27,62,1,1,-1,-1
75,129,991,273,17,35,1,1,-1,-1
75,130,965,260,17,41,1,1,-1,-1
76,5,924,151,17,41,1,1,-1,-1
76,12,1046,511,67,104,1,7,-1,-1
76,28,970,150,16,35,1,1,-1,-1
76,80,1240,892,292,169,1,4,-1,-1
76,127,1123,795,31,78,1,1,-1,-1
76,128,867,579,27,62,1,1,-1,-1
76,129,989,274,17,35,1,1,-1,-1
76,130,961,260,17,41,1,1,-1,-1
76,131,871,298,23,46,1,1,-1,-1
76,132,966,801,42,92,1,1,-1,-1
76,133,1270,202,27,41,1,1,-1,-1
77,5,921,151,17,41,1,1,-1,-1
77,12,1044,513,67,104,1,7,-1,-1
77,80,1241,896,292,166,1,4,-1,-1
77,128,866,584,27,62,1,1,-1,-1
77,129,985,275,17,35,1,1,-1,-1
77,130,957,261,17,41,1,1,-1,-1
77,131,866,298,23,46,1,1,-1,-1
77,132,967,803,41,92,1,1,-1,-1
77,133,1270,203,27,41,1,1,-1,-1
78,5,918,151,17,41,1,1,-1,-1
78,12,1042,515,68,104,1,7,-1,-1
78,51,807,593,32,73,1,1,-1,-1
78,130,953,261,17,41,1,1,-1,-1
78,131,862,299,22,46,1,1,-1,-1
78,132,964,804,41,92,1,1,-1,-1
78,133,1266,203,27,41,1,1,-1,-1
79,5,910,154,17,41,1,1,-1,-1
79,12,1040,517,68,104,1,7,-1,-1
79,51,805,597,32,73,1,1,-1,-1
79,81,864,592,27,63,1,1,-1,-1
79,131,858,299,21,46,1,1,-1,-1
79,132,961,805,41,93,1,1,-1,-1
79,133,1263,203,27,41,1,1,-1,-1
80,5,906,155,17,41,1,1,-1,-1
80,12,1039,519,67,104,1,7,-1,-1
80,51,804,601,32,73,1,1,-1,-1
80,81,863,597,27,62,1,1,-1,-1
80,131,854,300,21,46,1,1,-1,-1
80,132,958,806,41,94,1,1,-1,-1
80,133,1259,204,27,41,1,1,-1,-1
81,5,903,157,17,41,1,1,-1,-1
81,12,1037,521,68,104,1,7,-1,-1
81,51,802,604,32,73,1,1,-1,-1
81,81,862,601,27,63,1,1,-1,-1
82,12,1035,523,68,104,1,7,-1,-1
82,51,801,608,31,73,1,1,-1,-1
82,81,861,605,27,63,1,1,-1,-1
82,134,1090,170,27,51,1,1,-1,-1
83,51,800,612,31,73,1,1,-1,-1
83,81,861,610,27,63,1,1,-1,-1
83,134,1087,171,27,51,1,1,-1,-1
83,135,645,638,36,48,1,2,-1,-1
84,51,801,615,31,72,1,1,-1,-1
84,81,861,615,27,63,1,1,-1,-1
84,134,1084,172,27,51,1,1,-1,-1
84,135,643,641,36,48,1,2,-1,-1
85,134,1081,173,27,51,1,1,-1,-1
85,135,643,643,36,48,1,2,-1,-1
86,29,1065,25,34,29,1,4,-1,-1
86,134,1079,174,27,51,1,1,-1,-1
86,135,643,646,36,48,1,2,-1,-1
87,29,1067,25,34,29,1,4,-1,-1
87,135,643,648,36,48,1,2,-1,-1
88,29,1069,25,34,29,1,4,-1,-1
88,82,488,421,34,67,1,2,-1,-1
88,83,607,637,168,68,1,7,-1,-1
88,136,970,92,17,34,1,1,-1,-1
89,29,1072,25,34,29,1,4,-1,-1
89,82,485,441,51,57,1,10,-1,-1
89,83,607,639,168,68,1,7,-1,-1
89,136,970,92,17,34,1,1,-1,-1
90,29,1074,25,34,29,1,4,-1,-1
90,82,487,440,51,57,1,10,-1,-1
90,83,607,641,168,68,1,7,-1,-1
90,84,1218,218,27,45,1,1,-1,-1
90,136,976,92,15,30,1,1,-1,-1
90,137,150,17,69,48,1,4,-1,-1
90,138,948,820,40,97,1,1,-1,-1
91,29,1076,25,34,29,1,4,-1,-1
91,82,489,439,51,57,1,10,-1,-1
91,83,608,669,170,69,1,7,-1,-1
91,84,1215,232,26,44,1,1,-1,-1
91,136,970,92,17,34,1,1,-1,-1
91,137,149,18,70,47,1,4,-1,-1
91,138,948,821,40,97,1,1,-1,-1
91,139,751,310,75,116,1,5,-1,-1
91,140,927,221,23,47,1,1,-1,-1
92,29,1079,25,34,29,1,4,-1,-1
92,82,497,421,34,67,1,2,-1,-1
92,83,608,646,168,68,1,7,-1,-1
92,84,1217,221,27,46,1,1,-1,-1
92,85,886,512,26,57,1,1,-1,-1
92,86,1100,806,31,76,1,1,-1,-1
92,136,970,92,17,34,1,1,-1,-1
92,137,148,18,71,47,1,4,-1,-1
92,138,948,823,40,97,1,1,-1,-1
92,139,752,310,75,118,1,5,-1,-1
92,140,929,222,23,47,1,1,-1,-1
93,29,1077,25,34,29,1,4,-1,-1
93,82,492,437,51,57,1,10,-1,-1
93,83,608,649,168,68,1,7,-1,-1
93,84,1220,223,27,46,1,1,-1,-1
93,85,884,514,27,57,1,1,-1,-1
93,86,1102,810,31,75,1,1,-1,-1
93,137,147,19,72,47,1,4,-1,-1
93,138,938,823,33,79,1,1,-1,-1
93,139,754,311,74,120,1,5,-1,-1
93,140,930,222,23,47,1,1,-1,-1
93,141,906,352,16,47,1,1,-1,-1
93,142,965,228,22,47,1,1,-1,-1
94,84,1224,225,27,46,1,1,-1,-1
94,85,883,515,27,57,1,1,-1,-1
94,86,1103,814,31,75,1,1,-1,-1
94,137,146,19,73,47,1,4,-1,-1
94,138,949,826,40,97,1,1,-1,-1
94,139,755,311,74,122,1,5,-1,-1
94,140,932,222,23,47,1,1,-1,-1
94,141,908,355,16,47,1,1,-1,-1
94,142,966,230,22,47,1,1,-1,-1
95,84,1227,228,27,46,1,1,-1,-1
95,85,882,516,27,58,1,1,-1,-1
95,86,1105,817,31,75,1,1,-1,-1
95,139,757,312,73,124,1,5,-1,-1
95,140,933,223,23,47,1,1,-1,-1
95,141,909,358,16,47,1,1,-1,-1
95,142,966,232,22,47,1,1,-1,-1
96,85,881,517,27,58,1,1,-1,-1
96,86,1106,821,31,75,1,1,-1,-1
96,141,910,361,16,47,1,1,-1,-1
96,142,966,234,22,47,1,1,-1,-1
97,85,880,519,27,58,1,1,-1,-1
97,86,1108,825,31,75,1,1,-1,-1
97,141,912,365,16,47,1,1,-1,-1
97,142,967,237,22,47,1,1,-1,-1
