2,212,111,698,49,97,1,1,-1,-1
2,213,1375,516,32,94,1,1,-1,-1
2,346,652,518,27,70,1,1,-1,-1
3,212,105,726,49,97,1,1,-1,-1
3,213,1379,514,32,93,1,1,-1,-1
3,346,651,529,26,74,1,1,-1,-1
4,212,94,724,49,97,1,1,-1,-1
4,213,1383,513,33,99,1,1,-1,-1
4,346,651,526,25,73,1,1,-1,-1
5,212,82,717,38,104,1,1,-1,-1
5,213,1387,519,33,100,1,1,-1,-1
5,346,645,512,29,89,1,1,-1,-1
6,212,66,734,42,105,1,1,-1,-1
6,213,1389,490,33,96,1,1,-1,-1
6,214,652,537,26,69,1,1,-1,-1
7,214,650,529,25,70,1,1,-1,-1
8,214,650,536,25,71,1,1,-1,-1
9,214,649,534,25,72,1,1,-1,-1
10,214,646,530,25,73,1,1,-1,-1
10,215,201,593,49,156,1,1,-1,-1
10,216,830,519,16,43,1,1,-1,-1
10,217,1284,519,21,45,1,1,-1,-1
11,215,188,608,57,155,1,1,-1,-1
11,216,830,519,16,44,1,1,-1,-1
11,217,1286,499,20,46,1,1,-1,-1
11,218,1677,585,67,135,1,1,-1,-1
12,8,644,536,26,68,1,1,-1,-1
12,215,171,582,70,170,1,1,-1,-1
12,216,831,522,16,44,1,1,-1,-1
12,217,1287,506,20,42,1,1,-1,-1
12,218,1686,588,66,136,1,1,-1,-1
13,8,646,524,26,68,1,1,-1,-1
13,145,1523,536,38,79,1,1,-1,-1
13,215,161,590,62,157,1,1,-1,-1
13,216,831,510,16,44,1,1,-1,-1
13,217,1288,498,21,46,1,1,-1,-1
13,218,1695,591,65,138,1,1,-1,-1
14,8,642,531,27,72,1,1,-1,-1
14,145,1525,533,44,80,1,1,-1,-1
14,215,154,606,62,157,1,1,-1,-1
14,216,831,514,16,44,1,1,-1,-1
14,217,1289,497,20,46,1,1,-1,-1
14,218,1703,583,62,140,1,1,-1,-1
15,8,639,518,20,68,1,1,-1,-1
15,145,1529,535,43,81,1,1,-1,-1
15,218,1714,585,61,142,1,1,-1,-1
16,8,637,519,20,68,1,1,-1,-1
16,145,1534,538,42,81,1,1,-1,-1
17,8,640,531,27,73,1,1,-1,-1
17,58,1728,588,60,144,1,1,-1,-1
17,145,1538,538,41,81,1,1,-1,-1
17,146,619,532,23,67,1,1,-1,-1
18,8,635,521,20,68,1,1,-1,-1
18,58,1736,590,60,143,1,1,-1,-1
18,145,1542,538,40,81,1,1,-1,-1
18,146,618,532,23,69,1,1,-1,-1
19,8,633,550,19,59,1,1,-1,-1
19,58,1744,591,60,143,1,1,-1,-1
19,146,617,532,23,71,1,1,-1,-1
19,219,1652,588,55,145,1,1,-1,-1
20,8,634,524,16,67,1,1,-1,-1
20,58,1752,593,61,142,1,1,-1,-1
20,146,606,528,26,80,1,1,-1,-1
20,219,1659,590,56,145,1,1,-1,-1
21,8,634,533,27,75,1,1,-1,-1
21,58,1760,597,63,142,1,1,-1,-1
21,146,607,523,14,76,1,1,-1,-1
21,219,1667,592,57,146,1,1,-1,-1
22,8,633,534,26,76,1,1,-1,-1
22,58,1768,597,66,146,1,1,-1,-1
22,146,603,526,17,75,1,1,-1,-1
22,219,1674,594,59,150,1,1,-1,-1
23,8,625,553,23,68,1,1,-1,-1
23,58,1776,597,69,150,1,1,-1,-1
23,102,464,552,35,98,1,1,-1,-1
23,219,1682,596,61,154,1,1,-1,-1
23,220,669,528,29,66,1,1,-1,-1
24,8,630,537,26,77,1,1,-1,-1
24,58,1785,598,71,153,1,1,-1,-1
24,102,461,553,36,99,1,1,-1,-1
24,220,668,529,30,65,1,1,-1,-1
25,8,629,539,26,77,1,1,-1,-1
25,58,1820,591,60,127,1,1,-1,-1
25,102,459,555,35,100,1,1,-1,-1
25,220,667,530,31,65,1,1,-1,-1
26,8,628,541,26,77,1,1,-1,-1
26,102,457,556,35,101,1,1,-1,-1
26,220,667,522,38,79,1,1,-1,-1
26,221,502,566,38,98,1,1,-1,-1
26,222,1209,499,15,37,1,1,-1,-1
27,8,626,544,26,77,1,1,-1,-1
27,102,449,530,44,123,1,1,-1,-1
27,220,665,533,31,64,1,1,-1,-1
27,221,501,569,38,98,1,1,-1,-1
27,222,1209,501,15,37,1,1,-1,-1
28,102,452,559,36,102,1,1,-1,-1
28,221,499,570,38,98,1,1,-1,-1
28,222,1210,502,15,37,1,1,-1,-1
29,102,450,561,36,103,1,1,-1,-1
29,221,497,572,38,98,1,1,-1,-1
29,222,1212,506,15,37,1,1,-1,-1
30,221,495,574,38,98,1,1,-1,-1
30,222,1210,509,15,37,1,1,-1,-1
31,27,1463,565,52,138,1,1,-1,-1
32,27,1457,564,42,112,1,1,-1,-1
33,27,1464,550,44,119,1,1,-1,-1
33,223,1475,508,25,53,1,1,-1,-1
34,27,1468,548,44,119,1,1,-1,-1
34,223,1476,506,23,51,1,1,-1,-1
35,27,1472,545,45,120,1,1,-1,-1
35,40,1564,511,14,44,1,1,-1,-1
35,74,576,523,21,87,1,1,-1,-1
35,223,1478,504,23,51,1,1,-1,-1
36,27,1488,534,39,104,1,1,-1,-1
36,40,1561,508,15,54,1,1,-1,-1
36,74,573,527,19,70,1,1,-1,-1
36,223,1479,501,22,51,1,1,-1,-1
37,27,1500,540,39,106,1,1,-1,-1
37,40,1561,510,19,52,1,1,-1,-1
37,74,579,527,21,76,1,1,-1,-1
37,223,1479,500,22,51,1,1,-1,-1
38,27,1484,538,46,122,1,1,-1,-1
38,40,1566,523,22,62,1,1,-1,-1
38,74,578,528,21,76,1,1,-1,-1
39,27,1487,539,47,122,1,1,-1,-1
39,40,1566,506,21,55,1,1,-1,-1
39,74,584,529,17,61,1,1,-1,-1
40,27,1491,540,47,123,1,1,-1,-1
40,40,1565,506,16,48,1,1,-1,-1
40,74,575,524,21,76,1,1,-1,-1
41,27,1495,541,48,124,1,1,-1,-1
41,40,1568,509,16,48,1,1,-1,-1
41,74,576,522,20,79,1,1,-1,-1
41,75,1597,508,23,49,1,1,-1,-1
42,15,594,508,32,96,1,1,-1,-1
42,40,1569,510,17,48,1,1,-1,-1
42,74,581,544,25,77,1,1,-1,-1
42,75,1594,490,27,58,1,1,-1,-1
43,15,596,528,19,81,1,1,-1,-1
43,40,1569,512,15,50,1,1,-1,-1
43,75,1599,511,23,49,1,1,-1,-1
43,224,1221,495,15,38,1,1,-1,-1
44,13,606,540,30,83,1,1,-1,-1
44,15,593,528,19,81,1,1,-1,-1
44,40,1572,506,29,62,1,1,-1,-1
44,75,1600,512,23,49,1,1,-1,-1
44,76,1363,509,19,55,1,1,-1,-1
44,224,1221,497,16,37,1,1,-1,-1
45,13,605,541,30,83,1,1,-1,-1
45,15,591,527,21,80,1,1,-1,-1
45,75,1601,513,23,49,1,1,-1,-1
45,76,1364,511,19,55,1,1,-1,-1
45,224,1224,496,15,39,1,1,-1,-1
46,13,604,542,30,84,1,1,-1,-1
46,15,588,527,23,87,1,1,-1,-1
46,75,1602,514,23,49,1,1,-1,-1
46,76,1366,513,19,56,1,1,-1,-1
46,224,1224,496,14,41,1,1,-1,-1
46,225,1589,513,21,46,1,1,-1,-1
47,13,603,543,30,84,1,1,-1,-1
47,15,584,527,27,86,1,1,-1,-1
47,75,1604,516,23,49,1,1,-1,-1
47,76,1367,513,19,57,1,1,-1,-1
47,147,567,533,18,79,1,1,-1,-1
47,224,1225,497,16,40,1,1,-1,-1
47,225,1587,518,21,46,1,1,-1,-1
48,13,613,537,27,85,1,1,-1,-1
48,15,573,545,27,86,1,1,-1,-1
48,75,1605,515,23,49,1,1,-1,-1
48,76,1369,514,19,57,1,1,-1,-1
48,147,564,532,17,82,1,1,-1,-1
48,225,1582,516,21,49,1,1,-1,-1
49,13,597,527,33,97,1,1,-1,-1
49,15,573,549,26,84,1,1,-1,-1
49,76,1371,514,19,58,1,1,-1,-1
49,147,564,524,29,85,1,1,-1,-1
49,225,1575,522,19,54,1,1,-1,-1
50,13,613,538,27,85,1,1,-1,-1
50,15,577,530,26,85,1,1,-1,-1
50,76,1373,515,19,58,1,1,-1,-1
50,147,559,530,17,88,1,1,-1,-1
50,148,1055,501,13,29,1,1,-1,-1
50,225,1570,516,23,53,1,1,-1,-1
51,13,611,539,27,85,1,1,-1,-1
51,15,568,552,29,86,1,1,-1,-1
51,76,1375,516,19,59,1,1,-1,-1
51,147,557,529,16,90,1,1,-1,-1
51,148,1054,501,13,29,1,1,-1,-1
51,226,1586,524,22,46,1,1,-1,-1
52,13,610,540,27,85,1,1,-1,-1
52,15,565,554,29,85,1,1,-1,-1
52,59,1544,560,52,138,1,1,-1,-1
52,147,555,531,18,87,1,1,-1,-1
52,148,1054,502,13,29,1,1,-1,-1
52,226,1586,524,22,46,1,1,-1,-1
53,13,609,541,27,85,1,1,-1,-1
53,15,566,558,33,89,1,1,-1,-1
53,59,1549,559,52,139,1,1,-1,-1
53,77,1487,511,19,52,1,1,-1,-1
53,148,1054,502,13,29,1,1,-1,-1
53,226,1586,524,22,46,1,1,-1,-1
54,13,608,542,27,85,1,1,-1,-1
54,15,584,553,24,82,1,1,-1,-1
54,59,1554,558,52,140,1,1,-1,-1
54,77,1487,511,19,52,1,1,-1,-1
54,148,1053,502,13,29,1,1,-1,-1
54,226,1586,523,22,46,1,1,-1,-1
55,11,558,554,30,86,1,1,-1,-1
55,13,607,543,27,85,1,1,-1,-1
55,59,1559,557,52,141,1,1,-1,-1
55,77,1487,511,19,52,1,1,-1,-1
55,148,1052,502,13,30,1,1,-1,-1
55,149,433,561,46,119,1,1,-1,-1
55,226,1577,523,24,52,1,1,-1,-1
56,11,557,554,30,86,1,1,-1,-1
56,13,606,544,27,85,1,1,-1,-1
56,59,1564,556,52,142,1,1,-1,-1
56,77,1488,512,19,52,1,1,-1,-1
56,149,430,560,46,120,1,1,-1,-1
56,227,822,516,18,53,1,1,-1,-1
57,11,555,554,30,86,1,1,-1,-1
57,13,605,542,26,87,1,1,-1,-1
57,59,1569,555,53,143,1,1,-1,-1
57,77,1488,510,19,52,1,1,-1,-1
57,149,425,558,50,135,1,1,-1,-1
57,227,821,515,18,53,1,1,-1,-1
57,228,1382,512,21,61,1,1,-1,-1
58,11,552,553,30,86,1,1,-1,-1
58,59,1574,554,53,144,1,1,-1,-1
58,77,1488,508,19,52,1,1,-1,-1
58,149,407,544,49,138,1,1,-1,-1
58,227,823,531,19,56,1,1,-1,-1
58,228,1383,511,21,61,1,1,-1,-1
59,11,549,553,30,85,1,1,-1,-1
59,59,1579,553,53,145,1,1,-1,-1
59,77,1488,506,19,52,1,1,-1,-1
59,149,423,557,45,123,1,1,-1,-1
59,150,751,508,21,49,1,1,-1,-1
59,227,819,514,18,53,1,1,-1,-1
59,228,1384,510,22,62,1,1,-1,-1
60,11,554,529,28,97,1,1,-1,-1
60,59,1584,552,53,146,1,1,-1,-1
60,77,1488,504,19,52,1,1,-1,-1
60,149,420,556,45,124,1,1,-1,-1
60,150,750,507,21,49,1,1,-1,-1
60,227,818,513,18,53,1,1,-1,-1
60,228,1386,510,22,62,1,1,-1,-1
61,11,543,552,31,84,1,1,-1,-1
61,150,750,507,21,49,1,1,-1,-1
61,151,533,530,22,84,1,1,-1,-1
61,228,1387,508,23,58,1,1,-1,-1
62,11,539,524,40,103,1,1,-1,-1
62,150,748,504,22,50,1,1,-1,-1
62,151,533,524,22,84,1,1,-1,-1
63,11,538,558,32,88,1,1,-1,-1
63,150,746,512,22,51,1,1,-1,-1
63,151,528,538,22,84,1,1,-1,-1
63,152,1269,495,21,48,1,1,-1,-1
64,11,534,548,32,89,1,1,-1,-1
64,150,747,504,21,52,1,1,-1,-1
64,151,527,523,22,84,1,1,-1,-1
64,152,1269,497,22,47,1,1,-1,-1
65,11,530,555,32,88,1,1,-1,-1
65,151,524,529,22,84,1,1,-1,-1
65,152,1270,499,22,47,1,1,-1,-1
65,153,1662,504,31,57,1,1,-1,-1
66,11,536,540,30,98,1,1,-1,-1
66,151,523,537,22,84,1,1,-1,-1
66,152,1271,501,22,47,1,1,-1,-1
66,153,1663,498,30,58,1,1,-1,-1
67,11,525,527,37,105,1,1,-1,-1
67,152,1272,504,22,46,1,1,-1,-1
67,153,1662,513,29,58,1,1,-1,-1
68,11,521,534,37,105,1,1,-1,-1
68,152,1269,502,22,46,1,1,-1,-1
68,153,1658,503,29,59,1,1,-1,-1
69,3,510,528,22,84,1,1,-1,-1
69,11,518,530,37,105,1,1,-1,-1
69,153,1647,504,33,70,1,1,-1,-1
69,229,1761,549,44,98,1,1,-1,-1
70,3,506,529,22,84,1,1,-1,-1
70,153,1655,495,34,75,1,1,-1,-1
70,229,1762,550,47,98,1,1,-1,-1
71,3,504,529,22,84,1,1,-1,-1
71,229,1764,551,49,99,1,1,-1,-1
72,3,502,535,36,102,1,1,-1,-1
72,103,1588,519,24,48,1,1,-1,-1
72,229,1787,554,44,101,1,1,-1,-1
73,3,498,532,36,102,1,1,-1,-1
73,103,1596,510,20,53,1,1,-1,-1
73,229,1785,553,37,100,1,1,-1,-1
74,3,494,532,36,102,1,1,-1,-1
74,16,1222,494,16,41,1,1,-1,-1
74,103,1594,510,19,54,1,1,-1,-1
74,230,1392,516,23,60,1,1,-1,-1
75,3,492,531,33,101,1,1,-1,-1
75,16,1221,495,14,42,1,1,-1,-1
75,103,1592,511,19,54,1,1,-1,-1
75,230,1391,516,23,60,1,1,-1,-1
76,3,486,552,31,98,1,1,-1,-1
76,16,1219,494,16,41,1,1,-1,-1
76,103,1583,519,20,51,1,1,-1,-1
76,230,1390,516,23,61,1,1,-1,-1
77,3,481,552,31,99,1,1,-1,-1
77,16,1216,496,17,40,1,1,-1,-1
77,60,787,512,19,56,1,1,-1,-1
77,103,1585,511,20,54,1,1,-1,-1
77,154,560,531,39,108,1,1,-1,-1
77,155,344,559,49,129,1,1,-1,-1
77,230,1389,516,23,61,1,1,-1,-1
78,3,474,552,31,100,1,1,-1,-1
78,16,1213,495,17,40,1,1,-1,-1
78,60,784,512,19,56,1,1,-1,-1
78,103,1592,517,25,51,1,1,-1,-1
78,154,546,539,35,109,1,1,-1,-1
78,155,336,560,49,130,1,1,-1,-1
78,230,1388,516,23,62,1,1,-1,-1
78,231,1417,515,23,49,1,1,-1,-1
79,3,473,533,32,106,1,1,-1,-1
79,16,1212,494,17,40,1,1,-1,-1
79,28,1567,510,23,59,1,1,-1,-1
79,60,781,512,19,56,1,1,-1,-1
79,154,541,539,35,110,1,1,-1,-1
79,155,330,560,50,130,1,1,-1,-1
79,231,1413,515,23,49,1,1,-1,-1
80,3,466,540,32,106,1,1,-1,-1
80,16,1210,495,17,40,1,1,-1,-1
80,28,1564,510,22,58,1,1,-1,-1
80,60,778,512,19,56,1,1,-1,-1
80,154,535,540,36,110,1,1,-1,-1
80,155,325,561,50,129,1,1,-1,-1
80,231,1410,514,23,51,1,1,-1,-1
81,3,455,554,32,101,1,1,-1,-1
81,16,1207,493,17,40,1,1,-1,-1
81,28,1573,509,17,57,1,1,-1,-1
81,60,775,512,20,56,1,1,-1,-1
81,154,530,540,36,111,1,1,-1,-1
81,155,319,562,51,128,1,1,-1,-1
81,156,466,528,37,124,1,1,-1,-1
81,231,1407,514,23,51,1,1,-1,-1
82,3,454,528,22,84,1,1,-1,-1
82,16,1204,494,17,40,1,1,-1,-1
82,28,1569,518,24,50,1,1,-1,-1
82,60,771,512,20,56,1,1,-1,-1
82,154,524,541,37,111,1,1,-1,-1
82,155,335,549,55,137,1,1,-1,-1
82,156,455,539,31,105,1,1,-1,-1
82,231,1403,514,23,52,1,1,-1,-1
83,3,447,528,22,84,1,1,-1,-1
83,16,1201,494,17,40,1,1,-1,-1
83,28,1566,517,24,51,1,1,-1,-1
83,60,767,513,20,56,1,1,-1,-1
83,156,442,555,33,102,1,1,-1,-1
84,3,440,528,22,84,1,1,-1,-1
84,16,1199,494,17,40,1,1,-1,-1
84,28,1565,496,23,58,1,1,-1,-1
84,60,763,513,20,57,1,1,-1,-1
84,78,1539,516,21,53,1,1,-1,-1
84,156,436,556,33,102,1,1,-1,-1
84,232,454,560,43,134,1,1,-1,-1
85,3,433,528,26,83,1,1,-1,-1
85,16,1196,495,17,40,1,1,-1,-1
85,28,1560,516,24,52,1,1,-1,-1
85,60,760,514,20,57,1,1,-1,-1
85,78,1537,516,21,53,1,1,-1,-1
85,156,430,557,33,103,1,1,-1,-1
85,232,456,552,39,108,1,1,-1,-1
85,233,508,542,38,113,1,1,-1,-1
86,3,426,529,26,83,1,1,-1,-1
86,16,1194,494,16,42,1,1,-1,-1
86,28,1556,508,22,55,1,1,-1,-1
86,78,1541,522,19,49,1,1,-1,-1
86,156,422,558,33,104,1,1,-1,-1
86,232,450,554,38,109,1,1,-1,-1
86,233,513,521,35,105,1,1,-1,-1
87,3,424,529,26,83,1,1,-1,-1
87,28,1555,518,24,51,1,1,-1,-1
87,78,1530,518,21,53,1,1,-1,-1
87,232,445,556,38,110,1,1,-1,-1
87,233,523,532,34,102,1,1,-1,-1
88,28,1563,515,19,54,1,1,-1,-1
88,61,406,562,35,104,1,1,-1,-1
88,78,1526,519,22,53,1,1,-1,-1
88,157,1674,589,74,185,1,1,-1,-1
88,232,437,558,39,110,1,1,-1,-1
88,233,515,542,38,100,1,1,-1,-1
88,234,1233,506,22,47,1,1,-1,-1
89,28,1563,512,22,63,1,1,-1,-1
89,61,399,564,35,105,1,1,-1,-1
89,78,1532,511,23,59,1,1,-1,-1
89,157,1676,591,75,186,1,1,-1,-1
89,233,509,545,38,100,1,1,-1,-1
89,234,1230,507,22,47,1,1,-1,-1
90,61,391,566,35,106,1,1,-1,-1
90,78,1541,511,22,56,1,1,-1,-1
90,157,1678,593,76,188,1,1,-1,-1
90,234,1227,508,22,47,1,1,-1,-1
91,61,387,551,42,114,1,1,-1,-1
91,78,1537,513,22,56,1,1,-1,-1
91,104,257,573,47,134,1,1,-1,-1
91,157,1680,596,78,189,1,1,-1,-1
91,234,1224,509,22,47,1,1,-1,-1
91,235,472,554,39,119,1,1,-1,-1
92,61,402,577,39,103,1,1,-1,-1
92,104,249,576,48,134,1,1,-1,-1
92,157,1682,598,79,190,1,1,-1,-1
92,234,1226,491,20,40,1,1,-1,-1
92,235,466,557,40,120,1,1,-1,-1
93,61,415,582,34,91,1,1,-1,-1
93,104,241,578,50,135,1,1,-1,-1
93,157,1685,600,79,191,1,1,-1,-1
93,235,460,559,40,121,1,1,-1,-1
93,236,942,505,13,29,1,1,-1,-1
93,237,1547,521,19,53,1,1,-1,-1
94,61,396,575,41,110,1,1,-1,-1
94,104,233,581,51,135,1,1,-1,-1
94,235,454,561,40,122,1,1,-1,-1
94,236,937,507,14,28,1,1,-1,-1
94,237,1535,526,25,50,1,1,-1,-1
94,238,1387,520,20,54,1,1,-1,-1
95,61,389,577,41,110,1,1,-1,-1
95,104,225,583,52,136,1,1,-1,-1
95,158,1691,603,80,195,1,1,-1,-1
95,235,448,563,40,123,1,1,-1,-1
95,236,933,509,14,28,1,1,-1,-1
95,237,1533,527,25,51,1,1,-1,-1
95,238,1394,518,22,55,1,1,-1,-1
96,61,383,582,38,100,1,1,-1,-1
96,104,229,584,48,123,1,1,-1,-1
96,105,1516,519,20,56,1,1,-1,-1
96,158,1694,605,80,196,1,1,-1,-1
96,159,348,581,35,109,1,1,-1,-1
96,236,930,510,13,29,1,1,-1,-1
96,237,1528,527,20,56,1,1,-1,-1
96,238,1394,533,19,49,1,1,-1,-1
97,104,209,586,55,138,1,1,-1,-1
97,105,1512,519,20,57,1,1,-1,-1
97,158,1697,606,80,199,1,1,-1,-1
97,159,340,582,35,109,1,1,-1,-1
97,236,926,510,12,29,1,1,-1,-1
97,237,1534,525,21,54,1,1,-1,-1
97,238,1395,522,19,52,1,1,-1,-1
98,79,1690,549,39,102,1,1,-1,-1
98,105,1508,519,20,57,1,1,-1,-1
98,106,1292,521,23,51,1,1,-1,-1
98,158,1700,608,80,200,1,1,-1,-1
98,159,332,587,37,109,1,1,-1,-1
98,238,1390,521,18,54,1,1,-1,-1
99,62,288,582,30,95,1,1,-1,-1
99,79,1694,551,34,88,1,1,-1,-1
99,105,1504,519,20,58,1,1,-1,-1
99,106,1288,523,23,51,1,1,-1,-1
99,158,1703,609,80,203,1,1,-1,-1
99,159,320,562,52,121,1,1,-1,-1
100,19,1487,522,23,60,1,1,-1,-1
100,62,279,582,31,97,1,1,-1,-1
100,79,1686,552,40,103,1,1,-1,-1
100,105,1500,520,20,57,1,1,-1,-1
100,106,1285,522,22,51,1,1,-1,-1
100,158,1706,611,80,204,1,1,-1,-1
100,159,314,588,37,110,1,1,-1,-1
101,19,1483,522,23,60,1,1,-1,-1
101,62,271,583,30,97,1,1,-1,-1
101,79,1685,554,40,103,1,1,-1,-1
101,105,1495,520,21,58,1,1,-1,-1
101,106,1280,522,23,51,1,1,-1,-1
101,107,661,516,20,60,1,1,-1,-1
101,159,304,568,55,117,1,1,-1,-1
101,239,1347,535,24,65,1,1,-1,-1
102,19,1478,522,23,61,1,1,-1,-1
102,62,262,584,31,98,1,1,-1,-1
102,79,1676,566,31,86,1,1,-1,-1
102,105,1491,520,21,58,1,1,-1,-1
102,106,1277,522,23,51,1,1,-1,-1
102,107,666,523,19,61,1,1,-1,-1
102,239,1355,522,22,53,1,1,-1,-1
102,240,1770,566,45,107,1,1,-1,-1
103,19,1474,523,22,60,1,1,-1,-1
103,62,254,585,30,98,1,1,-1,-1
103,79,1682,550,36,107,1,1,-1,-1
103,106,1274,522,22,51,1,1,-1,-1
103,107,662,523,19,61,1,1,-1,-1
103,160,1553,522,21,60,1,1,-1,-1
103,239,1358,513,23,50,1,1,-1,-1
103,240,1769,566,45,107,1,1,-1,-1
104,19,1469,523,23,61,1,1,-1,-1
104,62,245,585,31,99,1,1,-1,-1
104,79,1681,548,34,109,1,1,-1,-1
104,80,1320,506,28,61,1,1,-1,-1
104,106,1269,521,22,51,1,1,-1,-1
104,107,658,523,19,61,1,1,-1,-1
104,160,1550,523,21,61,1,1,-1,-1
104,161,1500,534,25,53,1,1,-1,-1
104,239,1364,519,21,52,1,1,-1,-1
104,240,1768,566,45,107,1,1,-1,-1
104,241,644,515,19,59,1,1,-1,-1
104,242,1340,534,24,69,1,1,-1,-1
105,19,1465,523,22,61,1,1,-1,-1
105,62,237,586,30,100,1,1,-1,-1
105,79,1680,541,30,96,1,1,-1,-1
105,80,1327,529,26,55,1,1,-1,-1
105,107,653,522,19,62,1,1,-1,-1
105,108,87,580,54,146,1,1,-1,-1
105,160,1545,523,21,61,1,1,-1,-1
105,161,1496,534,25,53,1,1,-1,-1
105,239,1370,502,20,50,1,1,-1,-1
105,240,1767,566,45,107,1,1,-1,-1
105,241,639,515,20,59,1,1,-1,-1
105,242,1338,534,25,69,1,1,-1,-1
106,19,1461,524,22,61,1,1,-1,-1
106,62,228,587,31,100,1,1,-1,-1
106,80,1324,530,26,55,1,1,-1,-1
106,107,658,531,22,66,1,1,-1,-1
106,108,80,579,54,147,1,1,-1,-1
106,160,1541,523,21,61,1,1,-1,-1
106,161,1501,528,23,56,1,1,-1,-1
106,240,1766,566,44,107,1,1,-1,-1
106,241,640,523,19,57,1,1,-1,-1
106,242,1336,534,25,69,1,1,-1,-1
106,243,617,521,17,47,1,1,-1,-1
107,19,1464,529,19,58,1,1,-1,-1
107,62,217,597,27,89,1,1,-1,-1
107,80,1320,529,26,55,1,1,-1,-1
107,107,653,502,26,80,1,1,-1,-1
107,108,73,578,54,148,1,1,-1,-1
107,160,1536,523,22,61,1,1,-1,-1
107,161,1497,527,23,57,1,1,-1,-1
107,241,645,522,19,62,1,1,-1,-1
107,242,1334,534,26,69,1,1,-1,-1
107,243,621,529,17,54,1,1,-1,-1
108,19,1460,529,19,58,1,1,-1,-1
108,80,1317,529,25,54,1,1,-1,-1
108,108,66,577,54,149,1,1,-1,-1
108,160,1532,523,21,61,1,1,-1,-1
108,161,1488,534,26,54,1,1,-1,-1
108,241,640,521,19,63,1,1,-1,-1
108,242,1332,534,27,69,1,1,-1,-1
108,243,625,514,20,60,1,1,-1,-1
109,19,1455,529,20,57,1,1,-1,-1
109,80,1327,522,23,53,1,1,-1,-1
109,81,277,547,27,93,1,1,-1,-1
109,108,57,578,54,149,1,1,-1,-1
109,161,1483,535,26,54,1,1,-1,-1
109,243,620,514,20,60,1,1,-1,-1
109,244,338,585,46,140,1,1,-1,-1
110,19,1451,529,20,57,1,1,-1,-1
110,80,1323,522,23,53,1,1,-1,-1
110,81,268,567,23,78,1,1,-1,-1
110,108,48,579,54,149,1,1,-1,-1
110,243,615,514,20,60,1,1,-1,-1
110,244,327,573,44,133,1,1,-1,-1
111,19,1447,529,20,57,1,1,-1,-1
111,80,1319,522,23,53,1,1,-1,-1
111,81,262,546,27,93,1,1,-1,-1
111,108,39,580,54,149,1,1,-1,-1
111,244,317,573,44,135,1,1,-1,-1
112,81,254,547,27,93,1,1,-1,-1
112,244,294,580,45,136,1,1,-1,-1
113,81,246,549,28,92,1,1,-1,-1
113,109,1464,535,24,55,1,1,-1,-1
113,162,1426,522,23,62,1,1,-1,-1
113,244,297,575,45,137,1,1,-1,-1
114,81,237,551,29,91,1,1,-1,-1
114,109,1460,535,23,55,1,1,-1,-1
114,162,1421,522,23,62,1,1,-1,-1
114,163,1154,519,19,48,1,1,-1,-1
114,164,144,596,46,129,1,1,-1,-1
115,81,229,548,29,91,1,1,-1,-1
115,109,1466,527,21,58,1,1,-1,-1
115,162,1416,522,23,62,1,1,-1,-1
115,163,1151,519,19,48,1,1,-1,-1
115,164,166,595,44,121,1,1,-1,-1
116,81,219,552,32,90,1,1,-1,-1
116,109,1463,527,20,58,1,1,-1,-1
116,162,1411,522,24,62,1,1,-1,-1
116,163,1148,519,19,48,1,1,-1,-1
116,164,188,574,38,136,1,1,-1,-1
117,109,1459,527,20,58,1,1,-1,-1
117,162,1419,524,21,59,1,1,-1,-1
117,163,1145,520,19,48,1,1,-1,-1
117,164,194,590,47,132,1,1,-1,-1
117,245,1488,523,30,68,1,1,-1,-1
118,6,110,600,31,107,1,1,-1,-1
118,109,1455,527,20,58,1,1,-1,-1
118,110,1400,520,24,62,1,1,-1,-1
118,162,1414,523,21,59,1,1,-1,-1
118,163,1141,519,19,48,1,1,-1,-1
118,164,184,591,48,134,1,1,-1,-1
118,245,1483,522,29,64,1,1,-1,-1
119,6,119,599,49,125,1,1,-1,-1
119,109,1452,527,19,58,1,1,-1,-1
119,110,1395,519,24,63,1,1,-1,-1
119,163,1137,519,19,48,1,1,-1,-1
119,164,167,588,58,161,1,1,-1,-1
119,245,1482,521,24,64,1,1,-1,-1
120,6,108,601,49,125,1,1,-1,-1
120,17,517,524,19,62,1,1,-1,-1
120,110,1404,522,21,60,1,1,-1,-1
120,245,1477,521,24,63,1,1,-1,-1
121,6,97,603,49,126,1,1,-1,-1
121,17,512,525,19,62,1,1,-1,-1
121,110,1410,530,20,59,1,1,-1,-1
121,245,1472,520,25,64,1,1,-1,-1
121,246,155,537,51,108,1,1,-1,-1
121,247,1384,518,24,62,1,1,-1,-1
122,6,120,577,44,139,1,1,-1,-1
122,17,506,525,19,62,1,1,-1,-1
122,110,1406,529,20,59,1,1,-1,-1
122,165,531,531,17,47,1,1,-1,-1
122,246,165,557,46,103,1,1,-1,-1
122,247,1379,517,24,63,1,1,-1,-1
123,6,110,617,48,131,1,1,-1,-1
123,17,501,525,19,63,1,1,-1,-1
123,20,1451,505,27,66,1,1,-1,-1
123,110,1415,524,19,55,1,1,-1,-1
123,165,527,532,17,47,1,1,-1,-1
123,246,155,559,46,107,1,1,-1,-1
123,247,1391,530,19,56,1,1,-1,-1
124,6,99,582,46,142,1,1,-1,-1
124,17,496,525,19,63,1,1,-1,-1
124,20,1460,519,21,67,1,1,-1,-1
124,110,1411,532,28,55,1,1,-1,-1
124,165,521,529,17,47,1,1,-1,-1
124,246,145,560,46,105,1,1,-1,-1
124,247,1384,521,22,61,1,1,-1,-1
124,248,60,596,29,102,1,1,-1,-1
125,6,94,548,52,160,1,1,-1,-1
125,17,490,526,20,63,1,1,-1,-1
125,20,1454,520,25,64,1,1,-1,-1
125,165,514,529,17,47,1,1,-1,-1
125,166,1617,548,48,113,1,1,-1,-1
125,246,139,561,45,114,1,1,-1,-1
125,247,1379,521,23,61,1,1,-1,-1
125,248,49,596,33,114,1,1,-1,-1
126,6,80,587,46,142,1,1,-1,-1
126,17,485,526,20,63,1,1,-1,-1
126,20,1450,517,18,68,1,1,-1,-1
126,165,509,531,17,47,1,1,-1,-1
126,166,1614,548,50,113,1,1,-1,-1
126,248,41,612,51,129,1,1,-1,-1
127,6,62,565,47,137,1,1,-1,-1
127,17,480,526,20,64,1,1,-1,-1
127,20,1445,517,18,69,1,1,-1,-1
127,111,115,628,39,106,1,1,-1,-1
127,112,1277,533,31,76,1,1,-1,-1
127,165,500,530,20,53,1,1,-1,-1
127,166,1610,548,49,113,1,1,-1,-1
127,167,524,522,20,60,1,1,-1,-1
127,248,29,613,52,130,1,1,-1,-1
128,6,55,591,50,146,1,1,-1,-1
128,17,475,527,20,64,1,1,-1,-1
128,20,1440,517,19,70,1,1,-1,-1
128,111,114,564,42,125,1,1,-1,-1
128,112,1275,532,29,79,1,1,-1,-1
128,166,1601,529,61,140,1,1,-1,-1
128,167,518,523,20,60,1,1,-1,-1
128,248,18,615,52,131,1,1,-1,-1
128,249,1164,524,18,46,1,1,-1,-1
129,6,43,589,49,154,1,1,-1,-1
129,17,468,527,20,64,1,1,-1,-1
129,20,1435,517,19,71,1,1,-1,-1
129,111,105,564,42,125,1,1,-1,-1
129,112,1273,532,29,79,1,1,-1,-1
129,166,1603,548,48,114,1,1,-1,-1
129,167,513,524,20,60,1,1,-1,-1
129,249,1160,524,18,46,1,1,-1,-1
130,6,38,597,43,139,1,1,-1,-1
130,17,462,527,19,64,1,1,-1,-1
130,20,1424,527,23,72,1,1,-1,-1
130,111,95,565,42,125,1,1,-1,-1
130,112,1271,532,29,79,1,1,-1,-1
130,166,1593,551,52,123,1,1,-1,-1
130,167,508,525,20,60,1,1,-1,-1
130,249,1155,524,19,46,1,1,-1,-1
131,6,18,586,47,160,1,1,-1,-1
131,17,456,527,19,65,1,1,-1,-1
131,20,1431,522,21,67,1,1,-1,-1
131,21,1221,521,22,58,1,1,-1,-1
131,111,86,567,42,125,1,1,-1,-1
131,112,1270,533,29,78,1,1,-1,-1
131,167,500,526,20,60,1,1,-1,-1
131,249,1151,524,18,46,1,1,-1,-1
132,6,6,589,47,160,1,1,-1,-1
132,17,450,527,19,66,1,1,-1,-1
132,20,1423,518,19,71,1,1,-1,-1
132,21,1231,533,20,51,1,1,-1,-1
132,111,76,568,42,125,1,1,-1,-1
132,112,1267,534,30,78,1,1,-1,-1
132,167,504,514,21,60,1,1,-1,-1
132,249,1147,524,18,47,1,1,-1,-1
132,250,1034,508,17,43,1,1,-1,-1
133,6,16,616,56,152,1,1,-1,-1
133,20,1417,489,26,88,1,1,-1,-1
133,21,1232,521,21,55,1,1,-1,-1
133,41,1394,525,19,61,1,1,-1,-1
133,111,69,569,42,125,1,1,-1,-1
133,112,1264,535,31,78,1,1,-1,-1
133,250,1031,509,16,41,1,1,-1,-1
134,6,4,618,58,155,1,1,-1,-1
134,20,1422,491,28,101,1,1,-1,-1
134,21,1228,521,21,55,1,1,-1,-1
134,41,1390,525,19,61,1,1,-1,-1
134,250,1026,508,16,41,1,1,-1,-1
135,6,-8,619,58,155,1,1,-1,-1
135,21,1224,520,21,56,1,1,-1,-1
135,41,1386,524,20,62,1,1,-1,-1
135,250,1022,509,16,41,1,1,-1,-1
135,251,513,530,20,64,1,1,-1,-1
136,21,1230,509,25,55,1,1,-1,-1
136,41,1393,516,18,64,1,1,-1,-1
136,250,1018,508,16,41,1,1,-1,-1
136,251,519,536,21,66,1,1,-1,-1
136,252,1073,520,20,50,1,1,-1,-1
137,21,1232,522,24,52,1,1,-1,-1
137,41,1392,519,27,70,1,1,-1,-1
137,168,28,610,61,167,1,1,-1,-1
137,251,513,536,22,67,1,1,-1,-1
137,252,1070,521,20,50,1,1,-1,-1
137,253,1700,561,61,113,1,1,-1,-1
138,21,1228,522,24,52,1,1,-1,-1
138,41,1387,520,31,70,1,1,-1,-1
138,168,16,610,61,168,1,1,-1,-1
138,169,21,570,47,112,1,1,-1,-1
138,170,1192,521,22,59,1,1,-1,-1
138,251,523,541,20,62,1,1,-1,-1
138,252,1067,520,19,51,1,1,-1,-1
138,253,1699,561,61,114,1,1,-1,-1
138,254,720,511,12,32,1,1,-1,-1
139,21,1224,522,23,52,1,1,-1,-1
139,41,1383,519,31,71,1,1,-1,-1
139,82,494,531,20,63,1,1,-1,-1
139,168,3,611,63,169,1,1,-1,-1
139,169,9,563,57,130,1,1,-1,-1
139,170,1188,521,22,59,1,1,-1,-1
139,251,517,554,17,53,1,1,-1,-1
139,252,1072,511,26,52,1,1,-1,-1
139,253,1694,562,62,114,1,1,-1,-1
139,254,715,511,12,32,1,1,-1,-1
140,21,1219,522,24,52,1,1,-1,-1
140,41,1397,523,20,69,1,1,-1,-1
140,82,490,531,19,64,1,1,-1,-1
140,168,-9,612,64,170,1,1,-1,-1
140,169,4,572,47,106,1,1,-1,-1
140,170,1184,521,22,59,1,1,-1,-1
140,252,1076,520,25,52,1,1,-1,-1
140,253,1693,560,61,114,1,1,-1,-1
140,254,710,510,12,32,1,1,-1,-1
141,21,1222,519,19,49,1,1,-1,-1
141,41,1394,523,19,69,1,1,-1,-1
141,42,440,512,24,66,1,1,-1,-1
141,82,493,537,22,68,1,1,-1,-1
141,168,-22,613,64,170,1,1,-1,-1
141,169,-7,573,47,106,1,1,-1,-1
141,170,1180,521,22,59,1,1,-1,-1
141,253,1693,558,59,114,1,1,-1,-1
141,254,705,510,12,32,1,1,-1,-1
142,21,1211,522,23,53,1,1,-1,-1
142,41,1390,523,20,69,1,1,-1,-1
142,42,440,525,22,61,1,1,-1,-1
142,82,488,538,21,67,1,1,-1,-1
142,168,-42,567,75,200,1,1,-1,-1
142,169,-13,575,47,106,1,1,-1,-1
142,170,1176,521,22,59,1,1,-1,-1
142,254,700,510,12,32,1,1,-1,-1
143,42,435,525,22,62,1,1,-1,-1
143,82,483,538,21,68,1,1,-1,-1
143,169,-22,572,47,106,1,1,-1,-1
143,170,1172,521,22,59,1,1,-1,-1
144,42,429,525,23,63,1,1,-1,-1
144,82,477,538,22,68,1,1,-1,-1
144,255,1549,548,42,119,1,1,-1,-1
145,42,424,525,23,64,1,1,-1,-1
145,43,1312,532,26,56,1,1,-1,-1
145,63,1164,521,22,60,1,1,-1,-1
145,82,474,531,24,65,1,1,-1,-1
145,255,1545,548,43,119,1,1,-1,-1
146,42,419,525,23,65,1,1,-1,-1
146,43,1307,531,26,57,1,1,-1,-1
146,63,1159,520,22,60,1,1,-1,-1
146,82,467,539,22,68,1,1,-1,-1
146,255,1542,549,43,119,1,1,-1,-1
147,42,413,526,20,65,1,1,-1,-1
147,43,1302,531,26,57,1,1,-1,-1
147,63,1155,520,22,60,1,1,-1,-1
147,255,1534,550,47,118,1,1,-1,-1
148,42,408,525,23,66,1,1,-1,-1
148,43,1316,531,20,57,1,1,-1,-1
148,63,1151,520,22,60,1,1,-1,-1
148,171,455,526,28,87,1,1,-1,-1
148,255,1526,552,51,117,1,1,-1,-1
149,42,402,525,24,67,1,1,-1,-1
149,43,1311,531,20,57,1,1,-1,-1
149,63,1147,520,22,60,1,1,-1,-1
149,171,446,501,27,88,1,1,-1,-1
150,42,397,525,24,68,1,1,-1,-1
150,43,1307,532,20,57,1,1,-1,-1
150,63,1143,520,22,60,1,1,-1,-1
150,171,444,506,25,83,1,1,-1,-1
151,43,1303,533,20,57,1,1,-1,-1
151,63,1138,519,22,61,1,1,-1,-1
151,83,1509,554,51,114,1,1,-1,-1
151,171,442,541,22,69,1,1,-1,-1
152,43,1295,523,25,70,1,1,-1,-1
152,44,1326,504,23,65,1,1,-1,-1
152,63,1134,519,22,61,1,1,-1,-1
152,83,1505,552,50,116,1,1,-1,-1
152,113,1247,528,17,56,1,1,-1,-1
152,171,435,542,22,68,1,1,-1,-1
153,43,1291,531,20,57,1,1,-1,-1
153,44,1319,523,24,68,1,1,-1,-1
153,63,1136,527,23,63,1,1,-1,-1
153,83,1501,551,49,117,1,1,-1,-1
153,113,1250,515,27,64,1,1,-1,-1
153,171,422,537,30,84,1,1,-1,-1
154,43,1280,530,24,68,1,1,-1,-1
154,44,1314,523,24,68,1,1,-1,-1
154,83,1497,549,47,118,1,1,-1,-1
154,113,1246,515,26,64,1,1,-1,-1
155,44,1309,523,24,67,1,1,-1,-1
155,83,1493,547,46,120,1,1,-1,-1
155,113,1241,515,27,64,1,1,-1,-1
155,256,631,511,13,32,1,1,-1,-1
156,44,1318,522,29,71,1,1,-1,-1
156,83,1489,546,45,121,1,1,-1,-1
156,113,1237,515,27,64,1,1,-1,-1
156,256,625,511,13,32,1,1,-1,-1
156,257,1274,529,21,58,1,1,-1,-1
157,44,1312,522,30,71,1,1,-1,-1
157,83,1483,546,45,121,1,1,-1,-1
157,113,1235,497,28,66,1,1,-1,-1
157,256,618,511,14,32,1,1,-1,-1
157,257,1262,530,25,63,1,1,-1,-1
158,44,1307,522,29,71,1,1,-1,-1
158,83,1474,532,44,120,1,1,-1,-1
158,113,1228,514,27,64,1,1,-1,-1
158,256,612,512,14,32,1,1,-1,-1
158,257,1266,529,21,59,1,1,-1,-1
159,44,1302,522,29,71,1,1,-1,-1
159,256,607,513,15,31,1,1,-1,-1
159,257,1262,529,21,59,1,1,-1,-1
159,258,1197,517,18,61,1,1,-1,-1
160,44,1296,521,30,71,1,1,-1,-1
160,257,1271,529,20,61,1,1,-1,-1
160,258,1191,517,18,61,1,1,-1,-1
160,259,1197,534,33,84,1,1,-1,-1
161,44,1291,521,29,71,1,1,-1,-1
161,258,1185,517,18,61,1,1,-1,-1
161,259,1194,533,35,86,1,1,-1,-1
162,114,1635,551,47,122,1,1,-1,-1
162,258,1180,517,17,61,1,1,-1,-1
162,259,1199,498,41,94,1,1,-1,-1
163,114,1631,550,48,123,1,1,-1,-1
163,258,1177,518,17,61,1,1,-1,-1
163,259,1190,531,37,90,1,1,-1,-1
163,260,1230,530,25,63,1,1,-1,-1
164,84,261,546,18,59,1,1,-1,-1
164,114,1628,550,47,123,1,1,-1,-1
164,259,1188,531,39,91,1,1,-1,-1
164,260,1224,530,26,63,1,1,-1,-1
164,261,359,544,20,69,1,1,-1,-1
165,84,261,544,24,73,1,1,-1,-1
165,114,1624,550,48,123,1,1,-1,-1
165,172,1093,518,29,62,1,1,-1,-1
165,260,1219,530,26,63,1,1,-1,-1
165,261,355,544,19,70,1,1,-1,-1
166,84,255,544,24,73,1,1,-1,-1
166,114,1620,549,48,124,1,1,-1,-1
166,172,1087,521,32,58,1,1,-1,-1
166,260,1214,530,26,63,1,1,-1,-1
166,261,350,545,19,69,1,1,-1,-1
166,262,273,550,19,62,1,1,-1,-1
167,84,250,544,24,73,1,1,-1,-1
167,114,1617,549,48,124,1,1,-1,-1
167,172,1085,518,32,59,1,1,-1,-1
167,260,1214,528,26,63,1,1,-1,-1
167,261,345,545,19,70,1,1,-1,-1
167,262,266,550,19,62,1,1,-1,-1
168,84,245,545,24,73,1,1,-1,-1
168,114,1613,549,48,124,1,1,-1,-1
168,172,1091,514,32,60,1,1,-1,-1
168,261,344,556,23,66,1,1,-1,-1
168,262,261,549,19,62,1,1,-1,-1
169,84,239,545,24,73,1,1,-1,-1
169,172,1083,518,23,60,1,1,-1,-1
169,262,256,550,19,62,1,1,-1,-1
170,84,249,550,19,62,1,1,-1,-1
170,115,1187,548,37,95,1,1,-1,-1
170,172,1079,518,23,60,1,1,-1,-1
170,262,253,556,22,66,1,1,-1,-1
171,84,243,550,19,62,1,1,-1,-1
171,115,1189,535,34,88,1,1,-1,-1
172,115,1180,536,35,91,1,1,-1,-1
172,263,218,525,22,66,1,1,-1,-1
173,64,324,546,28,70,1,1,-1,-1
173,115,1180,536,35,93,1,1,-1,-1
173,263,219,547,24,73,1,1,-1,-1
174,64,316,558,23,66,1,1,-1,-1
174,115,1196,529,29,82,1,1,-1,-1
174,263,231,545,17,66,1,1,-1,-1
174,264,313,546,18,71,1,1,-1,-1
175,64,307,571,24,70,1,1,-1,-1
175,115,1182,536,31,90,1,1,-1,-1
175,263,228,544,17,67,1,1,-1,-1
175,264,308,546,19,71,1,1,-1,-1
176,64,303,546,20,71,1,1,-1,-1
176,115,1176,537,36,93,1,1,-1,-1
176,263,224,545,17,67,1,1,-1,-1
176,264,308,558,23,67,1,1,-1,-1
176,265,1059,518,23,62,1,1,-1,-1
177,64,299,546,19,71,1,1,-1,-1
177,85,1188,532,23,64,1,1,-1,-1
177,264,308,545,28,67,1,1,-1,-1
177,265,1056,518,23,62,1,1,-1,-1
178,64,294,546,20,71,1,1,-1,-1
178,85,1184,532,23,64,1,1,-1,-1
178,86,879,506,19,47,1,1,-1,-1
178,264,299,558,24,68,1,1,-1,-1
178,265,1053,518,23,62,1,1,-1,-1
178,266,941,520,21,58,1,1,-1,-1
179,64,295,558,24,68,1,1,-1,-1
179,85,1178,546,21,58,1,1,-1,-1
179,86,877,506,19,47,1,1,-1,-1
179,173,517,512,12,35,1,1,-1,-1
179,265,1050,519,23,62,1,1,-1,-1
179,266,939,520,21,58,1,1,-1,-1
179,267,1135,511,30,65,1,1,-1,-1
180,64,291,548,30,72,1,1,-1,-1
180,85,1172,531,26,66,1,1,-1,-1
180,86,874,505,19,47,1,1,-1,-1
180,116,1112,516,29,63,1,1,-1,-1
180,173,513,513,12,35,1,1,-1,-1
180,265,1048,519,23,62,1,1,-1,-1
180,266,930,503,30,72,1,1,-1,-1
180,267,1131,511,30,65,1,1,-1,-1
181,64,286,548,30,76,1,1,-1,-1
181,85,1169,531,26,66,1,1,-1,-1
181,86,871,506,19,47,1,1,-1,-1
181,116,1108,516,29,63,1,1,-1,-1
181,173,510,514,12,36,1,1,-1,-1
181,266,934,501,33,79,1,1,-1,-1
181,267,1128,511,30,65,1,1,-1,-1
182,85,1168,532,23,66,1,1,-1,-1
182,86,870,504,19,50,1,1,-1,-1
182,116,1105,516,29,64,1,1,-1,-1
182,173,506,515,12,36,1,1,-1,-1
182,266,940,524,40,95,1,1,-1,-1
182,267,1125,512,30,64,1,1,-1,-1
182,268,933,521,22,59,1,1,-1,-1
182,269,1045,520,22,62,1,1,-1,-1
183,2,272,550,19,75,1,1,-1,-1
183,85,1164,532,23,66,1,1,-1,-1
183,86,867,505,19,50,1,1,-1,-1
183,116,1101,516,30,65,1,1,-1,-1
183,173,502,516,12,36,1,1,-1,-1
183,267,1122,512,30,64,1,1,-1,-1
183,268,931,521,22,59,1,1,-1,-1
183,269,1042,520,22,62,1,1,-1,-1
184,2,274,551,29,72,1,1,-1,-1
184,85,1161,531,26,68,1,1,-1,-1
184,86,864,505,19,50,1,1,-1,-1
184,116,1098,516,29,66,1,1,-1,-1
184,173,498,517,13,37,1,1,-1,-1
184,268,929,522,22,58,1,1,-1,-1
184,269,1039,520,22,62,1,1,-1,-1
185,2,269,562,24,69,1,1,-1,-1
185,29,1612,554,50,127,1,1,-1,-1
185,45,160,557,24,73,1,1,-1,-1
185,86,863,508,18,48,1,1,-1,-1
185,116,1102,520,23,54,1,1,-1,-1
185,268,927,522,22,59,1,1,-1,-1
185,269,1036,520,22,62,1,1,-1,-1
186,2,264,563,24,70,1,1,-1,-1
186,29,1612,554,50,128,1,1,-1,-1
186,45,156,558,24,73,1,1,-1,-1
186,116,1097,534,29,62,1,1,-1,-1
186,268,925,522,22,59,1,1,-1,-1
186,269,1033,520,23,62,1,1,-1,-1
187,2,260,564,24,70,1,1,-1,-1
187,29,1612,554,50,128,1,1,-1,-1
187,45,151,559,24,73,1,1,-1,-1
187,270,1130,518,29,75,1,1,-1,-1
187,271,1363,547,49,122,1,1,-1,-1
188,2,255,565,24,70,1,1,-1,-1
188,29,1612,554,50,128,1,1,-1,-1
188,45,146,561,24,73,1,1,-1,-1
188,270,1133,532,26,66,1,1,-1,-1
188,271,1361,547,49,122,1,1,-1,-1
189,2,251,566,24,70,1,1,-1,-1
189,29,1612,554,50,129,1,1,-1,-1
189,45,150,563,21,66,1,1,-1,-1
189,270,1146,534,23,67,1,1,-1,-1
189,271,1373,559,43,105,1,1,-1,-1
190,2,243,557,20,76,1,1,-1,-1
190,29,1607,553,55,129,1,1,-1,-1
190,45,137,563,24,73,1,1,-1,-1
190,270,1144,536,26,65,1,1,-1,-1
190,271,1356,546,50,122,1,1,-1,-1
191,2,248,558,27,73,1,1,-1,-1
191,29,1602,552,61,129,1,1,-1,-1
191,45,133,565,24,73,1,1,-1,-1
191,270,1140,534,23,68,1,1,-1,-1
191,271,1374,579,42,103,1,1,-1,-1
192,2,238,556,26,74,1,1,-1,-1
192,29,1598,552,66,129,1,1,-1,-1
192,45,128,565,24,74,1,1,-1,-1
193,2,231,559,19,77,1,1,-1,-1
193,29,1599,551,65,129,1,1,-1,-1
193,45,124,566,24,74,1,1,-1,-1
193,272,1166,541,40,104,1,1,-1,-1
194,2,229,570,24,72,1,1,-1,-1
194,29,1600,551,65,129,1,1,-1,-1
194,45,119,566,24,75,1,1,-1,-1
194,65,910,525,28,63,1,1,-1,-1
194,272,1164,541,41,104,1,1,-1,-1
195,2,222,561,20,78,1,1,-1,-1
195,29,1603,553,63,129,1,1,-1,-1
195,65,898,514,32,68,1,1,-1,-1
195,174,234,562,26,74,1,1,-1,-1
195,272,1180,531,39,100,1,1,-1,-1
195,273,934,522,27,66,1,1,-1,-1
196,2,218,562,20,78,1,1,-1,-1
196,65,903,534,33,73,1,1,-1,-1
196,174,225,564,28,72,1,1,-1,-1
196,272,1162,543,41,104,1,1,-1,-1
196,273,934,522,28,67,1,1,-1,-1
197,2,214,563,20,78,1,1,-1,-1
197,65,903,526,31,65,1,1,-1,-1
197,174,221,548,28,71,1,1,-1,-1
197,272,1162,542,40,106,1,1,-1,-1
197,273,935,524,22,66,1,1,-1,-1
198,2,210,564,20,78,1,1,-1,-1
198,65,901,530,31,66,1,1,-1,-1
198,174,217,566,28,72,1,1,-1,-1
198,175,444,525,14,38,1,1,-1,-1
198,273,935,524,22,66,1,1,-1,-1
198,274,1003,524,27,61,1,1,-1,-1
199,2,206,565,20,78,1,1,-1,-1
199,46,1118,537,23,69,1,1,-1,-1
199,65,907,527,26,64,1,1,-1,-1
199,174,214,567,28,72,1,1,-1,-1
199,175,441,526,14,38,1,1,-1,-1
199,273,934,524,22,67,1,1,-1,-1
199,274,1001,525,27,60,1,1,-1,-1
199,275,1609,549,65,130,1,1,-1,-1
200,2,202,566,20,78,1,1,-1,-1
200,46,1115,537,23,70,1,1,-1,-1
200,65,900,529,24,55,1,1,-1,-1
200,174,210,568,28,72,1,1,-1,-1
200,175,438,525,14,38,1,1,-1,-1
200,274,998,525,29,60,1,1,-1,-1
200,275,1611,549,62,130,1,1,-1,-1
200,276,92,570,25,79,1,1,-1,-1
201,2,198,567,20,79,1,1,-1,-1
201,46,1109,530,35,82,1,1,-1,-1
201,65,898,529,24,55,1,1,-1,-1
201,175,435,525,14,38,1,1,-1,-1
201,274,996,525,29,61,1,1,-1,-1
201,275,1612,548,61,130,1,1,-1,-1
201,276,87,568,20,75,1,1,-1,-1
202,2,194,567,20,80,1,1,-1,-1
202,46,1110,539,23,70,1,1,-1,-1
202,65,896,530,24,55,1,1,-1,-1
202,175,432,525,14,38,1,1,-1,-1
202,274,994,525,30,61,1,1,-1,-1
202,275,1606,528,67,145,1,1,-1,-1
202,276,84,572,25,79,1,1,-1,-1
203,2,200,571,28,73,1,1,-1,-1
203,46,1107,539,24,71,1,1,-1,-1
203,87,1166,544,41,102,1,1,-1,-1
203,175,430,526,15,37,1,1,-1,-1
203,275,1629,544,80,177,1,1,-1,-1
203,276,91,551,27,87,1,1,-1,-1
204,2,197,572,28,74,1,1,-1,-1
204,46,1106,542,28,68,1,1,-1,-1
204,87,1171,552,46,108,1,1,-1,-1
204,276,102,563,27,84,1,1,-1,-1
204,277,186,569,21,80,1,1,-1,-1
204,278,1620,545,60,134,1,1,-1,-1
205,46,1102,541,24,71,1,1,-1,-1
205,87,1178,534,53,117,1,1,-1,-1
205,277,183,570,21,80,1,1,-1,-1
205,278,1621,548,65,131,1,1,-1,-1
206,46,1101,543,25,69,1,1,-1,-1
206,87,1170,544,57,128,1,1,-1,-1
206,277,171,568,26,99,1,1,-1,-1
206,278,1624,549,65,130,1,1,-1,-1
206,279,1143,529,31,81,1,1,-1,-1
207,46,1098,542,24,71,1,1,-1,-1
207,87,1162,544,45,107,1,1,-1,-1
207,176,949,531,22,52,1,1,-1,-1
207,277,175,571,22,81,1,1,-1,-1
207,278,1629,551,57,133,1,1,-1,-1
207,279,1141,529,31,82,1,1,-1,-1
208,46,1096,542,24,71,1,1,-1,-1
208,87,1170,553,43,103,1,1,-1,-1
208,176,947,532,23,52,1,1,-1,-1
208,277,172,584,25,75,1,1,-1,-1
208,278,1645,556,54,113,1,1,-1,-1
208,279,1139,530,31,83,1,1,-1,-1
209,87,1170,553,43,103,1,1,-1,-1
209,176,946,532,22,53,1,1,-1,-1
209,279,1138,532,30,83,1,1,-1,-1
210,87,1160,573,47,111,1,1,-1,-1
210,117,164,586,25,75,1,1,-1,-1
210,176,945,533,22,53,1,1,-1,-1
210,279,1138,533,30,81,1,1,-1,-1
211,117,161,575,22,82,1,1,-1,-1
211,176,938,543,20,50,1,1,-1,-1
211,280,34,581,20,77,1,1,-1,-1
212,117,157,588,25,76,1,1,-1,-1
212,118,1110,537,26,79,1,1,-1,-1
212,176,944,534,20,55,1,1,-1,-1
212,280,40,578,26,85,1,1,-1,-1
213,117,156,576,29,77,1,1,-1,-1
213,118,1108,538,26,82,1,1,-1,-1
213,280,36,578,27,86,1,1,-1,-1
213,281,1087,542,25,73,1,1,-1,-1
214,117,164,581,29,78,1,1,-1,-1
214,118,1107,541,26,82,1,1,-1,-1
214,280,33,579,27,86,1,1,-1,-1
214,281,1082,546,29,71,1,1,-1,-1
215,117,161,575,29,78,1,1,-1,-1
215,118,1106,540,27,83,1,1,-1,-1
215,280,29,579,28,87,1,1,-1,-1
215,281,1084,542,24,74,1,1,-1,-1
216,117,175,588,23,64,1,1,-1,-1
216,118,1114,527,26,80,1,1,-1,-1
216,281,1088,564,30,73,1,1,-1,-1
217,88,1075,547,29,73,1,1,-1,-1
217,118,1103,536,29,87,1,1,-1,-1
217,281,1090,550,25,75,1,1,-1,-1
218,88,1074,547,28,73,1,1,-1,-1
218,118,1101,534,30,88,1,1,-1,-1
219,88,1077,542,24,75,1,1,-1,-1
220,88,1066,530,34,91,1,1,-1,-1
220,282,136,592,26,80,1,1,-1,-1
221,88,1073,542,25,76,1,1,-1,-1
221,282,134,594,26,79,1,1,-1,-1
222,88,1068,548,28,73,1,1,-1,-1
222,282,132,580,25,85,1,1,-1,-1
223,88,1066,548,30,74,1,1,-1,-1
223,282,130,581,25,85,1,1,-1,-1
224,88,1070,543,24,78,1,1,-1,-1
224,282,140,585,30,81,1,1,-1,-1
227,30,113,588,32,96,1,1,-1,-1
228,30,120,586,25,87,1,1,-1,-1
228,89,1091,536,31,87,1,1,-1,-1
229,18,1068,545,26,76,1,1,-1,-1
229,30,117,601,27,84,1,1,-1,-1
229,89,1090,537,32,87,1,1,-1,-1
230,18,1064,547,33,79,1,1,-1,-1
230,30,116,588,25,87,1,1,-1,-1
230,89,1089,539,33,86,1,1,-1,-1
231,18,1063,547,34,79,1,1,-1,-1
231,30,114,590,26,87,1,1,-1,-1
231,89,1089,542,34,85,1,1,-1,-1
232,18,1063,547,35,79,1,1,-1,-1
232,30,113,589,26,87,1,1,-1,-1
232,89,1089,541,34,86,1,1,-1,-1
233,18,1067,543,27,80,1,1,-1,-1
233,30,112,589,26,87,1,1,-1,-1
233,89,1085,567,30,74,1,1,-1,-1
234,18,1062,547,37,79,1,1,-1,-1
234,30,109,601,27,86,1,1,-1,-1
234,89,1090,539,35,88,1,1,-1,-1
234,119,885,531,22,64,1,1,-1,-1
234,283,1139,525,27,80,1,1,-1,-1
235,18,1063,546,36,80,1,1,-1,-1
235,30,110,588,27,88,1,1,-1,-1
235,89,1090,538,36,89,1,1,-1,-1
235,119,886,531,22,63,1,1,-1,-1
235,283,1122,532,35,95,1,1,-1,-1
236,18,1067,542,27,83,1,1,-1,-1
236,30,121,587,31,88,1,1,-1,-1
236,119,888,531,22,63,1,1,-1,-1
236,283,1122,532,33,94,1,1,-1,-1
237,18,1065,546,34,81,1,1,-1,-1
237,30,128,565,33,94,1,1,-1,-1
237,119,888,531,23,61,1,1,-1,-1
237,120,1082,546,39,97,1,1,-1,-1
237,283,1122,531,31,94,1,1,-1,-1
238,4,106,599,27,88,1,1,-1,-1
238,18,1066,541,28,85,1,1,-1,-1
238,119,888,531,24,60,1,1,-1,-1
238,120,1091,535,38,92,1,1,-1,-1
238,283,1122,530,29,95,1,1,-1,-1
239,4,105,599,28,87,1,1,-1,-1
239,18,1066,541,28,85,1,1,-1,-1
239,119,889,531,25,59,1,1,-1,-1
239,120,1092,534,38,93,1,1,-1,-1
240,4,106,585,27,90,1,1,-1,-1
240,18,1066,541,29,86,1,1,-1,-1
240,119,882,544,22,48,1,1,-1,-1
240,120,1092,533,39,94,1,1,-1,-1
240,284,119,585,31,90,1,1,-1,-1
241,4,106,585,27,90,1,1,-1,-1
241,18,1070,544,32,85,1,1,-1,-1
241,120,1093,533,39,94,1,1,-1,-1
241,284,118,585,32,91,1,1,-1,-1
242,4,105,598,28,89,1,1,-1,-1
242,120,1096,534,37,92,1,1,-1,-1
242,284,132,595,33,88,1,1,-1,-1
243,4,105,599,29,89,1,1,-1,-1
243,120,1099,534,36,92,1,1,-1,-1
243,284,115,585,35,92,1,1,-1,-1
244,4,106,600,28,89,1,1,-1,-1
244,177,1126,531,43,94,1,1,-1,-1
244,284,114,585,36,93,1,1,-1,-1
245,4,116,585,35,95,1,1,-1,-1
245,177,1121,540,39,86,1,1,-1,-1
246,4,107,602,28,90,1,1,-1,-1
246,177,1108,535,33,93,1,1,-1,-1
247,4,107,602,29,91,1,1,-1,-1
247,177,1111,534,32,94,1,1,-1,-1
247,178,1049,524,24,72,1,1,-1,-1
248,4,107,603,29,91,1,1,-1,-1
248,177,1114,533,32,96,1,1,-1,-1
248,178,1037,526,31,71,1,1,-1,-1
249,4,108,604,29,91,1,1,-1,-1
249,177,1117,533,31,96,1,1,-1,-1
249,178,1041,526,31,70,1,1,-1,-1
249,179,1078,520,24,72,1,1,-1,-1
250,4,114,576,27,93,1,1,-1,-1
250,178,1045,526,32,70,1,1,-1,-1
250,179,1081,520,24,72,1,1,-1,-1
250,285,1144,530,36,90,1,1,-1,-1
251,4,109,606,29,92,1,1,-1,-1
251,178,1050,527,31,72,1,1,-1,-1
251,179,1085,520,24,72,1,1,-1,-1
251,285,1155,525,38,98,1,1,-1,-1
252,4,111,607,29,92,1,1,-1,-1
252,178,1057,526,31,73,1,1,-1,-1
252,179,1089,520,24,72,1,1,-1,-1
252,285,1153,530,33,88,1,1,-1,-1
253,4,114,608,29,93,1,1,-1,-1
253,179,1093,520,24,72,1,1,-1,-1
253,285,1157,530,34,90,1,1,-1,-1
254,4,116,609,29,93,1,1,-1,-1
254,179,1089,511,19,60,1,1,-1,-1
254,285,1144,527,34,94,1,1,-1,-1
255,4,119,610,29,94,1,1,-1,-1
256,4,123,597,27,95,1,1,-1,-1
257,121,417,539,16,36,1,1,-1,-1
258,121,421,540,16,36,1,1,-1,-1
259,47,1147,533,45,104,1,1,-1,-1
259,121,425,541,16,36,1,1,-1,-1
259,286,129,615,29,96,1,1,-1,-1
260,47,1132,544,37,96,1,1,-1,-1
260,121,429,540,16,37,1,1,-1,-1
260,286,131,615,29,96,1,1,-1,-1
261,47,1136,544,40,92,1,1,-1,-1
261,121,433,540,16,37,1,1,-1,-1
261,122,921,517,22,50,1,1,-1,-1
261,123,1211,528,34,106,1,1,-1,-1
261,180,1425,554,65,173,1,1,-1,-1
261,286,135,603,28,96,1,1,-1,-1
262,47,1144,546,38,97,1,1,-1,-1
262,121,438,539,15,38,1,1,-1,-1
262,122,927,517,22,50,1,1,-1,-1
262,123,1194,527,35,110,1,1,-1,-1
262,180,1456,574,65,173,1,1,-1,-1
262,286,136,615,29,97,1,1,-1,-1
263,47,1149,547,39,97,1,1,-1,-1
263,90,-5,610,32,102,1,1,-1,-1
263,121,437,542,14,33,1,1,-1,-1
263,122,931,517,22,50,1,1,-1,-1
263,123,1199,527,35,113,1,1,-1,-1
263,180,1468,574,66,177,1,1,-1,-1
263,286,139,602,29,96,1,1,-1,-1
264,47,1167,532,42,108,1,1,-1,-1
264,90,10,611,30,98,1,1,-1,-1
264,122,936,518,22,50,1,1,-1,-1
264,123,1204,529,41,111,1,1,-1,-1
264,180,1480,574,68,181,1,1,-1,-1
265,47,1154,555,41,108,1,1,-1,-1
265,90,-7,609,33,100,1,1,-1,-1
265,122,941,519,22,50,1,1,-1,-1
265,123,1209,525,32,116,1,1,-1,-1
265,180,1492,576,73,181,1,1,-1,-1
266,47,1159,523,48,122,1,1,-1,-1
266,90,-8,608,34,105,1,1,-1,-1
266,122,948,519,22,49,1,1,-1,-1
266,123,1212,532,36,110,1,1,-1,-1
266,180,1504,579,78,182,1,1,-1,-1
267,47,1156,532,44,111,1,1,-1,-1
267,90,7,607,30,94,1,1,-1,-1
267,122,952,518,22,49,1,1,-1,-1
267,123,1219,530,41,115,1,1,-1,-1
268,47,1175,540,46,119,1,1,-1,-1
268,90,-1,607,33,104,1,1,-1,-1
268,124,152,599,29,98,1,1,-1,-1
269,90,2,607,33,103,1,1,-1,-1
269,124,154,599,30,98,1,1,-1,-1
270,90,6,607,32,103,1,1,-1,-1
270,124,157,598,29,99,1,1,-1,-1
270,287,1579,543,97,178,1,1,-1,-1
271,124,159,598,30,99,1,1,-1,-1
271,287,1588,594,65,195,1,1,-1,-1
272,124,163,610,29,101,1,1,-1,-1
272,287,1600,594,67,200,1,1,-1,-1
272,288,32,609,43,141,1,1,-1,-1
273,124,164,597,30,99,1,1,-1,-1
273,287,1612,595,69,205,1,1,-1,-1
273,288,21,599,48,123,1,1,-1,-1
274,124,168,609,29,102,1,1,-1,-1
274,287,1625,596,70,210,1,1,-1,-1
274,288,31,604,31,101,1,1,-1,-1
275,288,17,605,39,102,1,1,-1,-1
276,5,175,633,24,83,1,1,-1,-1
276,288,35,603,30,103,1,1,-1,-1
277,5,174,595,31,101,1,1,-1,-1
278,5,177,595,31,101,1,1,-1,-1
279,5,179,596,31,102,1,1,-1,-1
279,289,1693,584,140,305,1,1,-1,-1
280,5,181,632,28,102,1,1,-1,-1
280,48,1232,558,44,107,1,1,-1,-1
280,289,1728,524,94,274,1,1,-1,-1
281,5,184,600,32,102,1,1,-1,-1
281,48,1236,558,45,108,1,1,-1,-1
281,289,1734,614,101,230,1,1,-1,-1
282,5,186,601,33,102,1,1,-1,-1
282,48,1248,536,42,119,1,1,-1,-1
282,289,1752,611,104,238,1,1,-1,-1
283,5,190,616,30,104,1,1,-1,-1
283,48,1246,557,45,110,1,1,-1,-1
283,181,1287,536,50,123,1,1,-1,-1
283,289,1776,614,101,239,1,1,-1,-1
284,5,192,603,33,104,1,1,-1,-1
284,48,1259,539,41,117,1,1,-1,-1
284,181,1298,537,56,131,1,1,-1,-1
285,5,195,604,33,105,1,1,-1,-1
285,48,1257,557,46,111,1,1,-1,-1
285,181,1317,526,66,137,1,1,-1,-1
286,5,194,614,33,115,1,1,-1,-1
286,48,1262,557,46,112,1,1,-1,-1
286,181,1322,541,43,112,1,1,-1,-1
287,5,201,606,34,107,1,1,-1,-1
287,31,31,575,57,158,1,1,-1,-1
287,48,1263,556,46,112,1,1,-1,-1
287,181,1306,537,53,126,1,1,-1,-1
288,5,200,625,31,106,1,1,-1,-1
288,31,27,609,62,148,1,1,-1,-1
288,48,1265,544,64,110,1,1,-1,-1
288,181,1308,545,35,113,1,1,-1,-1
289,5,203,627,31,107,1,1,-1,-1
289,31,57,593,51,139,1,1,-1,-1
289,48,1270,545,68,108,1,1,-1,-1
290,5,204,627,31,108,1,1,-1,-1
290,31,40,616,50,116,1,1,-1,-1
291,5,206,628,31,108,1,1,-1,-1
291,31,41,618,51,119,1,1,-1,-1
292,5,207,629,32,108,1,1,-1,-1
292,31,50,609,52,128,1,1,-1,-1
292,32,1286,542,58,115,1,1,-1,-1
293,5,221,622,33,101,1,1,-1,-1
293,31,42,621,49,118,1,1,-1,-1
293,32,1291,541,55,117,1,1,-1,-1
294,1,209,571,43,138,1,1,-1,-1
294,5,229,612,24,81,1,1,-1,-1
294,31,45,621,49,117,1,1,-1,-1
294,32,1297,540,51,120,1,1,-1,-1
294,182,1336,507,91,192,1,1,-1,-1
295,1,218,613,35,112,1,1,-1,-1
295,31,45,621,50,119,1,1,-1,-1
295,32,1305,542,47,121,1,1,-1,-1
295,182,1369,554,48,158,1,1,-1,-1
296,1,214,633,31,109,1,1,-1,-1
296,31,46,621,51,121,1,1,-1,-1
296,32,1298,580,39,97,1,1,-1,-1
296,182,1337,539,70,133,1,1,-1,-1
296,290,1225,527,23,73,1,1,-1,-1
297,1,215,634,32,110,1,1,-1,-1
297,31,47,612,50,131,1,1,-1,-1
297,32,1308,568,49,120,1,1,-1,-1
297,182,1373,549,43,119,1,1,-1,-1
297,290,1230,528,24,72,1,1,-1,-1
298,1,229,626,33,106,1,1,-1,-1
298,32,1317,545,38,113,1,1,-1,-1
298,182,1388,548,41,114,1,1,-1,-1
298,290,1235,529,26,71,1,1,-1,-1
299,1,218,636,32,110,1,1,-1,-1
299,9,1341,535,81,176,1,1,-1,-1
299,32,1320,510,36,117,1,1,-1,-1
299,182,1393,549,44,117,1,1,-1,-1
299,290,1240,530,25,70,1,1,-1,-1
299,291,248,592,53,172,1,1,-1,-1
300,1,220,637,32,110,1,1,-1,-1
300,9,1370,531,72,170,1,1,-1,-1
300,32,1323,549,35,119,1,1,-1,-1
300,290,1245,531,25,70,1,1,-1,-1
300,291,263,614,46,148,1,1,-1,-1
301,1,234,629,33,109,1,1,-1,-1
301,9,1403,525,64,162,1,1,-1,-1
301,32,1324,575,51,123,1,1,-1,-1
301,125,1258,550,24,70,1,1,-1,-1
301,291,250,613,37,119,1,1,-1,-1
302,1,226,619,35,115,1,1,-1,-1
302,9,1405,551,55,144,1,1,-1,-1
302,32,1329,577,50,124,1,1,-1,-1
302,125,1255,534,24,69,1,1,-1,-1
302,291,255,601,45,145,1,1,-1,-1
303,1,223,642,32,112,1,1,-1,-1
303,9,1405,535,68,161,1,1,-1,-1
303,125,1260,535,24,69,1,1,-1,-1
303,291,239,606,45,152,1,1,-1,-1
304,1,226,622,36,116,1,1,-1,-1
304,9,1429,547,58,140,1,1,-1,-1
304,125,1266,537,24,68,1,1,-1,-1
304,183,1338,558,25,104,1,1,-1,-1
304,292,1308,537,29,86,1,1,-1,-1
305,1,224,646,32,113,1,1,-1,-1
305,9,1426,564,47,124,1,1,-1,-1
305,125,1270,538,24,67,1,1,-1,-1
305,183,1341,549,30,88,1,1,-1,-1
305,292,1313,557,32,88,1,1,-1,-1
305,293,1413,560,35,92,1,1,-1,-1
306,1,223,645,32,113,1,1,-1,-1
306,9,1429,563,46,117,1,1,-1,-1
306,125,1275,539,24,67,1,1,-1,-1
306,183,1343,565,29,108,1,1,-1,-1
306,292,1317,531,27,74,1,1,-1,-1
306,293,1397,548,34,104,1,1,-1,-1
307,1,227,627,36,117,1,1,-1,-1
307,9,1435,565,45,117,1,1,-1,-1
307,91,1354,541,23,61,1,1,-1,-1
307,125,1279,540,24,67,1,1,-1,-1
307,183,1343,566,32,110,1,1,-1,-1
307,292,1315,544,22,62,1,1,-1,-1
307,293,1411,551,32,93,1,1,-1,-1
308,1,238,640,33,116,1,1,-1,-1
308,9,1443,563,46,124,1,1,-1,-1
308,91,1358,541,24,63,1,1,-1,-1
308,183,1344,566,34,112,1,1,-1,-1
308,292,1325,544,22,61,1,1,-1,-1
308,293,1418,551,36,98,1,1,-1,-1
309,1,223,652,32,115,1,1,-1,-1
309,9,1451,574,49,128,1,1,-1,-1
309,91,1362,541,25,66,1,1,-1,-1
309,183,1346,553,36,113,1,1,-1,-1
309,184,1357,589,53,130,1,1,-1,-1
309,293,1430,540,34,112,1,1,-1,-1
310,1,214,663,32,103,1,1,-1,-1
310,9,1451,571,41,116,1,1,-1,-1
310,91,1367,541,25,69,1,1,-1,-1
310,126,1295,552,23,62,1,1,-1,-1
310,184,1361,591,54,130,1,1,-1,-1
311,1,223,654,32,115,1,1,-1,-1
311,9,1463,576,50,130,1,1,-1,-1
311,91,1371,541,26,72,1,1,-1,-1
311,126,1298,545,24,65,1,1,-1,-1
311,184,1356,569,30,126,1,1,-1,-1
311,294,1259,547,36,62,1,1,-1,-1
312,1,227,633,38,120,1,1,-1,-1
312,9,1469,577,51,131,1,1,-1,-1
312,91,1376,541,27,75,1,1,-1,-1
312,126,1302,546,24,65,1,1,-1,-1
312,184,1350,544,41,115,1,1,-1,-1
312,185,252,607,43,150,1,1,-1,-1
312,294,1267,547,33,61,1,1,-1,-1
313,1,227,634,38,121,1,1,-1,-1
313,9,1458,564,46,118,1,1,-1,-1
313,91,1370,556,39,88,1,1,-1,-1
313,126,1307,547,24,65,1,1,-1,-1
313,184,1359,577,43,140,1,1,-1,-1
313,185,258,629,37,130,1,1,-1,-1
313,294,1269,548,34,64,1,1,-1,-1
314,1,227,635,38,121,1,1,-1,-1
314,9,1459,554,25,106,1,1,-1,-1
314,91,1384,543,29,71,1,1,-1,-1
314,126,1312,549,24,64,1,1,-1,-1
314,184,1358,578,48,139,1,1,-1,-1
314,185,257,629,37,131,1,1,-1,-1
314,294,1272,548,34,63,1,1,-1,-1
315,1,223,656,31,119,1,1,-1,-1
315,126,1316,549,24,64,1,1,-1,-1
315,185,257,641,39,138,1,1,-1,-1
315,294,1276,548,34,62,1,1,-1,-1
316,1,223,657,31,119,1,1,-1,-1
316,22,1489,606,47,117,1,1,-1,-1
316,92,1400,541,28,66,1,1,-1,-1
316,126,1306,526,30,79,1,1,-1,-1
316,185,257,630,37,132,1,1,-1,-1
317,1,223,658,31,119,1,1,-1,-1
317,22,1500,582,55,136,1,1,-1,-1
317,92,1408,541,28,70,1,1,-1,-1
317,185,257,630,37,133,1,1,-1,-1
318,1,223,659,31,120,1,1,-1,-1
318,22,1507,583,55,137,1,1,-1,-1
318,33,1411,573,56,147,1,1,-1,-1
318,92,1401,544,28,78,1,1,-1,-1
318,295,1729,554,35,103,1,1,-1,-1
319,1,222,659,30,121,1,1,-1,-1
319,22,1513,584,56,138,1,1,-1,-1
319,33,1413,573,61,151,1,1,-1,-1
319,92,1404,544,28,75,1,1,-1,-1
319,295,1721,545,37,102,1,1,-1,-1
320,1,221,659,30,122,1,1,-1,-1
320,22,1520,585,56,140,1,1,-1,-1
320,33,1416,574,65,154,1,1,-1,-1
320,92,1409,543,27,74,1,1,-1,-1
320,295,1729,544,37,102,1,1,-1,-1
321,1,220,659,30,123,1,1,-1,-1
321,22,1510,578,34,137,1,1,-1,-1
321,33,1418,574,66,155,1,1,-1,-1
321,92,1414,542,26,73,1,1,-1,-1
321,93,1376,546,32,85,1,1,-1,-1
321,295,1738,544,37,102,1,1,-1,-1
322,1,219,660,30,123,1,1,-1,-1
322,22,1516,578,34,140,1,1,-1,-1
322,33,1411,576,70,171,1,1,-1,-1
322,92,1420,541,25,72,1,1,-1,-1
322,93,1367,542,38,92,1,1,-1,-1
322,295,1742,545,37,102,1,1,-1,-1
323,1,218,660,30,124,1,1,-1,-1
323,22,1521,577,34,143,1,1,-1,-1
323,33,1406,608,58,141,1,1,-1,-1
323,92,1422,542,27,71,1,1,-1,-1
323,93,1382,546,31,87,1,1,-1,-1
324,22,1526,577,34,145,1,1,-1,-1
324,33,1426,574,68,160,1,1,-1,-1
324,93,1384,542,35,84,1,1,-1,-1
324,296,1757,545,37,102,1,1,-1,-1
325,22,1532,577,34,148,1,1,-1,-1
325,33,1413,606,63,147,1,1,-1,-1
325,93,1390,534,35,85,1,1,-1,-1
325,296,1766,547,37,102,1,1,-1,-1
326,22,1534,576,39,149,1,1,-1,-1
326,33,1420,606,65,150,1,1,-1,-1
326,93,1389,540,33,81,1,1,-1,-1
326,186,1340,543,35,92,1,1,-1,-1
326,296,1771,544,36,112,1,1,-1,-1
327,22,1537,575,43,150,1,1,-1,-1
327,33,1428,607,55,149,1,1,-1,-1
327,49,217,613,55,189,1,1,-1,-1
327,93,1392,542,32,80,1,1,-1,-1
327,186,1332,539,42,80,1,1,-1,-1
327,296,1775,566,47,128,1,1,-1,-1
328,33,1428,605,55,151,1,1,-1,-1
328,49,208,606,47,159,1,1,-1,-1
328,93,1401,532,32,85,1,1,-1,-1
328,186,1323,540,43,77,1,1,-1,-1
328,296,1780,544,42,120,1,1,-1,-1
328,297,1382,544,26,63,1,1,-1,-1
329,49,219,649,33,134,1,1,-1,-1
329,66,1474,527,30,84,1,1,-1,-1
329,186,1341,542,43,74,1,1,-1,-1
329,297,1385,542,26,63,1,1,-1,-1
330,49,206,634,39,137,1,1,-1,-1
330,66,1465,531,30,83,1,1,-1,-1
330,186,1358,538,43,75,1,1,-1,-1
330,297,1381,530,24,67,1,1,-1,-1
331,49,194,657,32,130,1,1,-1,-1
331,66,1477,524,31,86,1,1,-1,-1
331,186,1369,539,25,64,1,1,-1,-1
331,297,1388,537,26,63,1,1,-1,-1
332,49,200,632,39,139,1,1,-1,-1
332,66,1473,529,27,85,1,1,-1,-1
332,94,-23,643,61,142,1,1,-1,-1
332,297,1385,554,21,56,1,1,-1,-1
333,49,206,646,33,137,1,1,-1,-1
333,66,1461,524,34,81,1,1,-1,-1
333,94,-29,645,61,143,1,1,-1,-1
333,298,1293,502,30,57,1,1,-1,-1
334,49,193,630,39,139,1,1,-1,-1
334,66,1475,525,23,77,1,1,-1,-1
334,94,-31,645,61,143,1,1,-1,-1
334,187,1582,579,45,162,1,1,-1,-1
334,298,1295,499,30,57,1,1,-1,-1
334,299,1817,526,42,130,1,1,-1,-1
335,49,189,629,39,139,1,1,-1,-1
335,66,1482,519,26,86,1,1,-1,-1
335,94,-9,646,50,132,1,1,-1,-1
335,187,1557,567,82,161,1,1,-1,-1
335,298,1296,496,30,57,1,1,-1,-1
335,299,1828,527,39,123,1,1,-1,-1
336,49,193,646,33,137,1,1,-1,-1
336,66,1482,519,26,86,1,1,-1,-1
336,67,1494,510,31,92,1,1,-1,-1
336,94,-27,628,57,135,1,1,-1,-1
336,187,1588,578,66,133,1,1,-1,-1
336,298,1298,494,30,56,1,1,-1,-1
336,299,1831,520,38,130,1,1,-1,-1
336,300,1521,540,36,93,1,1,-1,-1
337,66,1480,513,28,99,1,1,-1,-1
337,67,1500,512,29,93,1,1,-1,-1
337,94,-20,648,51,141,1,1,-1,-1
337,187,1585,577,44,166,1,1,-1,-1
337,298,1300,494,31,57,1,1,-1,-1
337,299,1835,527,41,129,1,1,-1,-1
337,300,1527,542,38,93,1,1,-1,-1
338,67,1502,510,30,93,1,1,-1,-1
338,94,-24,652,51,141,1,1,-1,-1
338,187,1568,566,73,160,1,1,-1,-1
338,188,208,629,40,146,1,1,-1,-1
338,299,1840,521,41,129,1,1,-1,-1
338,300,1533,545,36,89,1,1,-1,-1
339,67,1500,469,37,114,1,1,-1,-1
339,94,-29,655,51,142,1,1,-1,-1
339,187,1569,568,48,159,1,1,-1,-1
339,188,205,632,40,148,1,1,-1,-1
339,300,1535,543,39,94,1,1,-1,-1
340,67,1508,512,31,94,1,1,-1,-1
340,188,198,657,44,164,1,1,-1,-1
340,300,1540,541,40,93,1,1,-1,-1
341,34,150,668,36,138,1,1,-1,-1
341,67,1500,521,28,88,1,1,-1,-1
341,188,195,635,41,150,1,1,-1,-1
341,189,1366,575,68,165,1,1,-1,-1
341,301,1450,603,70,168,1,1,-1,-1
342,34,146,671,36,139,1,1,-1,-1
342,67,1513,518,32,96,1,1,-1,-1
342,188,191,637,41,151,1,1,-1,-1
342,189,1370,575,56,171,1,1,-1,-1
342,301,1445,609,73,173,1,1,-1,-1
343,34,155,650,38,142,1,1,-1,-1
343,67,1515,522,33,97,1,1,-1,-1
343,188,188,644,40,152,1,1,-1,-1
343,189,1372,577,43,173,1,1,-1,-1
343,301,1433,595,82,207,1,1,-1,-1
344,34,150,654,38,142,1,1,-1,-1
344,67,1504,526,30,88,1,1,-1,-1
344,95,133,681,36,141,1,1,-1,-1
344,189,1379,578,50,198,1,1,-1,-1
344,301,1443,619,68,178,1,1,-1,-1
345,34,145,659,38,143,1,1,-1,-1
345,35,1395,542,25,72,1,1,-1,-1
345,95,130,682,37,161,1,1,-1,-1
345,189,1371,585,42,180,1,1,-1,-1
345,301,1453,617,71,194,1,1,-1,-1
346,7,1525,531,32,100,1,1,-1,-1
346,34,131,673,34,136,1,1,-1,-1
346,35,1396,544,26,72,1,1,-1,-1
346,95,145,681,34,144,1,1,-1,-1
346,127,1386,558,33,90,1,1,-1,-1
346,189,1368,585,47,181,1,1,-1,-1
346,190,1566,523,52,126,1,1,-1,-1
347,7,1525,532,33,101,1,1,-1,-1
347,34,116,694,36,143,1,1,-1,-1
347,35,1398,546,26,73,1,1,-1,-1
347,95,140,686,34,145,1,1,-1,-1
347,127,1376,554,35,82,1,1,-1,-1
347,190,1556,567,48,112,1,1,-1,-1
347,302,1322,524,27,55,1,1,-1,-1
348,7,1527,538,32,101,1,1,-1,-1
348,34,110,697,36,144,1,1,-1,-1
348,35,1399,548,26,73,1,1,-1,-1
348,36,1581,620,90,174,1,1,-1,-1
348,95,134,688,34,147,1,1,-1,-1
348,127,1356,539,45,88,1,1,-1,-1
348,190,1578,565,42,93,1,1,-1,-1
348,302,1321,514,30,61,1,1,-1,-1
349,7,1529,537,32,101,1,1,-1,-1
349,34,103,698,37,145,1,1,-1,-1
349,35,1405,565,34,74,1,1,-1,-1
349,36,1581,621,89,178,1,1,-1,-1
349,95,146,706,29,127,1,1,-1,-1
349,127,1357,542,45,89,1,1,-1,-1
349,190,1582,568,43,92,1,1,-1,-1
349,302,1323,515,30,61,1,1,-1,-1
350,7,1516,543,34,87,1,1,-1,-1
350,34,97,699,37,147,1,1,-1,-1
350,35,1402,551,27,75,1,1,-1,-1
350,36,1580,622,89,181,1,1,-1,-1
350,95,153,668,42,158,1,1,-1,-1
350,127,1358,545,45,89,1,1,-1,-1
350,190,1586,571,45,92,1,1,-1,-1
350,302,1325,516,30,61,1,1,-1,-1
351,7,1518,546,35,87,1,1,-1,-1
351,23,120,691,33,149,1,1,-1,-1
351,24,1447,543,37,77,1,1,-1,-1
351,34,91,700,37,149,1,1,-1,-1
351,35,1403,553,27,75,1,1,-1,-1
351,36,1579,623,89,184,1,1,-1,-1
351,95,147,669,43,159,1,1,-1,-1
351,127,1359,547,45,91,1,1,-1,-1
351,190,1589,572,47,92,1,1,-1,-1
351,302,1327,517,30,61,1,1,-1,-1
352,7,1521,547,35,89,1,1,-1,-1
352,23,113,692,33,150,1,1,-1,-1
352,24,1458,551,37,78,1,1,-1,-1
352,35,1405,555,27,76,1,1,-1,-1
352,36,1579,625,89,187,1,1,-1,-1
352,127,1380,544,44,90,1,1,-1,-1
353,7,1525,549,35,90,1,1,-1,-1
353,23,104,678,38,152,1,1,-1,-1
353,24,1458,553,39,79,1,1,-1,-1
353,35,1417,555,35,80,1,1,-1,-1
353,36,1578,629,89,186,1,1,-1,-1
354,7,1542,540,32,100,1,1,-1,-1
354,23,91,680,36,149,1,1,-1,-1
354,24,1450,555,40,80,1,1,-1,-1
354,35,1418,557,35,80,1,1,-1,-1
354,36,1578,633,88,185,1,1,-1,-1
355,7,1547,544,33,98,1,1,-1,-1
355,12,1654,556,54,146,1,1,-1,-1
355,23,92,680,37,154,1,1,-1,-1
355,24,1458,557,39,81,1,1,-1,-1
355,35,1418,558,35,81,1,1,-1,-1
355,36,1578,637,88,185,1,1,-1,-1
356,7,1548,546,33,97,1,1,-1,-1
356,12,1660,581,40,122,1,1,-1,-1
356,23,86,681,37,155,1,1,-1,-1
356,24,1458,558,35,80,1,1,-1,-1
356,36,1572,626,82,184,1,1,-1,-1
357,7,1532,555,34,95,1,1,-1,-1
357,12,1668,584,40,121,1,1,-1,-1
357,23,81,700,33,156,1,1,-1,-1
357,24,1459,562,35,79,1,1,-1,-1
357,36,1568,629,87,185,1,1,-1,-1
357,191,1505,551,35,88,1,1,-1,-1
358,7,1525,539,38,108,1,1,-1,-1
358,12,1670,586,43,121,1,1,-1,-1
358,23,74,702,34,156,1,1,-1,-1
358,24,1451,587,29,64,1,1,-1,-1
358,36,1566,632,91,186,1,1,-1,-1
358,191,1506,553,38,89,1,1,-1,-1
359,7,1508,554,37,89,1,1,-1,-1
359,12,1673,589,45,121,1,1,-1,-1
359,23,88,698,38,165,1,1,-1,-1
359,24,1458,563,35,79,1,1,-1,-1
359,191,1491,557,32,87,1,1,-1,-1
359,303,1376,531,21,57,1,1,-1,-1
360,7,1509,557,37,88,1,1,-1,-1
360,12,1658,573,39,130,1,1,-1,-1
360,23,95,679,45,167,1,1,-1,-1
360,24,1457,568,37,80,1,1,-1,-1
360,37,1419,569,36,85,1,1,-1,-1
360,38,1581,656,87,195,1,1,-1,-1
360,191,1493,559,32,88,1,1,-1,-1
360,303,1377,532,20,57,1,1,-1,-1
361,7,1511,559,37,88,1,1,-1,-1
361,12,1661,576,39,130,1,1,-1,-1
361,23,88,681,45,165,1,1,-1,-1
361,24,1458,569,38,80,1,1,-1,-1
361,37,1419,572,36,86,1,1,-1,-1
361,38,1582,660,87,199,1,1,-1,-1
361,191,1495,561,31,89,1,1,-1,-1
361,303,1377,534,21,57,1,1,-1,-1
362,7,1514,561,37,89,1,1,-1,-1
362,12,1664,578,39,131,1,1,-1,-1
362,23,81,682,46,170,1,1,-1,-1
362,24,1455,571,39,83,1,1,-1,-1
362,37,1419,574,36,87,1,1,-1,-1
362,38,1583,664,87,203,1,1,-1,-1
362,191,1496,563,32,90,1,1,-1,-1
362,303,1378,535,20,58,1,1,-1,-1
362,304,1369,567,47,100,1,1,-1,-1
363,7,1514,560,40,90,1,1,-1,-1
363,12,1647,598,43,136,1,1,-1,-1
363,37,1419,576,37,88,1,1,-1,-1
363,38,1583,666,83,205,1,1,-1,-1
363,303,1378,536,21,59,1,1,-1,-1
363,304,1360,542,56,117,1,1,-1,-1
364,12,1651,605,48,137,1,1,-1,-1
364,37,1419,579,37,88,1,1,-1,-1
364,38,1591,652,71,199,1,1,-1,-1
364,304,1370,570,48,101,1,1,-1,-1
365,12,1651,606,52,137,1,1,-1,-1
365,37,1419,581,37,89,1,1,-1,-1
365,38,1592,656,68,202,1,1,-1,-1
365,128,60,688,48,176,1,1,-1,-1
365,192,1330,554,29,57,1,1,-1,-1
365,304,1371,571,48,102,1,1,-1,-1
366,12,1656,608,51,137,1,1,-1,-1
366,37,1420,584,37,90,1,1,-1,-1
366,38,1583,675,73,210,1,1,-1,-1
366,128,54,693,48,177,1,1,-1,-1
366,192,1339,536,30,61,1,1,-1,-1
366,304,1372,572,48,103,1,1,-1,-1
366,305,1361,542,22,56,1,1,-1,-1
367,12,1661,610,51,138,1,1,-1,-1
367,37,1420,565,44,109,1,1,-1,-1
367,38,1595,662,45,194,1,1,-1,-1
367,128,48,697,48,179,1,1,-1,-1
367,192,1340,538,31,60,1,1,-1,-1
367,305,1363,553,20,52,1,1,-1,-1
368,12,1666,612,51,138,1,1,-1,-1
368,37,1420,585,36,90,1,1,-1,-1
368,38,1581,683,73,214,1,1,-1,-1
368,128,42,702,48,180,1,1,-1,-1
368,192,1341,539,31,60,1,1,-1,-1
368,305,1362,545,21,57,1,1,-1,-1
368,306,1373,575,49,104,1,1,-1,-1
369,12,1671,614,51,139,1,1,-1,-1
369,37,1420,585,35,91,1,1,-1,-1
369,38,1594,665,62,214,1,1,-1,-1
369,128,34,706,48,180,1,1,-1,-1
369,129,1503,566,43,133,1,1,-1,-1
369,192,1343,540,30,61,1,1,-1,-1
369,305,1362,546,21,58,1,1,-1,-1
369,306,1374,576,48,104,1,1,-1,-1
370,37,1420,586,35,91,1,1,-1,-1
370,38,1586,667,75,219,1,1,-1,-1
370,128,27,711,48,180,1,1,-1,-1
370,129,1505,555,53,123,1,1,-1,-1
370,192,1357,538,31,62,1,1,-1,-1
370,193,1459,586,43,91,1,1,-1,-1
370,305,1368,564,19,56,1,1,-1,-1
370,306,1389,595,44,114,1,1,-1,-1
371,50,1687,621,46,119,1,1,-1,-1
371,128,13,717,44,165,1,1,-1,-1
371,129,1495,563,35,100,1,1,-1,-1
371,130,1559,584,33,101,1,1,-1,-1
371,193,1460,589,43,89,1,1,-1,-1
371,194,1328,648,61,203,1,1,-1,-1
371,306,1375,579,49,105,1,1,-1,-1
372,50,1688,613,49,142,1,1,-1,-1
372,129,1498,584,25,94,1,1,-1,-1
372,130,1559,582,33,101,1,1,-1,-1
372,193,1457,586,45,91,1,1,-1,-1
372,194,1322,648,61,203,1,1,-1,-1
372,306,1376,580,49,106,1,1,-1,-1
373,50,1691,599,53,131,1,1,-1,-1
373,129,1500,594,34,94,1,1,-1,-1
373,130,1559,581,33,101,1,1,-1,-1
373,193,1456,584,44,92,1,1,-1,-1
373,194,1324,649,68,201,1,1,-1,-1
374,50,1700,611,47,144,1,1,-1,-1
374,129,1497,580,25,94,1,1,-1,-1
374,130,1553,591,41,103,1,1,-1,-1
374,193,1455,582,43,93,1,1,-1,-1
374,194,1355,657,73,222,1,1,-1,-1
374,307,1746,609,49,137,1,1,-1,-1
375,25,1314,649,58,202,1,1,-1,-1
375,50,1706,599,44,134,1,1,-1,-1
375,129,1496,579,25,94,1,1,-1,-1
375,130,1559,578,34,101,1,1,-1,-1
375,193,1455,581,42,93,1,1,-1,-1
375,194,1350,658,79,222,1,1,-1,-1
375,307,1750,608,52,138,1,1,-1,-1
376,25,1315,647,50,199,1,1,-1,-1
376,39,1567,677,93,227,1,1,-1,-1
376,50,1709,597,46,136,1,1,-1,-1
376,130,1559,576,33,101,1,1,-1,-1
376,194,1350,655,78,226,1,1,-1,-1
376,307,1754,607,56,137,1,1,-1,-1
377,25,1306,645,55,198,1,1,-1,-1
377,39,1569,678,91,227,1,1,-1,-1
377,50,1709,604,50,153,1,1,-1,-1
377,130,1559,574,33,101,1,1,-1,-1
377,307,1757,605,53,138,1,1,-1,-1
377,308,1376,544,21,62,1,1,-1,-1
378,25,1302,648,56,199,1,1,-1,-1
378,39,1552,692,90,233,1,1,-1,-1
378,50,1714,594,50,140,1,1,-1,-1
378,307,1761,604,49,138,1,1,-1,-1
378,308,1375,542,20,62,1,1,-1,-1
379,25,1298,646,54,209,1,1,-1,-1
379,39,1551,692,80,236,1,1,-1,-1
379,50,1714,603,57,152,1,1,-1,-1
379,308,1373,541,20,61,1,1,-1,-1
380,25,1294,644,57,212,1,1,-1,-1
380,39,1556,682,79,228,1,1,-1,-1
380,50,1719,588,53,144,1,1,-1,-1
380,308,1372,539,19,61,1,1,-1,-1
381,25,1290,663,47,174,1,1,-1,-1
381,39,1568,682,52,227,1,1,-1,-1
381,68,1762,570,64,168,1,1,-1,-1
381,308,1370,537,19,61,1,1,-1,-1
382,25,1273,645,63,214,1,1,-1,-1
382,39,1528,694,75,244,1,1,-1,-1
382,68,1774,601,53,140,1,1,-1,-1
383,25,1263,644,72,213,1,1,-1,-1
383,39,1514,694,85,248,1,1,-1,-1
383,68,1749,568,57,151,1,1,-1,-1
383,309,1775,601,54,142,1,1,-1,-1
384,25,1257,644,69,214,1,1,-1,-1
384,39,1504,695,95,250,1,1,-1,-1
384,68,1727,608,65,170,1,1,-1,-1
384,309,1776,601,55,144,1,1,-1,-1
385,25,1250,648,72,216,1,1,-1,-1
385,39,1494,697,106,252,1,1,-1,-1
385,68,1727,586,58,153,1,1,-1,-1
385,131,1438,568,43,95,1,1,-1,-1
385,195,1518,560,37,94,1,1,-1,-1
385,309,1777,601,56,146,1,1,-1,-1
385,310,1553,569,33,101,1,1,-1,-1
386,25,1245,645,75,217,1,1,-1,-1
386,39,1492,699,103,253,1,1,-1,-1
386,68,1730,586,57,154,1,1,-1,-1
386,131,1435,568,44,99,1,1,-1,-1
386,195,1515,560,38,95,1,1,-1,-1
386,309,1778,601,57,148,1,1,-1,-1
386,310,1565,554,38,113,1,1,-1,-1
387,68,1732,586,57,156,1,1,-1,-1
387,131,1432,564,44,102,1,1,-1,-1
387,195,1512,560,39,96,1,1,-1,-1
387,309,1744,610,68,163,1,1,-1,-1
387,310,1562,551,42,117,1,1,-1,-1
388,68,1735,587,56,157,1,1,-1,-1
388,96,1235,648,74,218,1,1,-1,-1
388,131,1425,565,45,103,1,1,-1,-1
388,195,1495,564,40,106,1,1,-1,-1
388,310,1560,555,42,119,1,1,-1,-1
389,51,1325,534,20,65,1,1,-1,-1
389,68,1736,603,61,160,1,1,-1,-1
389,96,1230,646,74,224,1,1,-1,-1
389,131,1419,566,50,103,1,1,-1,-1
389,195,1491,564,42,105,1,1,-1,-1
389,196,1417,747,94,290,1,1,-1,-1
389,310,1556,555,42,117,1,1,-1,-1
390,51,1322,534,19,66,1,1,-1,-1
390,96,1252,655,79,241,1,1,-1,-1
390,131,1405,553,59,124,1,1,-1,-1
390,195,1502,560,44,99,1,1,-1,-1
390,196,1412,749,95,293,1,1,-1,-1
390,197,1334,538,27,93,1,1,-1,-1
391,51,1318,543,23,81,1,1,-1,-1
391,96,1218,647,71,229,1,1,-1,-1
391,131,1412,570,49,104,1,1,-1,-1
391,196,1451,711,90,261,1,1,-1,-1
391,197,1334,562,49,106,1,1,-1,-1
392,26,1397,756,97,299,1,1,-1,-1
392,51,1311,533,25,65,1,1,-1,-1
392,96,1204,646,83,274,1,1,-1,-1
392,196,1443,713,80,263,1,1,-1,-1
392,197,1333,576,53,115,1,1,-1,-1
393,26,1391,758,98,303,1,1,-1,-1
393,51,1311,522,21,69,1,1,-1,-1
393,96,1204,648,61,233,1,1,-1,-1
393,196,1435,715,71,266,1,1,-1,-1
393,197,1327,562,49,106,1,1,-1,-1
394,26,1395,740,118,367,1,1,-1,-1
394,51,1321,531,19,65,1,1,-1,-1
394,96,1193,651,61,233,1,1,-1,-1
394,132,1450,566,28,106,1,1,-1,-1
394,196,1416,746,61,213,1,1,-1,-1
394,197,1340,571,41,112,1,1,-1,-1
395,26,1384,749,105,328,1,1,-1,-1
395,51,1314,530,19,65,1,1,-1,-1
395,96,1219,660,74,253,1,1,-1,-1
395,132,1443,565,28,107,1,1,-1,-1
395,197,1334,571,41,113,1,1,-1,-1
396,26,1368,765,100,314,1,1,-1,-1
396,51,1307,530,19,64,1,1,-1,-1
396,132,1437,565,27,108,1,1,-1,-1
397,26,1371,725,97,279,1,1,-1,-1
397,51,1300,530,19,63,1,1,-1,-1
397,132,1431,565,27,108,1,1,-1,-1
398,26,1348,770,103,314,1,1,-1,-1
398,51,1294,530,19,62,1,1,-1,-1
398,69,1273,539,65,140,1,1,-1,-1
398,132,1441,565,45,109,1,1,-1,-1
399,26,1346,700,122,364,1,1,-1,-1
399,69,1300,569,44,116,1,1,-1,-1
399,132,1448,560,41,101,1,1,-1,-1
399,133,1419,565,25,109,1,1,-1,-1
400,26,1300,770,126,361,1,1,-1,-1
400,69,1280,559,49,106,1,1,-1,-1
400,132,1458,542,45,111,1,1,-1,-1
400,133,1413,565,25,110,1,1,-1,-1
401,26,1308,735,126,289,1,1,-1,-1
401,69,1273,559,49,106,1,1,-1,-1
401,133,1412,563,45,109,1,1,-1,-1
402,26,1309,781,115,318,1,1,-1,-1
402,69,1266,559,49,106,1,1,-1,-1
402,133,1427,559,41,102,1,1,-1,-1
402,311,1684,594,62,170,1,1,-1,-1
403,26,1282,740,124,295,1,1,-1,-1
403,69,1260,559,49,106,1,1,-1,-1
403,133,1420,559,41,102,1,1,-1,-1
403,134,1384,564,25,110,1,1,-1,-1
403,311,1701,591,59,162,1,1,-1,-1
404,10,1300,542,55,124,1,1,-1,-1
404,52,1269,731,145,375,1,1,-1,-1
404,69,1247,558,49,106,1,1,-1,-1
404,133,1422,589,38,97,1,1,-1,-1
404,134,1376,563,25,110,1,1,-1,-1
404,311,1692,591,60,162,1,1,-1,-1
404,312,1038,663,82,254,1,1,-1,-1
405,10,1300,562,51,123,1,1,-1,-1
405,52,1303,690,97,303,1,1,-1,-1
405,69,1235,558,49,106,1,1,-1,-1
405,133,1427,566,34,101,1,1,-1,-1
405,134,1376,563,44,109,1,1,-1,-1
405,311,1695,612,65,179,1,1,-1,-1
405,312,1063,670,88,276,1,1,-1,-1
406,10,1288,561,51,121,1,1,-1,-1
406,52,1296,723,93,278,1,1,-1,-1
406,69,1230,566,46,117,1,1,-1,-1
406,134,1366,563,44,110,1,1,-1,-1
406,135,1355,562,28,111,1,1,-1,-1
406,311,1676,591,60,164,1,1,-1,-1
406,312,1039,670,106,280,1,1,-1,-1
407,10,1278,563,51,121,1,1,-1,-1
407,52,1266,730,100,300,1,1,-1,-1
407,134,1374,557,44,107,1,1,-1,-1
407,135,1347,563,26,113,1,1,-1,-1
407,312,1017,672,105,283,1,1,-1,-1
407,313,1662,619,88,235,1,1,-1,-1
408,10,1266,563,51,118,1,1,-1,-1
408,52,1230,798,122,335,1,1,-1,-1
408,134,1362,557,45,108,1,1,-1,-1
408,135,1335,562,25,115,1,1,-1,-1
408,136,1204,565,46,117,1,1,-1,-1
408,312,1000,672,110,286,1,1,-1,-1
408,313,1654,588,73,201,1,1,-1,-1
409,10,1258,563,51,119,1,1,-1,-1
409,52,1245,724,86,295,1,1,-1,-1
409,134,1386,566,34,101,1,1,-1,-1
409,135,1334,562,44,118,1,1,-1,-1
409,136,1191,565,46,117,1,1,-1,-1
409,313,1651,592,61,165,1,1,-1,-1
410,10,1241,563,51,117,1,1,-1,-1
410,52,1195,806,125,340,1,1,-1,-1
410,135,1322,561,44,118,1,1,-1,-1
410,136,1175,556,49,106,1,1,-1,-1
410,313,1657,620,69,184,1,1,-1,-1
411,10,1229,563,51,121,1,1,-1,-1
411,52,1178,810,126,343,1,1,-1,-1
411,135,1307,575,48,128,1,1,-1,-1
411,136,1163,555,49,106,1,1,-1,-1
411,313,1635,592,61,167,1,1,-1,-1
412,10,1254,554,51,120,1,1,-1,-1
412,52,1155,813,127,346,1,1,-1,-1
412,135,1302,567,43,117,1,1,-1,-1
412,136,1152,565,46,117,1,1,-1,-1
412,314,926,679,117,292,1,1,-1,-1
413,10,1272,559,28,119,1,1,-1,-1
413,52,1132,816,128,349,1,1,-1,-1
413,136,1136,563,46,118,1,1,-1,-1
413,314,893,682,118,278,1,1,-1,-1
413,315,1628,622,68,181,1,1,-1,-1
414,10,1268,559,45,121,1,1,-1,-1
414,136,1120,562,46,118,1,1,-1,-1
414,314,860,669,82,284,1,1,-1,-1
414,315,1606,592,62,168,1,1,-1,-1
415,10,1278,554,45,119,1,1,-1,-1
415,314,823,645,83,288,1,1,-1,-1
415,315,1594,592,62,168,1,1,-1,-1
415,316,1035,772,123,341,1,1,-1,-1
416,10,1264,553,45,120,1,1,-1,-1
416,314,803,681,109,308,1,1,-1,-1
416,315,1582,592,62,168,1,1,-1,-1
416,316,1015,768,112,318,1,1,-1,-1
417,10,1250,552,45,121,1,1,-1,-1
417,315,1570,592,62,168,1,1,-1,-1
417,316,983,778,117,339,1,1,-1,-1
417,317,1136,556,51,121,1,1,-1,-1
418,10,1261,558,37,116,1,1,-1,-1
418,70,1048,507,67,151,1,1,-1,-1
418,198,1209,557,53,141,1,1,-1,-1
418,316,958,782,114,338,1,1,-1,-1
418,317,1129,555,42,119,1,1,-1,-1
419,10,1244,557,38,115,1,1,-1,-1
419,70,1029,530,61,165,1,1,-1,-1
419,198,1220,550,45,123,1,1,-1,-1
419,316,991,833,129,368,1,1,-1,-1
419,317,1112,553,42,119,1,1,-1,-1
420,70,1020,537,62,170,1,1,-1,-1
420,198,1205,549,45,124,1,1,-1,-1
420,317,1091,552,53,124,1,1,-1,-1
420,318,1536,623,81,191,1,1,-1,-1
421,70,1004,513,67,160,1,1,-1,-1
421,198,1190,548,45,125,1,1,-1,-1
421,317,1074,549,52,129,1,1,-1,-1
421,318,1522,592,62,168,1,1,-1,-1
422,70,981,542,57,137,1,1,-1,-1
422,97,624,689,140,319,1,1,-1,-1
422,198,1175,547,45,126,1,1,-1,-1
422,199,832,794,126,335,1,1,-1,-1
422,318,1509,623,78,196,1,1,-1,-1
423,70,976,551,43,123,1,1,-1,-1
423,97,596,692,139,322,1,1,-1,-1
423,98,1140,566,40,121,1,1,-1,-1
423,198,1172,553,42,116,1,1,-1,-1
423,199,880,756,68,331,1,1,-1,-1
423,318,1498,592,62,168,1,1,-1,-1
423,319,1552,609,74,176,1,1,-1,-1
424,70,956,550,42,123,1,1,-1,-1
424,97,548,677,123,297,1,1,-1,-1
424,98,1141,547,45,127,1,1,-1,-1
424,137,1095,555,27,121,1,1,-1,-1
424,199,846,737,81,387,1,1,-1,-1
424,318,1479,593,62,169,1,1,-1,-1
424,319,1528,620,74,179,1,1,-1,-1
425,70,936,549,41,123,1,1,-1,-1
425,97,510,682,131,297,1,1,-1,-1
425,98,1124,547,45,127,1,1,-1,-1
425,137,1096,552,39,128,1,1,-1,-1
425,199,808,865,130,395,1,1,-1,-1
425,319,1516,609,74,179,1,1,-1,-1
426,70,928,542,48,117,1,1,-1,-1
426,97,472,688,139,297,1,1,-1,-1
426,98,1096,531,54,153,1,1,-1,-1
426,137,1114,550,43,121,1,1,-1,-1
426,199,796,921,109,333,1,1,-1,-1
426,319,1498,609,75,181,1,1,-1,-1
427,71,1423,599,63,172,1,1,-1,-1
427,97,455,708,154,328,1,1,-1,-1
427,98,1086,547,45,127,1,1,-1,-1
427,137,1125,543,45,130,1,1,-1,-1
427,199,738,883,132,403,1,1,-1,-1
427,319,1480,610,77,182,1,1,-1,-1
428,71,1405,601,63,173,1,1,-1,-1
428,97,434,738,145,327,1,1,-1,-1
428,98,1069,548,45,127,1,1,-1,-1
428,137,1108,544,43,129,1,1,-1,-1
429,53,560,841,151,403,1,1,-1,-1
429,71,1386,603,63,173,1,1,-1,-1
429,97,358,709,164,295,1,1,-1,-1
429,98,1050,554,44,128,1,1,-1,-1
429,137,1092,545,40,129,1,1,-1,-1
429,138,925,532,71,140,1,1,-1,-1
429,200,996,559,32,119,1,1,-1,-1
430,53,515,850,156,406,1,1,-1,-1
430,71,1367,605,64,174,1,1,-1,-1
430,98,1031,556,40,129,1,1,-1,-1
430,137,1068,551,46,130,1,1,-1,-1
430,138,963,567,34,122,1,1,-1,-1
430,200,1002,558,37,134,1,1,-1,-1
431,53,471,860,161,409,1,1,-1,-1
431,71,1351,644,88,208,1,1,-1,-1
431,138,957,564,33,119,1,1,-1,-1
431,200,1012,558,37,130,1,1,-1,-1
432,53,418,867,166,413,1,1,-1,-1
432,71,1333,648,89,208,1,1,-1,-1
432,138,957,561,41,146,1,1,-1,-1
432,200,992,557,40,134,1,1,-1,-1
433,53,365,874,172,417,1,1,-1,-1
433,71,1315,653,90,208,1,1,-1,-1
433,138,935,563,44,150,1,1,-1,-1
433,200,973,564,41,129,1,1,-1,-1
434,53,320,882,171,415,1,1,-1,-1
434,71,1295,653,91,209,1,1,-1,-1
434,138,913,565,45,150,1,1,-1,-1
434,200,984,556,47,132,1,1,-1,-1
434,320,743,566,44,118,1,1,-1,-1
435,53,397,962,141,386,1,1,-1,-1
435,71,1316,607,137,247,1,1,-1,-1
435,138,930,566,39,131,1,1,-1,-1
435,320,720,566,44,119,1,1,-1,-1
436,53,351,973,141,378,1,1,-1,-1
436,320,695,540,52,135,1,1,-1,-1
437,53,292,984,140,367,1,1,-1,-1
437,320,700,551,48,117,1,1,-1,-1
438,53,234,995,138,356,1,1,-1,-1
438,320,693,581,44,108,1,1,-1,-1
441,321,578,571,48,121,1,1,-1,-1
442,321,554,572,49,122,1,1,-1,-1
443,321,528,572,49,121,1,1,-1,-1
443,322,1258,611,79,208,1,1,-1,-1
444,321,507,596,54,133,1,1,-1,-1
444,322,1231,612,81,210,1,1,-1,-1
445,321,492,590,48,113,1,1,-1,-1
445,322,1203,614,81,210,1,1,-1,-1
446,322,1172,614,81,210,1,1,-1,-1
447,139,973,671,98,263,1,1,-1,-1
447,322,1146,615,81,210,1,1,-1,-1
448,139,1005,609,90,230,1,1,-1,-1
449,72,912,674,110,268,1,1,-1,-1
449,139,1038,652,82,205,1,1,-1,-1
449,323,355,597,46,108,1,1,-1,-1
450,72,879,645,114,294,1,1,-1,-1
450,139,1054,607,78,219,1,1,-1,-1
450,323,340,569,53,125,1,1,-1,-1
451,72,853,680,104,278,1,1,-1,-1
451,139,1025,607,78,219,1,1,-1,-1
451,323,362,548,47,145,1,1,-1,-1
451,324,492,565,73,165,1,1,-1,-1
452,72,819,685,106,276,1,1,-1,-1
452,139,998,612,78,219,1,1,-1,-1
452,323,350,563,41,132,1,1,-1,-1
452,324,470,566,72,166,1,1,-1,-1
452,325,1770,778,173,402,1,1,-1,-1
453,72,785,691,101,276,1,1,-1,-1
453,139,972,612,77,222,1,1,-1,-1
453,323,340,544,48,119,1,1,-1,-1
453,324,494,567,48,153,1,1,-1,-1
453,325,1739,775,178,407,1,1,-1,-1
453,326,870,621,102,227,1,1,-1,-1
454,72,752,697,95,277,1,1,-1,-1
454,324,485,535,55,182,1,1,-1,-1
454,325,1708,772,182,412,1,1,-1,-1
454,326,909,650,85,219,1,1,-1,-1
455,54,808,628,99,229,1,1,-1,-1
455,72,715,697,90,283,1,1,-1,-1
455,324,496,570,76,175,1,1,-1,-1
455,325,1678,769,186,417,1,1,-1,-1
455,326,920,617,76,229,1,1,-1,-1
456,54,777,631,98,231,1,1,-1,-1
456,72,679,696,91,294,1,1,-1,-1
456,325,1644,767,186,418,1,1,-1,-1
456,326,885,620,76,229,1,1,-1,-1
456,327,338,574,41,162,1,1,-1,-1
457,54,746,635,97,232,1,1,-1,-1
457,72,646,696,85,309,1,1,-1,-1
457,326,847,623,76,229,1,1,-1,-1
457,327,327,580,46,164,1,1,-1,-1
458,54,715,638,96,234,1,1,-1,-1
458,327,340,566,49,162,1,1,-1,-1
459,54,762,660,92,230,1,1,-1,-1
459,327,312,580,66,153,1,1,-1,-1
460,54,736,630,74,212,1,1,-1,-1
460,327,282,582,67,154,1,1,-1,-1
461,54,700,635,74,212,1,1,-1,-1
462,54,662,638,79,217,1,1,-1,-1
463,54,625,639,78,228,1,1,-1,-1
463,328,100,589,70,162,1,1,-1,-1
464,54,587,643,86,230,1,1,-1,-1
464,328,61,589,73,170,1,1,-1,-1
465,328,65,586,69,182,1,1,-1,-1
466,140,230,758,160,354,1,1,-1,-1
466,328,66,576,72,174,1,1,-1,-1
467,140,174,762,167,369,1,1,-1,-1
467,328,53,588,53,163,1,1,-1,-1
468,140,113,763,179,377,1,1,-1,-1
469,140,49,768,188,376,1,1,-1,-1
470,140,-10,775,196,386,1,1,-1,-1
471,140,-65,784,196,386,1,1,-1,-1
472,140,-125,799,196,386,1,1,-1,-1
489,201,300,915,168,425,1,1,-1,-1
490,201,250,927,163,416,1,1,-1,-1
491,201,200,940,158,407,1,1,-1,-1
492,201,137,944,161,403,1,1,-1,-1
493,201,74,949,164,399,1,1,-1,-1
494,201,11,953,167,395,1,1,-1,-1
501,202,930,683,84,268,1,1,-1,-1
502,202,881,684,90,270,1,1,-1,-1
503,202,832,684,96,274,1,1,-1,-1
504,202,783,685,102,276,1,1,-1,-1
505,202,734,686,108,279,1,1,-1,-1
506,202,686,691,101,282,1,1,-1,-1
511,141,1591,666,83,177,1,1,-1,-1
512,141,1556,668,85,178,1,1,-1,-1
513,141,1522,670,86,179,1,1,-1,-1
514,141,1487,670,86,182,1,1,-1,-1
515,141,1472,683,83,178,1,1,-1,-1
516,141,1504,670,81,207,1,1,-1,-1
517,141,1471,671,81,209,1,1,-1,-1
526,329,1086,682,86,199,1,1,-1,-1
527,329,1052,684,88,203,1,1,-1,-1
527,330,1514,726,111,279,1,1,-1,-1
528,329,1018,686,90,207,1,1,-1,-1
528,330,1486,727,110,280,1,1,-1,-1
529,329,984,688,92,212,1,1,-1,-1
529,330,1455,727,109,282,1,1,-1,-1
530,329,950,690,93,214,1,1,-1,-1
530,330,1402,733,133,289,1,1,-1,-1
531,330,1373,731,133,297,1,1,-1,-1
533,203,1316,735,129,293,1,1,-1,-1
534,203,1286,736,132,295,1,1,-1,-1
535,203,1274,724,118,268,1,1,-1,-1
536,203,1234,737,126,290,1,1,-1,-1
537,99,716,704,98,235,1,1,-1,-1
537,203,1201,735,129,289,1,1,-1,-1
538,99,682,709,97,236,1,1,-1,-1
538,203,1131,695,166,357,1,1,-1,-1
539,99,649,715,95,236,1,1,-1,-1
540,99,616,721,94,236,1,1,-1,-1
541,99,572,728,103,238,1,1,-1,-1
542,99,526,728,120,253,1,1,-1,-1
542,331,927,584,57,113,1,1,-1,-1
543,99,490,738,124,256,1,1,-1,-1
543,331,911,586,55,114,1,1,-1,-1
544,99,452,744,129,266,1,1,-1,-1
544,331,895,588,54,115,1,1,-1,-1
545,331,874,585,54,116,1,1,-1,-1
546,331,853,583,55,116,1,1,-1,-1
567,332,374,731,188,372,1,1,-1,-1
568,332,354,780,178,349,1,1,-1,-1
569,332,330,788,177,350,1,1,-1,-1
570,332,303,791,181,353,1,1,-1,-1
571,332,272,797,189,353,1,1,-1,-1
579,204,1814,588,60,164,1,1,-1,-1
579,333,1271,524,31,82,1,1,-1,-1
580,204,1807,589,61,164,1,1,-1,-1
580,333,1266,526,31,85,1,1,-1,-1
581,204,1801,623,51,141,1,1,-1,-1
581,333,1261,526,31,85,1,1,-1,-1
582,204,1798,589,57,162,1,1,-1,-1
582,333,1257,524,31,83,1,1,-1,-1
583,204,1793,589,56,161,1,1,-1,-1
583,333,1251,524,31,82,1,1,-1,-1
584,204,1789,589,53,160,1,1,-1,-1
596,73,817,482,22,52,1,1,-1,-1
597,73,815,482,22,52,1,1,-1,-1
597,334,0,633,117,215,1,1,-1,-1
598,73,813,482,22,52,1,1,-1,-1
598,334,-4,637,99,197,1,1,-1,-1
599,73,811,482,22,52,1,1,-1,-1
599,334,-5,655,106,222,1,1,-1,-1
600,73,811,477,19,55,1,1,-1,-1
600,334,-35,639,103,227,1,1,-1,-1
601,73,811,478,19,55,1,1,-1,-1
601,334,-32,647,91,203,1,1,-1,-1
601,335,277,498,23,63,1,1,-1,-1
602,73,810,479,19,55,1,1,-1,-1
602,335,287,503,23,58,1,1,-1,-1
603,73,808,478,19,55,1,1,-1,-1
603,335,282,502,24,59,1,1,-1,-1
604,73,813,460,20,57,1,1,-1,-1
604,335,277,502,26,60,1,1,-1,-1
605,335,278,502,26,62,1,1,-1,-1
606,336,284,542,51,107,1,1,-1,-1
607,336,280,527,52,108,1,1,-1,-1
608,336,278,543,53,108,1,1,-1,-1
609,336,279,538,49,109,1,1,-1,-1
610,336,276,537,49,109,1,1,-1,-1
612,205,270,535,51,110,1,1,-1,-1
613,205,267,534,51,110,1,1,-1,-1
614,205,264,533,52,111,1,1,-1,-1
615,205,277,539,44,95,1,1,-1,-1
616,205,258,531,52,112,1,1,-1,-1
616,337,251,480,23,58,1,1,-1,-1
617,205,255,529,51,116,1,1,-1,-1
617,337,257,489,23,60,1,1,-1,-1
618,337,255,488,21,62,1,1,-1,-1
619,337,253,488,20,63,1,1,-1,-1
620,337,251,488,19,64,1,1,-1,-1
627,338,237,550,50,113,1,1,-1,-1
628,338,236,548,52,114,1,1,-1,-1
629,338,236,551,53,115,1,1,-1,-1
630,338,237,552,54,115,1,1,-1,-1
631,206,1341,532,40,111,1,1,-1,-1
631,338,239,550,54,118,1,1,-1,-1
632,206,1347,535,40,112,1,1,-1,-1
633,206,1354,533,41,113,1,1,-1,-1
634,206,1363,534,40,119,1,1,-1,-1
635,206,1372,533,42,118,1,1,-1,-1
635,339,323,490,25,42,1,1,-1,-1
636,206,1383,539,38,119,1,1,-1,-1
636,339,326,496,27,42,1,1,-1,-1
637,339,328,495,26,42,1,1,-1,-1
638,55,365,479,23,52,1,1,-1,-1
638,339,331,499,27,43,1,1,-1,-1
639,55,371,496,19,43,1,1,-1,-1
639,339,340,502,31,50,1,1,-1,-1
640,55,374,497,19,43,1,1,-1,-1
641,55,375,497,19,44,1,1,-1,-1
642,55,380,497,16,43,1,1,-1,-1
643,55,386,497,12,43,1,1,-1,-1
644,55,390,498,13,42,1,1,-1,-1
645,55,396,497,14,45,1,1,-1,-1
646,55,399,498,14,45,1,1,-1,-1
647,55,404,498,14,46,1,1,-1,-1
649,340,382,501,22,47,1,1,-1,-1
650,340,387,502,21,47,1,1,-1,-1
651,340,393,497,21,46,1,1,-1,-1
652,340,399,492,22,46,1,1,-1,-1
653,340,406,492,22,46,1,1,-1,-1
657,142,436,501,22,48,1,1,-1,-1
658,142,444,504,23,48,1,1,-1,-1
659,142,452,520,22,43,1,1,-1,-1
660,142,456,516,22,44,1,1,-1,-1
661,142,461,515,22,44,1,1,-1,-1
662,142,467,514,22,44,1,1,-1,-1
663,142,474,509,23,46,1,1,-1,-1
663,341,1772,612,52,142,1,1,-1,-1
664,341,1790,621,51,144,1,1,-1,-1
665,341,1812,622,51,144,1,1,-1,-1
666,56,512,509,15,38,1,1,-1,-1
666,207,376,522,30,79,1,1,-1,-1
666,341,1831,631,54,147,1,1,-1,-1
667,56,519,508,15,38,1,1,-1,-1
667,207,382,523,30,79,1,1,-1,-1
667,341,1852,632,54,148,1,1,-1,-1
668,56,526,506,15,38,1,1,-1,-1
668,207,388,523,30,80,1,1,-1,-1
669,56,533,504,15,38,1,1,-1,-1
669,207,386,520,32,88,1,1,-1,-1
669,208,402,582,93,136,1,1,-1,-1
670,56,540,503,15,38,1,1,-1,-1
670,207,398,516,29,82,1,1,-1,-1
670,208,415,580,94,133,1,1,-1,-1
671,56,546,501,15,39,1,1,-1,-1
671,207,403,513,30,83,1,1,-1,-1
671,208,428,580,96,134,1,1,-1,-1
672,56,535,492,23,48,1,1,-1,-1
672,208,443,580,89,134,1,1,-1,-1
673,56,542,490,23,48,1,1,-1,-1
673,208,458,581,83,133,1,1,-1,-1
674,56,548,484,23,48,1,1,-1,-1
674,208,482,579,78,128,1,1,-1,-1
675,56,545,492,20,42,1,1,-1,-1
677,342,1140,497,22,68,1,1,-1,-1
678,342,1147,496,22,70,1,1,-1,-1
679,342,1155,496,23,69,1,1,-1,-1
680,342,1165,503,23,69,1,1,-1,-1
681,342,1168,517,24,70,1,1,-1,-1
687,14,645,489,15,42,1,1,-1,-1
688,14,653,489,15,42,1,1,-1,-1
689,14,659,486,15,42,1,1,-1,-1
690,14,665,484,15,42,1,1,-1,-1
691,14,660,488,17,47,1,1,-1,-1
692,14,659,476,21,46,1,1,-1,-1
693,14,664,476,21,48,1,1,-1,-1
694,14,670,477,21,48,1,1,-1,-1
695,14,676,478,21,48,1,1,-1,-1
696,14,682,478,21,49,1,1,-1,-1
697,14,688,479,21,49,1,1,-1,-1
698,14,694,480,21,49,1,1,-1,-1
699,14,700,481,21,49,1,1,-1,-1
700,14,705,481,21,50,1,1,-1,-1
702,100,752,483,19,55,1,1,-1,-1
703,100,758,484,19,56,1,1,-1,-1
704,100,763,485,18,57,1,1,-1,-1
704,343,745,491,18,48,1,1,-1,-1
705,100,764,481,20,60,1,1,-1,-1
705,343,747,492,18,48,1,1,-1,-1
706,100,769,484,20,60,1,1,-1,-1
706,343,752,493,18,48,1,1,-1,-1
707,100,773,485,20,61,1,1,-1,-1
707,343,756,498,18,48,1,1,-1,-1
708,100,777,490,20,60,1,1,-1,-1
708,343,760,498,18,48,1,1,-1,-1
709,100,781,490,20,61,1,1,-1,-1
714,57,576,545,43,102,1,1,-1,-1
715,57,576,545,43,102,1,1,-1,-1
716,57,577,545,43,102,1,1,-1,-1
717,57,578,545,43,103,1,1,-1,-1
718,57,577,547,47,106,1,1,-1,-1
719,57,578,545,47,107,1,1,-1,-1
719,209,1206,631,113,198,1,1,-1,-1
720,57,580,550,47,108,1,1,-1,-1
720,209,1242,600,119,207,1,1,-1,-1
721,57,581,550,48,109,1,1,-1,-1
721,209,1257,664,95,170,1,1,-1,-1
722,57,583,550,48,111,1,1,-1,-1
722,209,1276,650,113,197,1,1,-1,-1
723,57,585,551,48,112,1,1,-1,-1
723,209,1306,658,106,196,1,1,-1,-1
724,209,1358,666,87,199,1,1,-1,-1
731,101,1484,697,143,226,1,1,-1,-1
731,210,814,528,25,56,1,1,-1,-1
732,101,1515,705,125,229,1,1,-1,-1
732,210,818,529,25,56,1,1,-1,-1
733,101,1555,707,126,226,1,1,-1,-1
733,210,820,527,26,57,1,1,-1,-1
734,101,1576,703,125,249,1,1,-1,-1
734,210,823,526,26,57,1,1,-1,-1
735,101,1613,708,127,237,1,1,-1,-1
735,210,826,524,26,58,1,1,-1,-1
736,101,1647,753,121,221,1,1,-1,-1
736,210,836,524,31,68,1,1,-1,-1
737,101,1659,707,138,248,1,1,-1,-1
737,344,869,519,24,65,1,1,-1,-1
738,101,1690,714,137,255,1,1,-1,-1
738,344,873,521,24,65,1,1,-1,-1
739,344,875,520,24,66,1,1,-1,-1
740,344,875,522,24,65,1,1,-1,-1
741,211,609,545,43,112,1,1,-1,-1
741,344,878,524,24,65,1,1,-1,-1
742,143,1592,563,35,79,1,1,-1,-1
742,211,607,568,49,129,1,1,-1,-1
743,143,1596,585,37,83,1,1,-1,-1
743,211,606,569,50,131,1,1,-1,-1
744,143,1587,553,43,97,1,1,-1,-1
744,144,862,538,20,52,1,1,-1,-1
744,211,605,570,50,132,1,1,-1,-1
744,345,853,537,25,71,1,1,-1,-1
745,143,1604,565,35,79,1,1,-1,-1
745,144,863,538,20,52,1,1,-1,-1
745,211,604,571,51,134,1,1,-1,-1
745,345,843,529,25,59,1,1,-1,-1
746,143,1608,573,35,79,1,1,-1,-1
746,144,865,539,20,52,1,1,-1,-1
746,211,603,572,51,135,1,1,-1,-1
746,345,843,533,20,52,1,1,-1,-1
747,143,1613,573,35,79,1,1,-1,-1
747,144,866,538,19,53,1,1,-1,-1
747,345,845,530,25,60,1,1,-1,-1
748,143,1619,567,34,85,1,1,-1,-1
748,144,867,538,19,54,1,1,-1,-1
748,345,846,531,25,60,1,1,-1,-1
749,144,869,539,19,54,1,1,-1,-1
750,144,869,539,19,54,1,1,-1,-1
