3,1,215,688,82,67,1,1,-1,-1
3,2,358,593,47,62,1,2,-1,-1
3,3,370,583,50,86,1,1,-1,-1
3,4,569,185,24,27,1,2,-1,-1
3,5,586,192,27,47,1,1,-1,-1
3,6,623,439,95,127,1,10,-1,-1
3,7,633,507,127,180,1,10,-1,-1
3,8,650,243,37,64,1,2,-1,-1
3,9,660,240,43,48,1,10,-1,-1
3,10,677,155,18,60,1,1,-1,-1
3,11,698,298,49,138,1,1,-1,-1
3,12,725,164,18,40,1,1,-1,-1
3,13,741,151,19,59,1,1,-1,-1
3,14,768,298,41,120,1,1,-1,-1
3,15,808,168,32,77,1,1,-1,-1
3,16,820,310,47,83,1,2,-1,-1
3,17,834,285,43,108,1,1,-1,-1
3,18,845,339,28,60,1,1,-1,-1
3,19,1074,238,43,106,1,1,-1,-1
3,20,1106,246,42,99,1,1,-1,-1
3,21,1176,392,109,124,1,10,-1,-1
3,22,1189,369,84,116,1,2,-1,-1
3,23,1200,380,47,90,1,2,-1,-1
4,1,203,708,82,47,1,1,-1,-1
4,2,351,607,47,60,1,2,-1,-1
4,3,362,600,51,84,1,1,-1,-1
4,4,569,186,24,28,1,2,-1,-1
4,5,586,194,27,47,1,1,-1,-1
4,6,622,451,97,130,1,10,-1,-1
4,7,634,523,129,180,1,10,-1,-1
4,8,650,247,37,64,1,2,-1,-1
4,9,660,243,43,49,1,10,-1,-1
4,10,678,157,18,60,1,1,-1,-1
4,11,699,306,51,140,1,1,-1,-1
4,12,726,165,18,40,1,1,-1,-1
4,13,742,152,19,60,1,1,-1,-1
4,14,770,305,40,123,1,1,-1,-1
4,15,810,171,32,77,1,1,-1,-1
4,16,823,319,47,84,1,2,-1,-1
4,17,837,293,44,110,1,1,-1,-1
4,18,849,348,28,62,1,1,-1,-1
4,19,1079,243,45,108,1,1,-1,-1
4,20,1113,251,42,100,1,1,-1,-1
4,21,1176,394,109,125,1,10,-1,-1
4,22,1189,373,84,115,1,2,-1,-1
4,23,1200,384,47,90,1,2,-1,-1
5,1,192,728,82,27,1,1,-1,-1
5,2,345,621,47,59,1,2,-1,-1
5,3,355,617,52,82,1,1,-1,-1
5,4,568,188,24,28,1,2,-1,-1
5,5,586,196,27,47,1,1,-1,-1
5,6,621,462,100,133,1,10,-1,-1
5,7,636,540,131,179,1,10,-1,-1
5,8,650,251,37,63,1,2,-1,-1
5,9,661,247,43,48,1,10,-1,-1
5,10,678,159,18,61,1,1,-1,-1
5,11,699,313,54,143,1,1,-1,-1
5,12,728,166,18,40,1,1,-1,-1
5,13,743,154,20,60,1,1,-1,-1
5,14,773,309,40,124,1,1,-1,-1
5,15,812,174,32,78,1,1,-1,-1
5,16,827,329,46,85,1,2,-1,-1
5,17,840,302,45,112,1,1,-1,-1
5,18,854,358,27,62,1,1,-1,-1
5,19,1085,248,45,109,1,1,-1,-1
5,20,1119,256,43,101,1,1,-1,-1
5,21,1177,396,108,127,1,10,-1,-1
5,22,1189,377,84,114,1,2,-1,-1
5,23,1199,387,47,90,1,2,-1,-1
6,1,185,734,82,27,1,1,-1,-1
6,2,338,637,47,58,1,2,-1,-1
6,3,348,637,52,86,1,1,-1,-1
6,4,568,190,23,29,1,2,-1,-1
6,5,586,198,27,47,1,1,-1,-1
6,6,620,474,102,136,1,10,-1,-1
6,7,634,555,133,173,1,10,-1,-1
6,8,650,255,38,63,1,2,-1,-1
6,9,661,251,43,47,1,10,-1,-1
6,10,678,161,18,62,1,1,-1,-1
6,11,700,321,56,145,1,1,-1,-1
6,12,728,168,18,40,1,1,-1,-1
6,13,743,155,20,61,1,1,-1,-1
6,14,774,315,41,127,1,1,-1,-1
6,15,814,177,32,79,1,1,-1,-1
6,16,831,338,46,87,1,2,-1,-1
6,17,843,311,46,113,1,1,-1,-1
6,18,858,367,28,64,1,1,-1,-1
6,19,1090,253,46,110,1,1,-1,-1
6,20,1126,261,43,102,1,1,-1,-1
6,21,1177,402,108,126,1,10,-1,-1
6,22,1189,382,83,112,1,2,-1,-1
6,23,1198,391,47,90,1,2,-1,-1
7,2,332,653,46,57,1,2,-1,-1
7,3,342,657,52,91,1,1,-1,-1
7,4,567,192,24,29,1,2,-1,-1
7,5,586,200,28,47,1,1,-1,-1
7,6,619,485,104,140,1,10,-1,-1
7,7,632,571,136,166,1,10,-1,-1
7,8,650,259,38,63,1,2,-1,-1
7,9,661,254,43,48,1,10,-1,-1
7,10,678,163,18,63,1,1,-1,-1
7,11,701,329,58,147,1,1,-1,-1
7,12,729,171,18,40,1,1,-1,-1
7,13,743,157,20,61,1,1,-1,-1
7,14,775,322,43,129,1,1,-1,-1
7,15,816,180,31,79,1,1,-1,-1
7,16,835,348,45,88,1,2,-1,-1
7,17,846,320,47,115,1,1,-1,-1
7,18,862,377,28,65,1,1,-1,-1
7,19,1096,259,47,111,1,1,-1,-1
7,20,1133,267,43,103,1,1,-1,-1
7,21,1178,409,107,124,1,10,-1,-1
7,22,1189,386,83,111,1,2,-1,-1
7,23,1198,395,47,90,1,2,-1,-1
8,2,325,670,47,55,1,2,-1,-1
8,3,337,679,53,76,1,1,-1,-1
8,4,567,194,23,30,1,2,-1,-1
8,5,585,202,28,49,1,1,-1,-1
8,6,618,496,107,143,1,10,-1,-1
8,7,630,586,139,160,1,10,-1,-1
8,8,650,263,38,63,1,2,-1,-1
8,9,661,258,43,47,1,10,-1,-1
8,10,678,165,18,63,1,1,-1,-1
8,11,702,338,58,150,1,1,-1,-1
8,12,730,173,18,40,1,1,-1,-1
8,13,744,159,20,61,1,1,-1,-1
8,14,777,329,44,131,1,1,-1,-1
8,15,818,183,31,80,1,1,-1,-1
8,16,839,358,45,89,1,2,-1,-1
8,17,849,329,48,116,1,1,-1,-1
8,18,867,386,27,67,1,1,-1,-1
8,19,1103,266,48,113,1,1,-1,-1
8,20,1142,274,43,104,1,1,-1,-1
8,21,1178,416,108,122,1,10,-1,-1
8,22,1189,390,83,110,1,2,-1,-1
8,23,1197,398,47,90,1,2,-1,-1
9,2,319,686,46,54,1,2,-1,-1
9,3,331,697,53,58,1,1,-1,-1
9,4,567,196,23,31,1,2,-1,-1
9,5,585,204,27,51,1,1,-1,-1
9,6,617,508,109,146,1,10,-1,-1
9,7,629,602,141,153,1,10,-1,-1
9,8,650,268,39,63,1,2,-1,-1
9,9,662,262,43,47,1,10,-1,-1
9,10,678,167,18,63,1,1,-1,-1
9,11,703,347,58,153,1,1,-1,-1
9,12,731,176,18,40,1,1,-1,-1
9,13,744,161,20,61,1,1,-1,-1
9,14,780,339,45,132,1,1,-1,-1
9,15,819,185,32,81,1,1,-1,-1
9,16,843,367,44,91,1,2,-1,-1
9,17,852,338,50,118,1,1,-1,-1
9,18,871,396,27,67,1,1,-1,-1
9,19,1111,273,48,115,1,1,-1,-1
9,20,1152,282,43,104,1,1,-1,-1
9,21,1179,423,107,120,1,10,-1,-1
9,22,1189,394,83,109,1,2,-1,-1
9,23,1196,402,47,90,1,2,-1,-1
10,2,313,700,46,54,1,2,-1,-1
10,3,325,715,53,40,1,1,-1,-1
10,4,567,197,23,31,1,2,-1,-1
10,5,586,205,27,51,1,1,-1,-1
10,6,616,519,111,150,1,10,-1,-1
10,7,628,626,141,129,1,10,-1,-1
10,8,650,272,39,64,1,2,-1,-1
10,9,662,266,43,47,1,10,-1,-1
10,10,678,169,18,63,1,1,-1,-1
10,11,704,357,59,155,1,1,-1,-1
10,12,732,178,18,40,1,1,-1,-1
10,13,744,163,21,61,1,1,-1,-1
10,14,783,349,46,134,1,1,-1,-1
10,15,821,188,32,82,1,1,-1,-1
10,16,847,377,44,92,1,2,-1,-1
10,17,855,347,51,119,1,1,-1,-1
10,18,875,405,27,69,1,1,-1,-1
10,19,1118,281,49,116,1,1,-1,-1
10,20,1162,289,43,105,1,1,-1,-1
10,21,1180,430,107,118,1,10,-1,-1
10,22,1189,399,83,107,1,2,-1,-1
10,23,1196,406,47,90,1,2,-1,-1
11,3,319,733,53,22,1,1,-1,-1
11,4,568,199,23,31,1,2,-1,-1
11,5,587,207,28,51,1,1,-1,-1
11,6,615,531,114,153,1,10,-1,-1
11,7,628,651,141,104,1,10,-1,-1
11,8,650,277,39,65,1,2,-1,-1
11,9,663,270,43,47,1,10,-1,-1
11,10,678,171,18,63,1,1,-1,-1
11,11,705,368,55,156,1,1,-1,-1
11,12,733,181,18,40,1,1,-1,-1
11,13,745,165,20,61,1,1,-1,-1
11,14,786,359,47,136,1,1,-1,-1
11,15,823,191,32,83,1,1,-1,-1
11,16,851,386,43,94,1,2,-1,-1
11,17,859,356,51,121,1,1,-1,-1
11,18,879,415,28,70,1,1,-1,-1
11,19,1126,288,50,119,1,1,-1,-1
11,20,1171,297,44,105,1,1,-1,-1
11,21,1180,434,106,118,1,10,-1,-1
11,22,1189,400,84,113,1,2,-1,-1
11,23,1196,409,47,90,1,2,-1,-1
12,3,313,746,53,22,1,1,-1,-1
12,4,566,201,23,31,1,2,-1,-1
12,5,587,209,29,52,1,1,-1,-1
12,6,614,549,116,149,1,10,-1,-1
12,7,628,676,141,79,1,10,-1,-1
12,8,650,282,39,65,1,2,-1,-1
12,9,663,274,43,47,1,10,-1,-1
12,10,679,173,18,63,1,1,-1,-1
12,11,706,379,51,158,1,1,-1,-1
12,12,734,183,18,40,1,1,-1,-1
12,13,745,167,21,61,1,1,-1,-1
12,14,789,369,48,138,1,1,-1,-1
12,15,825,194,31,83,1,1,-1,-1
12,16,855,396,43,95,1,2,-1,-1
12,17,862,365,52,123,1,1,-1,-1
12,18,884,424,27,71,1,1,-1,-1
12,19,1133,295,51,121,1,1,-1,-1
12,20,1181,305,44,105,1,1,-1,-1
12,21,1181,438,105,118,1,10,-1,-1
12,22,1190,402,85,119,1,2,-1,-1
12,23,1196,413,47,90,1,2,-1,-1
13,4,564,203,23,31,1,2,-1,-1
13,5,588,211,29,53,1,1,-1,-1
13,6,613,567,119,145,1,10,-1,-1
13,7,627,701,141,54,1,10,-1,-1
13,8,650,287,39,66,1,2,-1,-1
13,9,664,278,43,47,1,10,-1,-1
13,10,679,175,18,63,1,1,-1,-1
13,11,705,390,53,160,1,1,-1,-1
13,12,735,186,18,40,1,1,-1,-1
13,13,745,169,21,61,1,1,-1,-1
13,14,793,379,49,140,1,1,-1,-1
13,15,827,197,31,84,1,1,-1,-1
13,16,859,406,42,96,1,2,-1,-1
13,17,865,374,53,124,1,1,-1,-1
13,18,888,434,27,72,1,1,-1,-1
13,19,1141,303,51,122,1,1,-1,-1
13,20,1191,312,44,106,1,1,-1,-1
13,21,1182,442,103,118,1,10,-1,-1
13,22,1190,411,84,111,1,2,-1,-1
13,23,1196,417,47,90,1,2,-1,-1
14,4,563,206,23,31,1,2,-1,-1
14,5,589,214,30,54,1,1,-1,-1
14,6,613,585,121,141,1,10,-1,-1
14,7,627,726,141,29,1,10,-1,-1
14,8,650,292,39,67,1,2,-1,-1
14,9,665,282,43,47,1,10,-1,-1
14,10,679,177,18,64,1,1,-1,-1
14,11,705,401,54,162,1,1,-1,-1
14,12,736,189,18,40,1,1,-1,-1
14,13,746,171,21,62,1,1,-1,-1
14,14,797,389,50,143,1,1,-1,-1
14,15,829,200,31,84,1,1,-1,-1
14,16,863,415,42,98,1,2,-1,-1
14,17,868,383,55,126,1,1,-1,-1
14,18,892,443,27,74,1,1,-1,-1
14,19,1148,310,52,124,1,1,-1,-1
14,20,1200,320,45,106,1,1,-1,-1
14,21,1182,446,103,118,1,10,-1,-1
14,22,1190,415,84,110,1,2,-1,-1
14,23,1196,420,47,90,1,2,-1,-1
15,4,564,207,23,32,1,2,-1,-1
15,5,588,218,31,55,1,1,-1,-1
15,6,612,603,124,137,1,10,-1,-1
15,7,627,738,141,29,1,10,-1,-1
15,8,649,296,40,69,1,2,-1,-1
15,9,665,286,43,47,1,10,-1,-1
15,10,679,179,18,64,1,1,-1,-1
15,11,704,412,56,164,1,1,-1,-1
15,12,736,192,17,39,1,1,-1,-1
15,13,746,174,21,62,1,1,-1,-1
15,14,801,399,51,145,1,1,-1,-1
15,15,831,203,31,85,1,1,-1,-1
15,16,867,425,41,99,1,2,-1,-1
15,17,871,392,56,127,1,1,-1,-1
15,18,897,453,27,75,1,1,-1,-1
15,19,1156,318,53,126,1,1,-1,-1
15,20,1210,327,45,107,1,1,-1,-1
15,21,1183,450,101,118,1,10,-1,-1
15,22,1191,419,83,109,1,2,-1,-1
15,23,1197,424,47,90,1,2,-1,-1
16,4,565,209,23,32,1,2,-1,-1
16,5,588,223,31,56,1,1,-1,-1
16,6,612,618,124,137,1,10,-1,-1
16,8,649,300,40,71,1,2,-1,-1
16,9,666,290,43,47,1,10,-1,-1
16,10,679,182,19,64,1,1,-1,-1
16,11,704,424,57,166,1,1,-1,-1
16,12,736,195,17,39,1,1,-1,-1
16,13,746,177,21,63,1,1,-1,-1
16,14,805,410,52,147,1,1,-1,-1
16,15,833,206,31,86,1,1,-1,-1
16,16,871,435,41,100,1,2,-1,-1
16,17,874,401,57,129,1,1,-1,-1
16,18,900,465,28,77,1,1,-1,-1
16,19,1165,324,54,126,1,1,-1,-1
16,20,1220,335,45,107,1,1,-1,-1
16,21,1184,455,100,118,1,10,-1,-1
16,22,1192,423,82,109,1,2,-1,-1
16,23,1197,428,47,90,1,2,-1,-1
17,4,563,211,23,33,1,2,-1,-1
17,5,587,226,31,57,1,1,-1,-1
17,8,648,305,40,71,1,2,-1,-1
17,9,667,295,43,47,1,10,-1,-1
17,10,678,184,19,64,1,1,-1,-1
17,11,703,435,59,176,1,1,-1,-1
17,12,736,198,16,39,1,1,-1,-1
17,13,746,180,21,63,1,1,-1,-1
17,14,807,422,53,149,1,1,-1,-1
17,15,835,208,31,89,1,1,-1,-1
17,16,872,446,43,103,1,2,-1,-1
17,17,877,410,58,130,1,1,-1,-1
17,18,903,477,30,79,1,1,-1,-1
17,19,1175,331,55,126,1,1,-1,-1
17,20,1230,343,45,108,1,1,-1,-1
17,21,1182,459,100,118,1,10,-1,-1
17,22,1193,427,81,108,1,2,-1,-1
17,23,1197,431,47,90,1,2,-1,-1
18,4,561,213,23,34,1,2,-1,-1
18,5,586,229,32,58,1,1,-1,-1
18,8,648,310,40,72,1,2,-1,-1
18,9,664,299,43,48,1,10,-1,-1
18,10,677,186,19,64,1,1,-1,-1
18,11,703,447,62,181,1,1,-1,-1
18,12,737,201,15,39,1,1,-1,-1
18,13,746,183,22,64,1,1,-1,-1
18,14,809,435,55,150,1,1,-1,-1
18,15,837,211,31,91,1,1,-1,-1
18,16,874,458,45,106,1,2,-1,-1
18,17,880,419,59,132,1,1,-1,-1
18,18,907,489,31,82,1,1,-1,-1
18,19,1185,338,56,126,1,1,-1,-1
18,20,1235,348,45,112,1,1,-1,-1
18,21,1180,463,100,118,1,10,-1,-1
18,22,1194,431,80,107,1,2,-1,-1
18,23,1197,435,47,90,1,2,-1,-1
19,4,555,213,23,35,1,2,-1,-1
19,5,580,230,32,59,1,1,-1,-1
19,8,641,314,41,72,1,2,-1,-1
19,9,661,303,43,50,1,10,-1,-1
19,10,672,188,19,64,1,1,-1,-1
19,11,703,459,65,186,1,1,-1,-1
19,12,734,201,18,40,1,1,-1,-1
19,13,740,183,22,65,1,1,-1,-1
19,14,812,448,56,152,1,1,-1,-1
19,15,832,213,31,90,1,1,-1,-1
19,16,876,469,47,110,1,2,-1,-1
19,17,884,428,60,134,1,1,-1,-1
19,18,910,502,33,83,1,1,-1,-1
19,19,1188,344,57,126,1,1,-1,-1
19,20,1241,354,44,116,1,1,-1,-1
19,21,1179,467,100,119,1,10,-1,-1
19,22,1195,436,79,106,1,2,-1,-1
19,23,1198,439,47,90,1,2,-1,-1
20,4,550,214,23,35,1,2,-1,-1
20,5,574,231,32,60,1,1,-1,-1
20,8,635,318,41,72,1,2,-1,-1
20,9,654,306,43,50,1,10,-1,-1
20,10,667,190,19,64,1,1,-1,-1
20,11,704,472,67,190,1,1,-1,-1
20,12,726,201,18,41,1,1,-1,-1
20,13,734,184,23,65,1,1,-1,-1
20,14,807,456,57,158,1,1,-1,-1
20,15,828,216,31,90,1,1,-1,-1
20,16,878,481,48,112,1,2,-1,-1
20,17,889,437,61,136,1,1,-1,-1
20,18,913,514,35,85,1,1,-1,-1
20,19,1192,351,57,125,1,1,-1,-1
20,20,1246,360,44,119,1,1,-1,-1
20,21,1173,464,100,119,1,10,-1,-1
20,22,1190,436,79,107,1,2,-1,-1
20,23,1192,439,47,90,1,2,-1,-1
21,4,541,217,23,35,1,2,-1,-1
21,5,565,232,31,58,1,1,-1,-1
21,8,629,322,42,72,1,2,-1,-1
21,9,648,309,43,51,1,10,-1,-1
21,10,660,192,19,65,1,1,-1,-1
21,11,704,484,69,193,1,1,-1,-1
21,12,719,202,18,42,1,1,-1,-1
21,13,729,185,23,65,1,1,-1,-1
21,14,802,465,58,164,1,1,-1,-1
21,15,822,219,31,90,1,1,-1,-1
21,16,880,492,50,116,1,2,-1,-1
21,17,894,447,63,138,1,1,-1,-1
21,18,917,526,36,88,1,1,-1,-1
21,19,1202,357,58,130,1,1,-1,-1
21,20,1252,366,44,123,1,1,-1,-1
21,21,1167,462,100,119,1,10,-1,-1
21,22,1185,436,80,108,1,2,-1,-1
21,23,1186,439,47,90,1,2,-1,-1
21,24,687,179,20,69,1,2,-1,-1
22,4,540,217,23,35,1,2,-1,-1
22,5,565,234,35,62,1,1,-1,-1
22,8,629,325,42,74,1,2,-1,-1
22,9,648,312,43,51,1,10,-1,-1
22,10,660,192,19,66,1,1,-1,-1
22,11,704,496,72,196,1,1,-1,-1
22,12,719,202,18,43,1,1,-1,-1
22,13,729,185,23,66,1,1,-1,-1
22,14,807,474,59,172,1,1,-1,-1
22,15,825,222,31,91,1,1,-1,-1
22,16,882,504,52,119,1,2,-1,-1
22,17,899,457,65,139,1,1,-1,-1
22,18,920,538,38,90,1,1,-1,-1
22,19,1213,363,59,135,1,1,-1,-1
22,20,1264,371,43,127,1,1,-1,-1
22,21,1162,460,100,119,1,10,-1,-1
22,22,1181,437,80,108,1,2,-1,-1
22,23,1180,440,47,90,1,2,-1,-1
22,24,687,180,21,69,1,2,-1,-1
23,4,540,217,23,36,1,2,-1,-1
23,5,563,235,35,62,1,1,-1,-1
23,8,629,327,43,76,1,2,-1,-1
23,9,649,316,43,51,1,10,-1,-1
23,10,660,193,19,66,1,1,-1,-1
23,11,705,509,74,199,1,1,-1,-1
23,12,720,203,18,43,1,1,-1,-1
23,13,730,186,23,66,1,1,-1,-1
23,14,813,484,60,179,1,1,-1,-1
23,15,827,225,31,92,1,1,-1,-1
23,16,890,515,54,123,1,2,-1,-1
23,17,904,467,67,141,1,1,-1,-1
23,18,924,551,39,92,1,1,-1,-1
23,19,1223,369,61,140,1,1,-1,-1
23,20,1276,377,43,131,1,1,-1,-1
23,21,1164,459,100,120,1,10,-1,-1
23,22,1182,436,80,109,1,2,-1,-1
23,23,1182,439,47,90,1,2,-1,-1
23,24,688,181,21,69,1,2,-1,-1
24,4,540,218,23,36,1,2,-1,-1
24,5,562,236,35,63,1,1,-1,-1
24,8,630,329,44,78,1,2,-1,-1
24,9,650,320,43,51,1,10,-1,-1
24,10,660,193,19,67,1,1,-1,-1
24,11,709,522,77,201,1,1,-1,-1
24,12,721,204,17,43,1,1,-1,-1
24,13,731,187,23,66,1,1,-1,-1
24,14,819,494,61,186,1,1,-1,-1
24,15,830,226,31,93,1,1,-1,-1
24,16,898,527,56,126,1,2,-1,-1
24,17,909,477,69,142,1,1,-1,-1
24,18,935,565,41,97,1,1,-1,-1
24,19,1234,375,62,145,1,1,-1,-1
24,20,1288,383,42,134,1,1,-1,-1
24,21,1167,459,100,120,1,10,-1,-1
24,22,1183,435,80,110,1,2,-1,-1
24,23,1184,439,47,90,1,2,-1,-1
24,24,688,182,22,70,1,2,-1,-1
25,4,539,218,23,37,1,2,-1,-1
25,5,560,237,35,63,1,1,-1,-1
25,8,630,332,45,79,1,2,-1,-1
25,9,653,320,43,49,1,10,-1,-1
25,10,661,194,18,67,1,1,-1,-1
25,11,713,535,81,203,1,1,-1,-1
25,12,722,205,17,44,1,1,-1,-1
25,13,731,188,24,66,1,1,-1,-1
25,14,825,504,62,194,1,1,-1,-1
25,15,833,228,31,94,1,1,-1,-1
25,16,906,539,59,130,1,2,-1,-1
25,17,914,487,71,144,1,1,-1,-1
25,18,947,580,43,102,1,1,-1,-1
25,19,1245,381,63,151,1,1,-1,-1
25,20,1297,391,42,134,1,1,-1,-1
25,21,1170,459,100,121,1,10,-1,-1
25,22,1184,434,81,111,1,2,-1,-1
25,23,1186,439,47,90,1,2,-1,-1
25,24,689,183,22,70,1,2,-1,-1
26,4,539,219,23,36,1,2,-1,-1
26,5,559,238,35,64,1,1,-1,-1
26,8,631,334,46,81,1,2,-1,-1
26,9,652,322,43,51,1,10,-1,-1
26,10,661,194,18,68,1,1,-1,-1
26,11,718,548,84,206,1,1,-1,-1
26,12,722,205,18,45,1,1,-1,-1
26,13,732,189,24,66,1,1,-1,-1
26,14,831,516,63,195,1,1,-1,-1
26,15,837,230,31,95,1,1,-1,-1
26,16,914,553,61,133,1,2,-1,-1
26,17,923,500,73,146,1,1,-1,-1
26,18,959,598,45,94,1,1,-1,-1
26,19,1259,387,65,155,1,1,-1,-1
26,21,1173,459,100,121,1,10,-1,-1
26,22,1185,433,81,113,1,2,-1,-1
26,23,1188,438,47,90,1,2,-1,-1
26,24,689,184,23,70,1,2,-1,-1
27,4,539,219,23,37,1,2,-1,-1
27,5,558,239,35,65,1,1,-1,-1
27,8,632,337,47,83,1,2,-1,-1
27,9,652,324,44,53,1,10,-1,-1
27,10,661,195,18,68,1,1,-1,-1
27,11,723,562,90,193,1,1,-1,-1
27,12,723,206,17,45,1,1,-1,-1
27,13,733,190,24,66,1,1,-1,-1
27,14,837,529,65,195,1,1,-1,-1
27,15,841,232,31,96,1,1,-1,-1
27,16,923,567,63,136,1,2,-1,-1
27,17,933,513,75,148,1,1,-1,-1
27,18,971,616,47,86,1,1,-1,-1
27,19,1273,394,67,159,1,1,-1,-1
27,21,1176,458,100,122,1,10,-1,-1
27,22,1186,432,82,114,1,2,-1,-1
27,23,1190,438,47,90,1,2,-1,-1
27,24,690,185,23,71,1,2,-1,-1
28,4,538,220,23,37,1,2,-1,-1
28,5,558,240,33,66,1,1,-1,-1
28,8,631,340,48,84,1,2,-1,-1
28,9,653,327,45,54,1,10,-1,-1
28,10,661,195,18,69,1,1,-1,-1
28,11,726,580,94,174,1,1,-1,-1
28,12,724,207,17,45,1,1,-1,-1
28,13,734,191,24,67,1,1,-1,-1
28,14,843,542,67,195,1,1,-1,-1
28,15,845,235,31,97,1,1,-1,-1
28,16,931,581,66,139,1,2,-1,-1
28,17,943,526,77,150,1,1,-1,-1
28,18,984,634,48,78,1,1,-1,-1
28,19,1286,407,55,159,1,1,-1,-1
28,21,1179,458,100,123,1,10,-1,-1
28,22,1187,431,82,115,1,2,-1,-1
28,23,1192,438,47,90,1,2,-1,-1
28,24,690,186,24,71,1,2,-1,-1
29,4,538,220,23,38,1,2,-1,-1
29,5,558,242,31,66,1,1,-1,-1
29,8,631,343,48,86,1,2,-1,-1
29,9,654,330,46,55,1,10,-1,-1
29,10,662,196,18,69,1,1,-1,-1
29,11,729,598,98,156,1,1,-1,-1
29,12,725,208,17,46,1,1,-1,-1
29,13,735,192,24,68,1,1,-1,-1
29,14,849,555,69,188,1,1,-1,-1
29,15,849,238,31,97,1,1,-1,-1
29,16,940,595,68,142,1,2,-1,-1
29,17,953,540,78,151,1,1,-1,-1
29,18,996,652,50,71,1,1,-1,-1
29,19,1299,416,55,159,1,1,-1,-1
29,21,1182,458,100,123,1,10,-1,-1
29,22,1188,431,83,116,1,2,-1,-1
29,23,1194,438,47,90,1,2,-1,-1
29,24,691,187,24,72,1,2,-1,-1
29,25,739,192,26,55,1,2,-1,-1
29,26,784,160,24,40,1,1,-1,-1
30,4,538,221,23,38,1,2,-1,-1
30,5,557,243,31,67,1,1,-1,-1
30,8,631,347,48,87,1,2,-1,-1
30,9,655,333,46,56,1,10,-1,-1
30,10,662,197,18,69,1,1,-1,-1
30,11,733,616,102,138,1,1,-1,-1
30,12,726,209,17,47,1,1,-1,-1
30,13,736,193,24,68,1,1,-1,-1
30,14,855,568,72,181,1,1,-1,-1
30,15,853,241,31,98,1,1,-1,-1
30,16,949,609,70,146,1,2,-1,-1
30,17,963,553,80,153,1,1,-1,-1
30,18,1009,670,51,63,1,1,-1,-1
30,21,1185,458,100,123,1,10,-1,-1
30,22,1192,430,84,117,1,2,-1,-1
30,23,1199,437,47,90,1,2,-1,-1
30,24,691,188,25,72,1,2,-1,-1
30,25,741,192,26,56,1,2,-1,-1
30,26,784,162,25,40,1,1,-1,-1
31,4,538,221,23,38,1,2,-1,-1
31,5,556,245,31,67,1,1,-1,-1
31,8,632,350,49,89,1,2,-1,-1
31,9,656,336,47,57,1,10,-1,-1
31,10,662,198,18,70,1,1,-1,-1
31,11,736,635,96,119,1,1,-1,-1
31,12,727,210,17,48,1,1,-1,-1
31,13,737,194,24,69,1,1,-1,-1
31,14,862,581,74,174,1,1,-1,-1
31,15,856,243,32,100,1,1,-1,-1
31,16,963,628,70,127,1,2,-1,-1
31,17,973,566,82,155,1,1,-1,-1
31,18,1021,688,53,55,1,1,-1,-1
31,21,1188,458,100,124,1,10,-1,-1
31,22,1197,430,84,118,1,2,-1,-1
31,23,1204,437,47,90,1,2,-1,-1
31,24,691,189,26,72,1,2,-1,-1
31,25,743,193,26,56,1,2,-1,-1
31,26,785,163,25,41,1,1,-1,-1
32,4,538,221,23,38,1,2,-1,-1
32,5,556,247,31,67,1,1,-1,-1
32,8,633,354,50,90,1,2,-1,-1
32,9,657,339,48,58,1,10,-1,-1
32,10,663,200,18,70,1,1,-1,-1
32,11,742,645,96,119,1,1,-1,-1
32,12,728,211,17,49,1,1,-1,-1
32,13,739,195,24,70,1,1,-1,-1
32,14,875,595,74,159,1,1,-1,-1
32,15,860,246,33,101,1,1,-1,-1
32,16,978,647,70,108,1,2,-1,-1
32,17,983,580,84,156,1,1,-1,-1
32,18,1034,702,53,55,1,1,-1,-1
32,21,1191,458,99,124,1,10,-1,-1
32,22,1202,430,85,119,1,2,-1,-1
32,23,1209,437,47,90,1,2,-1,-1
32,24,692,190,26,73,1,2,-1,-1
32,25,746,194,26,56,1,2,-1,-1
32,26,786,165,25,41,1,1,-1,-1
33,4,537,222,23,38,1,2,-1,-1
33,5,555,248,31,67,1,1,-1,-1
33,8,635,358,50,91,1,2,-1,-1
33,9,658,342,48,59,1,10,-1,-1
33,10,664,201,18,70,1,1,-1,-1
33,12,729,212,17,50,1,1,-1,-1
33,13,740,196,24,70,1,1,-1,-1
33,14,888,615,74,139,1,1,-1,-1
33,15,864,248,34,103,1,1,-1,-1
33,16,993,666,70,89,1,2,-1,-1
33,17,995,598,88,142,1,1,-1,-1
33,21,1194,459,99,123,1,10,-1,-1
33,22,1204,430,84,119,1,2,-1,-1
33,23,1214,436,47,90,1,2,-1,-1
33,24,692,191,27,73,1,2,-1,-1
33,25,747,194,26,58,1,2,-1,-1
33,26,786,166,25,42,1,1,-1,-1
34,4,536,223,24,39,1,2,-1,-1
34,5,554,249,32,67,1,1,-1,-1
34,8,635,361,50,91,1,2,-1,-1
34,9,659,345,49,60,1,10,-1,-1
34,10,665,202,18,71,1,1,-1,-1
34,12,730,213,17,51,1,1,-1,-1
34,13,741,197,25,70,1,1,-1,-1
34,14,902,635,74,119,1,1,-1,-1
34,15,868,251,34,104,1,1,-1,-1
34,16,1008,685,70,70,1,2,-1,-1
34,17,1008,616,91,129,1,1,-1,-1
34,21,1197,459,97,123,1,10,-1,-1
34,22,1206,431,84,119,1,2,-1,-1
34,23,1219,436,47,90,1,2,-1,-1
34,24,693,192,27,73,1,2,-1,-1
34,25,748,195,26,59,1,2,-1,-1
34,26,787,168,25,42,1,1,-1,-1
35,4,536,225,24,39,1,2,-1,-1
35,5,554,250,32,67,1,1,-1,-1
35,8,636,365,50,91,1,2,-1,-1
35,9,660,348,50,61,1,10,-1,-1
35,10,666,203,18,71,1,1,-1,-1
35,12,732,214,17,52,1,1,-1,-1
35,13,742,198,25,70,1,1,-1,-1
35,14,916,655,74,99,1,1,-1,-1
35,15,872,254,35,105,1,1,-1,-1
35,16,1021,696,70,70,1,2,-1,-1
35,17,1020,634,95,115,1,1,-1,-1
35,21,1200,459,96,123,1,10,-1,-1
35,22,1208,432,84,119,1,2,-1,-1
35,23,1224,436,47,90,1,2,-1,-1
35,24,693,193,28,74,1,2,-1,-1
35,25,749,195,27,62,1,2,-1,-1
35,26,788,169,25,43,1,1,-1,-1
36,4,536,226,24,39,1,2,-1,-1
36,5,553,251,32,68,1,1,-1,-1
36,8,637,369,50,91,1,2,-1,-1
36,9,661,351,51,63,1,10,-1,-1
36,10,667,204,18,72,1,1,-1,-1
36,12,731,215,17,53,1,1,-1,-1
36,13,743,199,26,70,1,1,-1,-1
36,14,929,675,74,79,1,1,-1,-1
36,15,875,256,37,107,1,1,-1,-1
36,17,1033,647,95,115,1,1,-1,-1
36,21,1203,460,95,123,1,10,-1,-1
36,22,1211,433,83,119,1,2,-1,-1
36,23,1230,436,47,90,1,2,-1,-1
36,24,694,194,28,74,1,2,-1,-1
36,25,750,196,27,63,1,2,-1,-1
36,26,788,171,26,42,1,1,-1,-1
37,4,536,228,24,38,1,2,-1,-1
37,5,553,253,32,69,1,1,-1,-1
37,8,638,374,50,93,1,2,-1,-1
37,9,661,355,51,64,1,10,-1,-1
37,10,668,205,18,73,1,1,-1,-1
37,12,731,216,16,54,1,1,-1,-1
37,13,744,200,27,70,1,1,-1,-1
37,14,943,695,74,59,1,1,-1,-1
37,15,879,259,37,108,1,1,-1,-1
37,21,1207,461,94,123,1,10,-1,-1
37,22,1216,433,82,119,1,2,-1,-1
37,23,1230,437,47,90,1,2,-1,-1
37,24,695,195,28,75,1,2,-1,-1
37,25,752,197,27,65,1,2,-1,-1
37,26,789,172,26,43,1,1,-1,-1
38,4,536,229,24,38,1,2,-1,-1
38,5,552,255,32,69,1,1,-1,-1
38,8,639,380,51,94,1,2,-1,-1
38,9,662,359,51,66,1,10,-1,-1
38,10,669,205,18,73,1,1,-1,-1
38,12,732,217,17,56,1,1,-1,-1
38,13,745,201,27,71,1,1,-1,-1
38,14,956,705,74,59,1,1,-1,-1
38,15,883,261,38,110,1,1,-1,-1
38,21,1211,462,93,123,1,10,-1,-1
38,22,1221,433,82,119,1,2,-1,-1
38,23,1231,438,47,90,1,2,-1,-1
38,24,694,195,29,75,1,2,-1,-1
38,25,754,198,27,65,1,2,-1,-1
38,26,790,174,26,43,1,1,-1,-1
39,4,537,231,24,38,1,2,-1,-1
39,5,552,257,32,70,1,1,-1,-1
39,8,639,385,52,95,1,2,-1,-1
39,9,662,363,52,67,1,10,-1,-1
39,10,670,205,18,73,1,1,-1,-1
39,12,734,219,17,57,1,1,-1,-1
39,13,747,202,26,72,1,1,-1,-1
39,15,887,264,39,111,1,1,-1,-1
39,21,1216,464,91,122,1,10,-1,-1
39,22,1226,433,82,119,1,2,-1,-1
39,23,1232,440,47,90,1,2,-1,-1
39,24,694,195,29,76,1,2,-1,-1
39,25,757,200,26,64,1,2,-1,-1
39,26,790,175,26,44,1,1,-1,-1
40,4,535,232,25,38,1,2,-1,-1
40,5,551,260,32,70,1,1,-1,-1
40,8,639,390,53,97,1,2,-1,-1
40,9,663,368,52,68,1,10,-1,-1
40,10,669,207,18,73,1,1,-1,-1
40,12,731,221,17,58,1,1,-1,-1
40,13,747,203,25,73,1,1,-1,-1
40,15,891,267,40,112,1,1,-1,-1
40,21,1218,465,91,122,1,10,-1,-1
40,22,1229,434,82,118,1,2,-1,-1
40,23,1234,441,47,90,1,2,-1,-1
40,24,693,196,30,77,1,2,-1,-1
40,25,757,201,26,64,1,2,-1,-1
40,26,791,177,26,44,1,1,-1,-1
41,4,533,233,26,38,1,2,-1,-1
41,5,550,263,32,71,1,1,-1,-1
41,8,640,395,54,99,1,2,-1,-1
41,9,663,372,53,69,1,10,-1,-1
41,10,668,209,18,73,1,1,-1,-1
41,12,732,223,17,58,1,1,-1,-1
41,13,747,204,25,74,1,1,-1,-1
41,15,892,271,40,114,1,1,-1,-1
41,21,1221,467,90,122,1,10,-1,-1
41,22,1232,435,82,118,1,2,-1,-1
41,23,1236,442,47,90,1,2,-1,-1
41,24,693,198,30,77,1,2,-1,-1
41,25,758,202,25,65,1,2,-1,-1
41,26,792,178,26,45,1,1,-1,-1
42,4,532,235,27,38,1,2,-1,-1
42,5,550,267,31,71,1,1,-1,-1
42,8,640,401,54,101,1,2,-1,-1
42,9,663,376,54,70,1,10,-1,-1
42,10,668,211,18,74,1,1,-1,-1
42,12,733,226,18,58,1,1,-1,-1
42,13,747,206,25,74,1,1,-1,-1
42,15,893,276,41,115,1,1,-1,-1
42,21,1224,469,90,122,1,10,-1,-1
42,22,1235,436,83,118,1,2,-1,-1
42,23,1239,443,47,90,1,2,-1,-1
42,24,693,200,31,78,1,2,-1,-1
42,25,759,203,25,66,1,2,-1,-1
42,26,792,180,27,45,1,1,-1,-1
43,4,528,236,27,38,1,2,-1,-1
43,5,545,268,31,72,1,1,-1,-1
43,8,640,407,55,103,1,2,-1,-1
43,9,664,381,54,71,1,10,-1,-1
43,10,666,213,18,75,1,1,-1,-1
43,12,729,227,19,58,1,1,-1,-1
43,13,745,207,24,74,1,1,-1,-1
43,15,894,281,42,117,1,1,-1,-1
43,21,1224,468,89,121,1,10,-1,-1
43,22,1233,436,83,118,1,2,-1,-1
43,23,1238,443,47,90,1,2,-1,-1
43,24,693,202,31,78,1,2,-1,-1
43,25,756,204,26,66,1,2,-1,-1
43,26,793,181,27,46,1,1,-1,-1
44,4,524,238,27,38,1,2,-1,-1
44,5,540,270,32,73,1,1,-1,-1
44,8,637,413,55,105,1,2,-1,-1
44,9,661,387,54,71,1,10,-1,-1
44,10,664,215,18,76,1,1,-1,-1
44,12,726,229,19,58,1,1,-1,-1
44,13,743,208,24,75,1,1,-1,-1
44,15,895,286,43,118,1,1,-1,-1
44,21,1224,468,89,120,1,10,-1,-1
44,22,1231,437,83,117,1,2,-1,-1
44,23,1237,443,47,90,1,2,-1,-1
44,24,693,204,32,79,1,2,-1,-1
44,25,754,206,26,65,1,2,-1,-1
44,26,794,183,27,46,1,1,-1,-1
45,4,520,239,27,38,1,2,-1,-1
45,5,535,271,32,74,1,1,-1,-1
45,8,635,419,55,107,1,2,-1,-1
45,9,658,394,55,71,1,10,-1,-1
45,10,663,218,18,76,1,1,-1,-1
45,12,723,231,19,58,1,1,-1,-1
45,13,741,209,24,76,1,1,-1,-1
45,15,896,291,44,120,1,1,-1,-1
45,21,1224,467,88,120,1,10,-1,-1
45,22,1229,437,83,117,1,2,-1,-1
45,23,1236,443,47,90,1,2,-1,-1
45,24,687,205,31,80,1,2,-1,-1
45,25,752,208,26,64,1,2,-1,-1
45,26,790,179,27,50,1,1,-1,-1
46,4,516,241,27,38,1,2,-1,-1
46,5,531,273,32,75,1,1,-1,-1
46,8,630,425,56,108,1,2,-1,-1
46,9,650,398,58,72,1,10,-1,-1
46,10,656,219,19,77,1,1,-1,-1
46,12,720,233,19,58,1,1,-1,-1
46,13,739,210,24,77,1,1,-1,-1
46,15,894,294,45,121,1,1,-1,-1
46,21,1224,467,88,119,1,10,-1,-1
46,22,1228,438,83,116,1,2,-1,-1
46,23,1236,444,47,90,1,2,-1,-1
46,24,682,207,30,80,1,2,-1,-1
46,25,750,210,27,63,1,2,-1,-1
46,26,786,176,27,53,1,1,-1,-1
47,4,507,242,27,38,1,2,-1,-1
47,5,520,276,32,76,1,1,-1,-1
47,8,623,433,56,110,1,2,-1,-1
47,9,643,403,59,74,1,10,-1,-1
47,10,649,221,20,77,1,1,-1,-1
47,12,713,234,20,58,1,1,-1,-1
47,13,733,212,24,77,1,1,-1,-1
47,15,892,297,46,123,1,1,-1,-1
47,21,1216,466,87,119,1,10,-1,-1
47,22,1219,437,83,116,1,2,-1,-1
47,23,1227,443,47,90,1,2,-1,-1
47,24,677,209,29,80,1,2,-1,-1
47,25,745,212,26,62,1,2,-1,-1
47,26,781,177,24,53,1,1,-1,-1
48,4,498,244,27,37,1,2,-1,-1
48,5,510,279,32,77,1,1,-1,-1
48,8,616,441,57,112,1,2,-1,-1
48,9,637,409,59,76,1,10,-1,-1
48,10,643,223,20,78,1,1,-1,-1
48,12,707,235,20,58,1,1,-1,-1
48,13,728,214,24,78,1,1,-1,-1
48,15,891,301,46,124,1,1,-1,-1
48,21,1208,465,87,119,1,10,-1,-1
48,22,1211,437,83,115,1,2,-1,-1
48,23,1219,442,47,90,1,2,-1,-1
48,24,672,211,28,80,1,2,-1,-1
48,25,740,214,25,62,1,2,-1,-1
48,26,776,178,22,54,1,1,-1,-1
49,4,490,245,27,38,1,2,-1,-1
49,5,500,282,31,78,1,1,-1,-1
49,8,609,449,58,115,1,2,-1,-1
49,9,630,414,61,78,1,10,-1,-1
49,10,634,224,21,79,1,1,-1,-1
49,12,699,237,20,58,1,1,-1,-1
49,13,718,216,25,79,1,1,-1,-1
49,15,886,304,47,126,1,1,-1,-1
49,21,1200,464,87,119,1,10,-1,-1
49,22,1203,437,83,114,1,2,-1,-1
49,23,1211,441,47,90,1,2,-1,-1
49,24,664,212,29,81,1,2,-1,-1
49,25,735,216,24,62,1,2,-1,-1
49,26,767,180,25,48,1,1,-1,-1
50,4,481,247,27,37,1,2,-1,-1
50,5,490,285,31,79,1,1,-1,-1
50,8,603,456,59,117,1,2,-1,-1
50,9,624,420,61,80,1,10,-1,-1
50,10,626,226,21,79,1,1,-1,-1
50,12,691,239,20,58,1,1,-1,-1
50,13,709,219,25,79,1,1,-1,-1
50,15,882,308,48,127,1,1,-1,-1
50,21,1193,463,86,119,1,10,-1,-1
50,22,1195,437,83,114,1,2,-1,-1
50,23,1203,440,47,91,1,2,-1,-1
50,24,657,214,29,81,1,2,-1,-1
50,25,726,218,24,63,1,2,-1,-1
50,26,759,182,24,47,1,1,-1,-1
51,4,472,248,27,37,1,2,-1,-1
51,5,480,289,31,79,1,1,-1,-1
51,8,598,463,59,119,1,2,-1,-1
51,9,617,425,62,82,1,10,-1,-1
51,10,618,228,21,80,1,1,-1,-1
51,12,684,241,20,58,1,1,-1,-1
51,13,700,222,25,80,1,1,-1,-1
51,15,879,312,50,129,1,1,-1,-1
51,21,1193,462,84,119,1,10,-1,-1
51,22,1192,436,83,113,1,2,-1,-1
51,23,1202,440,46,90,1,2,-1,-1
51,24,650,216,29,82,1,2,-1,-1
51,25,718,220,24,65,1,2,-1,-1
51,26,751,185,24,45,1,1,-1,-1
51,27,752,206,23,39,1,2,-1,-1
52,4,464,250,27,37,1,2,-1,-1
52,5,473,292,33,79,1,1,-1,-1
52,8,593,470,59,121,1,2,-1,-1
52,9,611,431,63,84,1,10,-1,-1
52,10,614,230,21,80,1,1,-1,-1
52,12,681,243,20,57,1,1,-1,-1
52,13,697,224,26,80,1,1,-1,-1
52,15,877,317,51,131,1,1,-1,-1
52,21,1193,462,82,118,1,10,-1,-1
52,22,1190,436,83,111,1,2,-1,-1
52,23,1201,440,46,90,1,2,-1,-1
52,24,644,218,29,82,1,2,-1,-1
52,25,716,221,24,67,1,2,-1,-1
52,26,749,187,24,45,1,1,-1,-1
52,27,749,208,23,39,1,2,-1,-1
53,4,462,252,27,37,1,2,-1,-1
53,5,467,296,34,78,1,1,-1,-1
53,8,588,477,59,123,1,2,-1,-1
53,9,609,438,65,86,1,10,-1,-1
53,10,610,233,22,80,1,1,-1,-1
53,12,678,245,21,57,1,1,-1,-1
53,13,695,226,26,81,1,1,-1,-1
53,15,880,323,52,132,1,1,-1,-1
53,21,1193,462,80,117,1,10,-1,-1
53,22,1187,435,83,110,1,2,-1,-1
53,23,1200,440,46,89,1,2,-1,-1
53,24,638,220,29,83,1,2,-1,-1
53,25,714,223,24,69,1,2,-1,-1
53,26,747,189,24,46,1,1,-1,-1
53,27,746,211,24,39,1,2,-1,-1
54,4,460,255,27,37,1,2,-1,-1
54,5,465,299,35,78,1,1,-1,-1
54,8,586,486,59,121,1,2,-1,-1
54,9,608,445,66,88,1,10,-1,-1
54,10,606,235,23,81,1,1,-1,-1
54,12,675,247,21,57,1,1,-1,-1
54,13,693,228,26,81,1,1,-1,-1
54,15,883,329,53,134,1,1,-1,-1
54,21,1193,462,78,116,1,10,-1,-1
54,22,1185,435,83,108,1,2,-1,-1
54,23,1199,440,46,89,1,2,-1,-1
54,24,636,222,30,83,1,2,-1,-1
54,25,712,225,24,70,1,2,-1,-1
54,26,745,191,24,47,1,1,-1,-1
54,27,743,213,24,40,1,2,-1,-1
55,4,458,257,27,37,1,2,-1,-1
55,5,463,302,37,79,1,1,-1,-1
55,8,584,495,59,119,1,2,-1,-1
55,9,607,452,67,90,1,10,-1,-1
55,10,603,238,23,81,1,1,-1,-1
55,12,673,249,21,57,1,1,-1,-1
55,13,691,230,26,82,1,1,-1,-1
55,15,886,336,54,134,1,1,-1,-1
55,21,1194,462,75,116,1,10,-1,-1
55,22,1183,435,83,106,1,2,-1,-1
55,23,1198,441,46,88,1,2,-1,-1
55,24,635,224,30,84,1,2,-1,-1
55,25,710,227,24,72,1,2,-1,-1
55,26,743,194,24,47,1,1,-1,-1
55,27,741,216,24,40,1,2,-1,-1
56,4,456,260,27,37,1,2,-1,-1
56,5,461,305,38,79,1,1,-1,-1
56,8,584,504,61,123,1,2,-1,-1
56,9,607,458,66,92,1,10,-1,-1
56,10,602,241,24,81,1,1,-1,-1
56,12,673,252,21,57,1,1,-1,-1
56,13,691,232,26,82,1,1,-1,-1
56,15,889,342,55,136,1,1,-1,-1
56,21,1193,463,78,116,1,10,-1,-1
56,22,1186,435,83,108,1,2,-1,-1
56,23,1199,441,46,89,1,2,-1,-1
56,24,635,226,30,85,1,2,-1,-1
56,25,711,229,23,74,1,2,-1,-1
56,26,744,197,24,48,1,1,-1,-1
56,27,741,220,24,39,1,2,-1,-1
57,4,454,262,27,37,1,2,-1,-1
57,5,459,308,40,80,1,1,-1,-1
57,8,585,514,63,126,1,2,-1,-1
57,9,607,464,66,94,1,10,-1,-1
57,10,601,244,25,81,1,1,-1,-1
57,12,673,255,21,57,1,1,-1,-1
57,13,691,234,27,83,1,1,-1,-1
57,15,893,349,55,137,1,1,-1,-1
57,21,1193,464,80,117,1,10,-1,-1
57,22,1189,435,84,110,1,2,-1,-1
57,23,1200,442,46,90,1,2,-1,-1
57,24,635,228,31,86,1,2,-1,-1
57,25,712,232,23,75,1,2,-1,-1
57,26,745,201,24,48,1,1,-1,-1
57,27,741,224,25,38,1,2,-1,-1
58,4,452,265,27,37,1,2,-1,-1
58,5,458,312,41,80,1,1,-1,-1
58,8,586,524,65,130,1,2,-1,-1
58,9,610,470,67,95,1,10,-1,-1
58,10,601,247,25,82,1,1,-1,-1
58,12,673,258,21,57,1,1,-1,-1
58,13,691,236,28,84,1,1,-1,-1
58,15,898,358,55,137,1,1,-1,-1
58,21,1193,466,82,117,1,10,-1,-1
58,22,1194,437,84,110,1,2,-1,-1
58,23,1201,443,47,91,1,2,-1,-1
58,24,636,231,31,86,1,2,-1,-1
58,25,713,235,23,77,1,2,-1,-1
58,26,746,205,25,48,1,1,-1,-1
58,27,742,229,25,36,1,2,-1,-1
